4.656933514661325962e-03 5.657765148442364016e-04 4.749768141255045336e-04 2.272344082863118203e-03 5.216290236083716107e-03 2.242929207321674862e-02 7.693011949272435257e-02 2.050886273953686778e-01 4.056585566175289204e-01 2.217764845449197719e-01 2.887547684642107620e-02 2.605512186724261159e-02
1.684096546419328044e-02 6.906260953737733410e-02 2.812137275536463754e-01 6.325669791800422881e-02 4.372981019871973185e-01 8.101803878889218824e-02 3.408177080280312687e-02 8.072409403569177216e-03 2.907267934415056453e-03 6.461505476465976248e-04 1.412736188552875943e-03 4.189523873702841530e-03
7.009416070611471095e-02 4.755732084843571073e-02 5.425513405335051845e-03 1.889719915853873633e-03 6.494131808594650647e-03 8.064238111513619134e-02 7.220421333968080058e-02 3.805365161890803538e-01 1.858961287531328554e-01 4.039691019563971391e-02 4.398635456984193587e-02 6.487664915315416447e-02
3.326970491086694848e-02 1.971570367469774321e-02 3.781551957346955817e-01 4.102330284792109205e-02 4.911276430977437775e-03 7.364359252201842319e-04 1.727986515397650867e-04 3.002838184902647525e-04 5.921910834755892729e-03 9.252138141784954639e-02 3.564067060276120413e-01 6.686529972537348654e-02
7.960911116809410437e-02 2.510399032909729766e-01 4.931764819266820088e-01 9.708866641180341484e-02 1.777542335607940061e-02 3.587757096305350946e-02 3.665067726221347966e-03 1.602588424687341126e-03 3.670592318381714521e-03 5.493473647138324284e-03 3.184119299031754665e-03 7.817001467854252372e-03
3.040473434852270992e-02 3.290221442632892263e-02 7.426242743740418817e-02 1.845262610247791479e-02 1.163141188331979700e-02 1.084967579264389456e-02 1.442754666917603519e-02 4.156124831643671913e-02 7.427043240037740912e-02 2.785712848800684927e-01 2.742204291859527965e-01 1.384459685572910770e-01
3.808501566810604255e-02 1.611032485699095615e-02 7.134036328527083859e-03 3.800465680059456498e-03 4.592500551851912485e-03 3.158091849730816116e-03 4.098715759809159337e-03 3.144056222726241204e-03 4.319193687355086728e-03 4.602909499188261033e-02 4.354403522990228925e-01 4.340881521039376967e-01
2.154755714411786028e-04 1.723241425667228167e-04 1.044539887184299748e-04 4.340641002660002652e-04 5.188103808467041042e-03 4.676049345800792345e-02 2.570155733770451145e-01 3.368293235721194212e-01 3.042646448173711438e-01 3.655463787768597345e-02 1.051627730030862441e-02 1.944627986002287184e-03
1.859154011798524464e-01 6.134374712612383762e-02 2.319776476026717826e-02 4.170442473751959783e-02 1.425463060528402992e-01 7.835339893139728340e-02 1.666563631019121194e-01 7.182349799901896481e-02 5.437374760700403736e-03 2.048523080385349082e-02 1.067513302865988889e-01 9.578516025991538896e-02
3.031927201766069224e-01 8.305303652543069570e-02 2.719700679246582833e-02 5.979379102993305668e-03 7.329044783546831421e-03 1.633984218733263924e-03 1.490171264313175500e-03 6.905547376031934484e-03 2.524560796815467426e-02 2.559017138301701300e-01 8.612973488822692203e-02 1.959420530733264054e-01
6.023548678663388084e-02 6.342050434824396399e-02 8.408677767244904233e-02 1.055767075092063460e-02 3.360637068387233028e-03 8.778924794333321791e-03 7.127174810880815281e-02 2.791561469110541149e-01 6.128923744860925726e-02 4.966736820973890326e-02 8.364883020373284350e-02 2.245266676970887332e-01
5.916345806004026653e-02 5.879067060459052252e-01 1.893887429052057980e-01 3.866812933828273763e-02 2.826028188102245459e-02 8.239480546954448814e-02 7.543540216970116841e-03 7.027731689644829910e-04 5.668765188229488074e-04 2.573467589170768451e-04 7.970155762542850512e-04 4.350324060070192775e-03
1.377068366988990107e-02 3.204775589261248288e-03 1.403118433440774448e-03 2.155813256249097809e-03 2.652657329888912299e-03 2.065077233126059314e-02 3.053426931833908564e-01 3.611389459197790752e-01 6.153983363106620835e-02 2.606127134370894022e-02 9.871668953901183152e-02 1.033627457730526278e-01
1.002411824578290644e-02 1.197199573569654452e-01 5.665724619589769251e-01 2.368670263175514656e-01 3.727230066626206068e-02 2.213629858300446285e-02 1.775562502999587788e-03 5.370566556697950987e-04 1.619612104144500949e-04 5.908782318569235021e-04 8.173919577890712473e-04 3.524986312726555073e-03
9.500101319845011966e-03 4.846896461835328851e-02 5.334388744575657010e-02 6.164514409257554339e-02 2.188390588888579902e-01 2.580405356720457122e-01 2.564631813472754152e-01 6.033906471357314283e-02 1.095803804856781798e-02 9.416054246809208578e-03 1.006586473397668748e-02 2.920104872363680180e-03
7.869838342292229116e-02 1.447108805126123277e-01 1.028219946424402675e-01 4.201606053954195508e-01 3.001115753347268281e-02 3.745597880074751605e-03 7.614988405539141166e-04 3.683955044426761357e-03 1.538661039989663512e-02 1.770025897280469440e-02 5.147625126473079349e-02 1.308428060906456913e-01
2.167747434109819071e-01 8.232515926560964037e-02 9.262411499033021411e-03 1.463001107789374880e-03 3.829155307883573881e-04 5.475621812899011953e-04 1.557212262138053327e-04 1.185913691732817782e-04 1.095205653848617313e-03 1.133321976461157399e-02 1.018159607925632759e-01 5.747255081980970903e-01
7.390368066728955285e-03 1.895267252662395088e-04 6.405363639193365627e-03 9.644879416583422137e-04 3.575669247087119714e-04 1.289990208301154510e-03 2.794986723557687895e-03 1.040946792626890917e-02 7.692298781341140590e-02 1.276387003210381899e-01 5.931664582248643569e-01 1.724700954850029722e-01
1.599089033072926269e-01 1.097559144179973412e-01 8.706178881312170992e-02 7.524839546592705306e-03 5.863584200496117782e-03 4.733318401796051539e-02 4.271759811078907343e-01 2.029633812313457603e-02 3.299964677542961255e-03 3.315469913299917172e-03 1.855229858807667595e-02 1.099117332865942598e-01
1.006131968349955122e-02 1.413695514407172227e-01 1.692262584386094448e-01 9.637952523110018821e-02 7.091390755758511522e-02 2.517817138645769282e-01 2.020975824448168479e-01 4.828813951706608515e-02 6.828640306339195734e-03 1.262919598460897526e-03 2.137297306549721938e-04 1.576712186573739176e-03
5.428273538975524753e-02 7.718333434422944284e-02 6.843187638159882458e-02 2.783304933026978581e-02 4.880583783121451337e-03 2.020047910239936018e-03 1.310434340575060072e-02 7.521936950552390866e-02 3.511638247599017104e-01 1.984498688496775243e-01 5.194697097167547822e-02 7.548399536825575740e-02
2.949352015627039404e-04 4.548342535996083703e-04 5.091626382369176390e-03 1.043718342105657421e-01 4.433387520564923134e-01 1.613825816535559288e-01 2.585770060900726142e-01 2.174794578711439219e-02 3.289730912646159858e-03 4.675502614802334151e-04 4.668133595574428516e-04 5.163898309839606978e-04
2.519402466380785133e-02 1.196735046982470635e-03 1.677816961248204512e-04 4.508421993539894431e-05 1.829385374892175377e-05 7.442894878116715655e-05 2.366167145396321468e-04 4.226556189066954495e-04 2.272731483609691412e-03 3.436699185112136734e-02 4.888497125657387254e-01 4.471549433367033588e-01
1.416918955257487865e-02 3.595486168897282179e-03 8.872253208738864819e-03 3.681955055491288598e-02 8.488550602445055215e-02 5.066540395593850665e-02 1.080862409970970439e-01 3.431926118849636387e-01 1.006537539932546854e-01 1.192481289141082146e-01 5.832439562751766393e-02 7.148747911754609052e-02
6.498186070268500980e-02 2.487180831904577116e-02 9.863872331413042760e-02 3.267526383989068917e-01 7.904158586534408559e-02 1.113652594141454656e-02 7.754436659078916411e-03 1.816862791785561759e-02 7.736145869079855131e-02 1.240343125165430660e-01 9.587057636711379671e-02 7.138744530708324154e-02
1.749646618595447622e-02 1.478503747552054048e-02 4.583914471219655007e-02 3.274403951263564830e-03 2.056004890007749521e-03 2.639062820713693365e-03 3.094280450628435208e-02 3.723429172480435811e-02 1.772112555587515015e-01 1.946000621894695692e-01 3.760678833077446548e-01 9.785358267728921922e-02
6.368617741957674494e-02 2.397603095592656386e-01 4.867626434969977156e-01 6.349815765760104258e-02 2.036020708638786730e-02 7.742215653216328458e-03 4.358117496025083748e-03 7.802869891698567886e-03 5.424863080517546010e-03 1.141875745372058701e-02 3.768234941550034633e-02 5.150333178949289409e-02
1.699498964586674543e-01 5.545360433859820859e-02 5.251030498573811857e-03 4.097193373509253750e-03 5.081888648937412821e-04 1.793080129548149670e-04 1.587369012012687815e-04 1.381102157703886888e-04 6.751526781903095104e-04 8.478962385896118489e-03 1.792536073142698139e-01 5.758562089574748022e-01
4.226013334040993469e-04 8.277065642023332835e-04 1.171063988578930921e-03 3.856787504641590644e-03 8.894003361662032939e-03 4.071121563736151971e-02 1.162877377733423506e-01 7.153768965893435583e-01 7.411970114661597941e-02 3.296531806617416377e-02 4.630878561157709440e-03 7.360894735159103936e-04
4.281960119736040655e-05 5.576326747927322879e-04 8.534267843046876995e-03 7.967549985537035473e-02 4.980104017427006147e-01 3.254650906857161630e-01 5.720358050311631637e-02 2.590670979156257936e-02 3.203111007755490500e-03 1.133130478409037634e-03 2.411846323687685963e-04 2.657118396364088056e-05
3.766763402136741670e-03 1.185355553116795684e-02 9.704020300030155588e-02 5.174415403740499908e-01 1.090286793947150557e-01 1.451465263063320132e-01 8.677603597918452649e-02 1.709179927483497202e-02 7.422634184848397876e-03 1.460604142983540701e-03 1.481634200380459090e-03 1.490024209065088975e-03
1.251179734139034327e-01 4.578236211716663062e-02 8.301264755069405477e-03 1.694784324107136923e-03 7.329195935871426083e-04 1.124313728749458180e-03 3.001435101104956761e-04 1.364527617360729739e-03 5.533920785704311840e-03 6.398485633228645497e-02 1.750825214874145164e-01 5.709804123345404436e-01
1.470232293066857160e-03 7.216778607418077723e-03 1.149298474241656001e-02 4.455651936672706120e-02 2.515999778415091148e-01 4.871017189624131105e-01 1.576983035924411913e-01 3.252685892711622978e-02 3.317588679273888660e-03 6.943453938769482761e-04 1.237802275925812667e-03 1.086889317814927758e-03
1.633263844029165246e-01 4.768572445954900180e-02 8.149402154405828436e-03 4.186828124633432124e-03 1.556855019707740345e-02 1.163561923007264964e-01 2.392852983886704366e-01 5.536293738599108727e-02 9.567560629358645707e-02 5.971635935174739868e-02 3.953636275708547615e-02 1.551503541836103950e-01
2.809347104087197428e-02 4.058600504266854370e-02 2.040043062928078577e-01 2.274355793897515632e-01 4.259913120967816907e-02 1.284917909581431705e-01 1.204227989084367956e-01 1.563430480234848374e-01 2.331560105662853696e-02 1.630856598431620202e-02 4.004622461708166707e-03 8.395079631504136913e-03
1.295996934337650432e-05 2.061941220210826214e-04 3.541624638880463884e-03 7.447957881697316561e-03 1.437082707119990144e-01 2.164011998076471877e-01 5.644594915118612555e-01 5.939378973697688469e-02 4.487350984012337084e-03 3.052880743716684595e-04 1.805770813204132693e-05 1.781485305775024140e-05
2.756448980393488291e-01 1.404891447072566246e-01 3.066600889772627334e-02 7.208249983178161187e-03 5.758284746774504012e-03 5.037822685736814687e-02 4.456849869258582703e-02 9.606090055551591567e-02 3.999116711908841382e-02 4.435845260048894984e-02 9.298672546676277351e-02 1.718894423339055733e-01
1.470314626072381781e-01 2.357268281331983406e-01 1.058122546436108258e-01 1.636793839739889844e-01 2.211683646351415289e-01 4.791328193220643211e-02 1.673358032797194264e-02 1.072340346566657762e-02 6.905689258787442442e-03 9.793707540554644903e-03 8.975670149565934119e-03 2.553637333206922738e-02
9.883192699360675119e-04 3.417639414851248066e-03 9.939153076570419326e-03 5.967369254731060696e-02 1.172247782453991471e-01 2.038695468935149968e-01 1.168585915469639858e-01 2.205149155060012744e-01 1.275631516011298539e-01 1.296211197534955784e-01 8.856942991253412278e-03 1.472149153573559972e-03
4.410712588264227921e-03 2.929437654291362856e-03 2.091880288777192218e-03 2.636233579171688018e-03 4.330630513591334635e-03 1.387118959520139937e-02 1.855583133900268189e-01 5.188658089069818624e-01 1.242607469703951861e-01 1.152954434316921517e-01 2.279369471841611455e-02 2.955908363191089329e-03
3.094833539980178152e-03 4.387316348123043025e-03 2.350760729701874274e-02 4.893936899509924304e-02 1.063091374595816485e-01 6.245685095425514977e-01 1.786471622972870543e-01 9.016882497122492846e-03 1.048949483382591742e-03 1.809250183898939031e-04 3.333640542925690590e-05 2.659711160343280253e-04
2.722278825724671215e-03 1.106843724068043086e-02 4.322415292256760744e-02 3.924081751150579334e-01 8.338966827538296656e-02 3.534928471873632211e-02 5.525890084297676794e-03 1.667089073391268828e-02 1.956882777797744888e-01 1.935363393365119866e-01 1.492390704959544422e-02 5.492697917757890028e-03
4.012720013311716488e-02 1.885824301389752919e-02 1.471174295831381706e-02 1.877992043980449477e-03 1.766459887821112372e-03 7.906932293182017055e-03 4.390725546588022943e-02 6.971541959392230092e-02 4.066793151117125138e-01 8.073701751401869686e-02 1.965603518095020430e-01 1.171520701746522342e-01
7.511995452211340032e-03 8.919577042514707788e-02 5.285336378448701744e-01 1.433134988192327208e-01 7.046901526767958279e-02 9.139608074241856173e-02 1.553619343031316553e-02 4.323527315734152117e-03 2.083738557062482424e-03 3.276556983375462917e-02 1.396814232068548274e-02 9.028299908907187190e-04
3.100516497399989913e-01 1.338809464435239960e-01 2.101866776423202410e-01 1.701984426715931198e-01 3.586447880875692079e-02 1.354369496415911908e-02 1.639250710525851432e-02 4.298359472066796971e-03 3.012900391521527652e-03 1.305555626012206913e-02 1.453885170301937729e-02 7.497593479765961300e-02
1.211765060660585230e-01 6.585471417406475736e-02 8.486828998886701558e-02 1.956670253026111528e-01 2.571405706497807420e-01 1.905715828834957798e-02 4.614064431977388941e-03 2.512936543666400430e-03 4.674484235551390476e-03 8.472856588814772077e-03 3.055128108018655836e-02 2.054101126500716967e-01
4.577724575111270511e-01 5.794847324128502702e-02 2.203587092283610382e-01 6.458129864668146758e-02 5.622679576545329405e-02 5.280566628241074867e-02 1.883759830128874449e-02 1.690120076257566484e-03 8.922233395204717810e-04 2.004972527270226876e-03 8.513151238398502380e-03 5.836853384194572170e-02
1.165032781666137385e-01 7.819142352082084635e-01 7.356854043137436849e-02 5.317880353908232237e-03 1.767346244322555177e-03 5.222149609802672699e-04 1.856042929154214582e-04 9.847547214250709519e-04 2.335733265363971675e-03 3.763830173949794800e-03 4.105528719579604885e-03 9.031053461358327233e-03
5.359670810493998711e-02 4.553999159992309920e-02 6.505353448549763828e-02 6.950619457948703506e-02 6.261723133531681140e-02 1.225195812164822096e-01 7.141253687085774571e-02 1.606844123012394765e-01 9.361042045698769742e-02 1.256047221439558492e-01 8.299714228511331782e-02 4.685752462019941028e-02
9.885835328660805971e-04 1.359617664710137007e-04 2.699571562929098520e-04 3.124030965008937205e-03 1.210380189046124377e-02 4.356245100170626043e-03 1.605738959301559673e-02 1.102301262847059371e-01 4.489303333098481619e-01 3.059649921493548530e-01 9.072145065453257606e-02 7.117127597271991415e-03
1.180953144108404101e-01 4.362191584170949793e-02 5.188403896004990974e-03 2.766779075839235092e-03 3.081394198497672612e-03 2.282246078307806694e-02 2.644897869778792265e-02 6.528554005239214919e-02 1.838547016413950574e-01 1.729540263359964358e-01 1.184488030459066449e-01 2.374316820205520928e-01
7.398275781209003032e-03 3.859310918316532363e-02 1.205241599663572638e-01 4.132115159414144756e-01 2.152686399144710105e-01 1.542697186854333213e-01 3.815809570204575785e-02 5.969811401544755994e-03 3.431042264600525984e-03 2.192580772254953741e-04 5.940818771490507600e-04 2.362291205384097620e-03
2.244084770585288990e-02 6.655109214067086998e-02 3.725647836668400936e-01 7.561988750625792122e-02 2.570846155481429363e-01 1.695473906794074115e-01 1.823390781190202883e-02 4.861267104252731293e-03 3.046687934194023534e-03 1.379938471145006297e-03 2.072243058419913526e-03 6.597338372914358581e-03
1.039631931764015832e-02 5.899219728371628453e-03 3.456910521716616280e-02 6.801596999916419140e-02 2.887734272728040633e-02 2.515005664937056684e-01 2.201109489720218249e-01 2.149551303921614920e-01 7.888682344451120043e-02 2.496905776764692109e-02 3.227083519361096525e-02 2.954868074671939543e-02
2.330546871589285196e-01 8.057754207125089607e-02 1.616973005719170298e-02 5.113424720519646645e-03 1.570906286647518173e-03 3.791805846551732449e-03 7.172690020597753333e-03 4.061915877161733149e-03 2.387701724530859326e-02 4.652792337135572276e-02 1.571454864407673402e-01 4.209368709037190626e-01
1.933891916629650598e-01 8.187107950675849566e-02 1.313583587700574082e-02 3.495098235508928199e-03 1.378578033294784559e-03 1.727504678166138412e-04 1.483612839913532318e-04 1.388203409462699820e-03 1.491772986824279300e-02 1.674909078874195212e-01 1.207223130116369808e-01 4.018899507558970630e-01
2.792203224570743991e-01 4.975330165156488516e-01 1.391062347291298906e-01 1.514086591484999425e-02 8.721842873544917440e-03 1.327224262076871168e-03 5.492534244873005424e-04 1.517180981999588117e-03 1.169421754312517832e-02 5.884193647943668573e-03 7.359102227385911493e-03 3.194654542273339670e-02
1.747732927376346394e-03 5.717952108932798649e-03 1.427986073796036308e-02 1.227752277899932798e-01 3.664768357907793872e-01 2.400083276084334985e-02 3.422928782789502918e-03 7.342555838058041975e-03 8.478804342867347910e-02 3.334952425004335530e-01 3.271742227827226235e-02 3.235365055887662149e-03
5.880502159681367212e-04 1.861289876714940738e-04 5.432730211226570233e-05 3.692688384248396082e-05 4.670767058652322838e-04 3.525642346684712894e-03 1.915686393161792136e-02 2.270418531667915685e-01 6.184110530511558457e-01 1.012455579995504007e-01 2.732639263770476890e-02 1.960126771035041772e-03
2.762512743626907227e-02 1.305812673135828966e-02 8.382269221105374812e-03 6.059620892480339222e-02 3.367097904481465565e-02 6.951968511208990453e-02 6.200190658185254777e-02 5.410185972219608980e-02 1.161480972890207436e-01 9.717585375922650759e-02 1.938997361331421809e-01 2.638201500441216263e-01
2.227115926402965405e-04 8.648515871127749862e-04 1.374710120463952523e-02 5.457215398795910166e-02 3.791396076620637268e-02 2.588065280263944223e-01 9.552412521438856385e-02 4.800461978867814894e-01 4.721353652031767822e-02 9.217515376317047746e-03 1.637204639818648326e-03 2.341131974244886084e-04
2.994118235112215587e-02 3.928437803171921233e-02 7.159708916698112255e-03 4.395762468074592214e-03 2.681645382154436430e-02 8.803924582305233670e-02 1.561788986794463430e-01 2.207132078495870342e-01 1.774725133945698752e-01 1.896025983793436231e-01 2.595588912878375731e-02 3.444016115605859352e-02
2.957383486913335857e-01 1.439511820423057531e-01 1.348327734067369769e-02 9.790841217613198508e-04 1.574127013477849188e-04 4.764502776454245078e-05 3.089221893007071027e-04 5.596065319331411034e-03 4.221597591950143613e-02 3.110141394981748575e-01 1.046081070563020521e-01 8.189984009220288574e-02
4.179613841860956025e-02 3.788389362351199906e-03 2.352402442892248882e-03 3.003220364454112744e-03 3.027523218982463085e-03 8.967362328091890017e-03 1.822498005448656283e-02 2.190845366708441336e-02 6.217569185570651774e-02 1.242735090718363189e-01 5.000264320420220177e-01 2.104558971734829809e-01
2.452152068214005082e-02 3.938649120671601847e-03 1.301104793460182082e-03 3.224094882070356258e-04 1.558842309747926372e-04 1.618159882740716768e-04 6.618435248859814253e-04 1.944033797675675905e-03 1.490628319732629874e-02 7.156435319068313317e-02 5.619400528526763416e-01 3.185820491330250137e-01
2.287107083904771354e-01 3.801151653050451051e-02 4.881928651805637898e-03 3.786161817757442726e-04 2.069790158631549853e-04 1.599407386599966839e-04 9.245372448857035273e-04 9.304126071429828435e-03 1.361855087479199936e-02 9.781583567028670489e-02 2.132547120693482623e-01 3.927325485601712018e-01
1.033917303286005784e-01 3.203674187024205949e-02 9.526634567423820921e-02 9.922425248567678935e-02 1.330531574741940226e-01 2.888615244389849956e-02 3.231226884953905532e-03 7.989484349093257378e-04 5.388006476762709912e-03 1.251565735005583969e-02 6.897861079628841985e-02 4.172291697801798205e-01
7.920446257843881703e-04 5.582067226186938555e-03 1.134597182426468065e-02 4.730665625708433547e-02 1.112031255307140976e-01 1.535061488714389855e-01 3.427928341829091785e-01 2.899525750448057604e-01 2.954089342907839644e-02 5.998771049197118566e-03 1.434592998436492496e-03 5.443189600997374667e-04
1.099879535467474384e-01 1.101338587321143703e-01 3.814420368339533490e-02 5.743399944070397972e-02 1.290649548421756998e-01 8.449019423444571741e-02 2.342667800537356348e-01 8.469563626574420911e-02 3.704104467860065697e-02 2.710639782014052229e-02 2.459387093126722684e-02 6.304110577092948697e-02
2.381005876139923871e-01 5.804937569885461335e-02 1.824939391489102322e-02 1.443806959565575518e-02 5.879381171547793695e-03 9.207473643066597241e-03 4.918496261236762757e-02 9.586052270891798344e-02 1.082751736962743322e-01 1.652939425415434760e-01 9.276328752385282206e-02 1.446978292790355169e-01
8.517586765769548200e-04 3.918206870958940960e-04 3.556152959824354903e-04 4.020361019537155279e-04 3.189414107694818132e-03 1.527695061659873482e-02 1.564606154753288014e-01 4.556163052262948709e-01 2.867176195752459966e-01 4.966771467016722896e-02 1.755102346369790192e-02 1.351912610336301890e-02
2.392222729643184442e-01 5.396719646903867795e-02 6.678043760862957534e-03 1.151214833991361444e-03 4.939809831191000009e-04 1.769975581773970978e-04 1.580192646717158787e-04 2.843458693791148977e-04 2.418076842842679236e-03 2.004844476721399232e-02 2.041914395384568093e-01 4.712099671479280105e-01
1.357809561156393952e-01 6.330397914640431001e-01 6.996740893059814892e-02 2.249591349425061199e-02 3.090925207414893516e-02 5.006877899309812238e-03 1.234482133253519617e-03 4.446526355963873953e-04 5.538714804360117712e-04 9.412499511368858235e-03 2.196813471510829924e-02 6.918615954624686426e-02
5.706291453954633747e-02 2.208411557654894608e-01 1.385168353892438642e-01 3.329774388715528999e-01 9.247166775528056770e-02 2.860219417245172396e-02 6.018861706395954234e-03 4.709002106316702079e-04 5.169525636431980802e-04 2.295366552865694271e-03 1.729163525478469993e-02 1.029340772181139840e-01
9.727198197896499976e-02 1.919681727973205632e-01 6.810936662852820622e-02 2.425806620501405608e-01 1.811726894110728958e-01 8.864184039662180437e-02 3.023380273850841821e-02 3.491084292317682414e-02 1.012498302673812793e-02 1.694113634549605091e-02 1.803482268419773563e-02 2.000969901923380437e-02
1.205318323343882066e-02 4.103701559276294944e-03 9.699725414681168063e-04 2.255043348121742294e-04 2.494528760724516129e-04 1.042296974005117293e-03 4.644233021027504606e-03 5.187098890728428224e-02 5.278658929298172264e-01 3.033234847103856713e-01 6.807333266646797831e-02 2.557795624594441652e-02
2.283637247174983426e-03 1.636387674953117960e-02 3.959838121653260629e-02 3.513241863000802767e-01 4.884285420422562751e-01 8.771463743484084197e-02 1.242868105100883129e-02 1.375133807154412056e-03 1.848018524843928726e-04 6.924182045656536791e-05 5.544252238985743415e-05 1.734379560896191232e-04
8.910878096644729227e-03 1.688544808029042270e-03 4.964119900888037257e-03 2.177326922176518742e-02 1.791318460889115560e-01 1.611350280782089250e-01 7.020499467384661019e-02 7.985708785272202515e-02 1.469982066576739355e-01 2.385881240394913116e-01 5.172806156992518223e-02 3.501983901189367754e-02
6.456260753569026314e-04 4.541407054309663663e-04 3.241251918523779287e-04 1.344408020159239357e-03 3.606992420604062267e-03 1.114719981003488292e-01 6.684191255397494702e-01 1.442588719649996465e-01 6.038688294980392585e-02 7.298259337622515532e-03 1.384784164388124222e-03 4.047855296841800432e-04
5.217820777213716399e-02 2.153892484101005422e-02 5.520862238630141333e-03 3.439827213128251494e-03 1.115803265751855048e-03 8.608900960272503934e-04 2.127197218685941259e-03 1.132508067348523065e-02 8.029828774019867610e-02 2.602722070596008574e-01 3.151473657265227990e-01 2.461753461548221722e-01
1.912681097277562359e-01 1.193702272383584742e-02 1.059593257096516552e-03 3.641684251629161585e-04 3.384737123466883602e-04 1.264282310000646933e-03 8.134571886355461412e-03 2.321776163095540246e-02 1.340906742198518797e-01 2.194718898942761565e-01 1.695762123748303096e-01 2.392772398375323240e-01
1.358107649885052087e-02 2.036280327126609342e-03 1.898191727702415606e-04 2.809328187823910018e-05 8.676476557735913494e-06 3.058227880191901032e-05 2.572718952536373876e-04 4.785942892034587316e-03 4.948863173941971810e-02 2.942894004351059856e-01 5.586938395259761769e-01 7.661038547622488204e-02
1.833550775917710748e-02 3.755144554178023539e-03 8.817878438121661694e-03 7.567217114063509720e-02 3.109657022512332114e-01 1.726373373963732694e-01 5.141978629647313281e-02 1.919690165021925576e-02 3.535335146183867655e-02 1.561915046530567563e-01 1.129809551982759314e-01 3.467375920041801396e-02
3.891045602670203333e-03 4.814730722397972743e-03 8.640003035916190427e-03 1.879319778149719442e-02 1.893123445030094332e-01 4.187343575572475829e-01 2.836141583212650752e-01 5.571932611891269871e-02 1.098764537703790685e-02 3.293950262912727963e-03 1.670389246997098110e-03 5.288514701361224108e-04
1.552753300242143246e-03 3.703889835191143814e-02 8.449960428268856738e-01 1.118497541367596826e-01 4.244183058808114091e-03 2.447669822679405366e-04 1.541292314751553693e-05 6.521972168011437093e-07 2.186466696526590585e-07 7.630656935250017243e-07 3.295239887400117373e-06 5.325927051041400186e-05
1.616386051512277294e-02 8.548546505714790106e-03 3.009739149054912327e-02 1.207698346593458205e-01 4.819493449200834001e-01 2.873864374406359112e-01 3.714873018899467194e-02 1.135938657507282352e-02 1.456891557752040172e-03 8.045368147039492785e-04 1.696819584133433482e-03 2.618219747891161516e-03
2.030422768009389201e-02 7.080050457039664680e-02 6.959450100653287452e-02 2.081282283988281079e-01 2.233291129720340606e-01 2.424652483419292848e-01 7.427549007222049304e-02 2.766261139620997817e-02 1.336013833877898981e-02 9.385716475880451909e-03 2.445383833364735138e-02 1.624038241344773204e-02
6.956562835848510533e-03 2.736357992049533693e-03 3.826631546672222724e-03 1.541817364493837036e-03 2.696145327146794949e-04 8.032445462913711306e-04 4.952508837588355875e-03 1.811968894806609276e-02 2.953592931495452878e-01 1.964616967399824832e-01 4.162272169975345659e-01 5.274536650921322206e-02
2.689402809327685884e-02 1.888421838264788821e-01 2.329941634408064233e-01 3.059103625556444661e-02 4.977911168837647650e-03 1.790081528806159242e-03 4.635796663065275616e-03 2.820458946218154517e-02 2.847264773931327403e-02 1.317887612259951713e-01 2.389777235958717716e-01 8.183107699980249339e-02
1.889580013240308443e-01 9.610879790952818469e-02 1.859241290897115095e-01 1.607781346910678449e-02 8.321378328909561847e-03 1.176641665316054824e-03 1.570075816542572530e-04 4.234542232322097101e-04 1.510337232294375409e-03 1.060821956295677007e-02 1.332261787714605905e-01 3.575080408417988798e-01
5.403000139624453135e-02 2.682752153378703541e-01 1.004058498880632533e-01 5.067494409148501355e-02 1.282036530258870433e-01 2.220652342122872713e-01 1.137912271207752180e-01 2.806747926759280143e-02 4.767898182398858618e-03 1.818551199708963190e-03 4.322835280742159253e-03 2.357711099694468140e-02
1.080256152262925179e-01 7.107656020202056391e-02 1.907635363341735057e-02 1.856005548399510333e-02 6.199273853850129426e-03 1.181351665937237921e-02 8.475599009506254444e-02 2.683596494557247691e-01 4.896916679173744791e-02 3.964375218131377387e-02 3.902756824396736574e-02 2.844924981732461777e-01
4.639219406241471694e-02 1.673039194331581159e-02 6.009544346004837972e-03 7.773344692293526065e-03 4.688491765102746275e-03 2.244371472217383465e-02 1.025436984330255485e-01 4.161760719860325697e-01 2.751576878517472680e-01 6.263772483914788192e-02 1.622342498590763002e-02 2.322371037283352951e-02
4.453511397771368896e-02 1.912992730432328536e-01 3.887222769255397337e-01 2.745158599716219783e-01 5.327050949329643903e-02 8.956161706925183999e-03 6.058205393518075431e-03 2.905413617813188548e-03 2.765166730138010707e-03 7.709865141928174716e-03 4.543541884163703956e-03 1.471861211410887757e-02
1.280357982356065960e-02 5.746415901735039966e-02 9.658857510290311255e-02 9.396009668248724023e-02 6.706397189698375116e-02 7.085161656536315133e-02 1.579875469117546505e-01 2.596063070394795114e-01 1.111172571155976951e-01 2.158595584631211456e-02 1.724462329229431434e-02 3.372631070591371877e-02
1.927918908974836920e-01 2.413689763926457343e-01 8.921054706704860393e-02 6.574516213517539454e-02 1.134758609449407346e-01 9.122531543188903969e-02 1.087160806570952737e-01 3.114413178695033674e-02 2.789545264007174674e-02 7.816354856142525981e-03 5.943768288483215062e-03 2.466645890207364022e-02
9.066201793271352893e-02 1.959913789108388427e-01 2.376089424183368826e-01 7.367958787721357039e-02 2.317384499031608508e-02 7.918425156414452340e-03 3.494805306576235452e-03 1.821305077795375886e-03 3.730999904575023427e-03 4.421410772438490872e-02 2.588614462273329253e-01 5.884313847350226834e-02
5.989951173976496707e-02 2.995223554674360522e-01 1.285446784227578521e-01 5.529308901969381962e-02 1.695870968609335810e-02 2.408276147228046588e-02 6.756532051369751324e-02 1.183120420983839738e-01 6.286113858518772857e-02 5.688859759445412390e-02 5.037331766757881940e-02 5.969847773267138169e-02
4.090100542013605381e-04 6.245940066477197183e-04 4.330947606033651136e-03 3.923068207880570091e-02 3.210088041700323025e-01 2.312677625988521779e-01 3.217200731695870064e-01 6.835435065750444794e-02 9.316874820438183699e-03 2.678807693239830187e-03 5.790206187472451407e-04 4.790725259101517820e-04
5.741831354388425568e-02 5.170635595403341722e-02 1.592194514762645674e-01 1.740662349936607789e-01 1.229300884693936002e-01 4.867924021207858942e-02 2.632087416391636070e-02 2.547342476543717343e-02 5.790631791471580192e-02 1.665586032224495305e-01 5.320016967736169305e-02 5.652092560680450906e-02
