4.656933514661325962e-03 1.622949886970159912e-03 1.485402937773513173e-03 3.245559779493118347e-03 4.911736904341695159e-03 1.016906942395080088e-02 1.879372197234664699e-02 3.059831074919839786e-02 4.275824449379576897e-02 3.185269771236983599e-02 1.156205436733824359e-02 1.101347208036228091e-02
1.622949886970159912e-03 5.657765148442364016e-04 5.181186352532547593e-04 1.132422146237053832e-03 1.714207389994124161e-03 3.549930253241915905e-03 6.561773646511861319e-03 1.067974941211307510e-02 1.490385390610556374e-02 1.109222969852705423e-02 4.027406348524466100e-03 3.837249926329612884e-03
1.485402937773513173e-03 5.181186352532547593e-04 4.749768141255045336e-04 1.038730422164913349e-03 1.573119341646514457e-03 3.259272044815946651e-03 6.026231179059230933e-03 9.802255455323233280e-03 1.364742969133679422e-02 1.014026109997337270e-02 3.683194690860007101e-03 3.510467947972407791e-03
3.245559779493118347e-03 1.132422146237053832e-03 1.038730422164913349e-03 2.272344082863118203e-03 3.442297516564156879e-03 7.133833018861342190e-03 1.319232202495083939e-02 2.145184762988082416e-02 2.982898943574080128e-02 2.214273212149403189e-02 8.044378935396900160e-03 7.668403065345144945e-03
4.911736904341695159e-03 1.714207389994124161e-03 1.573119341646514457e-03 3.442297516564156879e-03 5.216290236083716107e-03 1.081381039193517885e-02 2.000258491337100070e-02 3.251936788660144545e-02 4.516577683287870820e-02 3.349475876743737007e-02 1.217036474043006744e-02 1.160281407372596579e-02
1.016906942395080088e-02 3.549930253241915905e-03 3.259272044815946651e-03 7.133833018861342190e-03 1.081381039193517885e-02 2.242929207321674862e-02 4.150613450274798916e-02 6.747289728457248059e-02 9.358949104640072736e-02 6.931668184514724884e-02 2.518982025881126921e-02 2.401708523163787606e-02
1.879372197234664699e-02 6.561773646511861319e-03 6.026231179059230933e-03 1.319232202495083939e-02 2.000258491337100070e-02 4.150613450274798916e-02 7.693011949272435257e-02 1.251768628445795173e-01 1.734422334142310951e-01 1.281623152821868006e-01 4.656480323225613283e-02 4.438157496715690320e-02
3.059831074919839786e-02 1.067974941211307510e-02 9.802255455323233280e-03 2.145184762988082416e-02 3.251936788660144545e-02 6.747289728457248059e-02 1.251768628445795173e-01 2.050886273953686778e-01 2.849749691233472437e-01 2.095794835520239374e-01 7.600575989964972190e-02 7.228713500654505852e-02
4.275824449379576897e-02 1.490385390610556374e-02 1.364742969133679422e-02 2.982898943574080128e-02 4.516577683287870820e-02 9.358949104640072736e-02 1.734422334142310951e-01 2.849749691233472437e-01 4.056585566175289204e-01 2.964884501456628296e-01 1.069556529455544802e-01 1.011649918932110426e-01
3.185269771236983599e-02 1.109222969852705423e-02 1.014026109997337270e-02 2.214273212149403189e-02 3.349475876743737007e-02 6.931668184514724884e-02 1.281623152821868006e-01 2.095794835520239374e-01 2.964884501456628296e-01 2.217764845449197719e-01 7.986934339306983599e-02 7.543007673573402794e-02
1.156205436733824359e-02 4.027406348524466100e-03 3.683194690860007101e-03 8.044378935396900160e-03 1.217036474043006744e-02 2.518982025881126921e-02 4.656480323225613283e-02 7.600575989964972190e-02 1.069556529455544802e-01 7.986934339306983599e-02 2.887547684642107620e-02 2.736671605959042908e-02
1.101347208036228091e-02 3.837249926329612884e-03 3.510467947972407791e-03 7.668403065345144945e-03 1.160281407372596579e-02 2.401708523163787606e-02 4.438157496715690320e-02 7.228713500654505852e-02 1.011649918932110426e-01 7.543007673573402794e-02 2.736671605959042908e-02 2.605512186724261159e-02
1.684096546419328044e-02 3.409229361842133071e-02 6.871090996146567154e-02 3.116449026242470305e-02 7.085453659267661186e-02 3.215514056607780141e-02 2.196265309020339201e-02 1.100468446060616848e-02 6.757360518151167388e-03 3.250887702100856234e-03 4.866670597813579913e-03 8.397161364279401990e-03
3.409229361842133071e-02 6.906260953737733410e-02 1.392443735485281164e-01 6.278799879699409336e-02 1.418411007517528244e-01 6.447317145332050192e-02 4.412338485177678266e-02 2.214043334127211576e-02 1.361420510726149558e-02 6.560656048162414808e-03 9.839539590181883844e-03 1.699068697361549168e-02
6.871090996146567154e-02 1.392443735485281164e-01 2.812137275536463754e-01 1.265831788312084261e-01 2.855558729565724208e-01 1.297858245035865554e-01 8.882157718114101763e-02 4.457688343253433938e-02 2.741590323040156776e-02 1.321514476362430426e-02 1.982552951317601009e-02 3.423902757808805486e-02
3.116449026242470305e-02 6.278799879699409336e-02 1.265831788312084261e-01 6.325669791800422881e-02 1.587994074045303572e-01 6.983302687117411145e-02 4.597768763959637905e-02 2.249598884551708838e-02 1.350418250359345512e-02 6.322677769421851390e-03 9.181605886175565889e-03 1.564391113130452621e-02
7.085453659267661186e-02 1.418411007517528244e-01 2.855558729565724208e-01 1.587994074045303572e-01 4.372981019871973185e-01 1.870305175718001700e-01 1.191010081874219473e-01 5.696646760078986210e-02 3.343315269720915223e-02 1.521398366613626110e-02 2.135744656322272061e-02 3.585767813870512077e-02
3.215514056607780141e-02 6.447317145332050192e-02 1.297858245035865554e-01 6.983302687117411145e-02 1.870305175718001700e-01 8.101803878889218824e-02 5.216812225318882140e-02 2.510961493206682188e-02 1.482630300485069524e-02 6.798498076745398272e-03 9.632393893674012775e-03 1.623751606674108533e-02
2.196265309020339201e-02 4.412338485177678266e-02 8.882157718114101763e-02 4.597768763959637905e-02 1.191010081874219473e-01 5.216812225318882140e-02 3.408177080280312687e-02 1.653725882312759299e-02 9.840451239832129909e-03 4.555882905333308135e-03 6.529306388122687113e-03 1.106108719981471929e-02
1.100468446060616848e-02 2.214043334127211576e-02 4.457688343253433938e-02 2.249598884551708838e-02 5.696646760078986210e-02 2.510961493206682188e-02 1.653725882312759299e-02 8.072409403569177216e-03 4.830724415591220941e-03 2.252106462858351719e-03 3.254026926973659431e-03 5.531809295393520787e-03
6.757360518151167388e-03 1.361420510726149558e-02 2.741590323040156776e-02 1.350418250359345512e-02 3.343315269720915223e-02 1.482630300485069524e-02 9.840451239832129909e-03 4.830724415591220941e-03 2.907267934415056453e-03 1.364764040464256593e-03 1.987704967285315073e-03 3.390534571496413730e-03
3.250887702100856234e-03 6.560656048162414808e-03 1.321514476362430426e-02 6.322677769421851390e-03 1.521398366613626110e-02 6.798498076745398272e-03 4.555882905333308135e-03 2.252106462858351719e-03 1.364764040464256593e-03 6.461505476465976248e-04 9.502587528107170247e-04 1.627537785681883783e-03
4.866670597813579913e-03 9.839539590181883844e-03 1.982552951317601009e-02 9.181605886175565889e-03 2.135744656322272061e-02 9.632393893674012775e-03 6.529306388122687113e-03 3.254026926973659431e-03 1.987704967285315073e-03 9.502587528107170247e-04 1.412736188552875943e-03 2.430556821594009355e-03
8.397161364279401990e-03 1.699068697361549168e-02 3.423902757808805486e-02 1.564391113130452621e-02 3.585767813870512077e-02 1.623751606674108533e-02 1.106108719981471929e-02 5.531809295393520787e-03 3.390534571496413730e-03 1.627537785681883783e-03 2.430556821594009355e-03 4.189523873702841530e-03
7.009416070611471095e-02 5.773121755227884205e-02 1.949560730244572285e-02 1.138550049091388919e-02 2.045639852106212117e-02 7.098013240677804314e-02 6.447694237780872417e-02 1.399735165639905965e-01 1.025362788830191385e-01 5.064853877769041196e-02 5.508944196075681032e-02 6.739048051504738235e-02
5.773121755227884205e-02 4.755732084843571073e-02 1.605880354161886778e-02 9.375246359398301324e-03 1.683842354147728482e-02 5.841969953321261844e-02 5.303401273715685482e-02 1.150668366294630707e-01 8.430852892257806319e-02 4.166669817753957533e-02 4.534900244227058064e-02 5.549354597639082759e-02
1.949560730244572285e-02 1.605880354161886778e-02 5.425513405335051845e-03 3.176644256770828727e-03 5.724718863046561468e-03 1.988508526977865454e-02 1.809162413767539945e-02 3.933456373996804117e-02 2.875496119358216668e-02 1.416430650928432282e-02 1.535326995475242741e-02 1.875180890696974412e-02
1.138550049091388919e-02 9.375246359398301324e-03 3.176644256770828727e-03 1.889719915853873633e-03 3.468022371160500630e-03 1.212271903936287462e-02 1.115892588970174987e-02 2.452763439699708059e-02 1.771775184746366902e-02 8.575658433541360690e-03 9.092117481315274349e-03 1.098864541987159410e-02
2.045639852106212117e-02 1.683842354147728482e-02 5.724718863046561468e-03 3.468022371160500630e-03 6.494131808594650647e-03 2.285685551649145608e-02 2.129236488852433162e-02 4.731896722236987596e-02 3.375599146278833451e-02 1.603870877622735891e-02 1.659637020441362409e-02 1.982067048401234960e-02
7.098013240677804314e-02 5.841969953321261844e-02 1.988508526977865454e-02 1.212271903936287462e-02 2.285685551649145608e-02 8.064238111513619134e-02 7.540090059097578901e-02 1.681576037840317173e-01 1.194349654446176384e-01 5.640653162686730393e-02 5.789638805850096104e-02 6.886537774095032038e-02
6.447694237780872417e-02 5.303401273715685482e-02 1.809162413767539945e-02 1.115892588970174987e-02 2.129236488852433162e-02 7.540090059097578901e-02 7.220421333968080058e-02 1.641616878590967943e-01 1.149582334401377387e-01 5.328759798502488709e-02 5.341119819385882483e-02 6.279910281330651489e-02
1.399735165639905965e-01 1.150668366294630707e-01 3.933456373996804117e-02 2.452763439699708059e-02 4.731896722236987596e-02 1.681576037840317173e-01 1.641616878590967943e-01 3.805365161890803538e-01 2.627375391788554504e-01 1.198297962656635907e-01 1.175988079047843027e-01 1.368175213100368270e-01
1.025362788830191385e-01 8.430852892257806319e-02 2.875496119358216668e-02 1.771775184746366902e-02 3.375599146278833451e-02 1.194349654446176384e-01 1.149582334401377387e-01 2.627375391788554504e-01 1.858961287531328554e-01 8.567479905399821849e-02 8.530141229007155712e-02 9.998102676912651310e-02
5.064853877769041196e-02 4.166669817753957533e-02 1.416430650928432282e-02 8.575658433541360690e-03 1.603870877622735891e-02 5.640653162686730393e-02 5.328759798502488709e-02 1.198297962656635907e-01 8.567479905399821849e-02 4.039691019563971391e-02 4.137627981765537588e-02 4.916672939232398509e-02
5.508944196075681032e-02 4.534900244227058064e-02 1.535326995475242741e-02 9.092117481315274349e-03 1.659637020441362409e-02 5.789638805850096104e-02 5.341119819385882483e-02 1.175988079047843027e-01 8.530141229007155712e-02 4.137627981765537588e-02 4.398635456984193587e-02 5.318262600936031481e-02
6.739048051504738235e-02 5.549354597639082759e-02 1.875180890696974412e-02 1.098864541987159410e-02 1.982067048401234960e-02 6.886537774095032038e-02 6.279910281330651489e-02 1.368175213100368270e-01 9.998102676912651310e-02 4.916672939232398509e-02 5.318262600936031481e-02 6.487664915315416447e-02
3.326970491086694848e-02 2.251310268519911284e-02 9.059396985303888594e-02 2.991416305447078261e-02 1.042429108096797410e-02 4.182828860101029875e-03 2.313861436957300594e-03 3.014254262150830622e-03 1.277675913777119587e-02 4.957042769498088558e-02 9.516978225228850397e-02 4.415931014076365790e-02
2.251310268519911284e-02 1.971570367469774321e-02 8.557436659883030372e-02 2.819837590816446846e-02 9.768943995072495307e-03 3.801727621582400539e-03 1.794657179530749708e-03 1.703038228506370978e-03 6.564910020161377965e-03 2.462051850569499378e-02 4.544632252389217697e-02 2.391046292626988062e-02
9.059396985303888594e-02 8.557436659883030372e-02 3.781551957346955817e-01 1.245499869514153923e-01 4.309111223541006036e-02 1.665071037979781038e-02 7.540403367822317085e-03 6.384002894478576010e-03 2.351835310553315392e-02 8.664285204345031910e-02 1.564804912826982530e-01 8.789991531168875327e-02
2.991416305447078261e-02 2.819837590816446846e-02 1.245499869514153923e-01 4.102330284792109205e-02 1.419353340960425106e-02 5.485484812771505153e-03 2.486851426999774940e-03 2.112266120137890751e-03 7.792239935070235067e-03 2.872299165399181189e-02 5.191065698302956000e-02 2.910071378967416314e-02
1.042429108096797410e-02 9.768943995072495307e-03 4.309111223541006036e-02 1.419353340960425106e-02 4.911276430977437775e-03 1.899102538835870839e-03 8.636771392918680566e-04 7.404088629027968677e-04 2.742184794948084731e-03 1.012408636810759391e-02 1.833320864799706934e-02 1.021759172410236817e-02
4.182828860101029875e-03 3.801727621582400539e-03 1.665071037979781038e-02 5.485484812771505153e-03 1.899102538835870839e-03 7.364359252201842319e-04 3.405738110299922901e-04 3.061373089004183735e-04 1.156028029710236358e-03 4.301203850516877383e-03 7.862868890908208605e-03 4.259142599757579153e-03
2.313861436957300594e-03 1.794657179530749708e-03 7.540403367822317085e-03 2.486851426999774940e-03 8.636771392918680566e-04 3.405738110299922901e-04 1.727986515397650867e-04 1.930198857067169562e-04 7.852437465654429601e-04 3.004256217613489148e-03 5.674622672023369938e-03 2.772488461829307471e-03
3.014254262150830622e-03 1.703038228506370978e-03 6.384002894478576010e-03 2.112266120137890751e-03 7.404088629027968677e-04 3.061373089004183735e-04 1.930198857067169562e-04 3.002838184902647525e-04 1.323541618527107480e-03 5.202507708074581919e-03 1.012414017244954965e-02 4.469884375895320436e-03
1.277675913777119587e-02 6.564910020161377965e-03 2.351835310553315392e-02 7.792239935070235067e-03 2.742184794948084731e-03 1.156028029710236358e-03 7.852437465654429601e-04 1.323541618527107480e-03 5.921910834755892729e-03 2.338883269397603118e-02 4.574234469188237506e-02 1.983394898904101977e-02
4.957042769498088558e-02 2.462051850569499378e-02 8.664285204345031910e-02 2.872299165399181189e-02 1.012408636810759391e-02 4.301203850516877383e-03 3.004256217613489148e-03 5.202507708074581919e-03 2.338883269397603118e-02 9.252138141784954639e-02 1.812218633253449562e-01 7.811894075889985745e-02
9.516978225228850397e-02 4.544632252389217697e-02 1.564804912826982530e-01 5.191065698302956000e-02 1.833320864799706934e-02 7.862868890908208605e-03 5.674622672023369938e-03 1.012414017244954965e-02 4.574234469188237506e-02 1.812218633253449562e-01 3.564067060276120413e-01 1.525530446601867374e-01
4.415931014076365790e-02 2.391046292626988062e-02 8.789991531168875327e-02 2.910071378967416314e-02 1.021759172410236817e-02 4.259142599757579153e-03 2.772488461829307471e-03 4.469884375895320436e-03 1.983394898904101977e-02 7.811894075889985745e-02 1.525530446601867374e-01 6.686529972537348654e-02
7.960911116809410437e-02 1.408908488600672526e-01 1.935873413302812707e-01 8.685669097114129267e-02 3.737539866714192915e-02 5.298441029969432059e-02 1.694530509982121805e-02 1.121660369881914698e-02 1.698695211119779364e-02 2.079976417974482850e-02 1.587625714719402212e-02 2.493397745935847440e-02
1.408908488600672526e-01 2.510399032909729766e-01 3.460659501296728946e-01 1.546234000746505854e-01 6.627607875826529993e-02 9.362966983830792178e-02 2.993694751816713961e-02 1.981174251869059419e-02 3.000232861032214177e-02 3.674200983145903959e-02 2.806190238084190630e-02 4.410679939795425497e-02
1.935873413302812707e-01 3.460659501296728946e-01 4.931764819266820088e-01 2.176026789030050534e-01 9.229912425983199942e-02 1.293853067696100756e-01 4.132847621987299769e-02 2.731963350181233763e-02 4.134765849641701407e-02 5.062505727938593908e-02 3.864803567548247276e-02 6.067396356896812004e-02
8.685669097114129267e-02 1.546234000746505854e-01 2.176026789030050534e-01 9.708866641180341484e-02 4.138987612656865045e-02 5.826620665965705909e-02 1.861498247512415743e-02 1.230527194593897256e-02 1.862099201912162730e-02 2.279181036276349895e-02 1.738169853419047062e-02 2.724732064581428942e-02
3.737539866714192915e-02 6.627607875826529993e-02 9.229912425983199942e-02 4.138987612656865045e-02 1.777542335607940061e-02 2.517883049718084784e-02 8.046131894446285904e-03 5.319070875654100840e-03 8.047904378391942601e-03 9.846697493365426379e-03 7.499764012596265086e-03 1.173585043005947667e-02
5.298441029969432059e-02 9.362966983830792178e-02 1.293853067696100756e-01 5.826620665965705909e-02 2.517883049718084784e-02 3.587757096305350946e-02 1.146628669303040651e-02 7.579251589975232253e-03 1.146494975382372251e-02 1.402141618092074896e-02 1.066461787530240124e-02 1.665538928236893340e-02
1.694530509982121805e-02 2.993694751816713961e-02 4.132847621987299769e-02 1.861498247512415743e-02 8.046131894446285904e-03 1.146628669303040651e-02 3.665067726221347966e-03 2.423099701793534483e-03 3.665840687618456602e-03 4.483474192655857726e-03 3.410228755053122413e-03 5.326317478176341089e-03
1.121660369881914698e-02 1.981174251869059419e-02 2.731963350181233763e-02 1.230527194593897256e-02 5.319070875654100840e-03 7.579251589975232253e-03 2.423099701793534483e-03 1.602588424687341126e-03 2.425137870199569473e-03 2.966374536578099148e-03 2.256539301083877996e-03 3.525118438044236996e-03
1.698695211119779364e-02 3.000232861032214177e-02 4.134765849641701407e-02 1.862099201912162730e-02 8.047904378391942601e-03 1.146494975382372251e-02 3.665840687618456602e-03 2.425137870199569473e-03 3.670592318381714521e-03 4.490220105028942636e-03 3.416173746276333911e-03 5.337816460757131669e-03
2.079976417974482850e-02 3.674200983145903959e-02 5.062505727938593908e-02 2.279181036276349895e-02 9.846697493365426379e-03 1.402141618092074896e-02 4.483474192655857726e-03 2.966374536578099148e-03 4.490220105028942636e-03 5.493473647138324284e-03 4.180458654977785293e-03 6.534436820233179358e-03
1.587625714719402212e-02 2.806190238084190630e-02 3.864803567548247276e-02 1.738169853419047062e-02 7.499764012596265086e-03 1.066461787530240124e-02 3.410228755053122413e-03 2.256539301083877996e-03 3.416173746276333911e-03 4.180458654977785293e-03 3.184119299031754665e-03 4.983715358003052223e-03
2.493397745935847440e-02 4.410679939795425497e-02 6.067396356896812004e-02 2.724732064581428942e-02 1.173585043005947667e-02 1.665538928236893340e-02 5.326317478176341089e-03 3.525118438044236996e-03 5.337816460757131669e-03 6.534436820233179358e-03 4.983715358003052223e-03 7.817001467854252372e-03
3.040473434852270992e-02 3.134354644680274748e-02 4.664973924152791829e-02 2.328178540792034956e-02 1.855246522258711603e-02 1.799379964764583756e-02 2.078173217459813177e-02 3.517076198321548997e-02 4.670557935453831938e-02 8.943298588070316968e-02 8.971392133338065844e-02 6.453427324632431128e-02
3.134354644680274748e-02 3.290221442632892263e-02 4.934093404787008585e-02 2.460192310847874458e-02 1.953818620859928967e-02 1.884149461033515771e-02 2.159448317616486507e-02 3.629274418015087517e-02 4.776688556196893864e-02 9.074383135638369735e-02 9.072428834535917197e-02 6.566414819189629604e-02
4.664973924152791829e-02 4.934093404787008585e-02 7.426242743740418817e-02 3.701160462400668316e-02 2.934993502870238830e-02 2.823257088400034712e-02 3.224870263348367239e-02 5.403166838676395911e-02 7.083431608604502661e-02 1.340978309235848764e-01 1.339138470613175647e-01 9.719570628991797134e-02
2.328178540792034956e-02 2.460192310847874458e-02 3.701160462400668316e-02 1.845262610247791479e-02 1.464042399459056579e-02 1.409205801959907169e-02 1.610833889656214379e-02 2.700487807958822095e-02 3.541865031669474972e-02 6.706925739081447124e-02 6.692770304596239173e-02 4.853924157420839991e-02
1.855246522258711603e-02 1.953818620859928967e-02 2.934993502870238830e-02 1.464042399459056579e-02 1.163141188331979700e-02 1.121654743085684705e-02 1.285040436396709188e-02 2.158472887918053140e-02 2.836173418694854301e-02 5.377752657798138408e-02 5.358711505986103740e-02 3.877397192708102736e-02
1.799379964764583756e-02 1.884149461033515771e-02 2.823257088400034712e-02 1.409205801959907169e-02 1.121654743085684705e-02 1.084967579264389456e-02 1.247777367477109073e-02 2.102850476576964209e-02 2.772159869588183487e-02 5.269128276779470876e-02 5.239032058293078414e-02 3.776268894236077533e-02
2.078173217459813177e-02 2.159448317616486507e-02 3.224870263348367239e-02 1.610833889656214379e-02 1.285040436396709188e-02 1.247777367477109073e-02 1.442754666917603519e-02 2.442885686769407511e-02 3.235400864578172331e-02 6.170565563273844312e-02 6.116047625558830581e-02 4.385409411533860990e-02
3.517076198321548997e-02 3.629274418015087517e-02 5.403166838676395911e-02 2.700487807958822095e-02 2.158472887918053140e-02 2.102850476576964209e-02 2.442885686769407511e-02 4.156124831643671913e-02 5.530446944103881157e-02 1.058386955484651448e-01 1.045450391354085656e-01 7.458611245635786424e-02
4.670557935453831938e-02 4.776688556196893864e-02 7.083431608604502661e-02 3.541865031669474972e-02 2.836173418694854301e-02 2.772159869588183487e-02 3.235400864578172331e-02 5.530446944103881157e-02 7.427043240037740912e-02 1.431065066271713371e-01 1.407073299090865759e-01 9.969068961786892169e-02
8.943298588070316968e-02 9.074383135638369735e-02 1.340978309235848764e-01 6.706925739081447124e-02 5.377752657798138408e-02 5.269128276779470876e-02 6.170565563273844312e-02 1.058386955484651448e-01 1.431065066271713371e-01 2.785712848800684927e-01 2.727903844071914996e-01 1.920063468058521849e-01
8.971392133338065844e-02 9.072428834535917197e-02 1.339138470613175647e-01 6.692770304596239173e-02 5.358711505986103740e-02 5.239032058293078414e-02 6.116047625558830581e-02 1.045450391354085656e-01 1.407073299090865759e-01 2.727903844071914996e-01 2.742204291859527965e-01 1.932949087623106466e-01
6.453427324632431128e-02 6.566414819189629604e-02 9.719570628991797134e-02 4.853924157420839991e-02 3.877397192708102736e-02 3.776268894236077533e-02 4.385409411533860990e-02 7.458611245635786424e-02 9.969068961786892169e-02 1.920063468058521849e-01 1.932949087623106466e-01 1.384459685572910770e-01
3.808501566810604255e-02 2.471876865764994352e-02 1.641131192444466452e-02 1.195845353446038303e-02 1.313292908877263312e-02 1.088976111135232447e-02 1.241010543803484738e-02 1.087683325415298580e-02 1.272886973141031108e-02 4.138329981813054781e-02 1.265281280156177468e-01 1.283448661419726022e-01
2.471876865764994352e-02 1.611032485699095615e-02 1.071433370007610596e-02 7.813730142445376309e-03 8.584379360978972029e-03 7.118084954075562694e-03 8.110234818370112148e-03 7.104323680837651943e-03 8.308084819737819593e-03 2.701096177472196019e-02 8.258767839477243466e-02 8.305413345449098872e-02
1.641131192444466452e-02 1.071433370007610596e-02 7.134036328527083859e-03 5.205799970842833746e-03 5.720867410312318983e-03 4.743746522964479087e-03 5.404304333800507600e-03 4.732292359959375597e-03 5.531280687726255682e-03 1.798167159005653951e-02 5.497792382962186225e-02 5.507509241906374808e-02
1.195845353446038303e-02 7.813730142445376309e-03 5.205799970842833746e-03 3.800465680059456498e-03 4.177442207971728341e-03 3.464017309968945267e-03 3.946095045694849104e-03 3.454537783558209348e-03 4.036210748802440337e-03 1.311983918119186132e-02 4.011012092854723821e-02 4.010885213224063550e-02
1.313292908877263312e-02 8.584379360978972029e-03 5.720867410312318983e-03 4.177442207971728341e-03 4.592500551851912485e-03 3.808277768867867480e-03 4.338128993645679748e-03 3.797215330324952339e-03 4.435594083834170677e-03 1.441693648950405013e-02 4.407326184261621538e-02 4.403699671577877145e-02
1.088976111135232447e-02 7.118084954075562694e-03 4.743746522964479087e-03 3.464017309968945267e-03 3.808277768867867480e-03 3.158091849730816116e-03 3.597615173225257243e-03 3.149188387433896411e-03 3.679004537575386591e-03 1.195887227098967227e-02 3.656150492048927669e-02 3.651503871315064237e-02
1.241010543803484738e-02 8.110234818370112148e-03 5.404304333800507600e-03 3.946095045694849104e-03 4.338128993645679748e-03 3.597615173225257243e-03 4.098715759809159337e-03 3.588574907110080384e-03 4.194050584427206664e-03 1.363697855813088451e-02 4.170156818285431638e-02 4.161739639214952213e-02
1.087683325415298580e-02 7.104323680837651943e-03 4.732292359959375597e-03 3.454537783558209348e-03 3.797215330324952339e-03 3.149188387433896411e-03 3.588574907110080384e-03 3.144056222726241204e-03 3.679501902976094890e-03 1.197501390243414787e-02 3.664669186543521862e-02 3.648547493015696919e-02
1.272886973141031108e-02 8.308084819737819593e-03 5.531280687726255682e-03 4.036210748802440337e-03 4.435594083834170677e-03 3.679004537575386591e-03 4.194050584427206664e-03 3.679501902976094890e-03 4.319193687355086728e-03 1.408740882667315272e-02 4.318770557833842560e-02 4.270785686049619750e-02
4.138329981813054781e-02 2.701096177472196019e-02 1.798167159005653951e-02 1.311983918119186132e-02 1.441693648950405013e-02 1.195887227098967227e-02 1.363697855813088451e-02 1.197501390243414787e-02 1.408740882667315272e-02 4.602909499188261033e-02 1.413234236141510114e-01 1.388161695799685069e-01
1.265281280156177468e-01 8.258767839477243466e-02 5.497792382962186225e-02 4.011012092854723821e-02 4.407326184261621538e-02 3.656150492048927669e-02 4.170156818285431638e-02 3.664669186543521862e-02 4.318770557833842560e-02 1.413234236141510114e-01 4.354403522990228925e-01 4.243443957462527116e-01
1.283448661419726022e-01 8.305413345449098872e-02 5.507509241906374808e-02 4.010885213224063550e-02 4.403699671577877145e-02 3.651503871315064237e-02 4.161739639214952213e-02 3.648547493015696919e-02 4.270785686049619750e-02 1.388161695799685069e-01 4.243443957462527116e-01 4.340881521039376967e-01
2.154755714411786028e-04 1.926158112814711049e-04 1.497393492630155331e-04 3.044839696680160532e-04 1.050532126069514058e-03 3.144618159168465800e-03 7.344670375572862064e-03 8.465620004208206789e-03 8.029831094108942288e-03 2.796078648757110117e-03 1.503900083050817163e-03 6.471951830163564503e-04
1.926158112814711049e-04 1.723241425667228167e-04 1.340908803662004705e-04 2.729146396420486067e-04 9.421371650379943476e-04 2.821996145540434098e-03 6.594463759837860227e-03 7.574686540139154503e-03 7.156544174848507994e-03 2.493924970952686535e-03 1.342720104256881278e-03 5.782124923652318506e-04
1.497393492630155331e-04 1.340908803662004705e-04 1.044539887184299748e-04 2.128206336553853633e-04 7.351583984806044948e-04 2.203677509650660889e-03 5.152349957706879591e-03 5.894221304214540547e-03 5.544466812719264781e-03 1.933886317376138503e-03 1.042389588951611124e-03 4.492180695414492398e-04
3.044839696680160532e-04 2.729146396420486067e-04 2.128206336553853633e-04 4.340641002660002652e-04 1.500360225187624685e-03 4.500699377014347191e-03 1.052823795710647672e-02 1.199516608689573174e-02 1.123580048135965591e-02 3.922594634161758430e-03 2.116755355032909867e-03 9.128886077178334588e-04
1.050532126069514058e-03 9.421371650379943476e-04 7.351583984806044948e-04 1.500360225187624685e-03 5.188103808467041042e-03 1.557008486296777502e-02 3.643312825689588863e-02 4.140136559692345064e-02 3.868290594282821487e-02 1.351278161194496494e-02 7.297192993175828993e-03 3.148470660049740126e-03
3.144618159168465800e-03 2.821996145540434098e-03 2.203677509650660889e-03 4.500699377014347191e-03 1.557008486296777502e-02 4.676049345800792345e-02 1.094730074159428745e-01 1.239906345215843614e-01 1.154938962385234358e-01 4.037360782145106575e-02 2.182165543501352056e-02 9.420326444663304141e-03
7.344670375572862064e-03 6.594463759837860227e-03 5.152349957706879591e-03 1.052823795710647672e-02 3.643312825689588863e-02 1.094730074159428745e-01 2.570155733770451145e-01 2.901252492101621394e-01 2.691801716527545407e-01 9.415280439266127122e-02 5.092588182461391805e-02 2.199451194865941622e-02
8.465620004208206789e-03 7.574686540139154503e-03 5.894221304214540547e-03 1.199516608689573174e-02 4.140136559692345064e-02 1.239906345215843614e-01 2.901252492101621394e-01 3.368293235721194212e-01 3.148241335833424914e-01 1.096214497270935062e-01 5.899957378522287244e-02 2.540963303660190645e-02
8.029831094108942288e-03 7.156544174848507994e-03 5.544466812719264781e-03 1.123580048135965591e-02 3.868290594282821487e-02 1.154938962385234358e-01 2.691801716527545407e-01 3.148241335833424914e-01 3.042646448173711438e-01 1.053057122529299783e-01 5.631476087441093792e-02 2.416759632082608744e-02
2.796078648757110117e-03 2.493924970952686535e-03 1.933886317376138503e-03 3.922594634161758430e-03 1.351278161194496494e-02 4.037360782145106575e-02 9.415280439266127122e-02 1.096214497270935062e-01 1.053057122529299783e-01 3.655463787768597345e-02 1.958405480881628483e-02 8.410903564081279038e-03
1.503900083050817163e-03 1.342720104256881278e-03 1.042389588951611124e-03 2.116755355032909867e-03 7.297192993175828993e-03 2.182165543501352056e-02 5.092588182461391805e-02 5.899957378522287244e-02 5.631476087441093792e-02 1.958405480881628483e-02 1.051627730030862441e-02 4.520795327076829358e-03
6.471951830163564503e-04 5.782124923652318506e-04 4.492180695414492398e-04 9.128886077178334588e-04 3.148470660049740126e-03 9.420326444663304141e-03 2.199451194865941622e-02 2.540963303660190645e-02 2.416759632082608744e-02 8.410903564081279038e-03 4.520795327076829358e-03 1.944627986002287184e-03
1.859154011798524464e-01 1.062876669845522204e-01 6.124323335477033226e-02 6.704474932587932423e-02 1.088740954303525632e-01 7.768323987983757895e-02 1.097596518967397933e-01 7.568271441404875177e-02 2.601262878832277803e-02 6.081322779557743474e-02 1.400855232247742443e-01 1.332414494348077016e-01
1.062876669845522204e-01 6.134374712612383762e-02 3.627958303616796165e-02 4.131668802411805896e-02 6.853105581004424740e-02 4.917971516548434729e-02 6.975861374154906924e-02 4.770718104642636404e-02 1.580048057331551528e-02 3.522436397892522025e-02 8.037069054634886356e-02 7.624460002196628561e-02
6.124323335477033226e-02 3.627958303616796165e-02 2.319776476026717826e-02 2.933371015613944754e-02 5.117934008588222172e-02 3.721732322954726668e-02 5.326553015396020413e-02 3.576661606912792668e-02 1.083507805590413695e-02 2.114310326401459134e-02 4.682737992570622232e-02 4.405482660746412593e-02
6.704474932587932423e-02 4.131668802411805896e-02 2.933371015613944754e-02 4.170442473751959783e-02 7.636648147362756767e-02 5.617698978461450887e-02 8.101502463291439249e-02 5.352961768138933540e-02 1.486490980003622557e-02 2.460435346296824949e-02 5.213255892904337940e-02 4.842511018576749204e-02
1.088740954303525632e-01 6.853105581004424740e-02 5.117934008588222172e-02 7.636648147362756767e-02 1.425463060528402992e-01 1.052883993326607925e-01 1.522564334341712233e-01 1.000290196798405695e-01 2.687628039854228837e-02 4.128346436686435028e-02 8.545046400589145774e-02 7.881740866391150069e-02
7.768323987983757895e-02 4.917971516548434729e-02 3.721732322954726668e-02 5.617698978461450887e-02 1.052883993326607925e-01 7.835339893139728340e-02 1.139436417464351620e-01 7.475891742779322557e-02 1.988365113600526479e-02 2.981783543571337944e-02 6.123323575475451974e-02 5.631520866459092944e-02
1.097596518967397933e-01 6.975861374154906924e-02 5.326553015396020413e-02 8.101502463291439249e-02 1.522564334341712233e-01 1.139436417464351620e-01 1.666563631019121194e-01 1.092467072311776727e-01 2.884871127333522856e-02 4.252248722178993828e-02 8.681920143510822585e-02 7.966307072089079400e-02
7.568271441404875177e-02 4.770718104642636404e-02 3.576661606912792668e-02 5.352961768138933540e-02 1.000290196798405695e-01 7.475891742779322557e-02 1.092467072311776727e-01 7.182349799901896481e-02 1.916242785742314561e-02 2.898305863304131633e-02 5.969668660865515286e-02 5.490323900449767258e-02
2.601262878832277803e-02 1.580048057331551528e-02 1.083507805590413695e-02 1.486490980003622557e-02 2.687628039854228837e-02 1.988365113600526479e-02 2.884871127333522856e-02 1.916242785742314561e-02 5.437374760700403736e-03 9.421690008492383805e-03 2.023117045185654148e-02 1.881658464221039676e-02
6.081322779557743474e-02 3.522436397892522025e-02 2.114310326401459134e-02 2.460435346296824949e-02 4.128346436686435028e-02 2.981783543571337944e-02 4.252248722178993828e-02 2.898305863304131633e-02 9.421690008492383805e-03 2.048523080385349082e-02 4.649074677339390393e-02 4.384246268696296439e-02
1.400855232247742443e-01 8.037069054634886356e-02 4.682737992570622232e-02 5.213255892904337940e-02 8.545046400589145774e-02 6.123323575475451974e-02 8.681920143510822585e-02 5.969668660865515286e-02 2.023117045185654148e-02 4.649074677339390393e-02 1.067513302865988889e-01 1.009341151567491046e-01
1.332414494348077016e-01 7.624460002196628561e-02 4.405482660746412593e-02 4.842511018576749204e-02 7.881740866391150069e-02 5.631520866459092944e-02 7.966307072089079400e-02 5.490323900449767258e-02 1.881658464221039676e-02 4.384246268696296439e-02 1.009341151567491046e-01 9.578516025991538896e-02
3.031927201766069224e-01 1.581176424125511071e-01 8.993168226073822158e-02 4.177369262468987043e-02 4.550504659086802850e-02 2.112538906521532062e-02 1.927376472554259007e-02 4.007789156374303580e-02 7.492020616922653864e-02 2.355749195209614621e-01 1.498916914023424585e-01 2.402370325483724756e-01
1.581176424125511071e-01 8.305303652543069570e-02 4.740119400727002552e-02 2.207521793663799747e-02 2.411686516228731675e-02 1.122159825569215771e-02 1.028623580780692673e-02 2.145272254260202627e-02 4.017542662887051141e-02 1.264417325581808638e-01 7.967588766431527025e-02 1.261953354672831762e-01
8.993168226073822158e-02 4.740119400727002552e-02 2.719700679246582833e-02 1.271924236433527935e-02 1.395959516007405296e-02 6.518638808623565886e-03 6.018539169838774822e-03 1.260810725171302403e-02 2.367400594246572842e-02 7.460796761099461327e-02 4.642181978766939110e-02 7.241294402490081050e-02
4.177369262468987043e-02 2.207521793663799747e-02 1.271924236433527935e-02 5.979379102993305668e-03 6.599301251915308184e-03 3.094899245508526617e-03 2.881996382886910929e-03 6.068846726183184034e-03 1.142994218481081098e-02 3.607702029177536213e-02 2.213735141152658320e-02 3.395221244535144567e-02
4.550504659086802850e-02 2.411686516228731675e-02 1.395959516007405296e-02 6.599301251915308184e-03 7.329044783546831421e-03 3.453342024363460772e-03 3.245699187525890542e-03 6.872728362494352067e-03 1.298559844928141860e-02 4.105442221715570328e-02 2.481975576447246340e-02 3.736419007942200915e-02
2.112538906521532062e-02 1.122159825569215771e-02 6.518638808623565886e-03 3.094899245508526617e-03 3.453342024363460772e-03 1.633984218733263924e-03 1.548262877545966785e-03 3.294197030127345507e-03 6.241443091861382381e-03 1.976057041202839218e-02 1.180238405980645576e-02 1.749395494416481137e-02
1.927376472554259007e-02 1.028623580780692673e-02 6.018539169838774822e-03 2.881996382886910929e-03 3.245699187525890542e-03 1.548262877545966785e-03 1.490171264313175500e-03 3.199529401222272855e-03 6.093703806538438260e-03 1.934418662904062100e-02 1.129191527093166038e-02 1.623497083376257422e-02
4.007789156374303580e-02 2.145272254260202627e-02 1.260810725171302403e-02 6.068846726183184034e-03 6.872728362494352067e-03 3.294197030127345507e-03 3.199529401222272855e-03 6.905547376031934484e-03 1.319112158007274514e-02 4.193812789530043661e-02 2.416050255170799216e-02 3.411086971913947913e-02
7.492020616922653864e-02 4.017542662887051141e-02 2.367400594246572842e-02 1.142994218481081098e-02 1.298559844928141860e-02 6.241443091861382381e-03 6.093703806538438260e-03 1.319112158007274514e-02 2.524560796815467426e-02 8.034317565770718317e-02 4.592614323271404508e-02 6.414664667281742838e-02
2.355749195209614621e-01 1.264417325581808638e-01 7.460796761099461327e-02 3.607702029177536213e-02 4.105442221715570328e-02 1.976057041202839218e-02 1.934418662904062100e-02 4.193812789530043661e-02 8.034317565770718317e-02 2.559017138301701300e-01 1.456540896577410149e-01 2.023002088463386472e-01
1.498916914023424585e-01 7.967588766431527025e-02 4.642181978766939110e-02 2.213735141152658320e-02 2.481975576447246340e-02 1.180238405980645576e-02 1.129191527093166038e-02 2.416050255170799216e-02 4.592614323271404508e-02 1.456540896577410149e-01 8.612973488822692203e-02 1.257127302657989332e-01
2.402370325483724756e-01 1.261953354672831762e-01 7.241294402490081050e-02 3.395221244535144567e-02 3.736419007942200915e-02 1.749395494416481137e-02 1.623497083376257422e-02 3.411086971913947913e-02 6.414664667281742838e-02 2.023002088463386472e-01 1.257127302657989332e-01 1.959420530733264054e-01
6.023548678663388084e-02 6.142722057495699634e-02 7.015557587850830557e-02 2.474313881066694115e-02 1.291846616795593039e-02 1.690288623398800844e-02 4.446279350614710385e-02 8.594557742163690117e-02 4.593319988064818032e-02 5.054633446442634986e-02 7.039189889705887992e-02 1.159199903440964741e-01
6.142722057495699634e-02 6.342050434824396399e-02 7.286879499391803183e-02 2.573224249897950594e-02 1.352647684866366273e-02 1.788692865140073182e-02 4.723137310992283483e-02 9.139081010650201842e-02 4.832657361120555606e-02 5.215753942407822669e-02 7.164042612118427800e-02 1.172825521769592649e-01
7.015557587850830557e-02 7.286879499391803183e-02 8.408677767244904233e-02 2.972789192354811927e-02 1.572477337994699492e-02 2.099012823613040368e-02 5.560563053585566157e-02 1.076902875810631377e-01 5.652433051997225039e-02 6.017309996393428728e-02 8.184390642801075977e-02 1.334360468199532745e-01
2.474313881066694115e-02 2.573224249897950594e-02 2.972789192354811927e-02 1.055767075092063460e-02 5.699491376967569245e-03 7.826313290028062003e-03 2.092355021226063871e-02 4.062894745808627583e-02 2.102180079070357921e-02 2.179001193582727133e-02 2.907861116999654189e-02 4.703063634004932964e-02
1.291846616795593039e-02 1.352647684866366273e-02 1.572477337994699492e-02 5.699491376967569245e-03 3.360637068387233028e-03 5.143868161187180148e-03 1.420184156786910394e-02 2.782735368839761581e-02 1.368784992280523173e-02 1.279069177270823060e-02 1.570784399044836480e-02 2.446693908742486601e-02
1.690288623398800844e-02 1.788692865140073182e-02 2.099012823613040368e-02 7.826313290028062003e-03 5.143868161187180148e-03 8.778924794333321791e-03 2.492932280804802808e-02 4.921972617945842565e-02 2.315922215496187334e-02 1.946784446270888660e-02 2.156180264274526817e-02 3.182993691819979709e-02
4.446279350614710385e-02 4.723137310992283483e-02 5.560563053585566157e-02 2.092355021226063871e-02 1.420184156786910394e-02 2.492932280804802808e-02 7.127174810880815281e-02 1.409692451539829583e-01 6.562349714028066494e-02 5.364759089494032518e-02 5.760912698013429672e-02 8.354991879633116847e-02
8.594557742163690117e-02 9.139081010650201842e-02 1.076902875810631377e-01 4.062894745808627583e-02 2.782735368839761581e-02 4.921972617945842565e-02 1.409692451539829583e-01 2.791561469110541149e-01 1.295455935309333118e-01 1.050830477029163629e-01 1.118623730862018661e-01 1.614088041915799354e-01
4.593319988064818032e-02 4.832657361120555606e-02 5.652433051997225039e-02 2.102180079070357921e-02 1.368784992280523173e-02 2.315922215496187334e-02 6.562349714028066494e-02 1.295455935309333118e-01 6.128923744860925726e-02 5.215077193198691674e-02 5.845918261302863322e-02 8.683388453806634155e-02
5.054633446442634986e-02 5.215753942407822669e-02 6.017309996393428728e-02 2.179001193582727133e-02 1.279069177270823060e-02 1.946784446270888660e-02 5.364759089494032518e-02 1.050830477029163629e-01 5.215077193198691674e-02 4.966736820973890326e-02 6.179434119358952204e-02 9.669498843498638974e-02
7.039189889705887992e-02 7.164042612118427800e-02 8.184390642801075977e-02 2.907861116999654189e-02 1.570784399044836480e-02 2.156180264274526817e-02 5.760912698013429672e-02 1.118623730862018661e-01 5.845918261302863322e-02 6.179434119358952204e-02 8.364883020373284350e-02 1.358079999840839380e-01
1.159199903440964741e-01 1.172825521769592649e-01 1.334360468199532745e-01 4.703063634004932964e-02 2.446693908742486601e-02 3.182993691819979709e-02 8.354991879633116847e-02 1.614088041915799354e-01 8.683388453806634155e-02 9.669498843498638974e-02 1.358079999840839380e-01 2.245266676970887332e-01
5.916345806004026653e-02 1.857654211057654936e-01 1.052325602638718438e-01 4.713267501043224422e-02 3.940098937660273248e-02 6.633740382111785738e-02 2.007721744109212947e-02 6.140633732485422519e-03 5.556473921727825283e-03 3.807710234015109114e-03 6.807647720073723742e-03 1.601586678441288547e-02
