2.851560922411565668e-01 1.682288871841106925e-01 1.144073250606491843e-01 7.950613493732575088e-02 4.228689184962694525e-02 5.361480433436534992e-04 -4.397031401400345457e-02 -9.109077118698083453e-02 -1.374333047887163761e-01 -1.677736258321636531e-01
1.682288871841106925e-01 1.292326697296490023e-01 1.216240685590919413e-01 1.075702057014850110e-01 7.320267931094381897e-02 4.398681921039628712e-02 6.290825047607168097e-03 -3.500985932803037104e-02 -7.519486319793979023e-02 -9.529172631785934322e-02
1.144073250606491843e-01 1.216240685590919413e-01 1.728328987078216472e-01 1.854485936157627135e-01 1.297839240806227257e-01 9.431789581176802661e-02 5.367376658895398750e-02 9.369897441767884722e-03 -3.848263493523040868e-02 -6.049353510512656823e-02
7.950613493732575088e-02 1.075702057014850110e-01 1.854485936157627135e-01 2.542638503728071320e-01 1.872071602712720995e-01 1.351682950059835964e-01 8.908592756413563629e-02 4.788386081321992921e-02 1.332656542421899269e-03 -3.195630295979225849e-02
4.228689184962694525e-02 7.320267931094381897e-02 1.297839240806227257e-01 1.872071602712720995e-01 2.066111645282752152e-01 1.750710171639971724e-01 1.202434201983008377e-01 7.822569964226799843e-02 4.087669242527121327e-02 7.039233896334996885e-04
5.361480433436534992e-04 4.398681921039628712e-02 9.431789581176802661e-02 1.351682950059835964e-01 1.750710171639971724e-01 1.979804858973654158e-01 1.512603746329283516e-01 1.104691138593781735e-01 7.684476432656663081e-02 3.321679047142223062e-02
-4.397031401400345457e-02 6.290825047607168097e-03 5.367376658895398750e-02 8.908592756413563629e-02 1.202434201983008377e-01 1.512603746329283516e-01 1.436091933881594451e-01 1.321585537997532478e-01 1.146232912485962291e-01 6.342264605491512719e-02
-9.109077118698083453e-02 -3.500985932803037104e-02 9.369897441767884722e-03 4.788386081321992921e-02 7.822569964226799843e-02 1.104691138593781735e-01 1.321585537997532478e-01 1.783251960543850156e-01 1.961798985017142172e-01 1.090005297834550912e-01
-1.374333047887163761e-01 -7.519486319793979023e-02 -3.848263493523040868e-02 1.332656542421899269e-03 4.087669242527121327e-02 7.684476432656663081e-02 1.146232912485962291e-01 1.961798985017142172e-01 2.924787442455266118e-01 1.635182369970416549e-01
-1.677736258321636531e-01 -9.529172631785934322e-02 -6.049353510512656823e-02 -3.195630295979225849e-02 7.039233896334996885e-04 3.321679047142223062e-02 6.342264605491512719e-02 1.090005297834550912e-01 1.635182369970416549e-01 1.395097048348538371e-01
2.732155603261868237e-01 1.575876424113576701e-01 1.219325936422480522e-01 9.049151201925556554e-02 6.330125967530395026e-02 4.060524192583363917e-02 2.001662873704374880e-03 -6.334327931563982217e-02 -1.343540696288915426e-01 -2.097612902186588857e-01
1.575876424113576701e-01 1.237385178433197536e-01 1.236089217051543065e-01 1.035825581875877560e-01 7.796764456478905148e-02 6.099865092951815143e-02 3.892714666697435349e-02 -6.280564781202689108e-03 -6.427932976457925718e-02 -1.123539233914568336e-01
1.219325936422480522e-01 1.236089217051543065e-01 1.619551396461345050e-01 1.510910812097454869e-01 1.178594571238102406e-01 9.512879039056806874e-02 7.509068603755335303e-02 3.571568638021296871e-02 -2.710642616756378867e-02 -8.026332430778133908e-02
9.049151201925556554e-02 1.035825581875877560e-01 1.510910812097454869e-01 1.615127433255354461e-01 1.365428295023898564e-01 1.156609338991163999e-01 9.577879677653072799e-02 6.247810157299475697e-02 7.539466489014604728e-03 -4.962359400849750135e-02
6.330125967530395026e-02 7.796764456478905148e-02 1.178594571238102406e-01 1.365428295023898564e-01 1.384142547463151629e-01 1.347732681494760443e-01 1.194868949743226744e-01 8.490310965443209623e-02 3.835651340433852280e-02 -1.836504544563441477e-02
4.060524192583363917e-02 6.099865092951815143e-02 9.512879039056806874e-02 1.156609338991163999e-01 1.347732681494760443e-01 1.667514337160648785e-01 1.684098017782895695e-01 1.247439374071107332e-01 7.391171075755190167e-02 1.509479659565342302e-02
2.001662873704374880e-03 3.892714666697435349e-02 7.509068603755335303e-02 9.577879677653072799e-02 1.194868949743226744e-01 1.684098017782895695e-01 2.170716032256937711e-01 1.824422272695450653e-01 1.216035094649465520e-01 5.988842312596195927e-02
-6.334327931563982217e-02 -6.280564781202689108e-03 3.571568638021296871e-02 6.247810157299475697e-02 8.490310965443209623e-02 1.247439374071107332e-01 1.824422272695450653e-01 2.267896979329008245e-01 1.928949975317126309e-01 1.213789228309822971e-01
-1.343540696288915426e-01 -6.427932976457925718e-02 -2.710642616756378867e-02 7.539466489014604728e-03 3.835651340433852280e-02 7.391171075755190167e-02 1.216035094649465520e-01 1.928949975317126309e-01 2.681801975577617903e-01 2.027237525854599653e-01
-2.097612902186588857e-01 -1.123539233914568336e-01 -8.026332430778133908e-02 -4.962359400849750135e-02 -1.836504544563441477e-02 1.509479659565342302e-02 5.988842312596195927e-02 1.213789228309822971e-01 2.027237525854599653e-01 2.623708516800875024e-01
1.555993798903548553e-01 1.373037292394441999e-01 1.161565960371842288e-01 8.181914894636009572e-02 4.865580317435810875e-02 -3.174523007902948103e-03 -5.222705270469447936e-02 -9.272699465953089526e-02 -1.194678723321887098e-01 -1.562270074561277478e-01
1.373037292394441999e-01 1.568006179642005282e-01 1.562842831240132124e-01 1.193514077472886681e-01 8.561535283582159817e-02 3.874886909516687961e-02 -1.495047496361839867e-02 -6.137832099420133941e-02 -8.676839297020323694e-02 -1.189389497207667817e-01
1.161565960371842288e-01 1.562842831240132124e-01 1.973391278378257008e-01 1.705645733519923768e-01 1.322324210374513642e-01 8.349036271578791357e-02 2.804500883128593219e-02 -2.596948233417506816e-02 -5.997905981199967013e-02 -9.082814503193892275e-02
8.181914894636009572e-02 1.193514077472886681e-01 1.705645733519923768e-01 1.995004765333965868e-01 1.870207008752053923e-01 1.262495812996856648e-01 7.096205309824021867e-02 2.166210190139095798e-02 -2.176372365807011794e-02 -5.618292550790802281e-02
4.865580317435810875e-02 8.561535283582159817e-02 1.322324210374513642e-01 1.870207008752053923e-01 2.650264516078754129e-01 1.973064668754334616e-01 1.234159416121522190e-01 7.509943399349418292e-02 2.617982189112322625e-02 -1.432110476565107322e-02
-3.174523007902948103e-03 3.874886909516687961e-02 8.349036271578791357e-02 1.262495812996856648e-01 1.973064668754334616e-01 2.233634016612135176e-01 1.715026182381110820e-01 1.250116884527897598e-01 7.522642630909832928e-02 4.190728442767988754e-02
-5.222705270469447936e-02 -1.495047496361839867e-02 2.804500883128593219e-02 7.096205309824021867e-02 1.234159416121522190e-01 1.715026182381110820e-01 1.984246148128905318e-01 1.808266401299100656e-01 1.204428375346267427e-01 8.743475417515310377e-02
-9.272699465953089526e-02 -6.137832099420133941e-02 -2.596948233417506816e-02 2.166210190139095798e-02 7.509943399349418292e-02 1.250116884527897598e-01 1.808266401299100656e-01 2.307554045080524863e-01 1.726510538982681253e-01 1.320177339614846956e-01
-1.194678723321887098e-01 -8.676839297020323694e-02 -5.997905981199967013e-02 -2.176372365807011794e-02 2.617982189112322625e-02 7.522642630909832928e-02 1.204428375346267427e-01 1.726510538982681253e-01 1.796673787971082847e-01 1.629534705845147591e-01
-1.562270074561277478e-01 -1.189389497207667817e-01 -9.082814503193892275e-02 -5.618292550790802281e-02 -1.432110476565107322e-02 4.190728442767988754e-02 8.743475417515310377e-02 1.320177339614846956e-01 1.629534705845147591e-01 1.935231463870823176e-01
2.447532801366342770e-01 2.100637162074206199e-01 1.342335693876316183e-01 8.891295290005736540e-02 3.198980721833080687e-02 -1.609057883374157699e-02 -5.434208770875947891e-02 -8.381860899054230374e-02 -1.214711582176432880e-01 -1.554214540119327193e-01
2.100637162074206199e-01 2.820192691922459027e-01 1.857761318272293516e-01 1.286317098207254705e-01 7.329889696837435520e-02 2.780693599867882851e-02 -1.131125132708793446e-02 -4.976313480657529320e-02 -8.790986854444972354e-02 -1.216995606872643687e-01
1.342335693876316183e-01 1.857761318272293516e-01 1.814706676590397416e-01 1.600039617493025368e-01 1.104472057209582303e-01 6.663315377928828720e-02 3.650496528922523437e-02 -4.448223206102218906e-03 -4.427465708207538320e-02 -7.737112603799506383e-02
8.891295290005736540e-02 1.286317098207254705e-01 1.600039617493025368e-01 2.007348579714271497e-01 1.689298878861272002e-01 1.195187591123047371e-01 9.023843460494562763e-02 4.861191390759767028e-02 7.564345724108701916e-03 -3.594487799446227649e-02
3.198980721833080687e-02 7.329889696837435520e-02 1.104472057209582303e-01 1.689298878861272002e-01 1.911780639908741974e-01 1.620670447208648335e-01 1.348392338262435763e-01 9.134420060286768672e-02 5.766277481652119785e-02 1.391104793564846079e-02
-1.609057883374157699e-02 2.780693599867882851e-02 6.663315377928828720e-02 1.195187591123047371e-01 1.620670447208648335e-01 1.915812011050457286e-01 1.887602994630663555e-01 1.260757911875964865e-01 8.929136784680824501e-02 4.923427492811561362e-02
-5.434208770875947891e-02 -1.131125132708793446e-02 3.650496528922523437e-02 9.023843460494562763e-02 1.348392338262435763e-01 1.887602994630663555e-01 2.617961642980856651e-01 1.798914035526821276e-01 1.261720371763834780e-01 7.940234763264475415e-02
-8.381860899054230374e-02 -4.976313480657529320e-02 -4.448223206102218906e-03 4.861191390759767028e-02 9.134420060286768672e-02 1.260757911875964865e-01 1.798914035526821276e-01 1.678840881116844264e-01 1.398213224385342623e-01 9.962783992423289436e-02
-1.214711582176432880e-01 -8.790986854444972354e-02 -4.427465708207538320e-02 7.564345724108701916e-03 5.766277481652119785e-02 8.929136784680824501e-02 1.261720371763834780e-01 1.398213224385342623e-01 1.485709004112190645e-01 1.239466970382809979e-01
-1.554214540119327193e-01 -1.216995606872643687e-01 -7.737112603799506383e-02 -3.594487799446227649e-02 1.391104793564846079e-02 4.923427492811561362e-02 7.940234763264475415e-02 9.962783992423289436e-02 1.239466970382809979e-01 1.300115071237452624e-01
1.922741838231424860e-01 1.238505993458846599e-01 1.025538955175478717e-01 9.547164762489987466e-02 6.156508861711969954e-02 2.476588611653399163e-02 -3.118646276063706535e-02 -8.790444442498243638e-02 -1.265216275125677914e-01 -1.854194090869662193e-01
1.238505993458846599e-01 9.691034648310106747e-02 9.806903109567716159e-02 1.067667661225504688e-01 7.360308913361693350e-02 4.640558453383793192e-02 8.091372773050177145e-03 -4.158409477462904347e-02 -7.176278332909083457e-02 -1.080524026243738778e-01
1.025538955175478717e-01 9.806903109567716159e-02 1.309934995902704014e-01 1.709917830166460262e-01 1.153343185359797241e-01 7.846141879742715708e-02 4.426997080646184052e-02 -1.042593464483815464e-02 -4.763824188536692344e-02 -8.060046459123969276e-02
9.547164762489987466e-02 1.067667661225504688e-01 1.709917830166460262e-01 2.790495229369026609e-01 1.895671116659818911e-01 1.264990737774354668e-01 8.840084165662720483e-02 2.786572748503803390e-02 -2.335491183705610749e-02 -6.563171945289272835e-02
6.156508861711969954e-02 7.360308913361693350e-02 1.153343185359797241e-01 1.895671116659818911e-01 1.843919111184829651e-01 1.529987976017233853e-01 1.239302369672997672e-01 6.878666142993138111e-02 2.117699865739335399e-02 -2.543952110807632533e-02
2.476588611653399163e-02 4.640558453383793192e-02 7.846141879742715708e-02 1.264990737774354668e-01 1.529987976017233853e-01 1.813647729312110879e-01 1.802534558441341028e-01 1.171468545811484019e-01 6.610781475747862235e-02 1.954912933704770067e-02
-3.118646276063706535e-02 8.091372773050177145e-03 4.426997080646184052e-02 8.840084165662720483e-02 1.239302369672997672e-01 1.802534558441341028e-01 2.517911343603911334e-01 1.944612422252328110e-01 1.254282751121505168e-01 7.833387616493053818e-02
-8.790444442498243638e-02 -4.158409477462904347e-02 -1.042593464483815464e-02 2.786572748503803390e-02 6.878666142993138111e-02 1.171468545811484019e-01 1.944612422252328110e-01 2.471656398568715107e-01 1.874672307259060700e-01 1.326344167064381907e-01
-1.265216275125677914e-01 -7.176278332909083457e-02 -4.763824188536692344e-02 -2.335491183705610749e-02 2.117699865739335399e-02 6.610781475747862235e-02 1.254282751121505168e-01 1.874672307259060700e-01 2.063987209792614574e-01 1.773865307034236949e-01
-1.854194090869662193e-01 -1.080524026243738778e-01 -8.060046459123969276e-02 -6.563171945289272835e-02 -2.543952110807632533e-02 1.954912933704770067e-02 7.833387616493053818e-02 1.326344167064381907e-01 1.773865307034236949e-01 2.296602679203662845e-01
2.365961305070683751e-01 1.656583245602154530e-01 1.309835392521060682e-01 8.068205615422495425e-02 5.541367177378739295e-02 2.318233159428125661e-02 -2.428167535912746644e-02 -7.842133767246800558e-02 -1.302780818700197685e-01 -1.963574749884809401e-01
1.656583245602154530e-01 1.663847818536033085e-01 1.614642617007951420e-01 1.063456166621745969e-01 8.238128806463553000e-02 5.920740847645347693e-02 2.004192299761028279e-02 -2.637861964426881783e-02 -7.608562342838519343e-02 -1.227285239567635633e-01
1.309835392521060682e-01 1.614642617007951420e-01 1.995287846041563784e-01 1.434819426243053031e-01 1.198416944260706773e-01 9.702526307340439415e-02 5.957427253809398360e-02 1.801419578243373260e-02 -4.109995988594948579e-02 -9.023202100395535941e-02
8.068205615422495425e-02 1.063456166621745969e-01 1.434819426243053031e-01 1.257808507996265868e-01 1.270884206471723232e-01 1.154672897738753673e-01 7.784923070774553422e-02 4.815949584329583255e-02 2.753453707265118540e-04 -4.619449792887869027e-02
5.541367177378739295e-02 8.238128806463553000e-02 1.198416944260706773e-01 1.270884206471723232e-01 1.713050855635441794e-01 1.806664615838923238e-01 1.223608198766499011e-01 8.726011915237114058e-02 4.048553494988640228e-02 -1.257011344181209640e-02
2.318233159428125661e-02 5.920740847645347693e-02 9.702526307340439415e-02 1.154672897738753673e-01 1.806664615838923238e-01 2.430649255182305291e-01 1.753147122876335673e-01 1.299821641575566733e-01 8.104801123004942709e-02 2.803831169038625837e-02
-2.428167535912746644e-02 2.004192299761028279e-02 5.957427253809398360e-02 7.784923070774553422e-02 1.223608198766499011e-01 1.753147122876335673e-01 1.783156668147795332e-01 1.669706731869729510e-01 1.183415766495487936e-01 6.871427612887383296e-02
-7.842133767246800558e-02 -2.637861964426881783e-02 1.801419578243373260e-02 4.815949584329583255e-02 8.726011915237114058e-02 1.299821641575566733e-01 1.669706731869729510e-01 2.252121058920130148e-01 1.864033939243519011e-01 1.244833349629782121e-01
-1.302780818700197685e-01 -7.608562342838519343e-02 -4.109995988594948579e-02 2.753453707265118540e-04 4.048553494988640228e-02 8.104801123004942709e-02 1.183415766495487936e-01 1.864033939243519011e-01 2.204327511735961753e-01 1.815477153033956681e-01
-1.963574749884809401e-01 -1.227285239567635633e-01 -9.023202100395535941e-02 -4.619449792887869027e-02 -1.257011344181209640e-02 2.803831169038625837e-02 6.871427612887383296e-02 1.244833349629782121e-01 1.815477153033956681e-01 2.333789172733830575e-01
1.354326284102878586e-01 1.606248292036064895e-01 1.247124421530073357e-01 7.984924557247741195e-02 4.670592084850719305e-02 -2.440336760343110069e-03 -3.776715420878921925e-02 -7.365053627970472028e-02 -9.693034453418858387e-02 -1.346781328373404807e-01
1.606248292036064895e-01 2.516502885399209410e-01 2.018027504897915436e-01 1.235455678245280797e-01 8.240715775736644211e-02 3.184723729147974358e-02 -1.576824076648399020e-02 -5.900243781700995060e-02 -9.005141017234825906e-02 -1.356908111943658513e-01
1.247124421530073357e-01 2.018027504897915436e-01 2.281700258311611940e-01 1.542087392621488140e-01 1.146425616660277230e-01 6.950720843262828130e-02 2.264056042836654070e-02 -2.326642093569476766e-02 -6.434616548878061004e-02 -1.064611702039220398e-01
7.984924557247741195e-02 1.235455678245280797e-01 1.542087392621488140e-01 1.390546215000131314e-01 1.329915422936390201e-01 1.080788492531675471e-01 6.303481978583760914e-02 2.599636864282355714e-02 -2.319502821727299074e-02 -6.480941274408603958e-02
4.670592084850719305e-02 8.240715775736644211e-02 1.146425616660277230e-01 1.329915422936390201e-01 1.813421813992409093e-01 1.960588518260219515e-01 1.219379016964501489e-01 8.431012825493905405e-02 2.413544465328770414e-02 -2.169188824914540514e-02
-2.440336760343110069e-03 3.184723729147974358e-02 6.950720843262828130e-02 1.080788492531675471e-01 1.960588518260219515e-01 3.301372767459124780e-01 1.985123792871552884e-01 1.424179852024939075e-01 7.822491357596163264e-02 3.882289800235479843e-02
-3.776715420878921925e-02 -1.576824076648399020e-02 2.264056042836654070e-02 6.303481978583760914e-02 1.219379016964501489e-01 1.985123792871552884e-01 2.041948868169275177e-01 1.835934900847468187e-01 1.100763352808494244e-01 7.326219261148657347e-02
-7.365053627970472028e-02 -5.900243781700995060e-02 -2.326642093569476766e-02 2.599636864282355714e-02 8.431012825493905405e-02 1.424179852024939075e-01 1.835934900847468187e-01 2.275117178211842339e-01 1.539717001738918623e-01 1.169133215845135493e-01
-9.693034453418858387e-02 -9.005141017234825906e-02 -6.434616548878061004e-02 -2.319502821727299074e-02 2.413544465328770414e-02 7.822491357596163264e-02 1.100763352808494244e-01 1.539717001738918623e-01 1.388028286238739417e-01 1.332571893912121719e-01
-1.346781328373404807e-01 -1.356908111943658513e-01 -1.064611702039220398e-01 -6.480941274408603958e-02 -2.169188824914540514e-02 3.882289800235479843e-02 7.326219261148657347e-02 1.169133215845135493e-01 1.332571893912121719e-01 1.637035443114786548e-01
2.810483373583753108e-01 1.798145883566612535e-01 1.244165921898107985e-01 7.816087806634446078e-02 4.047776007873636617e-02 1.354825384390768647e-02 -2.697171531033855374e-02 -7.342866454269895982e-02 -1.346032419299384997e-01 -2.044255797680840925e-01
1.798145883566612535e-01 1.735673849977775740e-01 1.630071339659730223e-01 1.161258481452675795e-01 7.281639744323743779e-02 5.692149151254041056e-02 2.552025503656927402e-02 -1.750724208545713367e-02 -6.928945218513152260e-02 -1.193169052774845085e-01
1.244165921898107985e-01 1.630071339659730223e-01 2.220647992646184732e-01 1.763818174414363837e-01 1.145054299786388841e-01 9.805140510672080700e-02 7.067207268404883391e-02 3.183054172835749623e-02 -1.613478126248692190e-02 -7.159384767227779112e-02
7.816087806634446078e-02 1.161258481452675795e-01 1.763818174414363837e-01 1.713560762178141239e-01 1.259839559272548370e-01 1.187617909477338141e-01 9.247375235737076427e-02 5.962361215517035518e-02 2.593994506633646308e-02 -2.729830102091653291e-02
4.047776007873636617e-02 7.281639744323743779e-02 1.145054299786388841e-01 1.259839559272548370e-01 1.218424929317652866e-01 1.401568984750474478e-01 1.143065893711097819e-01 7.689142439261346940e-02 5.104616139747425452e-02 7.951499219070347693e-03
1.354825384390768647e-02 5.692149151254041056e-02 9.805140510672080700e-02 1.187617909477338141e-01 1.401568984750474478e-01 2.021560852932905994e-01 1.765320667897582740e-01 1.196807574548091335e-01 8.753929156157724822e-02 4.291152035269907294e-02
-2.697171531033855374e-02 2.552025503656927402e-02 7.067207268404883391e-02 9.247375235737076427e-02 1.143065893711097819e-01 1.765320667897582740e-01 1.862806266369711472e-01 1.441239665980422746e-01 1.192934531376197010e-01 7.623487074106037598e-02
-7.342866454269895982e-02 -1.750724208545713367e-02 3.183054172835749623e-02 5.962361215517035518e-02 7.689142439261346940e-02 1.196807574548091335e-01 1.441239665980422746e-01 1.556167865109051585e-01 1.649007320624517603e-01 1.197107463558733376e-01
-1.346032419299384997e-01 -6.928945218513152260e-02 -1.613478126248692190e-02 2.593994506633646308e-02 5.104616139747425452e-02 8.753929156157724822e-02 1.192934531376197010e-01 1.649007320624517603e-01 2.387361553153436455e-01 1.968977521293597266e-01
-2.044255797680840925e-01 -1.193169052774845085e-01 -7.159384767227779112e-02 -2.729830102091653291e-02 7.951499219070347693e-03 4.291152035269907294e-02 7.623487074106037598e-02 1.197107463558733376e-01 1.968977521293597266e-01 2.473312554731380841e-01
1.992032513316711051e-01 1.508671018450144508e-01 1.069647575201019135e-01 9.572851658996614499e-02 5.187743657276959464e-02 9.985466522120465052e-03 -3.267276154671884536e-02 -7.887545512186405761e-02 -9.483277881225182782e-02 -1.817878274807180616e-01
1.508671018450144508e-01 1.455389817803912911e-01 1.249814706597948133e-01 1.257857313012505640e-01 7.753907802587836628e-02 4.490929007943424145e-02 2.730206754895981875e-04 -4.779488442904029216e-02 -6.483795172182652000e-02 -1.268925927854615554e-01
1.069647575201019135e-01 1.249814706597948133e-01 1.457082179913504194e-01 1.728528206846354776e-01 1.092153475146376562e-01 7.402697855690185125e-02 2.939173029226622297e-02 -1.719319359714919365e-02 -4.078466371015115888e-02 -8.548827043474233056e-02
9.572851658996614499e-02 1.257857313012505640e-01 1.728528206846354776e-01 2.502319040258733085e-01 1.693053836090035180e-01 1.241872590736351617e-01 6.862090884665295043e-02 2.080275363335210015e-02 -2.294940842424231242e-02 -7.078670455869832956e-02
5.187743657276959464e-02 7.753907802587836628e-02 1.092153475146376562e-01 1.693053836090035180e-01 1.714919724977236326e-01 1.752318622016136584e-01 1.108440231203909471e-01 6.936101554634807598e-02 1.586035134675429364e-02 -2.218602949681289585e-02
9.985466522120465052e-03 4.490929007943424145e-02 7.402697855690185125e-02 1.241872590736351617e-01 1.752318622016136584e-01 2.605670825085258935e-01 1.817622905990503579e-01 1.307209703541071244e-01 5.983557766756630869e-02 3.098653091787540587e-02
-3.267276154671884536e-02 2.730206754895981875e-04 2.939173029226622297e-02 6.862090884665295043e-02 1.108440231203909471e-01 1.817622905990503579e-01 1.855719001786458044e-01 1.932404970318953030e-01 9.020946079721335609e-02 6.647946767604910601e-02
-7.887545512186405761e-02 -4.779488442904029216e-02 -1.719319359714919365e-02 2.080275363335210015e-02 6.936101554634807598e-02 1.307209703541071244e-01 1.932404970318953030e-01 3.479322718484760824e-01 1.556258996678084039e-01 1.149702000358416576e-01
-9.483277881225182782e-02 -6.483795172182652000e-02 -4.078466371015115888e-02 -2.294940842424231242e-02 1.586035134675429364e-02 5.983557766756630869e-02 9.020946079721335609e-02 1.556258996678084039e-01 9.959628012048556134e-02 1.138389531360818330e-01
-1.817878274807180616e-01 -1.268925927854615554e-01 -8.548827043474233056e-02 -7.078670455869832956e-02 -2.218602949681289585e-02 3.098653091787540587e-02 6.647946767604910601e-02 1.149702000358416576e-01 1.138389531360818330e-01 1.941581377168581368e-01
1.542710969727497383e-01 1.275311478836573809e-01 9.393044694336655231e-02 7.148673156968343712e-02 3.927218258884875024e-02 4.980801528732408529e-03 -4.593643615458237184e-02 -9.767345927855052012e-02 -1.352914053286132789e-01 -1.668145103874411894e-01
1.275311478836573809e-01 1.269694527814025919e-01 1.139433061211590770e-01 1.086536783449701393e-01 7.246205537002489705e-02 4.548701370753291395e-02 -1.263670130602333186e-02 -6.502804078179129366e-02 -9.894963542859010197e-02 -1.234370051468506174e-01
9.393044694336655231e-02 1.139433061211590770e-01 1.386414624952554409e-01 1.673298405936737843e-01 1.182450422026223164e-01 9.083303102247961003e-02 2.943192362887110669e-02 -2.086729064840577713e-02 -5.850072211668148892e-02 -8.078296293921277682e-02
7.148673156968343712e-02 1.086536783449701393e-01 1.673298405936737843e-01 2.585795023726008002e-01 1.921970337079249025e-01 1.493154687002076486e-01 7.759127618587349784e-02 2.767948006168985398e-02 -1.873223641770819722e-02 -4.894065175227886588e-02
3.927218258884875024e-02 7.246205537002489705e-02 1.182450422026223164e-01 1.921970337079249025e-01 2.083700172373105231e-01 2.004023967281659269e-01 1.065599138702711807e-01 5.929836941725757926e-02 1.997938854452141824e-02 -1.283410379350030314e-02
4.980801528732408529e-03 4.548701370753291395e-02 9.083303102247961003e-02 1.493154687002076486e-01 2.004023967281659269e-01 3.057469894868203308e-01 1.671822007221055451e-01 1.057214348039605400e-01 6.562677834767456642e-02 3.109407605436920879e-02
-4.593643615458237184e-02 -1.263670130602333186e-02 2.943192362887110669e-02 7.759127618587349784e-02 1.065599138702711807e-01 1.671822007221055451e-01 1.316376334156111327e-01 1.251584600134877101e-01 1.085231281672929537e-01 7.648582049604368827e-02
-9.767345927855052012e-02 -6.502804078179129366e-02 -2.086729064840577713e-02 2.767948006168985398e-02 5.929836941725757926e-02 1.057214348039605400e-01 1.251584600134877101e-01 1.805216247352522951e-01 1.913393908575622693e-01 1.373411194912977362e-01
-1.352914053286132789e-01 -9.894963542859010197e-02 -5.850072211668148892e-02 -1.873223641770819722e-02 1.997938854452141824e-02 6.562677834767456642e-02 1.085231281672929537e-01 1.913393908575622693e-01 2.704374701233704936e-01 1.986271396407280898e-01
-1.668145103874411894e-01 -1.234370051468506174e-01 -8.078296293921277682e-02 -4.894065175227886588e-02 -1.283410379350030314e-02 3.109407605436920879e-02 7.648582049604368827e-02 1.373411194912977362e-01 1.986271396407280898e-01 2.248247503796275693e-01
2.897734666563725470e-01 1.808609809970318782e-01 1.317344016841153209e-01 7.144978072756943965e-02 4.910831633596798862e-02 1.192115574057337618e-02 -3.007499010294343439e-02 -7.520013944947548379e-02 -1.377628238454178256e-01 -2.000271456236948908e-01
1.808609809970318782e-01 1.683616876843143095e-01 1.568994760262878152e-01 9.645780792453653718e-02 8.317448123076209843e-02 5.354815747628584310e-02 2.202494420497163111e-02 -2.306210563829368815e-02 -7.928723920356346710e-02 -1.211887983534289392e-01
1.317344016841153209e-01 1.568994760262878152e-01 1.923176308609789997e-01 1.332903348207374605e-01 1.296279061220773632e-01 9.622055181283831193e-02 6.806357110040370251e-02 2.072924215413316645e-02 -3.907620977673557233e-02 -8.518806871619247212e-02
7.144978072756943965e-02 9.645780792453653718e-02 1.332903348207374605e-01 1.161919359241318228e-01 1.402770091166590793e-01 1.108947689817257748e-01 8.293802907957423254e-02 4.767537886375387834e-02 8.213877482018986861e-03 -3.409464942549962629e-02
4.910831633596798862e-02 8.317448123076209843e-02 1.296279061220773632e-01 1.402770091166590793e-01 2.216713776846000183e-01 1.888159979476313477e-01 1.383530804016848137e-01 9.164708416358408050e-02 5.462689907185044186e-02 5.429554109218780351e-04
1.192115574057337618e-02 5.354815747628584310e-02 9.622055181283831193e-02 1.108947689817257748e-01 1.888159979476313477e-01 2.133939492644502112e-01 1.731901458074986966e-01 1.180268139177648723e-01 8.363566552216863959e-02 3.491555026120711502e-02
-3.007499010294343439e-02 2.202494420497163111e-02 6.806357110040370251e-02 8.293802907957423254e-02 1.383530804016848137e-01 1.731901458074986966e-01 1.899190685890649322e-01 1.500840214891957514e-01 1.214847597041229937e-01 7.115239279214222168e-02
-7.520013944947548379e-02 -2.306210563829368815e-02 2.072924215413316645e-02 4.767537886375387834e-02 9.164708416358408050e-02 1.180268139177648723e-01 1.500840214891957514e-01 1.616670633721280226e-01 1.652897846219217870e-01 1.129790666575412189e-01
-1.377628238454178256e-01 -7.928723920356346710e-02 -3.907620977673557233e-02 8.213877482018986861e-03 5.462689907185044186e-02 8.363566552216863959e-02 1.214847597041229937e-01 1.652897846219217870e-01 2.310629651389323191e-01 1.836117799163344833e-01
-2.000271456236948908e-01 -1.211887983534289392e-01 -8.518806871619247212e-02 -3.409464942549962629e-02 5.429554109218780351e-04 3.491555026120711502e-02 7.115239279214222168e-02 1.129790666575412189e-01 1.836117799163344833e-01 2.156408548250265123e-01
3.012675713685791790e-01 1.658501511633009018e-01 1.096395545354026391e-01 5.656302672939014092e-02 1.741169512082796356e-02 -2.299860306430148021e-02 -4.657864514283466262e-02 -8.196175251095580427e-02 -1.437325212781280226e-01 -1.807253035020745247e-01
1.658501511633009018e-01 1.281718609643566764e-01 1.395581947532809342e-01 9.778213261421421498e-02 5.919523145147292248e-02 3.485407306470163225e-02 -1.100125158406509455e-03 -3.464733107938060275e-02 -7.832428730932475269e-02 -9.765618460167128922e-02
1.096395545354026391e-01 1.395581947532809342e-01 2.546950189452214519e-01 2.055817037300046723e-01 1.337701043522996902e-01 1.085461569239274254e-01 4.820503509389138797e-02 5.833396799253150883e-03 -3.518961393945516103e-02 -5.806270465839043909e-02
5.656302672939014092e-02 9.778213261421421498e-02 2.055817037300046723e-01 2.194336488166365173e-01 1.635944850391660710e-01 1.392524341857833414e-01 7.206578580316651272e-02 3.690519202193488779e-02 1.527781821364934678e-02 -1.609590807003637158e-02
1.741169512082796356e-02 5.919523145147292248e-02 1.337701043522996902e-01 1.635944850391660710e-01 1.923079014162416278e-01 1.963291654497899830e-01 9.998333671593451211e-02 5.738126876707028839e-02 4.466310097569009541e-02 1.359554466488795479e-02
-2.299860306430148021e-02 3.485407306470163225e-02 1.085461569239274254e-01 1.392524341857833414e-01 1.963291654497899830e-01 2.558666451495079652e-01 1.345445765137517902e-01 8.359536396641295553e-02 7.776825984567693750e-02 4.453219252517916921e-02
-4.657864514283466262e-02 -1.100125158406509455e-03 4.820503509389138797e-02 7.206578580316651272e-02 9.998333671593451211e-02 1.345445765137517902e-01 8.572901278032993289e-02 7.361542518241673272e-02 9.327881040362011322e-02 5.820648921246721064e-02
-8.196175251095580427e-02 -3.464733107938060275e-02 5.833396799253150883e-03 3.690519202193488779e-02 5.738126876707028839e-02 8.359536396641295553e-02 7.361542518241673272e-02 9.907633095298565284e-02 1.605748778155139112e-01 9.860080291348009840e-02
-1.437325212781280226e-01 -7.832428730932475269e-02 -3.518961393945516103e-02 1.527781821364934678e-02 4.466310097569009541e-02 7.776825984567693750e-02 9.327881040362011322e-02 1.605748778155139112e-01 3.007264307763622413e-01 1.815822965844027803e-01
-1.807253035020745247e-01 -9.765618460167128922e-02 -5.806270465839043909e-02 -1.609590807003637158e-02 1.359554466488795479e-02 4.453219252517916921e-02 5.820648921246721064e-02 9.860080291348009840e-02 1.815822965844027803e-01 1.627255788297790329e-01
1.287417996669167897e-01 1.688714238338506757e-01 1.165757547539837957e-01 8.899640386267751446e-02 5.555016265454063018e-02 1.008537914461569074e-03 -4.815218271478530904e-02 -6.127880381060682446e-02 -9.810808780255708683e-02 -8.657286101450016591e-02
1.688714238338506757e-01 2.704545776734184059e-01 1.916585326640872500e-01 1.429847694069028563e-01 1.055383291810123303e-01 3.763267105272830038e-02 -7.510701330826438996e-03 -3.180997445179418320e-02 -6.401239402441767645e-02 -8.558310051512604821e-02
1.165757547539837957e-01 1.916585326640872500e-01 1.952528328531201729e-01 1.777201586771474384e-01 1.319695369443855681e-01 5.931464456774441368e-02 2.875676945552367234e-02 -1.410748488491237341e-04 -2.964322954675679272e-02 -5.526304838765495886e-02
8.899640386267751446e-02 1.429847694069028563e-01 1.777201586771474384e-01 2.387136700125258859e-01 1.897045653033374579e-01 9.084451506378754537e-02 6.223124114179046096e-02 2.812635999265504852e-02 1.562783886248988573e-03 -3.536510948132570720e-02
5.555016265454063018e-02 1.055383291810123303e-01 1.319695369443855681e-01 1.897045653033374579e-01 1.877568268599307810e-01 1.111676188928496234e-01 1.080226925735579269e-01 6.617869954370420027e-02 4.700790750947711483e-02 -3.130399618800971256e-03
1.008537914461569074e-03 3.763267105272830038e-02 5.931464456774441368e-02 9.084451506378754537e-02 1.111676188928496234e-01 1.038349519609145094e-01 1.482394865454091382e-01 9.903122062435708306e-02 8.053883906153934402e-02 3.332081727833174911e-02
-4.815218271478530904e-02 -7.510701330826438996e-03 2.875676945552367234e-02 6.223124114179046096e-02 1.080226925735579269e-01 1.482394865454091382e-01 2.687099381008402066e-01 1.852457739627130506e-01 1.490759476887311419e-01 8.135600102547085877e-02
-6.127880381060682446e-02 -3.180997445179418320e-02 -1.410748488491237341e-04 2.812635999265504852e-02 6.617869954370420027e-02 9.903122062435708306e-02 1.852457739627130506e-01 1.760867041755053153e-01 1.902970987269639591e-01 9.615154983076409922e-02
-9.810808780255708683e-02 -6.401239402441767645e-02 -2.964322954675679272e-02 1.562783886248988573e-03 4.700790750947711483e-02 8.053883906153934402e-02 1.490759476887311419e-01 1.902970987269639591e-01 3.347986221197625234e-01 1.589134383299408704e-01
-8.657286101450016591e-02 -8.558310051512604821e-02 -5.526304838765495886e-02 -3.536510948132570720e-02 -3.130399618800971256e-03 3.332081727833174911e-02 8.135600102547085877e-02 9.615154983076409922e-02 1.589134383299408704e-01 9.565007657706596500e-02
2.769506579939516322e-01 1.910626942897212244e-01 1.150049605298365668e-01 6.584038820701265671e-02 3.086128900701649164e-02 -1.662180636676140709e-03 -3.615845199478320837e-02 -8.254498475103036470e-02 -1.324327317343038934e-01 -2.156015283196430765e-01
1.910626942897212244e-01 2.081445133309354212e-01 1.656669752271757168e-01 1.212481573293117815e-01 8.660336363072845822e-02 5.475314188059998699e-02 2.275340334836096004e-02 -1.527408216703827690e-02 -6.491166463325932778e-02 -1.266087316904850602e-01
1.150049605298365668e-01 1.656669752271757168e-01 1.940421764588232678e-01 1.750611165277412562e-01 1.318934459855815866e-01 9.366874345404634095e-02 6.626912664448392221e-02 4.281823488809350514e-02 -1.315490510575060201e-03 -5.896667417321962978e-02
6.584038820701265671e-02 1.212481573293117815e-01 1.750611165277412562e-01 2.203893541373001252e-01 1.821230789129257566e-01 1.262548488415215497e-01 9.238980494294377066e-02 7.594795221362019011e-02 4.161659809667172388e-02 -7.090146635246133769e-03
3.086128900701649164e-02 8.660336363072845822e-02 1.318934459855815866e-01 1.821230789129257566e-01 1.979890362722430408e-01 1.483721863328032187e-01 1.108548784066186316e-01 9.512397984915976767e-02 6.515009026155675620e-02 2.792462865577488226e-02
-1.662180636676140709e-03 5.475314188059998699e-02 9.366874345404634095e-02 1.262548488415215497e-01 1.483721863328032187e-01 1.353086837304130763e-01 1.138922786718521152e-01 1.067048025951364137e-01 8.043769706455985991e-02 5.060663014656328201e-02
-3.615845199478320837e-02 2.275340334836096004e-02 6.626912664448392221e-02 9.238980494294377066e-02 1.108548784066186316e-01 1.138922786718521152e-01 1.148822935103939596e-01 1.229569415134508098e-01 1.033433515637386529e-01 7.731388588297696818e-02
-8.254498475103036470e-02 -1.527408216703827690e-02 4.281823488809350514e-02 7.594795221362019011e-02 9.512397984915976767e-02 1.067048025951364137e-01 1.229569415134508098e-01 1.555549904587719690e-01 1.495608869496942994e-01 1.271519532128397578e-01
-1.324327317343038934e-01 -6.491166463325932778e-02 -1.315490510575060201e-03 4.161659809667172388e-02 6.515009026155675620e-02 8.043769706455985991e-02 1.033433515637386529e-01 1.495608869496942994e-01 1.857126636675534570e-01 1.943519139391327866e-01
-2.156015283196430765e-01 -1.266087316904850602e-01 -5.896667417321962978e-02 -7.090146635246133769e-03 2.792462865577488226e-02 5.060663014656328201e-02 7.731388588297696818e-02 1.271519532128397578e-01 1.943519139391327866e-01 3.110256304396147864e-01
1.528835278509638740e-01 1.369531519234384875e-01 1.103946162583043511e-01 7.694612493021706079e-02 3.465962075303249956e-02 -1.742996831455794274e-02 -5.944151860298106660e-02 -9.491644082753769585e-02 -1.191654114653373231e-01 -1.606225283393514780e-01
1.369531519234384875e-01 1.571356577455761128e-01 1.508333926918255519e-01 1.211475652400527681e-01 7.701971589294426268e-02 2.636855049126353434e-02 -2.785653225633978602e-02 -6.903691190978669678e-02 -9.026689441426476168e-02 -1.241034991418312888e-01
1.103946162583043511e-01 1.508333926918255519e-01 1.911483474462299936e-01 1.853729077228795652e-01 1.292384959531180377e-01 7.868083324218713703e-02 1.740382744198839052e-02 -3.085002804845434626e-02 -5.936357078635438184e-02 -8.962515626216138731e-02
7.694612493021706079e-02 1.211475652400527681e-01 1.853729077228795652e-01 2.583921260216428539e-01 2.029033987476204226e-01 1.363461233995783561e-01 7.131862340890413043e-02 2.366840479815436951e-02 -1.642536846322496108e-02 -5.118141595485425910e-02
3.465962075303249956e-02 7.701971589294426268e-02 1.292384959531180377e-01 2.029033987476204226e-01 2.605787024289409892e-01 1.999119413959861702e-01 1.181389821647566979e-01 7.362315134778724124e-02 3.370406976304459595e-02 1.040333765204730284e-04
-1.742996831455794274e-02 2.636855049126353434e-02 7.868083324218713703e-02 1.363461233995783561e-01 1.999119413959861702e-01 2.373201859222102694e-01 1.661779089251526620e-01 1.222501545376228349e-01 8.018209057871419909e-02 5.486722776528558249e-02
-5.944151860298106660e-02 -2.785653225633978602e-02 1.740382744198839052e-02 7.131862340890413043e-02 1.181389821647566979e-01 1.661779089251526620e-01 1.675929198996289060e-01 1.557804347290809299e-01 1.148783539190123271e-01 9.171284680154739855e-02
-9.491644082753769585e-02 -6.903691190978669678e-02 -3.085002804845434626e-02 2.366840479815436951e-02 7.362315134778724124e-02 1.222501545376228349e-01 1.557804347290809299e-01 1.914007753127605349e-01 1.597959309124620808e-01 1.338634599752182852e-01
-1.191654114653373231e-01 -9.026689441426476168e-02 -5.936357078635438184e-02 -1.642536846322496108e-02 3.370406976304459595e-02 8.018209057871419909e-02 1.148783539190123271e-01 1.597959309124620808e-01 1.732053258781258986e-01 1.673886154745038712e-01
-1.606225283393514780e-01 -1.241034991418312888e-01 -8.962515626216138731e-02 -5.118141595485425910e-02 1.040333765204730284e-04 5.486722776528558249e-02 9.171284680154739855e-02 1.338634599752182852e-01 1.673886154745038712e-01 2.103424314939208173e-01
2.100563823409642705e-01 1.981931004036143196e-01 1.283906060019984197e-01 7.100556274054944939e-02 2.525811037801099085e-02 -1.571197067742217957e-02 -4.890635259393291689e-02 -6.461988369379570440e-02 -1.252000982445645449e-01 -1.710773051849926174e-01
1.981931004036143196e-01 2.889128772449464089e-01 1.986167490752401010e-01 1.206969737599066783e-01 7.278087706657990208e-02 3.340914569058368866e-02 -3.818629330590296491e-03 -3.382825777929876487e-02 -8.579477069713252468e-02 -1.307346667317652866e-01
1.283906060019984197e-01 1.986167490752401010e-01 2.224948540970722033e-01 1.675531709879548303e-01 1.198259851225935979e-01 8.316005874755684479e-02 5.394919438355717106e-02 1.140004455834412248e-02 -3.096717690791169278e-02 -7.787499449990686884e-02
7.100556274054944939e-02 1.206969737599066783e-01 1.675531709879548303e-01 1.755614863579494367e-01 1.512215523825894969e-01 1.203093757361038962e-01 9.335331234074956130e-02 4.807176869334165575e-02 2.454236937366868418e-02 -2.133820089918900959e-02
2.525811037801099085e-02 7.278087706657990208e-02 1.198259851225935979e-01 1.512215523825894969e-01 1.706362201646443311e-01 1.632802686378032331e-01 1.328317602254567853e-01 7.556038868490953797e-02 6.398992609029982570e-02 2.474915515414659317e-02
-1.571197067742217957e-02 3.340914569058368866e-02 8.316005874755684479e-02 1.203093757361038962e-01 1.632802686378032331e-01 2.183828536133415321e-01 1.962330194151355456e-01 1.074182898833405675e-01 9.438506226447979097e-02 6.035742224243491327e-02
-4.890635259393291689e-02 -3.818629330590296491e-03 5.394919438355717106e-02 9.335331234074956130e-02 1.328317602254567853e-01 1.962330194151355456e-01 2.275001482270217479e-01 1.312363907146461561e-01 1.216980514042709516e-01 8.827747902563053140e-02
-6.461988369379570440e-02 -3.382825777929876487e-02 1.140004455834412248e-02 4.807176869334165575e-02 7.556038868490953797e-02 1.074182898833405675e-01 1.312363907146461561e-01 9.800662063695549098e-02 1.171680864319107479e-01 9.771029308457707119e-02
