1.663837728050293063e-01 1.613749130890591577e-01 1.410857993603100158e-01 1.170043766528959944e-01 8.222304836887503465e-02 3.521151977771470182e-02 -9.048716731307160713e-03 -5.029967509795922609e-02 -8.871937733861638697e-02 -1.174226306453316632e-01 -1.311145023361418027e-01 -1.568369871008556404e-01
1.613749130890591577e-01 1.705109184538774192e-01 1.619895156213010945e-01 1.483488782139262829e-01 1.209009002413422990e-01 7.506426477877635450e-02 3.284377676292311865e-02 -9.569773143740686189e-03 -4.987856516209943081e-02 -8.401156182147155593e-02 -1.072330867643035701e-01 -1.407672505023504494e-01
1.410857993603100158e-01 1.619895156213010945e-01 1.687669167144725813e-01 1.685395437751705250e-01 1.512931222787239904e-01 1.102819569265657690e-01 7.369778550557895547e-02 3.385237199242626532e-02 -4.855378241223906773e-03 -4.185705766140761230e-02 -7.321108073385208803e-02 -1.118598714765400848e-01
1.170043766528959944e-01 1.483488782139262829e-01 1.685395437751705250e-01 1.843362440557825832e-01 1.791257934649345129e-01 1.439888740874034623e-01 1.137891846949624364e-01 7.747889364894232356e-02 4.150900487493751345e-02 2.569900385936538766e-03 -3.653429865845771174e-02 -7.977809049849862721e-02
8.222304836887503465e-02 1.209009002413422990e-01 1.512931222787239904e-01 1.791257934649345129e-01 1.890538215784388909e-01 1.642912068427648253e-01 1.435401059800623380e-01 1.139918933861437944e-01 8.404461665953649741e-02 4.691553661024162880e-02 3.764118122614039472e-03 -4.019100169573565362e-02
3.521151977771470182e-02 7.506426477877635450e-02 1.102819569265657690e-01 1.439888740874034623e-01 1.642912068427648253e-01 1.562319788750589078e-01 1.494084773895979490e-01 1.314995862275981919e-01 1.120382359898045299e-01 8.246054960163617942e-02 4.236189934403958302e-02 4.867006313985736826e-03
-9.048716731307160713e-03 3.284377676292311865e-02 7.369778550557895547e-02 1.137891846949624364e-01 1.435401059800623380e-01 1.494084773895979490e-01 1.574135961245520798e-01 1.512163732841784181e-01 1.415768733607946639e-01 1.183310040368596022e-01 8.009171567529382862e-02 4.799421300389375422e-02
-5.029967509795922609e-02 -9.569773143740686189e-03 3.385237199242626532e-02 7.747889364894232356e-02 1.139918933861437944e-01 1.314995862275981919e-01 1.512163732841784181e-01 1.584781801653301625e-01 1.599725360317956757e-01 1.444934864220349113e-01 1.103240039082730162e-01 8.536243211066706083e-02
-8.871937733861638697e-02 -4.987856516209943081e-02 -4.855378241223906773e-03 4.150900487493751345e-02 8.404461665953649741e-02 1.120382359898045299e-01 1.415768733607946639e-01 1.599725360317956757e-01 1.740837083239916705e-01 1.673006850875658758e-01 1.375982921198921904e-01 1.196294602287409081e-01
-1.174226306453316632e-01 -8.401156182147155593e-02 -4.185705766140761230e-02 2.569900385936538766e-03 4.691553661024162880e-02 8.246054960163617942e-02 1.183310040368596022e-01 1.444934864220349113e-01 1.673006850875658758e-01 1.718294165783737781e-01 1.505334622063878580e-01 1.414647900735352959e-01
-1.311145023361418027e-01 -1.072330867643035701e-01 -7.321108073385208803e-02 -3.653429865845771174e-02 3.764118122614039472e-03 4.236189934403958302e-02 8.009171567529382862e-02 1.103240039082730162e-01 1.375982921198921904e-01 1.505334622063878580e-01 1.425639772086815249e-01 1.448480498377841819e-01
-1.568369871008556404e-01 -1.407672505023504494e-01 -1.118598714765400848e-01 -7.977809049849862721e-02 -4.019100169573565362e-02 4.867006313985736826e-03 4.799421300389375422e-02 8.536243211066706083e-02 1.196294602287409081e-01 1.414647900735352959e-01 1.448480498377841819e-01 1.603474691164094579e-01
1.503859346410142961e-01 1.445648315674602502e-01 1.316442327909472798e-01 1.132819737601987592e-01 7.269122186196659563e-02 2.703987497963487516e-02 -1.672958733355161404e-02 -5.689699149729156302e-02 -8.808900164367412799e-02 -1.134213347031153840e-01 -1.377311516861683960e-01 -1.523504837678832380e-01
1.445648315674602502e-01 1.540548377331285579e-01 1.554635887819057760e-01 1.501237744792438544e-01 1.150054415550500891e-01 7.084254073963901222e-02 2.630718394066203225e-02 -1.429195356076196771e-02 -4.987045966874692482e-02 -8.087134960358990932e-02 -1.109048921720472147e-01 -1.340063386054238248e-01
1.316442327909472798e-01 1.554635887819057760e-01 1.742555493090020002e-01 1.844238045677584759e-01 1.565193590690247549e-01 1.153675748741605361e-01 7.176331249190168182e-02 3.251554792595658105e-02 -6.330375998696680974e-03 -4.247185617931253931e-02 -7.783993178790699075e-02 -1.090643835566411646e-01
1.132819737601987592e-01 1.501237744792438544e-01 1.844238045677584759e-01 2.131898003640559092e-01 1.948981869333894779e-01 1.582235192373570576e-01 1.168682092417244189e-01 8.042846518837244718e-02 3.971218328845542433e-02 -4.760971789737216721e-04 -4.035842142056599025e-02 -7.920019952735704583e-02
7.269122186196659563e-02 1.150054415550500891e-01 1.565193590690247549e-01 1.948981869333894779e-01 1.934875633374922577e-01 1.700812472456743052e-01 1.393172902042067174e-01 1.126836915998157967e-01 7.802167594462917910e-02 4.177861081123952075e-02 5.298664444551922856e-03 -3.364495383164486930e-02
2.703987497963487516e-02 7.084254073963901222e-02 1.153675748741605361e-01 1.582235192373570576e-01 1.700812472456743052e-01 1.641047183189891512e-01 1.476521486130564220e-01 1.332291157077196975e-01 1.074203406333614635e-01 7.817198608895198353e-02 4.839187892095410393e-02 1.312639955810905763e-02
-1.672958733355161404e-02 2.630718394066203225e-02 7.176331249190168182e-02 1.168682092417244189e-01 1.393172902042067174e-01 1.476521486130564220e-01 1.471326554307043066e-01 1.458197907023509043e-01 1.296913406860696338e-01 1.081379385259217674e-01 8.583860249195672532e-02 5.577611076864729539e-02
-5.689699149729156302e-02 -1.429195356076196771e-02 3.251554792595658105e-02 8.042846518837244718e-02 1.126836915998157967e-01 1.332291157077196975e-01 1.458197907023509043e-01 1.580601352306274798e-01 1.514997078993005619e-01 1.369095636047985565e-01 1.210183200319406294e-01 9.523499958634945584e-02
-8.808900164367412799e-02 -4.987045966874692482e-02 -6.330375998696680974e-03 3.971218328845542433e-02 7.802167594462917910e-02 1.074203406333614635e-01 1.296913406860696338e-01 1.514997078993005619e-01 1.561803813780999473e-01 1.504148228642231688e-01 1.421479101833134639e-01 1.224402369714964051e-01
-1.134213347031153840e-01 -8.087134960358990932e-02 -4.247185617931253931e-02 -4.760971789737216721e-04 4.177861081123952075e-02 7.817198608895198353e-02 1.081379385259217674e-01 1.369095636047985565e-01 1.504148228642231688e-01 1.551427507510908244e-01 1.555871740926024205e-01 1.427358254951187622e-01
-1.377311516861683960e-01 -1.109048921720472147e-01 -7.783993178790699075e-02 -4.035842142056599025e-02 5.298664444551922856e-03 4.839187892095410393e-02 8.583860249195672532e-02 1.210183200319406294e-01 1.421479101833134639e-01 1.555871740926024205e-01 1.665057305576313207e-01 1.616281194817354439e-01
-1.523504837678832380e-01 -1.340063386054238248e-01 -1.090643835566411646e-01 -7.920019952735704583e-02 -3.364495383164486930e-02 1.312639955810905763e-02 5.577611076864729539e-02 9.523499958634945584e-02 1.224402369714964051e-01 1.427358254951187622e-01 1.616281194817354439e-01 1.674999429481656699e-01
1.479064072385728457e-01 1.521690938980171659e-01 1.427441717970688306e-01 1.141585409275988894e-01 6.672291607861692564e-02 2.565254172151251039e-02 -1.557424241565920700e-02 -5.057259495457064324e-02 -8.309003185603711095e-02 -1.058443109670648558e-01 -1.325260759465000382e-01 -1.476946506564277284e-01
1.521690938980171659e-01 1.715714139241905911e-01 1.748062734446749755e-01 1.541915993778298355e-01 1.083071534294850480e-01 7.218177898713651341e-02 2.983123297177225908e-02 -1.205223534604005914e-02 -5.029755630527817101e-02 -8.134184951673684161e-02 -1.151545979079734161e-01 -1.397502440341804042e-01
1.427441717970688306e-01 1.748062734446749755e-01 1.940742185137915854e-01 1.851768222327931923e-01 1.448590436190725916e-01 1.170280104000962634e-01 7.709021992339944174e-02 3.140651318975502815e-02 -9.837493352014534814e-03 -4.760534697987577057e-02 -8.668513292980692397e-02 -1.192924751964655888e-01
1.141585409275988894e-01 1.541915993778298355e-01 1.851768222327931923e-01 1.928546260166190962e-01 1.651029499718919824e-01 1.501047550036543332e-01 1.177716878811025658e-01 7.388867219174638512e-02 3.487224621836120669e-02 -5.214173404804953345e-03 -4.509861281145144396e-02 -8.229319080304445255e-02
6.672291607861692564e-02 1.083071534294850480e-01 1.448590436190725916e-01 1.651029499718919824e-01 1.574710715010277928e-01 1.595319672833323266e-01 1.404172615631833487e-01 1.051569029492473439e-01 7.458210414934055010e-02 3.875981469163573834e-02 4.669496064076178801e-03 -3.123697178304390976e-02
2.565254172151251039e-02 7.218177898713651341e-02 1.170280104000962634e-01 1.501047550036543332e-01 1.595319672833323266e-01 1.801449982251187298e-01 1.733113664211644034e-01 1.436654490077125257e-01 1.186817116111843207e-01 8.419044327952347750e-02 5.326991936076772710e-02 1.607891451996807178e-02
-1.557424241565920700e-02 2.983123297177225908e-02 7.709021992339944174e-02 1.177716878811025658e-01 1.404172615631833487e-01 1.733113664211644034e-01 1.811904417111342702e-01 1.615880176481210573e-01 1.450732875547676992e-01 1.158230251857720744e-01 9.147855307082151943e-02 5.777224580425001366e-02
-5.057259495457064324e-02 -1.205223534604005914e-02 3.140651318975502815e-02 7.388867219174638512e-02 1.051569029492473439e-01 1.436654490077125257e-01 1.615880176481210573e-01 1.559921856896663572e-01 1.504856985260505930e-01 1.298889022673563598e-01 1.143473369461734113e-01 8.782596058208269607e-02
-8.309003185603711095e-02 -5.029755630527817101e-02 -9.837493352014534814e-03 3.487224621836120669e-02 7.458210414934055010e-02 1.186817116111843207e-01 1.450732875547676992e-01 1.504856985260505930e-01 1.566056878446144274e-01 1.445555822465868223e-01 1.371062916900750162e-01 1.165761945014425899e-01
-1.058443109670648558e-01 -8.134184951673684161e-02 -4.760534697987577057e-02 -5.214173404804953345e-03 3.875981469163573834e-02 8.419044327952347750e-02 1.158230251857720744e-01 1.298889022673563598e-01 1.445555822465868223e-01 1.435081000286181352e-01 1.455101761739713839e-01 1.328484307145992860e-01
-1.325260759465000382e-01 -1.151545979079734161e-01 -8.668513292980692397e-02 -4.509861281145144396e-02 4.669496064076178801e-03 5.326991936076772710e-02 9.147855307082151943e-02 1.143473369461734113e-01 1.371062916900750162e-01 1.455101761739713839e-01 1.584339240232499335e-01 1.539762540005639446e-01
-1.476946506564277284e-01 -1.397502440341804042e-01 -1.192924751964655888e-01 -8.229319080304445255e-02 -3.123697178304390976e-02 1.607891451996807178e-02 5.777224580425001366e-02 8.782596058208269607e-02 1.165761945014425899e-01 1.328484307145992860e-01 1.539762540005639446e-01 1.602469252833975399e-01
1.541150444599218572e-01 1.463508057372880089e-01 1.330200172813887638e-01 1.215974568250456911e-01 8.856554167636741803e-02 4.765210176790218854e-02 -4.005950157263505696e-04 -4.843775768799619963e-02 -8.732810556340700470e-02 -1.147974035254555880e-01 -1.354096356861523298e-01 -1.411189751319649743e-01
1.463508057372880089e-01 1.494113044031791793e-01 1.456824656927844519e-01 1.438310362122250941e-01 1.171356739081431536e-01 8.163026625539819559e-02 3.575468839669340010e-02 -9.182578098946254236e-03 -5.064423471311733926e-02 -8.383681114869642736e-02 -1.108193016320818125e-01 -1.251670411125256344e-01
1.330200172813887638e-01 1.456824656927844519e-01 1.537885540502963444e-01 1.630788934180250893e-01 1.438374456012355695e-01 1.146472297743400537e-01 7.219864780982468422e-02 3.186858105869908031e-02 -1.101829658715269833e-02 -4.937962041825200848e-02 -8.234926092006153442e-02 -1.049111712159095655e-01
1.215974568250456911e-01 1.438310362122250941e-01 1.630788934180250893e-01 1.863619387612316103e-01 1.756978549613860130e-01 1.527429008105612995e-01 1.128149406732928545e-01 7.650810991373656333e-02 3.133697306713824349e-02 -1.334186956242909908e-02 -5.361786763482553897e-02 -8.563687409754730528e-02
8.856554167636741803e-02 1.171356739081431536e-01 1.438374456012355695e-01 1.756978549613860130e-01 1.790577290112277398e-01 1.683954001416465562e-01 1.383445569548100162e-01 1.125659685288519785e-01 7.262494475743030975e-02 2.880156628673976801e-02 -1.261716431618348580e-02 -4.983993503015823195e-02
4.765210176790218854e-02 8.163026625539819559e-02 1.146472297743400537e-01 1.527429008105612995e-01 1.683954001416465562e-01 1.739189591585382499e-01 1.576102612752668386e-01 1.451007766672070542e-01 1.130263008814868797e-01 7.267448945968368879e-02 3.259118782925331248e-02 -8.036608961881044205e-03
-4.005950157263505696e-04 3.575468839669340010e-02 7.219864780982468422e-02 1.128149406732928545e-01 1.383445569548100162e-01 1.576102612752668386e-01 1.596589779799366948e-01 1.636887260782443620e-01 1.434151005745947227e-01 1.107135690383047599e-01 7.623006516983642233e-02 3.656530877041766492e-02
-4.843775768799619963e-02 -9.182578098946254236e-03 3.186858105869908031e-02 7.650810991373656333e-02 1.125659685288519785e-01 1.451007766672070542e-01 1.636887260782443620e-01 1.863571781930067062e-01 1.782485475544358655e-01 1.521795720434764576e-01 1.219886255068079461e-01 8.206480690982803639e-02
-8.732810556340700470e-02 -5.064423471311733926e-02 -1.101829658715269833e-02 3.133697306713824349e-02 7.262494475743030975e-02 1.130263008814868797e-01 1.434151005745947227e-01 1.782485475544358655e-01 1.856617639389217533e-01 1.708343094903071457e-01 1.490344821463363001e-01 1.140635134182067800e-01
-1.147974035254555880e-01 -8.383681114869642736e-02 -4.937962041825200848e-02 -1.334186956242909908e-02 2.880156628673976801e-02 7.267448945968368879e-02 1.107135690383047599e-01 1.521795720434764576e-01 1.708343094903071457e-01 1.704139878076944004e-01 1.597176246528121124e-01 1.328192191578324577e-01
-1.354096356861523298e-01 -1.108193016320818125e-01 -8.234926092006153442e-02 -5.361786763482553897e-02 -1.261716431618348580e-02 3.259118782925331248e-02 7.623006516983642233e-02 1.219886255068079461e-01 1.490344821463363001e-01 1.597176246528121124e-01 1.616446091522923956e-01 1.443555915316419025e-01
-1.411189751319649743e-01 -1.251670411125256344e-01 -1.049111712159095655e-01 -8.563687409754730528e-02 -4.983993503015823195e-02 -8.036608961881044205e-03 3.656530877041766492e-02 8.206480690982803639e-02 1.140635134182067800e-01 1.328192191578324577e-01 1.443555915316419025e-01 1.396099530837534575e-01
1.654009375436046314e-01 1.458983712900833452e-01 1.325467588987857548e-01 1.170141974651112138e-01 7.628658865636414599e-02 3.817066158603667214e-02 -1.963217932137639385e-03 -4.197341498464124410e-02 -8.382969354995828404e-02 -1.203410612079807152e-01 -1.527347229819727981e-01 -1.635424176383573625e-01
1.458983712900833452e-01 1.433708373029734251e-01 1.452317880721092358e-01 1.430831495565579869e-01 1.086904778653502712e-01 7.733593313493938859e-02 4.136540718000682876e-02 2.146160483612889573e-03 -3.749666543582080847e-02 -7.518086331196432992e-02 -1.106798666984343260e-01 -1.312636226101934200e-01
1.325467588987857548e-01 1.452317880721092358e-01 1.638518665587470058e-01 1.758198247157158056e-01 1.459123422037452433e-01 1.194093934570598647e-01 8.578296090869841350e-02 4.572479915488406044e-02 6.635825787531257798e-03 -3.400380480243464509e-02 -7.445976627781976387e-02 -1.055149755426217639e-01
1.170141974651112138e-01 1.430831495565579869e-01 1.758198247157158056e-01 2.034609974488503781e-01 1.793184874814119645e-01 1.580075771697565246e-01 1.270041523938353900e-01 8.679461426947412961e-02 4.909552681714882127e-02 6.507058415963266895e-03 -3.804504227649160852e-02 -7.878280749195300248e-02
7.628658865636414599e-02 1.086904778653502712e-01 1.459123422037452433e-01 1.793184874814119645e-01 1.694047367191669207e-01 1.594724585844258524e-01 1.381903753979595029e-01 1.065175377559925279e-01 7.832480186893600593e-02 4.341755376389842130e-02 5.017393166705684179e-03 -3.589445442831015742e-02
3.817066158603667214e-02 7.733593313493938859e-02 1.194093934570598647e-01 1.580075771697565246e-01 1.594724585844258524e-01 1.622785424471597793e-01 1.510616519085667964e-01 1.273215612628173787e-01 1.077163059198505413e-01 7.953989925707888320e-02 4.653352345883184082e-02 4.955678130569180287e-03
-1.963217932137639385e-03 4.136540718000682876e-02 8.578296090869841350e-02 1.270041523938353900e-01 1.381903753979595029e-01 1.510616519085667964e-01 1.521735587295746095e-01 1.388811977032424760e-01 1.294117770806708367e-01 1.096641077407853326e-01 8.406185474725863527e-02 4.473901291958988502e-02
-4.197341498464124410e-02 2.146160483612889573e-03 4.572479915488406044e-02 8.679461426947412961e-02 1.065175377559925279e-01 1.273215612628173787e-01 1.388811977032424760e-01 1.386975242195015168e-01 1.411577193953112985e-01 1.316687573433602820e-01 1.152663209120647347e-01 8.104958932068943855e-02
-8.382969354995828404e-02 -3.749666543582080847e-02 6.635825787531257798e-03 4.909552681714882127e-02 7.832480186893600593e-02 1.077163059198505413e-01 1.294117770806708367e-01 1.411577193953112985e-01 1.572117403576403505e-01 1.586990760039323489e-01 1.512082633612999993e-01 1.206671578424380747e-01
-1.203410612079807152e-01 -7.518086331196432992e-02 -3.400380480243464509e-02 6.507058415963266895e-03 4.341755376389842130e-02 7.953989925707888320e-02 1.096641077407853326e-01 1.316687573433602820e-01 1.586990760039323489e-01 1.733854561462408461e-01 1.768189794359263933e-01 1.524027112540753404e-01
-1.527347229819727981e-01 -1.106798666984343260e-01 -7.445976627781976387e-02 -3.804504227649160852e-02 5.017393166705684179e-03 4.653352345883184082e-02 8.406185474725863527e-02 1.152663209120647347e-01 1.512082633612999993e-01 1.768189794359263933e-01 1.939009808794195378e-01 1.782074920387233252e-01
-1.635424176383573625e-01 -1.312636226101934200e-01 -1.055149755426217639e-01 -7.878280749195300248e-02 -3.589445442831015742e-02 4.955678130569180287e-03 4.473901291958988502e-02 8.104958932068943855e-02 1.206671578424380747e-01 1.524027112540753404e-01 1.782074920387233252e-01 1.768628216471241077e-01
1.604484011645933017e-01 1.443595838146859434e-01 1.417455422618020544e-01 1.051685076169793509e-01 6.746794313475809601e-02 2.492998070975159172e-02 -1.300919076352430141e-02 -4.743743595041764738e-02 -8.140313249162776932e-02 -1.131538569159337565e-01 -1.480860285257179498e-01 -1.716683108239756561e-01
1.443595838146859434e-01 1.488059556776035741e-01 1.657040451280456517e-01 1.401894775573792606e-01 1.107820318151133132e-01 7.029175623734408573e-02 3.661016883965290125e-02 9.786589094345826342e-04 -3.410606295124196663e-02 -6.885220758078973435e-02 -1.066507672456611377e-01 -1.380807383467982097e-01
1.417455422618020544e-01 1.657040451280456517e-01 2.057658498757928278e-01 1.895596896147327959e-01 1.654506883987447718e-01 1.227467899166360399e-01 9.001086807149483171e-02 4.987755980299109909e-02 1.038531535503072097e-02 -3.091205978365918136e-02 -7.569724356740051285e-02 -1.182336380909337764e-01
1.051685076169793509e-01 1.401894775573792606e-01 1.895596896147327959e-01 1.896378504777556373e-01 1.779346116976492920e-01 1.433615177566776588e-01 1.190292810365966708e-01 8.406679613992888711e-02 4.990949743672251637e-02 1.237646625069540457e-02 -2.843314363940318765e-02 -7.151557358094008665e-02
6.746794313475809601e-02 1.107820318151133132e-01 1.654506883987447718e-01 1.779346116976492920e-01 1.806239916760747632e-01 1.560589418737731160e-01 1.406354379091936946e-01 1.116225022448326665e-01 8.355845599021163861e-02 5.103430666033648144e-02 1.568172498920433755e-02 -2.601773485586459517e-02
2.492998070975159172e-02 7.029175623734408573e-02 1.227467899166360399e-01 1.433615177566776588e-01 1.560589418737731160e-01 1.459135801117042441e-01 1.417048018861637448e-01 1.220671742419104366e-01 1.029371808534976368e-01 7.890460603297591580e-02 5.300488104880234780e-02 1.811451692895128113e-02
-1.300919076352430141e-02 3.661016883965290125e-02 9.001086807149483171e-02 1.190292810365966708e-01 1.406354379091936946e-01 1.417048018861637448e-01 1.489832673565139876e-01 1.377999980309318195e-01 1.261638500513668215e-01 1.086025728676808799e-01 8.992187100599442762e-02 5.955889238501153871e-02
-4.743743595041764738e-02 9.786589094345826342e-04 4.987755980299109909e-02 8.406679613992888711e-02 1.116225022448326665e-01 1.220671742419104366e-01 1.377999980309318195e-01 1.373003262639528321e-01 1.349145451721201483e-01 1.256066146438760966e-01 1.155720037966739278e-01 9.243229100180171132e-02
-8.140313249162776932e-02 -3.410606295124196663e-02 1.038531535503072097e-02 4.990949743672251637e-02 8.355845599021163861e-02 1.029371808534976368e-01 1.261638500513668215e-01 1.349145451721201483e-01 1.429552530073654182e-01 1.426596620809010840e-01 1.414397784466328301e-01 1.251743188785445215e-01
-1.131538569159337565e-01 -6.885220758078973435e-02 -3.091205978365918136e-02 1.237646625069540457e-02 5.103430666033648144e-02 7.890460603297591580e-02 1.086025728676808799e-01 1.256066146438760966e-01 1.426596620809010840e-01 1.533301847839251830e-01 1.624218887952468549e-01 1.541871579031836581e-01
-1.480860285257179498e-01 -1.066507672456611377e-01 -7.569724356740051285e-02 -2.843314363940318765e-02 1.568172498920433755e-02 5.300488104880234780e-02 8.992187100599442762e-02 1.155720037966739278e-01 1.414397784466328301e-01 1.624218887952468549e-01 1.847316553661725314e-01 1.863368742959159718e-01
-1.716683108239756561e-01 -1.380807383467982097e-01 -1.182336380909337764e-01 -7.151557358094008665e-02 -2.601773485586459517e-02 1.811451692895128113e-02 5.955889238501153871e-02 9.243229100180171132e-02 1.251743188785445215e-01 1.541871579031836581e-01 1.863368742959159718e-01 2.015036842385476423e-01
1.971756356216513295e-01 1.735229391819762823e-01 1.474316936381859511e-01 1.134201731454104745e-01 7.667465886124755214e-02 4.079256319535308484e-02 2.311939154552565458e-03 -3.692654436528476636e-02 -7.803259706606349710e-02 -1.225561116396914341e-01 -1.471342418668933893e-01 -1.911600075002634069e-01
1.735229391819762823e-01 1.676558476170884604e-01 1.563204983132919224e-01 1.341536810279251868e-01 1.069833932821560724e-01 7.956678990105842120e-02 4.583567327930253982e-02 7.933467954579848797e-03 -3.225030519939278001e-02 -7.570799353628211714e-02 -1.080796154075626403e-01 -1.554776146342751464e-01
1.474316936381859511e-01 1.563204983132919224e-01 1.610979793975411689e-01 1.515956923652919397e-01 1.341820015106396369e-01 1.150913144488342615e-01 8.630375866847445065e-02 5.040520857562556800e-02 1.194977078167734456e-02 -2.975523445078775628e-02 -6.927475527719972881e-02 -1.192926792158447991e-01
1.134201731454104745e-01 1.341536810279251868e-01 1.515956923652919397e-01 1.563392118446470247e-01 1.502365992846504406e-01 1.404223364159649379e-01 1.179407659493549310e-01 8.615416527762148613e-02 5.198409017441652652e-02 1.491399697411417702e-02 -2.860421624253182624e-02 -7.796457992834063266e-02
7.667465886124755214e-02 1.069833932821560724e-01 1.341820015106396369e-01 1.502365992846504406e-01 1.567710213861221447e-01 1.570923467748986946e-01 1.416637545616630245e-01 1.148982122863124455e-01 8.611377185347743324e-02 5.515672297186867412e-02 1.025821113011233035e-02 -3.607991374673578944e-02
4.079256319535308484e-02 7.956678990105842120e-02 1.150913144488342615e-01 1.404223364159649379e-01 1.570923467748986946e-01 1.687996752633865449e-01 1.612668760988426597e-01 1.398113501101281297e-01 1.163649696378021431e-01 9.153597136152205604e-02 4.631568114780330869e-02 3.859722535771403264e-03
2.311939154552565458e-03 4.583567327930253982e-02 8.630375866847445065e-02 1.179407659493549310e-01 1.416637545616630245e-01 1.612668760988426597e-01 1.641525349038830961e-01 1.509738740110163069e-01 1.351708928365898121e-01 1.184236808363086368e-01 7.686538811671508875e-02 4.207950748217113152e-02
-3.692654436528476636e-02 7.933467954579848797e-03 5.040520857562556800e-02 8.615416527762148613e-02 1.148982122863124455e-01 1.398113501101281297e-01 1.509738740110163069e-01 1.491620473760555954e-01 1.435659327620305015e-01 1.367459591274332587e-01 1.019352655309652966e-01 7.748461437691478437e-02
-7.803259706606349710e-02 -3.225030519939278001e-02 1.194977078167734456e-02 5.198409017441652652e-02 8.611377185347743324e-02 1.163649696378021431e-01 1.351708928365898121e-01 1.435659327620305015e-01 1.503389632103750428e-01 1.550492093350972489e-01 1.277737021955666075e-01 1.142892810354799310e-01
-1.225561116396914341e-01 -7.570799353628211714e-02 -2.975523445078775628e-02 1.491399697411417702e-02 5.515672297186867412e-02 9.153597136152205604e-02 1.184236808363086368e-01 1.367459591274332587e-01 1.550492093350972489e-01 1.737579382708821230e-01 1.556140771948177071e-01 1.543389524840377280e-01
-1.471342418668933893e-01 -1.080796154075626403e-01 -6.927475527719972881e-02 -2.860421624253182624e-02 1.025821113011233035e-02 4.631568114780330869e-02 7.686538811671508875e-02 1.019352655309652966e-01 1.277737021955666075e-01 1.556140771948177071e-01 1.536149419742332267e-01 1.675351778948123149e-01
-1.911600075002634069e-01 -1.554776146342751464e-01 -1.192926792158447991e-01 -7.796457992834063266e-02 -3.607991374673578944e-02 3.859722535771403264e-03 4.207950748217113152e-02 7.748461437691478437e-02 1.142892810354799310e-01 1.543389524840377280e-01 1.675351778948123149e-01 2.011342031341334657e-01
1.757769864446827590e-01 1.587988341772556544e-01 1.432472120867704091e-01 1.104243143719197684e-01 7.031430569542042319e-02 3.865536583805172927e-02 -1.717518292807049133e-03 -4.190787968885766740e-02 -7.712909236174611549e-02 -1.157407411163050431e-01 -1.483079443233185357e-01 -1.808402750164181394e-01
1.587988341772556544e-01 1.561540041539111745e-01 1.529638982422067139e-01 1.300587972625422972e-01 9.822389295103467477e-02 7.822092224498575219e-02 4.054829692120219542e-02 1.150821796774402321e-03 -3.834865308685245222e-02 -7.939325982828930595e-02 -1.160031029036950878e-01 -1.525913363405188017e-01
1.432472120867704091e-01 1.529638982422067139e-01 1.637807183541839240e-01 1.515021554544368210e-01 1.278077927957522453e-01 1.192392476534206297e-01 8.373438021452524194e-02 4.472911653066589249e-02 4.580237214669609369e-04 -4.376691363328259060e-02 -8.536632885221642764e-02 -1.267244465124972574e-01
1.104243143719197684e-01 1.300587972625422972e-01 1.515021554544368210e-01 1.533068754605012018e-01 1.419063140019643510e-01 1.463850795220065226e-01 1.171479715270035971e-01 8.309708055942352511e-02 3.948195082360946018e-02 -2.505585174337202504e-03 -4.430197006548777794e-02 -8.584032570360114467e-02
7.031430569542042319e-02 9.822389295103467477e-02 1.278077927957522453e-01 1.419063140019643510e-01 1.454595789705643016e-01 1.639086858127486168e-01 1.429075198315295503e-01 1.157131695817520817e-01 7.555469805317442666e-02 3.876185483731960091e-02 -2.542262346540793451e-04 -3.922325414238934937e-02
3.865536583805172927e-02 7.822092224498575219e-02 1.192392476534206297e-01 1.463850795220065226e-01 1.639086858127486168e-01 2.002206339733929585e-01 1.856547834793934038e-01 1.619634111900679629e-01 1.201940275077191672e-01 8.414238356417604037e-02 4.346008265441727442e-02 2.633242383258873470e-03
-1.717518292807049133e-03 4.054829692120219542e-02 8.373438021452524194e-02 1.171479715270035971e-01 1.429075198315295503e-01 1.856547834793934038e-01 1.841556986306479848e-01 1.709788219165145895e-01 1.373208250711674960e-01 1.100239807308912993e-01 7.686970579846627571e-02 4.362963451644291668e-02
-4.190787968885766740e-02 1.150821796774402321e-03 4.472911653066589249e-02 8.309708055942352511e-02 1.157131695817520817e-01 1.619634111900679629e-01 1.709788219165145895e-01 1.711805576508371451e-01 1.482554646457588388e-01 1.312060136473588434e-01 1.068947157692514138e-01 8.255249339905784689e-02
-7.712909236174611549e-02 -3.834865308685245222e-02 4.580237214669609369e-04 3.948195082360946018e-02 7.555469805317442666e-02 1.201940275077191672e-01 1.373208250711674960e-01 1.482554646457588388e-01 1.406226212864611913e-01 1.369364357693418910e-01 1.246546296876237109e-01 1.119351051820875187e-01
-1.157407411163050431e-01 -7.939325982828930595e-02 -4.376691363328259060e-02 -2.505585174337202504e-03 3.876185483731960091e-02 8.414238356417604037e-02 1.100239807308912993e-01 1.312060136473588434e-01 1.369364357693418910e-01 1.477701493622097517e-01 1.478928841697878527e-01 1.465058079780272859e-01
-1.483079443233185357e-01 -1.160031029036950878e-01 -8.536632885221642764e-02 -4.430197006548777794e-02 -2.542262346540793451e-04 4.346008265441727442e-02 7.686970579846627571e-02 1.068947157692514138e-01 1.246546296876237109e-01 1.478928841697878527e-01 1.622452943637465173e-01 1.734121356003229253e-01
-1.808402750164181394e-01 -1.525913363405188017e-01 -1.267244465124972574e-01 -8.584032570360114467e-02 -3.922325414238934937e-02 2.633242383258873470e-03 4.362963451644291668e-02 8.255249339905784689e-02 1.119351051820875187e-01 1.465058079780272859e-01 1.734121356003229253e-01 1.993268813488630609e-01
1.481728673453882872e-01 1.349626881771511522e-01 1.306422497409807371e-01 1.080946772094662500e-01 7.859350037297979652e-02 5.161177012214904214e-02 1.300490831098009489e-02 -2.970687766801345664e-02 -7.197455543841407843e-02 -1.147560066127251421e-01 -1.496169749015199557e-01 -1.564438702063059017e-01
1.349626881771511522e-01 1.352033343449219327e-01 1.423724520452566700e-01 1.280921618192785161e-01 1.052731525799828205e-01 8.692565700516037552e-02 5.218171271588073479e-02 1.304152280352095794e-02 -3.054851881520711729e-02 -7.497094594143663415e-02 -1.137128495136380119e-01 -1.306197834099305233e-01
1.306422497409807371e-01 1.423724520452566700e-01 1.621728501489825280e-01 1.554840406372896000e-01 1.375402230154292860e-01 1.259306278220740094e-01 9.239462098237034848e-02 5.412299848747174902e-02 6.556163396816655324e-03 -4.242881614358438858e-02 -8.765656689652724654e-02 -1.149950550271291172e-01
1.080946772094662500e-01 1.280921618192785161e-01 1.554840406372896000e-01 1.590712551638839845e-01 1.495540045292063636e-01 1.464801250885266470e-01 1.185090339808358428e-01 8.614904362464004262e-02 4.138492735902975922e-02 -5.128161068635209499e-03 -5.048428797026818099e-02 -8.419028096285366414e-02
7.859350037297979652e-02 1.052731525799828205e-01 1.375402230154292860e-01 1.495540045292063636e-01 1.511321629251590470e-01 1.580895670542517562e-01 1.376656529795736716e-01 1.130371540348329984e-01 7.375271977271244395e-02 3.275271540528738867e-02 -9.762263728815785691e-03 -4.784837126965273135e-02
5.161177012214904214e-02 8.692565700516037552e-02 1.259306278220740094e-01 1.464801250885266470e-01 1.580895670542517562e-01 1.776068621719706364e-01 1.650156711619806538e-01 1.474417764548876519e-01 1.116940345197413587e-01 7.430290628141172915e-02 3.271838710555054208e-02 -1.189420875373223274e-02
1.300490831098009489e-02 5.218171271588073479e-02 9.239462098237034848e-02 1.185090339808358428e-01 1.376656529795736716e-01 1.650156711619806538e-01 1.656036531221102837e-01 1.602143147133305578e-01 1.347410193768631692e-01 1.075424224719808974e-01 7.400743840268930729e-02 2.990818316699003429e-02
-2.970687766801345664e-02 1.304152280352095794e-02 5.412299848747174902e-02 8.614904362464004262e-02 1.130371540348329984e-01 1.474417764548876519e-01 1.602143147133305578e-01 1.701883697047646415e-01 1.575640900197542438e-01 1.423166025437608284e-01 1.180720967410026911e-01 7.527175366690239122e-02
-7.197455543841407843e-02 -3.054851881520711729e-02 6.556163396816655324e-03 4.138492735902975922e-02 7.375271977271244395e-02 1.116940345197413587e-01 1.347410193768631692e-01 1.575640900197542438e-01 1.623522419866424982e-01 1.630209781276519831e-01 1.518330949690669396e-01 1.151303866826836608e-01
-1.147560066127251421e-01 -7.497094594143663415e-02 -4.242881614358438858e-02 -5.128161068635209499e-03 3.275271540528738867e-02 7.430290628141172915e-02 1.075424224719808974e-01 1.423166025437608284e-01 1.630209781276519831e-01 1.822002152950354947e-01 1.857153231429082840e-01 1.554483335922849929e-01
-1.496169749015199557e-01 -1.137128495136380119e-01 -8.765656689652724654e-02 -5.048428797026818099e-02 -9.762263728815785691e-03 3.271838710555054208e-02 7.400743840268930729e-02 1.180720967410026911e-01 1.518330949690669396e-01 1.857153231429082840e-01 2.062823227789504221e-01 1.853721595085099372e-01
-1.564438702063059017e-01 -1.306197834099305233e-01 -1.149950550271291172e-01 -8.419028096285366414e-02 -4.784837126965273135e-02 -1.189420875373223274e-02 2.990818316699003429e-02 7.527175366690239122e-02 1.151303866826836608e-01 1.554483335922849929e-01 1.853721595085099372e-01 1.800138650121902995e-01
1.576185687868687513e-01 1.665551896693614198e-01 1.467806249700814858e-01 1.127729052144659239e-01 7.976360665949730477e-02 4.436420168301564992e-02 3.936353598957130495e-03 -3.652438410143844100e-02 -7.483272631014223353e-02 -1.072744224100411203e-01 -1.280883735680179991e-01 -1.528304979437742073e-01
1.665551896693614198e-01 1.931324239420011968e-01 1.831315387022826036e-01 1.532115066278915694e-01 1.237905054823477402e-01 9.021486236035172745e-02 4.608074387144660972e-02 7.240552413389641020e-03 -3.430148453117795593e-02 -7.482033009218189146e-02 -1.084064580782110598e-01 -1.462831045781859129e-01
1.467806249700814858e-01 1.831315387022826036e-01 1.869263883301618967e-01 1.670106034618572266e-01 1.458898446321036102e-01 1.191443916871462450e-01 7.837908921911573845e-02 4.729257094191495481e-02 9.444659189282474457e-03 -3.227908689030788147e-02 -7.266113730810297433e-02 -1.165679254172222179e-01
1.127729052144659239e-01 1.532115066278915694e-01 1.670106034618572266e-01 1.611201130772814683e-01 1.513166273262630535e-01 1.340388782531986567e-01 1.004204681867984644e-01 7.961727945924629291e-02 4.921113547946632388e-02 1.087214457321705567e-02 -3.165404816352352518e-02 -7.672796765723619017e-02
7.976360665949730477e-02 1.237905054823477402e-01 1.458898446321036102e-01 1.513166273262630535e-01 1.540442323293778060e-01 1.468476908920826329e-01 1.204825867157727770e-01 1.095052620264629767e-01 8.629929077129433468e-02 5.159210843696436510e-02 7.566789165257438790e-03 -3.825194207108641165e-02
4.436420168301564992e-02 9.021486236035172745e-02 1.191443916871462450e-01 1.340388782531986567e-01 1.468476908920826329e-01 1.512149604805952396e-01 1.340371503573574707e-01 1.334489437490353481e-01 1.181719433203683722e-01 8.840405410901161498e-02 4.502057612206577381e-02 6.877204926666874571e-04
3.936353598957130495e-03 4.608074387144660972e-02 7.837908921911573845e-02 1.004204681867984644e-01 1.204825867157727770e-01 1.340371503573574707e-01 1.297870994491919228e-01 1.406763943542913287e-01 1.354414873929752905e-01 1.139426527110748710e-01 7.631688529943964072e-02 3.896548771009330364e-02
-3.652438410143844100e-02 7.240552413389641020e-03 4.729257094191495481e-02 7.961727945924629291e-02 1.095052620264629767e-01 1.334489437490353481e-01 1.406763943542913287e-01 1.659606515769981305e-01 1.710415715595197117e-01 1.550956090749516791e-01 1.180231148791892060e-01 8.271722457177822785e-02
-7.483272631014223353e-02 -3.430148453117795593e-02 9.444659189282474457e-03 4.921113547946632388e-02 8.629929077129433468e-02 1.181719433203683722e-01 1.354414873929752905e-01 1.710415715595197117e-01 1.886933778741479439e-01 1.815141270637635751e-01 1.490711093067214610e-01 1.194904866289500378e-01
-1.072744224100411203e-01 -7.482033009218189146e-02 -3.227908689030788147e-02 1.087214457321705567e-02 5.159210843696436510e-02 8.840405410901161498e-02 1.139426527110748710e-01 1.550956090749516791e-01 1.815141270637635751e-01 1.873367781703218493e-01 1.650080041037152445e-01 1.453062558219876954e-01
-1.280883735680179991e-01 -1.084064580782110598e-01 -7.266113730810297433e-02 -3.165404816352352518e-02 7.566789165257438790e-03 4.502057612206577381e-02 7.631688529943964072e-02 1.180231148791892060e-01 1.490711093067214610e-01 1.650080041037152445e-01 1.589280072243527964e-01 1.537623013123707305e-01
-1.528304979437742073e-01 -1.462831045781859129e-01 -1.165679254172222179e-01 -7.672796765723619017e-02 -3.825194207108641165e-02 6.877204926666874571e-04 3.896548771009330364e-02 8.271722457177822785e-02 1.194904866289500378e-01 1.453062558219876954e-01 1.537623013123707305e-01 1.652373987587021087e-01
1.178288600162235578e-01 1.273242819582679486e-01 1.282485023407752278e-01 1.048845623248806369e-01 7.453104424236056680e-02 3.805062806784341445e-02 -1.199711229741121099e-03 -3.963300215082075917e-02 -7.534750147843208290e-02 -1.097895794673276609e-01 -1.216612664239959951e-01 -1.260420429253133467e-01
1.273242819582679486e-01 1.509013435190459107e-01 1.635901725683012453e-01 1.449082874058084114e-01 1.175103595310360016e-01 8.220990839215121249e-02 4.267836749676698349e-02 -3.168675267280343395e-03 -4.654459852171081991e-02 -8.749985047807502803e-02 -1.093299129744463027e-01 -1.241879635399397441e-01
1.282485023407752278e-01 1.635901725683012453e-01 1.897830125556597414e-01 1.781869526243140822e-01 1.556790721103054054e-01 1.235750150372466882e-01 8.614975047977366240e-02 3.551190074459523172e-02 -1.318990397040841443e-02 -5.867239820281091450e-02 -8.977405249285574929e-02 -1.143671303239945369e-01
1.048845623248806369e-01 1.449082874058084114e-01 1.781869526243140822e-01 1.794049556031347137e-01 1.679772507373613610e-01 1.456314575789697252e-01 1.172567153470563672e-01 7.076433203487252077e-02 2.545367113146163041e-02 -1.645218665413578432e-02 -5.198926955159156871e-02 -8.255848917737182435e-02
7.453104424236056680e-02 1.175103595310360016e-01 1.556790721103054054e-01 1.679772507373613610e-01 1.713634424214800500e-01 1.619788358187827793e-01 1.450918542371323339e-01 1.051934967913887575e-01 6.575311431306206378e-02 2.995327368576249094e-02 -8.492539198890827756e-03 -4.407655436228758578e-02
3.805062806784341445e-02 8.220990839215121249e-02 1.235750150372466882e-01 1.456314575789697252e-01 1.619788358187827793e-01 1.690180538890424522e-01 1.665364968016369018e-01 1.360271465002051428e-01 1.048704453585128510e-01 7.756462214462328530e-02 3.839377628936823522e-02 -4.286207935687960701e-04
-1.199711229741121099e-03 4.267836749676698349e-02 8.614975047977366240e-02 1.172567153470563672e-01 1.450918542371323339e-01 1.665364968016369018e-01 1.810859721500651109e-01 1.625087996318336503e-01 1.413007717118423545e-01 1.236928755898220600e-01 8.526586276203718118e-02 4.473370135849608076e-02
-3.963300215082075917e-02 -3.168675267280343395e-03 3.551190074459523172e-02 7.076433203487252077e-02 1.051934967913887575e-01 1.360271465002051428e-01 1.625087996318336503e-01 1.611499798235382364e-01 1.545439190524919293e-01 1.496967823376791906e-01 1.178506970251404634e-01 8.193655143731154444e-02
-7.534750147843208290e-02 -4.654459852171081991e-02 -1.318990397040841443e-02 2.545367113146163041e-02 6.575311431306206378e-02 1.048704453585128510e-01 1.413007717118423545e-01 1.545439190524919293e-01 1.639889021128060620e-01 1.725638423325781545e-01 1.473951493483407482e-01 1.160121122412855199e-01
-1.097895794673276609e-01 -8.749985047807502803e-02 -5.867239820281091450e-02 -1.645218665413578432e-02 2.995327368576249094e-02 7.756462214462328530e-02 1.236928755898220600e-01 1.496967823376791906e-01 1.725638423325781545e-01 1.960515207237805146e-01 1.776178445544536466e-01 1.499002814774090253e-01
-1.216612664239959951e-01 -1.093299129744463027e-01 -8.977405249285574929e-02 -5.198926955159156871e-02 -8.492539198890827756e-03 3.839377628936823522e-02 8.526586276203718118e-02 1.178506970251404634e-01 1.473951493483407482e-01 1.776178445544536466e-01 1.716630546358725584e-01 1.537255635653809183e-01
-1.260420429253133467e-01 -1.241879635399397441e-01 -1.143671303239945369e-01 -8.255848917737182435e-02 -4.407655436228758578e-02 -4.286207935687960701e-04 4.473370135849608076e-02 8.193655143731154444e-02 1.160121122412855199e-01 1.499002814774090253e-01 1.537255635653809183e-01 1.477609025493499817e-01
