6.521617569710237705e-02 7.248082063029073763e-02 9.062205602079874411e-02 9.848008892595129515e-02 8.590125999718266347e-02 9.442726007768506569e-02 8.675018354490572625e-02 8.519853375962779807e-02 9.692185846236490987e-02 8.777803419956808906e-02 6.922515123898929923e-02 6.699857744553333605e-02
5.990966897826284498e-02 5.842323033436342544e-02 5.638537454009854427e-02 8.185311643740306176e-02 1.018090019292975934e-01 1.088158106953178716e-01 9.026822752241919767e-02 1.038696653634608863e-01 9.896712333161408748e-02 8.612378290283816129e-02 7.954224871904257144e-02 7.403274924588210126e-02
6.406844030099073661e-02 6.282924458317326599e-02 7.615042320554238353e-02 9.743960133693824188e-02 1.090230205109864459e-01 1.100418189415388603e-01 9.844982428978898970e-02 8.455544070293391501e-02 7.641478548993632658e-02 7.853057812874789101e-02 7.363912565482126638e-02 6.885769685460170486e-02
7.042680499615172618e-02 6.772918635163863166e-02 6.288291866589859613e-02 6.923867115668833061e-02 9.494678671916699508e-02 1.089595877555392112e-01 1.255232931501135685e-01 1.185122302102869923e-01 7.225691075727347368e-02 5.923862908462573101e-02 7.709227951210288754e-02 7.319270164051422389e-02
7.010719313005939202e-02 8.055998290369383030e-02 8.486362617743856140e-02 8.435162935378340276e-02 9.283651313021730467e-02 1.059598092645018946e-01 9.298685139967907687e-02 8.448056814371196488e-02 8.434265287118622445e-02 8.358364958819729240e-02 6.807979727341689768e-02 6.784772676411433834e-02
7.575464232158750366e-02 8.038234693662710262e-02 9.173576702622204815e-02 1.050302414941830936e-01 7.706635751390268629e-02 6.331974309053550742e-02 5.567520634354838904e-02 6.489792836849586632e-02 8.954205342319521144e-02 9.359554210893643311e-02 1.076452430435011348e-01 9.535492832926542595e-02
6.799728549873312877e-02 7.795466027002349862e-02 9.153241511825664645e-02 9.393948690762915499e-02 8.816079830423410868e-02 1.085790376354245357e-01 1.028736915878740721e-01 1.017372130051343859e-01 8.535317907436448803e-02 7.352060931709761271e-02 5.434093557811091324e-02 5.401068770311742706e-02
9.900802957487661593e-02 9.315617035230308596e-02 7.699750508844215025e-02 7.007778465040809257e-02 6.066180471417803588e-02 5.846517695592187702e-02 6.113803577103196774e-02 6.750937728809858207e-02 1.031678877695718366e-01 1.076159344482604252e-01 1.040116371403939227e-01 9.819065624651335256e-02
6.721422642998417518e-02 7.202120718131871380e-02 8.047255239458322995e-02 8.117503451025423478e-02 7.528996175556514070e-02 1.045244039027079935e-01 1.058112807976365338e-01 9.545087648906042110e-02 9.064716651819328119e-02 8.217818024780268460e-02 7.115893144155466254e-02 7.405617833133873451e-02
1.020587982696798957e-01 8.757512488632912540e-02 7.787639310402866277e-02 7.690364417597868318e-02 9.046828771023097959e-02 9.292990291591431140e-02 7.863645845961803049e-02 7.858465873983978833e-02 7.279709647231398517e-02 6.849617737230138947e-02 7.629550102681455226e-02 9.737795686695066566e-02
8.073476022369949212e-02 9.099782009798070004e-02 8.379388872588650061e-02 6.572000074376663226e-02 6.839261907686197683e-02 8.376153743304309840e-02 9.930214627562507224e-02 8.696012589993754038e-02 9.816071630718584129e-02 8.375633418336439484e-02 8.080614975248334719e-02 7.761390128016565360e-02
9.130522481582688255e-02 9.385088531674382062e-02 1.062368820536309932e-01 9.166484799973424746e-02 7.788411424190765098e-02 7.511597418231198697e-02 6.292427753993865003e-02 6.916269609755912318e-02 7.219723767114391566e-02 8.209278500878919305e-02 7.986057521664589876e-02 9.770449985576795671e-02
8.933004440474942576e-02 9.021395593347228403e-02 1.015086064203793020e-01 8.895694254118544086e-02 7.782629695809868686e-02 7.591636256388246962e-02 6.897291110195230557e-02 5.648423499669291692e-02 6.666702311119751534e-02 8.329861392926588004e-02 9.129096403295941520e-02 1.095340440061644688e-01
5.504070593268742956e-02 5.226860057724859454e-02 5.919540445045503446e-02 7.873461554760524672e-02 7.813081592968341982e-02 9.267474677990597542e-02 1.125427857325125292e-01 1.226831067788135277e-01 1.182682858823953104e-01 9.347397911876027810e-02 7.278437239652657542e-02 6.420258087340599551e-02
7.721203375501682620e-02 8.216804000715484391e-02 9.070428777712613577e-02 7.943979871585606090e-02 7.070092901129018670e-02 7.880737235391907514e-02 7.861811552406747228e-02 9.835826291132822308e-02 9.512748441556290180e-02 9.568193673020278234e-02 8.002602576505710164e-02 7.315571303341839027e-02
1.011429027510941520e-01 1.094527444814911155e-01 9.882813975487429736e-02 7.973512466818261091e-02 8.328530499068192983e-02 9.092013641403856594e-02 7.442895340624197664e-02 6.310953090387259878e-02 5.907620704508699527e-02 6.477730980533200067e-02 7.956987122898163955e-02 9.567377455012229803e-02
8.572727636546015328e-02 8.132794261724041185e-02 8.851013921903125303e-02 9.899792519626805787e-02 9.093931917614371530e-02 6.553116352746710116e-02 6.025769245729006851e-02 6.627066103837692124e-02 7.496185575547234525e-02 1.004720902323961579e-01 1.016186686199727768e-01 8.538526579488124602e-02
8.181054806539499180e-02 9.070965873922307021e-02 1.089740769369106771e-01 9.656301498655896209e-02 9.725993698897081319e-02 1.022158959875061335e-01 9.034462873889084755e-02 7.797645747549769579e-02 6.926812692942679872e-02 5.773639981573393254e-02 5.869416040256210387e-02 6.844709493332407080e-02
6.520595776262083643e-02 8.010479317589257187e-02 9.938622580060746392e-02 8.356827676886127709e-02 7.704013804192580417e-02 1.045385326825813282e-01 1.156582277561385985e-01 8.329721001305007144e-02 8.053450096242999179e-02 7.349180729001295043e-02 7.608848166543719094e-02 6.108584808044175557e-02
5.800283568686311064e-02 7.038445905318180262e-02 7.563184622908959709e-02 8.147178916428514384e-02 7.855201640763487259e-02 8.159153585438143341e-02 8.434842931821573409e-02 9.499094244000047538e-02 8.742487272896336259e-02 1.038694148525402955e-01 1.095145124967731864e-01 7.421734576807084705e-02
8.532067434187397270e-02 8.956756395139017779e-02 8.999831597179860920e-02 6.599828500540777521e-02 5.821376637601975018e-02 6.141909082738555153e-02 7.438930042174973778e-02 1.075107934044651214e-01 9.717969643992319106e-02 9.001078347993821116e-02 9.277028299503578546e-02 8.762144678501221362e-02
1.093419281924909725e-01 8.902247225854878487e-02 7.571003305349230383e-02 7.625997701746081714e-02 7.492316641609576833e-02 7.181104057503173710e-02 6.261322678210129444e-02 5.251102577698388285e-02 6.782484084799643431e-02 7.837114715797482978e-02 1.122619502842496231e-01 1.293491916375735795e-01
9.185626854707139299e-02 8.746602335907568970e-02 8.001825071449905624e-02 7.351870607970734106e-02 6.838294764505707668e-02 6.867050173828564974e-02 7.699119045449717702e-02 9.657658204769511978e-02 9.737690897793965794e-02 8.353710577612233346e-02 8.526213389302275680e-02 9.034338076702692899e-02
8.649505996445144840e-02 8.466053707015318286e-02 8.820833001680319918e-02 9.478526480154335354e-02 1.010185118305683138e-01 1.057524908281688159e-01 1.003416001759632192e-01 8.256219189712471485e-02 6.300789174744070298e-02 5.612009511815799212e-02 6.193565586453737837e-02 7.511237068508823389e-02
6.359973226693778348e-02 6.911549893579359283e-02 7.843769179580671602e-02 1.010135349056370813e-01 9.123268154718407186e-02 9.246972486812178593e-02 9.620392313302206233e-02 1.014124621833072115e-01 8.011096015746169141e-02 7.696499960704500376e-02 7.894414707996580405e-02 7.049464351971738985e-02
7.977472362086189539e-02 6.150284644461632977e-02 6.082119885244290786e-02 6.250879777777318402e-02 5.004130241168933124e-02 6.419803482430121166e-02 9.059441171121061787e-02 9.835456959778726693e-02 1.239113109343282504e-01 1.163370249081287500e-01 1.018792574799115280e-01 9.007652143694895586e-02
9.436371771501811390e-02 8.885377707281608139e-02 8.101333601808084761e-02 8.750996901414181961e-02 1.007174294585148205e-01 1.058113940511667683e-01 9.367526880082285845e-02 7.380019028933337832e-02 6.663260220659517064e-02 5.915342800935288747e-02 6.464729597243576431e-02 8.382159139172168372e-02
8.360325651029913707e-02 8.807940509060763201e-02 8.115025476247250680e-02 7.906629822185877454e-02 7.819820578518048293e-02 7.811837541448610200e-02 9.712968589205571435e-02 8.709922765640180919e-02 8.770171796713813195e-02 8.652052079477202950e-02 8.029738184182476368e-02 7.303567006290304087e-02
8.017215791075141262e-02 7.117423420131178957e-02 5.819909844309217872e-02 6.718925063646302709e-02 7.968612715965835147e-02 8.781926902476730468e-02 9.175587464761772449e-02 9.394176135851900478e-02 9.115276955268729331e-02 9.583638644814604368e-02 8.696358160705580653e-02 9.610948900993014632e-02
7.113655531196741433e-02 6.479465992313675204e-02 6.149274795290183421e-02 7.390812296096024858e-02 9.442734657457965697e-02 1.070218572019085435e-01 1.086285836641140423e-01 1.024979075750669655e-01 8.705525211267467478e-02 7.130343915375376984e-02 7.775659813634969164e-02 7.997692943258688514e-02
7.745819077505894379e-02 8.660977634393521307e-02 8.300973275815737296e-02 8.475805284490953162e-02 1.014737689797706593e-01 8.814274084312448410e-02 7.274389245609670651e-02 7.488732104386799926e-02 9.240371999424318306e-02 8.242803431418732618e-02 7.826662798673264532e-02 7.781814165991590704e-02
1.044346202255224537e-01 1.201605656981012821e-01 1.047691451408691854e-01 9.096758161151963229e-02 8.174498048667158678e-02 8.637237577482216599e-02 8.453566573769608072e-02 7.519945922244891667e-02 6.440816396873788596e-02 5.982941540837702354e-02 5.871114997462444085e-02 6.886687675060962355e-02
5.820521132800678121e-02 7.174519560374173488e-02 8.735724158553634378e-02 8.714500480677681016e-02 8.078836062970198850e-02 1.129358812636146875e-01 9.709713858982058077e-02 8.624872030949445878e-02 8.544725778506724601e-02 9.113423504888480686e-02 7.226276659022762283e-02 6.963298645912702201e-02
8.754157510949078791e-02 8.852638528100921500e-02 9.404180648049148550e-02 1.178936669347327021e-01 1.001518359458008073e-01 8.910905864247528618e-02 8.289104395858457042e-02 7.556282530659585994e-02 6.392081459291323875e-02 5.987587523215388147e-02 6.767624793301565966e-02 7.280886458273648498e-02
7.723452179661366435e-02 9.757836455830003197e-02 1.068926213423828375e-01 1.068800891101866074e-01 1.009838295351168508e-01 9.587772078369857787e-02 7.834151988761696439e-02 6.707163411937050457e-02 6.269957547521677610e-02 5.803152397768915338e-02 6.511411508749961885e-02 8.329448432630832955e-02
5.314756915991693254e-02 7.021950915151313477e-02 8.756978230809016328e-02 1.051735138137736558e-01 1.054314860302892759e-01 1.106907504152604971e-01 1.201428796188801773e-01 1.013098606277591240e-01 8.496713429055524625e-02 6.151455390270966356e-02 5.410119637583202246e-02 4.573176430542028048e-02
5.895449950991794863e-02 7.119306873717139161e-02 9.221273590328224468e-02 1.114584742469831580e-01 1.345609616196940250e-01 1.095229459580238512e-01 8.929223938113688142e-02 8.641568174912983569e-02 7.356743482834621206e-02 5.862678042974667214e-02 5.923459855767891635e-02 5.496057907888867583e-02
8.071794555323605347e-02 8.871981408029769312e-02 9.288496930485791447e-02 8.595583927240008082e-02 8.694299329513138774e-02 9.214412095157228921e-02 7.999627743593905327e-02 8.007260299557762695e-02 8.230458930666287309e-02 9.290548173318871616e-02 6.907115630592139399e-02 6.828420976521483443e-02
8.177478720922987110e-02 9.777862873029131985e-02 8.792190628555740517e-02 9.081148904771775554e-02 8.912365574529614032e-02 9.721484039215420869e-02 9.533331300655967233e-02 8.014377092820602899e-02 7.599765747564135587e-02 6.812651385924058112e-02 6.134516283411418913e-02 7.442827448599170781e-02
8.389596332762082331e-02 8.152216730906484965e-02 7.812790366363694949e-02 8.000002248985871312e-02 8.120215644690816081e-02 9.180993810678397815e-02 9.735213412720672421e-02 8.948167259788777916e-02 7.489672815759332303e-02 7.866269168775452680e-02 7.576934647280730850e-02 8.727927561287698865e-02
9.325969743699510928e-02 9.860223211164459434e-02 1.149852267715702342e-01 1.283669334980595544e-01 9.942041198486410714e-02 7.465270776393295726e-02 7.737271811663476440e-02 6.436111619904466563e-02 6.147180432461353539e-02 5.931513079503050734e-02 5.718800779564606196e-02 7.100401320196414456e-02
9.631422610593413924e-02 9.538244675170914899e-02 9.389797729245612234e-02 8.236187670204331290e-02 5.510580446156709833e-02 4.827199946718255252e-02 5.069359596491563452e-02 6.469307511944485944e-02 7.764718118703220484e-02 1.026183552799913717e-01 1.186692550600053075e-01 1.143442066077182961e-01
6.699876932805443053e-02 7.598468261962446069e-02 8.114323166190531844e-02 8.514004021178533943e-02 1.166237998142209686e-01 1.093756643507643317e-01 9.002363984738437352e-02 8.341497014947682476e-02 7.959603360020167662e-02 7.549719615243739856e-02 6.991674382737830817e-02 6.628522843676683263e-02
7.336192501919261422e-02 8.326004866580530295e-02 7.803735384514116913e-02 9.178908413164688085e-02 1.095453705258556121e-01 1.069212438263888593e-01 9.362250389431092668e-02 8.917594347708082680e-02 7.105365270633251518e-02 7.482581829998247169e-02 6.456277279731126306e-02 6.384428281095172464e-02
8.377352390895102807e-02 7.714195793619588182e-02 7.672643825478231427e-02 8.541987476927669076e-02 7.751132566152893477e-02 6.178784171020579308e-02 5.282126215241073758e-02 5.567682129702498234e-02 8.094399049911524258e-02 1.111026368983066004e-01 1.314122975487852507e-01 1.056820293634166547e-01
8.036420443866235108e-02 6.718787038619392082e-02 7.345114959132818810e-02 5.728955122310291914e-02 6.389117974255972832e-02 6.789585606350261038e-02 1.002272117940811447e-01 9.743033500387666968e-02 9.748945407558361198e-02 1.006142896844774842e-01 9.660869342829767059e-02 9.755020456833415898e-02
9.080840302296015742e-02 9.414665528575039133e-02 8.385954479635272796e-02 7.750859417424940667e-02 7.221099878187323129e-02 8.317891168786786804e-02 7.755727342199175700e-02 8.023206839104628230e-02 8.503178039777131714e-02 8.836734640009097363e-02 8.322874552545347915e-02 8.386967811459233868e-02
7.311719192228949282e-02 7.218990762658608618e-02 7.210045792149386013e-02 6.996684737400110654e-02 7.460043020049797469e-02 7.316438769611342818e-02 8.330088090185602812e-02 1.023081200687759318e-01 8.559695780123552367e-02 9.400853625561632343e-02 1.073029846284836997e-01 9.234329760305082235e-02
7.470675362426837385e-02 9.007275050368147851e-02 1.062694257493784489e-01 9.930582736263320054e-02 7.825558683221479905e-02 8.831925098683088282e-02 8.065916870290693041e-02 8.175857331446109710e-02 8.951328663907136274e-02 7.835931731989234650e-02 6.747195414713251516e-02 6.530810481752867547e-02
9.618743432692686279e-02 9.656517457631734469e-02 1.089360262060978662e-01 1.063876430171895315e-01 8.765615359891254510e-02 7.201723992705114097e-02 7.576779193261690137e-02 6.855499114111685000e-02 6.354959405552923490e-02 7.430969601978890116e-02 7.651037799426474439e-02 7.355787720418799358e-02
5.040321900821300577e-02 5.017766327513813185e-02 5.663384677558178093e-02 7.893388392432927614e-02 1.075361048049587459e-01 1.190147389937937367e-01 1.065532051878741171e-01 9.919958212888028981e-02 9.147033937064258380e-02 8.865544123584476188e-02 8.485334593941570858e-02 6.656862935532775749e-02
8.048901616797178582e-02 5.781749529846147428e-02 4.628298096667368688e-02 4.239253241330279143e-02 6.005724844435524762e-02 7.637999064244591074e-02 9.003310784379832399e-02 1.085876900775818998e-01 1.135026440022275374e-01 1.126322552131669152e-01 1.089569294442054026e-01 1.028681094858090589e-01
7.908281805342340376e-02 7.478458776441290756e-02 8.278170251773146748e-02 8.297004345110492451e-02 8.955457524221530075e-02 9.094053896323002484e-02 8.330812806759137212e-02 8.079363138182243942e-02 8.550806377726523355e-02 8.598561299692940307e-02 8.071205016585948633e-02 8.357824761841399497e-02
8.835276313795149827e-02 8.711550472567966552e-02 9.458559625527508674e-02 8.540503609485065872e-02 6.853679051893304952e-02 6.606180170775147187e-02 8.243860746152426033e-02 8.800126324661718125e-02 8.273679782873576138e-02 9.509999585207717931e-02 8.103551508929755787e-02 8.063032808130690676e-02
9.711841176238758533e-02 9.708982711110607233e-02 8.723908641467720271e-02 9.769633977136643610e-02 1.011723540181356240e-01 9.241870811485630721e-02 8.127225002652879726e-02 7.484107120547495162e-02 6.335508770173606252e-02 6.215205555386969088e-02 6.674558118246497196e-02 7.889922713739663807e-02
7.893131115210971771e-02 5.556347298616984287e-02 4.445910055793896032e-02 4.107937371978938323e-02 5.130427046020759330e-02 7.840946125065922923e-02 9.899393466416328558e-02 1.074866153334268493e-01 1.169483895885838065e-01 1.115394140965934866e-01 1.076893540199868882e-01 1.075953021703710266e-01
6.458179826908393151e-02 7.371836512157878274e-02 7.569696207052056813e-02 8.754637823423636056e-02 9.258699665350839103e-02 9.848701536747529739e-02 9.935693346398151438e-02 8.856371037105334465e-02 7.511994134284061264e-02 9.318828271103818395e-02 7.715696470982362498e-02 7.399665168485965172e-02
8.096497836200305942e-02 9.738375258068496243e-02 1.164032584701619882e-01 1.081022455163464097e-01 7.907775867794926417e-02 8.213354535335781748e-02 8.094570158972455576e-02 7.481412512275831261e-02 7.458981424157679063e-02 7.892631658983889631e-02 6.235067433312632690e-02 6.430782916247192171e-02
1.162473488493101781e-01 1.160880659651370161e-01 1.165491278063619240e-01 9.331732070236099796e-02 8.244222187748009856e-02 7.384189484569264605e-02 6.008653174620002396e-02 5.230384301562758520e-02 5.238216322364268318e-02 6.716356910554482917e-02 7.339945053940793995e-02 9.617846232323425115e-02
1.144804537632357899e-01 1.161080070624695010e-01 9.930381972916488276e-02 6.582076785904528160e-02 5.220486413819405008e-02 4.996981453784862803e-02 6.270926212555279211e-02 6.601467017291873240e-02 7.341632487519045291e-02 8.575625720019657006e-02 1.089700469552195988e-01 1.052457115809638799e-01
8.508807461699664787e-02 8.146215485480060026e-02 8.633096046423928416e-02 9.264742536340929424e-02 8.479610065266465768e-02 8.850978523363729755e-02 8.709082657616565304e-02 8.463465809895232006e-02 7.681985866257425022e-02 7.723207296211348494e-02 7.469439893910417849e-02 8.069368357534272007e-02
7.396044614204097534e-02 7.748404728963899368e-02 8.726648096615616246e-02 8.146439647415752716e-02 7.222798507116071076e-02 7.548253721533454419e-02 8.266550111036218007e-02 7.905311742947113141e-02 9.165700695613268612e-02 9.577759772050509213e-02 1.018599972096072559e-01 8.110088641543283794e-02
9.320588166011462006e-02 1.116122152360932984e-01 9.238988337720031863e-02 8.902659531873807763e-02 9.126480531918755579e-02 9.781543454182087260e-02 8.283155585023790901e-02 8.187217590458142902e-02 6.847991527587396487e-02 6.400749488563796386e-02 6.160894067248345179e-02 6.588510195803110037e-02
6.866210139662484724e-02 5.651047806801640094e-02 5.823425473593725477e-02 6.767179935238887278e-02 7.207474614906339561e-02 7.161950436970929146e-02 8.598791479972281437e-02 1.072706411411142313e-01 1.090618062431036595e-01 9.442799285380167051e-02 1.108915502747589432e-01 9.758721061575874323e-02
5.892659607337200067e-02 6.667500594556530213e-02 9.163700007235922596e-02 8.682280303147975331e-02 1.016625241465731466e-01 9.767433250653706489e-02 7.794034728862338224e-02 8.171994739909148320e-02 9.400232464500503371e-02 9.555011545306114906e-02 7.860047949799542355e-02 6.878852394033710405e-02
6.492231846911289406e-02 6.695001613731635381e-02 8.166663607830809690e-02 8.917142948916934042e-02 7.131805728845004577e-02 7.630030599270232194e-02 9.191280884532120055e-02 9.019471588159158615e-02 9.786271104044395874e-02 8.953972958293486550e-02 8.892281583483557794e-02 9.123845535981425781e-02
1.184665741345596462e-01 9.573112094629182556e-02 8.843312749583930044e-02 9.467338449437470715e-02 7.739903073938829425e-02 5.632404732732522457e-02 6.037436357078915239e-02 6.449928037918534196e-02 7.779243429212212568e-02 7.810604772486605396e-02 8.990426545641343192e-02 9.829632343884474321e-02
6.083801785209641544e-02 5.951494985436460439e-02 6.025794982131598559e-02 8.229152798186042950e-02 9.167667987532780727e-02 1.108887855028176800e-01 1.139260287703461605e-01 9.839826338799573247e-02 8.815281786827255939e-02 9.741610419430871137e-02 7.673907091146804638e-02 5.989980397982602039e-02
1.078119079149809922e-01 9.374985369626548382e-02 8.025721745924010997e-02 6.344399669711781042e-02 4.423287295459173152e-02 4.311121524651137515e-02 7.490655177992480707e-02 9.409945354458482125e-02 9.872655046506312315e-02 9.116175462731819501e-02 9.996058093148812995e-02 1.085380446829136147e-01
6.977468347726495379e-02 6.289326617037585554e-02 5.917235121518979457e-02 7.610261024313952349e-02 8.979072098927586010e-02 1.017453201727019640e-01 1.036425096299951054e-01 1.046402756930284450e-01 8.518855340079739547e-02 9.290267015368575132e-02 8.166186179314025018e-02 7.248517706140493455e-02
5.932054884590166194e-02 5.427343887803082190e-02 7.776377224723607373e-02 1.022270017060880332e-01 1.166461011996105107e-01 1.026792265773775331e-01 7.844633280529396402e-02 7.527312787549966799e-02 8.282520187755862406e-02 1.015771690902645130e-01 8.234608633049886328e-02 6.662199256663964286e-02
5.507969216035456250e-02 4.742172945099215609e-02 5.538607660073255334e-02 6.923378149965123129e-02 7.214690203186291395e-02 7.318046676090930736e-02 1.037793391112166730e-01 1.428362911123913781e-01 1.322247914799515311e-01 1.051264646881689274e-01 7.992556577927438510e-02 6.365889932449431132e-02
8.916395442878900790e-02 5.906008160944337115e-02 5.799052808274324233e-02 7.541894675741200871e-02 1.008266075838118447e-01 1.208336953611206521e-01 1.012239909820610850e-01 8.919075813255430973e-02 7.520434279488827367e-02 7.507210920445366031e-02 7.598513497207345924e-02 8.002985009064923771e-02
8.826878778931385172e-02 7.254541487001674172e-02 6.787549607863360701e-02 6.286109207058912518e-02 8.141407569203279460e-02 9.271610415674363948e-02 8.908528921629610409e-02 9.112384415117606717e-02 8.825349544131512458e-02 9.556902028941896554e-02 8.733597904741888240e-02 8.295140119704527693e-02
7.909512111117486532e-02 8.030643329130138230e-02 1.022336941756541162e-01 1.087246040108864331e-01 8.388074444656949680e-02 9.420759698040678809e-02 8.652006976369691627e-02 8.778533627004425632e-02 7.482865216532301467e-02 6.694885683182628944e-02 6.314940307578667533e-02 7.231948787733012696e-02
1.220286770177003433e-01 8.474712137463150108e-02 7.052191592303011514e-02 5.401526054945596234e-02 4.420748192760993317e-02 4.274294910619545751e-02 5.366922010395011600e-02 6.813549141069180637e-02 9.248688760351639337e-02 1.170152248605579315e-01 1.184223647584007888e-01 1.320074053642600886e-01
7.780472020040644920e-02 9.336337877776541838e-02 1.162623691949358495e-01 1.038803810282330764e-01 9.669282607281917685e-02 8.706766065562847323e-02 7.852933740137971186e-02 7.198455914985354975e-02 7.530155296665108633e-02 7.593201890215620087e-02 5.713197427441957243e-02 6.604922137575144903e-02
4.985520181847873794e-02 5.742006236324177781e-02 7.821709903485388193e-02 1.131938470630649007e-01 1.256178496766039432e-01 1.135723247741113745e-01 1.010872194226084819e-01 9.161381466133303175e-02 9.129360728757854315e-02 7.013848870189620666e-02 5.924233010939878447e-02 4.874815508683034981e-02
5.786232619224779966e-02 6.340338912328721821e-02 6.034226002862616567e-02 6.923079543472804298e-02 8.610274299667877718e-02 1.035700741082861420e-01 1.266250784592549417e-01 1.260033416839896614e-01 9.305225431420138804e-02 8.418328935447588757e-02 7.131578991146166058e-02 5.830865839276251628e-02
5.976226347414403950e-02 7.090105313583447422e-02 9.819563718265889030e-02 1.028828567885556045e-01 9.274638459019843295e-02 9.459154764368504775e-02 1.175189855428968033e-01 1.267038659768956188e-01 7.788542677321710905e-02 5.514693041996227008e-02 5.172482305023595739e-02 5.194022542171581464e-02
6.345051183273597850e-02 5.819716866615204376e-02 6.420182165304355593e-02 6.752438477006963979e-02 7.378852615627358447e-02 9.008032993069775562e-02 1.149298881383534199e-01 1.119500653816024593e-01 1.044021981788909037e-01 9.226601179937939101e-02 8.557102373382520499e-02 7.363806975897620177e-02
7.588832118770647006e-02 5.508522772176664001e-02 5.020480522069994261e-02 4.094752837820664348e-02 4.656966378460772327e-02 6.338997531006357322e-02 8.550776559522188514e-02 1.178175356549741593e-01 1.366437312691198835e-01 1.261666504934644828e-01 1.061211104834983848e-01 9.565768490067025343e-02
8.426827229197550451e-02 6.678772899065024693e-02 6.073825803739267559e-02 7.014968228051177146e-02 9.323704531457302491e-02 9.959522689499848702e-02 9.130098570871240937e-02 8.958302649204863410e-02 8.799573436492230671e-02 9.126269673571643648e-02 9.033211621456538332e-02 7.474922667393305020e-02
5.786918583425212925e-02 4.918140032171644527e-02 5.095248013502925999e-02 5.955078799443366822e-02 7.112855534770809451e-02 7.980126702822390450e-02 8.286584155491112658e-02 1.082562935562975948e-01 1.195282513677254355e-01 1.308737570194073996e-01 1.104283632052895925e-01 7.956381663500541879e-02
1.030597801519086282e-01 8.371288873659635255e-02 6.151388914698055488e-02 5.400060919694847639e-02 5.433301085691817633e-02 6.739405470768053408e-02 6.623528967742361995e-02 7.787327537522156784e-02 9.268466666689517686e-02 1.035519764142816823e-01 1.129922875239007807e-01 1.226482715452446304e-01
5.582518222304878874e-02 7.056977847692667838e-02 8.220690484703890855e-02 9.555187600602288445e-02 9.864456175449232145e-02 8.924645815233522850e-02 9.155100019371595343e-02 9.483678337267463510e-02 1.017894643696386214e-01 8.389709106700586616e-02 7.103440075648813357e-02 6.484649878061196637e-02
5.353266666108007915e-02 5.604303566068928599e-02 6.721451878435169558e-02 7.183767253500253358e-02 1.072758295754652064e-01 1.174235597383613827e-01 1.172032011016560238e-01 1.195798212298506552e-01 9.924553868640495491e-02 7.913902756620212753e-02 6.091306556336378158e-02 5.059206289757216951e-02
7.699188214644586692e-02 8.611301280823185911e-02 8.322773344939485285e-02 7.679562548754226281e-02 7.706126998549581164e-02 7.083899633370864535e-02 8.456457184315754882e-02 8.050542988086537011e-02 9.256271379748988448e-02 9.184049061598709152e-02 9.475544743747772725e-02 8.474282621420289874e-02
7.818460496236258328e-02 8.053197456025690260e-02 8.704554931599875478e-02 8.655825609140216370e-02 7.582153007626957208e-02 6.264139589266895514e-02 6.773231009539712466e-02 9.014752734744699292e-02 1.002883835854687933e-01 9.345721610010992997e-02 8.946971192819105911e-02 8.812154004442719624e-02
6.688149161909219542e-02 5.543966490960094973e-02 5.337410607221430847e-02 6.515313743455854179e-02 7.455074064839455061e-02 8.825458964607360568e-02 1.141831088382431608e-01 1.307635402563912530e-01 9.913722250431716843e-02 9.295516616483742722e-02 8.270689586416515859e-02 7.660033604211161085e-02
9.413522437332202952e-02 7.999042737889090759e-02 7.764185718380195445e-02 9.022469330334040305e-02 8.394680141946597729e-02 8.805120386113164666e-02 8.755714886951655729e-02 8.522569662975384985e-02 7.315113486828206391e-02 6.884518843888326467e-02 8.350473022079993313e-02 8.772589345281137096e-02
1.147587210942062341e-01 9.504276614640383425e-02 7.678241180095755902e-02 8.080842679833903641e-02 6.999564148350814752e-02 7.758440167093119677e-02 8.420993878224523888e-02 7.640895199965105911e-02 7.680479088374898844e-02 7.082585666526430845e-02 7.517175400400280538e-02 1.016063386707417443e-01
6.660129169640373326e-02 6.790965384051922404e-02 6.699229414236879121e-02 7.976695273052746005e-02 9.807677022947404455e-02 1.072982539338816627e-01 1.087805781185280513e-01 1.100760559208013717e-01 9.681701677845894194e-02 7.495229701365663244e-02 6.386881893911225405e-02 5.886001665626808266e-02
8.580738360446538149e-02 9.855174596149746113e-02 8.840341274277947747e-02 7.319586952687870407e-02 6.770944004687345918e-02 7.410594694662550608e-02 7.579624997234926664e-02 8.532865458260202596e-02 9.484666266717907412e-02 8.315817526843699570e-02 7.964087922987515833e-02 9.345557945043740655e-02
9.990284446462754930e-02 7.456306627805728282e-02 6.482342993412962273e-02 6.130107960801145506e-02 6.019088159848016290e-02 6.679881099246863518e-02 8.045171264082488782e-02 8.322546586405191182e-02 8.425883184225160805e-02 1.023251625744026894e-01 1.164863088044661155e-01 1.056724053982281697e-01
8.675147429572360736e-02 9.494081825104182248e-02 8.468943062474589001e-02 8.602310462721957096e-02 7.350117516863588496e-02 7.011987968517773007e-02 6.798004301300672458e-02 7.353883210251344060e-02 8.376383891651155433e-02 8.775974470792161086e-02 9.745381431463177868e-02 9.347784429287073205e-02
7.812295179967962411e-02 8.458303351387391755e-02 8.770404692801386792e-02 9.303930809042189332e-02 7.977051439004270716e-02 7.686478961961373813e-02 9.282544838040994450e-02 9.870370919331510062e-02 8.226103995280098502e-02 7.836874945652297364e-02 7.108311863281982501e-02 7.667329004248561730e-02
9.415715869415935968e-02 8.806644593917427322e-02 7.197089883648716269e-02 4.668413552306666103e-02 3.641856612360038631e-02 4.583348853134078249e-02 6.841020556880235415e-02 9.577033753851524334e-02 1.026213188060936948e-01 1.132050159876358125e-01 1.248232596934816252e-01 1.120391687576429707e-01
6.259679911846965927e-02 5.839806759927153312e-02 5.987975688981245215e-02 7.735569393562607976e-02 1.066311663678057298e-01 1.099670228831895746e-01 1.082987952348383742e-01 1.001669969717562669e-01 8.794071780837699193e-02 7.995582367967556114e-02 7.585984370610002192e-02 7.294931580507769964e-02
8.992353864472384106e-02 8.014161123767039874e-02 8.675929571512422389e-02 9.733514763428038896e-02 9.227073681452978293e-02 7.061698256392290318e-02 6.496376189995015094e-02 5.827037570277618372e-02 6.778313274644705289e-02 9.555621060306447589e-02 1.062312253313108384e-01 9.014798110619992588e-02
