6.521617569710237705e-02 6.840118312205815954e-02 7.568131570196147406e-02 7.813424735463354864e-02 7.248808039382598212e-02 7.546566403539614609e-02 7.216030837057824110e-02 7.148370555231507717e-02 7.636821986165909237e-02 7.333758207113090510e-02 6.605802285232414972e-02 6.576245103703623474e-02
6.840118312205815954e-02 7.248082063029073763e-02 8.069048745304562009e-02 8.343201027548648174e-02 7.718510190435004525e-02 7.992881834949173980e-02 7.589442456964436146e-02 7.463310202589029663e-02 7.929115296895429543e-02 7.597306769862849363e-02 6.850886420382257258e-02 6.847785246322821151e-02
7.568131570196147406e-02 8.069048745304562009e-02 9.062205602079874411e-02 9.408121409158598514e-02 8.703050645748749981e-02 8.988667677649500587e-02 8.492686007320116026e-02 8.301043604149355160e-02 8.772495822647510821e-02 8.377769871628229503e-02 7.546058248519953160e-02 7.549753236149214786e-02
7.813424735463354864e-02 8.343201027548648174e-02 9.408121409158598514e-02 9.848008892595129515e-02 9.148660116130451214e-02 9.463732428344451275e-02 8.927624385029253595e-02 8.695381483925750110e-02 9.151340779823644023e-02 8.705384925294980258e-02 7.814432610653468392e-02 7.799211905014388768e-02
7.248808039382598212e-02 7.718510190435004525e-02 8.703050645748749981e-02 9.148660116130451214e-02 8.590125999718266347e-02 8.951659415563537059e-02 8.469520021527512932e-02 8.248142657480901641e-02 8.660494363229054304e-02 8.204186742697702761e-02 7.324501748731405970e-02 7.269002525363148226e-02
7.546566403539614609e-02 7.992881834949173980e-02 8.988667677649500587e-02 9.463732428344451275e-02 8.951659415563537059e-02 9.442726007768506569e-02 8.995348546520361144e-02 8.787604793284960192e-02 9.225595209390333173e-02 8.709757139422175110e-02 7.730165230553037725e-02 7.618209321090699260e-02
7.216030837057824110e-02 7.589442456964436146e-02 8.492686007320116026e-02 8.927624385029253595e-02 8.469520021527512932e-02 8.995348546520361144e-02 8.675018354490572625e-02 8.542562143440518563e-02 9.000451065478670687e-02 8.487383672235132570e-02 7.497202185357906834e-02 7.339079945154611262e-02
7.148370555231507717e-02 7.463310202589029663e-02 8.301043604149355160e-02 8.695381483925750110e-02 8.248142657480901641e-02 8.787604793284960192e-02 8.542562143440518563e-02 8.519853375962779807e-02 9.041524479000109804e-02 8.537535968563983446e-02 7.519680674564996337e-02 7.321196864902368429e-02
7.636821986165909237e-02 7.929115296895429543e-02 8.772495822647510821e-02 9.151340779823644023e-02 8.660494363229054304e-02 9.225595209390333173e-02 9.000451065478670687e-02 9.041524479000109804e-02 9.692185846236490987e-02 9.187733060418944164e-02 8.091201948860865523e-02 7.857087688619977806e-02
7.333758207113090510e-02 7.597306769862849363e-02 8.377769871628229503e-02 8.705384925294980258e-02 8.204186742697702761e-02 8.709757139422175110e-02 8.487383672235132570e-02 8.537535968563983446e-02 9.187733060418944164e-02 8.777803419956808906e-02 7.761208724824092409e-02 7.549549608477526541e-02
6.605802285232414972e-02 6.850886420382257258e-02 7.546058248519953160e-02 7.814432610653468392e-02 7.324501748731405970e-02 7.730165230553037725e-02 7.497202185357906834e-02 7.519680674564996337e-02 8.091201948860865523e-02 7.761208724824092409e-02 6.922515123898929923e-02 6.776308542026429627e-02
6.576245103703623474e-02 6.847785246322821151e-02 7.549753236149214786e-02 7.799211905014388768e-02 7.269002525363148226e-02 7.618209321090699260e-02 7.339079945154611262e-02 7.321196864902368429e-02 7.857087688619977806e-02 7.549549608477526541e-02 6.776308542026429627e-02 6.699857744553333605e-02
5.990966897826284498e-02 5.890332687098611547e-02 5.718157345980017653e-02 6.775262750499755349e-02 7.463645796670861920e-02 7.685699161318350348e-02 7.035530589968680415e-02 7.575757044058301082e-02 7.452968553540120777e-02 7.029518007312146599e-02 6.825087308009629428e-02 6.635019054572366404e-02
5.890332687098611547e-02 5.842323033436342544e-02 5.709889791462624542e-02 6.795413480952924856e-02 7.490999226073294381e-02 7.690884867055519658e-02 6.994466087324563430e-02 7.475494333480769971e-02 7.309873521425794274e-02 6.867869730100308046e-02 6.660283231293204209e-02 6.487336845661939577e-02
5.718157345980017653e-02 5.709889791462624542e-02 5.638537454009854427e-02 6.761580720218060558e-02 7.475781292076245921e-02 7.663436577540727601e-02 6.927920353428969336e-02 7.348093875029190758e-02 7.134289705187371600e-02 6.665375733865926133e-02 6.443186039470821802e-02 6.275360871534489682e-02
6.775262750499755349e-02 6.795413480952924856e-02 6.761580720218060558e-02 8.185311643740306176e-02 9.091985206770342165e-02 9.321496824739511355e-02 8.391251141769434652e-02 8.845881469481925441e-02 8.533406881238236874e-02 7.926913129138563052e-02 7.632075973669183444e-02 7.422931689591745485e-02
7.463645796670861920e-02 7.490999226073294381e-02 7.475781292076245921e-02 9.091985206770342165e-02 1.018090019292975934e-01 1.047608192955194195e-01 9.427274611349377442e-02 9.913772200251554090e-02 9.524404641215512834e-02 8.805231067689665847e-02 8.441088296672988323e-02 8.185886148801981010e-02
7.685699161318350348e-02 7.690884867055519658e-02 7.663436577540727601e-02 9.321496824739511355e-02 1.047608192955194195e-01 1.088158106953178716e-01 9.843275830643771762e-02 1.037799280192147344e-01 9.961274436370554097e-02 9.179112635049893609e-02 8.761860434624245408e-02 8.461053816593422372e-02
7.035530589968680415e-02 6.994466087324563430e-02 6.927920353428969336e-02 8.391251141769434652e-02 9.427274611349377442e-02 9.843275830643771762e-02 9.026822752241919767e-02 9.611298814914340238e-02 9.259778958581627029e-02 8.526780612082249244e-02 8.110998237940038325e-02 7.793041898611102747e-02
7.575757044058301082e-02 7.475494333480769971e-02 7.348093875029190758e-02 8.845881469481925441e-02 9.913772200251554090e-02 1.037799280192147344e-01 9.611298814914340238e-02 1.038696653634608863e-01 1.007885269778362458e-01 9.297372989376172236e-02 8.827752773053959556e-02 8.444934232841593003e-02
7.452968553540120777e-02 7.309873521425794274e-02 7.134289705187371600e-02 8.533406881238236874e-02 9.524404641215512834e-02 9.961274436370554097e-02 9.259778958581627029e-02 1.007885269778362458e-01 9.896712333161408748e-02 9.183530096427422462e-02 8.735239009073912653e-02 8.343804321611922314e-02
7.029518007312146599e-02 6.867869730100308046e-02 6.665375733865926133e-02 7.926913129138563052e-02 8.805231067689665847e-02 9.179112635049893609e-02 8.526780612082249244e-02 9.297372989376172236e-02 9.183530096427422462e-02 8.612378290283816129e-02 8.239080727000563931e-02 7.883034205275193940e-02
6.825087308009629428e-02 6.660283231293204209e-02 6.443186039470821802e-02 7.632075973669183444e-02 8.441088296672988323e-02 8.761860434624245408e-02 8.110998237940038325e-02 8.827752773053959556e-02 8.735239009073912653e-02 8.239080727000563931e-02 7.954224871904257144e-02 7.645603432596900784e-02
6.635019054572366404e-02 6.487336845661939577e-02 6.275360871534489682e-02 7.422931689591745485e-02 8.185886148801981010e-02 8.461053816593422372e-02 7.793041898611102747e-02 8.444934232841593003e-02 8.343804321611922314e-02 7.883034205275193940e-02 7.645603432596900784e-02 7.403274924588210126e-02
6.406844030099073661e-02 6.313256743748932309e-02 6.860944868022310350e-02 7.640089684360507061e-02 7.985027089607743545e-02 7.983569914568841575e-02 7.578425473250142985e-02 7.085586610295821486e-02 6.801851031599262520e-02 6.952835156198754196e-02 6.790221162839807367e-02 6.616353275479003315e-02
6.313256743748932309e-02 6.282924458317326599e-02 6.879551250513693539e-02 7.690965394162369018e-02 8.036828752003533083e-02 8.004813059562634892e-02 7.550475678195509022e-02 7.008462909726022316e-02 6.684277962234108639e-02 6.803500079700677827e-02 6.637227880377263856e-02 6.481609321829884252e-02
6.860944868022310350e-02 6.879551250513693539e-02 7.615042320554238353e-02 8.570545282449668067e-02 8.973751570063404071e-02 8.917125238172579627e-02 8.363103912629635261e-02 7.705176076748156133e-02 7.294629707057280477e-02 7.383206909802828011e-02 7.183325903547209401e-02 7.017384761866744813e-02
7.640089684360507061e-02 7.690965394162369018e-02 8.570545282449668067e-02 9.743960133693824188e-02 1.025392317992990660e-01 1.019336905377187796e-01 9.527013227423948571e-02 8.726023040429951860e-02 8.206113408155575606e-02 8.257886179882034661e-02 8.003774729363982710e-02 7.806436659362192554e-02
7.985027089607743545e-02 8.036828752003533083e-02 8.973751570063404071e-02 1.025392317992990660e-01 1.090230205109864459e-01 1.089172714419335691e-01 1.018329271242432721e-01 9.300217306920711968e-02 8.705142950623934173e-02 8.716252208704843019e-02 8.410766716263357035e-02 8.175252740954166986e-02
7.983569914568841575e-02 8.004813059562634892e-02 8.917125238172579627e-02 1.019336905377187796e-01 1.089172714419335691e-01 1.100418189415388603e-01 1.034582041785208351e-01 9.462203353870322908e-02 8.844438166321241801e-02 8.828677389285642663e-02 8.484688238882928668e-02 8.210010709535640883e-02
7.578425473250142985e-02 7.550475678195509022e-02 8.363103912629635261e-02 9.527013227423948571e-02 1.018329271242432721e-01 1.034582041785208351e-01 9.844982428978898970e-02 9.066701694119561061e-02 8.501185335319477732e-02 8.486937251560053297e-02 8.135745093364726843e-02 7.837858412331938363e-02
7.085586610295821486e-02 7.008462909726022316e-02 7.705176076748156133e-02 8.726023040429951860e-02 9.300217306920711968e-02 9.462203353870322908e-02 9.066701694119561061e-02 8.455544070293391501e-02 7.990465103735008845e-02 8.006528087370781699e-02 7.673444683009705836e-02 7.368947131934197592e-02
6.801851031599262520e-02 6.684277962234108639e-02 7.294629707057280477e-02 8.206113408155575606e-02 8.705142950623934173e-02 8.844438166321241801e-02 8.501185335319477732e-02 7.990465103735008845e-02 7.641478548993632658e-02 7.710370373232014463e-02 7.406375541118166705e-02 7.103522223979466532e-02
6.952835156198754196e-02 6.803500079700677827e-02 7.383206909802828011e-02 8.257886179882034661e-02 8.716252208704843019e-02 8.828677389285642663e-02 8.486937251560053297e-02 8.006528087370781699e-02 7.710370373232014463e-02 7.853057812874789101e-02 7.577504200919342459e-02 7.274965726728345461e-02
6.790221162839807367e-02 6.637227880377263856e-02 7.183325903547209401e-02 8.003774729363982710e-02 8.410766716263357035e-02 8.484688238882928668e-02 8.135745093364726843e-02 7.673444683009705836e-02 7.406375541118166705e-02 7.577504200919342459e-02 7.363912565482126638e-02 7.096790155285088997e-02
6.616353275479003315e-02 6.481609321829884252e-02 7.017384761866744813e-02 7.806436659362192554e-02 8.175252740954166986e-02 8.210010709535640883e-02 7.837858412331938363e-02 7.368947131934197592e-02 7.103522223979466532e-02 7.274965726728345461e-02 7.096790155285088997e-02 6.885769685460170486e-02
7.042680499615172618e-02 6.884426631057544155e-02 6.572791546067853485e-02 6.780784244165286023e-02 7.775145746481172682e-02 8.194479483287467336e-02 8.725036891944984441e-02 8.540633450474260924e-02 6.829790157449588950e-02 6.328227434995120637e-02 7.300692329155136773e-02 7.159108535230468418e-02
6.884426631057544155e-02 6.772918635163863166e-02 6.496704738947225999e-02 6.723854098332175677e-02 7.719518654334511787e-02 8.125472250348161896e-02 8.624953560631531957e-02 8.409180985020475729e-02 6.696264029369690396e-02 6.178389403287050385e-02 7.109641156226162440e-02 6.975328136958103276e-02
6.572791546067853485e-02 6.496704738947225999e-02 6.288291866589859613e-02 6.558355505661592200e-02 7.567354746130333654e-02 7.974990054890934710e-02 8.448233344217731533e-02 8.198438869483148927e-02 6.484532993192387851e-02 5.936650070403204360e-02 6.792585791863318956e-02 6.651523394294389657e-02
6.780784244165286023e-02 6.723854098332175677e-02 6.558355505661592200e-02 6.923867115668833061e-02 8.059582618046491620e-02 8.526623378365569272e-02 9.027941001954777056e-02 8.720313143474685280e-02 6.840887447759419482e-02 6.199757763507592057e-02 7.037469492548543981e-02 6.865300537158230965e-02
7.775145746481172682e-02 7.719518654334511787e-02 7.567354746130333654e-02 8.059582618046491620e-02 9.494678671916699508e-02 1.011094587574064840e-01 1.072360618543776040e-01 1.032504495647156989e-01 8.039057972511481909e-02 7.214077107625492535e-02 8.122305704441931673e-02 7.886959095947687626e-02
8.194479483287467336e-02 8.125472250348161896e-02 7.974990054890934710e-02 8.526623378365569272e-02 1.011094587574064840e-01 1.089595877555392112e-01 1.162664620379300906e-01 1.119378469581649715e-01 8.669611570190896566e-02 7.719279212191838824e-02 8.630671137062631559e-02 8.339754366814672304e-02
8.725036891944984441e-02 8.624953560631531957e-02 8.448233344217731533e-02 9.027941001954777056e-02 1.072360618543776040e-01 1.162664620379300906e-01 1.255232931501135685e-01 1.213422795108293623e-01 9.381280254669459306e-02 8.318624915124833707e-02 9.261007100244178503e-02 8.913182242888827156e-02
8.540633450474260924e-02 8.409180985020475729e-02 8.198438869483148927e-02 8.720313143474685280e-02 1.032504495647156989e-01 1.119378469581649715e-01 1.213422795108293623e-01 1.185122302102869923e-01 9.198405897478556525e-02 8.174283086893421868e-02 9.105905376800066398e-02 8.750689069684144950e-02
6.829790157449588950e-02 6.696264029369690396e-02 6.484532993192387851e-02 6.840887447759419482e-02 8.039057972511481909e-02 8.669611570190896566e-02 9.381280254669459306e-02 9.198405897478556525e-02 7.225691075727347368e-02 6.489046348999363834e-02 7.278766335501314633e-02 7.007842049303590615e-02
6.328227434995120637e-02 6.178389403287050385e-02 5.936650070403204360e-02 6.199757763507592057e-02 7.214077107625492535e-02 7.719279212191838824e-02 8.318624915124833707e-02 8.174283086893421868e-02 6.489046348999363834e-02 5.923862908462573101e-02 6.719408725043662933e-02 6.495664601835703100e-02
7.300692329155136773e-02 7.109641156226162440e-02 6.792585791863318956e-02 7.037469492548543981e-02 8.122305704441931673e-02 8.630671137062631559e-02 9.261007100244178503e-02 9.105905376800066398e-02 7.278766335501314633e-02 6.719408725043662933e-02 7.709227951210288754e-02 7.487806184577253110e-02
7.159108535230468418e-02 6.975328136958103276e-02 6.651523394294389657e-02 6.865300537158230965e-02 7.886959095947687626e-02 8.339754366814672304e-02 8.913182242888827156e-02 8.750689069684144950e-02 7.007842049303590615e-02 6.495664601835703100e-02 7.487806184577253110e-02 7.319270164051422389e-02
7.010719313005939202e-02 7.483193458361367401e-02 7.610758180357549141e-02 7.495713455317223883e-02 7.753285556509084686e-02 8.196374994235548772e-02 7.675489756647646544e-02 7.352593972585985682e-02 7.400352529721762607e-02 7.440453336671051798e-02 6.804427714880438571e-02 6.865728551541512570e-02
7.483193458361367401e-02 8.055998290369383030e-02 8.232227446071743726e-02 8.119555633425296071e-02 8.387965916567119429e-02 8.836740566846054690e-02 8.231599317936946769e-02 7.838789840333401648e-02 7.851047073350392314e-02 7.872833193097773796e-02 7.201943739568558711e-02 7.287293926776136632e-02
7.610758180357549141e-02 8.232227446071743726e-02 8.486362617743856140e-02 8.415788589516226548e-02 8.715004119871733179e-02 9.174659775013453700e-02 8.513543990520233695e-02 8.061942195601023986e-02 8.028803394659030090e-02 8.015987852295272664e-02 7.314881829435304628e-02 7.397172812409619214e-02
7.495713455317223883e-02 8.119555633425296071e-02 8.415788589516226548e-02 8.435162935378340276e-02 8.796967881458078731e-02 9.286662606626147620e-02 8.602518532841584020e-02 8.108959283755556857e-02 8.029054931836712705e-02 7.971734903178398501e-02 7.239913688748986220e-02 7.295119013048484424e-02
7.753285556509084686e-02 8.387965916567119429e-02 8.715004119871733179e-02 8.796967881458078731e-02 9.283651313021730467e-02 9.864755624507917653e-02 9.147594212964355043e-02 8.601472797003870130e-02 8.477677722993207099e-02 8.371078727849938506e-02 7.558255884385813028e-02 7.574288354927638522e-02
8.196374994235548772e-02 8.836740566846054690e-02 9.174659775013453700e-02 9.286662606626147620e-02 9.864755624507917653e-02 1.059598092645018946e-01 9.872618278951361681e-02 9.292987748579011054e-02 9.143391082292856575e-02 8.994828901092120910e-02 8.078577893069810445e-02 8.048362729623968759e-02
7.675489756647646544e-02 8.231599317936946769e-02 8.513543990520233695e-02 8.602518532841584020e-02 9.147594212964355043e-02 9.872618278951361681e-02 9.298685139967907687e-02 8.810468003424279382e-02 8.693131217558069945e-02 8.546800936652682035e-02 7.648849162647153310e-02 7.580525352048908538e-02
7.352593972585985682e-02 7.838789840333401648e-02 8.061942195601023986e-02 8.108959283755556857e-02 8.601472797003870130e-02 9.292987748579011054e-02 8.810468003424279382e-02 8.448056814371196488e-02 8.395499723866514663e-02 8.275239007009502212e-02 7.395107890839046350e-02 7.300933787220567628e-02
7.400352529721762607e-02 7.851047073350392314e-02 8.028803394659030090e-02 8.029054931836712705e-02 8.477677722993207099e-02 9.143391082292856575e-02 8.693131217558069945e-02 8.395499723866514663e-02 8.434265287118622445e-02 8.359924294845472170e-02 7.480011916433489116e-02 7.374558132713629477e-02
7.440453336671051798e-02 7.872833193097773796e-02 8.015987852295272664e-02 7.971734903178398501e-02 8.371078727849938506e-02 8.994828901092120910e-02 8.546800936652682035e-02 8.275239007009502212e-02 8.359924294845472170e-02 8.358364958819729240e-02 7.511351703536248148e-02 7.419270330713473305e-02
6.804427714880438571e-02 7.201943739568558711e-02 7.314881829435304628e-02 7.239913688748986220e-02 7.558255884385813028e-02 8.078577893069810445e-02 7.648849162647153310e-02 7.395107890839046350e-02 7.480011916433489116e-02 7.511351703536248148e-02 6.807979727341689768e-02 6.764730697860112107e-02
6.865728551541512570e-02 7.287293926776136632e-02 7.397172812409619214e-02 7.295119013048484424e-02 7.574288354927638522e-02 8.048362729623968759e-02 7.580525352048908538e-02 7.300933787220567628e-02 7.374558132713629477e-02 7.419270330713473305e-02 6.764730697860112107e-02 6.784772676411433834e-02
7.575464232158750366e-02 7.740735609939772277e-02 8.140542480788806601e-02 8.602922692083558864e-02 7.360383471019052437e-02 6.691352173011708149e-02 6.293227554414125569e-02 6.787860386381279476e-02 7.961857972949923368e-02 8.184686732326051928e-02 8.856600642236697740e-02 8.437503778388356912e-02
7.740735609939772277e-02 8.038234693662710262e-02 8.536003701930391929e-02 9.050656522981978536e-02 7.718641350628033249e-02 6.966431511101886520e-02 6.486739680799838426e-02 6.923420167197624764e-02 8.053781483264295382e-02 8.237966590159068181e-02 8.902906307735880542e-02 8.522436945651584717e-02
8.140542480788806601e-02 8.536003701930391929e-02 9.173576702622204815e-02 9.778415783804858541e-02 8.331264609032569546e-02 7.485547519319871168e-02 6.920577575032976769e-02 7.327150710168905956e-02 8.464770767871417079e-02 8.614992760187106802e-02 9.286405803731606623e-02 8.904907473760351189e-02
8.602922692083558864e-02 9.050656522981978536e-02 9.778415783804858541e-02 1.050302414941830936e-01 8.966074221300737723e-02 8.050302550348764630e-02 7.422040102888670388e-02 7.827311145296229900e-02 9.006270250661871368e-02 9.130599961819721444e-02 9.811813330377529285e-02 9.398481501405617222e-02
7.360383471019052437e-02 7.718641350628033249e-02 8.331264609032569546e-02 8.966074221300737723e-02 7.706635751390268629e-02 6.952684853317736557e-02 6.429748739298597748e-02 6.791298597395689640e-02 7.812660792960995915e-02 7.902873826189646400e-02 8.463465234991858488e-02 8.074205442485618556e-02
6.691352173011708149e-02 6.966431511101886520e-02 7.485547519319871168e-02 8.050302550348764630e-02 6.952684853317736557e-02 6.331974309053550742e-02 5.901275740874090125e-02 6.269269889871430246e-02 7.231790410802993452e-02 7.308352334800037597e-02 7.798979171334968763e-02 7.396119275342591393e-02
6.293227554414125569e-02 6.486739680799838426e-02 6.920577575032976769e-02 7.422040102888670388e-02 6.429748739298597748e-02 5.901275740874090125e-02 5.567520634354838904e-02 5.973362394137295833e-02 6.929710077564095461e-02 7.008277829675189918e-02 7.456788851822840347e-02 7.023857169162352199e-02
6.787860386381279476e-02 6.923420167197624764e-02 7.327150710168905956e-02 7.827311145296229900e-02 6.791298597395689640e-02 6.269269889871430246e-02 5.973362394137295833e-02 6.489792836849586632e-02 7.587740587504454570e-02 7.692073011297641261e-02 8.170700687668665252e-02 7.649424474475272073e-02
7.961857972949923368e-02 8.053781483264295382e-02 8.464770767871417079e-02 9.006270250661871368e-02 7.812660792960995915e-02 7.231790410802993452e-02 6.929710077564095461e-02 7.587740587504454570e-02 8.954205342319521144e-02 9.115789870949837781e-02 9.687993109109699352e-02 9.036305710296388405e-02
8.184686732326051928e-02 8.237966590159068181e-02 8.614992760187106802e-02 9.130599961819721444e-02 7.902873826189646400e-02 7.308352334800037597e-02 7.008277829675189918e-02 7.692073011297641261e-02 9.115789870949837781e-02 9.359554210893643311e-02 9.992608842559261295e-02 9.320540868802762446e-02
8.856600642236697740e-02 8.902906307735880542e-02 9.286405803731606623e-02 9.811813330377529285e-02 8.463465234991858488e-02 7.798979171334968763e-02 7.456788851822840347e-02 8.170700687668665252e-02 9.687993109109699352e-02 9.992608842559261295e-02 1.076452430435011348e-01 1.007965207679088759e-01
8.437503778388356912e-02 8.522436945651584717e-02 8.904907473760351189e-02 9.398481501405617222e-02 8.074205442485618556e-02 7.396119275342591393e-02 7.023857169162352199e-02 7.649424474475272073e-02 9.036305710296388405e-02 9.320540868802762446e-02 1.007965207679088759e-01 9.535492832926542595e-02
6.799728549873312877e-02 7.254618772144399985e-02 7.800069396199910132e-02 7.827455848320530318e-02 7.492746552594005405e-02 8.192344261399935046e-02 7.918378370205308991e-02 7.871606709728672102e-02 7.272769978400889235e-02 6.842126897655431694e-02 5.979666983038652017e-02 6.034808622254942551e-02
7.254618772144399985e-02 7.795466027002349862e-02 8.415070987249251289e-02 8.449430580065028784e-02 8.067995945055933538e-02 8.785106400647268998e-02 8.448692877567781645e-02 8.359370968496351861e-02 7.699547992352011316e-02 7.235264412627040453e-02 6.330920532084483021e-02 6.409004865199693923e-02
7.800069396199910132e-02 8.415070987249251289e-02 9.153241511825664645e-02 9.228434324887503648e-02 8.821608107394678100e-02 9.595656473801286723e-02 9.197338318692434289e-02 9.061087441113627183e-02 8.311949454019529338e-02 7.786199564020743202e-02 6.801193453018336554e-02 6.882092854173429974e-02
7.827455848320530318e-02 8.449430580065028784e-02 9.228434324887503648e-02 9.393948690762915499e-02 9.038329325335031639e-02 9.866333810332059140e-02 9.451678838187266285e-02 9.283285310198549634e-02 8.476947002097126593e-02 7.901607157581432006e-02 6.869334070246936597e-02 6.922190446584711165e-02
7.492746552594005405e-02 8.067995945055933538e-02 8.821608107394678100e-02 9.038329325335031639e-02 8.816079830423410868e-02 9.715375274208223888e-02 9.337163276656126887e-02 9.161827869409921998e-02 8.329734020461826427e-02 7.717135262266244800e-02 6.660892578598094638e-02 6.662759896376974078e-02
8.192344261399935046e-02 8.785106400647268998e-02 9.595656473801286723e-02 9.866333810332059140e-02 9.715375274208223888e-02 1.085790376354245357e-01 1.050378037046129087e-01 1.032253419294604097e-01 9.359075315645737358e-02 8.624698866534294406e-02 7.390501422451661862e-02 7.333276340954469896e-02
7.918378370205308991e-02 8.448692877567781645e-02 9.197338318692434289e-02 9.451678838187266285e-02 9.337163276656126887e-02 1.050378037046129087e-01 1.028736915878740721e-01 1.017422991714316272e-01 9.233452990501285484e-02 8.488112855069922247e-02 7.235802543854544244e-02 7.132277594711952662e-02
7.871606709728672102e-02 8.359370968496351861e-02 9.061087441113627183e-02 9.283285310198549634e-02 9.161827869409921998e-02 1.032253419294604097e-01 1.017422991714316272e-01 1.017372130051343859e-01 9.276204051219674729e-02 8.533484712748345968e-02 7.256816170104460340e-02 7.123237383393039857e-02
7.272769978400889235e-02 7.699547992352011316e-02 8.311949454019529338e-02 8.476947002097126593e-02 8.329734020461826427e-02 9.359075315645737358e-02 9.233452990501285484e-02 9.276204051219674729e-02 8.535317907436448803e-02 7.888985324312144942e-02 6.718435572846009896e-02 6.592675404908616976e-02
6.842126897655431694e-02 7.235264412627040453e-02 7.786199564020743202e-02 7.901607157581432006e-02 7.717135262266244800e-02 8.624698866534294406e-02 8.488112855069922247e-02 8.533484712748345968e-02 7.888985324312144942e-02 7.352060931709761271e-02 6.292334567938458190e-02 6.194876235676380349e-02
5.979666983038652017e-02 6.330920532084483021e-02 6.801193453018336554e-02 6.869334070246936597e-02 6.660892578598094638e-02 7.390501422451661862e-02 7.235802543854544244e-02 7.256816170104460340e-02 6.718435572846009896e-02 6.292334567938458190e-02 5.434093557811091324e-02 5.389487681068075298e-02
6.034808622254942551e-02 6.409004865199693923e-02 6.882092854173429974e-02 6.922190446584711165e-02 6.662759896376974078e-02 7.333276340954469896e-02 7.132277594711952662e-02 7.123237383393039857e-02 6.592675404908616976e-02 6.194876235676380349e-02 5.389487681068075298e-02 5.401068770311742706e-02
9.900802957487661593e-02 9.553565220621793030e-02 8.606329476763845132e-02 8.128788707000138281e-02 7.502882131975716073e-02 7.317368725212777814e-02 7.444962568023999472e-02 7.794879968991022534e-02 9.617146208314117373e-02 9.919920184535011010e-02 9.920704162705265561e-02 9.793528387856091644e-02
9.553565220621793030e-02 9.315617035230308596e-02 8.432459320201271535e-02 7.974744029510005827e-02 7.348355761344922688e-02 7.139546511870352441e-02 7.225802411615439569e-02 7.519264894332983173e-02 9.228087501946335980e-02 9.487947633278190351e-02 9.482739162004928668e-02 9.388402747304215590e-02
8.606329476763845132e-02 8.432459320201271535e-02 7.699750508844215025e-02 7.317137305790713531e-02 6.753108349675111810e-02 6.556294381633939738e-02 6.617658879558618867e-02 6.857469944545013796e-02 8.378744940938313845e-02 8.578271194599609850e-02 8.543806779067628088e-02 8.446297532206503700e-02
8.128788707000138281e-02 7.974744029510005827e-02 7.317137305790713531e-02 7.007778465040809257e-02 6.496071441157516557e-02 6.319603197471115874e-02 6.378135459638531457e-02 6.596121372407949546e-02 8.035186093493543180e-02 8.191377523439902220e-02 8.118522964468957714e-02 7.993035107468449141e-02
7.502882131975716073e-02 7.348355761344922688e-02 6.753108349675111810e-02 6.496071441157516557e-02 6.066180471417803588e-02 5.931518968477755144e-02 6.003916990494846673e-02 6.214129619438714391e-02 7.562535783539645062e-02 7.681851488390994964e-02 7.571727303804969000e-02 7.410816025654150263e-02
7.317368725212777814e-02 7.139546511870352441e-02 6.556294381633939738e-02 6.319603197471115874e-02 5.931518968477755144e-02 5.846517695592187702e-02 5.952375981472077249e-02 6.182867062728097940e-02 7.533284211525315133e-02 7.632526929231486790e-02 7.481972234872448502e-02 7.272615406060929655e-02
7.444962568023999472e-02 7.225802411615439569e-02 6.617658879558618867e-02 6.378135459638531457e-02 6.003916990494846673e-02 5.952375981472077249e-02 6.113803577103196774e-02 6.392320231385198448e-02 7.816652750729674581e-02 7.911785712618361888e-02 7.719773002295485242e-02 7.451859480645756095e-02
7.794879968991022534e-02 7.519264894332983173e-02 6.857469944545013796e-02 6.596121372407949546e-02 6.214129619438714391e-02 6.182867062728097940e-02 6.392320231385198448e-02 6.750937728809858207e-02 8.309091776450515388e-02 8.419496272601534326e-02 8.189801969221122135e-02 7.857426550171058011e-02
9.617146208314117373e-02 9.228087501946335980e-02 8.378744940938313845e-02 8.035186093493543180e-02 7.562535783539645062e-02 7.533284211525315133e-02 7.816652750729674581e-02 8.309091776450515388e-02 1.031678877695718366e-01 1.048836595441399316e-01 1.019556824419734220e-01 9.745393361868109894e-02
9.919920184535011010e-02 9.487947633278190351e-02 8.578271194599609850e-02 8.191377523439902220e-02 7.681851488390994964e-02 7.632526929231486790e-02 7.911785712618361888e-02 8.419496272601534326e-02 1.048836595441399316e-01 1.076159344482604252e-01 1.051456589962842525e-01 1.006519896341432907e-01
9.920704162705265561e-02 9.482739162004928668e-02 8.543806779067628088e-02 8.118522964468957714e-02 7.571727303804969000e-02 7.481972234872448502e-02 7.719773002295485242e-02 8.189801969221122135e-02 1.019556824419734220e-01 1.051456589962842525e-01 1.040116371403939227e-01 1.003279982120723335e-01
9.793528387856091644e-02 9.388402747304215590e-02 8.446297532206503700e-02 7.993035107468449141e-02 7.410816025654150263e-02 7.272615406060929655e-02 7.451859480645756095e-02 7.857426550171058011e-02 9.745393361868109894e-02 1.006519896341432907e-01 1.003279982120723335e-01 9.819065624651335256e-02
6.721422642998417518e-02 6.928610488244960064e-02 7.259081681853538082e-02 7.214397589693501145e-02 6.858845329872884089e-02 7.958801389923744751e-02 7.971718772277898435e-02 7.611819794674212769e-02 7.495338283719701900e-02 7.232994387642328882e-02 6.823255519270764180e-02 7.026422312354591027e-02
6.928610488244960064e-02 7.202120718131871380e-02 7.582847700996769857e-02 7.547507821623325452e-02 7.165084739581242812e-02 8.289021884997004042e-02 8.264363364941254564e-02 7.848767743742750269e-02 7.691946562632351325e-02 7.401943837170557594e-02 6.980611673976855336e-02 7.203997175930199059e-02
7.259081681853538082e-02 7.582847700996769857e-02 8.047255239458322995e-02 8.046263787777661880e-02 7.652455076942737966e-02 8.851288764424339317e-02 8.798660530728014129e-02 8.315002445426464273e-02 8.104923898810906246e-02 7.764625083637183289e-02 7.302382806893759071e-02 7.530813427419932871e-02
7.214397589693501145e-02 7.547507821623325452e-02 8.046263787777661880e-02 8.117503451025423478e-02 7.769436798355128238e-02 9.020467788086586336e-02 8.961906936310948257e-02 8.437300775779874029e-02 8.179147706167795573e-02 7.790761789196637421e-02 7.289899305027378040e-02 7.491663922683852728e-02
6.858845329872884089e-02 7.165084739581242812e-02 7.652455076942737966e-02 7.769436798355128238e-02 7.528996175556514070e-02 8.818372980876146294e-02 8.783509627249749818e-02 8.252235029361421059e-02 7.959467893287626439e-02 7.531697792606731334e-02 6.998556670858546713e-02 7.149531801757216809e-02
7.958801389923744751e-02 8.289021884997004042e-02 8.851288764424339317e-02 9.020467788086586336e-02 8.818372980876146294e-02 1.045244039027079935e-01 1.046277549402424289e-01 9.830761550915821656e-02 9.451213090028846853e-02 8.894680996031492648e-02 8.211040117313671283e-02 8.336124346717055378e-02
7.971718772277898435e-02 8.264363364941254564e-02 8.798660530728014129e-02 8.961906936310948257e-02 8.783509627249749818e-02 1.046277549402424289e-01 1.058112807976365338e-01 9.992912161431352636e-02 9.619573337542668134e-02 9.036171252954480759e-02 8.307626076644777924e-02 8.392410812062874037e-02
7.611819794674212769e-02 7.848767743742750269e-02 8.315002445426464273e-02 8.437300775779874029e-02 8.252235029361421059e-02 9.830761550915821656e-02 9.992912161431352636e-02 9.545087648906042110e-02 9.248621643564972072e-02 8.706444812300653813e-02 7.995298055815122651e-02 8.051499244791729404e-02
7.495338283719701900e-02 7.691946562632351325e-02 8.104923898810906246e-02 8.179147706167795573e-02 7.959467893287626439e-02 9.451213090028846853e-02 9.619573337542668134e-02 9.248621643564972072e-02 9.064716651819328119e-02 8.586191217836197653e-02 7.902297314640789605e-02 7.953479095298739143e-02
7.232994387642328882e-02 7.401943837170557594e-02 7.764625083637183289e-02 7.790761789196637421e-02 7.531697792606731334e-02 8.894680996031492648e-02 9.036171252954480759e-02 8.706444812300653813e-02 8.586191217836197653e-02 8.217818024780268460e-02 7.608900168154450472e-02 7.679395070538816426e-02
6.823255519270764180e-02 6.980611673976855336e-02 7.302382806893759071e-02 7.289899305027378040e-02 6.998556670858546713e-02 8.211040117313671283e-02 8.307626076644777924e-02 7.995298055815122651e-02 7.902297314640789605e-02 7.608900168154450472e-02 7.115893144155466254e-02 7.226978089296956509e-02
7.026422312354591027e-02 7.203997175930199059e-02 7.530813427419932871e-02 7.491663922683852728e-02 7.149531801757216809e-02 8.336124346717055378e-02 8.392410812062874037e-02 8.051499244791729404e-02 7.953479095298739143e-02 7.679395070538816426e-02 7.226978089296956509e-02 7.405617833133873451e-02
1.020587982696798957e-01 9.407731219944849566e-02 8.756428900981688690e-02 8.530025856083536806e-02 9.065922948553109539e-02 9.092007175589507384e-02 8.376209238620728470e-02 8.441139674848813224e-02 8.243988874535081168e-02 8.137883674853427229e-02 8.712394608351044234e-02 9.928212512315477689e-02
9.407731219944849566e-02 8.757512488632912540e-02 8.206370695883354049e-02 8.025774210601235858e-02 8.539807418380966630e-02 8.549287679605482859e-02 7.843369876401033725e-02 7.862281263902967665e-02 7.637380632230246491e-02 7.502746441839591718e-02 8.005803685777682088e-02 9.117269617746720511e-02
8.756428900981688690e-02 8.206370695883354049e-02 7.787639310402866277e-02 7.686102725376128819e-02 8.219522931166162172e-02 8.231621667283228749e-02 7.524797788317066916e-02 7.498507094970666143e-02 7.231765127853617692e-02 7.050041210297348926e-02 7.472962073133201932e-02 8.478524028467185336e-02
8.530025856083536806e-02 8.025774210601235858e-02 7.686102725376128819e-02 7.690364417597868318e-02 8.294871870473904951e-02 8.330128817903612037e-02 7.599340750896443897e-02 7.534746618425663955e-02 7.214253025274049158e-02 6.972826002395182687e-02 7.330615984539565200e-02 8.270229792954225667e-02
9.065922948553109539e-02 8.539807418380966630e-02 8.219522931166162172e-02 8.294871870473904951e-02 9.046828771023097959e-02 9.131024250685490506e-02 8.332346928109404804e-02 8.239058251961406398e-02 7.846872643946341264e-02 7.530304852327718290e-02 7.857718793392437506e-02 8.813530867511404354e-02
9.092007175589507384e-02 8.549287679605482859e-02 8.231621667283228749e-02 8.330128817903612037e-02 9.131024250685490506e-02 9.292990291591431140e-02 8.512353549148050924e-02 8.424953369297942529e-02 8.008852680561637238e-02 7.654696310757785893e-02 7.946575370385229597e-02 8.870413094991019820e-02
8.376209238620728470e-02 7.843369876401033725e-02 7.524797788317066916e-02 7.599340750896443897e-02 8.332346928109404804e-02 8.512353549148050924e-02 7.863645845961803049e-02 7.825011108604476573e-02 7.454072193778374378e-02 7.121013599106983116e-02 7.375353467882475589e-02 8.204972316158901102e-02
8.441139674848813224e-02 7.862281263902967665e-02 7.498507094970666143e-02 7.534746618425663955e-02 8.239058251961406398e-02 8.424953369297942529e-02 7.825011108604476573e-02 7.858465873983978833e-02 7.527355892651738101e-02 7.210979633787734100e-02 7.472044387275882105e-02 8.299122032887226719e-02
8.243988874535081168e-02 7.637380632230246491e-02 7.231765127853617692e-02 7.214253025274049158e-02 7.846872643946341264e-02 8.008852680561637238e-02 7.454072193778374378e-02 7.527355892651738101e-02 7.279709647231398517e-02 7.021539666318452055e-02 7.306438243026305845e-02 8.124348108355394782e-02
8.137883674853427229e-02 7.502746441839591718e-02 7.050041210297348926e-02 6.972826002395182687e-02 7.530304852327718290e-02 7.654696310757785893e-02 7.121013599106983116e-02 7.210979633787734100e-02 7.021539666318452055e-02 6.849617737230138947e-02 7.186693178942880900e-02 8.024589129659269460e-02
8.712394608351044234e-02 8.005803685777682088e-02 7.472962073133201932e-02 7.330615984539565200e-02 7.857718793392437506e-02 7.946575370385229597e-02 7.375353467882475589e-02 7.472044387275882105e-02 7.306438243026305845e-02 7.186693178942880900e-02 7.629550102681455226e-02 8.578639735128118504e-02
9.928212512315477689e-02 9.117269617746720511e-02 8.478524028467185336e-02 8.270229792954225667e-02 8.813530867511404354e-02 8.870413094991019820e-02 8.204972316158901102e-02 8.299122032887226719e-02 8.124348108355394782e-02 8.024589129659269460e-02 8.578639735128118504e-02 9.737795686695066566e-02
8.073476022369949212e-02 8.536264830602445508e-02 8.133740154702175096e-02 7.134766554280919104e-02 7.165534079535061662e-02 7.798935127946274304e-02 8.411973954056317648e-02 7.896775267532046838e-02 8.456581921058026197e-02 7.939520284447082465e-02 7.932194447530525883e-02 7.874792626261781225e-02
8.536264830602445508e-02 9.099782009798070004e-02 8.700026925527476473e-02 7.631785682778907676e-02 7.649832048545152086e-02 8.298861233509616242e-02 8.915101012124526658e-02 8.330707617396171383e-02 8.884878164024853642e-02 8.324444554230661653e-02 8.317226130469651535e-02 8.280144019722221471e-02
8.133740154702175096e-02 8.700026925527476473e-02 8.379388872588650061e-02 7.383642945863852503e-02 7.422027196850282393e-02 8.057204859527636320e-02 8.642213542480126076e-02 8.045215506678572714e-02 8.541097771993882981e-02 7.967464478149888230e-02 7.932440033075990882e-02 7.884149140037978454e-02
7.134766554280919104e-02 7.631785682778907676e-02 7.383642945863852503e-02 6.572000074376663226e-02 6.661735183333546140e-02 7.268888785718645440e-02 7.806243282678239359e-02 7.246687307593181748e-02 7.655718992108138943e-02 7.096076191828135094e-02 7.017720867277923991e-02 6.937447663352519500e-02
7.165534079535061662e-02 7.649832048545152086e-02 7.422027196850282393e-02 6.661735183333546140e-02 6.839261907686197683e-02 7.526927492366876360e-02 8.112129527819991748e-02 7.519005839225850751e-02 7.908175425131172553e-02 7.278332132739015470e-02 7.138992274908559366e-02 7.004784381224446466e-02
7.798935127946274304e-02 8.298861233509616242e-02 8.057204859527636320e-02 7.268888785718645440e-02 7.526927492366876360e-02 8.376153743304309840e-02 9.079582509700148685e-02 8.421247383248295360e-02 8.836208089318831060e-02 8.087267172422787920e-02 7.874792422566290195e-02 7.670070964333267072e-02
8.411973954056317648e-02 8.915101012124526658e-02 8.642213542480126076e-02 7.806243282678239359e-02 8.112129527819991748e-02 9.079582509700148685e-02 9.930214627562507224e-02 9.247015647145304107e-02 9.712395607180480950e-02 8.865785310967144728e-02 8.591437901508133801e-02 8.319478357588849793e-02
7.896775267532046838e-02 8.330707617396171383e-02 8.045215506678572714e-02 7.246687307593181748e-02 7.519005839225850751e-02 8.421247383248295360e-02 9.247015647145304107e-02 8.696012589993754038e-02 9.190976991010964270e-02 8.402845498276295677e-02 8.132029503520406266e-02 7.846681723182490076e-02
8.456581921058026197e-02 8.884878164024853642e-02 8.541097771993882981e-02 7.655718992108138943e-02 7.908175425131172553e-02 8.836208089318831060e-02 9.712395607180480950e-02 9.190976991010964270e-02 9.816071630718584129e-02 9.019399469459361829e-02 8.744685972045858346e-02 8.428825205495737993e-02
7.939520284447082465e-02 8.324444554230661653e-02 7.967464478149888230e-02 7.096076191828135094e-02 7.278332132739015470e-02 8.087267172422787920e-02 8.865785310967144728e-02 8.402845498276295677e-02 9.019399469459361829e-02 8.375633418336439484e-02 8.178277758613947124e-02 7.910077873029144890e-02
7.932194447530525883e-02 8.317226130469651535e-02 7.932440033075990882e-02 7.017720867277923991e-02 7.138992274908559366e-02 7.874792422566290195e-02 8.591437901508133801e-02 8.132029503520406266e-02 8.744685972045858346e-02 8.178277758613947124e-02 8.080614975248334719e-02 7.874048689124985012e-02
7.874792626261781225e-02 8.280144019722221471e-02 7.884149140037978454e-02 6.937447663352519500e-02 7.004784381224446466e-02 7.670070964333267072e-02 8.319478357588849793e-02 7.846681723182490076e-02 8.428825205495737993e-02 7.910077873029144890e-02 7.874048689124985012e-02 7.761390128016565360e-02
9.130522481582688255e-02 9.195349260485696785e-02 9.655018659746979204e-02 8.872703877452103871e-02 8.111436976959193745e-02 7.921225501132916902e-02 7.247554365877842408e-02 7.607594247090965212e-02 7.815310786627878425e-02 8.408885076428199157e-02 8.401848211927777366e-02 9.390899005488843876e-02
