4.176597311179326422e-01 2.164445786469656741e-01 6.999254436355945019e-02 -3.885056733771644760e-02 -3.959841847438340390e-02 8.772854824737108537e-03 4.157707383839004400e-02 2.011519431662084009e-02 -3.063860897887064200e-02 -4.490191125234256619e-02 3.798904899316142558e-02 2.030803929502253413e-01
2.164445786469656741e-01 3.597257052482867312e-01 2.114711276540851836e-01 6.762290056094874546e-02 -4.153694942837162646e-02 -4.463592075413737315e-02 5.567035307220129237e-03 3.999001797612886100e-02 1.795951518763546848e-02 -4.603248603507314324e-02 -4.524129740430894719e-02 7.756529283724088175e-02
6.999254436355945019e-02 2.114711276540851836e-01 3.936584396492456284e-01 2.007108048250801913e-01 4.856356861021983440e-02 -4.550702875785148094e-02 -5.102171831459578755e-02 5.489025230584381257e-03 3.626746143903521874e-02 1.614272591852519007e-02 -4.021019091032830561e-02 -4.655021382410104436e-02
-3.885056733771644760e-02 6.762290056094874546e-02 2.007108048250801913e-01 4.485816299488776804e-01 1.865436117095899682e-01 4.116539426609450159e-02 -4.198839965459958551e-02 -3.904112109073810954e-02 7.332925461623406721e-03 3.443518412127132000e-02 9.610866045458632545e-03 -4.493016180904221835e-02
-3.959841847438340390e-02 -4.153694942837162646e-02 4.856356861021983440e-02 1.865436117095899682e-01 4.431527829237318916e-01 1.993463638816797834e-01 7.411481884626254513e-02 -3.728438471951404237e-02 -4.179839230133933214e-02 8.695006521193525753e-03 3.163712483656618696e-02 9.294912026825464385e-03
8.772854824737108537e-03 -4.463592075413737315e-02 -4.550702875785148094e-02 4.116539426609450159e-02 1.993463638816797834e-01 4.076567814374456034e-01 2.137736003596821255e-01 7.130193229000349187e-02 -4.002902684717489501e-02 -4.358741308677013815e-02 1.027844759964724464e-02 3.733473495965677902e-02
4.157707383839004400e-02 5.567035307220129237e-03 -5.102171831459578755e-02 -4.198839965459958551e-02 7.411481884626254513e-02 2.137736003596821255e-01 3.412486430148797822e-01 2.138092022060099628e-01 7.246272735906936213e-02 -4.989750235109928489e-02 -4.229332910321856320e-02 2.035954988694178153e-02
2.011519431662084009e-02 3.999001797612886100e-02 5.489025230584381257e-03 -3.904112109073810954e-02 -3.728438471951404237e-02 7.130193229000349187e-02 2.138092022060099628e-01 4.005917476088875495e-01 2.049227761411537840e-01 4.861864779168866696e-02 -4.184602847471784876e-02 -3.550980499174915400e-02
-3.063860897887064200e-02 1.795951518763546848e-02 3.626746143903521874e-02 7.332925461623406721e-03 -4.179839230133933214e-02 -4.002902684717489501e-02 7.246272735906936213e-02 2.049227761411537840e-01 4.505527942740661929e-01 1.845007061675043025e-01 3.069330923831773902e-02 -3.901930349004721632e-02
-4.490191125234256619e-02 -4.603248603507314324e-02 1.614272591852519007e-02 3.443518412127132000e-02 8.695006521193525753e-03 -4.358741308677013815e-02 -4.989750235109928489e-02 4.861864779168866696e-02 1.845007061675043025e-01 4.422873018386717092e-01 1.883409238242715333e-01 4.200032890547800157e-02
3.798904899316142558e-02 -4.524129740430894719e-02 -4.021019091032830561e-02 9.610866045458632545e-03 3.163712483656618696e-02 1.027844759964724464e-02 -4.229332910321856320e-02 -4.184602847471784876e-02 3.069330923831773902e-02 1.883409238242715333e-01 4.675861355874386671e-01 1.850925247560626374e-01
2.030803929502253413e-01 7.756529283724088175e-02 -4.655021382410104436e-02 -4.493016180904221835e-02 9.294912026825464385e-03 3.733473495965677902e-02 2.035954988694178153e-02 -3.550980499174915400e-02 -3.901930349004721632e-02 4.200032890547800157e-02 1.850925247560626374e-01 4.272983073505365326e-01
4.727260480178655522e-01 1.843443025058769391e-01 3.660559462734556263e-02 -3.318575666120245765e-02 -3.267665804580650174e-02 7.896058932432510613e-03 3.171267830303971247e-02 1.026104407591016746e-02 -2.933759283759920095e-02 -3.387197977320054176e-02 6.309790535624716645e-02 1.977105890683054645e-01
1.843443025058769391e-01 4.358332485555546087e-01 1.912993051650599963e-01 5.700667800138203151e-02 -4.241925660310948143e-02 -4.929834381544169475e-02 1.071747367283875860e-02 3.435391869837720047e-02 9.911657569059876410e-03 -4.505529694849332023e-02 -5.697431233922950478e-02 3.849550329483566319e-02
3.660559462734556263e-02 1.912993051650599963e-01 4.103440098277905124e-01 2.080172143034629550e-01 6.889230320133901686e-02 -5.135747099724147224e-02 -5.213796449999402033e-02 7.497956431155858477e-03 2.989411284321255927e-02 1.032653331060109925e-02 -4.847626863891331406e-02 -4.626402533125206079e-02
-3.318575666120245765e-02 5.700667800138203151e-02 2.080172143034629550e-01 4.185310790204528897e-01 2.083025184432648613e-01 6.511838900882058190e-02 -4.939870721341756143e-02 -4.053487512384946340e-02 9.974749652548308559e-03 3.917213190890945357e-02 1.646939456115065897e-02 -3.721750661271585464e-02
-3.267665804580650174e-02 -4.241925660310948143e-02 6.889230320133901686e-02 2.083025184432648613e-01 3.830190259630795180e-01 2.168618182050327525e-01 8.193420705031800866e-02 -3.282690129940554757e-02 -3.319743480461636448e-02 1.479675927383301663e-02 4.291933583638453398e-02 1.392296397749454018e-02
7.896058932432510613e-03 -4.929834381544169475e-02 -5.135747099724147224e-02 6.511838900882058190e-02 2.168618182050327525e-01 4.118342432255125973e-01 2.070611989137759179e-01 4.486339806794876345e-02 -3.666521593370425380e-02 -3.607540431138284848e-02 1.667934669680744969e-02 3.823876066386601436e-02
3.171267830303971247e-02 1.071747367283875860e-02 -5.213796449999402033e-02 -4.939870721341756143e-02 8.193420705031800866e-02 2.070611989137759179e-01 3.860517166458554139e-01 1.836391461704575678e-01 3.767907823992560495e-02 -5.082586877667859271e-02 -5.273942122226587398e-02 1.136857264727115895e-02
1.026104407591016746e-02 3.435391869837720047e-02 7.497956431155858477e-03 -4.053487512384946340e-02 -3.282690129940554757e-02 4.486339806794876345e-02 1.836391461704575678e-01 4.782431188764961205e-01 1.822131226136613213e-01 2.691825184405280402e-02 -4.672326307264547396e-02 -3.406305841725938699e-02
-2.933759283759920095e-02 9.911657569059876410e-03 2.989411284321255927e-02 9.974749652548308559e-03 -3.319743480461636448e-02 -3.666521593370425380e-02 3.767907823992560495e-02 1.822131226136613213e-01 4.628277642095531830e-01 1.920996904184052168e-01 7.155990069343340365e-02 -2.916101718119743294e-02
-3.387197977320054176e-02 -4.505529694849332023e-02 1.032653331060109925e-02 3.917213190890945357e-02 1.479675927383301663e-02 -3.607540431138284848e-02 -5.082586877667859271e-02 2.691825184405280402e-02 1.920996904184052168e-01 4.189349067145539673e-01 2.098444644580786389e-01 6.675328080723737234e-02
6.309790535624716645e-02 -5.697431233922950478e-02 -4.847626863891331406e-02 1.646939456115065897e-02 4.291933583638453398e-02 1.667934669680744969e-02 -5.273942122226587398e-02 -4.672326307264547396e-02 7.155990069343340365e-02 2.098444644580786389e-01 2.960311965575821436e-01 2.026726191912388564e-01
1.977105890683054645e-01 3.849550329483566319e-02 -4.626402533125206079e-02 -3.721750661271585464e-02 1.392296397749454018e-02 3.823876066386601436e-02 1.136857264727115895e-02 -3.406305841725938699e-02 -2.916101718119743294e-02 6.675328080723737234e-02 2.026726191912388564e-01 4.256236423856873397e-01
3.283057171899020910e-01 2.138122165384547524e-01 9.843140293700104737e-02 -4.547647277913470509e-02 -5.538611126136728374e-02 5.199823128517223891e-03 4.166644358937196535e-02 2.149564295297481248e-02 -4.712502543879807521e-02 -4.919306282857695972e-02 7.026868623620981247e-02 1.916067742738248314e-01
2.138122165384547524e-01 4.135938163057341632e-01 2.185880388474124858e-01 5.615224370318928904e-02 -4.428033861702514173e-02 -4.203969764465045195e-02 1.371837001139069451e-02 4.626449765264024211e-02 8.774495725537628452e-03 -4.382628864957847925e-02 -4.050422128503103347e-02 4.965742486899896169e-02
9.843140293700104737e-02 2.185880388474124858e-01 3.947151683100991182e-01 1.957167866823844027e-01 5.929263454426855762e-02 -3.960813367222402320e-02 -3.755564838154802632e-02 1.673212933083990939e-02 3.618991733239365627e-02 5.256202319588441398e-03 -4.566612885860137777e-02 -3.233186186082649682e-02
-4.547647277913470509e-02 5.615224370318928904e-02 1.957167866823844027e-01 4.264185149698680455e-01 2.037575614520190093e-01 5.068179094561746367e-02 -4.772844413812184217e-02 -5.232762356860384823e-02 1.853461171910165961e-02 4.408751659361693359e-02 5.823131613784379712e-03 -4.146041391226305134e-02
-5.538611126136728374e-02 -4.428033861702514173e-02 5.929263454426855762e-02 2.037575614520190093e-01 4.246485448689966691e-01 1.910859534877780153e-01 4.477033092705144657e-02 -5.246583700573383136e-02 -3.740776338257158218e-02 2.124005859291700285e-02 3.474535403300640229e-02 1.414172888291233103e-03
5.199823128517223891e-03 -4.203969764465045195e-02 -3.960813367222402320e-02 5.068179094561746367e-02 1.910859534877780153e-01 4.441001036529288459e-01 2.018038249796658967e-01 6.193056426913207124e-02 -4.634100020200716125e-02 -4.685292110472863425e-02 1.559100037240273781e-02 3.464317466570469156e-02
4.166644358937196535e-02 1.371837001139069451e-02 -3.755564838154802632e-02 -4.772844413812184217e-02 4.477033092705144657e-02 2.018038249796658967e-01 4.260487504798368130e-01 2.040150477495075165e-01 5.310388452585331626e-02 -4.670956975711550163e-02 -3.767268083722125072e-02 1.489193623451160256e-02
2.149564295297481248e-02 4.626449765264024211e-02 1.673212933083990939e-02 -5.232762356860384823e-02 -5.246583700573383136e-02 6.193056426913207124e-02 2.040150477495075165e-01 3.985444257613045549e-01 2.044057695925157181e-01 6.761234601208908346e-02 -4.512976404400752262e-02 -4.068246005904341267e-02
-4.712502543879807521e-02 8.774495725537628452e-03 3.618991733239365627e-02 1.853461171910165961e-02 -3.740776338257158218e-02 -4.634100020200716125e-02 5.310388452585331626e-02 2.044057695925157181e-01 4.175034064551671475e-01 2.079050661127377908e-01 4.934997620234048143e-02 -4.363576136352470547e-02
-4.919306282857695972e-02 -4.382628864957847925e-02 5.256202319588441398e-03 4.408751659361693359e-02 2.124005859291700285e-02 -4.685292110472863425e-02 -4.670956975711550163e-02 6.761234601208908346e-02 2.079050661127377908e-01 4.311963221191078555e-01 1.841812673414682244e-01 3.747585370393080595e-02
7.026868623620981247e-02 -4.050422128503103347e-02 -4.566612885860137777e-02 5.823131613784379712e-03 3.474535403300640229e-02 1.559100037240273781e-02 -3.767268083722125072e-02 -4.512976404400752262e-02 4.934997620234048143e-02 1.841812673414682244e-01 4.311011021812643507e-01 2.052998070254652974e-01
1.916067742738248314e-01 4.965742486899896169e-02 -3.233186186082649682e-02 -4.146041391226305134e-02 1.414172888291233103e-03 3.464317466570469156e-02 1.489193623451160256e-02 -4.068246005904341267e-02 -4.363576136352470547e-02 3.747585370393080595e-02 2.052998070254652974e-01 4.638241277058330336e-01
3.624272261973565668e-01 2.035432924063811932e-01 6.016051697134732618e-02 -4.702261742052490923e-02 -5.162031276841126670e-02 1.317831293547008092e-02 3.814452980249576769e-02 5.760270939937528478e-03 -4.213311231146879554e-02 -3.846800678211419189e-02 7.469103738805468740e-02 2.146810209180747830e-01
2.035432924063811932e-01 4.617224690264257747e-01 1.882193739158219692e-01 3.430785557264832975e-02 -4.127417023179445754e-02 -3.131353373164030840e-02 1.486428797314464333e-02 3.640772729707214550e-02 3.494834317894246131e-03 -4.471927805988016452e-02 -3.126223519005432577e-02 7.206650946079583286e-02
6.016051697134732618e-02 1.882193739158219692e-01 4.208531289864290148e-01 2.013831837539125924e-01 7.526834873079080168e-02 -4.083381588932831485e-02 -4.633408043396944342e-02 2.047210515767961675e-02 3.656252412490453019e-02 9.526964627608056416e-04 -4.182839450687896032e-02 -4.204044120076003838e-02
-4.702261742052490923e-02 3.430785557264832975e-02 2.013831837539125924e-01 4.425275375468474826e-01 2.025031559212335519e-01 4.241004261301796474e-02 -4.722894094912911955e-02 -4.081902841460290782e-02 1.758034362861753824e-02 3.800874530216233338e-02 3.008380260945898738e-03 -4.848070353394384746e-02
-5.162031276841126670e-02 -4.127417023179445754e-02 7.526834873079080168e-02 2.025031559212335519e-01 3.683529244979256156e-01 2.006753742225751980e-01 7.436002977272496151e-02 -5.636825489470362327e-02 -4.881643294788624854e-02 2.431043005660624146e-02 4.018811243523810750e-02 6.097753908319499504e-03
1.317831293547008092e-02 -3.131353373164030840e-02 -4.083381588932831485e-02 4.241004261301796474e-02 2.006753742225751980e-01 4.515321142229384299e-01 2.095440913435994146e-01 4.150534857413425843e-02 -4.502141342371743932e-02 -3.418073333724550023e-02 1.759987395304713279e-02 4.117847549342195518e-02
3.814452980249576769e-02 1.486428797314464333e-02 -4.633408043396944342e-02 -4.722894094912911955e-02 7.436002977272496151e-02 2.095440913435994146e-01 4.220018479529212829e-01 1.884003062269252182e-01 4.907445582944122697e-02 -4.041402734206625547e-02 -3.513903221963060597e-02 1.400448468382710886e-02
5.760270939937528478e-03 3.640772729707214550e-02 2.047210515767961675e-02 -4.081902841460290782e-02 -5.636825489470362327e-02 4.150534857413425843e-02 1.884003062269252182e-01 4.325616346091869513e-01 2.003303711797410624e-01 4.723092522828833267e-02 -4.559678171831917787e-02 -5.298218421354433660e-02
-4.213311231146879554e-02 3.494834317894246131e-03 3.656252412490453019e-02 1.758034362861753824e-02 -4.881643294788624854e-02 -4.502141342371743932e-02 4.907445582944122697e-02 2.003303711797410624e-01 4.422457197944160701e-01 1.866628412233295176e-01 4.123577342772701687e-02 -4.622184415660500478e-02
-3.846800678211419189e-02 -4.471927805988016452e-02 9.526964627608056416e-04 3.800874530216233338e-02 2.431043005660624146e-02 -3.418073333724550023e-02 -4.041402734206625547e-02 4.723092522828833267e-02 1.866628412233295176e-01 4.378049589311473477e-01 2.028596053605299099e-01 7.775195747580673777e-02
7.469103738805468740e-02 -3.126223519005432577e-02 -4.182839450687896032e-02 3.008380260945898738e-03 4.018811243523810750e-02 1.759987395304713279e-02 -3.513903221963060597e-02 -4.559678171831917787e-02 4.123577342772701687e-02 2.028596053605299099e-01 4.154303866576010695e-01 2.139394500746116812e-01
2.146810209180747830e-01 7.206650946079583286e-02 -4.204044120076003838e-02 -4.848070353394384746e-02 6.097753908319499504e-03 4.117847549342195518e-02 1.400448468382710886e-02 -5.298218421354433660e-02 -4.622184415660500478e-02 7.775195747580673777e-02 2.139394500746116812e-01 3.425400515767831333e-01
4.622795790811329852e-01 1.836100071863567551e-01 3.074037538169582806e-02 -4.456471189177864389e-02 -4.315064746567323639e-02 2.161006670877337749e-02 4.227551362107197924e-02 2.175420786918982538e-02 -3.510115197281742094e-02 -4.511701136228436770e-02 3.368572306605904787e-02 1.819831191283001193e-01
1.836100071863567551e-01 4.431458321073422635e-01 1.865037526314665683e-01 3.604896370838547859e-02 -5.352782421711104605e-02 -4.014281626474272557e-02 1.236287466964812107e-02 3.820009559446346792e-02 2.172672825937479318e-02 -3.435145328744763915e-02 -4.472994547784282793e-02 3.142889906145926449e-02
3.074037538169582806e-02 1.865037526314665683e-01 4.762847705910341345e-01 1.889540518302441074e-01 4.732887104649114579e-02 -4.126885154391572719e-02 -4.271607831426983692e-02 -4.577552737276144139e-03 3.295635525673147603e-02 2.384438895385184581e-02 -2.899471011419984742e-02 -3.610939646355269123e-02
-4.456471189177864389e-02 3.604896370838547859e-02 1.889540518302441074e-01 4.265314415949661431e-01 2.050994456961105772e-01 7.213505187513243044e-02 -3.317712077457227182e-02 -4.715700491634519653e-02 -1.302052628678015619e-02 3.062204293581995140e-02 3.105765062552783701e-02 -2.440508077206235416e-02
-4.315064746567323639e-02 -5.352782421711104605e-02 4.732887104649114579e-02 2.050994456961105772e-01 3.940269156890058300e-01 2.107156291526606218e-01 7.602452972550809152e-02 -2.661541041441741612e-02 -5.351234672105460027e-02 -1.838741279027519826e-02 4.340184261901006146e-02 2.817252388785413883e-02
2.161006670877337749e-02 -4.014281626474272557e-02 -4.126885154391572719e-02 7.213505187513243044e-02 2.107156291526606218e-01 3.465099144228203643e-01 2.145809145546662966e-01 9.526909240358708009e-02 -2.263440028247103858e-02 -4.892144777380366683e-02 -1.138079991451728182e-02 3.174573129384517661e-02
4.227551362107197924e-02 1.236287466964812107e-02 -4.271607831426983692e-02 -3.317712077457227182e-02 7.602452972550809152e-02 2.145809145546662966e-01 4.163717354173509522e-01 2.049415818963662428e-01 6.540299547823086312e-02 -2.857414641854578996e-02 -5.027371178478032276e-02 9.106428929745431864e-04
2.175420786918982538e-02 3.820009559446346792e-02 -4.577552737276144139e-03 -4.715700491634519653e-02 -2.661541041441741612e-02 9.526909240358708009e-02 2.049415818963662428e-01 2.990697032373064723e-01 2.078108897510012876e-01 9.369070212967831046e-02 -4.605586689191581290e-02 -4.446461488103090748e-02
-3.510115197281742094e-02 2.172672825937479318e-02 3.295635525673147603e-02 -1.302052628678015619e-02 -5.351234672105460027e-02 -2.263440028247103858e-02 6.540299547823086312e-02 2.078108897510012876e-01 4.294108530070727681e-01 2.160904720955713065e-01 4.932535501498767905e-02 -4.199178569758172525e-02
-4.511701136228436770e-02 -3.435145328744763915e-02 2.384438895385184581e-02 3.062204293581995140e-02 -1.838741279027519826e-02 -4.892144777380366683e-02 -2.857414641854578996e-02 9.369070212967831046e-02 2.160904720955713065e-01 4.006513114592196168e-01 1.881700421921423949e-01 4.447611103611159855e-02
3.368572306605904787e-02 -4.472994547784282793e-02 -2.899471011419984742e-02 3.105765062552783701e-02 4.340184261901006146e-02 -1.138079991451728182e-02 -5.027371178478032276e-02 -4.605586689191581290e-02 4.932535501498767905e-02 1.881700421921423949e-01 4.451064493573654302e-01 1.928116080951269296e-01
1.819831191283001193e-01 3.142889906145926449e-02 -3.610939646355269123e-02 -2.440508077206235416e-02 2.817252388785413883e-02 3.174573129384517661e-02 9.106428929745431864e-04 -4.446461488103090748e-02 -4.199178569758172525e-02 4.447611103611159855e-02 1.928116080951269296e-01 4.606114940354464338e-01
3.603161412578778644e-01 2.130197887397695666e-01 8.332075305523826969e-02 -1.207563308282151929e-02 -5.143353682537421534e-02 -1.894228657881313893e-02 3.852116118735735700e-02 2.313987321762180083e-02 -4.305723246509211843e-02 -4.319153781093026251e-02 7.035976528870892255e-02 2.105603893104633917e-01
2.130197887397695666e-01 3.007457552419539049e-01 2.106444402899752544e-01 1.004270888583392168e-01 -2.750479258621302964e-02 -5.214353719284585409e-02 -1.796816462940989704e-03 3.369331928222054490e-02 1.347099541760978306e-02 -4.070197960422171357e-02 -4.152296797685146867e-02 7.825599784007397641e-02
8.332075305523826969e-02 2.106444402899752544e-01 4.083911563181649718e-01 2.124755871984020383e-01 6.392311179609933003e-02 -3.792176369705620165e-02 -4.359439712866500227e-02 1.167016813586517140e-02 3.924458610646994888e-02 -1.560571490043605701e-03 -5.269208386145415174e-02 -2.332571744592690580e-02
-1.207563308282151929e-02 1.004270888583392168e-01 2.124755871984020383e-01 3.535818164183487378e-01 2.054542103298678812e-01 7.285200623241605555e-02 -4.794342970613025418e-02 -3.762484771687000379e-02 2.898609905654688651e-02 3.293554040218329287e-02 -2.123801413191079776e-02 -4.773813085434947673e-02
-5.143353682537421534e-02 -2.750479258621302964e-02 6.392311179609933003e-02 2.054542103298678812e-01 4.112914707786145541e-01 2.106859377494181007e-01 5.012708234557668174e-02 -4.425571259877731506e-02 -3.674652381992285499e-02 2.614740323127648369e-02 4.023484409194982153e-02 -1.544654354265409535e-02
-1.894228657881313893e-02 -5.214353719284585409e-02 -3.792176369705620165e-02 7.285200623241605555e-02 2.106859377494181007e-01 4.342513751860541671e-01 1.841158566187417467e-01 2.998453893942400889e-02 -4.330656480295849708e-02 -2.296566242502882244e-02 3.196063227539532037e-02 2.829797689260123844e-02
3.852116118735735700e-02 -1.796816462940989704e-03 -4.359439712866500227e-02 -4.794342970613025418e-02 5.012708234557668174e-02 1.841158566187417467e-01 4.494480969696155737e-01 1.878992702264111747e-01 3.313034279669448134e-02 -4.017922256642154216e-02 -3.411623095997407679e-02 2.482248983824109079e-02
2.313987321762180083e-02 3.369331928222054490e-02 1.167016813586517140e-02 -3.762484771687000379e-02 -4.425571259877731506e-02 2.998453893942400889e-02 1.878992702264111747e-01 4.767700144039752064e-01 1.758021029510880573e-01 1.914097967346529289e-02 -3.860848094057126728e-02 -2.052467583005124913e-02
-4.305723246509211843e-02 1.347099541760978306e-02 3.924458610646994888e-02 2.898609905654688651e-02 -3.674652381992285499e-02 -4.330656480295849708e-02 3.313034279669448134e-02 1.758021029510880573e-01 4.562726872323120131e-01 1.846407015328260237e-01 4.040504768392693541e-02 -4.053513297514755448e-02
-4.319153781093026251e-02 -4.070197960422171357e-02 -1.560571490043605701e-03 3.293554040218329287e-02 2.614740323127648369e-02 -2.296566242502882244e-02 -4.017922256642154216e-02 1.914097967346529289e-02 1.846407015328260237e-01 4.735099688987944311e-01 1.827407155523244064e-01 2.791967934145914154e-02
7.035976528870892255e-02 -4.152296797685146867e-02 -5.269208386145415174e-02 -2.123801413191079776e-02 4.023484409194982153e-02 3.196063227539532037e-02 -3.411623095997407679e-02 -3.860848094057126728e-02 4.040504768392693541e-02 1.827407155523244064e-01 4.312136345617010313e-01 1.944329546535668585e-01
2.105603893104633917e-01 7.825599784007397641e-02 -2.332571744592690580e-02 -4.773813085434947673e-02 -1.544654354265409535e-02 2.829797689260123844e-02 2.482248983824109079e-02 -2.052467583005124913e-02 -4.053513297514755448e-02 2.791967934145914154e-02 1.944329546535668585e-01 4.442078827326030321e-01
4.052083844703094351e-01 2.163164330986351858e-01 9.653768218660874201e-02 -3.892531651002704290e-02 -4.935377363326989147e-02 4.112559376695031077e-03 3.397218794823652493e-02 2.218683624571005097e-02 -3.446465276901607144e-02 -3.964490305804146963e-02 4.069027409880195123e-02 1.823054846837459109e-01
2.163164330986351858e-01 4.141823463970282782e-01 2.154288097354947751e-01 5.412244793768114515e-02 -4.294347876098346395e-02 -4.079586435606079309e-02 6.643435172478158977e-03 4.557210360723654152e-02 2.095057446882840277e-02 -3.250637155802334199e-02 -4.104108197953268422e-02 4.523339636478081183e-02
9.653768218660874201e-02 2.154288097354947751e-01 3.290214190551776774e-01 2.009175070460595958e-01 8.034924569388135485e-02 -3.808943708698567937e-02 -4.342261835421837302e-02 8.345360026162620265e-03 3.902308457077197090e-02 1.496374063890783083e-02 -4.394782636909322360e-02 -4.252781957802679452e-02
-3.892531651002704290e-02 5.412244793768114515e-02 2.009175070460595958e-01 4.482672279170193397e-01 2.060378207662358907e-01 3.913151338668692525e-02 -4.077614528258832055e-02 -4.673873685531836075e-02 8.738575896540447946e-03 3.397901838649033945e-02 7.573473930525924380e-03 -3.850777468787085211e-02
-4.935377363326989147e-02 -4.294347876098346395e-02 8.034924569388135485e-02 2.060378207662358907e-01 4.143630456902824832e-01 1.840634284788354447e-01 5.037023144375905870e-02 -4.798628256132660141e-02 -4.282098485308940411e-02 9.865554022834864545e-03 3.093579482548781262e-02 8.015815856013391166e-03
4.112559376695031077e-03 -4.079586435606079309e-02 -3.808943708698567937e-02 3.913151338668692525e-02 1.840634284788354447e-01 4.529894218164126629e-01 2.033295260032999541e-01 6.668035125117080519e-02 -4.364896715976353259e-02 -4.230184402177365743e-02 1.297437258260998073e-02 3.502227403510285025e-02
3.397218794823652493e-02 6.643435172478158977e-03 -4.342261835421837302e-02 -4.077614528258832055e-02 5.037023144375905870e-02 2.033295260032999541e-01 4.050726250099015990e-01 2.113776601453834225e-01 7.255939762620727818e-02 -3.793147566865060633e-02 -3.448390079085791177e-02 1.403919372832534637e-02
2.218683624571005097e-02 4.557210360723654152e-02 8.345360026162620265e-03 -4.673873685531836075e-02 -4.798628256132660141e-02 6.668035125117080519e-02 2.113776601453834225e-01 3.678006083975864371e-01 2.162008619109111740e-01 6.763815437141962317e-02 -4.605323349325561588e-02 -4.466484604526063662e-02
-3.446465276901607144e-02 2.095057446882840277e-02 3.902308457077197090e-02 8.738575896540447946e-03 -4.282098485308940411e-02 -4.364896715976353259e-02 7.255939762620727818e-02 2.162008619109111740e-01 3.840342690335770692e-01 1.974454104844680091e-01 4.181960408448739952e-02 -4.623150089209141639e-02
-3.964490305804146963e-02 -3.250637155802334199e-02 1.496374063890783083e-02 3.397901838649033945e-02 9.865554022834864545e-03 -4.230184402177365743e-02 -3.793147566865060633e-02 6.763815437141962317e-02 1.974454104844680091e-01 4.613374336237611728e-01 1.818666942139630094e-01 2.927213539987453400e-02
4.069027409880195123e-02 -4.104108197953268422e-02 -4.394782636909322360e-02 7.573473930525924380e-03 3.093579482548781262e-02 1.297437258260998073e-02 -3.448390079085791177e-02 -4.605323349325561588e-02 4.181960408448739952e-02 1.818666942139630094e-01 4.574600767829491987e-01 1.887022310068125486e-01
1.823054846837459109e-01 4.523339636478081183e-02 -4.252781957802679452e-02 -3.850777468787085211e-02 8.015815856013391166e-03 3.502227403510285025e-02 1.403919372832534637e-02 -4.466484604526063662e-02 -4.623150089209141639e-02 2.927213539987453400e-02 1.887022310068125486e-01 4.602631418060081359e-01
4.403932727474718645e-01 1.988151467313833409e-01 5.190322119641914422e-02 -4.011009343058751647e-02 -3.753833004593483402e-02 1.938593885681032247e-02 4.047758360667044059e-02 4.120433504550548645e-03 -4.090677990164195976e-02 -3.740952530844439405e-02 6.685663324857693546e-02 1.992352045245581738e-01
1.988151467313833409e-01 4.333055312446074114e-01 1.962791299184657445e-01 5.159279397919264154e-02 -4.358866339850966248e-02 -4.515050671579665109e-02 1.827804770929885442e-02 3.506831464308060586e-02 2.512836112856945206e-03 -4.918808190387931323e-02 -4.548701224339450622e-02 5.526229703602470594e-02
5.190322119641914422e-02 1.962791299184657445e-01 4.070765905859881073e-01 2.013692909194935432e-01 5.701128276316547866e-02 -5.902239578417499410e-02 -5.374078003622063948e-02 1.787929351928699284e-02 3.834441916870217487e-02 3.801496150542315287e-03 -5.119539668033824820e-02 -4.740388535437940060e-02
-4.011009343058751647e-02 5.159279397919264154e-02 2.013692909194935432e-01 4.292759272213096944e-01 2.040326496492843034e-01 5.680149090127593892e-02 -5.143390515429807630e-02 -3.690769750584017156e-02 1.891746151912373358e-02 3.936317381192788734e-02 7.691347582740124672e-03 -4.225249111211962921e-02
-3.753833004593483402e-02 -4.358866339850966248e-02 5.701128276316547866e-02 2.040326496492843034e-01 4.358954997364555828e-01 2.039804312071470116e-01 5.936983336106020637e-02 -3.742370394430401259e-02 -3.461571817310749727e-02 1.733259735317444969e-02 4.058461816514049442e-02 1.477591257540799771e-02
1.938593885681032247e-02 -4.515050671579665109e-02 -5.902239578417499410e-02 5.680149090127593892e-02 2.039804312071470116e-01 4.017832935788422377e-01 2.034961097276007935e-01 5.162624544905634189e-02 -4.450680194769471298e-02 -4.620002824579445833e-02 1.353224292917396335e-02 4.270875111072217067e-02
4.047758360667044059e-02 1.827804770929885442e-02 -5.374078003622063948e-02 -5.143390515429807630e-02 5.936983336106020637e-02 2.034961097276007935e-01 4.140470657617237316e-01 1.908127259492946315e-01 4.057043508836556678e-02 -5.192844494084301876e-02 -4.779752399711285904e-02 8.224958515457755567e-03
4.120433504550548645e-03 3.506831464308060586e-02 1.787929351928699284e-02 -3.690769750584017156e-02 -3.742370394430401259e-02 5.162624544905634189e-02 1.908127259492946315e-01 4.558342462791121208e-01 1.928844427387507721e-01 4.769161942705014978e-02 -4.305891101403218346e-02 -4.330245521494070771e-02
-4.090677990164195976e-02 2.512836112856945206e-03 3.834441916870217487e-02 1.891746151912373358e-02 -3.461571817310749727e-02 -4.450680194769471298e-02 4.057043508836556678e-02 1.928844427387507721e-01 4.530761065585034997e-01 1.939880287355861266e-01 6.358132261298908572e-02 -3.409237485230100229e-02
-3.740952530844439405e-02 -4.918808190387931323e-02 3.801496150542315287e-03 3.936317381192788734e-02 1.733259735317444969e-02 -4.620002824579445833e-02 -5.192844494084301876e-02 4.769161942705014978e-02 1.939880287355861266e-01 3.785488296608898184e-01 2.179020669607033001e-01 8.889626126734934131e-02
6.685663324857693546e-02 -4.548701224339450622e-02 -5.119539668033824820e-02 7.691347582740124672e-03 4.058461816514049442e-02 1.353224292917396335e-02 -4.779752399711285904e-02 -4.305891101403218346e-02 6.358132261298908572e-02 2.179020669607033001e-01 3.645968265550405540e-01 2.182018490310750070e-01
1.992352045245581738e-01 5.526229703602470594e-02 -4.740388535437940060e-02 -4.225249111211962921e-02 1.477591257540799771e-02 4.270875111072217067e-02 8.224958515457755567e-03 -4.330245521494070771e-02 -3.409237485230100229e-02 8.889626126734934131e-02 2.182018490310750070e-01 3.861668100701025064e-01
4.283722724957630401e-01 1.963222512258828711e-01 2.552115843921444818e-02 -5.645092446540442288e-02 -2.861084195879505174e-02 2.581299747256205271e-02 4.115223226553108016e-02 3.770735588475561569e-03 -5.159027991586170869e-02 -4.129445470209211488e-02 5.119856889403377048e-02 2.077689024120493722e-01
1.963222512258828711e-01 4.543584279209582633e-01 1.854317266622004245e-01 4.736951806765591494e-02 -3.483388601786141514e-02 -3.403483633630581540e-02 1.644319911147013036e-02 3.091546068063245195e-02 8.915405049520479241e-03 -3.598546571288194912e-02 -3.037158126393446622e-02 7.522047878600067461e-02
2.552115843921444818e-02 1.854317266622004245e-01 4.749837229981332953e-01 1.892811364522693496e-01 3.158900581620163739e-02 -3.882852914646060111e-02 -4.098584415003116155e-02 8.953023574120005934e-03 3.997492580231926801e-02 1.623263917682202240e-02 -2.999632846350641299e-02 -5.197583827381133115e-02
-5.645092446540442288e-02 4.736951806765591494e-02 1.892811364522693496e-01 3.964156519537578305e-01 1.912296486897034076e-01 6.505953976065789734e-02 -5.284964698461649957e-02 -4.584911879757361947e-02 1.423258312011831984e-02 3.917325813971180015e-02 1.364808285401380647e-02 -6.485661991645561009e-02
-2.861084195879505174e-02 -3.483388601786141514e-02 3.158900581620163739e-02 1.912296486897034076e-01 4.632570968893021113e-01 2.082262073802306213e-01 5.577388977346800503e-02 -4.218743986253618850e-02 -5.111035898381625919e-02 2.726446454745023312e-03 3.248107193056986447e-02 2.015682165485480418e-02
2.581299747256205271e-02 -3.403483633630581540e-02 -3.882852914646060111e-02 6.505953976065789734e-02 2.082262073802306213e-01 4.007501000198741004e-01 1.994800693564827698e-01 6.158062260647835517e-02 -4.528922260494046975e-02 -4.020709542002363218e-02 4.123058079473989647e-03 4.772211620941672894e-02
4.115223226553108016e-02 1.644319911147013036e-02 -4.098584415003116155e-02 -5.284964698461649957e-02 5.577388977346800503e-02 1.994800693564827698e-01 3.832426271919158189e-01 2.186995908407743661e-01 9.373432652523197572e-02 -3.440370913315510260e-02 -4.694986254570643336e-02 4.825098702908273141e-03
3.770735588475561569e-03 3.091546068063245195e-02 8.953023574120005934e-03 -4.584911879757361947e-02 -4.218743986253618850e-02 6.158062260647835517e-02 2.186995908407743661e-01 4.127841065171727331e-01 2.124672324923859157e-01 4.910351665306813412e-02 -3.963313102144348093e-02 -4.979531752078075746e-02
-5.159027991586170869e-02 8.915405049520479241e-03 3.997492580231926801e-02 1.423258312011831984e-02 -5.111035898381625919e-02 -4.528922260494046975e-02 9.373432652523197572e-02 2.124672324923859157e-01 3.726468527889729154e-01 1.886420752878173179e-01 5.571737687050631882e-02 -5.600153944732354921e-02
-4.129445470209211488e-02 -3.598546571288194912e-02 1.623263917682202240e-02 3.917325813971180015e-02 2.726446454745023312e-03 -4.020709542002363218e-02 -3.440370913315510260e-02 4.910351665306813412e-02 1.886420752878173179e-01 4.391526187168009465e-01 2.112049028017475849e-01 6.886773746283346431e-02
5.119856889403377048e-02 -3.037158126393446622e-02 -2.999632846350641299e-02 1.364808285401380647e-02 3.248107193056986447e-02 4.123058079473989647e-03 -4.694986254570643336e-02 -3.963313102144348093e-02 5.571737687050631882e-02 2.112049028017475849e-01 4.473266662575272057e-01 1.950713760380454187e-01
2.077689024120493722e-01 7.522047878600067461e-02 -5.197583827381133115e-02 -6.485661991645561009e-02 2.015682165485480418e-02 4.772211620941672894e-02 4.825098702908273141e-03 -4.979531752078075746e-02 -5.600153944732354921e-02 6.886773746283346431e-02 1.950713760380454187e-01 3.267098562498303993e-01
3.759686418891626802e-01 2.106081157361263667e-01 8.110352882468951918e-02 -4.002645148475895975e-02 -5.356551705616649506e-02 6.435267136706088881e-03 3.973985837709509417e-02 2.425048995286785414e-02 -3.996723839429752734e-02 -4.741727399280180888e-02 7.184493071890700466e-02 2.006043692008651624e-01
2.106081157361263667e-01 4.132349278711599516e-01 2.054183159622335331e-01 4.130930425024034736e-02 -5.115462149269783820e-02 -4.771500382986639671e-02 8.863664728182183219e-03 4.720968918819318239e-02 1.760501480768601745e-02 -4.401256460835919343e-02 -5.252312875805142250e-02 4.953650655135399816e-02
8.110352882468951918e-02 2.054183159622335331e-01 4.091687126866707103e-01 1.929703492258678932e-01 6.199832753307682465e-02 -4.362374816965162300e-02 -4.218397657743690188e-02 8.305956387600305774e-03 3.511602492447864904e-02 1.245400873764542296e-02 -5.087683508883113215e-02 -4.017464739470587298e-02
-4.002645148475895975e-02 4.130930425024034736e-02 1.929703492258678932e-01 4.671648748256944095e-01 2.011991266796883115e-01 5.476741617160851838e-02 -3.695469723317811039e-02 -4.905647329635910020e-02 4.794284593527575397e-03 3.570889952040645632e-02 1.321006924864530363e-02 -3.288178261990337692e-02
-5.356551705616649506e-02 -5.115462149269783820e-02 6.199832753307682465e-02 2.011991266796883115e-01 3.780163357935869550e-01 2.039127406532777187e-01 7.140453355119935619e-02 -4.824596181958050456e-02 -4.302158265182907948e-02 1.177295351173295382e-02 4.178733225693097297e-02 1.238385269120168518e-02
6.435267136706088881e-03 -4.771500382986639671e-02 -4.362374816965162300e-02 5.476741617160851838e-02 2.039127406532777187e-01 3.931474468768643704e-01 2.190310986526287085e-01 8.155406188527877798e-02 -4.278219366037581961e-02 -4.818688507386711256e-02 1.544122762444335648e-02 3.942707521499699830e-02
3.973985837709509417e-02 8.863664728182183219e-03 -4.218397657743690188e-02 -3.695469723317811039e-02 7.140453355119935619e-02 2.190310986526287085e-01 4.073946668760334289e-01 2.079398837394601796e-01 4.762217189660050698e-02 -4.484659034721767690e-02 -3.901500546241029599e-02 1.378160929148037478e-02
2.425048995286785414e-02 4.720968918819318239e-02 8.305956387600305774e-03 -4.905647329635910020e-02 -4.824596181958050456e-02 8.155406188527877798e-02 2.079398837394601796e-01 3.973652776574592704e-01 1.931668386875265153e-01 5.497137485654697564e-02 -4.847392534724653812e-02 -4.139108406815935476e-02
-3.996723839429752734e-02 1.760501480768601745e-02 3.511602492447864904e-02 4.794284593527575397e-03 -4.302158265182907948e-02 -4.278219366037581961e-02 4.762217189660050698e-02 1.931668386875265153e-01 4.478580335423830716e-01 2.009596581447058994e-01 4.420316142799177173e-02 -4.197637695684225401e-02
-4.741727399280180888e-02 -4.401256460835919343e-02 1.245400873764542296e-02 3.570889952040645632e-02 1.177295351173295382e-02 -4.818688507386711256e-02 -4.484659034721767690e-02 5.497137485654697564e-02 2.009596581447058994e-01 4.443712638344237686e-01 1.849266419711260434e-01 4.121096474513587238e-02
7.184493071890700466e-02 -5.252312875805142250e-02 -5.087683508883113215e-02 1.321006924864530363e-02 4.178733225693097297e-02 1.544122762444335648e-02 -3.901500546241029599e-02 -4.847392534724653812e-02 4.420316142799177173e-02 1.849266419711260434e-01 4.125001495692065534e-01 2.074133383163442867e-01
2.006043692008651624e-01 4.953650655135399816e-02 -4.017464739470587298e-02 -3.288178261990337692e-02 1.238385269120168518e-02 3.942707521499699830e-02 1.378160929148037478e-02 -4.139108406815935476e-02 -4.197637695684225401e-02 4.121096474513587238e-02 2.074133383163442867e-01 4.538096685773727046e-01
4.369946932891961566e-01 2.016009598329726593e-01 5.060592476721213762e-02 -3.605317992945505923e-02 -5.067428862126071437e-02 -1.327123235549013494e-04 3.885510202115353973e-02 2.169211566238703551e-02 -3.135943929341841740e-02 -4.561936745079149536e-02 3.424183947056051031e-02 2.057314776273543311e-01
2.016009598329726593e-01 2.874224487753191948e-01 2.002911003073704344e-01 8.821856741558899151e-02 -5.122862554529952761e-02 -4.488835418326135585e-02 1.276838198057815219e-02 4.904312006240491018e-02 1.619985675313987544e-02 -5.640661503790163345e-02 -4.903915148661626422e-02 8.350781383991784379e-02
5.060592476721213762e-02 2.002911003073704344e-01 4.397338257053660660e-01 2.188933369224552172e-01 5.786141688804884164e-02 -3.462093255102768191e-02 -3.893277228094010889e-02 1.531199024214245294e-02 3.459664257708727070e-02 1.579976380726012646e-03 -3.714380544496183323e-02 -2.964400056031175207e-02
-3.605317992945505923e-02 8.821856741558899151e-02 2.188933369224552172e-01 4.239926425786736397e-01 1.859146347306943337e-01 3.654760081693178564e-02 -4.082992345665389933e-02 -3.907312721531835953e-02 1.039598671902107301e-02 3.500521282430908016e-02 8.647014873873652002e-03 -4.056514446364553605e-02
-5.067428862126071437e-02 -5.122862554529952761e-02 5.786141688804884164e-02 1.859146347306943337e-01 3.845340455904857624e-01 1.995387506730892380e-01 6.576727493605688535e-02 -6.125637319112939294e-02 -5.352348092757518855e-02 2.920049832780075363e-02 4.786003470162950718e-02 1.548773518709073774e-03
-1.327123235549013494e-04 -4.488835418326135585e-02 -3.462093255102768191e-02 3.654760081693178564e-02 1.995387506730892380e-01 4.786052005565976653e-01 1.997244969141729887e-01 3.938600581098652270e-02 -3.973711871126828915e-02 -2.949340815036593719e-02 1.521468626384882630e-02 2.617044713122747973e-02
3.885510202115353973e-02 1.276838198057815219e-02 -3.893277228094010889e-02 -4.082992345665389933e-02 6.576727493605688535e-02 1.997244969141729887e-01 4.147239152840024312e-01 1.969937097803730608e-01 6.381594129294862472e-02 -4.820915418420230331e-02 -4.982558396617881025e-02 1.377938226771754579e-02
2.169211566238703551e-02 4.904312006240491018e-02 1.531199024214245294e-02 -3.907312721531835953e-02 -6.125637319112939294e-02 3.938600581098652270e-02 1.969937097803730608e-01 3.830916550155858413e-01 2.125103909687870996e-01 6.425213226573134317e-02 -5.098221456825637043e-02 -3.906603996323960298e-02
-3.135943929341841740e-02 1.619985675313987544e-02 3.459664257708727070e-02 1.039598671902107301e-02 -5.352348092757518855e-02 -3.973711871126828915e-02 6.381594129294862472e-02 2.125103909687870996e-01 4.421815687959703700e-01 1.970451457632131920e-01 4.478362778073023687e-02 -3.753797349801844124e-02
-4.561936745079149536e-02 -5.640661503790163345e-02 1.579976380726012646e-03 3.500521282430908016e-02 2.920049832780075363e-02 -2.949340815036593719e-02 -4.820915418420230331e-02 6.425213226573134317e-02 1.970451457632131920e-01 4.175946622838624944e-01 1.972343282511959117e-01 4.664008885769953955e-02
3.424183947056051031e-02 -4.903915148661626422e-02 -3.714380544496183323e-02 8.647014873873652002e-03 4.786003470162950718e-02 1.521468626384882630e-02 -4.982558396617881025e-02 -5.098221456825637043e-02 4.478362778073023687e-02 1.972343282511959117e-01 4.463200208562567717e-01 1.819363796304487024e-01
