4.994295654911024007e-01 2.500559176065094702e-01 2.786101584950980477e-03 -6.189630265256694519e-02 -1.648219743225954768e-03 4.169414689363272475e-02 3.066552836677330883e-03 -6.207670675159893126e-02 -1.323319393875268223e-03 2.501432591539314299e-01
2.500559176065094702e-01 4.973718402575963982e-01 2.500184541050426423e-01 1.107903679679410336e-03 -6.196523913140843803e-02 -2.243897277699310935e-03 4.176054126773168229e-02 6.620015653618269678e-04 -6.195823041871126313e-02 -7.234925682500191468e-04
2.786101584950980477e-03 2.500184541050426423e-01 4.966704947590705466e-01 2.499990069214552413e-01 1.306530325029774120e-05 -6.194329557122307817e-02 -1.350571267381896418e-03 4.196823002614309683e-02 -8.024062233606896188e-04 -6.207297062351303796e-02
-6.189630265256694519e-02 1.107903679679410336e-03 2.499990069214552413e-01 5.042349508591951190e-01 2.501195587850691959e-01 3.074041551315406968e-03 -6.198570932313231252e-02 -2.753758791992379478e-04 4.178482464828235654e-02 -2.078811818697079710e-04
-1.648219743225954768e-03 -6.196523913140843803e-02 1.306530325029774120e-05 2.501195587850691959e-01 4.925441276217005782e-01 2.500123098987693249e-01 2.356553087587529190e-03 -6.221037043487048779e-02 1.126603386465654943e-03 4.190137549748629286e-02
4.169414689363272475e-02 -2.243897277699310935e-03 -6.194329557122307817e-02 3.074041551315406968e-03 2.500123098987693249e-01 4.993827648335101843e-01 2.502836507524667242e-01 -2.654644676848959967e-03 -6.195963855632929951e-02 1.671699694848389995e-03
3.066552836677330883e-03 4.176054126773168229e-02 -1.350571267381896418e-03 -6.198570932313231252e-02 2.356553087587529190e-03 2.502836507524667242e-01 5.003453474249278665e-01 2.499978274983492010e-01 -4.244089377262494182e-03 -6.192899341627913778e-02
-6.207670675159893126e-02 6.620015653618269678e-04 4.196823002614309683e-02 -2.753758791992379478e-04 -6.221037043487048779e-02 -2.654644676848959967e-03 2.499978274983492010e-01 5.100634549649817329e-01 2.502617706121748609e-01 -3.912757026012271544e-04
-1.323319393875268223e-03 -6.195823041871126313e-02 -8.024062233606896188e-04 4.178482464828235654e-02 1.126603386465654943e-03 -6.195963855632929951e-02 -4.244089377262494182e-03 2.502617706121748609e-01 4.947665052748170811e-01 2.499579239214640425e-01
2.501432591539314299e-01 -7.234925682500191468e-04 -6.207297062351303796e-02 -2.078811818697079710e-04 4.190137549748629286e-02 1.671699694848389995e-03 -6.192899341627913778e-02 -3.912757026012271544e-04 2.499579239214640425e-01 5.051909485130938737e-01
4.928156333619280183e-01 2.507549691014194782e-01 -2.640220662588523091e-03 -6.230426937787922337e-02 2.738795855979517767e-03 4.181473369591325040e-02 -2.427652631895791530e-03 -6.189477373798642212e-02 -1.833152929093567057e-03 2.495678936829032191e-01
2.507549691014194782e-01 5.099918222097558074e-01 2.496602801239519720e-01 2.791509280685405651e-04 -6.177445392778019295e-02 1.441443523994806464e-03 4.184321614868868194e-02 -1.711865216093308960e-03 -6.246719969046880816e-02 2.885891910557399249e-04
-2.640220662588523091e-03 2.496602801239519720e-01 4.940396750827248384e-01 2.505477071935516831e-01 -1.949133002980822432e-03 -6.217275859064191196e-02 8.835432076212731273e-04 4.199934890127606651e-02 2.669433336244321150e-03 -6.182952935148629953e-02
-6.230426937787922337e-02 2.791509280685405651e-04 2.505477071935516831e-01 5.042878121230168764e-01 2.495166923385929159e-01 -2.899749120889266556e-03 -6.183145877382868749e-02 1.877745363949628573e-03 4.205481685316852375e-02 -5.304461299346301768e-04
2.738795855979517767e-03 -6.177445392778019295e-02 -1.949133002980822432e-03 2.495166923385929159e-01 5.048583158972337337e-01 2.507121841051511701e-01 1.032041723508494904e-04 -6.252857484964471912e-02 -3.704743377531916678e-03 4.182865985707827361e-02
4.181473369591325040e-02 1.441443523994806464e-03 -6.217275859064191196e-02 -2.899749120889266556e-03 2.507121841051511701e-01 4.961832371665062524e-01 2.495424675175234308e-01 -1.017251136874258938e-04 -6.183221288711412966e-02 -1.228686450852097510e-03
-2.427652631895791530e-03 4.184321614868868194e-02 8.835432076212731273e-04 -6.183145877382868749e-02 1.032041723508494904e-04 2.495424675175234308e-01 5.053868792622350226e-01 2.509415726822785131e-01 6.140764292754529764e-03 -6.218374196404660714e-02
-6.189477373798642212e-02 -1.711865216093308960e-03 4.199934890127606651e-02 1.877745363949628573e-03 -6.252857484964471912e-02 -1.017251136874258938e-04 2.509415726822785131e-01 4.886884701003485487e-01 2.494480720012997588e-01 2.598133769581317809e-03
-1.833152929093567057e-03 -6.246719969046880816e-02 2.669433336244321150e-03 4.205481685316852375e-02 -3.704743377531916678e-03 -6.183221288711412966e-02 6.140764292754529764e-03 2.494480720012997588e-01 4.963909803394661591e-01 2.508534419488194223e-01
2.495678936829032191e-01 2.885891910557399249e-04 -6.182952935148629953e-02 -5.304461299346301768e-04 4.182865985707827361e-02 -1.228686450852097510e-03 -6.218374196404660714e-02 2.598133769581317809e-03 2.508534419488194223e-01 5.073571744568007302e-01
4.952726583976894692e-01 2.501110853403967771e-01 -1.141770918594110784e-03 -6.197878545020797658e-02 8.557240217936313339e-04 4.175823749445312788e-02 -1.043349503489854899e-03 -6.193678647480478638e-02 1.288012079216670387e-03 2.500210133086487874e-01
2.501110853403967771e-01 5.070319991406282423e-01 2.500480144693463247e-01 3.322346508869617777e-04 -6.194288313810761282e-02 1.274145183876606614e-03 4.179232103343721860e-02 -7.565852472518170505e-04 -6.200071809473618745e-02 -2.309585661336866630e-04
-1.141770918594110784e-03 2.500480144693463247e-01 4.940665488147008011e-01 2.500565527108395969e-01 -5.051918248796772540e-04 -6.189880063268565769e-02 8.032435909697177492e-04 4.176072489736891435e-02 -1.094720706438520944e-04 -6.193751358536703222e-02
-6.197878545020797658e-02 3.322346508869617777e-04 2.500565527108395969e-01 5.047447456894400553e-01 2.500491143302731034e-01 -2.534918017553781933e-03 -6.201210152220332228e-02 5.293764261899416498e-04 4.183354491113915746e-02 1.055083193296382869e-05
8.557240217936313339e-04 -6.194288313810761282e-02 -5.051918248796772540e-04 2.500491143302731034e-01 4.990970188389554085e-01 2.499221383300820609e-01 -9.670885016682963763e-04 -6.194134827551894124e-02 1.707653601684821923e-04 4.177112644002275998e-02
4.175823749445312788e-02 1.274145183876606614e-03 -6.189880063268565769e-02 -2.534918017553781933e-03 2.499221383300820609e-01 5.064071044616816897e-01 2.503167336060108661e-01 1.613549637101787922e-03 -6.206703742732123941e-02 -1.734752513821263310e-03
-1.043349503489854899e-03 4.179232103343721860e-02 8.032435909697177492e-04 -6.201210152220332228e-02 -9.670885016682963763e-04 2.503167336060108661e-01 4.915401225461411006e-01 2.499642694529246312e-01 5.999609454935329357e-04 -6.191872366289213891e-02
-6.193678647480478638e-02 -7.565852472518170505e-04 4.176072489736891435e-02 5.293764261899416498e-04 -6.194134827551894124e-02 1.613549637101787922e-03 2.499642694529246312e-01 5.058533930534212519e-01 2.501563952681647440e-01 1.548597401188560319e-03
1.288012079216670387e-03 -6.200071809473618745e-02 -1.094720706438520944e-04 4.183354491113915746e-02 1.707653601684821923e-04 -6.206703742732123941e-02 5.999609454935329357e-04 2.501563952681647440e-01 4.924898039120438886e-01 2.500340246350078455e-01
2.500210133086487874e-01 -2.309585661336866630e-04 -6.193751358536703222e-02 1.055083193296382869e-05 4.177112644002275998e-02 -1.734752513821263310e-03 -6.191872366289213891e-02 1.548597401188560319e-03 2.500340246350078455e-01 5.034966051452944846e-01
4.868440831218696641e-01 2.514264038662428202e-01 -3.393879977668913962e-03 -6.232190341316292542e-02 2.764313091747606921e-03 4.176506285161128706e-02 -9.869726565347265636e-04 -6.173314534271207021e-02 4.446829595474745267e-04 2.494662983753710983e-01
2.514264038662428202e-01 5.084781553049997349e-01 2.492893641805546678e-01 -5.298229218897746937e-03 -6.164776206438059986e-02 3.836836552424852109e-03 4.196284515526121917e-02 -2.774603815627356071e-03 -6.248749348131755338e-02 4.846499455110813391e-03
-3.393879977668913962e-03 2.492893641805546678e-01 5.068612103193623764e-01 2.507979456344243685e-01 -1.541919615239461475e-03 -6.249835247171035835e-02 -9.492151496385862423e-04 4.205427376822400143e-02 1.825586092806763278e-03 -6.205200363128490076e-02
-6.232190341316292542e-02 -5.298229218897746937e-03 2.507979456344243685e-01 4.982437026644928046e-01 2.494627434480815864e-01 -1.500013410881687959e-03 -6.189082250409720654e-02 -1.099856469211299447e-04 4.187144633368060365e-02 1.567582934945591739e-04
2.764313091747606921e-03 -6.164776206438059986e-02 -1.541919615239461475e-03 2.494627434480815864e-01 5.062173659837465589e-01 2.509576338123988837e-01 2.929894874622715559e-03 -6.229081837935369903e-02 -2.631429518569199967e-03 4.189808226490369242e-02
4.176506285161128706e-02 3.836836552424852109e-03 -6.249835247171035835e-02 -1.500013410881687959e-03 2.509576338123988837e-01 4.923557379677347967e-01 2.494749789653906979e-01 2.146015027081836155e-03 -6.169394444096400199e-02 -1.145725738795390532e-03
-9.869726565347265636e-04 4.196284515526121917e-02 -9.492151496385862423e-04 -6.189082250409720654e-02 2.929894874622715559e-03 2.494749789653906979e-01 4.998479044364776969e-01 2.505240462439642934e-01 1.539138054793107342e-03 -6.222425378274208663e-02
-6.173314534271207021e-02 -2.774603815627356071e-03 4.205427376822400143e-02 -1.099856469211299447e-04 -6.229081837935369903e-02 2.146015027081836155e-03 2.505240462439642934e-01 4.977020467738629272e-01 2.495468660990153853e-01 -1.450465298698921240e-04
4.446829595474745267e-04 -6.248749348131755338e-02 1.825586092806763278e-03 4.187144633368060365e-02 -2.631429518569199967e-03 -6.169394444096400199e-02 1.539138054793107342e-03 2.495468660990153853e-01 4.990237968546702985e-01 2.505935387134984316e-01
2.494662983753710983e-01 4.846499455110813391e-03 -6.205200363128490076e-02 1.567582934945591739e-04 4.189808226490369242e-02 -1.145725738795390532e-03 -6.222425378274208663e-02 -1.450465298698921240e-04 2.505935387134984316e-01 5.044259965727805328e-01
4.992732218146805900e-01 2.503597885903346976e-01 4.572158975856570676e-03 -6.196968309454389812e-02 -1.450660904194961409e-03 4.183110871510678508e-02 1.797038020511828498e-03 -6.186569676635116088e-02 -2.987439996582656396e-03 2.499787061575581004e-01
2.503597885903346976e-01 4.948225269662906434e-01 2.496947061479891927e-01 5.232813164326063395e-03 -6.222128886510142065e-02 1.003190815769127320e-03 4.191622266719776529e-02 4.109914801628282086e-04 -6.214229316078610788e-02 1.518372372074070810e-04
4.572158975856570676e-03 2.496947061479891927e-01 4.923946490285552868e-01 2.507215088144639781e-01 -2.058165417143866579e-03 -6.216888621377750918e-02 6.732225184538754388e-04 4.184477616420545498e-02 -7.724898918769129361e-04 -6.195545354116417658e-02
-6.196968309454389812e-02 5.232813164326063395e-03 2.507215088144639781e-01 5.014078922092042312e-01 2.498962230667295392e-01 -6.907765995130162040e-03 -6.196584451545728012e-02 2.384516529297724292e-03 4.181581476006415027e-02 -2.986758531601874881e-03
-1.450660904194961409e-03 -6.222128886510142065e-02 -2.058165417143866579e-03 2.498962230667295392e-01 5.132482037357983806e-01 2.505749627481823616e-01 6.762019883636111953e-04 -6.214138401919062915e-02 -2.755187120534277633e-04 4.190653922807650866e-02
4.183110871510678508e-02 1.003190815769127320e-03 -6.216888621377750918e-02 -6.907765995130162040e-03 2.505749627481823616e-01 4.953863518015182432e-01 2.497839357270331961e-01 2.693687160273177273e-03 -6.185822203921990253e-02 -7.815709106958026097e-04
1.797038020511828498e-03 4.191622266719776529e-02 6.732225184538754388e-04 -6.196584451545728012e-02 6.762019883636111953e-04 2.497839357270331961e-01 4.966174907436040620e-01 2.502306861501322199e-01 -1.825299680663109922e-04 -6.203518936503507608e-02
-6.186569676635116088e-02 4.109914801628282086e-04 4.184477616420545498e-02 2.384516529297724292e-03 -6.214138401919062915e-02 2.693687160273177273e-03 2.502306861501322199e-01 5.015301588129883470e-01 2.498486903180181518e-01 -1.194516339095350391e-03
-2.987439996582656396e-03 -6.214229316078610788e-02 -7.724898918769129361e-04 4.181581476006415027e-02 -2.755187120534277633e-04 -6.185822203921990253e-02 -1.825299680663109922e-04 2.498486903180181518e-01 4.995484122560920337e-01 2.501538507625283292e-01
2.499787061575581004e-01 1.518372372074070810e-04 -6.195545354116417658e-02 -2.986758531601874881e-03 4.190653922807650866e-02 -7.815709106958026097e-04 -6.203518936503507608e-02 -1.194516339095350391e-03 2.501538507625283292e-01 5.057710926312601885e-01
5.043339107673975308e-01 2.501000579750558561e-01 1.664695819730375049e-04 -6.200333883574668525e-02 -1.216610084029036897e-03 4.188169474093253464e-02 -1.318817605139324623e-03 -6.188967080117174779e-02 7.454605252030493262e-04 2.499749317471118004e-01
2.501000579750558561e-01 4.945111777287838351e-01 2.500688680008732456e-01 3.761902210995485968e-04 -6.207365022583396369e-02 1.402154935699890907e-04 4.192057987129135105e-02 -1.756070117860962076e-03 -6.202036685127668841e-02 5.095584062017777423e-04
1.664695819730375049e-04 2.500688680008732456e-01 5.060721340547937874e-01 2.500995114447965295e-01 2.136048707584723653e-03 -6.208210565078893517e-02 1.023650712383880482e-03 4.181620598289108315e-02 -4.928460625419055913e-04 -6.196858857942914162e-02
-6.200333883574668525e-02 3.761902210995485968e-04 2.500995114447965295e-01 4.903542430285630638e-01 2.502804935006077147e-01 -6.126025911848871370e-04 -6.205431765039538805e-02 2.379240535879639622e-03 4.185372354268471901e-02 -5.731286611858311345e-04
-1.216610084029036897e-03 -6.207365022583396369e-02 2.136048707584723653e-03 2.502804935006077147e-01 5.065169005428922233e-01 2.501539836679460560e-01 -4.010651328974830510e-03 -6.205672920355270739e-02 1.262799357607471843e-03 4.187705716118371446e-02
4.188169474093253464e-02 1.402154935699890907e-04 -6.208210565078893517e-02 -6.126025911848871370e-04 2.501539836679460560e-01 4.990998567856004819e-01 2.498494821358869800e-01 -3.631320209604202431e-03 -6.206357271838549433e-02 5.523414478595338852e-04
-1.318817605139324623e-03 4.192057987129135105e-02 1.023650712383880482e-03 -6.205431765039538805e-02 -4.010651328974830510e-03 2.498494821358869800e-01 5.115040465021707394e-01 2.507743670066541197e-01 1.742386738816921986e-03 -6.223824102932011548e-02
-6.188967080117174779e-02 -1.756070117860962076e-03 4.181620598289108315e-02 2.379240535879639622e-03 -6.205672920355270739e-02 -3.631320209604202431e-03 2.507743670066541197e-01 4.907621256505005358e-01 2.498245366815732837e-01 2.582317824383914204e-03
7.454605252030493262e-04 -6.202036685127668841e-02 -4.928460625419055913e-04 4.185372354268471901e-02 1.262799357607471843e-03 -6.206357271838549433e-02 1.742386738816921986e-03 2.498245366815732837e-01 5.020453564707811900e-01 2.502042109794253566e-01
2.499749317471118004e-01 5.095584062017777423e-04 -6.196858857942914162e-02 -5.731286611858311345e-04 4.187705716118371446e-02 5.523414478595338852e-04 -6.223824102932011548e-02 2.582317824383914204e-03 2.502042109794253566e-01 4.948002484685135038e-01
5.019258196555980156e-01 2.500743710191191682e-01 -2.941945845943876644e-04 -6.197056447862593631e-02 -8.362821308232837791e-04 4.166953994972061315e-02 1.122364186254692919e-04 -6.180924004615536566e-02 3.495421871702597549e-04 2.498901066540842320e-01
2.500743710191191682e-01 4.960764370893444020e-01 2.499105682427791575e-01 -2.875957139124012824e-03 -6.188508452069881038e-02 -1.248600949768953472e-04 4.171107655543553061e-02 -3.899446431749930067e-04 -6.189809492935088864e-02 6.400416970391998445e-04
-2.941945845943876644e-04 2.499105682427791575e-01 5.088919175707546927e-01 2.503292110545319304e-01 1.762154649825717475e-03 -6.192267425742221942e-02 -3.837030536918137943e-04 4.168227687112922852e-02 -9.507685479914936011e-05 -6.183608294088544649e-02
-6.197056447862593631e-02 -2.875957139124012824e-03 2.503292110545319304e-01 4.943448513678689871e-01 2.497786586728845126e-01 3.112806367079245552e-03 -6.185241178626862957e-02 -1.012874861732923279e-03 4.171792811175387139e-02 1.269837774333583804e-03
-8.362821308232837791e-04 -6.188508452069881038e-02 1.762154649825717475e-03 2.497786586728845126e-01 4.967235190148674429e-01 2.501813604104405897e-01 -1.051450407591456027e-03 -6.192099613624182930e-02 9.111078371868098699e-04 4.170519070158608399e-02
4.166953994972061315e-02 -1.248600949768953472e-04 -6.192267425742221942e-02 3.112806367079245552e-03 2.501813604104405897e-01 5.014093094361939951e-01 2.498544126641061291e-01 -1.348725792569330966e-03 -6.179862136574130332e-02 5.507481595949592027e-04
1.122364186254692919e-04 4.171107655543553061e-02 -3.837030536918137943e-04 -6.185241178626862957e-02 -1.051450407591456027e-03 2.498544126641061291e-01 5.026794474283582392e-01 2.500661521646552199e-01 -4.483707895772846494e-04 -6.189932329040985504e-02
-6.180924004615536566e-02 -3.899446431749930067e-04 4.168227687112922852e-02 -1.012874861732923279e-03 -6.192099613624182930e-02 -1.348725792569330966e-03 2.500661521646552199e-01 4.989372766859594965e-01 2.498776993118413670e-01 1.487895386648001306e-04
3.495421871702597549e-04 -6.189809492935088864e-02 -9.507685479914936011e-05 4.171792811175387139e-02 9.111078371868098699e-04 -6.179862136574130332e-02 -4.483707895772846494e-04 2.498776993118413670e-01 5.015337951694136542e-01 2.500536968516277603e-01
2.498901066540842320e-01 6.400416970391998445e-04 -6.183608294088544649e-02 1.269837774333583804e-03 4.170519070158608399e-02 5.507481595949592027e-04 -6.189932329040985504e-02 1.487895386648001306e-04 2.500536968516277603e-01 4.974776265816391319e-01
4.951503126235917707e-01 2.499128480077971448e-01 -4.396846782058398771e-04 -6.183845267432526438e-02 1.308362350771316487e-03 4.179577522345996610e-02 7.914936354799758170e-04 -6.192233660795180145e-02 -1.359071115301225922e-03 2.501537289068425096e-01
2.499128480077971448e-01 5.031698580116430453e-01 2.501105637624365108e-01 -2.030441453308741255e-03 -6.202559313266452906e-02 3.919878901653228546e-05 4.180843067978182170e-02 1.446338358468709498e-03 -6.187713100287388357e-02 1.337299486758531612e-03
-4.396846782058398771e-04 2.501105637624365108e-01 4.998028111796260498e-01 2.498487297211727798e-01 -1.854604573434462606e-03 -6.196591870110741695e-02 -9.312960535661307746e-04 4.172212828385575556e-02 1.003524837896585878e-03 -6.197332891630377705e-02
-6.183845267432526438e-02 -2.030441453308741255e-03 2.498487297211727798e-01 5.057157838136273620e-01 2.503708396113487611e-01 1.825727368600602593e-03 -6.199035172272786970e-02 -2.643551307331331885e-03 4.173340158873317662e-02 3.969583631795933223e-04
1.308362350771316487e-03 -6.202559313266452906e-02 -1.854604573434462606e-03 2.503708396113487611e-01 4.948994666667048126e-01 2.498746947707041199e-01 3.547888214529525130e-03 -6.181338837106764572e-02 -1.909752652470000141e-03 4.181589858713360280e-02
4.179577522345996610e-02 3.919878901653228546e-05 -6.196591870110741695e-02 1.825727368600602593e-03 2.498746947707041199e-01 4.978817562988511192e-01 2.500705570832689739e-01 3.003153377702856563e-03 -6.208522633623538706e-02 5.024381260967900357e-04
7.914936354799758170e-04 4.180843067978182170e-02 -9.312960535661307746e-04 -6.199035172272786970e-02 3.547888214529525130e-03 2.500705570832689739e-01 4.946197370831549867e-01 2.500884503160484273e-01 -1.762651944385235439e-04 -6.198785234077570927e-02
-6.192233660795180145e-02 1.446338358468709498e-03 4.172212828385575556e-02 -2.643551307331331885e-03 -6.181338837106764572e-02 3.003153377702856563e-03 2.500884503160484273e-01 5.009736445801558080e-01 2.501917761728019718e-01 -3.854814855073145780e-03
-1.359071115301225922e-03 -6.187713100287388357e-02 1.003524837896585878e-03 4.173340158873317662e-02 -1.909752652470000141e-03 -6.208522633623538706e-02 -1.762651944385235439e-04 2.501917761728019718e-01 5.048452338778983695e-01 2.498660524094940827e-01
2.501537289068425096e-01 1.337299486758531612e-03 -6.197332891630377705e-02 3.969583631795933223e-04 4.181589858713360280e-02 5.024381260967900357e-04 -6.198785234077570927e-02 -3.854814855073145780e-03 2.498660524094940827e-01 5.029413958647532823e-01
4.960404802646934952e-01 2.499591654080447478e-01 1.472153786195857465e-03 -6.185201840002467477e-02 -1.067330288069839699e-03 4.169339038205983894e-02 1.863998062290557652e-03 -6.189248390576969350e-02 -1.202893701460919750e-03 2.501355499935227211e-01
2.499591654080447478e-01 4.999870039744131467e-01 2.499845984663046083e-01 1.108303838500413786e-03 -6.185528773063192487e-02 -7.576430162818525039e-04 4.169017511356228056e-02 1.228404137383084724e-03 -6.198053961843582454e-02 1.601610768160972604e-03
1.472153786195857465e-03 2.499845984663046083e-01 4.973728761433705570e-01 2.499847894224537792e-01 4.192572189930844368e-04 -6.187886119616171215e-02 -9.568090517599609889e-04 4.175184312139000598e-02 -1.445720636575314327e-04 -6.192387855848031919e-02
-6.185201840002467477e-02 1.108303838500413786e-03 2.499847894224537792e-01 5.008047573974860889e-01 2.499521795595979201e-01 1.983765415849800956e-04 -6.185303805701525270e-02 -6.865366066587277709e-04 4.176962375970288271e-02 -1.480429066384876665e-03
-1.067330288069839699e-03 -6.185528773063192487e-02 4.192572189930844368e-04 2.499521795595979201e-01 4.990993681994506659e-01 2.500094291326598883e-01 1.288464703083177631e-03 -6.194708003554673381e-02 4.689236803045430555e-04 4.170146020208049392e-02
4.169339038205983894e-02 -7.576430162818525039e-04 -6.187886119616171215e-02 1.983765415849800956e-04 2.500094291326598883e-01 4.995326727369656106e-01 2.499301179878630763e-01 1.095345921750405776e-03 -6.194054192370029854e-02 1.530981404427051145e-03
1.863998062290557652e-03 4.169017511356228056e-02 -9.568090517599609889e-04 -6.185303805701525270e-02 1.288464703083177631e-03 2.499301179878630763e-01 4.966734990249402903e-01 2.501728573044235127e-01 -2.154243350267952793e-03 -6.185005364309032611e-02
-6.189248390576969350e-02 1.228404137383084724e-03 4.175184312139000598e-02 -6.865366066587277709e-04 -6.194708003554673381e-02 1.095345921750405776e-03 2.501728573044235127e-01 5.038784794231433439e-01 2.499235231116918310e-01 -3.822875861387502877e-03
-1.202893701460919750e-03 -6.198053961843582454e-02 -1.445720636575314327e-04 4.176962375970288271e-02 4.689236803045430555e-04 -6.194054192370029854e-02 -2.154243350267952793e-03 2.499235231116918310e-01 5.041325953461071041e-01 2.500189591017809576e-01
2.501355499935227211e-01 1.601610768160972604e-03 -6.192387855848031919e-02 -1.480429066384876665e-03 4.170146020208049392e-02 1.530981404427051145e-03 -6.185005364309032611e-02 -3.822875861387502877e-03 2.500189591017809576e-01 5.024782674894275880e-01
4.927247738332558025e-01 2.500127467286513694e-01 2.597272545352529056e-03 -6.197133652291952205e-02 -5.510694110344401594e-04 4.177331280935097507e-02 1.759534513599237456e-03 -6.209883140157800713e-02 -1.569434614940655448e-03 2.503278433657277757e-01
2.500127467286513694e-01 5.029210907003898168e-01 2.500007441489535687e-01 3.441291166995199755e-03 -6.202861219345699728e-02 -4.140924219959160948e-04 4.182286988312877707e-02 -6.768130827736046611e-04 -6.198142828357568884e-02 9.809972273261543738e-04
2.597272545352529056e-03 2.500007441489535687e-01 4.895173039416039762e-01 2.504472565631746805e-01 -1.623991731264603534e-03 -6.202292656965315010e-02 -1.451386727947894494e-04 4.186441757775933442e-02 -4.359864405555744123e-04 -6.204717544778812210e-02
-6.197133652291952205e-02 3.441291166995199755e-03 2.504472565631746805e-01 5.066979179293524815e-01 2.498882144608142730e-01 -2.557944923427688845e-03 -6.194322734250297391e-02 2.283162890802345555e-03 4.177373727533333081e-02 -2.544827698835157217e-03
-5.510694110344401594e-04 -6.202861219345699728e-02 -1.623991731264603534e-03 2.498882144608142730e-01 5.020114055040344470e-01 2.500721911463569813e-01 1.677796297905219435e-03 -6.195419153673282359e-02 -9.495392639320644670e-05 4.180716145350203694e-02
4.177331280935097507e-02 -4.140924219959160948e-04 -6.202292656965315010e-02 -2.557944923427688845e-03 2.500721911463569813e-01 4.974535857338693301e-01 2.500209516276492572e-01 -1.361061608936411493e-03 -6.192331685913558120e-02 8.163781527478810576e-04
1.759534513599237456e-03 4.182286988312877707e-02 -1.451386727947894494e-04 -6.194322734250297391e-02 1.677796297905219435e-03 2.500209516276492572e-01 5.002103645147958355e-01 2.499518099728270104e-01 -1.645393638150790009e-03 -6.191888678709217553e-02
-6.209883140157800713e-02 -6.768130827736046611e-04 4.186441757775933442e-02 2.283162890802345555e-03 -6.195419153673282359e-02 -1.361061608936411493e-03 2.499518099728270104e-01 5.060053912368340789e-01 2.501795289022372693e-01 6.688670771042709573e-05
-1.569434614940655448e-03 -6.198142828357568884e-02 -4.359864405555744123e-04 4.177373727533333081e-02 -9.495392639320644670e-05 -6.192331685913558120e-02 -1.645393638150790009e-03 2.501795289022372693e-01 4.937251751352929041e-01 2.499773492412982190e-01
2.503278433657277757e-01 9.809972273261543738e-04 -6.204717544778812210e-02 -2.544827698835157217e-03 4.180716145350203694e-02 8.163781527478810576e-04 -6.191888678709217553e-02 6.688670771042709573e-05 2.499773492412982190e-01 5.087329914705689404e-01
4.910221857995797912e-01 2.502653492662428869e-01 -2.314993244455406003e-03 -6.197015943559004703e-02 -5.133780337473654604e-04 4.183038735177081052e-02 -1.097792408042510149e-03 -6.189862227984618825e-02 9.042793141361702217e-04 2.499436968293674288e-01
2.502653492662428869e-01 5.082109018060214645e-01 2.500071301309684246e-01 7.862417293319871880e-04 -6.188275507457879909e-02 5.284394711321262726e-05 4.171780302402033208e-02 -1.237701218383662621e-03 -6.193598301734765110e-02 3.251058709891278820e-03
-2.314993244455406003e-03 2.500071301309684246e-01 4.972704926182696661e-01 2.499591597683741562e-01 3.415119319659610728e-03 -6.200486911321798078e-02 -1.375928258133274091e-04 4.177483569159728266e-02 8.179690013842026361e-04 -6.198645878261699327e-02
-6.197015943559004703e-02 7.862417293319871880e-04 2.499591597683741562e-01 4.945269864193242437e-01 2.501533391662040251e-01 -9.797619008649850400e-04 -6.192779126570741033e-02 1.732087488299640949e-03 4.174144093202002137e-02 -2.329323872775792940e-03
-5.133780337473654604e-04 -6.188275507457879909e-02 3.415119319659610728e-03 2.501533391662040251e-01 5.024043231492264505e-01 2.500344457489123151e-01 -3.248019596613234937e-03 -6.187066313529481637e-02 9.969349760801417271e-04 4.169471578934787898e-02
4.183038735177081052e-02 5.284394711321262726e-05 -6.200486911321798078e-02 -9.797619008649850400e-04 2.500344457489123151e-01 5.033629377571369190e-01 2.499151511567422879e-01 -1.854183673246378918e-03 -6.190598695458245093e-02 1.718310717798615054e-03
-1.097792408042510149e-03 4.171780302402033208e-02 -1.375928258133274091e-04 -6.192779126570741033e-02 -3.248019596613234937e-03 2.499151511567422879e-01 5.037514778822155259e-01 2.501495414777845649e-01 1.168762314826622510e-03 -6.198271715913666879e-02
-6.189862227984618825e-02 -1.237701218383662621e-03 4.177483569159728266e-02 1.732087488299640949e-03 -6.187066313529481637e-02 -1.854183673246378918e-03 2.501495414777845649e-01 4.958380911277739944e-01 2.499159123408253302e-01 -1.130309181388977971e-03
9.042793141361702217e-04 -6.193598301734765110e-02 8.179690013842026361e-04 4.174144093202002137e-02 9.969349760801417271e-04 -6.190598695458245093e-02 1.168762314826622510e-03 2.499159123408253302e-01 5.028305327349014142e-01 2.500955256137309402e-01
2.499436968293674288e-01 3.251058709891278820e-03 -6.198645878261699327e-02 -2.329323872775792940e-03 4.169471578934787898e-02 1.718310717798615054e-03 -6.198271715913666879e-02 -1.130309181388977971e-03 2.500955256137309402e-01 5.007820707055521403e-01
4.987746194371422970e-01 2.501565312394939400e-01 -4.294773104403780753e-03 -6.191362223958976618e-02 1.201219768419694526e-03 4.173825404446899340e-02 -3.530638003934412263e-04 -6.185337457755651219e-02 1.214718629988114675e-03 2.499405785713739170e-01
2.501565312394939400e-01 5.072313379078228213e-01 2.498912888813198951e-01 -2.449818675422508595e-03 -6.205890801059427142e-02 -5.010566898129482395e-04 4.179035765217922749e-02 4.513070887384069974e-05 -6.198439386664622575e-02 -5.672858408363743235e-04
-4.294773104403780753e-03 2.498912888813198951e-01 5.025788030775829585e-01 2.503087978321975049e-01 2.152436158899919023e-03 -6.194642051499178736e-02 -1.963860430881487172e-03 4.171033493314936502e-02 1.728445249843713321e-03 -6.184709932748346656e-02
-6.191362223958976618e-02 -2.449818675422508595e-03 2.503087978321975049e-01 4.971384678568044890e-01 2.499148265156329041e-01 3.347844440289581697e-03 -6.181753788431734731e-02 -1.399729989800181217e-03 4.168607081571663875e-02 1.649252385719466706e-03
1.201219768419694526e-03 -6.205890801059427142e-02 2.152436158899919023e-03 2.499148265156329041e-01 4.954222717010891563e-01 2.500489702604220543e-01 1.382747622011938626e-03 -6.193920774843018895e-02 -5.381655671843944572e-04 4.176679081893416856e-02
4.173825404446899340e-02 -5.010566898129482395e-04 -6.194642051499178736e-02 3.347844440289581697e-03 2.500489702604220543e-01 4.987317384788453323e-01 2.499698694086538442e-01 -7.625287640913884155e-04 -6.186091130775372982e-02 1.316514047006453816e-04
-3.530638003934412263e-04 4.179035765217922749e-02 -1.963860430881487172e-03 -6.181753788431734731e-02 1.382747622011938626e-03 2.499698694086538442e-01 5.012711168157744090e-01 2.500180015732165195e-01 -5.308076583951408176e-04 -6.190200728622617665e-02
-6.185337457755651219e-02 4.513070887384069974e-05 4.171033493314936502e-02 -1.399729989800181217e-03 -6.193920774843018895e-02 -7.625287640913884155e-04 2.500180015732165195e-01 5.009656819092992430e-01 2.499273615414754901e-01 5.091870178315898582e-04
1.214718629988114675e-03 -6.198439386664622575e-02 1.728445249843713321e-03 4.168607081571663875e-02 -5.381655671843944572e-04 -6.186091130775372982e-02 -5.308076583951408176e-04 2.499273615414754901e-01 4.989568006628953833e-01 2.500333405481433013e-01
2.499405785713739170e-01 -5.672858408363743235e-04 -6.184709932748346656e-02 1.649252385719466706e-03 4.176679081893416856e-02 1.316514047006453816e-04 -6.190200728622617665e-02 5.091870178315898582e-04 2.500333405481433013e-01 4.989291621527426335e-01
5.038460088983642837e-01 2.499375284652848306e-01 6.133901352891005677e-04 -6.182629141080298735e-02 7.963625292496673150e-04 4.166871889137445384e-02 -2.889479442420121724e-04 -6.185506251638145381e-02 2.851319887025487512e-04 2.500231589791830356e-01
2.499375284652848306e-01 4.968035892652159502e-01 2.500141858302752373e-01 -5.484358810577388138e-04 -6.184557184483239350e-02 -3.083689293159087852e-06 4.165660847519254972e-02 -5.171832520951967667e-04 -6.183470813131780597e-02 -1.085822519995100974e-03
6.133901352891005677e-04 2.500141858302752373e-01 5.015884871502691578e-01 2.499138432277340782e-01 -2.032040384255424069e-03 -6.184323187653014559e-02 4.814165901512875659e-04 4.166743184745175244e-02 -4.663357382853478006e-04 -6.187673600650711592e-02
-6.182629141080298735e-02 -5.484358810577388138e-04 2.499138432277340782e-01 5.026010771690816448e-01 2.500176704052952670e-01 5.955720387790903406e-04 -6.185397752427206075e-02 3.024023718250642371e-04 4.167403397815933053e-02 8.632897861226317745e-04
7.963625292496673150e-04 -6.184557184483239350e-02 -2.032040384255424069e-03 2.500176704052952670e-01 4.997768840346412111e-01 2.499331095113395684e-01 1.180148463153763826e-03 -6.184792833747666807e-02 -7.063032752587339140e-04 4.164995988272409549e-02
4.166871889137445384e-02 -3.083689293159087852e-06 -6.184323187653014559e-02 5.955720387790903406e-04 2.499331095113395684e-01 4.963120133555295466e-01 2.500129987565998801e-01 -1.215604739781216007e-03 -6.185812228707340821e-02 -4.617598930244015600e-04
-2.889479442420121724e-04 4.165660847519254972e-02 4.814165901512875659e-04 -6.185397752427206075e-02 1.180148463153763826e-03 2.500129987565998801e-01 5.041527466508368693e-01 2.499610017541038509e-01 1.556208373625980745e-04 -6.182775112570923493e-02
-6.185506251638145381e-02 -5.171832520951967667e-04 4.166743184745175244e-02 3.024023718250642371e-04 -6.184792833747666807e-02 -1.215604739781216007e-03 2.499610017541038509e-01 4.985271507223804632e-01 2.499806946884834957e-01 2.051606787941542831e-03
2.851319887025487512e-04 -6.183470813131780597e-02 -4.663357382853478006e-04 4.167403397815933053e-02 -7.063032752587339140e-04 -6.185812228707340821e-02 1.556208373625980745e-04 2.499806946884834957e-01 4.979996191377201731e-01 2.499326497138454339e-01
2.500231589791830356e-01 -1.085822519995100974e-03 -6.187673600650711592e-02 8.632897861226317745e-04 4.164995988272409549e-02 -4.617598930244015600e-04 -6.182775112570923493e-02 2.051606787941542831e-03 2.499326497138454339e-01 4.983924236159590349e-01
5.096281292952422604e-01 2.502410983606440098e-01 -2.352464972201193973e-03 -6.221043185441138545e-02 -5.901026977368863981e-04 4.186603479947426792e-02 -2.988509904273924708e-04 -6.206938056736396175e-02 7.240475561196288781e-04 2.502519333775512500e-01
2.502410983606440098e-01 4.956526132643334082e-01 2.498600667618309790e-01 -3.764264540648050005e-03 -6.209949390743634001e-02 1.461049416768653297e-03 4.192681777105868035e-02 -7.623373491037429596e-04 -6.223572553491452108e-02 -3.960290560407482563e-03
-2.352464972201193973e-03 2.498600667618309790e-01 5.126853230610216583e-01 2.508953350957675577e-01 3.026235629356354741e-03 -6.218960615599616881e-02 -9.640791547865395529e-04 4.190585516775429537e-02 7.937402334985670799e-04 -6.197773344379441107e-02
-6.221043185441138545e-02 -3.764264540648050005e-03 2.508953350957675577e-01 4.893987054449469021e-01 2.497450342587275995e-01 1.491151496954126092e-03 -6.189568125316514263e-02 -1.364214057677151778e-03 4.188196869407492112e-02 4.469703444484905697e-03
-5.901026977368863981e-04 -6.209949390743634001e-02 3.026235629356354741e-03 2.497450342587275995e-01 5.005773587976234396e-01 2.502160157348336522e-01 -1.334962400801401484e-03 -6.204895720532636882e-02 8.400087402177825206e-04 4.194306830238916928e-02
4.186603479947426792e-02 1.461049416768653297e-03 -6.218960615599616881e-02 1.491151496954126092e-03 2.502160157348336522e-01 5.030653185113866943e-01 2.499502770721782063e-01 7.340042478777430860e-04 -6.199198476228127974e-02 -3.580007363930437069e-03
-2.988509904273924708e-04 4.192681777105868035e-02 -9.640791547865395529e-04 -6.189568125316514263e-02 -1.334962400801401484e-03 2.499502770721782063e-01 4.961700471767325205e-01 2.501189855046824784e-01 1.543592022378442730e-04 -6.206170235324900974e-02
-6.206938056736396175e-02 -7.623373491037429596e-04 4.190585516775429537e-02 -1.364214057677151778e-03 -6.204895720532636882e-02 7.340042478777430860e-04 2.501189855046824784e-01 5.043401216897870354e-01 2.500815701739054209e-01 5.270088960771170117e-03
7.240475561196288781e-04 -6.223572553491452108e-02 7.937402334985670799e-04 4.188196869407492112e-02 8.400087402177825206e-04 -6.199198476228127974e-02 1.543592022378442730e-04 2.500815701739054209e-01 4.900358117723313534e-01 2.502352124358265817e-01
2.502519333775512500e-01 -3.960290560407482563e-03 -6.197773344379441107e-02 4.469703444484905697e-03 4.194306830238916928e-02 -3.580007363930437069e-03 -6.206170235324900974e-02 5.270088960771170117e-03 2.502352124358265817e-01 4.984465709865939509e-01
4.965992281967364086e-01 2.499123986263700747e-01 2.320434922557864862e-03 -6.185707692917448430e-02 -2.204261792416821724e-03 4.175221399554782803e-02 2.743532664657157352e-03 -6.211732912939171847e-02 -3.620527341071551330e-03 2.502097959102708158e-01
2.499123986263700747e-01 4.963708919256146768e-01 2.500962995964388091e-01 2.612653345801865812e-05 -6.195948075221740375e-02 5.771237276019627535e-04 4.177816548966694493e-02 -1.525515536982741550e-03 -6.193513842395965280e-02 1.583714318104676236e-04
2.320434922557864862e-03 2.500962995964388091e-01 5.030092363967924030e-01 2.499087237788493732e-01 1.441014194153261187e-03 -6.186554547895264933e-02 -1.459780588317865927e-03 4.178026920555490131e-02 8.328332454856802319e-04 -6.197704835243104254e-02
-6.185707692917448430e-02 2.612653345801865812e-05 2.499087237788493732e-01 4.946330627750479270e-01 2.501544455406184975e-01 -6.677682650229903229e-04 -6.198362092001873103e-02 1.423357248529217916e-03 4.172885803402665017e-02 -1.261351607320911408e-04
-2.204261792416821724e-03 -6.195948075221740375e-02 1.441014194153261187e-03 2.501544455406184975e-01 5.044709416851681505e-01 2.498928484136888339e-01 7.891605048363707457e-04 -6.186116548318282282e-02 1.814983367819472085e-04 4.175134763012407907e-02
4.175221399554782803e-02 5.771237276019627535e-04 -6.186554547895264933e-02 -6.677682650229903229e-04 2.498928484136888339e-01 4.963715297235894996e-01 2.501310453212682861e-01 -1.727608233528522309e-03 -6.192466410225157258e-02 -4.426368536387505562e-04
2.743532664657157352e-03 4.177816548966694493e-02 -1.459780588317865927e-03 -6.198362092001873103e-02 7.891605048363707457e-04 2.501310453212682861e-01 5.022317141912173710e-01 2.498718925662656853e-01 -1.030488932209262017e-03 -6.194818255364689663e-02
-6.211732912939171847e-02 -1.525515536982741550e-03 4.178026920555490131e-02 1.423357248529217916e-03 -6.186116548318282282e-02 -1.727608233528522309e-03 2.498718925662656853e-01 5.049927972336230031e-01 2.501775466704667661e-01 2.311869420380221335e-03
-3.620527341071551330e-03 -6.193513842395965280e-02 8.328332454856802319e-04 4.172885803402665017e-02 1.814983367819472085e-04 -6.192466410225157258e-02 -1.030488932209262017e-03 2.501775466704667661e-01 4.899351198833116761e-01 2.501923179561020838e-01
2.502097959102708158e-01 1.583714318104676236e-04 -6.197704835243104254e-02 -1.261351607320911408e-04 4.175134763012407907e-02 -4.426368536387505562e-04 -6.194818255364689663e-02 2.311869420380221335e-03 2.501923179561020838e-01 5.113854779889027702e-01
5.023983395364173266e-01 2.499777104198161737e-01 1.351728539033673557e-03 -6.189051696042173478e-02 3.329067561923326020e-04 4.170779919478680153e-02 -1.059557476329304592e-03 -6.183717837231432479e-02 1.206779713154790268e-03 2.500037219267188249e-01
2.499777104198161737e-01 4.978770579013407360e-01 2.499560217591839661e-01 2.385863283062869371e-04 -6.187119832823137489e-02 -1.937398642050673810e-04 4.169906597056520503e-02 -9.774017311068321136e-04 -6.187820816651406347e-02 -9.540236763793102232e-04
1.351728539033673557e-03 2.499560217591839661e-01 4.980329048977578110e-01 2.500613625753430602e-01 -1.946215881559752768e-03 -6.190392931933502013e-02 1.863297092823575953e-03 4.164479256588200784e-02 -1.465210185851006236e-03 -6.187680300299619462e-02
-6.189051696042173478e-02 2.385863283062869371e-04 2.500613625753430602e-01 5.056871288801203512e-01 2.499714577062809584e-01 1.388662778529525278e-04 -6.185919919256830518e-02 1.022170356223674453e-03 4.174424130432682900e-02 3.882359051165568575e-04
3.329067561923326020e-04 -6.187119832823137489e-02 -1.946215881559752768e-03 2.499714577062809584e-01 4.962659883145298934e-01 2.500265711252506184e-01 -1.343091968658420218e-03 -6.185544015697468090e-02 4.853434905310360968e-04 4.169975631421574819e-02
4.170779919478680153e-02 -1.937398642050673810e-04 -6.190392931933502013e-02 1.388662778529525278e-04 2.500265711252506184e-01 5.035475863637453031e-01 2.499394756750762392e-01 -2.102436215574660615e-03 -6.194355116035162034e-02 -3.963131728436290833e-04
-1.059557476329304592e-03 4.169906597056520503e-02 1.863297092823575953e-03 -6.185919919256830518e-02 -1.343091968658420218e-03 2.499394756750762392e-01 5.018298827037743770e-01 2.500440733431378293e-01 5.590754904728893228e-04 -6.188919726404884525e-02
