4.332553864101792440e-01 2.120836165926370254e-01 6.478220362508584074e-02 -4.103548810575447653e-02 -4.587441711138022515e-02 1.539521985785194738e-02 5.689646070427105407e-02 3.612418069312559044e-02 -6.399931463769098494e-02 -2.072923851211202484e-01
2.120836165926370254e-01 3.892190735776588362e-01 2.064520746093130854e-01 6.019924804883380887e-02 -4.943193065977573297e-02 -5.513576675873542443e-02 9.368791761702698756e-03 5.751699892936540381e-02 4.781932501148075665e-02 -7.465701305559781231e-02
6.478220362508584074e-02 2.064520746093130854e-01 4.043284173110721635e-01 2.008653711790631125e-01 5.284222265741734398e-02 -5.802527527417505188e-02 -5.988736140426977050e-02 2.437340112392260942e-03 6.178033470077137768e-02 5.294670496046035429e-02
-4.103548810575447653e-02 6.019924804883380887e-02 2.008653711790631125e-01 4.422852109678959143e-01 2.002515189116060301e-01 5.579630049770854111e-02 -4.366569634202713962e-02 -4.970275000451609276e-02 -4.722509336663578694e-03 4.926814786525202106e-02
-4.587441711138022515e-02 -4.943193065977573297e-02 5.284222265741734398e-02 2.002515189116060301e-01 4.412020266765044330e-01 2.000343848656715717e-01 6.857652951579798484e-02 -3.431200365624605814e-02 -5.626425466356321792e-02 -1.577436307380666869e-02
1.539521985785194738e-02 -5.513576675873542443e-02 -5.802527527417505188e-02 5.579630049770854111e-02 2.000343848656715717e-01 3.706068421880709396e-01 2.176461210555940551e-01 9.128231364282765603e-02 -3.448772648837326871e-02 -5.991840268684837933e-02
5.689646070427105407e-02 9.368791761702698756e-03 -5.988736140426977050e-02 -4.366569634202713962e-02 6.857652951579798484e-02 2.176461210555940551e-01 3.835206129361537486e-01 2.179922668817104725e-01 8.108773522595437433e-02 -3.291837866710024124e-02
3.612418069312559044e-02 5.751699892936540381e-02 2.437340112392260942e-03 -4.970275000451609276e-02 -3.431200365624605814e-02 9.128231364282765603e-02 2.179922668817104725e-01 3.568970896820118366e-01 2.140601177652577125e-01 8.427235239856152582e-02
-6.399931463769098494e-02 4.781932501148075665e-02 6.178033470077137768e-02 -4.722509336663578694e-03 -5.626425466356321792e-02 -3.448772648837326871e-02 8.108773522595437433e-02 2.140601177652577125e-01 3.980280472252938351e-01 2.104570463676712355e-01
-2.072923851211202484e-01 -7.465701305559781231e-02 5.294670496046035429e-02 4.926814786525202106e-02 -1.577436307380666869e-02 -5.991840268684837933e-02 -3.291837866710024124e-02 8.427235239856152582e-02 2.104570463676712355e-01 3.806572930251707065e-01
4.526086469377774701e-01 1.963633513488543536e-01 5.414976830133249458e-02 -4.440999419798158376e-02 -4.718542320977299476e-02 1.565891211694239423e-03 5.517056915507760617e-02 4.138538837823810268e-02 -5.548248987003567140e-02 -1.956720437016281067e-01
1.963633513488543536e-01 4.327154716921449706e-01 2.055566767026582586e-01 8.325692509618912163e-02 -3.051715908816100484e-02 -4.715241892605578911e-02 -6.233221919624560257e-03 4.726638355689263132e-02 4.375386398260852627e-02 -5.175386416098780307e-02
5.414976830133249458e-02 2.055566767026582586e-01 3.703344634639921251e-01 2.227973966586921373e-01 7.952100441962059452e-02 -3.978970448547876348e-02 -6.214466420945451847e-02 -9.399274849949724314e-03 5.321933574972672470e-02 5.336241073055335987e-02
-4.440999419798158376e-02 8.325692509618912163e-02 2.227973966586921373e-01 3.337162827426213840e-01 2.070851065583240447e-01 6.939124578163451129e-02 -4.810686867379747322e-02 -5.814640338956819643e-02 -3.622664285686747962e-03 6.026895748784744100e-02
-4.718542320977299476e-02 -3.051715908816100484e-02 7.952100441962059452e-02 2.070851065583240447e-01 4.252090520145135888e-01 2.045009120603751840e-01 6.107064478950286618e-02 -4.055806583791442960e-02 -5.159033644966094095e-02 8.230692103020896024e-04
1.565891211694239423e-03 -4.715241892605578911e-02 -3.978970448547876348e-02 6.939124578163451129e-02 2.045009120603751840e-01 4.317380406990454222e-01 2.004586852463130786e-01 6.656253590592031699e-02 -3.801735693382640724e-02 -5.364537979664429912e-02
5.517056915507760617e-02 -6.233221919624560257e-03 -6.214466420945451847e-02 -4.810686867379747322e-02 6.107064478950286618e-02 2.004586852463130786e-01 3.807744913048866087e-01 2.149362084513697924e-01 8.336021458967662889e-02 -4.902493938439580340e-02
4.138538837823810268e-02 4.726638355689263132e-02 -9.399274849949724314e-03 -5.814640338956819643e-02 -4.055806583791442960e-02 6.656253590592031699e-02 2.149362084513697924e-01 3.762319706990402413e-01 2.210924668300258689e-01 8.043092183097741432e-02
-5.548248987003567140e-02 4.375386398260852627e-02 5.321933574972672470e-02 -3.622664285686747962e-03 -5.159033644966094095e-02 -3.801735693382640724e-02 8.336021458967662889e-02 2.210924668300258689e-01 4.010992907709133859e-01 2.090631513433914568e-01
-1.956720437016281067e-01 -5.175386416098780307e-02 5.336241073055335987e-02 6.026895748784744100e-02 8.230692103020896024e-04 -5.364537979664429912e-02 -4.902493938439580340e-02 8.043092183097741432e-02 2.090631513433914568e-01 3.955722896750710760e-01
4.129695913017464859e-01 2.115952553212375464e-01 7.684436396114371903e-02 -4.129461553348616476e-02 -4.930595882466173863e-02 8.322898849183964914e-03 5.434095272961475542e-02 3.627294817786338998e-02 -7.109331746604791169e-02 -2.054996827798232784e-01
2.115952553212375464e-01 4.134441595868514896e-01 2.104227163329761008e-01 6.324459750189062590e-02 -4.405956230283267216e-02 -5.456249687170255935e-02 6.019911897699962294e-03 5.741611789145573130e-02 4.379006221922651654e-02 -6.608687331846958835e-02
7.684436396114371903e-02 2.104227163329761008e-01 3.613893286741243216e-01 2.075582883938639212e-01 7.146315443978079607e-02 -5.458317924285464862e-02 -5.987496542073447031e-02 6.387941717766938178e-03 6.168525308581761235e-02 5.019692161265354446e-02
-4.129461553348616476e-02 6.324459750189062590e-02 2.075582883938639212e-01 4.310213662003982704e-01 2.064229810815716437e-01 5.388382540115461972e-02 -4.794845044562124486e-02 -5.249657806949124816e-02 2.174688349271037147e-03 5.535704524892536699e-02
-4.930595882466173863e-02 -4.405956230283267216e-02 7.146315443978079607e-02 2.064229810815716437e-01 4.241655935367587560e-01 2.006420037370117426e-01 6.509953109403954219e-02 -4.094767520120731058e-02 -5.357037048780988880e-02 -6.061358366592851758e-03
8.322898849183964914e-03 -5.456249687170255935e-02 -5.458317924285464862e-02 5.388382540115461972e-02 2.006420037370117426e-01 4.133554521452063035e-01 2.096357501159649972e-01 7.353022369269204828e-02 -4.269771650392482215e-02 -6.161207318926921472e-02
5.434095272961475542e-02 6.019911897699962294e-03 -5.987496542073447031e-02 -4.794845044562124486e-02 6.509953109403954219e-02 2.096357501159649972e-01 3.844491106261024305e-01 2.143554802653915847e-01 8.128749532711038173e-02 -4.029082337358819849e-02
3.627294817786338998e-02 5.741611789145573130e-02 6.387941717766938178e-03 -5.249657806949124816e-02 -4.094767520120731058e-02 7.353022369269204828e-02 2.143554802653915847e-01 3.920387171948664928e-01 2.169374669331064487e-01 8.101403626327646768e-02
-7.109331746604791169e-02 4.379006221922651654e-02 6.168525308581761235e-02 2.174688349271037147e-03 -5.357037048780988880e-02 -4.269771650392482215e-02 8.128749532711038173e-02 2.169374669331064487e-01 3.726760341528054243e-01 2.129043224593194783e-01
-2.054996827798232784e-01 -6.608687331846958835e-02 5.019692161265354446e-02 5.535704524892536699e-02 -6.061358366592851758e-03 -6.161207318926921472e-02 -4.029082337358819849e-02 8.101403626327646768e-02 2.129043224593194783e-01 3.944906465811325313e-01
3.921346690213471375e-01 2.149515615911385125e-01 7.741552915668346857e-02 -4.169594207552651532e-02 -5.863879491229191665e-02 -1.215314733475273204e-02 5.770498209644154414e-02 4.960635708385346260e-02 -5.964154769125369626e-02 -2.101045870730156029e-01
2.149515615911385125e-01 3.871178695086088251e-01 2.149504697506200157e-01 8.055554763399468132e-02 -3.477755742502219860e-02 -5.850067120283699434e-02 -1.332753926533365545e-02 4.854504795393718014e-02 4.156379834952787095e-02 -7.564634083736519743e-02
7.741552915668346857e-02 2.149504697506200157e-01 3.920177348813066454e-01 2.113825224279211046e-01 7.342341984711284186e-02 -3.803495105140135280e-02 -6.215182977402419762e-02 -7.851367722760706908e-03 5.216046840308077859e-02 4.455284131688058702e-02
-4.169594207552651532e-02 8.055554763399468132e-02 2.113825224279211046e-01 3.754813111374297740e-01 2.114403729807792232e-01 8.167206898308419782e-02 -4.376464745149138968e-02 -5.452215149377270115e-02 2.591888404181754129e-03 6.009730717298805702e-02
-5.863879491229191665e-02 -3.477755742502219860e-02 7.342341984711284186e-02 2.114403729807792232e-01 4.015025634225597995e-01 2.167903728610850456e-01 7.914742585220477245e-02 -3.911370580829838517e-02 -4.936044099734375468e-02 9.318422534716206893e-03
-1.215314733475273204e-02 -5.850067120283699434e-02 -3.803495105140135280e-02 8.167206898308419782e-02 2.167903728610850456e-01 3.788756703251453528e-01 2.137225577851649683e-01 6.748796391055544852e-02 -4.566157905261995081e-02 -5.445247457330910923e-02
5.770498209644154414e-02 -1.332753926533365545e-02 -6.215182977402419762e-02 -4.376464745149138968e-02 7.914742585220477245e-02 2.137225577851649683e-01 3.858030979259428062e-01 2.030118632194741202e-01 5.569638920977094260e-02 -5.669505946525484064e-02
4.960635708385346260e-02 4.854504795393718014e-02 -7.851367722760706908e-03 -5.452215149377270115e-02 -3.911370580829838517e-02 6.748796391055544852e-02 2.030118632194741202e-01 4.354857236750698801e-01 1.990934086170527140e-01 5.052307667835467808e-02
-5.964154769125369626e-02 4.156379834952787095e-02 5.216046840308077859e-02 2.591888404181754129e-03 -4.936044099734375468e-02 -4.566157905261995081e-02 5.569638920977094260e-02 1.990934086170527140e-01 4.472974488580421792e-01 1.980407978608833830e-01
-2.101045870730156029e-01 -7.564634083736519743e-02 4.455284131688058702e-02 6.009730717298805702e-02 9.318422534716206893e-03 -5.445247457330910923e-02 -5.669505946525484064e-02 5.052307667835467808e-02 1.980407978608833830e-01 4.042839112445434924e-01
3.899838406319005024e-01 2.154397150227631008e-01 7.422201379096848850e-02 -4.266202872468385920e-02 -4.897095318585469037e-02 8.213087619051160151e-03 5.775211048957584747e-02 4.347098703641560924e-02 -6.509719379059183963e-02 -2.096779226476009894e-01
2.154397150227631008e-01 3.684232258836408480e-01 2.129932350608094993e-01 6.905629104003388474e-02 -5.046712420302036650e-02 -5.757922852430608085e-02 8.559980477194370843e-03 6.145129455313944750e-02 4.839963746317747784e-02 -7.492204123099169277e-02
7.422201379096848850e-02 2.129932350608094993e-01 4.058506435933767476e-01 2.031701946481812571e-01 5.062105133411356345e-02 -4.974776316376446766e-02 -5.353159619632143207e-02 1.407114114302714970e-03 5.260469808135668363e-02 4.173165157407419945e-02
-4.266202872468385920e-02 6.905629104003388474e-02 2.031701946481812571e-01 4.445591110306531535e-01 1.927804506448536903e-01 5.145745466107490979e-02 -4.343861023380927999e-02 -5.201131621354808388e-02 -4.742156998551338813e-03 5.041916387483226514e-02
-4.897095318585469037e-02 -5.046712420302036650e-02 5.062105133411356345e-02 1.927804506448536903e-01 4.273637723894329055e-01 2.066074329772481233e-01 7.874940995841317459e-02 -3.708223047628624036e-02 -5.372856380912669622e-02 -7.410485792421402443e-03
8.213087619051160151e-03 -5.757922852430608085e-02 -4.974776316376446766e-02 5.145745466107490979e-02 2.066074329772481233e-01 4.062186583521875116e-01 2.130697896001867431e-01 7.708224004252550721e-02 -3.577096583893180082e-02 -5.385427673814306010e-02
5.775211048957584747e-02 8.559980477194370843e-03 -5.353159619632143207e-02 -4.343861023380927999e-02 7.874940995841317459e-02 2.130697896001867431e-01 3.342796980253403549e-01 2.191377772977392557e-01 9.129878743058103541e-02 -3.680507722450140906e-02
4.347098703641560924e-02 6.145129455313944750e-02 1.407114114302714970e-03 -5.201131621354808388e-02 -3.708223047628624036e-02 7.708224004252550721e-02 2.191377772977392557e-01 3.953245128727521096e-01 2.125540241395509344e-01 6.098113478037098939e-02
-6.509719379059183963e-02 4.839963746317747784e-02 5.260469808135668363e-02 -4.742156998551338813e-03 -5.372856380912669622e-02 -3.577096583893180082e-02 9.129878743058103541e-02 2.125540241395509344e-01 3.956644524204281366e-01 1.991269066979236280e-01
-2.096779226476009894e-01 -7.492204123099169277e-02 4.173165157407419945e-02 5.041916387483226514e-02 -7.410485792421402443e-03 -5.385427673814306010e-02 -3.680507722450140906e-02 6.098113478037098939e-02 1.991269066979236280e-01 4.323320848002894512e-01
4.665409076816394718e-01 1.930160992305638978e-01 4.848942094193553487e-02 -3.533254428895415966e-02 -5.412000421835012204e-02 -1.425224613080681990e-02 4.831403758328130238e-02 4.828659408325571001e-02 -4.335850052289128009e-02 -2.040584479970427023e-01
1.930160992305638978e-01 3.663111804749807909e-01 2.129540190618049167e-01 1.023979522956493526e-01 -2.690770191068997397e-02 -5.430085363968462087e-02 -2.324299675734505660e-02 5.161869599520219759e-02 5.467210879642397242e-02 -6.514819914241189169e-02
4.848942094193553487e-02 2.129540190618049167e-01 4.269414139053974711e-01 2.148697973122841165e-01 7.724909402287125082e-02 -2.606173956098459601e-02 -6.048780886403743590e-02 -1.286767974403199913e-02 5.144826695319174720e-02 4.421435524537986606e-02
-3.533254428895415966e-02 1.023979522956493526e-01 2.148697973122841165e-01 2.984635745655147554e-01 2.091101017626629810e-01 8.720349652013087427e-02 -3.349114028619787353e-02 -5.344169572722937134e-02 -6.270879672483793514e-03 5.316543559177407119e-02
-5.412000421835012204e-02 -2.690770191068997397e-02 7.724909402287125082e-02 2.091101017626629810e-01 3.962572741095053974e-01 2.145410888905722180e-01 7.387947543672668260e-02 -4.461738631299701219e-02 -6.111686048833918361e-02 8.033165759487056676e-03
-1.425224613080681990e-02 -5.430085363968462087e-02 -2.606173956098459601e-02 8.720349652013087427e-02 2.145410888905722180e-01 3.906590480342612692e-01 2.071440638644528598e-01 6.553700690023187003e-02 -4.833703200648522408e-02 -4.634908913380875184e-02
4.831403758328130238e-02 -2.324299675734505660e-02 -6.048780886403743590e-02 -3.349114028619787353e-02 7.387947543672668260e-02 2.071440638644528598e-01 4.172659979470551006e-01 2.078132574673230426e-01 6.571364040502268578e-02 -4.842348137624209736e-02
4.828659408325571001e-02 5.161869599520219759e-02 -1.286767974403199913e-02 -5.344169572722937134e-02 -4.461738631299701219e-02 6.553700690023187003e-02 2.078132574673230426e-01 3.925502566902956958e-01 2.105378567091147901e-01 6.375323292462248270e-02
-4.335850052289128009e-02 5.467210879642397242e-02 5.144826695319174720e-02 -6.270879672483793514e-03 -6.111686048833918361e-02 -4.833703200648522408e-02 6.571364040502268578e-02 2.105378567091147901e-01 4.306099057676658903e-01 1.964959910321374958e-01
-2.040584479970427023e-01 -6.514819914241189169e-02 4.421435524537986606e-02 5.316543559177407119e-02 8.033165759487056676e-03 -4.634908913380875184e-02 -4.842348137624209736e-02 6.375323292462248270e-02 1.964959910321374958e-01 4.144004408236824366e-01
4.198419588383665024e-01 2.128682903735311938e-01 7.869843454553576700e-02 -3.927656677376253902e-02 -5.569899757263874901e-02 -9.339488353966262507e-03 5.118443300232156795e-02 5.082048755311741745e-02 -4.532691237097793979e-02 -1.983044243914398319e-01
2.128682903735311938e-01 3.850438890653229418e-01 2.160937161241764937e-01 7.738147378863792503e-02 -3.771129603396367047e-02 -5.889462514252356840e-02 -1.554973446816291030e-02 5.311047389988465817e-02 4.690769915854847705e-02 -6.538555114277322389e-02
7.869843454553576700e-02 2.160937161241764937e-01 3.611053618449684977e-01 2.140674949208977995e-01 8.156438360903282836e-02 -3.781269441153162214e-02 -6.254518420653475130e-02 -1.308969647254189586e-02 5.079845671791713424e-02 4.641289603635968819e-02
-3.927656677376253902e-02 7.738147378863792503e-02 2.140674949208977995e-01 4.050671618802533791e-01 2.093178439536304003e-01 6.987590495385637146e-02 -3.878988031634533762e-02 -5.711867263525102767e-02 -2.931415453952715845e-03 5.445819382125428876e-02
-5.569899757263874901e-02 -3.771129603396367047e-02 8.156438360903282836e-02 2.093178439536304003e-01 3.910886540481629536e-01 2.105259289188102512e-01 8.304568389465763478e-02 -3.978345610720557257e-02 -5.101900084615999115e-02 3.544849246217449731e-03
-9.339488353966262507e-03 -5.889462514252356840e-02 -3.781269441153162214e-02 6.987590495385637146e-02 2.105259289188102512e-01 3.860309016970724372e-01 2.203820645816838009e-01 8.058985164407843349e-02 -4.168934541337529498e-02 -5.453419960090743340e-02
5.118443300232156795e-02 -1.554973446816291030e-02 -6.254518420653475130e-02 -3.878988031634533762e-02 8.304568389465763478e-02 2.203820645816838009e-01 3.713164847000669511e-01 2.108863959860187709e-01 6.160724228072918252e-02 -5.095762638038146830e-02
5.082048755311741745e-02 5.311047389988465817e-02 -1.308969647254189586e-02 -5.711867263525102767e-02 -3.978345610720557257e-02 8.058985164407843349e-02 2.108863959860187709e-01 4.027795373197682327e-01 2.015135684536158156e-01 5.581653912480540047e-02
-4.532691237097793979e-02 4.690769915854847705e-02 5.079845671791713424e-02 -2.931415453952715845e-03 -5.101900084615999115e-02 -4.168934541337529498e-02 6.160724228072918252e-02 2.015135684536158156e-01 4.483433147598195889e-01 1.965804457230196645e-01
-1.983044243914398319e-01 -6.538555114277322389e-02 4.641289603635968819e-02 5.445819382125428876e-02 3.544849246217449731e-03 -5.453419960090743340e-02 -5.095762638038146830e-02 5.581653912480540047e-02 1.965804457230196645e-01 4.293827358461995147e-01
4.160535093533568873e-01 2.027736501739436648e-01 6.709148747576916538e-02 -5.298342520344445639e-02 -5.928923313770398384e-02 -4.615484762533384627e-04 5.907101776017224803e-02 5.592614658254221188e-02 -5.069877885841957144e-02 -1.939892465400283594e-01
2.027736501739436648e-01 4.221572820117259761e-01 2.119717805402027977e-01 7.369411817469714854e-02 -4.150133689497665507e-02 -5.205956108550877093e-02 -6.880720582009443136e-03 5.212850368118455285e-02 4.615940702742685892e-02 -4.908019969705908203e-02
6.709148747576916538e-02 2.119717805402027977e-01 4.002856916046094171e-01 2.134795331675132246e-01 7.570261618837960393e-02 -3.679923749116562059e-02 -5.979400943461228579e-02 -1.854096861331655174e-02 4.686274498917145093e-02 4.510594008978870140e-02
-5.298342520344445639e-02 7.369411817469714854e-02 2.134795331675132246e-01 3.612096852560767735e-01 2.134820905535789737e-01 7.911238711074045082e-02 -3.862359191658533419e-02 -6.403295546344034417e-02 -1.443989110381613608e-02 5.150166553237526396e-02
-5.928923313770398384e-02 -4.150133689497665507e-02 7.570261618837960393e-02 2.134820905535789737e-01 4.059407981976252966e-01 2.081111561440427415e-01 7.265565619912431328e-02 -3.635792020360119337e-02 -5.322536309263346116e-02 -3.251005756993274008e-03
-4.615484762533384627e-04 -5.205956108550877093e-02 -3.679923749116562059e-02 7.911238711074045082e-02 2.081111561440427415e-01 3.903541174328035157e-01 2.144959305862531029e-01 9.087600866827283408e-02 -3.267371897991749874e-02 -5.027151556542357180e-02
5.907101776017224803e-02 -6.880720582009443136e-03 -5.979400943461228579e-02 -3.862359191658533419e-02 7.265565619912431328e-02 2.144959305862531029e-01 3.777285131307229760e-01 2.203616045116264521e-01 7.264023405471736750e-02 -4.354429919542315841e-02
5.592614658254221188e-02 5.212850368118455285e-02 -1.854096861331655174e-02 -6.403295546344034417e-02 -3.635792020360119337e-02 9.087600866827283408e-02 2.203616045116264521e-01 3.485608152201836729e-01 2.038922271697365951e-01 6.398055564855953392e-02
-5.069877885841957144e-02 4.615940702742685892e-02 4.686274498917145093e-02 -1.443989110381613608e-02 -5.322536309263346116e-02 -3.267371897991749874e-02 7.264023405471736750e-02 2.038922271697365951e-01 4.351980011196571740e-01 2.034042101634515876e-01
-1.939892465400283594e-01 -4.908019969705908203e-02 4.510594008978870140e-02 5.150166553237526396e-02 -3.251005756993274008e-03 -5.027151556542357180e-02 -4.354429919542315841e-02 6.398055564855953392e-02 2.034042101634515876e-01 4.425115866732340919e-01
3.548476097110025984e-01 2.087550634660377269e-01 7.894464721777341709e-02 -4.090306826436158200e-02 -5.632184672835724437e-02 4.209064858366460583e-04 5.776382710784346008e-02 3.625382607583605560e-02 -9.380523827912573553e-02 -2.198592415255685162e-01
2.087550634660377269e-01 4.040281596150228638e-01 2.137774893556715905e-01 7.728754447166710784e-02 -4.142330962578728848e-02 -5.387679173400983929e-02 8.416870858529025556e-03 5.269784756526935121e-02 2.846469131089389079e-02 -7.998816012318228641e-02
7.894464721777341709e-02 2.137774893556715905e-01 3.997443934975173363e-01 2.099942261840231361e-01 6.448360742672375190e-02 -4.764822191077010965e-02 -5.085354038331438287e-02 1.351865933306591917e-02 5.930964865762203969e-02 3.346437267501883861e-02
-4.090306826436158200e-02 7.728754447166710784e-02 2.099942261840231361e-01 3.738345053665613760e-01 2.105212652674961493e-01 7.335438724133934441e-02 -5.259712064373210649e-02 -5.352127878898607638e-02 2.113194389007132246e-02 6.306495148328622458e-02
-5.632184672835724437e-02 -4.142330962578728848e-02 6.448360742672375190e-02 2.105212652674961493e-01 4.275681815265048868e-01 2.066137260388666297e-01 4.861735671499140682e-02 -4.868992083580841318e-02 -4.753374292276357771e-02 1.225184944894892186e-02
4.209064858366460583e-04 -5.387679173400983929e-02 -4.764822191077010965e-02 7.335438724133934441e-02 2.066137260388666297e-01 4.218904268055474471e-01 1.950154323492213626e-01 5.281455390647859377e-02 -4.969093902470157059e-02 -5.462421837851839934e-02
5.776382710784346008e-02 8.416870858529025556e-03 -5.085354038331438287e-02 -5.259712064373210649e-02 4.861735671499140682e-02 1.950154323492213626e-01 4.366781447939537264e-01 2.019417392961496416e-01 5.772584810306637809e-02 -4.660616436625995840e-02
3.625382607583605560e-02 5.269784756526935121e-02 1.351865933306591917e-02 -5.352127878898607638e-02 -4.868992083580841318e-02 5.281455390647859377e-02 2.019417392961496416e-01 4.294136345608395855e-01 2.025981776630272901e-01 7.120378285191161782e-02
-9.380523827912573553e-02 2.846469131089389079e-02 5.930964865762203969e-02 2.113194389007132246e-02 -4.753374292276357771e-02 -4.969093902470157059e-02 5.772584810306637809e-02 2.025981776630272901e-01 3.913168949964348498e-01 2.183954202362946018e-01
-2.198592415255685162e-01 -7.998816012318228641e-02 3.346437267501883861e-02 6.306495148328622458e-02 1.225184944894892186e-02 -5.462421837851839934e-02 -4.660616436625995840e-02 7.120378285191161782e-02 2.183954202362946018e-01 3.606780491266144972e-01
3.671672649812526279e-01 2.150115752711987960e-01 7.692469533282857153e-02 -4.184032752772703229e-02 -6.092785491684482579e-02 -1.613144804745002790e-03 5.659523450612527484e-02 4.178395111691440844e-02 -7.660349795311724441e-02 -2.167604850542138584e-01
2.150115752711987960e-01 4.003197586559650301e-01 2.074270560382345252e-01 7.170570289316449686e-02 -4.205373595092998240e-02 -4.675430226294233216e-02 9.307385361274332983e-03 6.011999984948572517e-02 3.179664971044283278e-02 -8.846325134613369778e-02
7.692469533282857153e-02 2.074270560382345252e-01 3.860578682494033020e-01 2.178567080110470622e-01 8.534610675419218584e-02 -3.960584334394534611e-02 -5.492193918680136899e-02 1.236926590030472395e-02 5.376791788725851506e-02 3.294492590654417297e-02
-4.184032752772703229e-02 7.170570289316449686e-02 2.178567080110470622e-01 3.983560734822402249e-01 2.098369336405578878e-01 4.982151203314823945e-02 -5.461454133591901738e-02 -5.340163584285748111e-02 1.461564080848298981e-02 6.427882628852002456e-02
-6.092785491684482579e-02 -4.205373595092998240e-02 8.534610675419218584e-02 2.098369336405578878e-01 3.830667062070426399e-01 1.983430511254428708e-01 6.441351833633419954e-02 -5.464346308986184342e-02 -5.166489698750571791e-02 1.682368015375354867e-02
-1.613144804745002790e-03 -4.675430226294233216e-02 -3.960584334394534611e-02 4.982151203314823945e-02 1.983430511254428708e-01 4.698267354240325266e-01 2.026843100714997847e-01 4.327463975102429500e-02 -4.244034497451290577e-02 -4.889094638623416034e-02
5.659523450612527484e-02 9.307385361274332983e-03 -5.492193918680136899e-02 -5.461454133591901738e-02 6.441351833633419954e-02 2.026843100714997847e-01 4.113570964440236843e-01 1.952869951140242533e-01 6.391927707771825895e-02 -4.664628343809322508e-02
4.178395111691440844e-02 6.011999984948572517e-02 1.236926590030472395e-02 -5.340163584285748111e-02 -5.464346308986184342e-02 4.327463975102429500e-02 1.952869951140242533e-01 4.173882556390499654e-01 2.135821920022342446e-01 7.912950354102477046e-02
-7.660349795311724441e-02 3.179664971044283278e-02 5.376791788725851506e-02 1.461564080848298981e-02 -5.166489698750571791e-02 -4.244034497451290577e-02 6.391927707771825895e-02 2.135821920022342446e-01 4.034775060166015948e-01 2.128915153224799905e-01
-2.167604850542138584e-01 -8.846325134613369778e-02 3.294492590654417297e-02 6.427882628852002456e-02 1.682368015375354867e-02 -4.889094638623416034e-02 -4.664628343809322508e-02 7.912950354102477046e-02 2.128915153224799905e-01 3.629827349003916237e-01
4.053364061716814848e-01 2.030832499667020730e-01 6.115834987823341035e-02 -4.905719735993744474e-02 -4.801957011139892234e-02 1.493150696507518187e-02 5.323994579674507649e-02 2.550891051067328760e-02 -8.704645491085029330e-02 -2.132681338337026333e-01
2.030832499667020730e-01 3.932116420580030747e-01 2.128704867083775765e-01 7.577723874106555291e-02 -5.300654920323102925e-02 -5.329448878272850798e-02 2.347912779898175817e-02 6.212570739287709420e-02 3.666049804759716896e-02 -6.952053322511342337e-02
6.115834987823341035e-02 2.128704867083775765e-01 4.160431698113785659e-01 2.099059998758110723e-01 5.343664634011256048e-02 -4.825597236410521240e-02 -4.317600847285785887e-02 1.682206835651466753e-02 5.650226757152425339e-02 4.296964737267208734e-02
-4.905719735993744474e-02 7.577723874106555291e-02 2.099059998758110723e-01 4.138938196175747097e-01 1.980083753853478234e-01 5.333445819483329658e-02 -5.062862831871459135e-02 -5.485917299433146210e-02 2.247058316790876212e-03 5.606496122414136862e-02
-4.801957011139892234e-02 -5.300654920323102925e-02 5.343664634011256048e-02 1.980083753853478234e-01 4.300276129503486366e-01 2.003520038037326645e-01 4.873333222762777500e-02 -4.883100689715348663e-02 -5.661135008734352603e-02 -1.039361207626361173e-02
1.493150696507518187e-02 -5.329448878272850798e-02 -4.825597236410521240e-02 5.333445819483329658e-02 2.003520038037326645e-01 4.480236936933040814e-01 1.929222943733570617e-01 5.905145012305280938e-02 -3.565732315950880665e-02 -5.141690325685514124e-02
5.323994579674507649e-02 2.347912779898175817e-02 -4.317600847285785887e-02 -5.062862831871459135e-02 4.873333222762777500e-02 1.929222943733570617e-01 4.119967721988665454e-01 2.140343253549214508e-01 9.729813439746966275e-02 -2.146505113189381420e-02
2.550891051067328760e-02 6.212570739287709420e-02 1.682206835651466753e-02 -5.485917299433146210e-02 -4.883100689715348663e-02 5.905145012305280938e-02 2.140343253549214508e-01 3.750596736935245534e-01 2.195769118197739567e-01 8.108814400375174980e-02
-8.704645491085029330e-02 3.666049804759716896e-02 5.650226757152425339e-02 2.247058316790876212e-03 -5.661135008734352603e-02 -3.565732315950880665e-02 9.729813439746966275e-02 2.195769118197739567e-01 2.970665882323346718e-01 2.072218319343025750e-01
-2.132681338337026333e-01 -6.952053322511342337e-02 4.296964737267208734e-02 5.606496122414136862e-02 -1.039361207626361173e-02 -5.141690325685514124e-02 -2.146505113189381420e-02 8.108814400375174980e-02 2.072218319343025750e-01 4.093406215729783471e-01
4.233574429565660213e-01 2.153682755937151860e-01 7.645292614386792196e-02 -3.260607844240481779e-02 -5.064895075797446605e-02 -3.056628106659955210e-03 5.892216184492631015e-02 4.471716923663456023e-02 -4.858476490002867215e-02 -2.093008700431565616e-01
2.153682755937151860e-01 3.382663571730368801e-01 2.168549832773786767e-01 8.571304052148064068e-02 -3.558922659262169635e-02 -5.310495911865945051e-02 -3.393421704232358824e-03 5.412495790259441719e-02 3.660553311923148145e-02 -9.138455952972571184e-02
7.645292614386792196e-02 2.168549832773786767e-01 3.682718535526349202e-01 2.131414668429491843e-01 6.619039412007574064e-02 -4.848183451260231619e-02 -6.678169251243491755e-02 3.436080299214166241e-03 5.245331911536084413e-02 3.909299846000970080e-02
-3.260607844240481779e-02 8.571304052148064068e-02 2.131414668429491843e-01 4.169905605123261916e-01 1.955393561491564902e-01 4.799074459078975230e-02 -5.253328726629075129e-02 -4.760132935482726257e-02 9.464699627644852786e-03 5.804461658639518962e-02
-5.064895075797446605e-02 -3.558922659262169635e-02 6.619039412007574064e-02 1.955393561491564902e-01 4.357008153018417929e-01 2.045441978903699276e-01 7.587678925988947110e-02 -4.089565053129223110e-02 -4.632712497420528319e-02 1.070739565205888408e-02
-3.056628106659955210e-03 -5.310495911865945051e-02 -4.848183451260231619e-02 4.799074459078975230e-02 2.045441978903699276e-01 4.195310378521904804e-01 2.126487574478221898e-01 6.577094745345257731e-02 -4.096194742463951655e-02 -5.383994066542065193e-02
5.892216184492631015e-02 -3.393421704232358824e-03 -6.678169251243491755e-02 -5.253328726629075129e-02 7.587678925988947110e-02 2.126487574478221898e-01 3.533828864652716617e-01 2.077308653814963213e-01 6.846315986911255536e-02 -5.815993858438388980e-02
4.471716923663456023e-02 5.412495790259441719e-02 3.436080299214166241e-03 -4.760132935482726257e-02 -4.089565053129223110e-02 6.577094745345257731e-02 2.077308653814963213e-01 4.062711470778624934e-01 2.107609412030980178e-01 6.317844469304201294e-02
-4.858476490002867215e-02 3.660553311923148145e-02 5.245331911536084413e-02 9.464699627644852786e-03 -4.632712497420528319e-02 -4.096194742463951655e-02 6.846315986911255536e-02 2.107609412030980178e-01 4.519889103615153947e-01 1.935104270565229934e-01
-2.093008700431565616e-01 -9.138455952972571184e-02 3.909299846000970080e-02 5.804461658639518962e-02 1.070739565205888408e-02 -5.383994066542065193e-02 -5.815993858438388980e-02 6.317844469304201294e-02 1.935104270565229934e-01 3.862389887467561622e-01
4.159289673077854466e-01 2.033083299805606980e-01 6.362476015186904754e-02 -3.934615216463741710e-02 -5.230584705867403345e-02 -2.594912691958306625e-03 5.564182864402079237e-02 3.757767337624878801e-02 -8.037470719187692070e-02 -2.132796435121116774e-01
2.033083299805606980e-01 4.095600446320117882e-01 2.099632606754378850e-01 8.600321954644873923e-02 -3.443495937714100008e-02 -5.175156861258857488e-02 -1.432323168831422036e-03 4.882371461614423702e-02 3.928642933343901023e-02 -7.331406160893097490e-02
6.362476015186904754e-02 2.099632606754378850e-01 3.872993927174950279e-01 2.187491998019651940e-01 7.508766879071995803e-02 -4.237760758284202234e-02 -5.673276807678512279e-02 3.879103123587776362e-03 6.011871108339756492e-02 4.369541201919436429e-02
-3.934615216463741710e-02 8.600321954644873923e-02 2.187491998019651940e-01 3.421329840335579076e-01 2.107144033416428197e-01 7.435070223527703859e-02 -5.059570725427510463e-02 -5.121344712524467102e-02 1.445364001575326351e-02 6.361447984226634156e-02
-5.230584705867403345e-02 -3.443495937714100008e-02 7.508766879071995803e-02 2.107144033416428197e-01 4.183758359862401743e-01 2.079310492633377472e-01 5.433656927729095532e-02 -4.501287883753440910e-02 -5.087861468638800455e-02 1.059136972431279008e-02
-2.594912691958306625e-03 -5.175156861258857488e-02 -4.237760758284202234e-02 7.435070223527703859e-02 2.079310492633377472e-01 4.315889330463602569e-01 1.930142155680706351e-01 4.653360136229756777e-02 -4.810365472495303774e-02 -5.299420479684708446e-02
5.564182864402079237e-02 -1.432323168831422036e-03 -5.673276807678512279e-02 -5.059570725427510463e-02 5.433656927729095532e-02 1.930142155680706351e-01 4.247266470536013028e-01 2.018684011072631457e-01 6.730157079753400218e-02 -5.054690559535326977e-02
3.757767337624878801e-02 4.882371461614423702e-02 3.879103123587776362e-03 -5.121344712524467102e-02 -4.501287883753440910e-02 4.653360136229756777e-02 2.018684011072631457e-01 4.343307529906171305e-01 2.091223975205264152e-01 7.251996374998628814e-02
-8.037470719187692070e-02 3.928642933343901023e-02 6.011871108339756492e-02 1.445364001575326351e-02 -5.087861468638800455e-02 -4.810365472495303774e-02 6.730157079753400218e-02 2.091223975205264152e-01 3.793279052462457113e-01 2.168994936225880632e-01
-2.132796435121116774e-01 -7.331406160893097490e-02 4.369541201919436429e-02 6.361447984226634156e-02 1.059136972431279008e-02 -5.299420479684708446e-02 -5.054690559535326977e-02 7.251996374998628814e-02 2.168994936225880632e-01 3.567285369860868638e-01
3.666906837135623931e-01 2.169556106355797764e-01 8.455889199616178908e-02 -3.773881298607327517e-02 -5.390210624494463920e-02 -1.124495484934290735e-03 5.843717850063756547e-02 4.233813185943899327e-02 -7.810869427578048807e-02 -2.126048739187368086e-01
2.169556106355797764e-01 3.664380673217734752e-01 2.169406363223519429e-01 7.521431416648283186e-02 -4.519534434669417178e-02 -6.001838332572548285e-02 6.169943105118480542e-03 5.820863294687204231e-02 3.943727801686348899e-02 -7.857434700490266433e-02
8.455889199616178908e-02 2.169406363223519429e-01 3.955257911175978913e-01 2.047389067239238081e-01 5.637656879751245381e-02 -5.091519725392189277e-02 -5.352562176410308181e-02 9.769889737991345469e-03 5.802603434985347669e-02 3.536101480977791450e-02
-3.773881298607327517e-02 7.521431416648283186e-02 2.047389067239238081e-01 4.237354163352729519e-01 2.012790906333317142e-01 6.147250161231321980e-02 -4.849779872011149295e-02 -5.181058915069899906e-02 9.944709767170829828e-03 5.507329873126501352e-02
-5.390210624494463920e-02 -4.519534434669417178e-02 5.637656879751245381e-02 2.012790906333317142e-01 4.297602304023548370e-01 2.065048345790291284e-01 6.478849984359134895e-02 -4.494930445851658130e-02 -5.333177534865468639e-02 4.590107584491582259e-03
-1.124495484934290735e-03 -6.001838332572548285e-02 -5.091519725392189277e-02 6.147250161231321980e-02 2.065048345790291284e-01 4.007008786183311466e-01 2.090089268236086928e-01 6.954260028564264451e-02 -4.949374518234695569e-02 -5.591494047949180368e-02
5.843717850063756547e-02 6.169943105118480542e-03 -5.352562176410308181e-02 -4.849779872011149295e-02 6.478849984359134895e-02 2.090089268236086928e-01 3.907711127552058739e-01 2.142659513977478447e-01 7.493099856621364407e-02 -4.537195938779944870e-02
4.233813185943899327e-02 5.820863294687204231e-02 9.769889737991345469e-03 -5.181058915069899906e-02 -4.494930445851658130e-02 6.954260028564264451e-02 2.142659513977478447e-01 4.161804073651251268e-01 2.070918793614812681e-01 6.036870784533884121e-02
-7.810869427578048807e-02 3.943727801686348899e-02 5.802603434985347669e-02 9.944709767170829828e-03 -5.333177534865468639e-02 -4.949374518234695569e-02 7.493099856621364407e-02 2.070918793614812681e-01 3.943151622983989135e-01 2.069202064903484795e-01
-2.126048739187368086e-01 -7.857434700490266433e-02 3.536101480977791450e-02 5.507329873126501352e-02 4.590107584491582259e-03 -5.591494047949180368e-02 -4.537195938779944870e-02 6.036870784533884121e-02 2.069202064903484795e-01 4.158822500723802773e-01
4.060234334747503393e-01 2.086831895239595891e-01 7.159430700807217773e-02 -4.477096697120806768e-02 -5.164171058982502949e-02 7.088732189586713882e-03 5.646774782867446107e-02 4.182044459046942164e-02 -7.173937992887460813e-02 -2.083974696278292627e-01
2.086831895239595891e-01 4.036640284204326967e-01 2.119047263271174875e-01 6.709718370602456294e-02 -4.816624305175837978e-02 -5.843459418460814764e-02 3.759810482459426291e-03 5.814761599242254664e-02 4.857202934816486767e-02 -6.421206343338589639e-02
7.159430700807217773e-02 2.119047263271174875e-01 3.929270634546382368e-01 2.072428989565820723e-01 6.457080457251559991e-02 -5.036985067812692340e-02 -5.660215748283230208e-02 3.106345325159493129e-05 5.822313167178055221e-02 4.752602738325804876e-02
-4.477096697120806768e-02 6.709718370602456294e-02 2.072428989565820723e-01 4.226923747428812383e-01 2.058053923158651433e-01 6.413966831578896133e-02 -4.440664770654964566e-02 -5.624239047937237140e-02 -4.868109703999563311e-03 5.330987317239195555e-02
-5.164171058982502949e-02 -4.816624305175837978e-02 6.457080457251559991e-02 2.058053923158651433e-01 4.133293261307668387e-01 2.080171617999755362e-01 7.235702626601955845e-02 -3.974841466317928507e-02 -5.689342684153057134e-02 -7.815943127645462452e-03
7.088732189586713882e-03 -5.843459418460814764e-02 -5.036985067812692340e-02 6.413966831578896133e-02 2.080171617999755362e-01 3.979083634756801491e-01 2.120232663963765307e-01 7.760663647127019615e-02 -4.029833568078727835e-02 -5.842879402542343337e-02
5.646774782867446107e-02 3.759810482459426291e-03 -5.660215748283230208e-02 -4.440664770654964566e-02 7.235702626601955845e-02 2.120232663963765307e-01 3.738674904170359858e-01 2.172888924326221993e-01 8.501255044884381551e-02 -3.897080300342933845e-02
4.182044459046942164e-02 5.814761599242254664e-02 3.106345325159493129e-05 -5.624239047937237140e-02 -3.974841466317928507e-02 7.760663647127019615e-02 2.172888924326221993e-01 3.940467984345344954e-01 2.137439671284038223e-01 6.961577943132593593e-02
-7.173937992887460813e-02 4.857202934816486767e-02 5.822313167178055221e-02 -4.868109703999563311e-03 -5.689342684153057134e-02 -4.029833568078727835e-02 8.501255044884381551e-02 2.137439671284038223e-01 3.767300491380592420e-01 2.079901151675770943e-01
-2.083974696278292627e-01 -6.421206343338589639e-02 4.752602738325804876e-02 5.330987317239195555e-02 -7.815943127645462452e-03 -5.842879402542343337e-02 -3.897080300342933845e-02 6.961577943132593593e-02 2.079901151675770943e-01 4.188110723112231648e-01
4.399049090055187072e-01 2.113173879569210656e-01 4.646245078631335013e-02 -4.277327558861986068e-02 -5.216760816233616260e-02 6.154061799879697800e-03 4.769292700111048278e-02 2.700634802995028130e-02 -6.777088913774724499e-02 -2.055313796159432271e-01
2.113173879569210656e-01 4.171298066876947264e-01 1.873476688773674514e-01 5.461029902225401911e-02 -4.811028083469612304e-02 -4.946957932983891276e-02 5.746618801474878864e-03 5.027683883108645391e-02 3.696493723405514659e-02 -8.911113538844869786e-02
4.646245078631335013e-02 1.873476688773674514e-01 4.226636350749162219e-01 2.143207783597177452e-01 8.187238185017312042e-02 -4.744695006656590025e-02 -5.665673054141989740e-02 6.831088073622692061e-03 5.278773026123089601e-02 4.423419709536032668e-02
-4.277327558861986068e-02 5.461029902225401911e-02 2.143207783597177452e-01 4.166540159080675543e-01 2.105368602830243463e-01 6.191108946277153191e-02 -4.258353712643327127e-02 -4.215086240797771139e-02 4.927952075406706253e-03 5.642420222884542147e-02
-5.216760816233616260e-02 -4.811028083469612304e-02 8.187238185017312042e-02 2.105368602830243463e-01 3.565008599963191971e-01 2.145708753416357695e-01 8.496666287560951381e-02 -4.283340037899694558e-02 -6.018276054486709076e-02 -4.970290451043537193e-03
6.154061799879697800e-03 -4.946957932983891276e-02 -4.744695006656590025e-02 6.191108946277153191e-02 2.145708753416357695e-01 4.088691158939800618e-01 2.087373690065450205e-01 4.594093065747600901e-02 -4.827620928290998065e-02 -5.893735298720663429e-02
4.769292700111048278e-02 5.746618801474878864e-03 -5.665673054141989740e-02 -4.258353712643327127e-02 8.496666287560951381e-02 2.087373690065450205e-01 4.213661565522252572e-01 1.894298437653182121e-01 5.985360467280399777e-02 -4.102044662522660867e-02
