2.031383161908081048e-01 3.102542983557189382e-01 3.134453638561750521e-01 9.006395511491792349e-02 2.399436886124565668e-02 1.981775201740728146e-02 4.897618569840591664e-03 1.235045889692656289e-03 2.387691660154238945e-03 3.076558948403985277e-02
2.326560323573470188e-02 1.525682637722314966e-02 3.688085067171008313e-02 7.368198324131679244e-02 1.203301843445881286e-01 5.382106331240936736e-01 1.247917486656799635e-01 4.531274033478823599e-02 1.021487325438704200e-02 1.205455675047849631e-02
3.752063319834854360e-02 1.984605554363481558e-02 9.763812407401702836e-03 2.652583326681566805e-03 6.059946728181750224e-03 2.509028994441615118e-02 5.313087331598009833e-02 3.499142389744044346e-01 3.334033183490873742e-01 1.626182482118638251e-01
8.402403944837080751e-02 1.035417872473471702e-02 2.330164979350515114e-02 1.196290270291421876e-01 3.285443395086953267e-01 2.550429888450743421e-02 5.525004669129988423e-03 5.434030742028786790e-03 6.292698972116057832e-02 3.347564414787250753e-01
1.741959024772940599e-03 1.014353736443477554e-03 4.210499312903940965e-03 2.105927713060031306e-02 9.407085744829858306e-03 5.244858998142223894e-02 3.439792856599546700e-01 2.754887190002837105e-01 2.736144035910800243e-01 1.703582681770882123e-02
4.345830533674432949e-02 6.586433132114859895e-03 1.659885428085459708e-03 1.771716675180890366e-03 9.129919261749266587e-03 8.040263104794125038e-02 1.098209242375042805e-01 3.390585506260356818e-01 2.073360946932994164e-01 2.007755395613446958e-01
3.884263837548283110e-02 5.299537894020520112e-02 1.452991000699305757e-01 4.558477012387898153e-01 1.907634210395986463e-01 4.246455085432176979e-02 1.018289109042092543e-02 4.357760269955752649e-03 1.707981129932844427e-02 4.216674682196622226e-02
6.530096471763442711e-02 4.077532272234559579e-02 2.500753974179602268e-02 1.727815836235250743e-02 3.689857072897322066e-02 9.552143782191305221e-02 2.901919551645957829e-01 2.500241232994444562e-01 1.328840363593421503e-01 4.611789108160260775e-02
8.619827676576876166e-03 7.670123227187500281e-02 2.489604057517077473e-01 4.879706033894893880e-01 6.534223929069513104e-02 6.035247019912649835e-02 1.404316026519421626e-02 1.560343945096671556e-02 5.160782185701401348e-03 1.724583951866716369e-02
1.867154963706178228e-01 1.552506197268435084e-01 7.371324825080190213e-02 3.253169261763873971e-02 9.970781126527172161e-03 6.069794344509432150e-03 1.263527642663622545e-02 4.802095315793716845e-02 2.797340189654222709e-01 1.953581190130656564e-01
1.197883177394050712e-04 1.447878989576776741e-03 2.108861387525202621e-02 8.171751875697710193e-03 3.662607569753521808e-02 8.774227296504584217e-01 4.945693438900740369e-02 5.200086413857761894e-03 3.855925996871984764e-04 8.054819118811704353e-05
4.961043406019009783e-02 2.498065745119611436e-01 1.423619271868340475e-01 1.105007189597595474e-01 3.398656158218520129e-02 2.015474456780690371e-01 5.756822159771671915e-02 8.043802981772286975e-02 6.028531011038580634e-02 1.389477649517553183e-02
9.735719635237305436e-02 1.849624084705116522e-01 1.809500754141593892e-01 3.544991531785550709e-01 7.243324296569887688e-02 1.249927253254010800e-02 1.024246360814124596e-02 9.098215157260391983e-03 3.161567068240603295e-02 4.634230163835404565e-02
8.276611089227295381e-02 7.039630405683115766e-02 1.248392019765080796e-01 1.033012223720128908e-01 6.673157003783805608e-02 4.157403654123610348e-01 6.808606717295526134e-02 1.495319554023978245e-02 1.244374751423119041e-02 4.074221502474995038e-02
2.656312601790617248e-02 8.027074540749681852e-02 1.242030296722731186e-01 3.032351150482580637e-01 4.131831170357441185e-01 2.740942879429512230e-02 5.017370566239588367e-03 2.169351449326230221e-03 2.492608111078602369e-03 1.545610789738219998e-02
7.309331690588583355e-03 1.411767713506489538e-02 1.916846715312883753e-02 1.053320929586954724e-01 3.173401356947556096e-01 3.158987519022904977e-01 1.229446737765877706e-01 2.836147936166418665e-02 4.799511309642072454e-02 2.153227723080375008e-02
1.583625408577495411e-02 5.276735133761041585e-02 3.968295540598272275e-01 3.772511753871670703e-01 1.383773522585872717e-01 1.255744197339305271e-02 2.754502775238290048e-03 4.048632413000114827e-04 1.020676037278786486e-03 2.200828843822880652e-03
4.817878243863627473e-03 1.042654688698035296e-03 7.386511888707402275e-04 4.031303884074098620e-03 1.128014974792038681e-02 8.622928430731617577e-02 1.657473042470867519e-01 1.664836235306240142e-01 4.858925305754643320e-01 7.373661958608207501e-02
1.639056236632072117e-01 1.016988886092735633e-01 2.888440967892050640e-02 2.402132003381640679e-02 4.896595179579751184e-02 5.287813264413964570e-02 4.319747118606555997e-02 7.126492452860601345e-02 1.138699356253469741e-01 3.513133422348269641e-01
9.442899398463550087e-02 3.864360700767737189e-01 4.373233283992560838e-01 6.066063045548397009e-02 5.632258622950530799e-03 1.052462873439616526e-03 9.265434152095588420e-04 4.631112561732873270e-04 1.698268448072840289e-03 1.137833246800523147e-02
8.877167313899534664e-04 1.263996976588128984e-02 1.033816024851487991e-01 2.798437421859703567e-01 1.629099331947153340e-01 4.127500850190610748e-01 2.242481007959973988e-02 3.702094668534561869e-03 1.194045008994338176e-03 2.660008607046252080e-04
2.063562197470552584e-01 1.154614547971027361e-01 1.535417880761164588e-01 5.939155284816993036e-02 6.139253457839729394e-02 8.605401078233430867e-02 1.637287425490397685e-01 4.508900532989358612e-02 1.871645029464792317e-02 9.026824099724285733e-02
3.062712622430867060e-01 3.430055233583286234e-01 6.117657618253827950e-02 6.651480523783823151e-02 3.857113491927643273e-02 1.273751917352263785e-01 2.599014691713177200e-02 5.641443251214098460e-03 2.502771636258429178e-03 2.295114451910126169e-02
1.283043082731968321e-01 2.423121457488487673e-02 4.455823024138634569e-02 1.940934443550438315e-01 2.123756608064974183e-01 5.005504539756634036e-02 4.350623500461911486e-02 2.196660056302433481e-02 5.247223130419126358e-02 2.284370294795899092e-01
5.628479943794724438e-02 1.252910339586877156e-02 6.866827554058695451e-03 1.202673599737359407e-03 2.516969154588453127e-03 1.582747721186022810e-03 1.152532756516880079e-02 7.929644986279654750e-02 5.929826173225388741e-01 2.352124843861093384e-01
3.020212058074831507e-01 2.514937201600651040e-01 3.401969039826676505e-02 1.627291228531413739e-02 8.040123893162404861e-03 5.170779403752572521e-03 2.619727955791344848e-02 6.581114937087328975e-02 1.832564698779876045e-01 1.077166692451816676e-01
8.314192325601993394e-02 3.257819434554886096e-01 5.389197070973772430e-02 2.853880262633525650e-02 4.106582670620093425e-03 7.214724934341451047e-03 5.508167463469273301e-02 2.572684141991730122e-01 9.595756812150953163e-02 8.901639539208204555e-02
9.211565139766061949e-02 3.576137189068166744e-02 1.922180866335959082e-01 5.456583928688873986e-01 6.184297152826055688e-02 2.747910757431726997e-02 8.097993734803804119e-03 3.504833049312025984e-03 8.609352649733063162e-03 2.471223867274788960e-02
2.109551740762238559e-01 4.462619950881943631e-02 1.572118205785261527e-02 1.712696114319300217e-02 2.035628725006888295e-02 3.551109993241952090e-02 1.213209462375075542e-01 1.207498625841417067e-01 4.745459900170218015e-02 3.661776882080716167e-01
4.726923044762749299e-02 3.733610586764405520e-02 7.658890741979307304e-02 1.832016336380859825e-02 3.211836916154007376e-02 1.157440759789221535e-01 1.579105626662274942e-01 3.905238145091254331e-01 8.880918931331702182e-02 3.537958127199467007e-02
5.294255631277885749e-04 2.564814248227725814e-04 5.580376308312359323e-04 2.566085182944114786e-03 9.914432248256074484e-03 1.233167221714085715e-01 6.560474645926654969e-01 1.617640853844743709e-01 4.122683103745500982e-02 3.820434764014527147e-03
6.155838737950972833e-02 2.344224383632838582e-01 1.987889967193678664e-01 4.683379174399851519e-02 1.897268766968489978e-02 8.475496219661392272e-03 2.308274861326227098e-02 9.491940872541765328e-02 2.793193416339680435e-01 3.362670293184597675e-02
1.444359721710520850e-01 9.784771020667476504e-02 6.440023483932337534e-02 5.589881324577310184e-02 3.219836695240946983e-02 9.290339803250464989e-02 1.887228329216996681e-01 3.677471734317277335e-02 1.365582088647301351e-01 1.502597454226597962e-01
7.775585103704274470e-02 7.873006304597915395e-02 3.967795647029139644e-02 3.125041877327497386e-02 2.283018626398392592e-01 2.318453981501762406e-01 7.072243943507583452e-02 9.592656194057511132e-02 8.680873921610865462e-02 5.898070929163680420e-02
2.728426061468229857e-01 6.109673443788674052e-02 4.631763650288299450e-02 3.551178890574503005e-02 6.137685379665938634e-02 4.172616808726175436e-02 3.510284364436804250e-01 4.094100846439711894e-02 3.597472291657644733e-02 5.318404429808720746e-02
2.272602609295901188e-02 4.681203642581213686e-02 6.218294408841040094e-02 1.509518602124202691e-01 5.239319352962097387e-01 1.569393998073962126e-01 1.287936260558016424e-02 6.291757558457380418e-03 1.292675523129982115e-02 4.357922681454740911e-03
3.248134261323294414e-01 1.419420492200751394e-01 1.575711550944628170e-01 1.211155632221747047e-01 6.211937129378825029e-02 2.723926779649316413e-02 1.340902697898161550e-02 1.069477216167390686e-02 6.850749486972841640e-02 7.258787323029290695e-02
1.325226444424832100e-03 4.258043891091780426e-04 1.954313789349504816e-04 4.815870574827344559e-04 3.548675720739956699e-03 9.869792632127866172e-03 5.323827645473108022e-02 8.003002476423982658e-01 1.156514456306806937e-01 1.496351264937063538e-02
5.062586875052824120e-02 4.426869240590512733e-03 3.029378759343814278e-04 6.051746457139456814e-05 1.713167265007712421e-04 7.762458340503578099e-04 1.020707373871756335e-02 4.905462221635301795e-02 2.723093986915266496e-01 6.120651494612272536e-01
1.887151620873522562e-01 1.953721279209865158e-01 6.677371564501682899e-02 1.942185143917953272e-01 1.399866724972915200e-01 1.570116216846660084e-01 3.213428750694185404e-02 4.637710837407145979e-03 1.992212640243914458e-03 1.915797478829880593e-02
6.605753774443209663e-04 1.033569360184683535e-03 5.350205658463840115e-03 9.655504408410420236e-02 4.736197605498545515e-01 9.950189747915023919e-02 4.570864575712378641e-02 2.606962303175489049e-01 1.478395571449617196e-02 2.090115701629369650e-03
1.124451321405983912e-03 9.508650749243049982e-03 5.712509334626910545e-02 3.781905670526372054e-01 5.696405882188710496e-02 3.986150787036876059e-02 1.031149610321331067e-01 3.258405601980371435e-01 2.271502211213943453e-02 5.555127495879405228e-03
6.886643887040155843e-02 2.460451997549440578e-02 4.056993171794015529e-02 1.256087879370144655e-01 1.977266769177561945e-01 3.158322194237233038e-01 9.871343457055600790e-02 7.638180545778121278e-02 2.190482884818753875e-02 2.979135628114517459e-02
3.401930998358262959e-02 8.830968157439246513e-02 4.446502725460093480e-02 4.897408670516829182e-02 6.881386445738275903e-02 1.547955230267815119e-01 9.428546584179352263e-02 8.370628300008677025e-02 2.705334797360458010e-01 1.120972784201654665e-01
1.445986909327632436e-02 4.108648112027687982e-02 6.225540650633679118e-02 1.573059276328783174e-01 4.647646448190699275e-01 1.232471185735763697e-01 1.192268793714675312e-01 1.308699092187767636e-02 2.273184776314655930e-03 2.293497184925780228e-03
6.152987019685307590e-01 2.044914609601407030e-01 1.528651555025440853e-02 1.401481585515259752e-03 1.954202455953763613e-04 1.972049180766321640e-04 1.342427576840426757e-03 5.940022055660793346e-03 3.106635545981007579e-02 1.247804096795756962e-01
2.142414656525771371e-02 4.144888342064806386e-01 6.463656668661191262e-02 2.035934545139787832e-02 1.025678977705884141e-02 3.212219593742569185e-02 9.041373339367797524e-02 2.882697904344275752e-01 2.768758214870616075e-02 3.034101539895554811e-02
2.607656514733045286e-02 9.770419350052376647e-03 2.523954102323128224e-02 7.330316608641310183e-02 1.630833901105210315e-01 2.827884597852829418e-01 7.684421771123187139e-02 1.940514629469922148e-01 6.043900626303094770e-02 8.840377157591366997e-02
2.758962563839155707e-03 8.348727150797169688e-04 9.685662870460095978e-04 4.416774138413157719e-03 2.456341954016990486e-02 8.107230553226930925e-02 6.460257941814704363e-01 1.879159583007709855e-01 3.600159377030940494e-02 1.544175297063190080e-02
3.712469222537698732e-01 7.417616608806497369e-02 2.260915744550766673e-02 8.001702224966978499e-03 2.591980852241070055e-03 3.074133697706892421e-03 7.949349648299814525e-03 1.103659147150068583e-02 1.149023999619610548e-01 3.844115963559812665e-01
7.048823770782057518e-02 6.203475773923666087e-02 7.774688602464913112e-03 8.087637010016560449e-03 2.831065918538966733e-02 4.392637438541042993e-02 9.872655738134618331e-02 1.638855649751832788e-01 2.327678698121403711e-01 2.839976532009914068e-01
6.780673592577199371e-02 3.418733035757804961e-01 1.381673488822741103e-01 8.565138919235612547e-02 1.135822658098341320e-01 5.894273016109027874e-02 1.508763312166109816e-01 2.173060977292968349e-02 3.366583526310275992e-03 1.800270193704179775e-02
4.967840589250902905e-04 1.898121572792433719e-04 1.978358641520974466e-04 1.524058643979273346e-03 1.819521507219888298e-02 1.329824231206042096e-01 3.924687050962974988e-01 3.744666026328828390e-01 6.958955653401255326e-02 9.889006819668259146e-03
2.506240798209652398e-01 2.064729581167980832e-01 9.673273459936246321e-02 9.774166839130866979e-02 1.702131251583498955e-02 1.048705750749144398e-02 1.962402006632581880e-02 1.669159900313329226e-01 2.969010113535058837e-02 1.046900778152298067e-01
2.331686124732228887e-02 1.042779279821893640e-01 1.263045058757350791e-01 8.768168915220579673e-02 1.793028712215792575e-01 1.549994222740008754e-01 2.808171546680510167e-01 2.070695351055146932e-02 1.159197168574824938e-02 1.100064238261643998e-02
2.208517645198676896e-02 1.009094664679098877e-02 7.669533564846321705e-03 1.444083579665022231e-03 6.705393468694244036e-04 2.261928779008846868e-03 9.913399523698535748e-03 5.862879608668937481e-02 8.284437094700917159e-01 5.879188655035325062e-02
1.852127257302095542e-02 9.695922652052002544e-02 1.565330869781890177e-01 4.334937293596269892e-01 1.517770032793112900e-01 3.363683500003622484e-02 5.200242259099995684e-02 2.575853868884338260e-02 1.116545657146721972e-02 2.015242843798494693e-02
1.414125996548046271e-02 9.055334160728156778e-02 2.208915700904113821e-01 5.316594392337911090e-01 1.216611153233436854e-01 9.268381448074880166e-03 1.233790264915508167e-03 6.303234695485312577e-04 6.109335386823341180e-03 3.851443210329504215e-03
2.500700841343080419e-02 2.239422937228151278e-02 1.092023117036265527e-02 2.201700787148986194e-03 1.852101685507009758e-03 9.475779050449127661e-03 1.812106333984839224e-01 1.204297372126359178e-01 5.811337639737266247e-01 4.537481493597343707e-02
1.819105105561920430e-03 1.138823650505175946e-03 1.029976593008854330e-02 1.363526951932307885e-01 3.596564830464480389e-01 1.753794867063318830e-01 2.456859958671130939e-01 5.244202788117943714e-02 1.100394121017330210e-02 6.221675409367688481e-03
7.174762079980723239e-02 3.802102936101639519e-02 1.796134627063754041e-01 7.776644999012125026e-02 1.158133926863084799e-02 5.711017022659317655e-03 1.871382206413712765e-02 5.319657542684150253e-02 2.459686108057253517e-01 2.976800725546858151e-01
3.627824845535321252e-02 6.159578285058127031e-03 4.269922130650265560e-03 7.866782231111462548e-03 4.265551448033784443e-02 6.630830810684074095e-02 2.949757423002448142e-01 1.259854320378992476e-01 2.686207819939553376e-01 1.468796899785489440e-01
1.218531773769482851e-01 1.107006704517965873e-01 1.011843121829492514e-01 6.232095235047872654e-03 8.489631552148380056e-03 2.236638031331184343e-02 2.853200340252922546e-02 2.436628689426099670e-01 2.561137720694098285e-01 1.008650884732488900e-01
2.053173420430095056e-02 4.509031010537141448e-02 2.473945898399041998e-01 4.986815212489170146e-01 1.319456748848540362e-01 4.588077287353110878e-02 2.924515860119194979e-03 5.245829558280160195e-04 9.449486877100080062e-04 6.081349339464218670e-03
2.869219295314190399e-01 2.114967716191757940e-01 4.325389619604440294e-02 1.774780630214379748e-02 1.018320320947064123e-01 2.712397340739005833e-02 2.693287961723735829e-02 4.076207167282462629e-02 9.286311896885202088e-02 1.510655205902065035e-01
5.467891897060125732e-03 2.102264912146292915e-03 3.069892753378752892e-03 3.124483263769294375e-02 2.217157037082113369e-01 4.969575284551490113e-01 1.598433341802324159e-01 3.866971885213092708e-02 2.993326386165528000e-02 1.099556874234301415e-02
1.283720930940392968e-01 3.662053365961911305e-02 4.560895777494088782e-02 2.090208215247303658e-01 1.617504511802774769e-01 3.224791053671814678e-02 2.714216847307069497e-02 3.240111263925589402e-02 4.733648235956376682e-02 2.794994687577843084e-01
9.117144280868212658e-02 5.143323772996919591e-02 7.237550653983582105e-02 1.501434033077595487e-01 6.579098459960976142e-02 2.708950980173008283e-02 6.323202530329502524e-02 9.046355013539103540e-02 1.071188309242344233e-01 2.811815088494932779e-01
8.683465079861760194e-02 5.115573975971109133e-02 2.079062376151900038e-01 3.427810714384925683e-01 7.111420681985287928e-02 9.699698341170018973e-03 4.316788897978103556e-03 3.070013470799027103e-02 2.556836401916719528e-02 1.699231076018302422e-01
2.474108778708262180e-01 5.548618802792922022e-02 1.348263735621345327e-01 2.210756841916789450e-01 7.270685388952694006e-02 1.300895378729181526e-02 1.169436649114727333e-02 4.782866063744070986e-03 2.490861842767961437e-02 2.140992176880412712e-01
1.304075820845415319e-03 2.243600450619730874e-03 6.738967789484288928e-03 5.619143259430484094e-02 1.538734539551524783e-01 2.520409977980765937e-01 3.791540688904573297e-01 9.354623719574919893e-02 5.029497012307586334e-02 4.612195382234432831e-03
4.360308919890829582e-01 1.202332655562938779e-01 4.525240318356762992e-02 4.798108923269212706e-02 3.766651874406571482e-02 1.632683750988836446e-02 4.069818276810117583e-03 1.719244357689192048e-03 1.510138982183184368e-02 2.756185413280781704e-01
1.521100316215714607e-02 1.820775117787684985e-02 5.664551981757931509e-02 1.831989742405193133e-01 1.985631010602453839e-01 4.228608016768476419e-01 7.681281846475038200e-02 1.809264562030619972e-02 5.845577162004121294e-03 4.561807617713698956e-03
2.456799644795097382e-01 2.614561774261921490e-01 1.825186384687741969e-01 7.723291774428477086e-02 1.005722179341535932e-01 1.819602036640935103e-02 1.396156293133450285e-02 1.214542663312252399e-02 2.642825363318514198e-02 6.180882038303404935e-02
6.461297432225533710e-02 3.289350821209667819e-01 8.231628548574118631e-02 1.821023644858610346e-02 9.683607664863744247e-03 1.324295721363133622e-02 1.070173396604531119e-02 5.299258481037569246e-02 2.548162946125162032e-01 1.644882433550184098e-01
9.697715749802446675e-03 5.426540407926843876e-03 7.046085590375093105e-03 2.447430767974442117e-02 2.493139600983803120e-02 6.443387215443709126e-02 5.500912861252269526e-01 2.125680964790968019e-01 5.039213288312233141e-02 5.093856692043000067e-02
4.059706785751926363e-05 4.598272932755491371e-05 1.400878803696983951e-04 2.243846748550611114e-03 3.257027225566716533e-02 2.135694153784006288e-01 5.776624332994162447e-01 1.638661439384812291e-01 9.398974888331397201e-03 4.622458135979281950e-04
1.482263484785768283e-02 8.289408361895820448e-03 7.987150005673446240e-03 1.464649050239663283e-02 3.555526444154422788e-02 1.878457912984659584e-01 5.568977578972131859e-01 1.189229764073479467e-01 2.673349267934080689e-02 2.829903355826462671e-02
9.370199518407301698e-02 5.910126500790391368e-02 2.008240754530361827e-01 8.044061270998505153e-02 1.347260813561823312e-01 4.773013834140156508e-02 2.017519429873217141e-02 2.532708278100313792e-02 4.977374299287284920e-02 2.881998118748099191e-01
6.604668825422267686e-02 4.175066827229515498e-01 2.089551157444230201e-01 2.171699521055664439e-01 5.731309862935050903e-02 1.332030896187682070e-02 2.473944021102651800e-03 1.670470760926890579e-03 2.039814211163101798e-03 1.350392458841618258e-02
8.796785167213666545e-02 5.460438998524130144e-02 4.768628528945007689e-02 5.375884887685190155e-02 1.159105280784343273e-01 6.116338403118173894e-02 6.762009315608474846e-02 8.220801192255494660e-02 1.125718695283500215e-01 3.165087374597146397e-01
1.837188981433282575e-01 2.184298436419214451e-01 3.008086589490371193e-02 1.109443252652274683e-02 2.196755686598464777e-02 4.598373295389679948e-03 7.707199579260806503e-03 5.539100082841744155e-02 4.538434029114851720e-02 4.216274889331227405e-01
4.446840655078958260e-02 1.045144769543005468e-02 6.895077175537844133e-03 4.466790584634808270e-02 2.765245279702417958e-01 1.138961860323960823e-01 5.420248322705455146e-02 9.060752426200346932e-02 1.371921606582396924e-01 2.210942805819589574e-01
3.097877616549496210e-04 2.078209339856177187e-03 1.582671216270281969e-02 2.388692555009325758e-01 4.291072631203617371e-01 1.720051343301060021e-01 8.643797641911557528e-02 4.680581763894539615e-02 7.410215105731731040e-03 1.149628620592868956e-03
2.766499259051566004e-02 1.299847237993361770e-01 1.050298721976176686e-01 1.602120078364659417e-01 6.309127118790254507e-02 7.208679264656321639e-02 2.129951162463639691e-01 1.323995532601792702e-01 6.112871187627540170e-02 3.540695835878052145e-02
3.107180271400518112e-01 1.802586488148562038e-01 1.096657602167839807e-01 1.391645312645399708e-02 3.034821331817715278e-03 4.200931119562887131e-03 8.160143305736218544e-02 1.579939637206489444e-01 9.361393578974683272e-02 4.499602568271554581e-02
2.809835185576702770e-04 3.434800073809017931e-03 5.796736008998341905e-02 3.417348180482636666e-01 5.151992644173977176e-01 7.554494563817761021e-02 4.966623997142712889e-03 5.594142133757118961e-04 2.107979727367104703e-04 1.009920305558632033e-04
1.068810765260203022e-01 1.007134373139461359e-01 3.868432747131931304e-01 1.962599024144809357e-01 2.994805429184621559e-02 1.115763143661254765e-02 6.814261098980532380e-03 6.271724940988769766e-03 2.339310159498146635e-02 1.317175356689498922e-01
5.408128131516607567e-02 5.544341587582271580e-02 1.902966108814724971e-02 1.014137107688012351e-02 4.386295993142753924e-02 2.139990853133964810e-01 1.265490345124670457e-01 3.072272409502212476e-01 1.054522606465536222e-01 6.421368928991799674e-02
1.951999674259738806e-03 2.648716074234334136e-03 1.285721872363449619e-02 5.633306964322999655e-02 1.653311823906111200e-01 5.483325486978392060e-01 1.005481862521879488e-01 8.982990899145607000e-02 1.880988347919039516e-02 3.357286073356652908e-03
2.202959633487032443e-02 1.533432945762463750e-01 2.346873091057079530e-01 1.706455716279365320e-01 2.921493533169021162e-01 1.078383088913419940e-01 1.474385832942574047e-02 5.240813460838970265e-04 6.763945040773839757e-04 3.362231967407718850e-03
1.643874221234372379e-01 1.715659173021925193e-02 1.431209557070861789e-03 3.002357308652070468e-04 9.729923253041917303e-05 1.377586528765543375e-04 1.471425892389900420e-03 2.402304204356172507e-02 2.221622017992245512e-01 5.688328132378244195e-01
1.486295596144665554e-01 2.437721789108450166e-01 1.573552861398028191e-01 7.446457546974093178e-02 1.020052612491761101e-01 4.482952206169169701e-02 3.581457493406896980e-02 3.364695081099638302e-02 8.464306874059432384e-02 7.483902206861742235e-02
2.268205192047765273e-01 1.708169548346062661e-02 7.463216828742952683e-03 4.183029443362414057e-02 2.257401707246873279e-01 6.927658137401729310e-02 6.648704855060830199e-02 5.252994072506382561e-02 1.714415857887216232e-01 1.213289468862976256e-01
1.068367607971090760e-03 3.206668560743195992e-03 1.160626806357393376e-02 1.436367784160345329e-01 7.932499097929189558e-02 5.312032774005903679e-01 1.696404742441710023e-01 5.182849045768227192e-02 6.748512314974943610e-03 1.736171954966994049e-03
6.843032019276343303e-03 6.615528109666495016e-02 5.227928583125336370e-01 3.776737793588665348e-01 2.231550699549718006e-02 2.934907865225899661e-03 1.617589484850114165e-04 3.161456244035072141e-05 9.917945476640727814e-05 9.920813862438313153e-04
6.943880198161334061e-02 8.275485852207728477e-02 1.225298256077397008e-01 3.714792746894430425e-02 3.212070151793532807e-02 6.125992292424625035e-02 6.438894432487432540e-02 1.443687906457633563e-01 1.916983197920142934e-01 1.942919072147917814e-01
1.253279457730691613e-03 8.068932338700278775e-03 6.447650801026433287e-02 2.636033101087764674e-01 3.842880025160511082e-01 6.366488115560817174e-02 4.977271755524042413e-02 1.386432512692968300e-01 2.444536781193700631e-02 1.783749776394865337e-03
2.932224995199933081e-03 1.763258442239057627e-03 2.925538051144468098e-03 1.202417190138985008e-02 5.834512100868168710e-02 3.677060464416572194e-01 3.070026459054156498e-02 4.835089588463729882e-02 4.271275529884599464e-01 4.812492569604890497e-02
1.057451994148406182e-02 6.818062391717998050e-02 4.933617482451304465e-02 6.737709627800632373e-02 1.660785244642734026e-01 1.751673767541332971e-01 1.604071640576539282e-01 1.356142202261572116e-01 1.524829499124509546e-01 1.478134962414775350e-02
