4.264247218848791210e-01 2.447535662609463536e-01 5.040743733939703763e-02 -6.984193432646458588e-02 -5.877705436060733091e-02 1.996580294491468593e-02 7.643854518878970272e-02 9.099895135733884755e-02 -2.859856663244386005e-02 -2.814611194212484069e-01
2.447535662609463536e-01 3.777420870668780628e-01 2.755222803910973295e-01 9.300088761700228690e-02 -6.418264558430517019e-02 -7.763504601743356770e-02 -9.230400377149280489e-04 7.575781952080685999e-02 7.020022389436256227e-02 -7.776516615075489136e-02
5.040743733939703763e-02 2.755222803910973295e-01 4.812686591860541041e-01 2.764410149725381460e-01 5.388393783243000668e-02 -7.024127934832349873e-02 -7.277657098070641761e-02 -3.526638278788948172e-02 3.857846932577468219e-02 6.956672059200534608e-02
-6.984193432646458588e-02 9.300088761700228690e-02 2.764410149725381460e-01 3.633939569850902496e-01 2.387534616011093846e-01 8.979811841975059161e-02 -2.911121287268522706e-02 -8.274518374894312966e-02 -4.140329500936591745e-02 7.472352870541264236e-02
-5.877705436060733091e-02 -6.418264558430517019e-02 5.388393783243000668e-02 2.387534616011093846e-01 4.262229342171018898e-01 2.950203382953588971e-01 1.114490468450193839e-01 -1.353796307572355424e-02 -6.419393091117317485e-02 -1.757318769875787154e-02
1.996580294491468593e-02 -7.763504601743356770e-02 -7.024127934832349873e-02 8.979811841975059161e-02 2.950203382953588971e-01 4.125470444957341498e-01 2.148281553537490507e-01 1.046457549841601081e-01 -2.999663194258297885e-03 -7.087815922113765987e-02
7.643854518878970272e-02 -9.230400377149280489e-04 -7.277657098070641761e-02 -2.911121287268522706e-02 1.114490468450193839e-01 2.148281553537490507e-01 2.084455108170907289e-01 2.140427361886735880e-01 1.186175821152885557e-01 -4.122052217528675983e-02
9.099895135733884755e-02 7.575781952080685999e-02 -3.526638278788948172e-02 -8.274518374894312966e-02 -1.353796307572355424e-02 1.046457549841601081e-01 2.140427361886735880e-01 3.705119241730526758e-01 2.831452823646086747e-01 5.397115398966415706e-02
-2.859856663244386005e-02 7.020022389436256227e-02 3.857846932577468219e-02 -4.140329500936591745e-02 -6.419393091117317485e-02 -2.999663194258297885e-03 1.186175821152885557e-01 2.831452823646086747e-01 4.616130312923671930e-01 2.475351898978620790e-01
-2.814611194212484069e-01 -7.776516615075489136e-02 6.956672059200534608e-02 7.472352870541264236e-02 -1.757318769875787154e-02 -7.087815922113765987e-02 -4.122052217528675983e-02 5.397115398966415706e-02 2.475351898978620790e-01 4.718301298817477729e-01
5.255487534059256616e-01 2.702711752894160768e-01 -5.033071237798914660e-02 -1.091383829265960281e-01 -3.659845522022987883e-03 7.191885331976663465e-02 5.975433102533762864e-02 3.896887551151598239e-02 -6.647385351877233006e-02 -2.561686081907725843e-01
2.702711752894160768e-01 5.474875382270858459e-01 2.645859171000540799e-01 3.736228531529332819e-02 -6.850907067208975021e-02 -7.399452584654980791e-02 -7.557839876187982635e-03 6.007109206952573888e-02 6.539532615762719270e-02 -3.532006405215316197e-02
-5.033071237798914660e-02 2.645859171000540799e-01 4.832243895457935534e-01 2.730561209718811999e-01 5.686100087998231800e-02 -5.498232501143473366e-02 -5.527111163167733321e-02 -4.679316255223793519e-02 1.971977828338168648e-02 9.423883742403106611e-02
-1.091383829265960281e-01 3.736228531529332819e-02 2.730561209718811999e-01 3.970035100574333398e-01 2.318622504020192432e-01 1.098443609307687696e-01 -3.203550939345266389e-03 -7.480910750084653060e-02 -5.052269466647144047e-02 5.458759536460452977e-02
-3.659845522022987883e-03 -6.850907067208975021e-02 5.686100087998231800e-02 2.318622504020192432e-01 3.459162752291055076e-01 2.885346623516604758e-01 1.118592476645043354e-01 1.375961690584875594e-02 -5.200978361769224151e-02 -6.095986822027918417e-02
7.191885331976663465e-02 -7.399452584654980791e-02 -5.498232501143473366e-02 1.098443609307687696e-01 2.885346623516604758e-01 4.372025855869570155e-01 1.906547594441210802e-01 1.083342300448397605e-01 1.966020559288848488e-03 -9.280149835699480487e-02
5.975433102533762864e-02 -7.557839876187982635e-03 -5.527111163167733321e-02 -3.203550939345266389e-03 1.118592476645043354e-01 1.906547594441210802e-01 1.406963701268987288e-01 1.839440898459500096e-01 1.054464517131497997e-01 -9.785798038681695066e-03
3.896887551151598239e-02 6.007109206952573888e-02 -4.679316255223793519e-02 -7.480910750084653060e-02 1.375961690584875594e-02 1.083342300448397605e-01 1.839440898459500096e-01 4.369018001186042999e-01 3.039150165858996999e-01 1.188623118879530427e-01
-6.647385351877233006e-02 6.539532615762719270e-02 1.971977828338168648e-02 -5.052269466647144047e-02 -5.200978361769224151e-02 1.966020559288848488e-03 1.054464517131497997e-01 3.039150165858996999e-01 3.891857351326424852e-01 2.255940450815236420e-01
-2.561686081907725843e-01 -3.532006405215316197e-02 9.423883742403106611e-02 5.458759536460452977e-02 -6.095986822027918417e-02 -9.280149835699480487e-02 -9.785798038681695066e-03 1.188623118879530427e-01 2.255940450815236420e-01 2.968330425695609454e-01
5.917116074395263325e-01 3.060427854289293759e-01 5.304608616322716019e-02 -6.241464971981065812e-02 -8.978347485215583401e-02 -2.719269360130382313e-02 6.146607837465534879e-02 5.280027317750980026e-02 -4.553076665552945046e-02 -2.531203739265405206e-01
3.060427854289293759e-01 3.157158233317076124e-01 2.117787872301183927e-01 1.033270123085892611e-01 9.471672581484555375e-03 -4.832249314881824354e-02 -1.284573115336896595e-02 6.390899821161996619e-02 5.967641603640766457e-02 -9.302979911345002351e-02
5.304608616322716019e-02 2.117787872301183927e-01 3.807870600497280655e-01 2.861372113031227515e-01 1.599676328693360183e-01 -1.006123619127132288e-02 -8.416129659566738697e-02 -4.139031729845391201e-03 6.995336565550426544e-02 4.852930356470119833e-02
-6.241464971981065812e-02 1.033270123085892611e-01 2.861372113031227515e-01 3.568849990037123998e-01 2.412567009371904825e-01 7.479517609888766683e-02 -6.768964043506386918e-02 -5.421016421324703627e-02 1.504075083125836799e-02 7.091752294584452443e-02
-8.978347485215583401e-02 9.471672581484555375e-03 1.599676328693360183e-01 2.412567009371904825e-01 2.702984911951276104e-01 2.218065737851015740e-01 5.785620811294358429e-02 -6.314486336846283909e-02 -6.470871295570992943e-02 2.811314208983086566e-02
-2.719269360130382313e-02 -4.832249314881824354e-02 -1.006123619127132288e-02 7.479517609888766683e-02 2.218065737851015740e-01 4.980567185090464810e-01 3.045873108554234543e-01 2.357385876180163181e-02 -9.509849855368995852e-02 -4.952521271576930395e-02
6.146607837465534879e-02 -1.284573115336896595e-02 -8.416129659566738697e-02 -6.768964043506386918e-02 5.785620811294358429e-02 3.045873108554234543e-01 4.822056934048996046e-01 2.153321687772520310e-01 5.925541212340372510e-02 -3.149839235486993211e-02
5.280027317750980026e-02 6.390899821161996619e-02 -4.139031729845391201e-03 -5.421016421324703627e-02 -6.314486336846283909e-02 2.357385876180163181e-02 2.153321687772520310e-01 3.562016077635512534e-01 3.055502506508115390e-01 1.092485382618769568e-01
-4.553076665552945046e-02 5.967641603640766457e-02 6.995336565550426544e-02 1.504075083125836799e-02 -6.470871295570992943e-02 -9.509849855368995852e-02 5.925541212340372510e-02 3.055502506508115390e-01 5.122890905967327768e-01 2.271638545516687091e-01
-2.531203739265405206e-01 -9.302979911345002351e-02 4.852930356470119833e-02 7.091752294584452443e-02 2.811314208983086566e-02 -4.952521271576930395e-02 -3.149839235486993211e-02 1.092485382618769568e-01 2.271638545516687091e-01 2.358489087059798539e-01
4.951970698196508924e-01 2.582160060153748105e-01 7.174393123023682650e-02 -4.379497706329743556e-02 -6.370263649376428639e-02 2.288419998976427144e-02 7.522495308114869605e-02 3.917623776174057604e-02 -6.986575916487543225e-02 -2.748988578083189083e-01
2.582160060153748105e-01 4.150332975853248119e-01 2.694746943462101862e-01 1.089771830839289524e-01 -4.051586756739589124e-02 -6.379638782048460688e-02 1.023996095642572615e-02 6.929730192437102976e-02 8.147830565881147846e-02 -2.167028596135086443e-02
7.174393123023682650e-02 2.694746943462101862e-01 3.635140675032219604e-01 2.403075238270993286e-01 8.024856902730437280e-02 -7.443972196170040023e-02 -7.553242558002851159e-02 7.621518372932604805e-03 8.672367685037150886e-02 8.939609437969631145e-02
-4.379497706329743556e-02 1.089771830839289524e-01 2.403075238270993286e-01 3.193752539361090492e-01 2.663306028794868441e-01 4.859525499553388195e-02 -8.330885753554961859e-02 -7.193011581545759314e-02 -1.100599235931413664e-02 6.347530923519188739e-02
-6.370263649376428639e-02 -4.051586756739589124e-02 8.024856902730437280e-02 2.663306028794868441e-01 5.380516208697256886e-01 2.730147869021831708e-01 3.067384373265689620e-02 -6.632588179307229159e-02 -8.260154593658944333e-02 -2.066219671194106239e-02
2.288419998976427144e-02 -6.379638782048460688e-02 -7.443972196170040023e-02 4.859525499553388195e-02 2.730147869021831708e-01 4.210088371791323447e-01 2.609229182486282883e-01 1.034773104320001191e-01 -7.654463216655256474e-03 -6.050120045079342146e-02
7.522495308114869605e-02 1.023996095642572615e-02 -7.553242558002851159e-02 -8.330885753554961859e-02 3.067384373265689620e-02 2.609229182486282883e-01 4.203022032840231792e-01 2.500754908483354688e-01 1.302322489073921563e-01 -5.141457922267901257e-03
3.917623776174057604e-02 6.929730192437102976e-02 7.621518372932604805e-03 -7.193011581545759314e-02 -6.632588179307229159e-02 1.034773104320001191e-01 2.500754908483354688e-01 2.698843714041412878e-01 2.275573561363074537e-01 1.085278151033665650e-01
-6.986575916487543225e-02 8.147830565881147846e-02 8.672367685037150886e-02 -1.100599235931413664e-02 -8.260154593658944333e-02 -7.654463216655256474e-03 1.302322489073921563e-01 2.275573561363074537e-01 3.106936307718519696e-01 2.505364660747864680e-01
-2.748988578083189083e-01 -2.167028596135086443e-02 8.939609437969631145e-02 6.347530923519188739e-02 -2.066219671194106239e-02 -6.050120045079342146e-02 -5.141457922267901257e-03 1.085278151033665650e-01 2.505364660747864680e-01 4.469396476468241453e-01
3.888503851331842620e-01 1.730068712047541091e-01 7.786586351112012583e-02 -2.384924292418679620e-02 -6.316738267328389500e-02 -1.926306501900604262e-02 7.231410787220039771e-02 6.251910045773173552e-02 -8.748577768271342814e-02 -3.183238027119904001e-01
1.730068712047541091e-01 1.386760752248626105e-01 1.809867645120858404e-01 8.188216771852596665e-02 -5.878341469718639106e-02 -6.936355485921785746e-02 2.894706499649548487e-02 7.396198981027179986e-02 1.785878185123345591e-02 -1.065452846072149767e-01
7.786586351112012583e-02 1.809867645120858404e-01 4.611162830199841967e-01 3.048044239953011658e-01 5.166548249234373565e-03 -9.687215528961648503e-02 -2.842802706209936886e-02 5.471205728205381924e-02 6.664437842480434859e-02 1.280001217440398902e-02
-2.384924292418679620e-02 8.188216771852596665e-02 3.048044239953011658e-01 5.185619319281239425e-01 2.295834839487756462e-01 4.618938569154271145e-02 -4.448164169976259741e-02 -4.619389631563233789e-02 1.904042258489615450e-03 4.863890703630553008e-02
-6.316738267328389500e-02 -5.878341469718639106e-02 5.166548249234373565e-03 2.295834839487756462e-01 4.036939136678643347e-01 2.843729798320604463e-01 6.075271551153314104e-02 -8.444540573780266735e-02 -8.879035404877357041e-02 -4.729930653825315315e-03
-1.926306501900604262e-02 -6.936355485921785746e-02 -9.687215528961648503e-02 4.618938569154271145e-02 2.843729798320604463e-01 4.799049364040466892e-01 2.370311303349770249e-01 3.521581236637880835e-02 -5.499934510417839317e-02 -4.751865672549736991e-02
7.231410787220039771e-02 2.894706499649548487e-02 -2.842802706209936886e-02 -4.448164169976259741e-02 6.075271551153314104e-02 2.370311303349770249e-01 4.131061232094752622e-01 2.904886168154028336e-01 1.312167913617848236e-01 -2.665034895265444570e-02
6.251910045773173552e-02 7.396198981027179986e-02 5.471205728205381924e-02 -4.619389631563233789e-02 -8.444540573780266735e-02 3.521581236637880835e-02 2.904886168154028336e-01 4.384223777351717311e-01 2.456108173739683653e-01 6.004707068973143269e-02
-8.748577768271342814e-02 1.785878185123345591e-02 6.664437842480434859e-02 1.904042258489615450e-03 -8.879035404877357041e-02 -5.499934510417839317e-02 1.312167913617848236e-01 2.456108173739683653e-01 2.518308635354920000e-01 2.171762275700566125e-01
-3.183238027119904001e-01 -1.065452846072149767e-01 1.280001217440398902e-02 4.863890703630553008e-02 -4.729930653825315315e-03 -4.751865672549736991e-02 -2.665034895265444570e-02 6.004707068973143269e-02 2.171762275700566125e-01 5.058371101418004390e-01
4.414717850499543239e-01 2.812328026729676855e-01 3.702063882075642964e-02 -6.916839199038646302e-02 -9.286029434980375141e-02 -5.089727027838319290e-02 1.457290020270287159e-02 6.010532863645377810e-02 -1.723321730071138494e-02 -2.330170729270398255e-01
2.812328026729676855e-01 5.431145828694079469e-01 2.495216200334833545e-01 9.567752493506216649e-02 1.446211186479785804e-02 -2.739107812014256182e-02 -5.224598660307205877e-02 1.853942109435300495e-02 7.994355409884461305e-02 -1.782846410525683323e-02
3.702063882075642964e-02 2.495216200334833545e-01 3.002641207201251494e-01 2.229566509742610114e-01 1.614292236729127639e-01 7.094160963079465532e-02 -2.194107448245159048e-02 -5.065241404235325262e-02 1.920586286707862134e-02 6.431566723724492507e-02
-6.916839199038646302e-02 9.567752493506216649e-02 2.229566509742610114e-01 2.473901392038090064e-01 2.303712955491924175e-01 1.268986268712974652e-01 3.004629755034193481e-02 -6.908819974728643010e-02 -4.014736776708554417e-02 6.395174907382128460e-02
-9.286029434980375141e-02 1.446211186479785804e-02 1.614292236729127639e-01 2.303712955491924175e-01 3.100729143444239666e-01 1.923206217061090295e-01 1.053040547929634252e-01 -5.495982665041122123e-02 -7.515497699844028712e-02 3.574792065094067189e-02
-5.089727027838319290e-02 -2.739107812014256182e-02 7.094160963079465532e-02 1.268986268712974652e-01 1.923206217061090295e-01 1.762002002844952342e-01 2.131789691666465814e-01 5.992473229313628053e-02 -5.705436926828469368e-02 -2.579890251540949836e-02
1.457290020270287159e-02 -5.224598660307205877e-02 -2.194107448245159048e-02 3.004629755034193481e-02 1.053040547929634252e-01 2.131789691666465814e-01 5.642848022173984068e-01 3.026476579595109850e-01 5.227252223171240109e-03 -8.944096370346797664e-02
6.010532863645377810e-02 1.853942109435300495e-02 -5.065241404235325262e-02 -6.908819974728643010e-02 -5.495982665041122123e-02 5.992473229313628053e-02 3.026476579595109850e-01 4.254594029287878665e-01 2.289512190636300848e-01 1.866047464942373335e-02
-1.723321730071138494e-02 7.994355409884461305e-02 1.920586286707862134e-02 -4.014736776708554417e-02 -7.515497699844028712e-02 -5.705436926828469368e-02 5.227252223171240109e-03 2.289512190636300848e-01 5.137740094420126802e-01 2.810601646924498764e-01
-2.330170729270398255e-01 -1.782846410525683323e-02 6.431566723724492507e-02 6.395174907382128460e-02 3.574792065094067189e-02 -2.579890251540949836e-02 -8.944096370346797664e-02 1.866047464942373335e-02 2.810601646924498764e-01 4.779680429395909425e-01
3.895133872695633048e-01 2.102428262601457321e-01 1.008207606317429728e-01 -2.045449589069341101e-02 -8.244243335140656603e-02 -3.009041569887105361e-02 7.155674742849410519e-02 7.025294243903423830e-02 -8.988525160381692636e-02 -2.918740099998652360e-01
2.102428262601457321e-01 1.999629131233254808e-01 2.171380862479963814e-01 9.953387500611661498e-02 -5.385288198912577956e-02 -7.790273963917768163e-02 -2.712883682201621717e-03 7.005271137212040755e-02 2.753390534412522919e-02 -1.132987782073607841e-01
1.008207606317429728e-01 2.171380862479963814e-01 4.530440259513033308e-01 2.921680491126021906e-01 4.691049534379860414e-02 -8.129413908117547050e-02 -7.416089095306521717e-02 2.973193144976929436e-02 8.011966222267950799e-02 1.416270984317316572e-02
-2.045449589069341101e-02 9.953387500611661498e-02 2.921680491126021906e-01 4.412604676129019410e-01 2.443014959014699061e-01 6.793276682006252343e-02 -4.689193954006482673e-02 -4.840990030745224992e-02 2.277923327835193815e-02 6.179094347961591044e-02
-8.244243335140656603e-02 -5.385288198912577956e-02 4.691049534379860414e-02 2.443014959014699061e-01 4.253524849904992688e-01 2.752990163407279534e-01 1.019810098984402918e-01 -6.900510195369911892e-02 -8.645800798798837505e-02 1.768914995931591266e-02
-3.009041569887105361e-02 -7.790273963917768163e-02 -8.129413908117547050e-02 6.793276682006252343e-02 2.752990163407279534e-01 3.729468970370103387e-01 2.498313297018041057e-01 5.001726252128457090e-02 -8.020182276809641186e-02 -5.444680103258958681e-02
7.155674742849410519e-02 -2.712883682201621717e-03 -7.416089095306521717e-02 -4.689193954006482673e-02 1.019810098984402918e-01 2.498313297018041057e-01 4.052425880193867846e-01 2.761405292975752102e-01 7.102418340743919811e-02 -7.009986697477751938e-02
7.025294243903423830e-02 7.005271137212040755e-02 2.973193144976929436e-02 -4.840990030745224992e-02 -6.900510195369911892e-02 5.001726252128457090e-02 2.761405292975752102e-01 4.929631632465686919e-01 2.717819175788455111e-01 4.478792577995535651e-02
-8.988525160381692636e-02 2.753390534412522919e-02 8.011966222267950799e-02 2.277923327835193815e-02 -8.645800798798837505e-02 -8.020182276809641186e-02 7.102418340743919811e-02 2.717819175788455111e-01 3.809424718282575784e-01 2.439195042098455668e-01
-2.918740099998652360e-01 -1.132987782073607841e-01 1.416270984317316572e-02 6.179094347961591044e-02 1.768914995931591266e-02 -5.444680103258958681e-02 -7.009986697477751938e-02 4.478792577995535651e-02 2.439195042098455668e-01 4.387716009211816148e-01
4.825048887690790989e-01 2.348823473014460539e-01 2.635068353177697636e-02 -6.881804081111334015e-02 -6.524461584061963526e-02 -5.792657490008381628e-03 6.333754884620643177e-02 5.072333821818497679e-02 -7.543394355384286376e-02 -2.930357210016326097e-01
2.348823473014460539e-01 4.208321224070702971e-01 2.869321579368480091e-01 4.293036909098442433e-02 -7.989306696384124162e-02 -7.951953326513711007e-02 -2.809738579456439421e-03 6.805830803680398833e-02 6.561555532586613171e-02 -2.950513454613719680e-02
2.635068353177697636e-02 2.869321579368480091e-01 5.371838926356686805e-01 2.496745367825134176e-01 7.393386238342158912e-02 -2.479160341811710577e-02 -5.862691174303982788e-02 -1.665657033232322698e-02 5.236596353303495793e-02 8.853942320016119916e-02
-6.881804081111334015e-02 4.293036909098442433e-02 2.496745367825134176e-01 3.320352911002028007e-01 2.543363582669222467e-01 1.397364230585193545e-01 -1.035395928017348102e-02 -8.245710944247303109e-02 -5.826700640573055645e-02 2.795676507458901006e-02
-6.524461584061963526e-02 -7.989306696384124162e-02 7.393386238342158912e-02 2.543363582669222467e-01 3.583150964563846519e-01 2.601912457477767449e-01 9.759874485213908268e-02 -5.175692847604838193e-02 -9.727063815772660216e-02 -4.815362796594956779e-02
-5.792657490008381628e-03 -7.951953326513711007e-02 -2.479160341811710577e-02 1.397364230585193545e-01 2.601912457477767449e-01 3.209996837212603649e-01 2.390467740418471820e-01 8.258557899492810495e-02 -3.792624011362321496e-02 -7.053873811475105948e-02
6.333754884620643177e-02 -2.809738579456439421e-03 -5.862691174303982788e-02 -1.035395928017348102e-02 9.759874485213908268e-02 2.390467740418471820e-01 4.396731826375176455e-01 2.899551947454015455e-01 1.178205681595342752e-01 -2.461778870591581347e-02
5.072333821818497679e-02 6.805830803680398833e-02 -1.665657033232322698e-02 -8.245710944247303109e-02 -5.175692847604838193e-02 8.258557899492810495e-02 2.899551947454015455e-01 3.979128372809948022e-01 2.326665497651100312e-01 8.768122970270603167e-02
-7.543394355384286376e-02 6.561555532586613171e-02 5.236596353303495793e-02 -5.826700640573055645e-02 -9.727063815772660216e-02 -3.792624011362321496e-02 1.178205681595342752e-01 2.326665497651100312e-01 2.473091945642290901e-01 2.250230809515320063e-01
-2.930357210016326097e-01 -2.950513454613719680e-02 8.853942320016119916e-02 2.795676507458901006e-02 -4.815362796594956779e-02 -7.053873811475105948e-02 -2.461778870591581347e-02 8.768122970270603167e-02 2.250230809515320063e-01 4.632338104275922630e-01
4.053998067335770061e-01 2.494569654766440603e-01 1.139277002393876553e-01 -4.071145558607094234e-02 -1.099396342089849626e-01 -3.242399059463031002e-02 7.275383274435880121e-02 6.215442290170003492e-02 -8.918235281464545472e-02 -2.510709303927248781e-01
2.494569654766440603e-01 2.945969671514870325e-01 2.629837417924383858e-01 8.439610967445460021e-02 -5.044826434666437043e-02 -5.777776567362155613e-02 -1.449863686788558856e-02 5.081248079007343738e-02 3.682008565992534593e-02 -9.984380884938900969e-02
1.139277002393876553e-01 2.629837417924383858e-01 4.825988358655771693e-01 2.490411680608627942e-01 8.839775659313223177e-02 -2.995376577606750912e-02 -8.388370231603449467e-02 -1.203977421228129806e-03 8.847629635299505968e-02 2.868003034161248355e-02
-4.071145558607094234e-02 8.439610967445460021e-02 2.490411680608627942e-01 3.057136702122915661e-01 2.681843984519133861e-01 1.102911522360505436e-01 -2.983889096608052793e-02 -5.429773412408803179e-02 9.754633100994197781e-03 5.502117954053835358e-02
-1.099396342089849626e-01 -5.044826434666437043e-02 8.839775659313223177e-02 2.681843984519133861e-01 4.756325553909777071e-01 2.474433154645956645e-01 8.401817098561897845e-02 -5.652011148278358876e-02 -7.428873501591284900e-02 2.798481009884016060e-02
-3.242399059463031002e-02 -5.777776567362155613e-02 -2.995376577606750912e-02 1.102911522360505436e-01 2.474433154645956645e-01 2.486762418197581426e-01 2.326643182027294532e-01 7.036110976765251601e-02 -7.242087745099230756e-02 -4.894004488276829795e-02
7.275383274435880121e-02 -1.449863686788558856e-02 -8.388370231603449467e-02 -2.983889096608052793e-02 8.401817098561897845e-02 2.326643182027294532e-01 5.181643222700673679e-01 2.852426278299884932e-01 1.592339967259294442e-02 -8.814877220157546489e-02
6.215442290170003492e-02 5.081248079007343738e-02 -1.203977421228129806e-03 -5.429773412408803179e-02 -5.652011148278358876e-02 7.036110976765251601e-02 2.852426278299884932e-01 4.225019472507289264e-01 2.562948839292920056e-01 4.945672337853717487e-02
-8.918235281464545472e-02 3.682008565992534593e-02 8.847629635299505968e-02 9.754633100994197781e-03 -7.428873501591284900e-02 -7.242087745099230756e-02 1.592339967259294442e-02 2.562948839292920056e-01 5.210049575672741629e-01 2.652860200230452437e-01
-2.510709303927248781e-01 -9.984380884938900969e-02 2.868003034161248355e-02 5.502117954053835358e-02 2.798481009884016060e-02 -4.894004488276829795e-02 -8.814877220157546489e-02 4.945672337853717487e-02 2.652860200230452437e-01 3.257106957382656098e-01
5.942115550672679714e-01 2.613665723327732171e-01 4.712350498042836011e-02 -5.098947019890170268e-02 -6.687407296970088177e-02 -6.351833948855274171e-03 6.868492758756712668e-02 7.946273440252786535e-02 -3.126429085660755586e-02 -2.985235199045549459e-01
2.613665723327732171e-01 2.856250359242889503e-01 2.397874296253128812e-01 1.215364963860422892e-01 -2.796962344554754232e-02 -7.843848920861783147e-02 -2.277999334062588699e-02 6.608542640040353244e-02 7.108804523673063758e-02 -6.241849152959753205e-02
4.712350498042836011e-02 2.397874296253128812e-01 4.481369625835788795e-01 2.943582830909479697e-01 9.088900406780328622e-02 -6.437839969185117639e-02 -8.896817114647298519e-02 -1.549234575703137967e-02 6.439439460331590481e-02 7.795947171106866469e-02
-5.098947019890170268e-02 1.215364963860422892e-01 2.943582830909479697e-01 3.625266820578313398e-01 2.254835520701266582e-01 7.193204654575345580e-02 -4.302769001111900193e-02 -6.645389593299586006e-02 -1.193824765860471843e-02 7.024925946286664225e-02
-6.687407296970088177e-02 -2.796962344554754232e-02 9.088900406780328622e-02 2.254835520701266582e-01 3.656465290941510182e-01 2.891044915198283660e-01 1.170768028779765324e-01 -4.519796697122933221e-02 -8.598503093551504439e-02 -1.983863554197181495e-02
-6.351833948855274171e-03 -7.843848920861783147e-02 -6.437839969185117639e-02 7.193204654575345580e-02 2.891044915198283660e-01 4.656511569659788075e-01 2.588265043787107977e-01 6.987252413761323167e-02 -5.094159211447484015e-02 -7.212384929632389974e-02
6.868492758756712668e-02 -2.277999334062588699e-02 -8.896817114647298519e-02 -4.302769001111900193e-02 1.170768028779765324e-01 2.588265043787107977e-01 3.033451664293727590e-01 2.352866120538857353e-01 1.125570640423890767e-01 -2.855292636159660613e-02
7.946273440252786535e-02 6.608542640040353244e-02 -1.549234575703137967e-02 -6.645389593299586006e-02 -4.519796697122933221e-02 6.987252413761323167e-02 2.352866120538857353e-01 4.089054065662103277e-01 2.961713835135041384e-01 9.740393649680380295e-02
-3.126429085660755586e-02 7.108804523673063758e-02 6.439439460331590481e-02 -1.193824765860471843e-02 -8.598503093551504439e-02 -5.094159211447484015e-02 1.125570640423890767e-01 2.961713835135041384e-01 4.092725661633371814e-01 2.277134426830275671e-01
-2.985235199045549459e-01 -6.241849152959753205e-02 7.795947171106866469e-02 7.024925946286664225e-02 -1.983863554197181495e-02 -7.212384929632389974e-02 -2.855292636159660613e-02 9.740393649680380295e-02 2.277134426830275671e-01 3.566789391479792126e-01
4.077139438650601022e-01 2.682129793600311896e-01 8.873876590021315125e-02 -4.241663250173105526e-02 -8.123513968195802959e-02 -1.704338295994975438e-02 7.366021655895660381e-02 5.069724540752271885e-02 -9.774849695553014528e-02 -2.650864937341558814e-01
2.682129793600311896e-01 3.764620167063714717e-01 2.515115333228710726e-01 1.123201248156760201e-01 -2.192873718274668260e-02 -7.145556406274392036e-02 2.281519932021701218e-03 7.643776124943639505e-02 3.735560094692461780e-02 -1.114379777122770088e-01
8.873876590021315125e-02 2.515115333228710726e-01 3.653123190704683498e-01 2.693644618183364536e-01 1.198581910110075033e-01 -4.253204155635049999e-02 -7.440820716177563854e-02 1.256169462911868248e-02 7.912415926803009758e-02 4.181309639716947191e-02
-4.241663250173105526e-02 1.123201248156760201e-01 2.693644618183364536e-01 3.561560797675930035e-01 2.466856401006521371e-01 7.219789990820328629e-02 -7.489721038375671269e-02 -6.262359102847794845e-02 3.762537717949250571e-02 9.281155667902463158e-02
-8.123513968195802959e-02 -2.192873718274668260e-02 1.198581910110075033e-01 2.466856401006521371e-01 3.536649464758098160e-01 2.654164511027742313e-01 4.741056281304636272e-02 -8.197562873676361717e-02 -5.458766602022566139e-02 4.284306207115151643e-02
-1.704338295994975438e-02 -7.145556406274392036e-02 -4.253204155635049999e-02 7.219789990820328629e-02 2.654164511027742313e-01 5.229299503253928005e-01 2.735017720004802033e-01 2.358356669498302277e-02 -8.300887820747260282e-02 -5.927718049127182059e-02
7.366021655895660381e-02 2.281519932021701218e-03 -7.440820716177563854e-02 -7.489721038375671269e-02 4.741056281304636272e-02 2.735017720004802033e-01 4.275955097169121255e-01 2.549580083952973086e-01 6.490984200470778509e-02 -5.983495694801288511e-02
5.069724540752271885e-02 7.643776124943639505e-02 1.256169462911868248e-02 -6.262359102847794845e-02 -8.197562873676361717e-02 2.358356669498302277e-02 2.549580083952973086e-01 4.656277497153644696e-01 2.766054671359368111e-01 8.579833856398402792e-02
-9.774849695553014528e-02 3.735560094692461780e-02 7.912415926803009758e-02 3.762537717949250571e-02 -5.458766602022566139e-02 -8.300887820747260282e-02 6.490984200470778509e-02 2.766054671359368111e-01 3.881505882194689616e-01 2.452680335477390450e-01
-2.650864937341558814e-01 -1.114379777122770088e-01 4.181309639716947191e-02 9.281155667902463158e-02 4.284306207115151643e-02 -5.927718049127182059e-02 -5.983495694801288511e-02 8.579833856398402792e-02 2.452680335477390450e-01 3.363868961375558464e-01
3.961048676581192529e-01 2.634400858779520349e-01 6.663953364986192895e-02 -5.798254326974341955e-02 -9.588789736436768851e-02 -2.474193315651018743e-02 7.536325735180827989e-02 4.721014500056947699e-02 -1.065544302925056919e-01 -2.486526898438554678e-01
2.634400858779520349e-01 4.683827410518517365e-01 2.825707267315842319e-01 7.977645462250482211e-02 -3.901805332718964736e-02 -6.400624981247961254e-02 -2.101247926533543475e-02 5.322952144357639970e-02 5.163629987798216969e-02 -6.803581257479537903e-02
6.663953364986192895e-02 2.825707267315842319e-01 4.126585471127560689e-01 2.193301582357489732e-01 1.144921723931733165e-01 -6.302253162442352820e-03 -7.821119939356876993e-02 -1.524048552070707968e-02 8.335762314346108204e-02 7.158028664519482109e-02
-5.798254326974341955e-02 7.977645462250482211e-02 2.193301582357489732e-01 2.444671497789349390e-01 2.525263804231872022e-01 1.233379719137280978e-01 -2.726995593771248255e-02 -6.494411975643846202e-02 2.779892128568211586e-03 6.679443831293226108e-02
-9.588789736436768851e-02 -3.901805332718964736e-02 1.144921723931733165e-01 2.525263804231872022e-01 4.424452452562417371e-01 2.636431474333769120e-01 7.650282703510957738e-02 -6.984833088848890759e-02 -7.464546501965807490e-02 1.961052450761330279e-02
-2.474193315651018743e-02 -6.400624981247961254e-02 -6.302253162442352820e-03 1.233379719137280978e-01 2.636431474333769120e-01 3.146563589089246271e-01 2.449552101177181196e-01 5.475020242594543646e-02 -7.783659946750592917e-02 -6.162024044474848777e-02
7.536325735180827989e-02 -2.101247926533543475e-02 -7.821119939356876993e-02 -2.726995593771248255e-02 7.650282703510957738e-02 2.449552101177181196e-01 5.113184567186053187e-01 2.821978800355441908e-01 3.262445415952967137e-02 -8.265631421704230930e-02
4.721014500056947699e-02 5.322952144357639970e-02 -1.524048552070707968e-02 -6.494411975643846202e-02 -6.984833088848890759e-02 5.475020242594543646e-02 2.821978800355441908e-01 4.329796395702649736e-01 2.552825323644948852e-01 7.693019439764250955e-02
-1.065544302925056919e-01 5.163629987798216969e-02 8.335762314346108204e-02 2.779892128568211586e-03 -7.464546501965807490e-02 -7.783659946750592917e-02 3.262445415952967137e-02 2.552825323644948852e-01 4.403363415153214167e-01 2.682942060970614495e-01
-2.486526898438554678e-01 -6.803581257479537903e-02 7.158028664519482109e-02 6.679443831293226108e-02 1.961052450761330279e-02 -6.162024044474848777e-02 -8.265631421704230930e-02 7.693019439764250955e-02 2.682942060970614495e-01 3.366506524289797353e-01
4.987159142235023657e-01 2.736453188200916320e-01 9.685037682822361660e-02 9.969998570419021794e-03 -4.589219502627706754e-02 -4.729139531701566368e-02 2.380091514050750381e-02 7.519749432723056570e-02 -3.492959047851815213e-02 -2.752185711598239548e-01
2.736453188200916320e-01 3.153505204578422316e-01 1.750613673446736740e-01 1.351696487656391943e-01 2.632381940996681574e-02 -8.917940434036736308e-02 -5.913185526850638085e-02 6.877522826816770407e-02 7.581838366061607881e-02 -7.526237521902659489e-02
9.685037682822361660e-02 1.750613673446736740e-01 1.555147576802141107e-01 2.101177752658472953e-01 1.115507319207977022e-01 -3.040280958637855274e-02 -6.668168190614898183e-02 2.265047540113509540e-03 6.303451517232119827e-02 3.273117393960439658e-02
9.969998570419021794e-03 1.351696487656391943e-01 2.101177752658472953e-01 4.582156310955047829e-01 2.820207353139282391e-01 7.126790426778005505e-02 -6.475069694055198000e-02 -6.257594661820098381e-02 4.247077245188013439e-02 9.152496959057680737e-02
-4.589219502627706754e-02 2.632381940996681574e-02 1.115507319207977022e-01 2.820207353139282391e-01 3.650011072223505737e-01 2.446670146780421662e-01 7.360026316798481960e-02 -6.391710646444888344e-02 -4.720124696521409147e-02 3.651262535232983192e-02
-4.729139531701566368e-02 -8.917940434036736308e-02 -3.040280958637855274e-02 7.126790426778005505e-02 2.446670146780421662e-01 4.489445890126815830e-01 2.760298763086179719e-01 4.447270760700867964e-02 -9.355770116506133272e-02 -7.516978537878908628e-02
2.380091514050750381e-02 -5.913185526850638085e-02 -6.668168190614898183e-02 -6.475069694055198000e-02 7.360026316798481960e-02 2.760298763086179719e-01 4.130280219322529645e-01 2.562913549033725147e-01 3.408585229154289381e-02 -7.640821332592684367e-02
7.519749432723056570e-02 6.877522826816770407e-02 2.265047540113509540e-03 -6.257594661820098381e-02 -6.391710646444888344e-02 4.447270760700867964e-02 2.562913549033725147e-01 5.182802303030129565e-01 2.820249889264130894e-01 6.242084254612276228e-02
-3.492959047851815213e-02 7.581838366061607881e-02 6.303451517232119827e-02 4.247077245188013439e-02 -4.720124696521409147e-02 -9.355770116506133272e-02 3.408585229154289381e-02 2.820249889264130894e-01 3.952087737207006790e-01 2.429574494845745392e-01
-2.752185711598239548e-01 -7.526237521902659489e-02 3.273117393960439658e-02 9.152496959057680737e-02 3.651262535232983192e-02 -7.516978537878908628e-02 -7.640821332592684367e-02 6.242084254612276228e-02 2.429574494845745392e-01 4.317404543519387516e-01
3.445106889876312639e-01 2.214294860460440106e-01 1.189747512471997087e-01 -2.023490012328964423e-03 -7.608252164707533793e-02 -2.224864518715580913e-02 7.408611600407022379e-02 4.677859318992843435e-02 -1.201052056738484836e-01 -2.765105096030205378e-01
2.214294860460440106e-01 2.575711630634588967e-01 2.433527724372799850e-01 1.214753367907456250e-01 -5.034343272573513911e-02 -8.205244027953700892e-02 7.062832254906949506e-03 7.396601273296861401e-02 1.541436768849047470e-02 -1.148466260777208647e-01
1.189747512471997087e-01 2.433527724372799850e-01 3.910979963601000642e-01 2.721869960651982501e-01 5.444935508804336910e-02 -8.342868891764365635e-02 -6.406937409793143912e-02 4.752374988414823087e-02 8.547098357760413156e-02 9.490812937311427638e-03
-2.023490012328964423e-03 1.214753367907456250e-01 2.721869960651982501e-01 4.150557583791222305e-01 2.569307051449795654e-01 5.021385701881562330e-02 -6.808836834822604156e-02 -3.740660503173118268e-02 5.187129081272846137e-02 6.995162862671244763e-02
-7.608252164707533793e-02 -5.034343272573513911e-02 5.444935508804336910e-02 2.569307051449795654e-01 4.895023533777767555e-01 2.761779533684924348e-01 5.182123685567846527e-02 -8.258822716827571297e-02 -6.324774474363722976e-02 2.670889545843979640e-02
-2.224864518715580913e-02 -8.205244027953700892e-02 -8.342868891764365635e-02 5.021385701881562330e-02 2.761779533684924348e-01 4.040323769769320061e-01 2.458414934379136996e-01 3.851046692074548694e-02 -7.777560931344153217e-02 -6.173164489834659374e-02
7.408611600407022379e-02 7.062832254906949506e-03 -6.406937409793143912e-02 -6.808836834822604156e-02 5.182123685567846527e-02 2.458414934379136996e-01 4.655745618536807906e-01 2.854833660309049614e-01 6.097599871760758794e-02 -7.263720502117437805e-02
4.677859318992843435e-02 7.396601273296861401e-02 4.752374988414823087e-02 -3.740660503173118268e-02 -8.258822716827571297e-02 3.851046692074548694e-02 2.854833660309049614e-01 4.698607277733659604e-01 2.494158553971791981e-01 6.911030606405396681e-02
-1.201052056738484836e-01 1.541436768849047470e-02 8.547098357760413156e-02 5.187129081272846137e-02 -6.324774474363722976e-02 -7.777560931344153217e-02 6.097599871760758794e-02 2.494158553971791981e-01 3.481408983117937339e-01 2.610322063526254177e-01
-2.765105096030205378e-01 -1.148466260777208647e-01 9.490812937311427638e-03 6.995162862671244763e-02 2.670889545843979640e-02 -6.173164489834659374e-02 -7.263720502117437805e-02 6.911030606405396681e-02 2.610322063526254177e-01 4.146534749161386313e-01
5.006201478078187161e-01 2.697138852835556655e-01 2.157381166779461304e-02 -7.907349708260227872e-02 -7.281766542678919096e-02 3.454385002401827789e-03 6.773667253702282676e-02 6.602701717042949725e-02 1.425417727685741962e-03 -2.398442938315056838e-01
2.697138852835556655e-01 4.354794146763437679e-01 2.527617278877874463e-01 4.529632927470703119e-02 -5.900164475924127294e-02 -5.543309315073431665e-02 -5.976287063506486794e-03 5.416073869919252326e-02 8.813472581502347636e-02 -2.682114315607554700e-02
2.157381166779461304e-02 2.527617278877874463e-01 5.151205392936574201e-01 2.710995813552812828e-01 1.036628543267385100e-01 -3.084278913580666345e-02 -8.244804424244253638e-02 -4.864403215307099709e-02 1.423289892128341665e-02 6.421967577999340704e-02
-7.907349708260227872e-02 4.529632927470703119e-02 2.710995813552812828e-01 3.307154047879554692e-01 2.354347504671574776e-01 9.870837101831800298e-02 -1.602407847254946893e-02 -6.138198140234066291e-02 -6.092972615144569976e-02 3.248635244399265126e-02
-7.281766542678919096e-02 -5.900164475924127294e-02 1.036628543267385100e-01 2.354347504671574776e-01 3.154283739554620825e-01 2.490545399003826765e-01 1.381324920650763011e-01 1.455088478681750876e-02 -6.843433717560357121e-02 -2.885197563583833877e-02
3.454385002401827789e-03 -5.543309315073431665e-02 -3.084278913580666345e-02 9.870837101831800298e-02 2.490545399003826765e-01 3.633862560410089371e-01 2.771664000951236106e-01 1.210060697379266997e-01 -4.735968708290124590e-03 -5.649166016693060732e-02
6.773667253702282676e-02 -5.976287063506486794e-03 -8.244804424244253638e-02 -1.602407847254946893e-02 1.381324920650763011e-01 2.771664000951236106e-01 3.834695083829067208e-01 2.109552434664415110e-01 9.736865293162166868e-02 -3.385449857508621152e-02
6.602701717042949725e-02 5.416073869919252326e-02 -4.864403215307099709e-02 -6.138198140234066291e-02 1.455088478681750876e-02 1.210060697379266997e-01 2.109552434664415110e-01 1.914639846299598935e-01 2.080395779276696389e-01 7.721670048384046692e-02
1.425417727685741962e-03 8.813472581502347636e-02 1.423289892128341665e-02 -6.092972615144569976e-02 -6.843433717560357121e-02 -4.735968708290124590e-03 9.736865293162166868e-02 2.080395779276696389e-01 4.830154085381135332e-01 2.892574159761802655e-01
-2.398442938315056838e-01 -2.682114315607554700e-02 6.421967577999340704e-02 3.248635244399265126e-02 -2.885197563583833877e-02 -5.649166016693060732e-02 -3.385449857508621152e-02 7.721670048384046692e-02 2.892574159761802655e-01 4.813009618867712391e-01
2.656757003124111671e-01 2.827557091490084940e-01 1.080533697463894466e-01 -4.905087917224548733e-02 -6.764203846909601359e-02 1.312150684609691281e-02 6.855507843998009943e-02 2.718885778962273903e-02 -1.000027295027772767e-01 -2.045649448047247299e-01
2.827557091490084940e-01 5.780569765048946262e-01 2.849156900088348765e-01 4.755587893679608796e-02 -6.794750467702606600e-02 -6.895881938001921507e-02 3.822969920444965752e-03 7.314362883262895410e-02 5.705130255840449444e-02 -6.216212809803453587e-02
1.080533697463894466e-01 2.849156900088348765e-01 2.783908022619894784e-01 2.135866764314766075e-01 9.058495287789616879e-02 -4.032793400451383653e-02 -6.808069987612316853e-02 -3.234600505745829566e-05 7.195995792535318791e-02 4.444462079577488067e-02
-4.905087917224548733e-02 4.755587893679608796e-02 2.135866764314766075e-01 4.569764653805877264e-01 3.092687588733616932e-01 8.144599812725708543e-02 -7.352541183064961738e-02 -7.998487350527277995e-02 9.761154437800312680e-03 6.826204858279716348e-02
-6.764203846909601359e-02 -6.794750467702606600e-02 9.058495287789616879e-02 3.092687588733616932e-01 4.270329340704413501e-01 2.202464411325598670e-01 5.602021427111808505e-02 -4.462844743806988063e-02 -5.300290880250856790e-02 1.910246095411443062e-03
1.312150684609691281e-02 -6.895881938001921507e-02 -4.032793400451383653e-02 8.144599812725708543e-02 2.202464411325598670e-01 3.305042643633632204e-01 2.842544060579074161e-01 1.229546133447488171e-01 -5.365484455579640904e-02 -8.888655675114075227e-02
6.855507843998009943e-02 3.822969920444965752e-03 -6.808069987612316853e-02 -7.352541183064961738e-02 5.602021427111808505e-02 2.842544060579074161e-01 4.887027579485909712e-01 2.728409989934403312e-01 4.560286935341977682e-02 -7.028644259664140748e-02
