1.893038983794778085e-01 2.151344225080433770e-01 1.342062800735378258e-01 6.124093145758947171e-02 -9.347513296921751078e-03 -5.363094124707759591e-02 -5.991256397818753299e-02 -3.458543998628334226e-02 1.584346068903993293e-02 6.553946224512990915e-02 1.258984505147849597e-01 1.744898782101673707e-01
2.151344225080433770e-01 3.458578727385469564e-01 2.362857752535620914e-01 1.524873492544967513e-01 6.143100032518395565e-02 -7.796887747136257117e-03 -5.062874521776620368e-02 -6.196880400979262737e-02 -4.099553355282834627e-02 1.366295754328061829e-02 8.003736498348325290e-02 1.494613609917201658e-01
1.342062800735378258e-01 2.362857752535620914e-01 2.408036492206348245e-01 2.039696654751722016e-01 1.269348594901821281e-01 6.678381261607074793e-02 5.119670823747907336e-03 -4.231076860508516113e-02 -6.175827485019484697e-02 -3.499157467050049986e-02 7.166692736119186988e-03 6.982180785300361181e-02
6.124093145758947171e-02 1.524873492544967513e-01 2.039696654751722016e-01 2.467562169399558081e-01 1.960367034427851207e-01 1.474045334005109620e-01 7.740997788296087589e-02 3.379934785563137346e-03 -5.463705360134554767e-02 -6.208630690383978162e-02 -5.163963229629536106e-02 -5.983400355798587471e-03
-9.347513296921751078e-03 6.143100032518395565e-02 1.269348594901821281e-01 1.960367034427851207e-01 2.209931262877728730e-01 2.100407590262382274e-01 1.430558468330946909e-01 6.504865418021504864e-02 -1.150090053876801251e-02 -5.369879176421642891e-02 -7.441934555451037991e-02 -5.921698752498302104e-02
-5.363094124707759591e-02 -7.796887747136257117e-03 6.678381261607074793e-02 1.474045334005109620e-01 2.100407590262382274e-01 2.723738358644151036e-01 2.174158858800167571e-01 1.376025489677285552e-01 5.627361596038140540e-02 -1.904254553192941124e-02 -6.788767146795460228e-02 -8.078996557819057012e-02
-5.991256397818753299e-02 -5.062874521776620368e-02 5.119670823747907336e-03 7.740997788296087589e-02 1.430558468330946909e-01 2.174158858800167571e-01 2.490533778594102021e-01 2.057734771087980086e-01 1.432297842343406846e-01 5.349889654951387602e-02 -1.195071486911875383e-02 -5.456950065448060855e-02
-3.458543998628334226e-02 -6.196880400979262737e-02 -4.231076860508516113e-02 3.379934785563137346e-03 6.504865418021504864e-02 1.376025489677285552e-01 2.057734771087980086e-01 2.506654891916201278e-01 2.351177160148771872e-01 1.358074360418323745e-01 6.936344986182647887e-02 6.537740483028512371e-03
1.584346068903993293e-02 -4.099553355282834627e-02 -6.175827485019484697e-02 -5.463705360134554767e-02 -1.150090053876801251e-02 5.627361596038140540e-02 1.432297842343406846e-01 2.351177160148771872e-01 3.364594629906675904e-01 2.197469224618520400e-01 1.531296627471873395e-01 8.430197092256275226e-02
6.553946224512990915e-02 1.366295754328061829e-02 -3.499157467050049986e-02 -6.208630690383978162e-02 -5.369879176421642891e-02 -1.904254553192941124e-02 5.349889654951387602e-02 1.358074360418323745e-01 2.197469224618520400e-01 2.022109642978915378e-01 1.814769102605904849e-01 1.307048495796329091e-01
1.258984505147849597e-01 8.003736498348325290e-02 7.166692736119186988e-03 -5.163963229629536106e-02 -7.441934555451037991e-02 -6.788767146795460228e-02 -1.195071486911875383e-02 6.936344986182647887e-02 1.531296627471873395e-01 1.814769102605904849e-01 2.234194778908840107e-01 1.948007626818771820e-01
1.744898782101673707e-01 1.494613609917201658e-01 6.982180785300361181e-02 -5.983400355798587471e-03 -5.921698752498302104e-02 -8.078996557819057012e-02 -5.456950065448060855e-02 6.537740483028512371e-03 8.430197092256275226e-02 1.307048495796329091e-01 1.948007626818771820e-01 2.221026283387150801e-01
2.139767181468411050e-01 1.563712962554046348e-01 1.356107912792398063e-01 7.533047358010289130e-02 -5.828906387294123873e-03 -6.518792576646183223e-02 -7.453382982033213144e-02 -5.458500423088656628e-02 -1.870178777728489714e-02 5.115951737237846297e-02 1.540514230897536696e-01 2.077963665336502452e-01
1.563712962554046348e-01 1.727697141911177514e-01 2.077317385354081891e-01 1.478496882026916204e-01 5.332435502922257264e-02 -2.980313687724567284e-02 -6.384514725139413260e-02 -6.589574803791664603e-02 -5.846115410318922928e-02 -2.059361988200936536e-02 4.394010838500954363e-02 1.056160121754771558e-01
1.356107912792398063e-01 2.077317385354081891e-01 3.390472935288326717e-01 2.613543686442560965e-01 1.403431465639733977e-01 3.153467413941336145e-02 -3.477913886027880763e-02 -6.166924956538751001e-02 -7.748344832234160817e-02 -6.432054373330210739e-02 -2.651940015516321414e-02 4.953057370863872544e-02
7.533047358010289130e-02 1.478496882026916204e-01 2.613543686442560965e-01 3.117138174249128313e-01 2.142200575819337427e-01 1.239564461487460134e-01 4.816295309632070282e-02 -3.272563493393718711e-03 -3.902516127180120920e-02 -5.498939368689882701e-02 -5.359917908570240724e-02 -2.950966904515596716e-03
-5.828906387294123873e-03 5.332435502922257264e-02 1.403431465639733977e-01 2.142200575819337427e-01 2.368325629272202137e-01 2.149607711812636379e-01 1.435467809788813498e-01 8.162914094949579036e-02 4.010832295372385170e-02 -2.975581214664431342e-03 -4.159807849531802632e-02 -4.159359881268326342e-02
-6.518792576646183223e-02 -2.980313687724567284e-02 3.153467413941336145e-02 1.239564461487460134e-01 2.149607711812636379e-01 3.025929398731583841e-01 2.305920561942835512e-01 1.526798498700224493e-01 1.095540808482825534e-01 5.215950028215329826e-02 -1.133973115733715592e-02 -5.557096613939710439e-02
-7.453382982033213144e-02 -6.384514725139413260e-02 -3.477913886027880763e-02 4.816295309632070282e-02 1.435467809788813498e-01 2.305920561942835512e-01 2.329563830955575510e-01 1.711811089556248555e-01 1.354639095148079675e-01 8.212322386774056904e-02 2.345155053016680785e-02 -3.843239837867347408e-02
-5.458500423088656628e-02 -6.589574803791664603e-02 -6.166924956538751001e-02 -3.272563493393718711e-03 8.162914094949579036e-02 1.526798498700224493e-01 1.711811089556248555e-01 1.545043847790120994e-01 1.417862998127196739e-01 1.041143365098270157e-01 6.329090549042312719e-02 -7.893306332503887378e-04
-1.870178777728489714e-02 -5.846115410318922928e-02 -7.748344832234160817e-02 -3.902516127180120920e-02 4.010832295372385170e-02 1.095540808482825534e-01 1.354639095148079675e-01 1.417862998127196739e-01 1.590789893331495675e-01 1.446287387718099282e-01 1.292263626985730163e-01 5.857645437201594585e-02
5.115951737237846297e-02 -2.059361988200936536e-02 -6.432054373330210739e-02 -5.498939368689882701e-02 -2.975581214664431342e-03 5.215950028215329826e-02 8.212322386774056904e-02 1.041143365098270157e-01 1.446287387718099282e-01 1.796976357373019639e-01 2.230226646878681884e-01 1.434498163963733031e-01
1.540514230897536696e-01 4.394010838500954363e-02 -2.651940015516321414e-02 -5.359917908570240724e-02 -4.159807849531802632e-02 -1.133973115733715592e-02 2.345155053016680785e-02 6.329090549042312719e-02 1.292263626985730163e-01 2.230226646878681884e-01 4.049197909427274533e-01 2.723375203619472495e-01
2.077963665336502452e-01 1.056160121754771558e-01 4.953057370863872544e-02 -2.950966904515596716e-03 -4.159359881268326342e-02 -5.557096613939710439e-02 -3.843239837867347408e-02 -7.893306332503887378e-04 5.857645437201594585e-02 1.434498163963733031e-01 2.723375203619472495e-01 2.919097700201701562e-01
3.102627369033404969e-01 2.009926735124236696e-01 1.376623694647962637e-01 5.022873404340511688e-02 -2.579264046782900333e-02 -7.054082521349150370e-02 -6.507362507644406935e-02 -6.189339019323284591e-02 -5.719941780278309934e-03 7.301601593634998721e-02 1.626330878426382742e-01 2.299662082754401204e-01
2.009926735124236696e-01 1.833339215628279617e-01 1.790222277583033150e-01 1.204311781938386117e-01 4.899949786976651178e-02 -1.615094372315716009e-02 -4.664881001886111989e-02 -7.238359742686670262e-02 -4.437183789427014829e-02 5.556052676409808933e-03 7.728994516555350025e-02 1.352805847159024855e-01
1.376623694647962637e-01 1.790222277583033150e-01 2.620034926602424208e-01 2.361311589111606546e-01 1.567678990157972130e-01 6.725556984374324310e-02 -9.258467146868697151e-03 -6.480465878991294171e-02 -6.541027524944839633e-02 -4.407349482063338542e-02 9.462648183185659936e-03 6.938434109257335392e-02
5.022873404340511688e-02 1.204311781938386117e-01 2.361311589111606546e-01 3.197441151877168375e-01 2.499808267351033009e-01 1.554149823969551147e-01 5.486927002883911636e-02 -6.494114558400768816e-03 -4.087635547888236742e-02 -5.710543486020851212e-02 -4.702182200913461452e-02 -8.750473530301566480e-03
-2.579264046782900333e-02 4.899949786976651178e-02 1.567678990157972130e-01 2.499808267351033009e-01 2.904396392832702123e-01 2.166518408887085079e-01 1.116146081803072454e-01 6.821618841616859663e-02 1.388126421546878597e-02 -3.074183994617588761e-02 -6.101557418306541997e-02 -5.621933528456468654e-02
-7.054082521349150370e-02 -1.615094372315716009e-02 6.725556984374324310e-02 1.554149823969551147e-01 2.166518408887085079e-01 2.253646456944539689e-01 1.498199569375293361e-01 1.399508903901474643e-01 8.066802659438272738e-02 2.382880476519746993e-02 -3.766104390799991652e-02 -6.727990267036990102e-02
-6.507362507644406935e-02 -4.664881001886111989e-02 -9.258467146868697151e-03 5.486927002883911636e-02 1.116146081803072454e-01 1.498199569375293361e-01 1.427484552398422535e-01 1.852262712286998070e-01 1.272338533369820612e-01 7.656234489612522010e-02 1.310718679443999626e-02 -3.696243991843897736e-02
-6.189339019323284591e-02 -7.238359742686670262e-02 -6.480465878991294171e-02 -6.494114558400768816e-03 6.821618841616859663e-02 1.399508903901474643e-01 1.852262712286998070e-01 3.222839612543501042e-01 2.315752323229545995e-01 1.627485809630402902e-01 8.118403861786185893e-02 -2.230252299044029399e-03
-5.719941780278309934e-03 -4.437183789427014829e-02 -6.541027524944839633e-02 -4.087635547888236742e-02 1.388126421546878597e-02 8.066802659438272738e-02 1.272338533369820612e-01 2.315752323229545995e-01 2.280513138623614378e-01 1.949667197213963976e-01 1.308068958785953972e-01 5.438050470882313525e-02
7.301601593634998721e-02 5.556052676409808933e-03 -4.407349482063338542e-02 -5.710543486020851212e-02 -3.074183994617588761e-02 2.382880476519746993e-02 7.656234489612522010e-02 1.627485809630402902e-01 1.949667197213963976e-01 2.296386605918060431e-01 1.991364168458467643e-01 1.282108044935884039e-01
1.626330878426382742e-01 7.728994516555350025e-02 9.462648183185659936e-03 -4.702182200913461452e-02 -6.101557418306541997e-02 -3.766104390799991652e-02 1.310718679443999626e-02 8.118403861786185893e-02 1.308068958785953972e-01 1.991364168458467643e-01 2.493098791826418303e-01 2.053508656398395082e-01
2.299662082754401204e-01 1.352805847159024855e-01 6.938434109257335392e-02 -8.750473530301566480e-03 -5.621933528456468654e-02 -6.727990267036990102e-02 -3.696243991843897736e-02 -2.230252299044029399e-03 5.438050470882313525e-02 1.282108044935884039e-01 2.053508656398395082e-01 2.368191785771467106e-01
1.873361450601883915e-01 2.278610791218975695e-01 1.410347416174236868e-01 4.406711969243565924e-02 -2.237605929408989502e-02 -4.217288212460801322e-02 -3.906313278276160594e-02 -4.211861521455823043e-02 -1.632899840700510231e-03 5.298597653340939712e-02 1.210105923038311271e-01 1.684038539243190025e-01
2.278610791218975695e-01 4.130993868180207196e-01 2.664105305668486023e-01 1.306736575759184504e-01 6.036863365941299436e-02 5.113090138747731009e-03 -2.679909027544600045e-02 -6.249191784854758736e-02 -5.236315283292896500e-02 -6.119118380548255881e-03 5.943648803197505021e-02 1.387065576832641201e-01
1.410347416174236868e-01 2.664105305668486023e-01 2.715566174655661413e-01 1.696208326017893397e-01 1.338932848455008373e-01 7.124152965719361685e-02 1.863717733728620721e-02 -2.385511427469513140e-02 -4.788268850441984581e-02 -4.086719554090278983e-02 -1.516482445807444332e-02 5.500573767549139098e-02
4.406711969243565924e-02 1.306736575759184504e-01 1.696208326017893397e-01 1.543191387862607455e-01 1.833734360620988824e-01 1.195653592853550135e-01 5.979428012738778608e-02 3.034688696925968293e-02 -1.487114004850673479e-02 -4.404050860823256058e-02 -5.811102230124379209e-02 -2.207315898739404397e-02
-2.237605929408989502e-02 6.036863365941299436e-02 1.338932848455008373e-01 1.833734360620988824e-01 3.145066085229134001e-01 2.162530065794622258e-01 1.215120068990184071e-01 9.634233214027849990e-02 2.411466365215512650e-02 -4.560978142479092667e-02 -9.617770270476355687e-02 -8.321289485458002733e-02
-4.217288212460801322e-02 5.113090138747731009e-03 7.124152965719361685e-02 1.195653592853550135e-01 2.162530065794622258e-01 1.865437719740972444e-01 1.269502594121633687e-01 1.321512050634190971e-01 7.090978067758869907e-02 -3.076899191475794982e-03 -6.490365770651043698e-02 -7.465795687554008242e-02
-3.906313278276160594e-02 -2.679909027544600045e-02 1.863717733728620721e-02 5.979428012738778608e-02 1.215120068990184071e-01 1.269502594121633687e-01 1.221691805247617363e-01 1.749635469564317092e-01 1.236981792719746981e-01 5.374323933008004484e-02 -8.100296230711141049e-03 -4.077040486746856540e-02
-4.211861521455823043e-02 -6.249191784854758736e-02 -2.385511427469513140e-02 3.034688696925968293e-02 9.634233214027849990e-02 1.321512050634190971e-01 1.749635469564317092e-01 3.289080192032088346e-01 2.558418089645408955e-01 1.522619030966376186e-01 6.726574512354693836e-02 -6.331621856766469353e-03
-1.632899840700510231e-03 -5.236315283292896500e-02 -4.788268850441984581e-02 -1.487114004850673479e-02 2.411466365215512650e-02 7.090978067758869907e-02 1.236981792719746981e-01 2.558418089645408955e-01 3.022326780926806178e-01 2.145406318146581559e-01 1.438947517077864002e-01 6.453098979402530078e-02
5.298597653340939712e-02 -6.119118380548255881e-03 -4.086719554090278983e-02 -4.404050860823256058e-02 -4.560978142479092667e-02 -3.076899191475794982e-03 5.374323933008004484e-02 1.522619030966376186e-01 2.145406318146581559e-01 2.174861852949507013e-01 1.998611421961506984e-01 1.297035189035736225e-01
1.210105923038311271e-01 5.943648803197505021e-02 -1.516482445807444332e-02 -5.811102230124379209e-02 -9.617770270476355687e-02 -6.490365770651043698e-02 -8.100296230711141049e-03 6.726574512354693836e-02 1.438947517077864002e-01 1.998611421961506984e-01 2.728311505017455563e-01 2.138982828117317325e-01
1.684038539243190025e-01 1.387065576832641201e-01 5.500573767549139098e-02 -2.207315898739404397e-02 -8.321289485458002733e-02 -7.465795687554008242e-02 -4.077040486746856540e-02 -6.331621856766469353e-03 6.453098979402530078e-02 1.297035189035736225e-01 2.138982828117317325e-01 2.290111177556024002e-01
2.789083378885285347e-01 2.269117126229225345e-01 1.106872495053038974e-01 1.602050713012539290e-02 -4.095556120817240436e-02 -5.322225605982112973e-02 -6.673117815228225835e-02 -4.653013090514006994e-02 -3.274086404480181390e-03 6.577984133231823405e-02 1.347759282265201808e-01 2.500662090692576944e-01
2.269117126229225345e-01 2.931930076059293677e-01 2.238452665099442684e-01 1.391538499869739987e-01 5.706306192643508662e-02 -3.228023062613593133e-03 -4.579441562986915487e-02 -5.897657783972787282e-02 -4.623344270771007763e-02 -3.276181922500194695e-03 6.195434124973679679e-02 1.579533058473361895e-01
1.106872495053038974e-01 2.238452665099442684e-01 2.979804771297795418e-01 2.526318670222615914e-01 1.623653012897440795e-01 7.108772604350399593e-02 1.991939657664220861e-02 -2.454488160114332712e-02 -4.927226564194652630e-02 -5.433209325267109036e-02 -2.435292469240003810e-02 2.804579733590261900e-02
1.602050713012539290e-02 1.391538499869739987e-01 2.526318670222615914e-01 3.244114129506607269e-01 2.299508163058572030e-01 1.219990743312157205e-01 7.901781475166243240e-02 2.623152751934882537e-02 -2.032428645653752697e-02 -5.999930073460003205e-02 -6.669063491915586117e-02 -6.005884984008977301e-02
-4.095556120817240436e-02 5.706306192643508662e-02 1.623653012897440795e-01 2.299508163058572030e-01 2.159143984994101040e-01 1.354331173297247115e-01 1.171308189732489374e-01 7.527730900219423149e-02 2.824919106532627899e-02 -2.622640660958000525e-02 -6.161610272842293901e-02 -8.615553118322182014e-02
-5.322225605982112973e-02 -3.228023062613593133e-03 7.108772604350399593e-02 1.219990743312157205e-01 1.354331173297247115e-01 1.131893939746035638e-01 1.341848586272999799e-01 1.149090245467740135e-01 7.821118064872481512e-02 2.917398392943860302e-02 -2.291444138028413124e-02 -6.411677365597062694e-02
-6.673117815228225835e-02 -4.579441562986915487e-02 1.991939657664220861e-02 7.901781475166243240e-02 1.171308189732489374e-01 1.341848586272999799e-01 2.128685271632643206e-01 2.130361857261699465e-01 1.667898247096577524e-01 1.056859794554157739e-01 1.989135338931845298e-02 -4.867647218092674422e-02
-4.653013090514006994e-02 -5.897657783972787282e-02 -2.454488160114332712e-02 2.623152751934882537e-02 7.527730900219423149e-02 1.149090245467740135e-01 2.130361857261699465e-01 2.676522956388397434e-01 2.292792027208105377e-01 1.640793447307491992e-01 6.806595752419142276e-02 -3.114635859742060243e-03
-3.274086404480181390e-03 -4.623344270771007763e-02 -4.927226564194652630e-02 -2.032428645653752697e-02 2.824919106532627899e-02 7.821118064872481512e-02 1.667898247096577524e-01 2.292792027208105377e-01 2.654671009359044209e-01 2.150472730153104028e-01 1.155371308191084356e-01 5.652857747162233493e-02
6.577984133231823405e-02 -3.276181922500194695e-03 -5.433209325267109036e-02 -5.999930073460003205e-02 -2.622640660958000525e-02 2.917398392943860302e-02 1.056859794554157739e-01 1.640793447307491992e-01 2.150472730153104028e-01 2.324576418584870796e-01 1.594821936039614863e-01 1.310267968020897844e-01
1.347759282265201808e-01 6.195434124973679679e-02 -2.435292469240003810e-02 -6.669063491915586117e-02 -6.161610272842293901e-02 -2.291444138028413124e-02 1.989135338931845298e-02 6.806595752419142276e-02 1.155371308191084356e-01 1.594821936039614863e-01 1.631784826351569961e-01 1.970062412479000047e-01
2.500662090692576944e-01 1.579533058473361895e-01 2.804579733590261900e-02 -6.005884984008977301e-02 -8.615553118322182014e-02 -6.411677365597062694e-02 -4.867647218092674422e-02 -3.114635859742060243e-03 5.652857747162233493e-02 1.310267968020897844e-01 1.970062412479000047e-01 3.347789237194445100e-01
2.859106486007786385e-01 2.404889261180970794e-01 1.404277770679463189e-01 4.279203897551647762e-02 -1.995014378709937530e-02 -4.883949743684929540e-02 -5.892504740880284003e-02 -4.942714466054750483e-02 -8.725599738986709181e-03 5.352435622374833446e-02 1.284333355882393835e-01 2.352258886967068530e-01
2.404889261180970794e-01 3.411595980174756404e-01 2.554548318124227890e-01 1.368886736367944112e-01 7.057731850871129531e-02 9.947675761604164724e-03 -3.248002423928114668e-02 -6.078187011474397994e-02 -6.040071331795508064e-02 -4.382714320786064433e-02 2.033081346592439248e-02 1.241337420946644066e-01
1.404277770679463189e-01 2.554548318124227890e-01 3.010247286983049331e-01 1.924030705445454736e-01 1.402338813415954510e-01 7.564869969934914784e-02 2.552789193347167890e-02 -2.268203478316715635e-02 -5.654798816152743768e-02 -7.907758501140804697e-02 -5.242333725519657261e-02 1.697706309522977602e-02
4.279203897551647762e-02 1.368886736367944112e-01 1.924030705445454736e-01 1.710200924480953510e-01 1.684419718350542994e-01 1.193016744631995169e-01 7.977760952611072376e-02 3.801992548421309626e-02 -1.173530735663445325e-02 -5.505628858198063913e-02 -6.374394515577755382e-02 -4.218258472478431109e-02
-1.995014378709937530e-02 7.057731850871129531e-02 1.402338813415954510e-01 1.684419718350542994e-01 2.264502460016678820e-01 1.871484660771782216e-01 1.488232499804953424e-01 1.072941273329122702e-01 4.041012424442269602e-02 -2.220495068781619397e-02 -6.274526324862786386e-02 -7.592055742254014139e-02
-4.883949743684929540e-02 9.947675761604164724e-03 7.564869969934914784e-02 1.193016744631995169e-01 1.871484660771782216e-01 1.936791143020208106e-01 1.809212662060643018e-01 1.496197522351947473e-01 8.443676705143803030e-02 2.810037525668912517e-02 -2.833787781313894250e-02 -6.583546372848941841e-02
-5.892504740880284003e-02 -3.248002423928114668e-02 2.552789193347167890e-02 7.977760952611072376e-02 1.488232499804953424e-01 1.809212662060643018e-01 2.193499633803269178e-01 2.080486960828646370e-01 1.355706032514280013e-01 8.407796942626126480e-02 1.639665832219437333e-02 -4.127753424626291051e-02
-4.942714466054750483e-02 -6.078187011474397994e-02 -2.268203478316715635e-02 3.801992548421309626e-02 1.072941273329122702e-01 1.496197522351947473e-01 2.080486960828646370e-01 2.510779611680188372e-01 1.847602300006555565e-01 1.427701342571942034e-01 7.195283195815119215e-02 4.863463965697738083e-03
-8.725599738986709181e-03 -6.040071331795508064e-02 -5.654798816152743768e-02 -1.173530735663445325e-02 4.041012424442269602e-02 8.443676705143803030e-02 1.355706032514280013e-01 1.847602300006555565e-01 1.834809981174512494e-01 1.851912591011411480e-01 1.261178980328414023e-01 6.920536774134652958e-02
5.352435622374833446e-02 -4.382714320786064433e-02 -7.907758501140804697e-02 -5.505628858198063913e-02 -2.220495068781619397e-02 2.810037525668912517e-02 8.407796942626126480e-02 1.427701342571942034e-01 1.851912591011411480e-01 2.564564100526701140e-01 2.090023934038377773e-01 1.565483364307188874e-01
1.284333355882393835e-01 2.033081346592439248e-02 -5.242333725519657261e-02 -6.374394515577755382e-02 -6.274526324862786386e-02 -2.833787781313894250e-02 1.639665832219437333e-02 7.195283195815119215e-02 1.261178980328414023e-01 2.090023934038377773e-01 2.367459899429131542e-01 2.296531469203488274e-01
2.352258886967068530e-01 1.241337420946644066e-01 1.697706309522977602e-02 -4.218258472478431109e-02 -7.592055742254014139e-02 -6.583546372848941841e-02 -4.127753424626291051e-02 4.863463965697738083e-03 6.920536774134652958e-02 1.565483364307188874e-01 2.296531469203488274e-01 3.336442492702801355e-01
3.305441352811908651e-01 2.403476388908158123e-01 1.525638780858880050e-01 7.327529899311445438e-02 1.894270331423920624e-03 -4.612261918692771301e-02 -6.585546200864189625e-02 -3.651297536306241653e-02 -7.855242866543283436e-03 5.058454462937540114e-02 1.261884408914449585e-01 2.423865315664527897e-01
2.403476388908158123e-01 2.423182615451483224e-01 1.823070149291109165e-01 1.174670306915663182e-01 5.684602021124178506e-02 6.959872726149568837e-04 -4.528211571109067024e-02 -4.945348519961857703e-02 -5.786398947716048929e-02 -1.151153340528215767e-02 6.347983295825253280e-02 1.648210018648970654e-01
1.525638780858880050e-01 1.823070149291109165e-01 1.830156146202805700e-01 1.568059507128671815e-01 1.218788386243241373e-01 6.851684631890808674e-02 6.561904667545257266e-03 -3.789587531684778660e-02 -7.912729411939903312e-02 -5.506670741644562050e-02 4.868634795869208366e-03 8.719510300228372479e-02
7.327529899311445438e-02 1.174670306915663182e-01 1.568059507128671815e-01 1.920833187081116278e-01 2.019603470615351226e-01 1.523132850641856773e-01 8.370441759605430632e-02 -1.829952445806641960e-03 -6.810680515418163217e-02 -6.938896982673634084e-02 -3.631127959070566680e-02 1.570408775212699115e-02
1.894270331423920624e-03 5.684602021124178506e-02 1.218788386243241373e-01 2.019603470615351226e-01 2.915910299339067313e-01 2.489140683843017177e-01 1.718445753121075614e-01 5.219139218894487675e-02 -2.507513361726584553e-02 -5.362298756966056568e-02 -5.356024305575271538e-02 -3.944825566416534923e-02
-4.612261918692771301e-02 6.959872726149568837e-04 6.851684631890808674e-02 1.523132850641856773e-01 2.489140683843017177e-01 3.005889413257037956e-01 2.370767047332875133e-01 1.043335166886156240e-01 4.444569450248801040e-02 -5.111380329024332522e-03 -3.763505145557322074e-02 -5.931333726639216597e-02
-6.585546200864189625e-02 -4.528211571109067024e-02 6.561904667545257266e-03 8.370441759605430632e-02 1.718445753121075614e-01 2.370767047332875133e-01 2.649167621242178861e-01 1.522999525095188045e-01 1.327268546665895110e-01 7.276068484443037887e-02 1.074257557158906501e-02 -4.428614261790633777e-02
-3.651297536306241653e-02 -4.945348519961857703e-02 -3.789587531684778660e-02 -1.829952445806641960e-03 5.219139218894487675e-02 1.043335166886156240e-01 1.522999525095188045e-01 1.373626741536934648e-01 1.923920204339249207e-01 1.298437580079754294e-01 6.584302083639308190e-02 8.655732918037119597e-03
-7.855242866543283436e-03 -5.786398947716048929e-02 -7.912729411939903312e-02 -6.810680515418163217e-02 -2.507513361726584553e-02 4.444569450248801040e-02 1.327268546665895110e-01 1.923920204339249207e-01 3.866162527225948664e-01 2.563016037426174565e-01 1.533510126691303987e-01 7.490252638437508437e-02
5.058454462937540114e-02 -1.151153340528215767e-02 -5.506670741644562050e-02 -6.938896982673634084e-02 -5.362298756966056568e-02 -5.111380329024332522e-03 7.276068484443037887e-02 1.298437580079754294e-01 2.563016037426174565e-01 2.471651666310733797e-01 1.761249386251327320e-01 1.213980159560799632e-01
1.261884408914449585e-01 6.347983295825253280e-02 4.868634795869208366e-03 -3.631127959070566680e-02 -5.356024305575271538e-02 -3.763505145557322074e-02 1.074257557158906501e-02 6.584302083639308190e-02 1.533510126691303987e-01 1.761249386251327320e-01 1.713859497253850672e-01 1.702246587266724731e-01
2.423865315664527897e-01 1.648210018648970654e-01 8.719510300228372479e-02 1.570408775212699115e-02 -3.944825566416534923e-02 -5.931333726639216597e-02 -4.428614261790633777e-02 8.655732918037119597e-03 7.490252638437508437e-02 1.213980159560799632e-01 1.702246587266724731e-01 2.524118932286890660e-01
2.049619510811528378e-01 1.776701789073318882e-01 1.530014940395824641e-01 7.349817171601705224e-02 -3.824002730263126835e-03 -6.403216551170902437e-02 -5.619993155208782842e-02 -6.167636387929349706e-02 -2.705843897560179095e-02 5.392718774753575695e-02 1.398735455191198462e-01 1.783941723787918210e-01
1.776701789073318882e-01 2.066368845705618407e-01 2.222777937338217269e-01 1.387806400492551939e-01 5.612950177390741563e-02 -1.131014090342950806e-02 -3.582901411566528915e-02 -6.287135694794641905e-02 -5.963499929413502293e-02 -2.551759695587892205e-03 7.294296100187827592e-02 1.256073355281702997e-01
1.530014940395824641e-01 2.222777937338217269e-01 3.318744236938907521e-01 2.314158261949630091e-01 1.358439528324186241e-01 6.751895605124089150e-02 1.409294118960651397e-03 -4.587055408440209037e-02 -7.100578473892935061e-02 -4.157824018948362566e-02 1.925803456157272608e-02 8.379484412123561210e-02
7.349817171601705224e-02 1.387806400492551939e-01 2.314158261949630091e-01 2.408354859170293016e-01 1.874217246897503242e-01 1.476995374558005281e-01 6.014741699613394832e-02 1.700878290502654683e-02 -2.784863151960343189e-02 -4.470128086756560565e-02 -3.466498685352757680e-02 1.133656321020695690e-02
-3.824002730263126835e-03 5.612950177390741563e-02 1.358439528324186241e-01 1.874217246897503242e-01 2.112853699449295242e-01 2.244849888176398411e-01 1.117906455505535690e-01 7.657988399415371905e-02 2.708906558263742340e-02 -2.789486623922551520e-02 -6.328076620658001916e-02 -4.651528399607177122e-02
-6.403216551170902437e-02 -1.131014090342950806e-02 6.751895605124089150e-02 1.476995374558005281e-01 2.244849888176398411e-01 3.438736805250468542e-01 1.765307648373271587e-01 1.395446848963798059e-01 8.891115754044001673e-02 2.956063693615774285e-03 -7.289184331814359263e-02 -8.465302745543303031e-02
-5.619993155208782842e-02 -3.582901411566528915e-02 1.409294118960651397e-03 6.014741699613394832e-02 1.117906455505535690e-01 1.765307648373271587e-01 1.187946581686414455e-01 1.284611540461935153e-01 1.133648656812760863e-01 4.896861763163300185e-02 -1.756604251757008794e-02 -5.114546856762092197e-02
-6.167636387929349706e-02 -6.287135694794641905e-02 -4.587055408440209037e-02 1.700878290502654683e-02 7.657988399415371905e-02 1.395446848963798059e-01 1.284611540461935153e-01 1.959917528225586236e-01 2.202666049789381297e-01 1.372156118810823611e-01 4.962105387638481024e-02 -2.633354114874806098e-02
-2.705843897560179095e-02 -5.963499929413502293e-02 -7.100578473892935061e-02 -2.784863151960343189e-02 2.708906558263742340e-02 8.891115754044001673e-02 1.133648656812760863e-01 2.202666049789381297e-01 3.396869678218206179e-01 2.443958650891996931e-01 1.515353353099623823e-01 4.126022077657855169e-02
5.392718774753575695e-02 -2.551759695587892205e-03 -4.157824018948362566e-02 -4.470128086756560565e-02 -2.789486623922551520e-02 2.956063693615774285e-03 4.896861763163300185e-02 1.372156118810823611e-01 2.443958650891996931e-01 2.792975898921439271e-01 2.368183433027905016e-01 1.270644874110362088e-01
1.398735455191198462e-01 7.294296100187827592e-02 1.925803456157272608e-02 -3.466498685352757680e-02 -6.328076620658001916e-02 -7.289184331814359263e-02 -1.756604251757008794e-02 4.962105387638481024e-02 1.515353353099623823e-01 2.368183433027905016e-01 3.179579695910460524e-01 2.129786018081757937e-01
1.783941723787918210e-01 1.256073355281702997e-01 8.379484412123561210e-02 1.133656321020695690e-02 -4.651528399607177122e-02 -8.465302745543303031e-02 -5.114546856762092197e-02 -2.633354114874806098e-02 4.126022077657855169e-02 1.270644874110362088e-01 2.129786018081757937e-01 2.088032659711807071e-01
2.934539751953195719e-01 2.117916305660240972e-01 1.357508206132745920e-01 7.119908404450372985e-02 3.207104190482189601e-03 -5.040007556865389038e-02 -5.309802214571854306e-02 -2.854198848834103852e-02 2.286077760511726759e-02 8.300902547390523467e-02 1.566111234857657242e-01 2.346971099224198776e-01
2.117916305660240972e-01 2.208815437861566533e-01 1.880249481032857106e-01 1.455423039464237289e-01 6.338948669642945066e-02 2.714409810768034399e-03 -4.369279549444781557e-02 -6.126756912935258509e-02 -3.845711570084128089e-02 6.318458599222527387e-03 7.082302893151903866e-02 1.423292976301075430e-01
1.357508206132745920e-01 1.880249481032857106e-01 2.274978690786835234e-01 2.240079235353890086e-01 1.249443762334348784e-01 6.841461759396207098e-02 -1.249288360634092862e-02 -6.683691529415843047e-02 -7.376842400656288823e-02 -5.150930669585658539e-02 -4.557719086308568805e-03 6.154207278897331351e-02
7.119908404450372985e-02 1.455423039464237289e-01 2.240079235353890086e-01 3.089421250569415744e-01 1.926987427839249034e-01 1.469317214025513130e-01 4.520819962493710653e-02 -3.864514843296795038e-02 -7.722909280352702188e-02 -8.030182695840154539e-02 -5.827382336308915833e-02 -6.917518024454630265e-03
3.207104190482189601e-03 6.338948669642945066e-02 1.249443762334348784e-01 1.926987427839249034e-01 1.729200448731603723e-01 1.994606389428592030e-01 1.118667497262547661e-01 4.021556538519974189e-02 -1.992440970114228715e-02 -4.972485564938873559e-02 -5.738103764213044883e-02 -4.097853706191814660e-02
-5.040007556865389038e-02 2.714409810768034399e-03 6.841461759396207098e-02 1.469317214025513130e-01 1.994606389428592030e-01 3.565916613110076128e-01 2.400038880300272015e-01 1.580191128003092804e-01 6.120228817493211793e-02 -6.069029107335630925e-03 -4.860489678642036099e-02 -6.541829962849451952e-02
-5.309802214571854306e-02 -4.369279549444781557e-02 -1.249288360634092862e-02 4.520819962493710653e-02 1.118667497262547661e-01 2.400038880300272015e-01 2.578209386431695727e-01 2.283242751390702763e-01 1.351873634976828442e-01 6.714054487979026486e-02 1.385817750463230399e-02 -2.999651432722174466e-02
-2.854198848834103852e-02 -6.126756912935258509e-02 -6.683691529415843047e-02 -3.864514843296795038e-02 4.021556538519974189e-02 1.580191128003092804e-01 2.283242751390702763e-01 2.946107184077712549e-01 2.060396345777507077e-01 1.360636326945120489e-01 8.168933013352927541e-02 2.487924618721908468e-02
2.286077760511726759e-02 -3.845711570084128089e-02 -7.376842400656288823e-02 -7.722909280352702188e-02 -1.992440970114228715e-02 6.120228817493211793e-02 1.351873634976828442e-01 2.060396345777507077e-01 2.008259575495169313e-01 1.665433750673440683e-01 1.296156588460832537e-01 8.100443985385774592e-02
8.300902547390523467e-02 6.318458599222527387e-03 -5.150930669585658539e-02 -8.030182695840154539e-02 -4.972485564938873559e-02 -6.069029107335630925e-03 6.714054487979026486e-02 1.360636326945120489e-01 1.665433750673440683e-01 1.817496815744102656e-01 1.740521276014986574e-01 1.376651028585967884e-01
1.566111234857657242e-01 7.082302893151903866e-02 -4.557719086308568805e-03 -5.827382336308915833e-02 -5.738103764213044883e-02 -4.860489678642036099e-02 1.385817750463230399e-02 8.168933013352927541e-02 1.296156588460832537e-01 1.740521276014986574e-01 2.181832000748003542e-01 2.079746567436704385e-01
2.346971099224198776e-01 1.423292976301075430e-01 6.154207278897331351e-02 -6.917518024454630265e-03 -4.097853706191814660e-02 -6.541829962849451952e-02 -2.999651432722174466e-02 2.487924618721908468e-02 8.100443985385774592e-02 1.376651028585967884e-01 2.079746567436704385e-01 2.665222844490579002e-01
2.864102753850620298e-01 2.511306989969441794e-01 1.381681293816700851e-01 6.491014259627314598e-02 8.033601362045613564e-03 -2.788876841710724239e-02 -5.487988065200564286e-02 -4.626728689906715875e-02 -8.455881249681199488e-03 4.994434485809258473e-02 1.370754627833634665e-01 2.147911707656686708e-01
2.511306989969441794e-01 3.604229559344641620e-01 2.198248467410305884e-01 1.421285721959752446e-01 8.832841342993544287e-02 2.016312345444246090e-02 -3.520715897849081150e-02 -6.447141173294404504e-02 -6.222704182332759043e-02 -2.745627916178522421e-02 3.239858500201610314e-02 1.342623700201340253e-01
1.381681293816700851e-01 2.198248467410305884e-01 1.851011171745548523e-01 1.560398927043928907e-01 1.293720242749633598e-01 6.323598635632782239e-02 1.659609045063217131e-02 -3.091422801291577108e-02 -5.710626915263083969e-02 -5.426975962548592769e-02 -3.711253206307071201e-02 4.180720344981163350e-02
6.491014259627314598e-02 1.421285721959752446e-01 1.560398927043928907e-01 1.831754722367103516e-01 1.902266897878768237e-01 1.168279003677742539e-01 7.730426012801275282e-02 1.535574612205376117e-02 -3.698057337405570577e-02 -6.223758860628033490e-02 -7.551915721321322827e-02 -2.017297178146715969e-02
8.033601362045613564e-03 8.832841342993544287e-02 1.293720242749633598e-01 1.902266897878768237e-01 2.508584686684560694e-01 1.783288690255086240e-01 1.518074678282224643e-01 8.117919174944636385e-02 7.326154613619301724e-03 -4.841096667879492277e-02 -8.894637854698833612e-02 -5.985088354975943992e-02
-2.788876841710724239e-02 2.016312345444246090e-02 6.323598635632782239e-02 1.168279003677742539e-01 1.783288690255086240e-01 1.752617900988002742e-01 2.007106116179698252e-01 1.374998296481157456e-01 6.973635353746511500e-02 4.266812450040182239e-03 -4.660464553886417560e-02 -5.153332158084755754e-02
-5.487988065200564286e-02 -3.520715897849081150e-02 1.659609045063217131e-02 7.730426012801275282e-02 1.518074678282224643e-01 2.007106116179698252e-01 3.174111547948081369e-01 2.391197701303455769e-01 1.552018652351263017e-01 6.931428506590331384e-02 4.715619498715864499e-03 -3.756727861774589866e-02
-4.626728689906715875e-02 -6.447141173294404504e-02 -3.091422801291577108e-02 1.535574612205376117e-02 8.117919174944636385e-02 1.374998296481157456e-01 2.391197701303455769e-01 2.589393203393087761e-01 2.030934781668440325e-01 1.232051586782493130e-01 7.405261713689964553e-02 9.193531831649235167e-03
-8.455881249681199488e-03 -6.222704182332759043e-02 -5.710626915263083969e-02 -3.698057337405570577e-02 7.326154613619301724e-03 6.973635353746511500e-02 1.552018652351263017e-01 2.030934781668440325e-01 2.142577761747984089e-01 1.638214039408710243e-01 1.415751892068373152e-01 6.937755566280937036e-02
4.994434485809258473e-02 -2.745627916178522421e-02 -5.426975962548592769e-02 -6.223758860628033490e-02 -4.841096667879492277e-02 4.266812450040182239e-03 6.931428506590331384e-02 1.232051586782493130e-01 1.638214039408710243e-01 1.767733014013090631e-01 2.071449782037123044e-01 1.312346660872213133e-01
1.370754627833634665e-01 3.239858500201610314e-02 -3.711253206307071201e-02 -7.551915721321322827e-02 -8.894637854698833612e-02 -4.660464553886417560e-02 4.715619498715864499e-03 7.405261713689964553e-02 1.415751892068373152e-01 2.071449782037123044e-01 3.371999251281277976e-01 2.350391922143478807e-01
2.147911707656686708e-01 1.342623700201340253e-01 4.180720344981163350e-02 -2.017297178146715969e-02 -5.985088354975943992e-02 -5.153332158084755754e-02 -3.756727861774589866e-02 9.193531831649235167e-03 6.937755566280937036e-02 1.312346660872213133e-01 2.350391922143478807e-01 2.541884426636038530e-01
3.522359295342373242e-01 2.670592218918869110e-01 1.525707059416095968e-01 7.257295678121733484e-02 3.262366947541953111e-02 -7.779379089021295872e-03 -4.095958427547669034e-02 -5.343866484034238279e-02 -4.104110888536673107e-02 1.093944497536438951e-02 1.074410794364096255e-01 2.355857933826716877e-01
2.670592218918869110e-01 3.245454012348814588e-01 2.032623323008342919e-01 1.157972172417955498e-01 8.736108106080020530e-02 4.048272814337342679e-02 -6.279119854323832704e-03 -5.301388593280890321e-02 -7.974441426901912600e-02 -6.362878695608015223e-02 -6.451673948041140166e-03 1.320975066784866592e-01
1.525707059416095968e-01 2.032623323008342919e-01 1.593721127807674054e-01 1.108917570808775760e-01 1.083404014634248569e-01 7.393577997476505348e-02 3.764476552141494958e-02 -1.634265254580218041e-02 -6.138168298166355591e-02 -7.183219725688456958e-02 -5.306118140600595001e-02 4.404657775710690837e-02
7.257295678121733484e-02 1.157972172417955498e-01 1.108917570808775760e-01 1.032716655381761828e-01 1.303528295962869121e-01 1.095498928682787504e-01 8.422420257609997130e-02 3.019153947401673199e-02 -2.532225272162193924e-02 -5.676043103637236353e-02 -6.442842814207261348e-02 -9.474677712743285324e-03
3.262366947541953111e-02 8.736108106080020530e-02 1.083404014634248569e-01 1.303528295962869121e-01 2.022311311248289056e-01 1.915995287702439431e-01 1.679695965363753596e-01 9.673730486900483649e-02 1.610401429110193405e-02 -4.614789739054583895e-02 -7.993358998638647184e-02 -4.711616449221092684e-02
-7.779379089021295872e-03 4.048272814337342679e-02 7.393577997476505348e-02 1.095498928682787504e-01 1.915995287702439431e-01 2.238955347902515380e-01 2.280984180366304459e-01 1.505658864095940352e-01 7.003178679961345743e-02 -3.042852029378037733e-03 -5.339273590686467730e-02 -5.317146484925569516e-02
-4.095958427547669034e-02 -6.279119854323832704e-03 3.764476552141494958e-02 8.422420257609997130e-02 1.679695965363753596e-01 2.280984180366304459e-01 3.176232593666389326e-01 2.252767894578968089e-01 1.373232771609297354e-01 5.528819312506266792e-02 -8.046164925384541311e-03 -4.449743105199097104e-02
-5.343866484034238279e-02 -5.301388593280890321e-02 -1.634265254580218041e-02 3.019153947401673199e-02 9.673730486900483649e-02 1.505658864095940352e-01 2.252767894578968089e-01 2.244851864606972613e-01 1.819720538842509727e-01 1.182570675766425189e-01 6.771725402344676292e-02 -5.409159619664202518e-04
-4.104110888536673107e-02 -7.974441426901912600e-02 -6.138168298166355591e-02 -2.532225272162193924e-02 1.610401429110193405e-02 7.003178679961345743e-02 1.373232771609297354e-01 1.819720538842509727e-01 2.142733628343627406e-01 1.842227208860418575e-01 1.529109833289681031e-01 6.393509438114033938e-02
1.093944497536438951e-02 -6.362878695608015223e-02 -7.183219725688456958e-02 -5.676043103637236353e-02 -4.614789739054583895e-02 -3.042852029378037733e-03 5.528819312506266792e-02 1.182570675766425189e-01 1.842227208860418575e-01 2.182513014580143851e-01 2.327235019313088349e-01 1.363410591029845242e-01
1.074410794364096255e-01 -6.451673948041140166e-03 -5.306118140600595001e-02 -6.442842814207261348e-02 -7.993358998638647184e-02 -5.339273590686467730e-02 -8.046164925384541311e-03 6.771725402344676292e-02 1.529109833289681031e-01 2.327235019313088349e-01 3.636369536522768842e-01 2.469855942610041932e-01
