4.677632686016957586e-01 1.990168509721526036e-01 7.864887579888328595e-02 -7.846121442734456386e-02 -6.731495873799192564e-02 4.795155141830858420e-02 1.176166071352407749e-01 1.381652938651360962e-01 -3.316859242205111302e-02 -3.836872758446541187e-01
1.990168509721526036e-01 1.767976846713364969e-01 2.721127695430797244e-01 3.176778303386652846e-02 -9.546912134144987239e-02 -3.075808343951390300e-02 4.710612947772245540e-02 9.824723064634376113e-02 4.139933502166097401e-02 -7.007744018069317349e-02
7.864887579888328595e-02 2.721127695430797244e-01 7.166524525331097184e-01 2.971963579109756504e-01 -6.319934180180830641e-02 -1.112938431335849104e-01 -4.986642446250311861e-02 1.044063096128379498e-02 5.337047238468294041e-02 9.540938382318631117e-02
-7.846121442734456386e-02 3.176778303386652846e-02 2.971963579109756504e-01 3.894454826691209348e-01 3.297410719282064528e-01 1.018726335230107916e-01 -3.909057229519254106e-02 -1.107027196380911127e-01 -5.992711399974684494e-02 1.195591899030216954e-02
-6.731495873799192564e-02 -9.546912134144987239e-02 -6.319934180180830641e-02 3.297410719282064528e-01 5.586356340865763492e-01 3.109837133764531414e-01 9.424263192088153107e-02 -2.402375604044930044e-02 -5.791229116868419624e-02 -6.906324501005053906e-02
4.795155141830858420e-02 -3.075808343951390300e-02 -1.112938431335849104e-01 1.018726335230107916e-01 3.109837133764531414e-01 2.685079546340105039e-01 1.931113101515034569e-01 1.657291140597201839e-01 5.814475819414147151e-02 -3.137156139393292020e-02
1.176166071352407749e-01 4.710612947772245540e-02 -4.986642446250311861e-02 -3.909057229519254106e-02 9.424263192088153107e-02 1.931113101515034569e-01 2.424184003300456358e-01 2.967048128372068438e-01 1.539637578546575181e-01 3.620913062732131205e-02
1.381652938651360962e-01 9.824723064634376113e-02 1.044063096128379498e-02 -1.107027196380911127e-01 -2.402375604044930044e-02 1.657291140597201839e-01 2.967048128372068438e-01 4.227951491222285973e-01 2.487353627847744553e-01 1.304808777059150715e-01
-3.316859242205111302e-02 4.139933502166097401e-02 5.337047238468294041e-02 -5.992711399974684494e-02 -5.791229116868419624e-02 5.814475819414147151e-02 1.539637578546575181e-01 2.487353627847744553e-01 1.950796904233682016e-01 2.295980162898030863e-01
-3.836872758446541187e-01 -7.007744018069317349e-02 9.540938382318631117e-02 1.195591899030216954e-02 -6.906324501005053906e-02 -3.137156139393292020e-02 3.620913062732131205e-02 1.304808777059150715e-01 2.295980162898030863e-01 5.619042829285018081e-01
3.459067787782599268e-01 3.174661617840876526e-01 3.928982332566303276e-02 -1.158136459356568226e-01 -8.406398894555489054e-02 8.371854479079435599e-03 7.993962861505590767e-02 9.837984950321371214e-02 -1.005466375885432917e-01 -2.667567468938099040e-01
3.174661617840876526e-01 4.687214700522984723e-01 3.019787691873603852e-01 7.281859731662140844e-02 -3.791073100180974986e-02 -7.592847229003785170e-02 2.729502869636400014e-02 1.134770352094381374e-01 2.325980408795937787e-02 -1.528035374400699142e-01
3.928982332566303276e-02 3.019787691873603852e-01 4.699450964267901099e-01 3.374457656484073365e-01 1.212482025156908505e-01 -5.312495086777698633e-02 -7.438454486029009993e-02 -5.015094383017512647e-02 6.561407505033679810e-02 7.726545274946121367e-02
-1.158136459356568226e-01 7.281859731662140844e-02 3.374457656484073365e-01 3.519332248887628301e-01 2.066702634854160059e-01 9.235891850862779084e-02 -5.506881513805422790e-02 -1.247860263100596945e-01 1.513470363635151944e-02 1.343728328630832136e-01
-8.406398894555489054e-02 -3.791073100180974986e-02 1.212482025156908505e-01 2.066702634854160059e-01 2.267623624418799999e-01 3.047104494318173540e-01 7.371503221280950591e-02 -6.147383736297818563e-02 -4.897529894118593519e-02 4.241008182703874529e-02
8.371854479079435599e-03 -7.592847229003785170e-02 -5.312495086777698633e-02 9.235891850862779084e-02 3.047104494318173540e-01 6.672947696718374289e-01 2.926774041547665073e-01 8.298612941233464435e-02 -9.032192661509023945e-02 -8.237367605132825399e-02
7.993962861505590767e-02 2.729502869636400014e-02 -7.438454486029009993e-02 -5.506881513805422790e-02 7.371503221280950591e-02 2.926774041547665073e-01 2.135707178597542333e-01 2.214001673162888650e-01 8.423773529507330715e-02 -4.800605287603279536e-02
9.837984950321371214e-02 1.134770352094381374e-01 -5.015094383017512647e-02 -1.247860263100596945e-01 -6.147383736297818563e-02 8.298612941233464435e-02 2.214001673162888650e-01 4.648575568065277386e-01 3.683060385058113950e-01 6.519287568899832797e-02
-1.005466375885432917e-01 2.325980408795937787e-02 6.561407505033679810e-02 1.513470363635151944e-02 -4.897529894118593519e-02 -9.032192661509023945e-02 8.423773529507330715e-02 3.683060385058113950e-01 4.828317412360118022e-01 2.721524959175488645e-01
-2.667567468938099040e-01 -1.528035374400699142e-01 7.726545274946121367e-02 1.343728328630832136e-01 4.241008182703874529e-02 -8.237367605132825399e-02 -4.800605287603279536e-02 6.519287568899832797e-02 2.721524959175488645e-01 3.081762818378839253e-01
2.119829218999201847e-01 2.633914391205293692e-01 8.275494796884821924e-02 -7.494187239725319527e-02 -4.189413132223986092e-02 2.112172064802989024e-02 7.513858179329988007e-02 -3.534708131993656577e-02 -1.392914304064183373e-01 -2.326038112413258974e-01
2.633914391205293692e-01 6.127159413228471241e-01 3.512131176461843474e-01 -3.901573518174049349e-02 -1.390952593194531295e-01 -7.111212745220048259e-02 4.886732809364734489e-03 7.510132494436919104e-02 4.020484968755866362e-02 -7.366694741383822409e-02
8.275494796884821924e-02 3.512131176461843474e-01 3.681981103060493199e-01 2.732764305094664281e-01 5.464296216436549669e-02 -3.161655339165307665e-02 -6.785237046835901342e-02 3.735537408232549039e-02 8.771943284347005765e-02 6.860649309197701384e-02
-7.494187239725319527e-02 -3.901573518174049349e-02 2.732764305094664281e-01 6.356064372363955384e-01 3.544252581781372480e-01 1.024864739394810292e-01 -4.000231428351208596e-02 -6.484640888841589068e-02 -1.208717208064302370e-02 5.096289552719089622e-02
-4.189413132223986092e-02 -1.390952593194531295e-01 5.464296216436549669e-02 3.544252581781372480e-01 2.687051412712991860e-01 1.396374978938428046e-01 1.038693769925298216e-01 -3.525257981658240503e-02 -8.115458767429266362e-02 -6.014692543040829620e-02
2.112172064802989024e-02 -7.111212745220048259e-02 -3.161655339165307665e-02 1.024864739394810292e-01 1.396374978938428046e-01 1.512794646512774510e-01 2.659254406398377513e-01 7.815010043118759964e-02 -5.633940322624411690e-02 -9.925840561962728792e-02
7.513858179329988007e-02 4.886732809364734489e-03 -6.785237046835901342e-02 -4.000231428351208596e-02 1.038693769925298216e-01 2.659254406398377513e-01 6.602120317043869147e-01 3.363806426555855378e-01 2.996696830206548728e-02 -1.105023505350249818e-01
-3.534708131993656577e-02 7.510132494436919104e-02 3.735537408232549039e-02 -6.484640888841589068e-02 -3.525257981658240503e-02 7.815010043118759964e-02 3.363806426555855378e-01 3.326824353745453378e-01 2.335743802048336482e-01 1.706480904679494870e-01
-1.392914304064183373e-01 4.020484968755866362e-02 8.771943284347005765e-02 -1.208717208064302370e-02 -8.115458767429266362e-02 -5.633940322624411690e-02 2.996696830206548728e-02 2.335743802048336482e-01 3.185049850564871665e-01 3.424775361703902288e-01
-2.326038112413258974e-01 -7.366694741383822409e-02 6.860649309197701384e-02 5.096289552719089622e-02 -6.014692543040829620e-02 -9.925840561962728792e-02 -1.105023505350249818e-01 1.706480904679494870e-01 3.424775361703902288e-01 4.401125311767926096e-01
3.469980416005630230e-01 3.024335935211841520e-01 6.592650362530200203e-02 -7.613168173122523974e-02 -4.898318024149983518e-02 6.264122110436037838e-02 2.791541041680221588e-02 -3.566351162274715436e-02 -1.329073105535199528e-01 -3.067868389631969173e-01
3.024335935211841520e-01 6.007843148270113343e-01 3.177909431288797881e-01 3.512320458608289564e-02 -1.170924835746221249e-01 2.643959506917615936e-04 8.584238153923617887e-02 1.057141390651273188e-01 8.719814617479301755e-02 -1.485363532436616632e-02
6.592650362530200203e-02 3.177909431288797881e-01 3.113355492159112226e-01 2.682582920380627289e-01 7.047028154376816511e-02 -9.303485620415795354e-02 -3.073838136441275903e-02 3.410737014528528177e-02 8.263687099893807231e-02 1.002484219074485094e-01
-7.613168173122523974e-02 3.512320458608289564e-02 2.682582920380627289e-01 5.223542632545759012e-01 3.606384170239993470e-01 -7.249107110584533664e-02 -1.323739166741025874e-01 -8.296543552114400699e-02 -1.887521180937630841e-02 5.673886373260152854e-02
-4.898318024149983518e-02 -1.170924835746221249e-01 7.047028154376816511e-02 3.606384170239993470e-01 4.814630003443203243e-01 2.773128703580777232e-01 1.983828236230577441e-02 -6.082681498008064153e-02 -7.917539326089326202e-02 -6.410446305633107911e-02
6.264122110436037838e-02 2.643959506917615936e-04 -9.303485620415795354e-02 -7.249107110584533664e-02 2.773128703580777232e-01 6.548566742436722210e-01 3.254825357892208171e-01 1.329874487757624624e-01 3.074254001731367356e-02 -4.456998304428877455e-02
2.791541041680221588e-02 8.584238153923617887e-02 -3.073838136441275903e-02 -1.323739166741025874e-01 1.983828236230577441e-02 3.254825357892208171e-01 2.249263255534132422e-01 1.442301162144592475e-01 1.045274858517002414e-01 7.470621898275697781e-02
-3.566351162274715436e-02 1.057141390651273188e-01 3.410737014528528177e-02 -8.296543552114400699e-02 -6.082681498008064153e-02 1.329874487757624624e-01 1.442301162144592475e-01 1.394535904593585951e-01 1.530031435686037833e-01 1.753289971914625267e-01
-1.329073105535199528e-01 8.719814617479301755e-02 8.263687099893807231e-02 -1.887521180937630841e-02 -7.917539326089326202e-02 3.074254001731367356e-02 1.045274858517002414e-01 1.530031435686037833e-01 2.186977224341873083e-01 3.052578421256046393e-01
-3.067868389631969173e-01 -1.485363532436616632e-02 1.002484219074485094e-01 5.673886373260152854e-02 -6.410446305633107911e-02 -4.456998304428877455e-02 7.470621898275697781e-02 1.753289971914625267e-01 3.052578421256046393e-01 4.991305180669927677e-01
4.555317872776186716e-01 1.740065462732215962e-01 1.873465990254652713e-01 4.081969514018850970e-02 -1.197062828020089287e-01 -4.708387311357574434e-02 1.156526778760836455e-01 9.153311969557059724e-02 -1.248346573395058556e-01 -3.401212916076555848e-01
1.740065462732215962e-01 9.379843070153370821e-02 1.665063106892522016e-01 9.758901474214465299e-02 -1.828967083433320762e-02 -5.691957669542797166e-02 5.166674421962575564e-03 5.706384103389111617e-02 1.447567948688631770e-02 -9.386379476404871358e-02
1.873465990254652713e-01 1.665063106892522016e-01 4.196600196088308699e-01 3.320159204897896732e-01 1.022485065062547355e-01 -1.239497215742421110e-01 -1.001002045845958005e-01 7.732081826542436254e-02 1.286449088497622351e-01 -2.645367169549683872e-02
4.081969514018850970e-02 9.758901474214465299e-02 3.320159204897896732e-01 3.688644671048899593e-01 2.943171500155550846e-01 2.220914697384139894e-02 -1.028386706924359212e-01 -1.794375289601037038e-02 7.270401119917804800e-02 4.008089204486941365e-02
-1.197062828020089287e-01 -1.828967083433320762e-02 1.022485065062547355e-01 2.943171500155550846e-01 5.295273265608376745e-01 3.268827218313975491e-01 3.693725543923159077e-02 -1.135620053770157040e-01 -7.514395885282493248e-02 5.384586335677306324e-02
-4.708387311357574434e-02 -5.691957669542797166e-02 -1.239497215742421110e-01 2.220914697384139894e-02 3.268827218313975491e-01 4.297444781622932197e-01 3.094419906979586354e-01 3.736517621514805210e-02 -1.031461839264879304e-01 -4.401281722849854222e-02
1.156526778760836455e-01 5.166674421962575564e-03 -1.001002045845958005e-01 -1.028386706924359212e-01 3.693725543923159077e-02 3.094419906979586354e-01 4.893715203394736202e-01 3.144855126619066632e-01 7.242537633498029315e-02 -8.445314954567219312e-02
9.153311969557059724e-02 5.706384103389111617e-02 7.732081826542436254e-02 -1.794375289601037038e-02 -1.135620053770157040e-01 3.736517621514805210e-02 3.144855126619066632e-01 4.141868632825367325e-01 3.168689258447172086e-01 6.451222959298724691e-02
-1.248346573395058556e-01 1.447567948688631770e-02 1.286449088497622351e-01 7.270401119917804800e-02 -7.514395885282493248e-02 -1.031461839264879304e-01 7.242537633498029315e-02 3.168689258447172086e-01 4.447428768576944247e-01 2.822069427816839005e-01
-3.401212916076555848e-01 -9.386379476404871358e-02 -2.645367169549683872e-02 4.008089204486941365e-02 5.384586335677306324e-02 -4.401281722849854222e-02 -8.445314954567219312e-02 6.451222959298724691e-02 2.822069427816839005e-01 3.545722301042941726e-01
1.197864728089416964e-01 2.126712976978322733e-01 1.232736546893169749e-01 1.536355502049116528e-02 -6.881347559523903756e-02 6.096875030551472674e-03 7.095294368795547479e-02 1.602457107588585450e-02 -9.182473433398236073e-02 -1.572211917255850744e-01
2.126712976978322733e-01 5.308431504721001781e-01 3.678241793761235501e-01 1.393139541025642525e-01 -1.119861681379109020e-01 -6.702874151059870500e-02 5.292987010485776522e-02 7.864466433491933139e-02 5.196108827704377237e-02 -1.124963921754330437e-01
1.232736546893169749e-01 3.678241793761235501e-01 3.123097973791350013e-01 2.100024123625023331e-01 5.112731004609012697e-02 -5.479086033228716679e-02 -5.100303793430806254e-02 2.022518297777750607e-02 7.474381869762058983e-02 -1.156250194829862993e-02
1.536355502049116528e-02 1.393139541025642525e-01 2.100024123625023331e-01 3.148412696387695164e-01 3.453482353549654493e-01 4.084739103043129316e-02 -1.296687255196447841e-01 -6.196382987371605588e-02 3.472910486627243942e-02 6.112754776692959358e-02
-6.881347559523903756e-02 -1.119861681379109020e-01 5.112731004609012697e-02 3.453482353549654493e-01 6.498556215736426278e-01 2.699559282367245405e-01 -1.346791145792347773e-02 -7.219525560133584208e-02 -5.075452616045696835e-02 4.880195145728916106e-02
6.096875030551472674e-03 -6.702874151059870500e-02 -5.479086033228716679e-02 4.084739103043129316e-02 2.699559282367245405e-01 3.378986489923990755e-01 3.384140397579205040e-01 1.199997292487974265e-01 -3.744114386080474310e-02 -8.048183491843782789e-02
7.095294368795547479e-02 5.292987010485776522e-02 -5.100303793430806254e-02 -1.296687255196447841e-01 -1.346791145792347773e-02 3.384140397579205040e-01 5.688981675508749669e-01 2.836623801522656363e-01 6.514067168907941574e-02 -1.107508428984170373e-01
1.602457107588585450e-02 7.864466433491933139e-02 2.022518297777750607e-02 -6.196382987371605588e-02 -7.219525560133584208e-02 1.199997292487974265e-01 2.836623801522656363e-01 2.193668915119734164e-01 2.251938823202470630e-01 8.366477639136798983e-02
-9.182473433398236073e-02 5.196108827704377237e-02 7.474381869762058983e-02 3.472910486627243942e-02 -5.075452616045696835e-02 -3.744114386080474310e-02 6.514067168907941574e-02 2.251938823202470630e-01 5.369874912214490648e-01 4.044222710036846080e-01
-1.572211917255850744e-01 -1.124963921754330437e-01 -1.156250194829862993e-02 6.112754776692959358e-02 4.880195145728916106e-02 -8.048183491843782789e-02 -1.107508428984170373e-01 8.366477639136798983e-02 4.044222710036846080e-01 4.092124888507209235e-01
3.130267311000157759e-01 3.467509266489517405e-01 1.124533074434106925e-02 -1.153595546726486065e-01 -1.269223544551742466e-01 -3.172214946232848609e-02 9.969744592579360409e-02 -5.877474637812053759e-02 -1.498160602808088493e-01 -1.447381979505383276e-01
3.467509266489517405e-01 5.736881192898833914e-01 2.954464921188326709e-01 1.221840409992635060e-02 -9.478106863301304086e-02 -7.838424095996168739e-02 4.213069975184341454e-02 3.775811983629968893e-02 -3.225325460607151445e-02 -1.052645314728079262e-01
1.124533074434106925e-02 2.954464921188326709e-01 5.129207338006298578e-01 2.986611084958814555e-01 1.791651677149851130e-01 3.328807837843755779e-02 -1.064262335647963575e-01 5.354695552765272037e-02 1.189995286410154146e-01 5.775740723646445585e-02
-1.153595546726486065e-01 1.221840409992635060e-02 2.986611084958814555e-01 2.665051179684205240e-01 2.422991645950708373e-01 1.337580114133581910e-01 -6.564217167080561854e-02 -3.337934087055800803e-02 4.309033205118951992e-02 6.325963548175775331e-02
-1.269223544551742466e-01 -9.478106863301304086e-02 1.791651677149851130e-01 2.422991645950708373e-01 3.040801216119138894e-01 2.612796543987556674e-01 4.936441437116843856e-02 -1.151060222083813700e-01 -6.780178693168938120e-02 2.447978189781511299e-02
-3.172214946232848609e-02 -7.838424095996168739e-02 3.328807837843755779e-02 1.337580114133581910e-01 2.612796543987556674e-01 3.655969733529145227e-01 3.171675732316117102e-01 -8.351126776149410402e-02 -1.484457634381046442e-01 -4.240168884391767173e-02
9.969744592579360409e-02 4.213069975184341454e-02 -1.064262335647963575e-01 -6.564217167080561854e-02 4.936441437116843856e-02 3.171675732316117102e-01 7.142447517710990290e-01 2.569706138564341602e-01 -3.118797213388567642e-03 -5.192222488632317057e-02
-5.877474637812053759e-02 3.775811983629968893e-02 5.354695552765272037e-02 -3.337934087055800803e-02 -1.151060222083813700e-01 -8.351126776149410402e-02 2.569706138564341602e-01 4.771202661684497692e-01 3.614284163516550685e-01 1.279719028747323684e-01
-1.498160602808088493e-01 -3.225325460607151445e-02 1.189995286410154146e-01 4.309033205118951992e-02 -6.780178693168938120e-02 -1.484457634381046442e-01 -3.118797213388567642e-03 3.614284163516550685e-01 3.721500779354468547e-01 1.673104280757821971e-01
-1.447381979505383276e-01 -1.052645314728079262e-01 5.775740723646445585e-02 6.325963548175775331e-02 2.447978189781511299e-02 -4.240168884391767173e-02 -5.192222488632317057e-02 1.279719028747323684e-01 1.673104280757821971e-01 1.006671070012217228e-01
6.403751121501988219e-01 3.211236946557271543e-01 1.044025024264082224e-01 -6.954300929204309048e-03 -7.373236485486001079e-02 1.075051142243599669e-02 7.514460911726056347e-02 4.260044293720349762e-02 -5.878499635989313521e-02 -3.068935438227421431e-01
3.211236946557271543e-01 3.458100436562541180e-01 2.443298215787693406e-01 1.380452558993232604e-01 1.791317130708100502e-02 -9.790102340268606873e-02 -6.023080121282546606e-03 9.550064802567631572e-02 1.318828439446182166e-01 4.380006454836331276e-02
1.044025024264082224e-01 2.443298215787693406e-01 2.408879800920433190e-01 1.982171056298323020e-01 1.349846594445135994e-01 -9.341836219765051186e-02 -8.111873651276582664e-02 3.677774591797794423e-02 1.239059385066596242e-01 1.339136959349520872e-01
-6.954300929204309048e-03 1.380452558993232604e-01 1.982171056298323020e-01 2.463036755118059307e-01 3.094830115091623535e-01 9.149160196173136694e-03 -1.186123755315040551e-01 -5.053154232298803783e-02 3.772684532751586356e-02 9.544571987166367011e-02
-7.373236485486001079e-02 1.791317130708100502e-02 1.349846594445135994e-01 3.094830115091623535e-01 6.194406165867585301e-01 2.951050183894740053e-01 -5.274943863793382648e-02 -1.185784884567063213e-01 -7.944309734692013569e-02 -7.273688811610191755e-03
1.075051142243599669e-02 -9.790102340268606873e-02 -9.341836219765051186e-02 9.149160196173136694e-03 2.951050183894740053e-01 5.174294111490178594e-01 3.405713321674045391e-01 1.047040789494791124e-01 -3.185800039762201608e-02 -9.570012071861279390e-02
7.514460911726056347e-02 -6.023080121282546606e-03 -8.111873651276582664e-02 -1.186123755315040551e-01 -5.274943863793382648e-02 3.405713321674045391e-01 4.395316970717133565e-01 2.748048923565549750e-01 1.357009253314018227e-01 2.406091096157088674e-02
4.260044293720349762e-02 9.550064802567631572e-02 3.677774591797794423e-02 -5.053154232298803783e-02 -1.185784884567063213e-01 1.047040789494791124e-01 2.748048923565549750e-01 2.607831842879918538e-01 2.182738770375192983e-01 1.587476541782154027e-01
-5.878499635989313521e-02 1.318828439446182166e-01 1.239059385066596242e-01 3.772684532751586356e-02 -7.944309734692013569e-02 -3.185800039762201608e-02 1.357009253314018227e-01 2.182738770375192983e-01 2.658232580686458180e-01 2.813166521686247257e-01
-3.068935438227421431e-01 4.380006454836331276e-02 1.339136959349520872e-01 9.544571987166367011e-02 -7.273688811610191755e-03 -9.570012071861279390e-02 2.406091096157088674e-02 1.587476541782154027e-01 2.813166521686247257e-01 4.236150214255700042e-01
7.902969817422742516e-01 2.403352332094413346e-01 2.424978243935771438e-02 -3.771855250718401942e-02 -2.843752705749574838e-02 2.222394928859461327e-02 4.317508741270811856e-02 1.164880243872975785e-01 1.053352151732104003e-01 -2.751386475374226204e-01
2.403352332094413346e-01 2.493680003375578214e-01 2.849691086410992003e-01 1.627599354610233529e-01 -3.743596743717392261e-02 -1.021933639135957361e-01 -4.489346372329153928e-02 -2.079718118200817034e-02 5.145878493799222603e-02 3.594458984965011317e-02
2.424978243935771438e-02 2.849691086410992003e-01 4.634925322150693638e-01 3.163656163653411069e-01 3.057157096666560103e-02 -1.354288549394452312e-01 -8.820501665055247020e-02 -1.106924854619094900e-01 -2.451577054933520503e-02 1.386022920182982676e-01
-3.771855250718401942e-02 1.627599354610233529e-01 3.163656163653411069e-01 3.094425266008852260e-01 2.547139148087359528e-01 3.883237318034276492e-02 -2.687005941205506884e-02 -7.415663214452147822e-02 -4.696608672751720337e-02 7.895351877235165516e-02
-2.843752705749574838e-02 -3.743596743717392261e-02 3.057157096666560103e-02 2.547139148087359528e-01 6.519234469363945905e-01 3.707080545044778574e-01 1.053585431239098119e-01 4.489894576857660774e-02 -2.043562824240897913e-02 -5.094972894090220999e-02
2.222394928859461327e-02 -1.021933639135957361e-01 -1.354288549394452312e-01 3.883237318034276492e-02 3.707080545044778574e-01 2.765270589994912043e-01 1.032265684315194082e-01 9.396479777409588729e-02 4.419746572007572649e-02 -6.675043333570629400e-02
4.317508741270811856e-02 -4.489346372329153928e-02 -8.820501665055247020e-02 -2.687005941205506884e-02 1.053585431239098119e-01 1.032265684315194082e-01 5.286005513505117465e-02 8.180282904300230362e-02 9.064301845196245933e-02 -1.245191669170245350e-03
1.164880243872975785e-01 -2.079718118200817034e-02 -1.106924854619094900e-01 -7.415663214452147822e-02 4.489894576857660774e-02 9.396479777409588729e-02 8.180282904300230362e-02 1.989489810998326114e-01 3.072282187939590070e-01 1.104889212051926861e-01
1.053352151732104003e-01 5.145878493799222603e-02 -2.451577054933520503e-02 -4.696608672751720337e-02 -2.043562824240897913e-02 4.419746572007572649e-02 9.064301845196245933e-02 3.072282187939590070e-01 5.846127613952909474e-01 3.404946193650514319e-01
-2.751386475374226204e-01 3.594458984965011317e-02 1.386022920182982676e-01 7.895351877235165516e-02 -5.094972894090220999e-02 -6.675043333570629400e-02 -1.245191669170245350e-03 1.104889212051926861e-01 3.404946193650514319e-01 4.225276555381528576e-01
3.329528071043247328e-01 1.776292463232569396e-01 1.569473198883724052e-01 6.709724129479022192e-02 -1.359380131262993285e-01 -1.060348016803858567e-01 1.036319488924300064e-01 9.339697367355719038e-02 -1.285754524687502953e-01 -2.960226405583186171e-01
1.776292463232569396e-01 1.127257748504269241e-01 1.328356756149291773e-01 1.161882713500778513e-01 -5.752620636541644350e-02 -8.885659506356147208e-02 2.740251552554424583e-02 7.957829547273378989e-02 -9.001361734792184821e-03 -1.299740962218592366e-01
1.569473198883724052e-01 1.328356756149291773e-01 2.258389864939385205e-01 3.136784864492105918e-01 4.324995829673605047e-02 -9.963560188546040364e-02 -3.762130886573655797e-02 8.390451227587905625e-02 5.873811326580315184e-02 -7.770088181303333452e-02
6.709724129479022192e-02 1.161882713500778513e-01 3.136784864492105918e-01 6.212106106273974637e-01 3.101631406164296889e-01 1.125754652209103208e-02 -1.030066164221273423e-01 1.239756473098667031e-02 7.850019454153171761e-02 9.338396100469957550e-03
-1.359380131262993285e-01 -5.752620636541644350e-02 4.324995829673605047e-02 3.101631406164296889e-01 4.143090345248597872e-01 2.980648801712669771e-01 4.980504275548079673e-02 -1.161928117900781904e-01 -6.915957031657155030e-02 7.799970669970135440e-02
-1.060348016803858567e-01 -8.885659506356147208e-02 -9.963560188546040364e-02 1.125754652209103208e-02 2.980648801712669771e-01 4.239488996532158605e-01 3.197298487977708881e-01 -2.193439966448713571e-02 -1.277351870938832068e-01 6.763116388113389957e-03
1.036319488924300064e-01 2.740251552554424583e-02 -3.762130886573655797e-02 -1.030066164221273423e-01 4.980504275548079673e-02 3.197298487977708881e-01 5.978583136897637207e-01 3.074097284731869828e-01 2.280249886498530998e-02 -1.032418787721842979e-01
9.339697367355719038e-02 7.957829547273378989e-02 8.390451227587905625e-02 1.239756473098667031e-02 -1.161928117900781904e-01 -2.193439966448713571e-02 3.074097284731869828e-01 4.111650776804289809e-01 3.202330757636960845e-01 4.718661595364063988e-02
-1.285754524687502953e-01 -9.001361734792184821e-03 5.873811326580315184e-02 7.850019454153171761e-02 -6.915957031657155030e-02 -1.277351870938832068e-01 2.280249886498530998e-02 3.202330757636960845e-01 5.086933099352402010e-01 3.039482306177859749e-01
-2.960226405583186171e-01 -1.299740962218592366e-01 -7.770088181303333452e-02 9.338396100469957550e-03 7.799970669970135440e-02 6.763116388113389957e-03 -1.032418787721842979e-01 4.718661595364063988e-02 3.039482306177859749e-01 3.512971854404062233e-01
4.649199890390331991e-01 2.749681546021194301e-01 5.772138424959103592e-02 -5.991746288572735724e-02 -1.161505336782237274e-01 -2.511082125726493350e-02 1.080533646062672853e-01 9.266227086105241484e-02 -7.514739689793825672e-02 -3.446924331996338298e-01
2.749681546021194301e-01 3.685375326254404227e-01 3.450978093436862792e-01 9.528187228813655985e-02 -4.267752385649712515e-02 -7.766727468675811707e-02 1.343782662659259459e-03 7.873385843783875515e-02 7.216943724628141488e-02 -6.241254182769532394e-02
5.772138424959103592e-02 3.450978093436862792e-01 5.388797965568026260e-01 2.578341960704020885e-01 1.326626001298121804e-01 -2.690150760933312027e-02 -1.052833579027736832e-01 -3.567776554899926289e-02 7.924314413878086327e-02 1.235114598840585109e-01
-5.991746288572735724e-02 9.528187228813655985e-02 2.578341960704020885e-01 1.921183363577098069e-01 2.152641933548093411e-01 1.143979903604709636e-01 -3.799293872204917433e-02 -8.441918344058248203e-02 -2.828828576049123578e-02 6.706840628119689618e-02
-1.161505336782237274e-01 -4.267752385649712515e-02 1.326626001298121804e-01 2.152641933548093411e-01 4.005113986159739570e-01 3.452267469853013138e-01 8.827640192232347194e-02 -1.040311675434991284e-01 -1.234430298999583120e-01 -1.831501174037081323e-03
-2.511082125726493350e-02 -7.766727468675811707e-02 -2.690150760933312027e-02 1.143979903604709636e-01 3.452267469853013138e-01 4.406215189310702662e-01 2.939295511159955021e-01 6.669291056306028698e-02 -6.425262546471957603e-02 -7.242626692280219880e-02
1.080533646062672853e-01 1.343782662659259459e-03 -1.052833579027736832e-01 -3.799293872204917433e-02 8.827640192232347194e-02 2.939295511159955021e-01 4.163988093054759032e-01 3.114204760280826489e-01 1.379662691524377871e-01 -4.492225635359586855e-02
9.266227086105241484e-02 7.873385843783875515e-02 -3.567776554899926289e-02 -8.441918344058248203e-02 -1.040311675434991284e-01 6.669291056306028698e-02 3.114204760280826489e-01 3.770528788052507352e-01 2.901508479413182351e-01 9.567026796592716098e-02
-7.514739689793825672e-02 7.216943724628141488e-02 7.924314413878086327e-02 -2.828828576049123578e-02 -1.234430298999583120e-01 -6.425262546471957603e-02 1.379662691524377871e-01 2.901508479413182351e-01 3.516293153724700526e-01 2.857908847539616937e-01
-3.446924331996338298e-01 -6.241254182769532394e-02 1.235114598840585109e-01 6.706840628119689618e-02 -1.831501174037081323e-03 -7.242626692280219880e-02 -4.492225635359586855e-02 9.567026796592716098e-02 2.857908847539616937e-01 4.493304243907721984e-01
4.683031073239904418e-01 3.508055683378069611e-01 1.028691982616091044e-01 -4.478503672278029424e-02 -1.387086335893951972e-01 -3.866257644668192467e-02 9.770111834161687714e-02 8.108231766566570409e-02 -3.448835662969447491e-02 -2.587394457233766487e-01
3.508055683378069611e-01 4.367356368565941116e-01 2.782035545396212006e-01 1.068868096083058494e-01 3.196119080423349273e-02 -4.113302699220484221e-02 -6.969732626385372054e-02 2.200294796671318359e-02 1.106834078076505135e-01 -8.357217302638239587e-02
1.028691982616091044e-01 2.782035545396212006e-01 2.858731462892725173e-01 1.946026305327155370e-01 2.028123743194332196e-01 2.619831671083576105e-02 -1.327712470546131840e-01 -5.702331046989776719e-02 7.741233148444282008e-02 4.666388522636732983e-02
-4.478503672278029424e-02 1.068868096083058494e-01 1.946026305327155370e-01 1.919389772538410421e-01 2.745698521964418104e-01 1.090474276394153841e-01 -6.075383451800211998e-02 -6.718052977569283213e-02 -3.925701880186115156e-03 6.924148061699751666e-02
-1.387086335893951972e-01 3.196119080423349273e-02 2.028123743194332196e-01 2.745698521964418104e-01 4.873589380275353822e-01 2.856265183675828490e-01 6.845901152253708322e-02 -6.169218363043012243e-02 -8.387927423269625482e-02 7.816467688554490367e-02
-3.866257644668192467e-02 -4.113302699220484221e-02 2.619831671083576105e-02 1.090474276394153841e-01 2.856265183675828490e-01 3.037666588900146403e-01 3.093419046556059593e-01 9.088641338361982958e-02 -6.971977226881199974e-02 -3.054647544136063556e-02
9.770111834161687714e-02 -6.969732626385372054e-02 -1.327712470546131840e-01 -6.075383451800211998e-02 6.845901152253708322e-02 3.093419046556059593e-01 5.788191729352604176e-01 2.914502170987643415e-01 3.572457687086554035e-02 -1.188566820718992556e-01
8.108231766566570409e-02 2.200294796671318359e-02 -5.702331046989776719e-02 -6.718052977569283213e-02 -6.169218363043012243e-02 9.088641338361982958e-02 2.914502170987643415e-01 2.524315188569161705e-01 2.694461017317468787e-01 2.912504969925097664e-02
-3.448835662969447491e-02 1.106834078076505135e-01 7.741233148444282008e-02 -3.925701880186115156e-03 -8.387927423269625482e-02 -6.971977226881199974e-02 3.572457687086554035e-02 2.694461017317468787e-01 6.943409044493813465e-01 3.201414610774370173e-01
-2.587394457233766487e-01 -8.357217302638239587e-02 4.666388522636732983e-02 6.924148061699751666e-02 7.816467688554490367e-02 -3.054647544136063556e-02 -1.188566820718992556e-01 2.912504969925097664e-02 3.201414610774370173e-01 3.004319391172030063e-01
5.403777950906810679e-01 3.407509870784533601e-01 9.213837416852738160e-02 -4.013566542384110203e-02 -1.122888610668699438e-01 2.849679840144343085e-02 8.483629728055765151e-02 1.484356686535471571e-02 -9.560200507244717705e-02 -2.915175950765285240e-01
3.407509870784533601e-01 4.468899172484878113e-01 2.781051862708902034e-01 1.147210697367329890e-01 1.585742459060382470e-02 -6.348198924092784967e-02 3.130769752684310625e-02 7.686925855909858274e-02 1.485355133905948699e-01 7.973224984946672075e-03
9.213837416852738160e-02 2.781051862708902034e-01 2.633016034335198263e-01 1.931093584216278247e-01 1.722847050542579972e-01 -7.027899833585410372e-02 -7.648353030785096096e-02 1.821899098847561127e-02 1.220587094605635470e-01 9.873858898536447271e-02
-4.013566542384110203e-02 1.147210697367329890e-01 1.931093584216278247e-01 2.227365899270423444e-01 3.035440065630995998e-01 7.935151974639854597e-03 -1.334780239349129538e-01 -5.272762960076800287e-02 8.666893343676254288e-03 6.396140664416308241e-02
-1.122888610668699438e-01 1.585742459060382470e-02 1.722847050542579972e-01 3.035440065630995998e-01 5.639083599142787895e-01 2.582164843531368215e-01 -1.217000201132027171e-01 -1.069016537989358195e-01 -1.015902132425053200e-01 9.784525152416935490e-03
2.849679840144343085e-02 -6.348198924092784967e-02 -7.027899833585410372e-02 7.935151974639854597e-03 2.582164843531368215e-01 6.883450702377357233e-01 3.494490461386997593e-01 7.817941203354533686e-02 -2.297517910020079046e-02 -6.187167272591048012e-02
8.483629728055765151e-02 3.130769752684310625e-02 -7.648353030785096096e-02 -1.334780239349129538e-01 -1.217000201132027171e-01 3.494490461386997593e-01 3.687254869592835327e-01 1.729995584883835258e-01 1.560672956733572814e-01 4.361477701250863342e-02
1.484356686535471571e-02 7.686925855909858274e-02 1.821899098847561127e-02 -5.272762960076800287e-02 -1.069016537989358195e-01 7.817941203354533686e-02 1.729995584883835258e-01 1.273092115951113823e-01 1.908617368178482376e-01 1.256450272749279062e-01
-9.560200507244717705e-02 1.485355133905948699e-01 1.220587094605635470e-01 8.666893343676254288e-03 -1.015902132425053200e-01 -2.297517910020079046e-02 1.560672956733572814e-01 1.908617368178482376e-01 3.886864862181880209e-01 3.332677506821241087e-01
-2.915175950765285240e-01 7.973224984946672075e-03 9.873858898536447271e-02 6.396140664416308241e-02 9.784525152416935490e-03 -6.187167272591048012e-02 4.361477701250863342e-02 1.256450272749279062e-01 3.332677506821241087e-01 3.897194793756617592e-01
3.941545273725479137e-01 3.284998895551954901e-01 -1.872743953636548178e-02 -1.575262385328214942e-01 -6.192742871303809349e-02 1.805308266272005746e-02 9.163634211676183194e-02 -9.877660056771921711e-05 -1.458843764951165967e-01 -2.547070595818451411e-01
3.284998895551954901e-01 7.007588045144690359e-01 2.544502584369190412e-01 2.897004445223546470e-02 -3.915103625205208077e-02 -7.384576703756584592e-02 -5.387156331240340601e-02 7.023458250548683668e-02 1.287710851795094147e-01 -6.893850714652246213e-03
-1.872743953636548178e-02 2.544502584369190412e-01 3.003512648273862773e-01 3.340386208874525087e-01 1.327805332666442961e-01 3.657897674469343802e-02 -5.294162512691474864e-02 -3.518831394561702797e-02 3.157333706166699089e-02 7.077940019084327794e-02
-1.575262385328214942e-01 2.897004445223546470e-02 3.340386208874525087e-01 5.374839778428155412e-01 2.544472537186315275e-01 1.424060779896048068e-01 4.699293047690183620e-03 -9.769548848698271504e-02 -7.966038668393854438e-02 5.217955387307156301e-02
-6.192742871303809349e-02 -3.915103625205208077e-02 1.327805332666442961e-01 2.544472537186315275e-01 1.447946419295519926e-01 1.310130402005817152e-01 1.019251512654473224e-01 -2.075850429184546500e-02 -7.540063617871353707e-02 -1.860772547012143688e-02
1.805308266272005746e-02 -7.384576703756584592e-02 3.657897674469343802e-02 1.424060779896048068e-01 1.310130402005817152e-01 2.247235298457016806e-01 3.212824406716329184e-01 9.668901937913632061e-02 -7.537057918366517340e-02 -8.738905471486127507e-02
9.163634211676183194e-02 -5.387156331240340601e-02 -5.294162512691474864e-02 4.699293047690183620e-03 1.019251512654473224e-01 3.212824406716329184e-01 6.089249779507928118e-01 3.091445449295014414e-01 3.583734883033002500e-02 -9.120556800026047295e-02
-9.877660056771921711e-05 7.023458250548683668e-02 -3.518831394561702797e-02 -9.769548848698271504e-02 -2.075850429184546500e-02 9.668901937913632061e-02 3.091445449295014414e-01 3.108914298391053377e-01 2.702050035618565604e-01 1.254330652456335793e-01
-1.458843764951165967e-01 1.287710851795094147e-01 3.157333706166699089e-02 -7.966038668393854438e-02 -7.540063617871353707e-02 -7.537057918366517340e-02 3.583734883033002500e-02 2.702050035618565604e-01 4.514966031516486344e-01 3.312175521123812416e-01
-2.547070595818451411e-01 -6.893850714652246213e-03 7.077940019084327794e-02 5.217955387307156301e-02 -1.860772547012143688e-02 -8.738905471486127507e-02 -9.120556800026047295e-02 1.254330652456335793e-01 3.312175521123812416e-01 3.264202427259914607e-01
5.787216313299008430e-01 3.559478980451296071e-01 1.124765265561372685e-01 -2.343696298061508088e-02 -8.045185798265755417e-02 -6.032580465593498364e-02 4.171172153485907912e-03 8.712973717406125029e-02 -5.518056589032185877e-02 -2.773003540729290228e-01
3.559478980451296071e-01 3.227593525811428554e-01 1.846306118945869879e-01 1.320993362614297506e-01 -2.104282921783918580e-03 -8.790067266533492518e-02 -9.425122620846090871e-02 1.335851574467116290e-02 1.151093786186558193e-01 -6.298596209098719645e-02
1.124765265561372685e-01 1.846306118945869879e-01 1.834516638907357500e-01 2.502560912114365488e-01 1.285920432798554058e-01 -2.143132139288644704e-03 -7.326403071358782160e-02 -4.790840150461438129e-02 1.064875650831592913e-01 4.473533796720773059e-02
-2.343696298061508088e-02 1.320993362614297506e-01 2.502560912114365488e-01 4.800872097352428813e-01 3.467982549398985759e-01 1.413104430427730707e-01 -1.448542193997618896e-02 -9.481623452123399964e-02 6.369663459680166562e-02 9.099958906651042789e-02
-8.045185798265755417e-02 -2.104282921783918580e-03 1.285920432798554058e-01 3.467982549398985759e-01 3.398156905702059971e-01 2.328413032760245083e-01 1.227668823928437375e-01 -1.691823496704567692e-02 -7.504096076790593706e-02 4.664395507231440009e-03
-6.032580465593498364e-02 -8.790067266533492518e-02 -2.143132139288644704e-03 1.413104430427730707e-01 2.328413032760245083e-01 2.559562493723741561e-01 2.367988794055098656e-01 1.172887718186583772e-01 -1.502505910600742678e-01 -8.740289037397047656e-02
4.171172153485907912e-03 -9.425122620846090871e-02 -7.326403071358782160e-02 -1.448542193997618896e-02 1.227668823928437375e-01 2.367988794055098656e-01 3.288817731334476857e-01 3.295919862066367667e-01 -8.163187182650538665e-02 -1.196360951795008704e-01
8.712973717406125029e-02 1.335851574467116290e-02 -4.790840150461438129e-02 -9.481623452123399964e-02 -1.691823496704567692e-02 1.172887718186583772e-01 3.295919862066367667e-01 6.527981467308817676e-01 2.815387486027329800e-01 5.399315664720932828e-03
-5.518056589032185877e-02 1.151093786186558193e-01 1.064875650831592913e-01 6.369663459680166562e-02 -7.504096076790593706e-02 -1.502505910600742678e-01 -8.163187182650538665e-02 2.815387486027329800e-01 5.519637029327553179e-01 3.069812839438539331e-01
-2.773003540729290228e-01 -6.298596209098719645e-02 4.473533796720773059e-02 9.099958906651042789e-02 4.664395507231440009e-03 -8.740289037397047656e-02 -1.196360951795008704e-01 5.399315664720932828e-03 3.069812839438539331e-01 3.055645797233133565e-01
4.559856623641883600e-01 3.736784643866714051e-01 1.234296114621883100e-01 -9.390626346818202463e-02 -1.019829876979816696e-01 -1.441574212572564045e-02 8.262695030190697620e-02 5.737193481210047658e-02 -1.045825261675887088e-02 -2.363753843042396274e-01
3.736784643866714051e-01 3.855408315146084397e-01 2.233322251450838847e-01 6.902108660155117925e-02 -3.662506652662888412e-02 -5.587708772305072236e-02 -1.251717333253062059e-02 4.514324083762985551e-02 9.800748259244437821e-02 -1.394491244012252829e-01
1.234296114621883100e-01 2.233322251450838847e-01 2.796718194949396885e-01 3.161469403790816424e-01 1.277495104044912844e-01 -2.981244293014528868e-02 -1.019700912972769935e-01 -2.104839242719323128e-02 6.385660180444766021e-02 -8.704964962018278338e-03
-9.390626346818202463e-02 6.902108660155117925e-02 3.161469403790816424e-01 5.550084389564274856e-01 3.195700788624430411e-01 7.389817427373945868e-02 -9.610648159986126537e-02 -6.462299230385989968e-02 -1.756464008852834033e-02 7.900947713265168981e-02
-1.019829876979816696e-01 -3.662506652662888412e-02 1.277495104044912844e-01 3.195700788624430411e-01 2.735495137313768699e-01 2.086132493998650028e-01 1.231171038258028899e-01 6.116707923685201984e-03 -6.734143428010574972e-02 3.259742682243738088e-02
-1.441574212572564045e-02 -5.587708772305072236e-02 -2.981244293014528868e-02 7.389817427373945868e-02 2.086132493998650028e-01 3.583910924140967791e-01 3.880856775738534825e-01 1.162681026750478491e-01 -6.117842540726312062e-02 -4.401491419117874171e-02
8.262695030190697620e-02 -1.251717333253062059e-02 -1.019700912972769935e-01 -9.610648159986126537e-02 1.231171038258028899e-01 3.880856775738534825e-01 5.240123512708468878e-01 2.045504985712975898e-01 4.030626082087832712e-02 -7.279761156531779076e-02
