8.837380986216525347e-02 1.094313893588608894e-01 1.001304215038177209e-01 5.994950970826318226e-02 4.050904026334141428e-02 1.748496260150490811e-02 3.014941707543866006e-02 9.862997539643586498e-02 1.397766956292534613e-01 9.930177322096087056e-02 9.501978734046762076e-02 1.212432180394901471e-01
3.612073896776640120e-02 1.678823011892930372e-01 1.379860989453561004e-01 5.918212255638038988e-02 6.156503247283236918e-02 1.454946013632039681e-01 1.915761753104553988e-01 4.772057387841419085e-02 2.855988544134429458e-02 1.960803014594857119e-02 3.638115147724631931e-02 6.792328825175901474e-02
8.518579236834485091e-02 5.789533485345571551e-02 2.970786461922540408e-02 1.537390190362359493e-02 3.113797771619311941e-02 5.803800332547210533e-02 2.044120698517798984e-01 1.363891147352649658e-01 6.289023848014377305e-02 3.256021391693125766e-02 6.226086517704845086e-02 2.241486230525169543e-01
3.935441716670833728e-02 1.321709198178398215e-01 8.077684804193950574e-02 1.200819139069409791e-01 1.689408655418858096e-01 8.459822207616798928e-02 1.457496222048197398e-01 7.406357877441557824e-02 3.228326183044624015e-02 3.205991088558120261e-02 5.338921670487849908e-02 3.653122304837638779e-02
6.390799194152778362e-02 1.349636691753585971e-01 9.592866545965861302e-02 4.651468790225322947e-02 4.110415184887721007e-02 5.716699192363029064e-02 9.185318422500819702e-02 1.308002779938813309e-01 7.460314973007806105e-02 1.135695904404514234e-01 9.576200588378760981e-02 5.382563347548779270e-02
1.293715487047174539e-01 1.802220582651345160e-01 1.393084260064953728e-01 7.016342527663575745e-02 1.987300758381476545e-02 1.512524400620822787e-02 1.872722122354161800e-02 1.615049017683962626e-02 1.741266963420189454e-02 4.642231133264948517e-02 1.318248621995544712e-01 2.153987355902068634e-01
3.327952381398228965e-02 1.379869339804715156e-01 1.780487316434357647e-01 1.685349354919842280e-01 1.085988961352146454e-01 7.013216062143154406e-02 6.680253510274794526e-02 6.634642673406701552e-02 8.210396290471422276e-02 4.238261117917904025e-02 2.603121095471496935e-02 1.975207143805703114e-02
8.285458218762568883e-02 7.691814039318575769e-02 9.541661737464440796e-02 1.184919861840341149e-01 1.140412511650064908e-01 1.539667644467634100e-01 3.661758213952208407e-02 1.616251726687553680e-02 3.933569732715488931e-02 6.892080613049691995e-02 4.605732487706543088e-02 1.512167305076252966e-01
2.614024202097476116e-02 4.384549598350248600e-02 5.746689106963930038e-02 9.683927556990720720e-02 1.297779422971016561e-01 2.094198045197462332e-01 1.881593503869407047e-01 1.328153081983167727e-01 5.062899937124303029e-02 1.820745766828121143e-02 1.828567043447243412e-02 2.841356247987416109e-02
5.023605624849972195e-02 3.255360610040558544e-02 6.081310381613559690e-02 7.817862514249447614e-02 9.625330065286905046e-02 9.559797591732450972e-02 6.298585439425664900e-02 1.660659366289830574e-01 1.111836445462216771e-01 8.625886518138427272e-02 9.551804812940772882e-02 6.435498324201796572e-02
8.243192283516821012e-03 2.606218544680900806e-02 7.081800418791840690e-02 1.214023376786941139e-01 3.294617003930741528e-01 1.962342826522646688e-01 1.658455171916006499e-01 3.323585376070030406e-02 1.373931231040996861e-02 2.444084642995371370e-02 6.626440252895604566e-03 3.890327412162407784e-03
7.363370734564185505e-02 9.424123497282348161e-02 5.012441592719373007e-02 1.263221588886012936e-01 2.294990562937007650e-01 1.479445166921881938e-01 5.121678312501994762e-02 3.900858689030090032e-02 3.773242105194184876e-02 5.007622650301195993e-02 4.168762142811500288e-02 5.851327088146108385e-02
8.335889404244525847e-02 1.357131744304580223e-01 3.741233744017403995e-02 1.735239570762919792e-02 5.865300341060431660e-02 1.897444852799056170e-01 1.299651809874520225e-01 8.434013580766853979e-02 7.608106535600579756e-02 4.668494376527748679e-02 6.696173706716114504e-02 7.373264670521870179e-02
5.472572813851575568e-02 2.737204608176703469e-02 2.296000975539362610e-02 1.665416369510836631e-02 3.153567023431325805e-02 8.789279882933925814e-02 8.379567798872035456e-02 1.048574295330156475e-01 8.436914967198880233e-02 1.058952938574234393e-01 2.308373060422793943e-01 1.491047261721352157e-01
1.778128672358990706e-02 4.747158659548531695e-02 2.518306672445789693e-02 3.818536987834254826e-02 6.623377498957466747e-02 1.794892991500530999e-01 1.571997248151790483e-01 2.120387369658930654e-01 1.090252151383898221e-01 8.864997168999774746e-02 3.852045750051406869e-02 2.022150982852259637e-02
1.016409201328015988e-01 3.129334864164257102e-02 4.494977685431316566e-02 1.063865102563576609e-01 1.897931686898940429e-01 8.139467803847783012e-02 4.386259532134872963e-02 3.119647289992824937e-02 1.148326383226623559e-02 1.241563182159066865e-02 8.338284099513601499e-02 2.622007925162434527e-01
7.705404089015530089e-02 9.785808976583287855e-02 1.031367746727214207e-01 1.302387806646665702e-01 1.452361820673812309e-01 1.532838272787613587e-01 9.306484442389997835e-02 2.529304949397145202e-02 1.143137965310592891e-02 2.687100805708851972e-02 6.407241002521969764e-02 7.245961300719566678e-02
2.338139579971382914e-02 2.492804655219488241e-02 5.501066790979534243e-02 7.734177361714378307e-02 9.859407489270824443e-02 1.170456701639006059e-01 1.650462656846068132e-01 1.094008206662843569e-01 1.406345859976397272e-01 1.097080917491481816e-01 3.114684675921512019e-02 4.776176020764941882e-02
3.925740613928818679e-02 4.818092053337273001e-02 3.706769499609986751e-02 4.434594968796935766e-02 4.455448785364282682e-02 4.563047558121573893e-02 9.563702788385472497e-02 1.423866741430572513e-01 1.447966188870650206e-01 1.756798510818178560e-01 9.846915274079418023e-02 8.399374047182267544e-02
1.583904435840315372e-01 1.117067834744320115e-01 4.840760338014594988e-02 1.326676433489969720e-01 1.529253583364952873e-01 1.113981655835885598e-01 7.945919905192780353e-02 3.702180471510285731e-02 2.491729676056469653e-02 3.393596375204214338e-02 5.772759946194448710e-02 5.144213855072771180e-02
1.146839189758440403e-02 1.186199577015838169e-02 5.238144531243191238e-02 2.933748924599867136e-01 8.727244142277168493e-02 6.791914647900634816e-02 1.809824118439605500e-02 1.874570596018009308e-02 1.957423176160427020e-02 8.321597224417379146e-02 2.567995290508349182e-01 7.928800645687150705e-02
1.509072327717823625e-01 7.609947251039887728e-02 9.584422862355075623e-02 5.744145952269206351e-02 4.754184633084813927e-02 3.640528842067834725e-02 5.995131301603626173e-02 1.004745470050675271e-01 5.342391747899541410e-02 6.839268998209489803e-02 9.347599474831655431e-02 1.600420095895390138e-01
3.108681861048651421e-02 2.012783605264006903e-02 1.310529855983057039e-02 2.501824965265680295e-02 9.598531314009284277e-02 2.886476241049023006e-01 6.660382695493799465e-02 4.073393292376749353e-02 5.378969251414689873e-02 1.187061779086387159e-01 1.710097752040413144e-01 7.518545437385837360e-02
1.933718398578955500e-02 1.342432160217279027e-02 9.386795027286435125e-03 1.235200198009898422e-02 3.296833174553416568e-02 1.095682614508270425e-01 1.086459497657200068e-01 1.832102548719455604e-01 1.421238861020822086e-01 1.272767378482191070e-01 1.976096534422640549e-01 4.409662217806002704e-02
6.084204653870044222e-02 4.672827757209322558e-02 6.486958123706100532e-02 3.785535773025525824e-02 3.798234759279679740e-02 2.757581473549588352e-02 3.118812733290583783e-02 9.691149918056171653e-02 2.653520572246510500e-01 1.774135630756290272e-01 9.072044232874401648e-02 6.256088545110592702e-02
1.046903094505725884e-01 1.728593581504210275e-01 1.814295871596560139e-01 1.664703005755753806e-01 1.266528612429668188e-01 6.536182130808163016e-02 1.688741180728414032e-02 1.130635894285179216e-02 3.147959199986807843e-02 4.038670212318708208e-02 4.870327322582478080e-02 3.377242401371069458e-02
1.116043025421184776e-01 2.991553551512638603e-02 1.612274168593668539e-02 9.077082789388329215e-03 3.655280503484416299e-02 3.953854985515491138e-02 8.573350649300839899e-02 7.280203952915501042e-02 8.463778955280801264e-02 2.681381137091877198e-01 1.489048747049886434e-01 9.697265858828335583e-02
2.154718696855259172e-02 4.053452981986982451e-02 5.167084711571827416e-02 1.460958504967341254e-01 1.279113049482091258e-01 7.796581460220008974e-02 9.848615622425113680e-02 2.027880510270152203e-01 1.631957729323585404e-01 3.684497662545208052e-02 1.749158228911341234e-02 1.546792695052565461e-02
4.329184889750210818e-02 3.094492783506296377e-02 6.682564998359831476e-02 2.510651296639197505e-01 1.029989593689125127e-01 4.488005680822927668e-02 1.218195388886498566e-02 7.791006849516862731e-03 4.652284565582841258e-02 1.535382841887802663e-01 1.815597099559706218e-01 5.839962690381383936e-02
6.600077256461955866e-02 4.994464706306640800e-02 4.141824673079378544e-02 4.069360517789741977e-02 5.864551718699282518e-02 8.806516002865452664e-02 1.810399867219245895e-01 9.974471857032418676e-02 4.598991470935325648e-02 5.566228052607247873e-02 1.602546203431529093e-01 1.125405303771481041e-01
2.750201591694104858e-02 2.637096464145900071e-02 3.642507694214809633e-02 2.643074306507086843e-02 4.689467400982250123e-02 1.441659127621489067e-01 2.150725807761975639e-01 5.059950079367401404e-02 7.404133484883469729e-02 1.533957992832612194e-01 1.429888718436974071e-01 5.611252511674463817e-02
4.153001901344493402e-02 5.026211855360816771e-02 1.281693358543926076e-01 1.933822111797693366e-01 4.691159463340548175e-02 1.713037388977978193e-02 2.670227161041342084e-02 3.986223758474313761e-02 7.571009305024152536e-02 1.810192679480075728e-01 1.372409172509455044e-01 6.207955943124843223e-02
9.582321719623490552e-02 1.952293255740679759e-02 1.729542348210443697e-02 9.240965936937232950e-03 1.417675125928013688e-02 7.319279129598774136e-03 1.337983112714300968e-02 4.353423176588822746e-02 1.162416391986075132e-01 2.580101451596354400e-01 1.282239976024945050e-01 2.772315855846689270e-01
2.046687185019717692e-01 1.340954333575361535e-01 5.066126338936376150e-02 2.825593134611062082e-02 1.782483961812149006e-02 3.785946653974827519e-02 1.155529523919050228e-01 1.744561095827210639e-01 8.118360036500993360e-02 5.117616303024842550e-02 4.416316713457064252e-02 6.010235474269298717e-02
2.512546732412722361e-02 8.670029858433368763e-02 2.068785669164699970e-01 1.029292945813668203e-01 6.612179581524940675e-02 8.601521812128429256e-02 7.716899428197666888e-02 1.834692254367500386e-01 7.232741322446191445e-02 4.667858350265365053e-02 2.565101133090590124e-02 2.093413088042031869e-02
1.304487676132060903e-01 1.750631553258966133e-01 8.743562421939395091e-02 3.858668750806021341e-02 5.862659333981086462e-02 2.555973237920093344e-01 1.131039387367151622e-01 5.777569077991408231e-02 1.093538244033808587e-02 5.277169225367184940e-03 1.219461887703285514e-02 5.495504814225551926e-02
1.018666132832369287e-01 1.380565797289625696e-01 6.338798879221256566e-02 9.147663762002544718e-02 1.897167304482942352e-01 6.576996098533707813e-02 2.035524240374589344e-02 3.180150526595375976e-02 1.021613905938813238e-01 3.963123285023614772e-02 6.603567429403067734e-02 8.974044373408361641e-02
6.171447705384498078e-02 1.864423318086037146e-02 1.086558628848525304e-02 1.864734441869050907e-02 2.064754897440913145e-02 7.016605156886880634e-02 1.723255331749418695e-01 2.069593908550653727e-01 6.806648041134880089e-02 6.202038834674310219e-02 1.237255756806859563e-01 1.662173900460562348e-01
1.277750610791931751e-01 1.514120703773607635e-01 4.597809976821055911e-02 1.000871379107452080e-01 1.043408543558591028e-01 5.688262409786003920e-02 3.676871429142584968e-02 4.956297837442089765e-02 4.240141447599555385e-02 6.943199345316619642e-02 8.954708981719589067e-02 1.258119619985668403e-01
1.009237794081391526e-01 1.676973545306523761e-01 1.537940341150176582e-01 4.351077667988893782e-02 1.775890715929359653e-02 6.452503854235029992e-03 7.317911679735848197e-03 8.773085923974145370e-03 2.927125005438439148e-02 1.039497448359244514e-01 2.724095771028568480e-01 8.814107465589786361e-02
5.648093925826806749e-02 4.778207169804073173e-02 1.340117291152883791e-02 6.673219329181782726e-03 1.210461198415869154e-02 2.628570897043763788e-02 3.246975651581434502e-02 1.242117550126601855e-01 1.481134814424373003e-01 1.606660035972940770e-01 1.201123421620333975e-01 2.516989371181448942e-01
5.971467555377676234e-02 2.293962276153537275e-02 9.376988566384397011e-03 5.790312852530519853e-03 9.414376095512712664e-03 4.370675507064625265e-02 1.851542801676862859e-01 1.700365463408004818e-01 1.320633762954649959e-01 9.874083130300130573e-02 1.752895208654295378e-01 8.777271412723147703e-02
6.535649956736752642e-02 9.442374944132723991e-02 1.327791514224830882e-01 1.320086400688657013e-01 4.743608053342682901e-02 2.479986105695367385e-02 1.945817542504696407e-02 1.933031561573051588e-02 1.146334282779677693e-01 2.103210885045866951e-01 1.053904129050300953e-01 3.406259718121415481e-02
7.355076737661095376e-02 2.512270708228857286e-02 8.820658777663541519e-03 9.907918353239435899e-03 2.102288876664718670e-02 6.932240728464714175e-02 2.369258560929810575e-01 1.513343385938082930e-01 5.063344099357453693e-02 4.928849841562683159e-02 1.228003630346593961e-01 1.812701552282530715e-01
8.719243804721707458e-02 5.882770918948842381e-02 6.798981267635580139e-02 8.735085806123410457e-02 9.639000157575131067e-02 6.221508009020264296e-02 1.195394580926135153e-01 3.790352031684242340e-02 5.144534036249802378e-02 8.848809940844210020e-02 1.495062271101477158e-01 9.315145506920659291e-02
1.055949244953691274e-01 1.171204767504271382e-01 1.106981120332302393e-01 1.200446949998788537e-01 1.361592925508844365e-01 3.561419986876235289e-02 1.164314238944472168e-02 2.171471076311588810e-02 2.092050148745038668e-02 3.225312743015225359e-02 1.223791405656282916e-01 1.658576766656563728e-01
2.993198939564049171e-02 4.912616432446773040e-02 8.652093787352295451e-02 1.619323681667573789e-01 8.087462931189823290e-02 4.033978239437887442e-02 3.719072131936260878e-02 2.451737174587554843e-02 1.243538148466644816e-01 2.285827276654436579e-01 9.147871039391473891e-02 4.515078256207352703e-02
1.177511628318807235e-01 2.031329543542742533e-01 1.004704530423010667e-01 5.233350229793654051e-02 5.356756363724268777e-02 4.723654430726100667e-02 2.466079169222298514e-02 6.476306661049897884e-02 1.646782661793879665e-01 4.837288939920601077e-02 5.820306845748685065e-02 6.482973719030096782e-02
1.486275433862040141e-01 5.946054157839150700e-02 2.309499128278135263e-02 2.534322336359415284e-02 2.524916074686173184e-02 3.665475015083426158e-02 8.986904793881914100e-02 1.372401215907800287e-01 1.383289934944256505e-01 7.661073751361509310e-02 7.901108154531022443e-02 1.605098074083828874e-01
9.176574717957793059e-02 9.235923899171788465e-02 1.239082726872730994e-01 8.229810416073679580e-02 7.893017176609265495e-02 1.442355427940669454e-01 1.713314116458751202e-01 8.641415695388106333e-02 4.007753872322991628e-02 2.017997343522354853e-02 2.429632042204395159e-02 4.420352124028095742e-02
1.043948263013786959e-01 7.183935146723553766e-02 5.756890369583425593e-02 5.626647127808819676e-02 1.352319150748682863e-01 1.047758010052077526e-01 9.858128748757050142e-02 5.041545236763014803e-02 3.938376250371236620e-02 4.563006847055368215e-02 8.790146586031200027e-02 1.480106944876087849e-01
2.164885549333302739e-01 1.335583763041458261e-01 5.142388559914049667e-02 1.889835739189555178e-02 1.589411494866500157e-02 1.623323732953277018e-02 2.958740801535965359e-02 3.918446466376179771e-02 5.038829704548913879e-02 6.995911402412108293e-02 8.471965024283674428e-02 2.736645395017217597e-01
1.066485831398858164e-01 2.331565624811289539e-01 9.773827861579398313e-02 1.621179847064476431e-01 1.778856035572790317e-01 8.138976249020368758e-02 3.945574436100425519e-02 8.408243808915052270e-03 4.520655244062365963e-03 7.024874858028409136e-03 1.732170840473264486e-02 6.433199833251840305e-02
1.216081306949455820e-01 1.485637009168857825e-01 5.018846849353858497e-02 1.260028374870803547e-01 8.926907588197516286e-02 9.656080808886756406e-02 3.016532776151938794e-02 9.254624131672356535e-03 1.951645809060967643e-02 1.994950259411613219e-02 8.938115664076889955e-02 1.995399092180203671e-01
1.971919738749657383e-02 3.635569908526640331e-02 1.092704404714178179e-01 7.117986660126643383e-02 2.378016386817573963e-02 1.422850411164334333e-02 4.347907247389254382e-02 1.987413270497818130e-01 1.411847329864874823e-01 1.481963619208949701e-01 1.148538037301865544e-01 7.901083031349007135e-02
1.731440219596958041e-02 1.840868201456737074e-02 2.890115377394809892e-02 9.869333373440741797e-02 1.387188312376108068e-01 1.100463720348432151e-01 5.327610135758629323e-02 1.444218446618330265e-01 1.858521386637891903e-01 1.256240249926695030e-01 5.489674341417907777e-02 2.384637191859671074e-02
4.331403930634870891e-02 1.629108959360547337e-01 5.931026040140444100e-02 4.088526597570751875e-02 4.684325895746072749e-02 6.331328624402783600e-02 1.155880887756953468e-01 1.696433261389244385e-01 1.541686970343453256e-01 5.594626500111954392e-02 3.923256146944596734e-02 4.884405475946527325e-02
3.779839955206325264e-02 2.953591516288080199e-02 3.215546861424424530e-02 6.984348470384722785e-02 5.313149424085694683e-02 3.814152468051028311e-02 5.073901302079048686e-02 1.380822594246419732e-01 1.132733191804496109e-01 1.025203319605359764e-01 2.513970074556459711e-01 8.338178200353318914e-02
1.213867804325013955e-01 1.222080290654123935e-01 3.624060688407051978e-02 6.938214181434218183e-03 3.815131946310114722e-03 2.801163531051106478e-03 9.455016073738310711e-03 5.568749221453639375e-02 1.293744547266901801e-01 2.571448010685609686e-01 1.409202634657271691e-01 1.140280464099677066e-01
1.002108985175082095e-01 5.842142103602676606e-02 1.627798043435192410e-01 1.644159594258267632e-01 1.642015140934123263e-01 4.214420268954120752e-02 1.231288517844118802e-02 1.412206543315697171e-02 1.549082751661347290e-02 2.060015874549970399e-02 7.543127126798529480e-02 1.698689917524688897e-01
1.379535769247532684e-01 2.762702718919558542e-01 1.244364368037289281e-01 2.334858541705499974e-02 8.342952489750449230e-03 3.560812348669584529e-03 2.878482314871823843e-03 8.023497238732245004e-03 3.812970258965192594e-02 1.403507986068015800e-01 1.731336501100361192e-01 6.357123326399322094e-02
1.542226498379840882e-01 5.570014043328758158e-02 4.995465155800671297e-02 4.044532753829310767e-02 6.144756392510847265e-02 1.470582506616927576e-01 9.152433096334558482e-02 3.053068043659276296e-02 2.002186534629276163e-02 3.714728082011975463e-02 8.057822643991527367e-02 2.313690320393611000e-01
4.889156747923323332e-02 1.796044403627820862e-01 1.638367009753502468e-01 5.668433073654816079e-02 3.494901252913569512e-02 4.925840339169356569e-02 4.504259267880845324e-02 7.689354677937045024e-02 2.212266238075941693e-01 8.886122796023578074e-02 1.528863135707311458e-02 1.946292194217507862e-02
2.582036398461083279e-02 4.700594631430017600e-02 1.329628096100988477e-01 1.920574883928912735e-01 7.937054606200863449e-02 4.616516015689355046e-02 2.031440638808512666e-01 1.544144455966630081e-01 7.228784453768059837e-02 2.993495425913528935e-02 7.674237344758140858e-03 9.162139860108699241e-03
6.303063916676174272e-02 4.762111320025483319e-02 6.493391392915535965e-02 2.545477020094696202e-02 4.832265649520543771e-02 1.553162294649443886e-01 4.904947915030363065e-02 6.458243962750964684e-02 7.672268146643851372e-02 5.999433604898481154e-02 2.023932588276200761e-01 1.425784824218744862e-01
9.025584667083093315e-02 6.291302872208676122e-02 8.292378578733408667e-02 1.194271519477591581e-01 1.528334836793858731e-01 1.482758239893646468e-01 8.622922017325387878e-02 4.585556136734152133e-02 2.489618715816201144e-02 4.079312448560301618e-02 6.040390120829093601e-02 8.519288481058742701e-02
1.054827727661264598e-02 4.969562914771067774e-04 6.618652342564166312e-03 6.785790529185601466e-03 6.224424581790972705e-04 1.181850265454040955e-02 4.883084942414256391e-02 6.250487216866054685e-02 2.953808369045746174e-01 2.490680966787798267e-01 2.313915148129800370e-01 7.593320845830345278e-02
3.833314604776490164e-02 2.498741051484624359e-02 6.109717307403890463e-02 2.114344300899473894e-01 1.250126032234617768e-01 6.152235790801312970e-02 5.848334652377705500e-02 1.800641231018124400e-01 7.093612624651358944e-02 5.114894284823344461e-02 4.951169874670387216e-02 6.746864167488740571e-02
2.069656309043678699e-01 3.454427897818659887e-02 1.785070474039570851e-02 6.380696707176330973e-02 1.527807712091810433e-01 1.239580952465001440e-01 1.184622804066445823e-01 4.957495126289220011e-02 2.749686646661939071e-02 4.629598071021882866e-02 4.436799018183375937e-02 1.138954828213964710e-01
4.779678382064126568e-02 2.267191460201677944e-01 2.609689321816914265e-01 5.505199892139642226e-02 1.615477544372326962e-02 2.097871186077542721e-02 5.470266757073764807e-02 1.398213749018637764e-01 1.087052184561132090e-01 3.548593298911576627e-02 2.215398396220140745e-02 1.146047387157285088e-02
1.233202460888368178e-02 1.071814678205105370e-02 2.201860341865365459e-02 5.284326320474794225e-02 1.312349423121820235e-01 1.901275080699487141e-01 5.283012994265408324e-02 9.573900212564009915e-02 2.925673968299495886e-01 7.522451509576326412e-02 3.744635835677091046e-02 2.691810925275490290e-02
4.694604611419398582e-02 1.717343955092293650e-01 9.711073189097874092e-02 1.571266085582094796e-01 9.884543979128772306e-02 1.652443361830084612e-01 9.014669135357393503e-02 5.714232212010845330e-02 4.649593590484733113e-02 2.929703446081733526e-02 1.769503620442765268e-02 2.221542190931783539e-02
7.285132864608882819e-02 3.022496751252327085e-01 9.327267769588704072e-02 3.119168818246236680e-02 2.562555538685604151e-02 6.833703227962859006e-02 1.089123625370597148e-01 1.109783017687573231e-01 8.736943688479970049e-02 3.619103307194067309e-02 2.468368631789303463e-02 3.833722210339447767e-02
1.146337250209813752e-01 5.590151756248189219e-02 1.050845226041537822e-01 2.249794138394825560e-01 1.165772936812506377e-01 8.074055276897426636e-02 2.983267476496963971e-02 1.479934267635859245e-02 1.611464502779489522e-02 5.863496467023793235e-02 1.103740874462984245e-01 7.232725993701664968e-02
7.015756511957138564e-02 7.977075940781905294e-02 1.135538208621312550e-01 6.193860160366605749e-02 1.127282682267022051e-01 4.922935164767854727e-02 3.207703212852107411e-02 4.369299424028057904e-02 6.531199242941222727e-02 1.431275291845914566e-01 1.475199321912767647e-01 8.089215295834976949e-02
1.170672320921337661e-01 1.239207787060716826e-01 6.391851244119313435e-02 4.849176352332308648e-02 6.901675650107017002e-02 9.733213429033762965e-02 1.159607961430753897e-01 7.128811779111393632e-02 8.020118947088894501e-02 5.849130702776998703e-02 8.134337266919663967e-02 7.296803934382566081e-02
2.114310887905384434e-02 2.147563842932050798e-02 2.483434939763303276e-02 4.057235829690544748e-02 1.437496491990710723e-01 1.563772733960278327e-01 2.250070851088373791e-01 9.003360465089801923e-02 7.935157248717294998e-02 4.533452502932149714e-02 6.684440228273366702e-02 8.527643284302485749e-02
4.471523075430894334e-02 6.696597554796952789e-02 4.315548821596094931e-02 2.939162473721565819e-02 4.575952342066594292e-02 8.808572278192391969e-02 1.060509297594285916e-01 1.790075192819620131e-01 1.202242687414666333e-01 1.018155080525328104e-01 9.514647451071725492e-02 7.968173419584800854e-02
2.244089812135377504e-02 3.293198532837685738e-02 9.826561245155716884e-02 8.906314801918358004e-02 1.340531552335523235e-01 7.519613280939467514e-02 5.216255256285959319e-02 8.160325317957015101e-02 1.048602566751842824e-01 1.855697164439490954e-01 9.239569736043647119e-02 3.145759181458202686e-02
7.962867477151105988e-02 7.123819402128522826e-02 4.467688993783331536e-02 3.123882862066013066e-02 3.383038591663760364e-02 5.575809772917317275e-02 7.791174548506325792e-02 1.153352085706211838e-01 1.476054901101122585e-01 7.707807768623543831e-02 1.243948399907170432e-01 1.413035671601504117e-01
1.940293038208848464e-01 6.818397456868932616e-02 3.787881295434651630e-02 1.752707614046859763e-02 1.152655627486790652e-02 3.961819133922443725e-02 8.724059046841792231e-02 1.424902692600352738e-01 1.386979535559405008e-01 1.037176318417115106e-01 4.244068559640695737e-02 1.166489541790061701e-01
8.911274824948486883e-02 4.872786250191810803e-02 3.565766507339514224e-02 5.454795462617611362e-02 1.742266521383179778e-01 1.754425935336886289e-01 6.128310837753947471e-02 1.754041393032892970e-02 1.494559027034082083e-02 5.998644860819798280e-02 9.169057777624023409e-02 1.768383849143719266e-01
6.933010687516936998e-02 1.546434638212529911e-01 2.007773362394892347e-01 1.621941083677475581e-01 2.289530335954035323e-01 6.855776609759291207e-02 1.781736428844075612e-02 4.393941914329858520e-03 2.274844992106394258e-03 5.245821879564465870e-03 2.505742087417810182e-02 6.075479105472487984e-02
1.462199884012389539e-01 1.181623787283830607e-01 1.705938884158574587e-01 6.075006188667962659e-02 8.068001862833207305e-02 5.454864851301667594e-02 2.479581616643010411e-02 4.641841436344919941e-02 9.176737332898000921e-02 1.021963672503790332e-01 6.022897999273878894e-02 4.363806432451512035e-02
1.697906718394685821e-01 9.939188733185133628e-02 4.985657505070578699e-02 6.636580966595416464e-02 1.040258646088109973e-01 1.325269458047593218e-01 8.031915956660863609e-02 6.891230179430476999e-02 4.371897558992252075e-02 2.742827616010116987e-02 3.422891585396889425e-02 1.234346167335438615e-01
1.672454395524871629e-01 1.476729176179311098e-01 1.393478146489129377e-01 1.334179658703913973e-01 7.376024994416849334e-02 4.739560453116277439e-02 1.392869810839436791e-02 9.159156134811890712e-03 2.075287020711637925e-02 3.593300234786769853e-02 4.756787569576084035e-02 1.638184053409950103e-01
1.190209466299666508e-01 9.205802162109125164e-02 1.021491356916156557e-01 1.041352972723681991e-01 5.593830142374935782e-02 2.450982646466555101e-02 9.834027157299734395e-03 9.122036083525573644e-03 1.566810249244694059e-02 6.296190065711389228e-02 1.301097687676247561e-01 2.744926357385327753e-01
5.078532511962993712e-02 2.483191055567224997e-02 3.706424717451312772e-02 4.305318163387795299e-02 1.281274910567058445e-01 2.183292825444521079e-01 1.733195317826901061e-01 9.161818233069304873e-02 7.105690769612797719e-02 5.782458229042752168e-02 4.359304382578214898e-02 6.039631398942806040e-02
3.501289934280685245e-02 1.092483070770206427e-01 2.311806283337334844e-01 9.239672766208015253e-02 1.348376119889824545e-02 5.842217922145623993e-03 8.466343459701024948e-03 4.338927031805081547e-02 1.028889462771224728e-01 8.799780459539234545e-02 1.699877252485921253e-01 1.001053685644563984e-01
4.141634516275824462e-02 1.030811404013356331e-01 2.002432956938004494e-01 7.145710013294791219e-02 5.340064533796085033e-02 1.955403808876120253e-02 1.974530576965992379e-02 2.063784693959462568e-02 7.860584385870098001e-02 2.100728836495367458e-01 1.190999677656553318e-01 6.268558719928822576e-02
8.748368450824089981e-02 1.142719228531905440e-01 1.542470669694896990e-01 1.307770692940589952e-01 1.016784254532959453e-01 1.288091660658017279e-01 7.101044176920748296e-02 6.046190535511978409e-02 5.051422630555635340e-02 3.128391761279208927e-02 1.705509208713308633e-02 5.240708172611356630e-02
3.265079506411903976e-02 2.551926176787922690e-02 3.974832071995092198e-02 5.150544702626022597e-02 4.965955738234398287e-02 1.123504866727469687e-01 1.331373810565078530e-01 7.695667878428159858e-02 3.814811618924894565e-02 4.534545679509573851e-02 2.012826515654355664e-01 1.936958469761297374e-01
2.996514959698719574e-02 6.076642444657780195e-02 8.121077967313380941e-02 1.250836124996823895e-01 2.200624877962806814e-01 1.081626429146625434e-01 4.722690736125034761e-02 6.223620451374503593e-02 9.001855392403006195e-02 6.723630278930817217e-02 7.966577619374941299e-02 2.836515829059256533e-02
1.545774460655290894e-01 1.435794334263831573e-01 1.115545239171282788e-01 1.630119695867536800e-01 1.401643537414973828e-01 9.006359744840811143e-02 3.415428164712366876e-02 6.992884511024519134e-03 6.574953873891783290e-03 4.514705260017647971e-03 1.850782179604628513e-02 1.263040287261963657e-01
2.026956382447372140e-01 1.209561691522766519e-01 2.178704200995274995e-02 5.801826233627353085e-03 3.116675771711739824e-03 3.072207030248397946e-03 7.009957908475952272e-03 1.629688135057331261e-02 7.310835812288012103e-02 2.384835418669968843e-01 1.625024958787818774e-01 1.451692064297378515e-01
5.496207258733908779e-02 7.373681121498887325e-02 1.132501102843546104e-01 6.825571063813039296e-02 3.222907671820168796e-02 4.130000103376484100e-02 1.659256963270030472e-01 9.154365899687108565e-02 9.935978479593368662e-02 4.071828184445299564e-02 1.056782463243653158e-01 1.130405492345944868e-01
5.599536197455071140e-02 9.152093187092280591e-02 9.764371847095418278e-02 5.088069353652244220e-02 2.958661438691813361e-02 6.132005064015178669e-02 7.009609778827592674e-02 7.596238397377066964e-02 1.080067206333641533e-01 1.678749017870014015e-01 1.117210838496391079e-01 7.939144108792883792e-02
4.565824101769683230e-02 1.097683481100152764e-01 1.779275758208306302e-01 6.828883508316904716e-02 6.893050026520397555e-02 1.064057814495381893e-01 4.499268747881056407e-02 1.379922378242120495e-01 1.247599525761693418e-01 5.392911140878513948e-02 3.341619301379095130e-02 2.793053595177777404e-02
4.255408953651500237e-03 2.282011375765571025e-03 3.116239478171339145e-03 1.299874028773978507e-02 4.690459663168591170e-02 1.916285471906853388e-01 2.008751168546191179e-01 1.298444884892226148e-01 1.611816850641396015e-01 1.852373828462783589e-01 5.155701276229479602e-02 1.011877006574628257e-02
1.501504247772848244e-01 7.918720294891612443e-02 1.097176718974036680e-01 1.596160123856764090e-01 1.374046329072513006e-01 7.924191576931083336e-02 5.361932904291837054e-02 1.917041409824708081e-02 1.742545285029585903e-02 3.001381755314782782e-02 6.839860758346001657e-02 9.605451818608783110e-02
