8.837380986216525347e-02 9.603638983642115434e-02 8.964260177008320785e-02 6.850653329953852733e-02 5.558266873604449099e-02 3.515267276511277461e-02 4.142529438214313797e-02 6.929758773894835466e-02 8.132205156586477801e-02 7.450132748185497866e-02 8.225630267226347048e-02 1.001554736109403765e-01
9.603638983642115434e-02 1.094313893588608894e-01 1.036975719676849483e-01 7.916522609715706538e-02 6.362727666127571124e-02 3.930038130877211433e-02 4.473440652715738458e-02 7.319876576922697275e-02 8.450908950799856934e-02 7.653741164566658928e-02 8.445087376192453310e-02 1.044775068330035250e-01
8.964260177008320785e-02 1.036975719676849483e-01 1.001304215038177209e-01 7.696665137655847588e-02 6.202778061808367910e-02 3.828580884981358512e-02 4.348734966469035290e-02 7.098267015615875031e-02 8.140166084430991433e-02 7.258495838922235377e-02 7.867105939365344469e-02 9.662004412851266100e-02
6.850653329953852733e-02 7.916522609715706538e-02 7.696665137655847588e-02 5.994950970826318226e-02 4.884331045399561283e-02 3.057027679989839444e-02 3.538348644613822924e-02 5.836117854161367025e-02 6.695245963973925352e-02 5.874948579116857916e-02 6.197182878225376834e-02 7.449278809938489343e-02
5.558266873604449099e-02 6.362727666127571124e-02 6.202778061808367910e-02 4.884331045399561283e-02 4.050904026334141428e-02 2.598419457932307775e-02 3.106693015839718380e-02 5.217329093366246395e-02 6.010974292697632282e-02 5.187877858468002701e-02 5.292271982406427516e-02 6.164503833267244437e-02
3.515267276511277461e-02 3.930038130877211433e-02 3.828580884981358512e-02 3.057027679989839444e-02 2.598419457932307775e-02 1.748496260150490811e-02 2.217236793479149953e-02 3.841300560768039218e-02 4.468216413938473630e-02 3.778204959395831813e-02 3.671734361843991684e-02 4.058144701116191827e-02
4.142529438214313797e-02 4.473440652715738458e-02 4.348734966469035290e-02 3.538348644613822924e-02 3.106693015839718380e-02 2.217236793479149953e-02 3.014941707543866006e-02 5.402841959388077903e-02 6.350498747717010783e-02 5.264440819477508166e-02 4.859641791267708955e-02 5.045899690758738620e-02
6.929758773894835466e-02 7.319876576922697275e-02 7.098267015615875031e-02 5.836117854161367025e-02 5.217329093366246395e-02 3.841300560768039218e-02 5.402841959388077903e-02 9.862997539643586498e-02 1.166578971727567360e-01 9.595556224207410501e-02 8.653949506210659171e-02 8.705617281998007106e-02
8.132205156586477801e-02 8.450908950799856934e-02 8.140166084430991433e-02 6.695245963973925352e-02 6.010974292697632282e-02 4.468216413938473630e-02 6.350498747717010783e-02 1.166578971727567360e-01 1.397766956292534613e-01 1.156291240095434630e-01 1.042077242657465652e-01 1.039107156449301517e-01
7.450132748185497866e-02 7.653741164566658928e-02 7.258495838922235377e-02 5.874948579116857916e-02 5.187877858468002701e-02 3.778204959395831813e-02 5.264440819477508166e-02 9.595556224207410501e-02 1.156291240095434630e-01 9.930177322096087056e-02 9.307321681252651857e-02 9.522249217857459147e-02
8.225630267226347048e-02 8.445087376192453310e-02 7.867105939365344469e-02 6.197182878225376834e-02 5.292271982406427516e-02 3.671734361843991684e-02 4.859641791267708955e-02 8.653949506210659171e-02 1.042077242657465652e-01 9.307321681252651857e-02 9.501978734046762076e-02 1.031731163316206290e-01
1.001554736109403765e-01 1.044775068330035250e-01 9.662004412851266100e-02 7.449278809938489343e-02 6.164503833267244437e-02 4.058144701116191827e-02 5.045899690758738620e-02 8.705617281998007106e-02 1.039107156449301517e-01 9.522249217857459147e-02 1.031731163316206290e-01 1.212432180394901471e-01
3.612073896776640120e-02 7.724703652983992697e-02 6.953801618703110698e-02 4.381106409231727561e-02 3.561014683743640719e-02 4.223088373712581556e-02 4.546969947341099327e-02 2.544325116218121297e-02 2.398267535533050304e-02 2.367785882582267368e-02 3.489474760389895541e-02 4.883057671570795871e-02
7.724703652983992697e-02 1.678823011892930372e-01 1.511065192531713675e-01 9.352561971081524428e-02 7.281765250959995606e-02 8.260608760963393526e-02 8.752220609620206537e-02 4.957433651395694307e-02 4.778127347818679482e-02 4.828577827741863115e-02 7.234172643761141441e-02 1.023322702120491867e-01
6.953801618703110698e-02 1.511065192531713675e-01 1.379860989453561004e-01 8.683023303779888180e-02 6.956184777583346301e-02 8.089855390743361241e-02 8.602058989242558629e-02 4.793431157623037620e-02 4.500749148972892077e-02 4.441603720005127959e-02 6.557282815677450971e-02 9.221663390106681069e-02
4.381106409231727561e-02 9.352561971081524428e-02 8.683023303779888180e-02 5.918212255638038988e-02 5.414351680677259582e-02 7.008062478035900766e-02 7.635647106576429199e-02 4.059013370182963654e-02 3.500217447591925934e-02 3.158511709214658486e-02 4.377704804550899831e-02 5.966687593542829848e-02
3.561014683743640719e-02 7.281765250959995606e-02 6.956184777583346301e-02 5.414351680677259582e-02 6.156503247283236918e-02 9.092361691054964834e-02 1.018617934019023091e-01 5.168533682132865625e-02 4.045560665430734948e-02 3.223181099515730341e-02 4.015141823123630910e-02 5.148208808986554086e-02
4.223088373712581556e-02 8.260608760963393526e-02 8.089855390743361241e-02 7.008062478035900766e-02 9.092361691054964834e-02 1.454946013632039681e-01 1.657126364781459915e-01 8.242042074339794855e-02 6.158308484138171057e-02 4.569599881269790359e-02 5.287752575564914903e-02 6.454079261896564224e-02
4.546969947341099327e-02 8.752220609620206537e-02 8.602058989242558629e-02 7.635647106576429199e-02 1.018617934019023091e-01 1.657126364781459915e-01 1.915761753104553988e-01 9.506309181422828436e-02 7.049999217677097030e-02 5.159382564561178219e-02 5.873462579618249357e-02 7.077986245167977586e-02
2.544325116218121297e-02 4.957433651395694307e-02 4.793431157623037620e-02 4.059013370182963654e-02 5.168533682132865625e-02 8.242042074339794855e-02 9.506309181422828436e-02 4.772057387841419085e-02 3.610417219240921044e-02 2.714985301748019247e-02 3.179655380880121174e-02 3.900951875827657345e-02
2.398267535533050304e-02 4.778127347818679482e-02 4.500749148972892077e-02 3.500217447591925934e-02 4.045560665430734948e-02 6.158308484138171057e-02 7.049999217677097030e-02 3.610417219240921044e-02 2.855988544134429458e-02 2.274973681882900070e-02 2.817117534179837401e-02 3.573691711699544804e-02
2.367785882582267368e-02 4.828577827741863115e-02 4.441603720005127959e-02 3.158511709214658486e-02 3.223181099515730341e-02 4.569599881269790359e-02 5.159382564561178219e-02 2.714985301748019247e-02 2.274973681882900070e-02 1.960803014594857119e-02 2.597686978668720115e-02 3.420415200128665290e-02
3.489474760389895541e-02 7.234172643761141441e-02 6.557282815677450971e-02 4.377704804550899831e-02 4.015141823123630910e-02 5.287752575564914903e-02 5.873462579618249357e-02 3.179655380880121174e-02 2.817117534179837401e-02 2.597686978668720115e-02 3.638115147724631931e-02 4.927274431712830305e-02
4.883057671570795871e-02 1.023322702120491867e-01 9.221663390106681069e-02 5.966687593542829848e-02 5.148208808986554086e-02 6.454079261896564224e-02 7.077986245167977586e-02 3.900951875827657345e-02 3.573691711699544804e-02 3.420415200128665290e-02 4.927274431712830305e-02 6.792328825175901474e-02
8.518579236834485091e-02 6.986621675709163426e-02 4.876577523248422363e-02 3.071125607070616936e-02 3.234672629186298443e-02 3.292303989765715810e-02 5.228638036836079361e-02 4.685457774542875486e-02 4.335221019945723064e-02 4.582009709066311998e-02 7.218046686175393079e-02 1.378943925073697063e-01
6.986621675709163426e-02 5.789533485345571551e-02 4.094099623718737424e-02 2.648537073103771414e-02 2.905614202170878069e-02 3.076095083489003776e-02 5.004106319467017949e-02 4.405054837719090538e-02 3.885130450632380550e-02 3.889973049639157410e-02 5.941235468515407986e-02 1.125830644622117654e-01
4.876577523248422363e-02 4.094099623718737424e-02 2.970786461922540408e-02 2.023893029659425830e-02 2.385949725532280491e-02 2.690947059433123484e-02 4.538754750582656150e-02 3.903049994685206525e-02 3.204462430176716059e-02 2.921553418173576666e-02 4.198868327261271599e-02 7.819358035332660273e-02
3.071125607070616936e-02 2.648537073103771414e-02 2.023893029659425830e-02 1.537390190362359493e-02 2.057634304997767172e-02 2.549521914235126918e-02 4.511711111540737951e-02 3.771194135129646297e-02 2.802063055851573142e-02 2.171908289151698243e-02 2.735024664462239533e-02 4.877753664293525693e-02
3.234672629186298443e-02 2.905614202170878069e-02 2.385949725532280491e-02 2.057634304997767172e-02 3.113797771619311941e-02 4.154928829377653454e-02 7.603664805322192521e-02 6.238919567326214888e-02 4.305481765546441408e-02 2.862172132612379044e-02 3.040138395277831862e-02 5.062374313464375331e-02
3.292303989765715810e-02 3.076095083489003776e-02 2.690947059433123484e-02 2.549521914235126918e-02 4.154928829377653454e-02 5.803800332547210533e-02 1.083013909056757262e-01 8.814482064786734183e-02 5.856516666512463776e-02 3.540526021988579797e-02 3.272105709277736002e-02 5.078702503684644209e-02
5.228638036836079361e-02 5.004106319467017949e-02 4.538754750582656150e-02 4.511711111540737951e-02 7.603664805322192521e-02 1.083013909056757262e-01 2.044120698517798984e-01 1.659652302892388187e-01 1.085845852461812533e-01 6.287355350220663608e-02 5.388176452362154062e-02 7.994542950028324380e-02
4.685457774542875486e-02 4.405054837719090538e-02 3.903049994685206525e-02 3.771194135129646297e-02 6.238919567326214888e-02 8.814482064786734183e-02 1.659652302892388187e-01 1.363891147352649658e-01 9.036100537542954281e-02 5.352498566122072116e-02 4.763277355212701403e-02 7.224984814623780505e-02
4.335221019945723064e-02 3.885130450632380550e-02 3.204462430176716059e-02 2.802063055851573142e-02 4.305481765546441408e-02 5.856516666512463776e-02 1.085845852461812533e-01 9.036100537542954281e-02 6.289023848014377305e-02 4.091395742069246083e-02 4.181111412714359765e-02 6.817942846768169918e-02
4.582009709066311998e-02 3.889973049639157410e-02 2.921553418173576666e-02 2.171908289151698243e-02 2.862172132612379044e-02 3.540526021988579797e-02 6.287355350220663608e-02 5.352498566122072116e-02 4.091395742069246083e-02 3.256021391693125766e-02 4.129090319895532823e-02 7.351799299105568619e-02
7.218046686175393079e-02 5.941235468515407986e-02 4.198868327261271599e-02 2.735024664462239533e-02 3.040138395277831862e-02 3.272105709277736002e-02 5.388176452362154062e-02 4.763277355212701403e-02 4.181111412714359765e-02 4.129090319895532823e-02 6.226086517704845086e-02 1.170398151125609798e-01
1.378943925073697063e-01 1.125830644622117654e-01 7.819358035332660273e-02 4.877753664293525693e-02 5.062374313464375331e-02 5.078702503684644209e-02 7.994542950028324380e-02 7.224984814623780505e-02 6.817942846768169918e-02 7.351799299105568619e-02 1.170398151125609798e-01 2.241486230525169543e-01
3.935441716670833728e-02 7.159758882036754146e-02 5.463113950591830248e-02 6.091699251111653418e-02 6.620805266882172357e-02 4.707170894889241286e-02 5.999261651194898182e-02 4.474790004674915334e-02 3.167578151331131020e-02 3.341284578731941457e-02 4.424158939582528705e-02 3.742197266291481805e-02
7.159758882036754146e-02 1.321709198178398215e-01 1.012588173805360203e-01 1.128932270335918364e-01 1.213758611111087488e-01 8.408282615808053417e-02 1.047242379859699424e-01 7.793239912433304328e-02 5.538699569773629372e-02 5.879594270093641689e-02 7.830953554836850294e-02 6.692632169379236773e-02
5.463113950591830248e-02 1.012588173805360203e-01 8.077684804193950574e-02 9.439303554342974578e-02 1.037408769566311312e-01 7.028037410955223496e-02 8.511751558623373293e-02 6.216763573469533122e-02 4.337298075863996183e-02 4.525829034809729368e-02 5.975932534871443436e-02 5.097973245886831817e-02
6.091699251111653418e-02 1.128932270335918364e-01 9.439303554342974578e-02 1.200819139069409791e-01 1.377122721577608844e-01 9.165462657798591206e-02 1.079008502718193652e-01 7.666143972447092558e-02 5.178077638436751062e-02 5.226781633672274857e-02 6.771723949489769079e-02 5.722524601317677956e-02
6.620805266882172357e-02 1.213758611111087488e-01 1.037408769566311312e-01 1.377122721577608844e-01 1.689408655418858096e-01 1.141444477846786099e-01 1.349725788103597890e-01 9.421316817873878757e-02 6.182338775594677094e-02 6.033006717827474330e-02 7.643170358900144845e-02 6.346548788049667655e-02
4.707170894889241286e-02 8.408282615808053417e-02 7.028037410955223496e-02 9.165462657798591206e-02 1.141444477846786099e-01 8.459822207616798928e-02 1.071258160610258914e-01 7.504499341887427288e-02 4.854979845639747355e-02 4.635406384585985529e-02 5.765361904290998429e-02 4.675414444650578122e-02
5.999261651194898182e-02 1.047242379859699424e-01 8.511751558623373293e-02 1.079008502718193652e-01 1.349725788103597890e-01 1.071258160610258914e-01 1.457496222048197398e-01 1.029210544334893673e-01 6.621878828372045056e-02 6.253482706759511123e-02 7.693666075383498448e-02 6.132376227989148887e-02
4.474790004674915334e-02 7.793239912433304328e-02 6.216763573469533122e-02 7.666143972447092558e-02 9.421316817873878757e-02 7.504499341887427288e-02 1.029210544334893673e-01 7.406357877441557824e-02 4.830032055006816538e-02 4.622081906654575828e-02 5.728875085658119426e-02 4.575756442947197244e-02
3.167578151331131020e-02 5.538699569773629372e-02 4.337298075863996183e-02 5.178077638436751062e-02 6.182338775594677094e-02 4.854979845639747355e-02 6.621878828372045056e-02 4.830032055006816538e-02 3.228326183044624015e-02 3.167734296030844110e-02 3.986185958966401849e-02 3.211411083269528899e-02
3.341284578731941457e-02 5.879594270093641689e-02 4.525829034809729368e-02 5.226781633672274857e-02 6.033006717827474330e-02 4.635406384585985529e-02 6.253482706759511123e-02 4.622081906654575828e-02 3.167734296030844110e-02 3.205991088558120261e-02 4.109056522885874696e-02 3.347488130860906685e-02
4.424158939582528705e-02 7.830953554836850294e-02 5.975932534871443436e-02 6.771723949489769079e-02 7.643170358900144845e-02 5.765361904290998429e-02 7.693666075383498448e-02 5.728875085658119426e-02 3.986185958966401849e-02 4.109056522885874696e-02 5.338921670487849908e-02 4.388065626645050454e-02
3.742197266291481805e-02 6.692632169379236773e-02 5.097973245886831817e-02 5.722524601317677956e-02 6.346548788049667655e-02 4.675414444650578122e-02 6.132376227989148887e-02 4.575756442947197244e-02 3.211411083269528899e-02 3.347488130860906685e-02 4.388065626645050454e-02 3.653122304837638779e-02
6.390799194152778362e-02 9.177619135144013396e-02 7.675680484510689905e-02 5.273764730299390635e-02 4.684924470956801368e-02 5.002331269989214457e-02 5.787761480887853444e-02 6.636351135945815771e-02 5.304962649737255537e-02 6.905520307844528749e-02 6.853997980611989393e-02 5.645651322739243111e-02
9.177619135144013396e-02 1.349636691753585971e-01 1.132184241561068616e-01 7.725683039368816396e-02 6.751910101727549851e-02 7.051346280001188904e-02 7.973586432850915395e-02 8.965743880172374891e-02 7.072448554985283353e-02 9.146410048712227958e-02 9.200858016690391383e-02 7.821646311494655224e-02
7.675680484510689905e-02 1.132184241561068616e-01 9.592866545965861302e-02 6.598810575932316513e-02 5.823375329961313907e-02 6.129990700833641559e-02 6.954772460049030158e-02 7.796083440593129521e-02 6.063837357473417233e-02 7.721981483025294746e-02 7.705725934599792770e-02 6.535438685562502958e-02
5.273764730299390635e-02 7.725683039368816396e-02 6.598810575932316513e-02 4.651468790225322947e-02 4.245428863161652272e-02 4.615268656593372876e-02 5.353150760627760352e-02 6.040068900725589079e-02 4.605186461380041812e-02 5.702893050842515466e-02 5.543678076911735808e-02 4.582784054725955181e-02
4.684924470956801368e-02 6.751910101727549851e-02 5.823375329961313907e-02 4.245428863161652272e-02 4.110415184887721007e-02 4.712225696707234707e-02 5.663301535423086869e-02 6.473257603779652980e-02 4.823166277461402029e-02 5.758610446129266286e-02 5.374722978114539196e-02 4.242238889059869733e-02
5.002331269989214457e-02 7.051346280001188904e-02 6.129990700833641559e-02 4.615268656593372876e-02 4.712225696707234707e-02 5.716699192363029064e-02 7.122352976590023976e-02 8.262569532881861023e-02 6.065097649035583460e-02 7.043095923321832097e-02 6.333500824446687549e-02 4.759071603316439303e-02
5.787761480887853444e-02 7.973586432850915395e-02 6.954772460049030158e-02 5.353150760627760352e-02 5.663301535423086869e-02 7.122352976590023976e-02 9.185318422500819702e-02 1.083361337899872434e-01 7.922783319425454052e-02 9.084898947197189711e-02 7.971425763047540469e-02 5.759062717593452230e-02
6.636351135945815771e-02 8.965743880172374891e-02 7.796083440593129521e-02 6.040068900725589079e-02 6.473257603779652980e-02 8.262569532881861023e-02 1.083361337899872434e-01 1.308002779938813309e-01 9.660982136199355863e-02 1.113373635667034012e-01 9.677249868238185782e-02 6.822505654639635098e-02
5.304962649737255537e-02 7.072448554985283353e-02 6.063837357473417233e-02 4.605186461380041812e-02 4.823166277461402029e-02 6.065097649035583460e-02 7.922783319425454052e-02 9.660982136199355863e-02 7.460314973007806105e-02 8.952062118137385505e-02 7.885928112894000086e-02 5.532494556525216489e-02
6.905520307844528749e-02 9.146410048712227958e-02 7.721981483025294746e-02 5.702893050842515466e-02 5.758610446129266286e-02 7.043095923321832097e-02 9.084898947197189711e-02 1.113373635667034012e-01 8.952062118137385505e-02 1.135695904404514234e-01 1.022949496393399105e-01 7.215586285937139466e-02
6.853997980611989393e-02 9.200858016690391383e-02 7.705725934599792770e-02 5.543678076911735808e-02 5.374722978114539196e-02 6.333500824446687549e-02 7.971425763047540469e-02 9.677249868238185782e-02 7.885928112894000086e-02 1.022949496393399105e-01 9.576200588378760981e-02 6.956617659857322611e-02
5.645651322739243111e-02 7.821646311494655224e-02 6.535438685562502958e-02 4.582784054725955181e-02 4.242238889059869733e-02 4.759071603316439303e-02 5.759062717593452230e-02 6.822505654639635098e-02 5.532494556525216489e-02 7.215586285937139466e-02 6.956617659857322611e-02 5.382563347548779270e-02
1.293715487047174539e-01 1.402371723812430859e-01 1.175575889850556249e-01 8.370818408449912096e-02 4.549911543750358167e-02 4.047256718545189785e-02 4.546209554386466956e-02 4.256431509149370684e-02 4.424624248914035829e-02 7.118413884390131785e-02 1.182340749189290108e-01 1.544242864196754828e-01
1.402371723812430859e-01 1.802220582651345160e-01 1.550411526591587430e-01 1.085490528406115873e-01 5.731814929245811208e-02 4.902394270109237256e-02 5.328030108074496840e-02 4.813227003171167279e-02 4.741880637541576182e-02 7.220874495121648584e-02 1.145813238139977014e-01 1.475545340993801580e-01
1.175575889850556249e-01 1.550411526591587430e-01 1.393084260064953728e-01 9.816996245538320287e-02 5.167232593371091920e-02 4.393427021795951598e-02 4.745933823203637297e-02 4.251989705401709035e-02 4.129661546135685729e-02 6.187777037883332443e-02 9.658512512152102325e-02 1.223503916676639686e-01
8.370818408449912096e-02 1.085490528406115873e-01 9.816996245538320287e-02 7.016342527663575745e-02 3.715874531915844270e-02 3.180593017763004571e-02 3.451996279035123710e-02 3.104002712081995255e-02 3.028247638829737257e-02 4.556723867415939100e-02 7.124917389842752580e-02 8.951541205136853696e-02
4.549911543750358167e-02 5.731814929245811208e-02 5.167232593371091920e-02 3.715874531915844270e-02 1.987300758381476545e-02 1.720351791161533334e-02 1.883032549562172961e-02 1.706229515167076091e-02 1.682359687563785011e-02 2.558832275113141763e-02 4.031354177036372555e-02 5.043085802016854247e-02
4.047256718545189785e-02 4.902394270109237256e-02 4.393427021795951598e-02 3.180593017763004571e-02 1.720351791161533334e-02 1.512524400620822787e-02 1.674773781624112196e-02 1.533464535552709479e-02 1.533810717801655649e-02 2.366166072570534407e-02 3.765192229936233093e-02 4.690191996159423504e-02
4.546209554386466956e-02 5.328030108074496840e-02 4.745933823203637297e-02 3.451996279035123710e-02 1.883032549562172961e-02 1.674773781624112196e-02 1.872722122354161800e-02 1.730097846090713001e-02 1.751617453220223955e-02 2.734148124604557362e-02 4.387013634687531027e-02 5.452070206073175024e-02
4.256431509149370684e-02 4.813227003171167279e-02 4.251989705401709035e-02 3.104002712081995255e-02 1.706229515167076091e-02 1.533464535552709479e-02 1.730097846090713001e-02 1.615049017683962626e-02 1.658473348512266160e-02 2.624080437650866404e-02 4.251602299639974103e-02 5.280278008971668602e-02
4.424624248914035829e-02 4.741880637541576182e-02 4.129661546135685729e-02 3.028247638829737257e-02 1.682359687563785011e-02 1.533810717801655649e-02 1.751617453220223955e-02 1.658473348512266160e-02 1.741266963420189454e-02 2.812719425493482445e-02 4.625213436337470563e-02 5.748028763667815955e-02
7.118413884390131785e-02 7.220874495121648584e-02 6.187777037883332443e-02 4.556723867415939100e-02 2.558832275113141763e-02 2.366166072570534407e-02 2.734148124604557362e-02 2.624080437650866404e-02 2.812719425493482445e-02 4.642231133264948517e-02 7.750465283510432624e-02 9.649986051555609068e-02
1.182340749189290108e-01 1.145813238139977014e-01 9.658512512152102325e-02 7.124917389842752580e-02 4.031354177036372555e-02 3.765192229936233093e-02 4.387013634687531027e-02 4.251602299639974103e-02 4.625213436337470563e-02 7.750465283510432624e-02 1.318248621995544712e-01 1.653098283425279702e-01
1.544242864196754828e-01 1.475545340993801580e-01 1.223503916676639686e-01 8.951541205136853696e-02 5.043085802016854247e-02 4.690191996159423504e-02 5.452070206073175024e-02 5.280278008971668602e-02 5.748028763667815955e-02 9.649986051555609068e-02 1.653098283425279702e-01 2.153987355902068634e-01
3.327952381398228965e-02 6.671073370000682456e-02 7.310232872747476907e-02 6.797169700991856356e-02 5.367455358295935425e-02 4.237462995172039393e-02 4.028969770590362653e-02 3.969419126272225040e-02 4.424913127252544376e-02 3.247188344212864619e-02 2.664179140939832921e-02 2.481936852990941286e-02
6.671073370000682456e-02 1.379869339804715156e-01 1.526216371524101167e-01 1.389154060462589602e-01 1.051675381742454840e-01 7.982111085766997738e-02 7.393897395733847744e-02 7.209091861951415214e-02 8.025552292149085165e-02 5.930316923851615407e-02 4.951666400687172037e-02 4.772101979204077665e-02
7.310232872747476907e-02 1.526216371524101167e-01 1.780487316434357647e-01 1.650498282368147440e-01 1.223929046487937100e-01 8.984228025566257103e-02 8.089986545451621769e-02 7.765895596003793977e-02 8.591682899805058726e-02 6.348881933914030107e-02 5.321226404326614978e-02 5.173329925024301723e-02
6.797169700991856356e-02 1.389154060462589602e-01 1.650498282368147440e-01 1.685349354919842280e-01 1.289498041560334096e-01 9.479347056185427611e-02 8.462755148468478761e-02 8.039629467688846898e-02 8.819880344538222339e-02 6.451871892112931439e-02 5.305034941632656709e-02 4.990865640608843634e-02
5.367455358295935425e-02 1.051675381742454840e-01 1.223929046487937100e-01 1.289498041560334096e-01 1.085988961352146454e-01 8.413434750865314560e-02 7.728611950963613919e-02 7.406975881075880674e-02 8.115904227986478481e-02 5.870455990808471497e-02 4.699941088631025277e-02 4.200006818012183563e-02
4.237462995172039393e-02 7.982111085766997738e-02 8.984228025566257103e-02 9.479347056185427611e-02 8.413434750865314560e-02 7.013216062143154406e-02 6.716062087960282534e-02 6.546225570769911850e-02 7.200523122725172032e-02 5.175159436719528605e-02 4.068473414499197000e-02 3.497452497753977818e-02
4.028969770590362653e-02 7.393897395733847744e-02 8.089986545451621769e-02 8.462755148468478761e-02 7.728611950963613919e-02 6.716062087960282534e-02 6.680253510274794526e-02 6.616443833740594249e-02 7.313973051013530902e-02 5.243331763663064415e-02 4.083636581343111360e-02 3.435042056732029447e-02
3.969419126272225040e-02 7.209091861951415214e-02 7.765895596003793977e-02 8.039629467688846898e-02 7.406975881075880674e-02 6.546225570769911850e-02 6.616443833740594249e-02 6.634642673406701552e-02 7.367345569541748629e-02 5.281429968193071534e-02 4.102190907644462370e-02 3.425079116431230253e-02
4.424913127252544376e-02 8.025552292149085165e-02 8.591682899805058726e-02 8.819880344538222339e-02 8.115904227986478481e-02 7.200523122725172032e-02 7.313973051013530902e-02 7.367345569541748629e-02 8.210396290471422276e-02 5.891578869676714070e-02 4.578214986266265774e-02 3.821745255620453974e-02
3.247188344212864619e-02 5.930316923851615407e-02 6.348881933914030107e-02 6.451871892112931439e-02 5.870455990808471497e-02 5.175159436719528605e-02 5.243331763663064415e-02 5.281429968193071534e-02 5.891578869676714070e-02 4.238261117917904025e-02 3.305981462123977477e-02 2.778411022570508385e-02
2.664179140939832921e-02 4.951666400687172037e-02 5.321226404326614978e-02 5.305034941632656709e-02 4.699941088631025277e-02 4.068473414499197000e-02 4.083636581343111360e-02 4.102190907644462370e-02 4.578214986266265774e-02 3.305981462123977477e-02 2.603121095471496935e-02 2.225830017102054664e-02
2.481936852990941286e-02 4.772101979204077665e-02 5.173329925024301723e-02 4.990865640608843634e-02 4.200006818012183563e-02 3.497452497753977818e-02 3.435042056732029447e-02 3.425079116431230253e-02 3.821745255620453974e-02 2.778411022570508385e-02 2.225830017102054664e-02 1.975207143805703114e-02
8.285458218762568883e-02 7.701271256102670826e-02 7.663495073300131966e-02 7.455702781707662652e-02 6.712214728073817582e-02 7.617978843182382498e-02 4.109567688785021461e-02 3.247078821060762899e-02 5.422646685341495076e-02 7.293390891142921550e-02 6.073894431984333542e-02 1.107242554314139815e-01
7.701271256102670826e-02 7.691814039318575769e-02 8.178566204677867324e-02 8.296262847203819679e-02 7.523422600991569453e-02 8.433879384350463637e-02 4.381754248830282278e-02 3.211805132368168725e-02 5.075458041994974911e-02 6.681822306915333187e-02 5.504092221189825496e-02 9.981578821033273985e-02
7.663495073300131966e-02 8.178566204677867324e-02 9.541661737464440796e-02 1.025261228288470161e-01 9.480547250704404738e-02 1.057999701775239193e-01 5.295794371072516660e-02 3.566776376803616755e-02 5.244564665511211587e-02 6.687593915879500028e-02 5.391182331904394859e-02 9.649677646265658604e-02
7.455702781707662652e-02 8.296262847203819679e-02 1.025261228288470161e-01 1.184919861840341149e-01 1.132988831205760522e-01 1.274248323612489631e-01 6.222106564270941942e-02 3.930854187060589533e-02 5.427937794391538701e-02 6.703080338915151648e-02 5.258731646072904026e-02 9.234752812261601274e-02
6.712214728073817582e-02 7.523422600991569453e-02 9.480547250704404738e-02 1.132988831205760522e-01 1.140412511650064908e-01 1.309502705363060626e-01 6.331078353886743226e-02 3.882440576455788162e-02 5.191158314075009633e-02 6.288335475702278021e-02 4.827783215090442753e-02 8.331057399433004773e-02
7.617978843182382498e-02 8.433879384350463637e-02 1.057999701775239193e-01 1.274248323612489631e-01 1.309502705363060626e-01 1.539667644467634100e-01 7.445659636123208580e-02 4.554149529370066229e-02 6.069826829598209961e-02 7.325927559203063155e-02 5.578871981709170036e-02 9.552143528704551412e-02
4.109567688785021461e-02 4.381754248830282278e-02 5.295794371072516660e-02 6.222106564270941942e-02 6.331078353886743226e-02 7.445659636123208580e-02 3.661758213952208407e-02 2.323271154744637607e-02 3.215998690353798900e-02 3.953569826378999785e-02 3.045753317758374129e-02 5.252427494678633957e-02
3.247078821060762899e-02 3.211805132368168725e-02 3.566776376803616755e-02 3.930854187060589533e-02 3.882440576455788162e-02 4.554149529370066229e-02 2.323271154744637607e-02 1.616251726687553680e-02 2.434761008986725123e-02 3.109577879736879352e-02 2.453859479170715507e-02 4.295764313265500872e-02
5.422646685341495076e-02 5.075458041994974911e-02 5.244564665511211587e-02 5.427937794391538701e-02 5.191158314075009633e-02 6.069826829598209961e-02 3.215998690353798900e-02 2.434761008986725123e-02 3.933569732715488931e-02 5.168404181950196630e-02 4.149236775082760370e-02 7.340683297292577292e-02
7.293390891142921550e-02 6.681822306915333187e-02 6.687593915879500028e-02 6.703080338915151648e-02 6.288335475702278021e-02 7.325927559203063155e-02 3.953569826378999785e-02 3.109577879736879352e-02 5.168404181950196630e-02 6.892080613049691995e-02 5.587606062736827361e-02 9.949751078643036262e-02
6.073894431984333542e-02 5.504092221189825496e-02 5.391182331904394859e-02 5.258731646072904026e-02 4.827783215090442753e-02 5.578871981709170036e-02 3.045753317758374129e-02 2.453859479170715507e-02 4.149236775082760370e-02 5.587606062736827361e-02 4.605732487706543088e-02 8.299140158317319660e-02
1.107242554314139815e-01 9.981578821033273985e-02 9.649677646265658604e-02 9.234752812261601274e-02 8.331057399433004773e-02 9.552143528704551412e-02 5.252427494678633957e-02 4.295764313265500872e-02 7.340683297292577292e-02 9.949751078643036262e-02 8.299140158317319660e-02 1.512167305076252966e-01
2.614024202097476116e-02 3.378747081389973927e-02 3.836457718121874527e-02 4.868120656535762647e-02 5.340069105800498289e-02 6.166865724589230130e-02 5.809096459399482743e-02 5.141222832611481997e-02 3.362569324159147416e-02 2.111513495803105794e-02 2.169418404949258541e-02 2.721004223933471203e-02
3.378747081389973927e-02 4.384549598350248600e-02 4.998251782114200570e-02 6.364235984415730907e-02 6.978604861651499514e-02 7.996223700223401010e-02 7.425538310159987554e-02 6.539369368873540478e-02 4.286974690924917619e-02 2.702925122785204692e-02 2.788488965172790379e-02 3.506804929783810532e-02
3.836457718121874527e-02 4.998251782114200570e-02 5.746689106963930038e-02 7.384446259387451861e-02 8.146286282161258052e-02 9.302865298579382491e-02 8.474676991496186973e-02 7.378841064238722547e-02 4.832306880284246292e-02 3.051094195288700517e-02 3.153362648904947663e-02 3.971869801369334874e-02
4.868120656535762647e-02 6.364235984415730907e-02 7.384446259387451861e-02 9.683927556990720720e-02 1.088518239259195497e-01 1.251710454589863575e-01 1.112810446680275456e-01 9.481884800604489794e-02 6.164598030761948844e-02 3.878118255982797996e-02 3.997671087149635982e-02 5.032364523908160192e-02
5.340069105800498289e-02 6.978604861651499514e-02 8.146286282161258052e-02 1.088518239259195497e-01 1.297779422971016561e-01 1.559050447605061507e-01 1.359275886707261571e-01 1.114521068682020472e-01 7.078148367383840789e-02 4.369839769174675009e-02 4.431847003346787300e-02 5.536163777954952736e-02
6.166865724589230130e-02 7.996223700223401010e-02 9.302865298579382491e-02 1.251710454589863575e-01 1.559050447605061507e-01 2.094198045197462332e-01 1.854524615292114931e-01 1.466546586821336484e-01 8.982605245981448161e-02 5.355403874666415931e-02 5.257924655919259810e-02 6.457034868326103072e-02
5.809096459399482743e-02 7.425538310159987554e-02 8.474676991496186973e-02 1.112810446680275456e-01 1.359275886707261571e-01 1.854524615292114931e-01 1.881593503869407047e-01 1.525705075531859634e-01 9.179886886685875713e-02 5.331658046539401730e-02 5.096495896437459872e-02 6.160289357581282682e-02
5.141222832611481997e-02 6.539369368873540478e-02 7.378841064238722547e-02 9.481884800604489794e-02 1.114521068682020472e-01 1.466546586821336484e-01 1.525705075531859634e-01 1.328153081983167727e-01 8.095923979756783351e-02 4.719019697886830955e-02 4.520940574045931998e-02 5.465401676037530410e-02
3.362569324159147416e-02 4.286974690924917619e-02 4.832306880284246292e-02 6.164598030761948844e-02 7.078148367383840789e-02 8.982605245981448161e-02 9.179886886685875713e-02 8.095923979756783351e-02 5.062899937124303029e-02 3.002792393072668820e-02 2.922114423850649678e-02 3.560832352515691523e-02
2.111513495803105794e-02 2.702925122785204692e-02 3.051094195288700517e-02 3.878118255982797996e-02 4.369839769174675009e-02 5.355403874666415931e-02 5.331658046539401730e-02 4.719019697886830955e-02 3.002792393072668820e-02 1.820745766828121143e-02 1.806905672847483602e-02 2.223987431600211312e-02
2.169418404949258541e-02 2.788488965172790379e-02 3.153362648904947663e-02 3.997671087149635982e-02 4.431847003346787300e-02 5.257924655919259810e-02 5.096495896437459872e-02 4.520940574045931998e-02 2.922114423850649678e-02 1.806905672847483602e-02 1.828567043447243412e-02 2.272806749143064381e-02
2.721004223933471203e-02 3.506804929783810532e-02 3.971869801369334874e-02 5.032364523908160192e-02 5.536163777954952736e-02 6.457034868326103072e-02 6.160289357581282682e-02 5.465401676037530410e-02 3.560832352515691523e-02 2.223987431600211312e-02 2.272806749143064381e-02 2.841356247987416109e-02
5.023605624849972195e-02 3.980724653401505192e-02 5.237659832724615022e-02 5.744259033622927529e-02 6.195859420013784952e-02 6.070668007144859601e-02 4.817782034710040018e-02 7.294947107040475331e-02 6.296805623694781695e-02 6.011579434756884194e-02 6.639393145342356584e-02 5.617126427179899156e-02
3.980724653401505192e-02 3.255360610040558544e-02 4.394683595016468658e-02 4.883629497915067952e-02 5.291104008142938353e-02 5.135932756169249436e-02 3.936449201914119650e-02 5.750993901273244308e-02 4.860681073866821023e-02 4.588585991718109602e-02 5.074997641769697643e-02 4.355286821970918293e-02
5.237659832724615022e-02 4.394683595016468658e-02 6.081310381613559690e-02 6.846262067005318142e-02 7.460650124323915666e-02 7.204808599826093007e-02 5.380535225954022338e-02 7.634691487363698403e-02 6.316768262257448086e-02 5.877435492882698842e-02 6.487521245441507656e-02 5.629220480609509886e-02
5.744259033622927529e-02 4.883629497915067952e-02 6.846262067005318142e-02 7.817862514249447614e-02 8.599703928378593654e-02 8.328897079546376814e-02 6.168486511373707376e-02 8.649628284337240736e-02 7.036331025295061714e-02 6.434627685522624485e-02 7.043099546638412201e-02 6.125960864537412232e-02
6.195859420013784952e-02 5.291104008142938353e-02 7.460650124323915666e-02 8.599703928378593654e-02 9.625330065286905046e-02 9.440671434059168254e-02 7.046593902489470262e-02 9.920553265052960146e-02 7.949941368269378139e-02 7.104442469064928267e-02 7.647105318273661467e-02 6.611207638196012204e-02
6.070668007144859601e-02 5.135932756169249436e-02 7.204808599826093007e-02 8.328897079546376814e-02 9.440671434059168254e-02 9.559797591732450972e-02 7.394811091915894086e-02 1.072850633109693474e-01 8.514918670078001905e-02 7.395776570885920220e-02 7.742527697606491066e-02 6.567798786408185485e-02
4.817782034710040018e-02 3.936449201914119650e-02 5.380535225954022338e-02 6.168486511373707376e-02 7.046593902489470262e-02 7.394811091915894086e-02 6.298585439425664900e-02 9.864868034567167432e-02 7.842294944998380590e-02 6.599737753914355909e-02 6.628833457579023924e-02 5.407543832783106436e-02
7.294947107040475331e-02 5.750993901273244308e-02 7.634691487363698403e-02 8.649628284337240736e-02 9.920553265052960146e-02 1.072850633109693474e-01 9.864868034567167432e-02 1.660659366289830574e-01 1.328672197114002806e-01 1.098183943760784598e-01 1.071778169285295262e-01 8.468688701192382540e-02
6.296805623694781695e-02 4.860681073866821023e-02 6.316768262257448086e-02 7.036331025295061714e-02 7.949941368269378139e-02 8.514918670078001905e-02 7.842294944998380590e-02 1.328672197114002806e-01 1.111836445462216771e-01 9.483539275723439077e-02 9.395938778589606188e-02 7.400313182112797095e-02
6.011579434756884194e-02 4.588585991718109602e-02 5.877435492882698842e-02 6.434627685522624485e-02 7.104442469064928267e-02 7.395776570885920220e-02 6.599737753914355909e-02 1.098183943760784598e-01 9.483539275723439077e-02 8.625886518138427272e-02 8.878385329431373596e-02 7.069911719506608017e-02
6.639393145342356584e-02 5.074997641769697643e-02 6.487521245441507656e-02 7.043099546638412201e-02 7.647105318273661467e-02 7.742527697606491066e-02 6.628833457579023924e-02 1.071778169285295262e-01 9.395938778589606188e-02 8.878385329431373596e-02 9.551804812940772882e-02 7.742439461111064181e-02
5.617126427179899156e-02 4.355286821970918293e-02 5.629220480609509886e-02 6.125960864537412232e-02 6.611207638196012204e-02 6.567798786408185485e-02 5.407543832783106436e-02 8.468688701192382540e-02 7.400313182112797095e-02 7.069911719506608017e-02 7.742439461111064181e-02 6.435498324201796572e-02
8.243192283516821012e-03 1.462539296441182739e-02 2.384126508207511791e-02 2.974821715149757184e-02 4.367896060353627929e-02 3.727179251500237211e-02 3.515670644335880390e-02 1.608100183488363547e-02 1.050590988099877471e-02 1.408801963224945095e-02 7.352532240932597822e-03 5.653234215701230352e-03
1.462539296441182739e-02 2.606218544680900806e-02 4.272354061017634430e-02 5.367438528098448375e-02 7.905217756205600022e-02 6.585580246082491096e-02 6.150055673223684544e-02 2.818705272718851837e-02 1.846829955310468757e-02 2.480938553099892516e-02 1.296381371445973034e-02 9.993985393368765013e-03
2.384126508207511791e-02 4.272354061017634430e-02 7.081800418791840690e-02 9.030291717194430245e-02 1.343565507819819704e-01 1.076128698674123363e-01 9.863541102353960699e-02 4.528609888450070564e-02 2.976467331629164062e-02 4.006266119723837088e-02 2.096571010306923569e-02 1.621669473754167035e-02
2.974821715149757184e-02 5.367438528098448375e-02 9.030291717194430245e-02 1.214023376786941139e-01 1.891024538234036267e-01 1.399001367128845652e-01 1.221521554029478956e-01 5.591427995324817907e-02 3.674413885277957870e-02 4.947102775118746021e-02 2.592669049024780986e-02 2.012758069909872244e-02
4.367896060353627929e-02 7.905217756205600022e-02 1.343565507819819704e-01 1.891024538234036267e-01 3.294617003930741528e-01 2.247211349051555229e-01 1.835134306675741123e-01 8.298839235056884589e-02 5.406880225559206748e-02 7.248035172299699402e-02 3.797753990012182196e-02 2.950452030454513846e-02
3.727179251500237211e-02 6.585580246082491096e-02 1.076128698674123363e-01 1.399001367128845652e-01 2.247211349051555229e-01 1.962342826522646688e-01 1.722966760758838922e-01 7.664373959200827813e-02 4.881839546644139993e-02 6.456112341082294315e-02 3.358375523794294298e-02 2.569985051170502882e-02
3.515670644335880390e-02 6.150055673223684544e-02 9.863541102353960699e-02 1.221521554029478956e-01 1.835134306675741123e-01 1.722966760758838922e-01 1.658455171916006499e-01 7.386635450987040497e-02 4.690212691801300127e-02 6.188667936293870686e-02 3.211564345911763901e-02 2.443817898958427354e-02
1.608100183488363547e-02 2.818705272718851837e-02 4.528609888450070564e-02 5.591427995324817907e-02 8.298839235056884589e-02 7.664373959200827813e-02 7.386635450987040497e-02 3.323585376070030406e-02 2.126862689232407455e-02 2.818066848123987334e-02 1.463887738908116638e-02 1.115660326780287814e-02
1.050590988099877471e-02 1.846829955310468757e-02 2.976467331629164062e-02 3.674413885277957870e-02 5.406880225559206748e-02 4.881839546644139993e-02 4.690212691801300127e-02 2.126862689232407455e-02 1.373931231040996861e-02 1.829655142239661539e-02 9.516940280636121754e-03 7.268726595864334096e-03
1.408801963224945095e-02 2.480938553099892516e-02 4.006266119723837088e-02 4.947102775118746021e-02 7.248035172299699402e-02 6.456112341082294315e-02 6.188667936293870686e-02 2.818066848123987334e-02 1.829655142239661539e-02 2.444084642995371370e-02 1.272308405927328502e-02 9.730490891379851501e-03
7.352532240932597822e-03 1.296381371445973034e-02 2.096571010306923569e-02 2.592669049024780986e-02 3.797753990012182196e-02 3.358375523794294298e-02 3.211564345911763901e-02 1.463887738908116638e-02 9.516940280636121754e-03 1.272308405927328502e-02 6.626440252895604566e-03 5.072419745353487150e-03
5.653234215701230352e-03 9.993985393368765013e-03 1.621669473754167035e-02 2.012758069909872244e-02 2.950452030454513846e-02 2.569985051170502882e-02 2.443817898958427354e-02 1.115660326780287814e-02 7.268726595864334096e-03 9.730490891379851501e-03 5.072419745353487150e-03 3.890327412162407784e-03
7.363370734564185505e-02 8.284580702596103241e-02 5.692668143649921852e-02 7.422974007061086676e-02 8.435098965494007561e-02 7.349860073263062010e-02 5.129538167793470937e-02 5.035220281314072011e-02 5.154154302978345564e-02 6.004613565020300997e-02 5.508824472438415137e-02 6.550253816074788626e-02
