5.024663724628883887e-01 2.475758497618022469e-01 5.664720216921367412e-04 -5.631193639739280610e-02 -3.267435159183699274e-04 3.006890532061064908e-02 2.757440950890709163e-04 -3.006026320495351623e-02 1.627387885386994510e-04 5.629533536927347481e-02 1.979374175000080290e-03 -2.475653853033401020e-01
2.475758497618022469e-01 4.953354846152553392e-01 2.476140721676692580e-01 -2.844667421542444122e-03 -5.631408161145552704e-02 -5.080494458795138668e-04 3.006749896397090810e-02 -5.825213735445128284e-05 -3.005311227920789974e-02 -4.565038047823900651e-04 5.622622776636321956e-02 3.540680103153064692e-04
5.664720216921367412e-04 2.476140721676692580e-01 5.073855981432414675e-01 2.476866228166301753e-01 2.645604817825982467e-04 -5.630216844264579468e-02 -3.491124967242482144e-04 3.007160628992304463e-02 -1.868949265881460035e-04 -3.008486738198310612e-02 -6.126077036397506708e-04 5.626492430458897298e-02
-5.631193639739280610e-02 -2.844667421542444122e-03 2.476866228166301753e-01 4.986763352835268948e-01 2.476074647351227953e-01 3.923346178547000400e-03 -5.626498910180181834e-02 -1.069967516704901749e-03 3.006388904092618247e-02 1.214586854673666179e-03 -3.003294304964130787e-02 -1.536394975594887816e-03
-3.267435159183699274e-04 -5.631408161145552704e-02 2.645604817825982467e-04 2.476074647351227953e-01 4.938499688054903691e-01 2.475903997843869886e-01 3.424600255232517496e-04 -5.627112835369182942e-02 3.768439454736205343e-04 3.006689504963081655e-02 5.032038021686993309e-04 -3.009242798931684865e-02
3.006890532061064908e-02 -5.080494458795138668e-04 -5.630216844264579468e-02 3.923346178547000400e-03 2.475903997843869886e-01 4.999766050719844368e-01 2.476095281517622926e-01 -1.857596099937338773e-03 -5.624434302397741947e-02 4.322728420234827696e-04 3.006252265511014793e-02 -2.802219794192185105e-04
2.757440950890709163e-04 3.006749896397090810e-02 -3.491124967242482144e-04 -5.626498910180181834e-02 3.424600255232517496e-04 2.476095281517622926e-01 5.035200776358067509e-01 2.475253261076788558e-01 -9.650080668427664030e-04 -5.624591483490651300e-02 -7.068813435058204919e-04 3.005919713902568263e-02
-3.006026320495351623e-02 -5.825213735445128284e-05 3.007160628992304463e-02 -1.069967516704901749e-03 -5.627112835369182942e-02 -1.857596099937338773e-03 2.475253261076788558e-01 4.999888980451546727e-01 2.475935919602385293e-01 9.174766880296087324e-04 -5.625899493468600188e-02 -2.911806681384710230e-04
1.627387885386994510e-04 -3.005311227920789974e-02 -1.868949265881460035e-04 3.006388904092618247e-02 3.768439454736205343e-04 -5.624434302397741947e-02 -9.650080668427664030e-04 2.475935919602385293e-01 5.006883208979110433e-01 2.475159107201777564e-01 2.355690020195643462e-03 -5.625734148571670534e-02
5.629533536927347481e-02 -4.565038047823900651e-04 -3.008486738198310612e-02 1.214586854673666179e-03 3.006689504963081655e-02 4.322728420234827696e-04 -5.624591483490651300e-02 9.174766880296087324e-04 2.475159107201777564e-01 4.942721448631981485e-01 2.476935120123246181e-01 -3.708762276379094086e-04
1.979374175000080290e-03 5.622622776636321956e-02 -6.126077036397506708e-04 -3.003294304964130787e-02 5.032038021686993309e-04 3.006252265511014793e-02 -7.068813435058204919e-04 -5.625899493468600188e-02 2.355690020195643462e-03 2.476935120123246181e-01 5.026394680541617088e-01 2.475253885173844814e-01
-2.475653853033401020e-01 3.540680103153064692e-04 5.626492430458897298e-02 -1.536394975594887816e-03 -3.009242798931684865e-02 -2.802219794192185105e-04 3.005919713902568263e-02 -2.911806681384710230e-04 -5.625734148571670534e-02 -3.708762276379094086e-04 2.475253885173844814e-01 5.012007261213821119e-01
5.014753445216406647e-01 2.476413591325615782e-01 -1.265841239653414923e-03 -5.626866526180662742e-02 -1.328015073462885070e-04 3.004299533360779012e-02 -1.153875106095689749e-04 -3.003143496062938081e-02 1.047801197519959270e-04 5.622168341885673548e-02 -2.376092321498345095e-03 -2.474708576925507275e-01
2.476413591325615782e-01 4.995993525440154959e-01 2.474688700469037939e-01 -8.649312721175038670e-04 -5.622522634001396458e-02 7.151387850293118836e-04 3.001950742957172971e-02 -6.003517199644729666e-04 -3.003942529512702853e-02 -2.571964492298678320e-04 5.628773556930689870e-02 -7.277053032647257634e-04
-1.265841239653414923e-03 2.474688700469037939e-01 5.043077087768430555e-01 2.476804578641336185e-01 1.441226426873494330e-03 -5.628943236873232975e-02 -5.173533366241993454e-04 3.005784346147762076e-02 3.738473269836699179e-04 -3.003046051004866837e-02 5.939886460368806135e-04 5.621838359186680928e-02
-5.626866526180662742e-02 -8.649312721175038670e-04 2.476804578641336185e-01 4.940796454056645692e-01 2.475381867664054880e-01 -5.846640229880684103e-04 -5.620323191826242376e-02 5.434686041913509976e-04 3.001311709141336881e-02 4.443294650389127947e-04 -3.005650453478092565e-02 -1.806695131584303005e-04
-1.328015073462885070e-04 -5.622522634001396458e-02 1.441226426873494330e-03 2.475381867664054880e-01 5.040975586130509445e-01 2.476096610038308610e-01 -4.546988454962846548e-04 -5.626109029885312252e-02 3.871955182135661429e-05 3.005018695927460376e-02 -8.162708895939180774e-04 -3.003863265565802007e-02
3.004299533360779012e-02 7.151387850293118836e-04 -5.628943236873232975e-02 -5.846640229880684103e-04 2.476096610038308610e-01 4.984322312301724400e-01 2.474747770520912549e-01 -4.708552726566114311e-04 -5.618551331642431673e-02 -8.288806756281930869e-04 3.003426720257941843e-02 2.524115518106318217e-04
-1.153875106095689749e-04 3.001950742957172971e-02 -5.173533366241993454e-04 -5.620323191826242376e-02 -4.546988454962846548e-04 2.474747770520912549e-01 5.016720566530392666e-01 2.476325924185249217e-01 5.062759147291021836e-04 -5.627965879867564969e-02 7.431576364537208212e-04 3.004414860539214929e-02
-3.003143496062938081e-02 -6.003517199644729666e-04 3.005784346147762076e-02 5.434686041913509976e-04 -5.626109029885312252e-02 -4.708552726566114311e-04 2.476325924185249217e-01 4.998335030998335982e-01 2.474386787996322168e-01 2.001001030771838718e-03 -5.621900838798542244e-02 -3.016251205059447679e-04
1.047801197519959270e-04 -3.003942529512702853e-02 3.738473269836699179e-04 3.001311709141336881e-02 3.871955182135661429e-05 -5.618551331642431673e-02 5.062759147291021836e-04 2.474386787996322168e-01 4.955586153985522824e-01 2.477472361451243665e-01 -2.002489157001800975e-03 -5.628570969888954667e-02
5.622168341885673548e-02 -2.571964492298678320e-04 -3.003046051004866837e-02 4.443294650389127947e-04 3.005018695927460376e-02 -8.288806756281930869e-04 -5.627965879867564969e-02 2.001001030771838718e-03 2.477472361451243665e-01 5.035683504610226624e-01 2.473912860936247349e-01 -1.405417030166193279e-03
-2.376092321498345095e-03 5.628773556930689870e-02 5.939886460368806135e-04 -3.005650453478092565e-02 -8.162708895939180774e-04 3.003426720257941843e-02 7.431576364537208212e-04 -5.621900838798542244e-02 -2.002489157001800975e-03 2.473912860936247349e-01 5.036146361675841732e-01 2.477700713120856713e-01
-2.474708576925507275e-01 -7.277053032647257634e-04 5.621838359186680928e-02 -1.806695131584303005e-04 -3.003863265565802007e-02 2.524115518106318217e-04 3.004414860539214929e-02 -3.016251205059447679e-04 -5.628570969888954667e-02 -1.405417030166193279e-03 2.477700713120856713e-01 4.937609971285727983e-01
4.971344166468973924e-01 2.475059080682739110e-01 7.379617323375946237e-04 -5.626467127379913835e-02 -1.501806888142540476e-03 3.006184938901384010e-02 1.062694739206264871e-03 -3.007199024092417280e-02 -9.129472965834657932e-04 5.631480298909344318e-02 1.884130535866166897e-03 -2.478209736159988075e-01
2.475059080682739110e-01 5.022750693993144333e-01 2.477834235626292236e-01 2.825557837183195840e-03 -5.626445783111266863e-02 -1.685857028590082365e-03 3.007119092782396808e-02 1.300234082664306328e-03 -3.010022060802893668e-02 -1.031823011234915197e-03 5.631315835061223574e-02 -1.405490292617514545e-04
7.379617323375946237e-04 2.477834235626292236e-01 4.936459375348043466e-01 2.475117088073230942e-01 2.310952927923358175e-03 -5.632596473417108424e-02 -7.266641710417585769e-04 3.016265055359467623e-02 3.157948194011292974e-04 -3.018930378202345360e-02 -5.381028947060192795e-04 5.649886153229964625e-02
-5.626467127379913835e-02 2.825557837183195840e-03 2.475117088073230942e-01 4.995309827878934295e-01 2.476100086210050455e-01 4.600944596831139238e-04 -5.631843905094770231e-02 -3.938395877682989788e-04 3.015037707215307422e-02 -1.623256528112081414e-04 -3.016770633569124810e-02 1.474488504544427215e-03
-1.501806888142540476e-03 -5.626445783111266863e-02 2.310952927923358175e-03 2.476100086210050455e-01 4.972113265727464149e-01 2.476892610961008434e-01 -7.961959911818667019e-04 -5.637349475797638620e-02 9.263147472071089255e-04 3.012660884935762506e-02 -6.383797608679672719e-04 -3.011527506870852189e-02
3.006184938901384010e-02 -1.685857028590082365e-03 -5.632596473417108424e-02 4.600944596831139238e-04 2.476892610961008434e-01 5.041679130683525134e-01 2.475444261116872269e-01 2.723336298065266291e-04 -5.628237084664934609e-02 3.108743903152361783e-04 3.010061669795944389e-02 -1.279380851901977013e-03
1.062694739206264871e-03 3.007119092782396808e-02 -7.266641710417585769e-04 -5.631843905094770231e-02 -7.961959911818667019e-04 2.475444261116872269e-01 4.963645927552933212e-01 2.476736751693019434e-01 -1.136191595682070664e-03 -5.627983777247887870e-02 5.650814617364427472e-04 3.006308685836095451e-02
-3.007199024092417280e-02 1.300234082664306328e-03 3.016265055359467623e-02 -3.938395877682989788e-04 -5.637349475797638620e-02 2.723336298065266291e-04 2.476736751693019434e-01 5.037985650885895561e-01 2.475473451535977198e-01 -7.940176715795183937e-04 -5.627081096772655611e-02 1.497706127815344370e-03
-9.129472965834657932e-04 -3.010022060802893668e-02 3.157948194011292974e-04 3.015037707215307422e-02 9.263147472071089255e-04 -5.628237084664934609e-02 -1.136191595682070664e-03 2.475473451535977198e-01 4.997975552484353323e-01 2.475424906885016485e-01 2.641878516510508257e-05 -5.623557599786194183e-02
5.631480298909344318e-02 -1.031823011234915197e-03 -3.018930378202345360e-02 -1.623256528112081414e-04 3.012660884935762506e-02 3.108743903152361783e-04 -5.627983777247887870e-02 -7.940176715795183937e-04 2.475424906885016485e-01 4.998032335189019348e-01 2.476253444923536273e-01 -2.163033365862526008e-03
1.884130535866166897e-03 5.631315835061223574e-02 -5.381028947060192795e-04 -3.016770633569124810e-02 -6.383797608679672719e-04 3.010061669795944389e-02 5.650814617364427472e-04 -5.627081096772655611e-02 2.641878516510508257e-05 2.476253444923536273e-01 5.021891478857541946e-01 2.474711088313052143e-01
-2.478209736159988075e-01 -1.405490292617514545e-04 5.649886153229964625e-02 1.474488504544427215e-03 -3.011527506870852189e-02 -1.279380851901977013e-03 3.006308685836095451e-02 1.497706127815344370e-03 -5.623557599786194183e-02 -2.163033365862526008e-03 2.474711088313052143e-01 5.040812594930159651e-01
5.002656739486982529e-01 2.478369002573753976e-01 -3.356954942909732274e-04 -5.652181688560276029e-02 -1.447086826529467144e-04 3.025102868934016406e-02 5.333184811696259180e-04 -3.022632593077840407e-02 -2.238907627070907402e-03 5.622089243874946185e-02 -5.905994325811625423e-04 -2.473199797551319523e-01
2.478369002573753976e-01 5.041697220210756836e-01 2.477048054170814528e-01 5.022720657779287251e-03 -5.626268025000113332e-02 -1.034659549676602034e-03 3.008011604542937950e-02 9.967944447510776115e-04 -3.011244657304306196e-02 -2.447629295895785515e-03 5.659054782606624118e-02 6.906670249272007719e-04
-3.356954942909732274e-04 2.477048054170814528e-01 4.892834604189111314e-01 2.478372820476150151e-01 4.916547425602692473e-04 -5.648186997072800891e-02 -6.226772105969273496e-04 3.025159966732138619e-02 1.799698154786931719e-03 -3.025346426500777341e-02 2.257387516231936560e-05 5.636819756031073714e-02
-5.652181688560276029e-02 5.022720657779287251e-03 2.478372820476150151e-01 5.007229318809193197e-01 2.474270498181592726e-01 -3.004744300785233690e-03 -5.622306018927454574e-02 1.186335612010493232e-03 3.014922979572062789e-02 1.572061867111105606e-04 -3.032662116404189617e-02 2.061898728543436025e-03
-1.447086826529467144e-04 -5.626268025000113332e-02 4.916547425602692473e-04 2.474270498181592726e-01 5.062810597717588568e-01 2.479300225489174392e-01 7.099953630383518165e-04 -5.650780684131787024e-02 -2.023551297549722010e-03 3.025191050978976587e-02 -2.184016454451986021e-04 -3.011313498404455391e-02
3.025102868934016406e-02 -1.034659549676602034e-03 -5.648186997072800891e-02 -3.004744300785233690e-03 2.479300225489174392e-01 4.961263228083372390e-01 2.472756366430275965e-01 5.850998932220734033e-04 -5.612174178307513528e-02 -1.670887192906258482e-03 3.028359674016298242e-02 -5.329282467163017978e-04
5.333184811696259180e-04 3.008011604542937950e-02 -6.226772105969273496e-04 -5.622306018927454574e-02 7.099953630383518165e-04 2.472756366430275965e-01 5.015451984833373400e-01 2.480165294777592899e-01 3.352990756270943142e-03 -5.669877607443075257e-02 7.823027207883826665e-04 3.018777829520152139e-02
-3.022632593077840407e-02 9.967944447510776115e-04 3.025159966732138619e-02 1.186335612010493232e-03 -5.650780684131787024e-02 5.850998932220734033e-04 2.480165294777592899e-01 4.958528019673188458e-01 2.471028182448545829e-01 2.867601743714335780e-03 -5.646749437633521995e-02 9.267943462510005179e-04
-2.238907627070907402e-03 -3.011244657304306196e-02 1.799698154786931719e-03 3.014922979572062789e-02 -2.023551297549722010e-03 -5.612174178307513528e-02 3.352990756270943142e-03 2.471028182448545829e-01 4.929754454183536971e-01 2.488013857812142460e-01 -5.017859437069462601e-03 -5.651445809705251538e-02
5.622089243874946185e-02 -2.447629295895785515e-03 -3.025346426500777341e-02 1.572061867111105606e-04 3.025191050978976587e-02 -1.670887192906258482e-03 -5.669877607443075257e-02 2.867601743714335780e-03 2.488013857812142460e-01 5.096313259263609563e-01 2.469831309085835924e-01 -4.563705293509100203e-03
-5.905994325811625423e-04 5.659054782606624118e-02 2.257387516231936560e-05 -3.032662116404189617e-02 -2.184016454451986021e-04 3.028359674016298242e-02 7.823027207883826665e-04 -5.646749437633521995e-02 -5.017859437069462601e-03 2.469831309085835924e-01 5.055593358524886893e-01 2.482053951798107727e-01
-2.473199797551319523e-01 6.906670249272007719e-04 5.636819756031073714e-02 2.061898728543436025e-03 -3.011313498404455391e-02 -5.329282467163017978e-04 3.018777829520152139e-02 9.267943462510005179e-04 -5.651445809705251538e-02 -4.563705293509100203e-03 2.482053951798107727e-01 4.975867215024261103e-01
4.970135852428611001e-01 2.475120340191819257e-01 5.840978842415788311e-04 -5.625181544451432480e-02 1.459944779286538857e-04 3.006976432863452814e-02 -7.291975603227567309e-04 -3.003674226117926740e-02 7.811839276726261806e-04 5.632519700778103322e-02 1.549038949679258821e-03 -2.476607396297858810e-01
2.475120340191819257e-01 5.008597003311977547e-01 2.475709322580312288e-01 9.176517665923280415e-04 -5.627836399316880900e-02 4.265482922482231355e-05 3.008277708102093800e-02 -1.054677565093918015e-03 -3.008849229928923022e-02 -2.891543671714729303e-04 5.622536965156883088e-02 -1.182104939366197035e-03
5.840978842415788311e-04 2.475709322580312288e-01 4.974402342787526132e-01 2.475969212859273072e-01 -6.685654012349306766e-04 -5.626258268655969647e-02 1.025255881139771263e-03 3.002454793755780088e-02 -8.018525184729299871e-04 -3.009012323791343535e-02 -4.481904673746897345e-04 5.626779251000469523e-02
-5.625181544451432480e-02 9.176517665923280415e-04 2.475969212859273072e-01 5.015536937932252304e-01 2.475548817176805860e-01 -9.963027382260711100e-04 -5.623779326737504691e-02 1.873679075538073682e-03 3.010472819404203318e-02 -2.696613330648383287e-04 -3.007194384302258952e-02 1.088449047407856083e-03
1.459944779286538857e-04 -5.627836399316880900e-02 -6.685654012349306766e-04 2.475548817176805860e-01 5.014499581453671917e-01 2.475716364560605898e-01 -1.411763988609958127e-03 -5.626953261050079980e-02 6.617864681592471911e-04 3.013152856646662825e-02 6.597745067753717912e-04 -3.009265575019631767e-02
3.006976432863452814e-02 4.265482922482231355e-05 -5.626258268655969647e-02 -9.963027382260711100e-04 2.475716364560605898e-01 4.999880808202490923e-01 2.475387312372911985e-01 -2.853233605422891665e-03 -5.638265520064469905e-02 -1.531675159902577969e-04 3.010418440958386940e-02 -4.001001399476233900e-04
-7.291975603227567309e-04 3.008277708102093800e-02 1.025255881139771263e-03 -5.623779326737504691e-02 -1.411763988609958127e-03 2.475387312372911985e-01 5.059124551916716062e-01 2.477305989863392288e-01 7.390200641406506447e-05 -5.638053284485484984e-02 -1.704827620428416230e-03 3.012636104676687243e-02
-3.003674226117926740e-02 -1.054677565093918015e-03 3.002454793755780088e-02 1.873679075538073682e-03 -5.626953261050079980e-02 -2.853233605422891665e-03 2.477305989863392288e-01 4.984044918872943541e-01 2.477189814916181676e-01 3.361111228244807562e-03 -5.625929088399111988e-02 -7.637009292373926226e-04
7.811839276726261806e-04 -3.008849229928923022e-02 -8.018525184729299871e-04 3.010472819404203318e-02 6.617864681592471911e-04 -5.638265520064469905e-02 7.390200641406506447e-05 2.477189814916181676e-01 4.971432830753740317e-01 2.474296563869104737e-01 3.181244024261430277e-03 -5.630271433708694540e-02
5.632519700778103322e-02 -2.891543671714729303e-04 -3.009012323791343535e-02 -2.696613330648383287e-04 3.013152856646662825e-02 -1.531675159902577969e-04 -5.638053284485484984e-02 3.361111228244807562e-03 2.474296563869104737e-01 4.933270771798003995e-01 2.478926933826180456e-01 -1.821513795953978374e-03
1.549038949679258821e-03 5.622536965156883088e-02 -4.481904673746897345e-04 -3.007194384302258952e-02 6.597745067753717912e-04 3.010418440958386940e-02 -1.704827620428416230e-03 -5.625929088399111988e-02 3.181244024261430277e-03 2.478926933826180456e-01 5.049023409038767563e-01 2.474223055927404213e-01
-2.476607396297858810e-01 -1.182104939366197035e-03 5.626779251000469523e-02 1.088449047407856083e-03 -3.009265575019631767e-02 -4.001001399476233900e-04 3.012636104676687243e-02 -7.637009292373926226e-04 -5.630271433708694540e-02 -1.821513795953978374e-03 2.474223055927404213e-01 5.020050991503219873e-01
5.029523600810881234e-01 2.473694140811822095e-01 -2.994810585696190859e-03 -5.620719442730173071e-02 1.488967478276643878e-03 3.006398961957032837e-02 -9.184244216490211870e-04 -3.006048931212680977e-02 1.317404569520613279e-03 5.632111137203828222e-02 -2.169219990427097983e-03 -2.479265154468338062e-01
2.473694140811822095e-01 5.058809742890475469e-01 2.478160589765806554e-01 7.315013072821104165e-04 -5.635226630156848354e-02 -9.166653616358289144e-04 3.009251780628635631e-02 -4.091767931717123111e-04 -3.008455601255356077e-02 5.904605087002742954e-04 5.633406044454310896e-02 2.291489016500834405e-03
-2.994810585696190859e-03 2.478160589765806554e-01 4.960837460232470075e-01 2.474101814632734819e-01 1.189797481652510661e-06 -5.617606578482710333e-02 -3.123251301024730815e-04 3.004259503661647207e-02 1.154670786213034348e-04 -3.008315851181193185e-02 -5.001308302809912010e-04 5.633295969717081603e-02
-5.620719442730173071e-02 7.315013072821104165e-04 2.474101814632734819e-01 5.018040634613162299e-01 2.476925078149019299e-01 1.146350341214040502e-03 -5.631283712904358585e-02 8.695858969489679829e-04 3.008026009327330677e-02 -7.116188997927448863e-04 -3.010555358407946552e-02 -7.102731237721465925e-04
1.488967478276643878e-03 -5.635226630156848354e-02 1.189797481652510661e-06 2.476925078149019299e-01 4.985534734315678618e-01 2.474222613972671403e-01 6.861248952019936755e-04 -5.623675527959681036e-02 -2.587439270653051375e-04 3.005971509252743090e-02 4.220816257198309156e-04 -3.006917846371664690e-02
3.006398961957032837e-02 -9.166653616358289144e-04 -5.617606578482710333e-02 1.146350341214040502e-03 2.474222613972671403e-01 4.966045598094894764e-01 2.477490982929230756e-01 -2.827264969925264576e-03 -5.631874071870227039e-02 1.485386170395516705e-03 3.011801798799315991e-02 1.074381984962300969e-04
-9.184244216490211870e-04 3.009251780628635631e-02 -3.123251301024730815e-04 -5.631283712904358585e-02 6.861248952019936755e-04 2.477490982929230756e-01 5.073839440841149129e-01 2.475446856239826854e-01 -2.411546447638659302e-04 -5.626345901049255305e-02 -1.857873536203233464e-04 3.006312047284892541e-02
-3.006048931212680977e-02 -4.091767931717123111e-04 3.004259503661647207e-02 8.695858969489679829e-04 -5.623675527959681036e-02 -2.827264969925264576e-03 2.475446856239826854e-01 4.972294388287739619e-01 2.476452344352267632e-01 -1.636007955982509820e-04 -5.633606039413520394e-02 -1.471384844774405220e-03
1.317404569520613279e-03 -3.008455601255356077e-02 1.154670786213034348e-04 3.008026009327330677e-02 -2.587439270653051375e-04 -5.631874071870227039e-02 -2.411546447638659302e-04 2.476452344352267632e-01 5.015138528438319865e-01 2.474939432721678378e-01 4.712564065416863582e-04 -5.619497989683704814e-02
5.632111137203828222e-02 5.904605087002742954e-04 -3.008315851181193185e-02 -7.116188997927448863e-04 3.005971509252743090e-02 1.485386170395516705e-03 -5.626345901049255305e-02 -1.636007955982509820e-04 2.474939432721678378e-01 4.999509711060202699e-01 2.477170917989660048e-01 3.310949826202122873e-03
-2.169219990427097983e-03 5.633406044454310896e-02 -5.001308302809912010e-04 -3.010555358407946552e-02 4.220816257198309156e-04 3.011801798799315991e-02 -1.857873536203233464e-04 -5.633606039413520394e-02 4.712564065416863582e-04 2.477170917989660048e-01 4.951675819160507031e-01 2.474045970318210497e-01
-2.479265154468338062e-01 2.291489016500834405e-03 5.633295969717081603e-02 -7.102731237721465925e-04 -3.006917846371664690e-02 1.074381984962300969e-04 3.006312047284892541e-02 -1.471384844774405220e-03 -5.619497989683704814e-02 3.310949826202122873e-03 2.474045970318210497e-01 4.968750341253944658e-01
5.001868672533524851e-01 2.474517613215744538e-01 3.960108253984261084e-03 -5.631783110218382959e-02 -1.913427492378243146e-04 3.013037143328722509e-02 7.703145872574859374e-04 -3.012184093861907525e-02 -2.226736147842574981e-03 5.633551587504775915e-02 1.500586047014666399e-03 -2.477500261444600116e-01
2.474517613215744538e-01 4.907919398292679425e-01 2.479683142700122300e-01 -1.315013431259438176e-03 -5.635923091343319341e-02 1.191553780062583247e-03 3.013462601475007038e-02 -1.577300372756407947e-04 -3.010702540411552830e-02 2.024102823684338463e-04 5.628219901841532979e-02 -1.336067799376711770e-03
3.960108253984261084e-03 2.479683142700122300e-01 5.050560523016331960e-01 2.474428337059498828e-01 -3.594216884914219930e-03 -5.627707701941879470e-02 6.749385818324256988e-04 3.010749522865270589e-02 4.381645875278574213e-04 -3.010775842175109074e-02 1.135350566323841586e-03 5.634861048690360114e-02
-5.631783110218382959e-02 -1.315013431259438176e-03 2.474428337059498828e-01 5.028405774978170761e-01 2.476476715655238081e-01 -9.364173886650458290e-04 -5.637552060548005339e-02 -2.818903773785494437e-04 3.012290077502875751e-02 2.177429276234252743e-04 -3.011542651727698583e-02 5.956113157900254362e-05
-1.913427492378243146e-04 -5.635923091343319341e-02 -3.594216884914219930e-03 2.476476715655238081e-01 5.035159155755718485e-01 2.477090258426635216e-01 2.006688973272883689e-03 -5.629099319574237814e-02 -2.339755539332555832e-03 3.008637720191199502e-02 5.285381999941213618e-04 -3.009056179107459650e-02
3.013037143328722509e-02 1.191553780062583247e-03 -5.627707701941879470e-02 -9.364173886650458290e-04 2.477090258426635216e-01 4.939495838910994974e-01 2.476125675216860056e-01 1.534187041034751776e-03 -5.631557176801478548e-02 -5.794831188571444988e-04 3.013355777071511504e-02 2.552115265556446607e-04
7.703145872574859374e-04 3.013462601475007038e-02 6.749385818324256988e-04 -5.637552060548005339e-02 2.006688973272883689e-03 2.476125675216860056e-01 5.019570019864310062e-01 2.475193850991745936e-01 2.782107163253532463e-03 -5.631691131279201873e-02 1.316581475242521379e-04 3.009143211009142338e-02
-3.012184093861907525e-02 -1.577300372756407947e-04 3.010749522865270589e-02 -2.818903773785494437e-04 -5.629099319574237814e-02 1.534187041034751776e-03 2.475193850991745936e-01 4.933208805176574341e-01 2.478052896812492634e-01 -3.626722831682589960e-04 -5.638469167264432286e-02 5.653822391795015239e-04
-2.226736147842574981e-03 -3.010702540411552830e-02 4.381645875278574213e-04 3.012290077502875751e-02 -2.339755539332555832e-03 -5.631557176801478548e-02 2.782107163253532463e-03 2.478052896812492634e-01 5.016869380705697434e-01 2.475367078867119763e-01 -2.989415927345770094e-03 -5.621159487306148089e-02
5.633551587504775915e-02 2.024102823684338463e-04 -3.010775842175109074e-02 2.177429276234252743e-04 3.008637720191199502e-02 -5.794831188571444988e-04 -5.631691131279201873e-02 -3.626722831682589960e-04 2.475367078867119763e-01 5.046481915422962317e-01 2.476598808896866011e-01 -9.161162418888074005e-04
1.500586047014666399e-03 5.628219901841532979e-02 1.135350566323841586e-03 -3.011542651727698583e-02 5.285381999941213618e-04 3.013355777071511504e-02 1.316581475242521379e-04 -5.638469167264432286e-02 -2.989415927345770094e-03 2.476598808896866011e-01 4.996592835637907459e-01 2.474664343774807262e-01
-2.477500261444600116e-01 -1.336067799376711770e-03 5.634861048690360114e-02 5.956113157900254362e-05 -3.009056179107459650e-02 2.552115265556446607e-04 3.009143211009142338e-02 5.653822391795015239e-04 -5.621159487306148089e-02 -9.161162418888074005e-04 2.474664343774807262e-01 5.023867679704889788e-01
4.971271523644564816e-01 2.475752023239117527e-01 -8.198749493545732028e-04 -5.627622698624178132e-02 1.454424031193815711e-03 3.003851761906486603e-02 -1.429261537453469563e-03 -3.020936761686048716e-02 6.432702801281863121e-04 5.638206785488081296e-02 -2.269370251826979129e-03 -2.476708976503540494e-01
2.475752023239117527e-01 5.020942398182060007e-01 2.477672963166066555e-01 -2.068338977346583299e-03 -5.638352811168884787e-02 2.472919657919488926e-03 3.027536612550138853e-02 2.261858017271295125e-04 -3.009959556742842005e-02 2.776280122688667279e-04 5.622669096021792878e-02 -1.862641541368754245e-03
-8.198749493545732028e-04 2.477672963166066555e-01 5.014824052658418685e-01 2.473784997068411151e-01 -2.162403940702641025e-03 -5.615200983748107333e-02 1.648573992302288481e-03 3.025228151954063860e-02 -3.351639461870840626e-04 -3.021355313013693311e-02 7.643488707442991272e-04 5.645165769727239491e-02
-5.627622698624178132e-02 -2.068338977346583299e-03 2.473784997068411151e-01 5.036734435864890225e-01 2.479050329916650530e-01 -3.142311414327241849e-03 -5.683596009658448134e-02 -1.545325805734346601e-03 3.024158007650287402e-02 7.784021655164289916e-04 -3.012806337131117285e-02 -2.332361249106663925e-04
1.454424031193815711e-03 -5.638352811168884787e-02 -2.162403940702641025e-03 2.479050329916650530e-01 5.013813793158228282e-01 2.473097388669912300e-01 -9.391076421518644579e-04 -5.642891310905061297e-02 -6.137505430994279892e-04 3.018778602720127019e-02 2.334719959767310622e-04 -3.020238455325176957e-02
3.003851761906486603e-02 2.472919657919488926e-03 -5.615200983748107333e-02 -3.142311414327241849e-03 2.473097388669912300e-01 5.067681090153498547e-01 2.486698101569315700e-01 6.196628558403719129e-03 -5.652517224263034490e-02 -2.572103528079001597e-03 3.016283659217061999e-02 1.418898020902846762e-03
-1.429261537453469563e-03 3.027536612550138853e-02 1.648573992302288481e-03 -5.683596009658448134e-02 -9.391076421518644579e-04 2.486698101569315700e-01 4.855551729239721004e-01 2.472872742411275360e-01 2.223198346135269766e-03 -5.629503008580689916e-02 -5.044015403633077266e-04 3.016501659351513917e-02
-3.020936761686048716e-02 2.261858017271295125e-04 3.025228151954063860e-02 -1.545325805734346601e-03 -5.642891310905061297e-02 6.196628558403719129e-03 2.472872742411275360e-01 5.012099865888188788e-01 2.479440482602491003e-01 -1.102426754586120468e-03 -5.642572311204896440e-02 1.103418936938341255e-03
6.432702801281863121e-04 -3.009959556742842005e-02 -3.351639461870840626e-04 3.024158007650287402e-02 -6.137505430994279892e-04 -5.652517224263034490e-02 2.223198346135269766e-03 2.479440482602491003e-01 5.005537388617808947e-01 2.473952148417233043e-01 -1.153244988593716321e-03 -5.620981647595453545e-02
5.638206785488081296e-02 2.776280122688667279e-04 -3.021355313013693311e-02 7.784021655164289916e-04 3.018778602720127019e-02 -2.572103528079001597e-03 -5.629503008580689916e-02 -1.102426754586120468e-03 2.473952148417233043e-01 5.012856753140135790e-01 2.477195804600091367e-01 -1.159491133639688198e-03
-2.269370251826979129e-03 5.622669096021792878e-02 7.643488707442991272e-04 -3.012806337131117285e-02 2.334719959767310622e-04 3.016283659217061999e-02 -5.044015403633077266e-04 -5.642572311204896440e-02 -1.153244988593716321e-03 2.477195804600091367e-01 5.027541628970723098e-01 2.475016923068418806e-01
-2.476708976503540494e-01 -1.862641541368754245e-03 5.645165769727239491e-02 -2.332361249106663925e-04 -3.020238455325176957e-02 1.418898020902846762e-03 3.016501659351513917e-02 1.103418936938341255e-03 -5.620981647595453545e-02 -1.159491133639688198e-03 2.475016923068418806e-01 4.961145340482098209e-01
5.060435897851287557e-01 2.475618886216527093e-01 -1.120208209089501930e-03 -5.640632131923795090e-02 9.488652889101011545e-04 3.014036229589888219e-02 -9.966610024183242527e-04 -3.010775884588457255e-02 6.594297821220773941e-04 5.633707332544504037e-02 -3.246959995751451129e-03 -2.476879648869275141e-01
2.475618886216527093e-01 5.040152122112577793e-01 2.477247461511195570e-01 3.973821856414034952e-03 -5.635829461127775386e-02 -1.941261729625085725e-03 3.012588200848465708e-02 1.040474576460434508e-03 -3.011607079877971771e-02 -2.157235976585273989e-03 5.643392963406502344e-02 2.499100266428959383e-03
-1.120208209089501930e-03 2.477247461511195570e-01 4.886347180628465847e-01 2.478907358825372387e-01 -8.455280197488474273e-04 -5.641699376286904433e-02 9.995371817393748463e-04 3.011874840610042139e-02 -2.329484977530955426e-04 -3.012173495141852800e-02 1.042925799126380839e-03 5.627861943761473806e-02
-5.640632131923795090e-02 3.973821856414034952e-03 2.478907358825372387e-01 5.074210463614807765e-01 2.474947448928460081e-01 -2.085461048087996518e-04 -5.622133436825248187e-02 4.650163628928831233e-04 3.006959656765818834e-02 3.206010748312564280e-04 -3.012656319720310311e-02 6.558050275193168764e-04
9.488652889101011545e-04 -5.635829461127775386e-02 -8.455280197488474273e-04 2.474947448928460081e-01 4.957604952093077610e-01 2.477132211323965494e-01 -9.443684030166360228e-04 -5.630678676304356339e-02 -7.962552440052674332e-05 3.009920438533715201e-02 -5.126879703734794382e-04 -3.007536663493537085e-02
3.014036229589888219e-02 -1.941261729625085725e-03 -5.641699376286904433e-02 -2.085461048087996518e-04 2.477132211323965494e-01 5.039384561441410115e-01 2.474570069265338568e-01 -9.618366362446898387e-04 -5.622227612900444760e-02 -5.937406343532214718e-04 3.007757436932426143e-02 -4.465546822104992947e-04
-9.966610024183242527e-04 3.012588200848465708e-02 9.995371817393748463e-04 -5.622133436825248187e-02 -9.443684030166360228e-04 2.474570069265338568e-01 4.998293163547507523e-01 2.476817101816000677e-01 1.279600824579597406e-03 -5.631419288105225102e-02 3.108422150789177593e-04 3.008173826010356391e-02
-3.010775884588457255e-02 1.040474576460434508e-03 3.011874840610042139e-02 4.650163628928831233e-04 -5.630678676304356339e-02 -9.618366362446898387e-04 2.476817101816000677e-01 4.998098092722585428e-01 2.474268693164530242e-01 2.123377545583541963e-03 -5.625459249614438162e-02 8.694653849422172461e-05
6.594297821220773941e-04 -3.011607079877971771e-02 -2.329484977530955426e-04 3.006959656765818834e-02 -7.962552440052674332e-05 -5.622227612900444760e-02 1.279600824579597406e-03 2.474268693164530242e-01 4.950782100983919243e-01 2.478119602802463517e-01 -2.110414417661133669e-03 -5.632193912164040056e-02
5.633707332544504037e-02 -2.157235976585273989e-03 -3.012173495141852800e-02 3.206010748312564280e-04 3.009920438533715201e-02 -5.937406343532214718e-04 -5.631419288105225102e-02 2.123377545583541963e-03 2.478119602802463517e-01 5.034061794643200916e-01 2.473897625005105905e-01 -1.916029083437534308e-03
-3.246959995751451129e-03 5.643392963406502344e-02 1.042925799126380839e-03 -3.012656319720310311e-02 -5.126879703734794382e-04 3.007757436932426143e-02 3.108422150789177593e-04 -5.625459249614438162e-02 -2.110414417661133669e-03 2.473897625005105905e-01 5.055265654614047310e-01 2.478445941267151675e-01
-2.476879648869275141e-01 2.499100266428959383e-03 5.627861943761473806e-02 6.558050275193168764e-04 -3.007536663493537085e-02 -4.465546822104992947e-04 3.008173826010356391e-02 8.694653849422172461e-05 -5.632193912164040056e-02 -1.916029083437534308e-03 2.478445941267151675e-01 4.905364015746730977e-01
4.985504776015693418e-01 2.480335528854036298e-01 -5.983503143620429177e-03 -5.654860750177308215e-02 2.028665056914697590e-03 3.034986633628029493e-02 -2.345181997279939296e-04 -3.027765155462224661e-02 1.092770509122608941e-03 5.646910292482141408e-02 -6.557439143262034156e-03 -2.473788982918243562e-01
2.480335528854036298e-01 5.129110401645345929e-01 2.477880901715686923e-01 -5.307027149491546497e-04 -5.656763512934251392e-02 -1.250681562704752166e-03 3.021969617854029788e-02 1.618123311945834789e-03 -3.026250473378417488e-02 -6.114779071224353546e-04 5.662012300686074251e-02 -5.100877294678324899e-04
-5.983503143620429177e-03 2.477880901715686923e-01 4.956870588961667656e-01 2.478074023977150375e-01 1.786064074879911701e-03 -5.643714811036414092e-02 -2.162138218168442160e-03 3.020067617485166014e-02 1.172989490226991746e-03 -3.027634058710382964e-02 3.121367119554274141e-04 5.639284640360662376e-02
-5.654860750177308215e-02 -5.307027149491546497e-04 2.478074023977150375e-01 5.011770258069769834e-01 2.475611890015883831e-01 2.713771067616608298e-03 -5.619976033638179880e-02 -2.359491677476066585e-03 3.019849295034855718e-02 8.817660906370096982e-04 -3.031539298261898968e-02 -1.293634968351285545e-04
2.028665056914697590e-03 -5.656763512934251392e-02 1.786064074879911701e-03 2.475611890015883831e-01 4.938479893793441544e-01 2.478244371102658883e-01 2.808414315620836287e-03 -5.660850267780603157e-02 -5.665523611371461269e-04 3.041012794204556863e-02 -9.153278270593334133e-04 -3.024705971262000442e-02
3.034986633628029493e-02 -1.250681562704752166e-03 -5.643714811036414092e-02 2.713771067616608298e-03 2.478244371102658883e-01 4.997605757457598274e-01 2.473467059094351383e-01 2.004596565530928493e-03 -5.639763942679831138e-02 4.968187372560519972e-05 3.023120138280581751e-02 -9.517666642816555557e-04
-2.345181997279939296e-04 3.021969617854029788e-02 -2.162138218168442160e-03 -5.619976033638179880e-02 2.808414315620836287e-03 2.473467059094351383e-01 4.938365107246444063e-01 2.482966156562186055e-01 -1.561100579421706956e-03 -5.670746659848197729e-02 2.800885834209928052e-03 3.024246075005977696e-02
-3.027765155462224661e-02 1.618123311945834789e-03 3.020067617485166014e-02 -2.359491677476066585e-03 -5.660850267780603157e-02 2.004596565530928493e-03 2.482966156562186055e-01 5.056145408896736138e-01 2.472971641918276786e-01 -2.218848175764678247e-03 -5.612713079266238442e-02 2.124560583002044374e-03
1.092770509122608941e-03 -3.026250473378417488e-02 1.172989490226991746e-03 3.019849295034855718e-02 -5.665523611371461269e-04 -5.639763942679831138e-02 -1.561100579421706956e-03 2.472971641918276786e-01 4.997263391113051512e-01 2.480170982553300540e-01 -4.307742798911559992e-03 -5.662990994073220652e-02
5.646910292482141408e-02 -6.114779071224353546e-04 -3.027634058710382964e-02 8.817660906370096982e-04 3.041012794204556863e-02 4.968187372560519972e-05 -5.670746659848197729e-02 -2.218848175764678247e-03 2.480170982553300540e-01 5.063670505389442633e-01 2.472694955351952550e-01 -1.775245151280056138e-03
-6.557439143262034156e-03 5.662012300686074251e-02 3.121367119554274141e-04 -3.031539298261898968e-02 -9.153278270593334133e-04 3.023120138280581751e-02 2.800885834209928052e-03 -5.612713079266238442e-02 -4.307742798911559992e-03 2.472694955351952550e-01 5.049269814321268868e-01 2.484542692617709436e-01
-2.473788982918243562e-01 -5.100877294678324899e-04 5.639284640360662376e-02 -1.293634968351285545e-04 -3.024705971262000442e-02 -9.517666642816555557e-04 3.024246075005977696e-02 2.124560583002044374e-03 -5.662990994073220652e-02 -1.775245151280056138e-03 2.484542692617709436e-01 4.875944097089713880e-01
4.980496542081669364e-01 2.478846546951252727e-01 2.377791049960471283e-03 -5.642824271371500722e-02 -7.668188487883821928e-04 3.017244738800233667e-02 4.255616628491330853e-04 -3.017465785914349649e-02 -1.726424447876688485e-03 5.643206037320860208e-02 6.225580980454220939e-03 -2.474544346766076319e-01
2.478846546951252727e-01 4.973840588564758525e-01 2.474489961427638607e-01 -9.980109252293969165e-04 -5.632552782346089693e-02 -1.648912573314373830e-03 3.012631414858382012e-02 7.054925503841985579e-04 -3.014529808857862106e-02 1.807493304229717667e-04 5.650328799232653965e-02 1.478628583608360917e-03
2.377791049960471283e-03 2.474489961427638607e-01 5.000607791910158806e-01 2.476940716597628711e-01 -4.988474381611069687e-04 -5.645247144283714602e-02 5.510721091882061096e-04 3.017708398129184677e-02 5.375030416231411793e-04 -3.019576230067969047e-02 -1.962926554920301370e-03 5.636998185445560305e-02
-5.642824271371500722e-02 -9.980109252293969165e-04 2.476940716597628711e-01 5.051206004371119329e-01 2.477002136916071628e-01 4.362701514189893000e-03 -5.632957954700725661e-02 -1.420399906037863149e-03 3.009325389305701065e-02 2.564657125556444716e-04 -3.013828005795832904e-02 -1.020614877404939051e-03
-7.668188487883821928e-04 -5.632552782346089693e-02 -4.988474381611069687e-04 2.477002136916071628e-01 4.887141425095329894e-01 2.478949246224759484e-01 -7.962643105804710414e-04 -5.640321889989423354e-02 -6.722679749478655421e-04 3.023170048692774142e-02 1.565835023073542873e-03 -3.028976612150842407e-02
3.017244738800233667e-02 -1.648912573314373830e-03 -5.645247144283714602e-02 4.362701514189893000e-03 2.478949246224759484e-01 5.043402163915389202e-01 2.474114206172488561e-01 -1.417372637434127693e-03 -5.627370103981373106e-02 1.714800415726006402e-03 3.016816117295746669e-02 -6.625876283280955712e-04
4.255616628491330853e-04 3.012631414858382012e-02 5.510721091882061096e-04 -5.632957954700725661e-02 -7.962643105804710414e-04 2.474114206172488561e-01 5.031912417013595373e-01 2.477889748707544637e-01 1.998915629723079651e-03 -5.649024889698910090e-02 -2.266827248686108069e-03 3.025780394094935294e-02
-3.017465785914349649e-02 7.054925503841985579e-04 3.017708398129184677e-02 -1.420399906037863149e-03 -5.640321889989423354e-02 -1.417372637434127693e-03 2.477889748707544637e-01 4.931568694497321936e-01 2.475391703981831837e-01 -1.973749078279659567e-03 -5.627358573165060912e-02 -1.214350065561738221e-05
-1.726424447876688485e-03 -3.014529808857862106e-02 5.375030416231411793e-04 3.009325389305701065e-02 -6.722679749478655421e-04 -5.627370103981373106e-02 1.998915629723079651e-03 2.475391703981831837e-01 5.069877570595786587e-01 2.479038952550934038e-01 2.582785624265754310e-03 -5.655584836409909694e-02
5.643206037320860208e-02 1.807493304229717667e-04 -3.019576230067969047e-02 2.564657125556444716e-04 3.023170048692774142e-02 1.714800415726006402e-03 -5.649024889698910090e-02 -1.973749078279659567e-03 2.479038952550934038e-01 4.957631035393482155e-01 2.472452253720322513e-01 2.059370789746807484e-03
6.225580980454220939e-03 5.650328799232653965e-02 -1.962926554920301370e-03 -3.013828005795832904e-02 1.565835023073542873e-03 3.016816117295746669e-02 -2.266827248686108069e-03 -5.627358573165060912e-02 2.582785624265754310e-03 2.472452253720322513e-01 4.926318922132957301e-01 2.484729110062571800e-01
