3.945361554828104023e-01 2.643086877701463777e-01 9.494245713542658061e-02 -6.196915753192597937e-02 -6.702938328765195575e-02 2.409553936030476087e-02 6.942457035283990108e-02 2.320914772533836257e-03 -7.704129391782461866e-02 -5.344967070763584349e-02 8.606432417090248421e-02 2.546198783287756395e-01
2.643086877701463777e-01 3.435473369239262498e-01 2.486043336620860911e-01 5.136539959908996422e-02 -7.956883492595474838e-02 -5.301104947745817475e-02 3.456496505226316907e-02 5.252864196591654211e-02 -8.681114347602599673e-03 -6.888835436943116508e-02 -4.031602084056182256e-02 1.095518606853668059e-01
9.494245713542658061e-02 2.486043336620860911e-01 4.499569693820664185e-01 2.700481352051543049e-01 2.886203141557666316e-02 -7.972484615224700866e-02 -4.945727325888771286e-02 4.080785146810021052e-02 5.982300172636017405e-02 -1.016029067180434370e-02 -7.281359750814711540e-02 -3.172529150963384476e-02
-6.196915753192597937e-02 5.136539959908996422e-02 2.700481352051543049e-01 4.900660547234838571e-01 2.653228896062412856e-01 4.741400239825634133e-02 -6.555942455533661506e-02 -4.440141517325865012e-02 2.875716735524751905e-02 5.004557570811428435e-02 3.678159738123895628e-03 -5.850515951412827570e-02
-6.702938328765195575e-02 -7.956883492595474838e-02 2.886203141557666316e-02 2.653228896062412856e-01 4.399034356613545915e-01 2.529070607454056985e-01 6.859895192310018486e-02 -6.355829403734808425e-02 -6.699827364307398003e-02 1.998818327460151825e-02 6.577395608752759082e-02 1.294266041250940677e-02
2.409553936030476087e-02 -5.301104947745817475e-02 -7.972484615224700866e-02 4.741400239825634133e-02 2.529070607454056985e-01 3.945315884222242442e-01 2.690330072414381934e-01 6.476657623691617349e-02 -7.600994891413657972e-02 -6.166863115697455988e-02 2.428452579670350303e-02 5.726622465243940557e-02
6.942457035283990108e-02 3.456496505226316907e-02 -4.945727325888771286e-02 -6.555942455533661506e-02 6.859895192310018486e-02 2.690330072414381934e-01 4.552482311682806704e-01 2.625655253753292340e-01 5.897382387214663430e-02 -6.537473605304272573e-02 -6.119891070362344643e-02 1.988804775888510651e-02
2.320914772533836257e-03 5.252864196591654211e-02 4.080785146810021052e-02 -4.440141517325865012e-02 -6.355829403734808425e-02 6.476657623691617349e-02 2.625655253753292340e-01 4.113361793786286524e-01 2.698365470907755359e-01 7.722603969297135718e-02 -6.263470469944106001e-02 -6.238361095682676272e-02
-7.704129391782461866e-02 -8.681114347602599673e-03 5.982300172636017405e-02 2.875716735524751905e-02 -6.699827364307398003e-02 -7.600994891413657972e-02 5.897382387214663430e-02 2.698365470907755359e-01 4.363511621945841412e-01 2.557590393434006071e-01 6.525108753121650063e-02 -6.016066425189871281e-02
-5.344967070763584349e-02 -6.888835436943116508e-02 -1.016029067180434370e-02 5.004557570811428435e-02 1.998818327460151825e-02 -6.166863115697455988e-02 -6.537473605304272573e-02 7.722603969297135718e-02 2.557590393434006071e-01 3.794287050705842379e-01 2.690493108405178635e-01 8.296197443953334805e-02
8.606432417090248421e-02 -4.031602084056182256e-02 -7.281359750814711540e-02 3.678159738123895628e-03 6.577395608752759082e-02 2.428452579670350303e-02 -6.119891070362344643e-02 -6.263470469944106001e-02 6.525108753121650063e-02 2.690493108405178635e-01 4.641701300044372980e-01 2.611697054266665652e-01
2.546198783287756395e-01 1.095518606853668059e-01 -3.172529150963384476e-02 -5.850515951412827570e-02 1.294266041250940677e-02 5.726622465243940557e-02 1.988804775888510651e-02 -6.238361095682676272e-02 -6.016066425189871281e-02 8.296197443953334805e-02 2.611697054266665652e-01 3.409240515876140742e-01
4.265379901964619913e-01 2.563245302873054521e-01 9.315736878000335786e-02 -4.181959257588564738e-02 -6.210235681930344892e-02 1.089146708608982293e-03 5.214982074683464225e-02 2.970937634884986134e-02 -4.928082343058052400e-02 -8.077710219831513161e-02 3.989312836893296049e-02 2.698112955013654002e-01
2.563245302873054521e-01 3.590235284946439176e-01 2.540668304954020740e-01 9.472858153519722602e-02 -6.176625320189727680e-02 -7.958337630186231026e-02 5.517220092065668220e-03 6.982462852444881740e-02 3.814379732383985089e-02 -5.213718864833800926e-02 -6.883780117564308743e-02 6.975901117883184788e-02
9.315736878000335786e-02 2.540668304954020740e-01 3.629521663075192528e-01 2.657862987107922903e-01 6.640300714523365844e-02 -7.006113548435899396e-02 -6.011437456595480205e-02 2.190488427893658857e-02 6.433873547373490653e-02 2.440227118626074262e-02 -6.060007519822584870e-02 -5.445903860626723908e-02
-4.181959257588564738e-02 9.472858153519722602e-02 2.657862987107922903e-01 4.549025515778379325e-01 2.664993212621549756e-01 6.204079789295655761e-02 -6.035730865995564409e-02 -6.033472665018851933e-02 1.199430201337412655e-02 5.668665970165147339e-02 1.046887941074418904e-02 -6.398272849579625388e-02
-6.210235681930344892e-02 -6.176625320189727680e-02 6.640300714523365844e-02 2.664993212621549756e-01 4.208325381302282508e-01 2.610994212620756927e-01 7.102481704837103338e-02 -6.385878248552159797e-02 -7.182038178286455354e-02 2.659955663364463926e-03 5.437127264483914563e-02 1.534741616549601534e-02
1.089146708608982293e-03 -7.958337630186231026e-02 -7.006113548435899396e-02 6.204079789295655761e-02 2.610994212620756927e-01 4.135513381631396035e-01 2.585225571626261765e-01 7.267075119776462977e-02 -6.050102490299267416e-02 -6.770956895082572147e-02 1.937765596085264802e-02 6.207227984275576899e-02
5.214982074683464225e-02 5.517220092065668220e-03 -6.011437456595480205e-02 -6.035730865995564409e-02 7.102481704837103338e-02 2.585225571626261765e-01 4.127203258506431105e-01 2.748702640398210661e-01 9.408673310274784374e-02 -5.089253923646563232e-02 -5.764956363766000208e-02 2.088326620373376352e-02
2.970937634884986134e-02 6.982462852444881740e-02 2.190488427893658857e-02 -6.033472665018851933e-02 -6.385878248552159797e-02 7.267075119776462977e-02 2.748702640398210661e-01 4.163818843036848349e-01 2.560916647643610711e-01 7.641232697765985848e-02 -6.196540982181189539e-02 -5.775503971506064371e-02
-4.928082343058052400e-02 3.814379732383985089e-02 6.433873547373490653e-02 1.199430201337412655e-02 -7.182038178286455354e-02 -6.050102490299267416e-02 9.408673310274784374e-02 2.560916647643610711e-01 3.430221584313924987e-01 2.530668301549511279e-01 6.378283294610889720e-02 -7.163442298448929879e-02
-8.077710219831513161e-02 -5.213718864833800926e-02 2.440227118626074262e-02 5.668665970165147339e-02 2.659955663364463926e-03 -6.770956895082572147e-02 -5.089253923646563232e-02 7.641232697765985848e-02 2.530668301549511279e-01 4.690476059584067214e-01 2.727614162233098494e-01 3.055902384933625870e-02
3.989312836893296049e-02 -6.883780117564308743e-02 -6.060007519822584870e-02 1.046887941074418904e-02 5.437127264483914563e-02 1.937765596085264802e-02 -5.764956363766000208e-02 -6.196540982181189539e-02 6.378283294610889720e-02 2.727614162233098494e-01 4.511301808961470927e-01 2.537061009978302528e-01
2.698112955013654002e-01 6.975901117883184788e-02 -5.445903860626723908e-02 -6.398272849579625388e-02 1.534741616549601534e-02 6.207227984275576899e-02 2.088326620373376352e-02 -5.775503971506064371e-02 -7.163442298448929879e-02 3.055902384933625870e-02 2.537061009978302528e-01 4.698977316898794165e-01
3.682595337647660561e-01 2.777056475646456635e-01 1.061816790945534772e-01 -6.069217426141128996e-02 -7.348409200710125100e-02 1.552587483935257556e-02 5.796236818069126079e-02 8.319307816001420691e-03 -6.052525633625267104e-02 -6.386123151994102520e-02 5.590181080125702917e-02 2.394330187503739549e-01
2.777056475646456635e-01 4.273536599632635768e-01 2.556476290403952856e-01 5.218886687737827462e-02 -7.017174691638877748e-02 -5.288789206875806059e-02 3.152417982879118785e-02 6.369605217834214961e-02 9.145508521830766208e-03 -7.246240307422988081e-02 -7.161555959650243997e-02 7.746863855219567052e-02
1.061816790945534772e-01 2.556476290403952856e-01 3.614683445102785386e-01 2.634924089245106460e-01 7.606209115736807524e-02 -6.376839371531434209e-02 -5.377816694776824114e-02 3.300147040816056587e-02 5.854750837183896051e-02 7.466952625027941520e-03 -6.370634872511865554e-02 -4.115245983724132028e-02
-6.069217426141128996e-02 5.218886687737827462e-02 2.634924089245106460e-01 5.003781349706192261e-01 2.760565459532200450e-01 3.936783400675892414e-02 -7.712891743167044067e-02 -5.056044072844358139e-02 2.663177646753028815e-02 6.294143923610538705e-02 1.840654570089410302e-02 -5.869790856505508608e-02
-7.348409200710125100e-02 -7.017174691638877748e-02 7.606209115736807524e-02 2.760565459532200450e-01 3.843550281782242561e-01 2.445153937330214189e-01 5.770532741065241555e-02 -6.440516488712988430e-02 -5.973673050654713934e-02 1.442264222424873704e-02 5.636603375256279969e-02 1.040139992055148094e-02
1.552587483935257556e-02 -5.288789206875806059e-02 -6.376839371531434209e-02 3.936783400675892414e-02 2.445153937330214189e-01 4.810692576756197547e-01 2.839919232011156591e-01 5.369650271574485240e-02 -7.397621378109354995e-02 -7.137019229680174881e-02 1.066396325946470346e-02 5.742941899014246399e-02
5.796236818069126079e-02 3.152417982879118785e-02 -5.377816694776824114e-02 -7.712891743167044067e-02 5.770532741065241555e-02 2.839919232011156591e-01 4.288530870955670204e-01 2.426572590366036786e-01 7.207432120772126749e-02 -4.583223271710788749e-02 -5.683064066657114027e-02 1.012809852320827909e-02
8.319307816001420691e-03 6.369605217834214961e-02 3.300147040816056587e-02 -5.056044072844358139e-02 -6.440516488712988430e-02 5.369650271574485240e-02 2.426572590366036786e-01 3.936266978178867282e-01 2.779593485314066914e-01 1.128220079792202485e-01 -4.744726936541178441e-02 -7.276896596915646831e-02
-6.052525633625267104e-02 9.145508521830766208e-03 5.854750837183896051e-02 2.663177646753028815e-02 -5.973673050654713934e-02 -7.397621378109354995e-02 7.207432120772126749e-02 2.779593485314066914e-01 4.052230120849564798e-01 2.566669507658551064e-01 6.692250472679846240e-02 -6.587174769263799690e-02
-6.386123151994102520e-02 -7.246240307422988081e-02 7.466952625027941520e-03 6.294143923610538705e-02 1.442264222424873704e-02 -7.137019229680174881e-02 -4.583223271710788749e-02 1.128220079792202485e-01 2.566669507658551064e-01 3.477177424152853580e-01 2.501811215755794238e-01 7.230292555614642458e-02
5.590181080125702917e-02 -7.161555959650243997e-02 -6.370634872511865554e-02 1.840654570089410302e-02 5.636603375256279969e-02 1.066396325946470346e-02 -5.683064066657114027e-02 -4.744726936541178441e-02 6.692250472679846240e-02 2.501811215755794238e-01 4.681413239620402789e-01 2.857001565749504035e-01
2.394330187503739549e-01 7.746863855219567052e-02 -4.115245983724132028e-02 -5.869790856505508608e-02 1.040139992055148094e-02 5.742941899014246399e-02 1.012809852320827909e-02 -7.276896596915646831e-02 -6.587174769263799690e-02 7.230292555614642458e-02 2.857001565749504035e-01 4.335541775615193716e-01
3.895303813702149509e-01 2.505242128462180085e-01 7.725702644467517810e-02 -4.972486884882805491e-02 -8.128217748454139024e-02 -2.311020645657554246e-02 5.900264854028770822e-02 3.266321699956317715e-02 -6.569123041735501489e-02 -7.136420615866292949e-02 7.646879388471625183e-02 2.640934045860302559e-01
2.505242128462180085e-01 4.441851093428010877e-01 2.860149400548465670e-01 8.852506371863959334e-02 -4.342401980622052904e-02 -6.651672924197203629e-02 -4.595559277170127924e-03 5.256532958127117794e-02 3.143231923953834772e-02 -4.354208942118778514e-02 -6.355465784594560574e-02 5.111015104859532865e-02
7.725702644467517810e-02 2.860149400548465670e-01 4.136738845974186618e-01 2.303435586482710795e-01 9.958561164668622290e-02 -1.559790685767837616e-02 -6.327781114701898357e-02 -4.157988188990852964e-03 6.219765690751315190e-02 3.052723089306390997e-02 -6.579078532705256999e-02 -6.942388888633836685e-02
-4.972486884882805491e-02 8.852506371863959334e-02 2.303435586482710795e-01 2.778616724425584383e-01 2.532148341215035847e-01 1.216723534706462967e-01 -4.254264362748362560e-02 -7.106816359703672925e-02 6.321537674523366318e-03 5.573872215482318648e-02 1.308435709488508375e-02 -6.117623756563983495e-02
-8.128217748454139024e-02 -4.342401980622052904e-02 9.958561164668622290e-02 2.532148341215035847e-01 4.162844457131368858e-01 2.669795196446796415e-01 5.539524287916788858e-02 -7.944426926483001694e-02 -6.277414886527588056e-02 2.989812426592250438e-02 6.653642523397419739e-02 -5.615052059923787003e-03
-2.311020645657554246e-02 -6.651672924197203629e-02 -1.559790685767837616e-02 1.216723534706462967e-01 2.669795196446796415e-01 3.697387337750970282e-01 2.530728444296151958e-01 5.148480103336576519e-02 -6.892138851377974107e-02 -4.536922353274799868e-02 4.074418253933753675e-02 4.645738748935387963e-02
5.900264854028770822e-02 -4.595559277170127924e-03 -6.327781114701898357e-02 -4.254264362748362560e-02 5.539524287916788858e-02 2.530728444296151958e-01 5.166502906145893359e-01 2.837599294763567537e-01 4.607598946441465726e-02 -7.422060632807431224e-02 -4.957006051543606101e-02 3.592071568203625276e-02
3.266321699956317715e-02 5.256532958127117794e-02 -4.157988188990852964e-03 -7.106816359703672925e-02 -7.944426926483001694e-02 5.148480103336576519e-02 2.837599294763567537e-01 4.034975289393506470e-01 2.397919247695016742e-01 5.925267168447795330e-02 -6.278752324901074044e-02 -4.787472484686829816e-02
-6.569123041735501489e-02 3.143231923953834772e-02 6.219765690751315190e-02 6.321537674523366318e-03 -6.277414886527588056e-02 -6.892138851377974107e-02 4.607598946441465726e-02 2.397919247695016742e-01 4.285626253641930394e-01 2.801997703959371866e-01 5.956357384967348595e-02 -8.147629124467774264e-02
-7.136420615866292949e-02 -4.354208942118778514e-02 3.052723089306390997e-02 5.573872215482318648e-02 2.989812426592250438e-02 -4.536922353274799868e-02 -7.422060632807431224e-02 5.925267168447795330e-02 2.801997703959371866e-01 4.569379981207871699e-01 2.531202583997317346e-01 3.825119432726525881e-02
7.646879388471625183e-02 -6.355465784594560574e-02 -6.579078532705256999e-02 1.308435709488508375e-02 6.653642523397419739e-02 4.074418253933753675e-02 -4.957006051543606101e-02 -6.278752324901074044e-02 5.956357384967348595e-02 2.531202583997317346e-01 4.270083032600662243e-01 2.716616130829625497e-01
2.640934045860302559e-01 5.111015104859532865e-02 -6.942388888633836685e-02 -6.117623756563983495e-02 -5.615052059923787003e-03 4.645738748935387963e-02 3.592071568203625276e-02 -4.787472484686829816e-02 -8.147629124467774264e-02 3.825119432726525881e-02 2.716616130829625497e-01 4.560690264597824783e-01
3.581903997985436128e-01 2.610571155309611147e-01 1.038253519838938377e-01 -4.620098286069377475e-02 -6.108614656739196069e-02 2.599312945150044490e-02 5.191809765017765116e-02 -9.221171362427390411e-03 -6.910702680445267310e-02 -3.258329804940544860e-02 1.086949906007116107e-01 2.550921554669293712e-01
2.610571155309611147e-01 4.648393696845781742e-01 2.845491790868688309e-01 6.001556355526168479e-02 -7.205881585546282386e-02 -4.095104048903015076e-02 3.995006940394332795e-02 6.006580528096357868e-02 1.267999584078397662e-02 -5.598959381191996598e-02 -6.420201722964638535e-02 4.746917730307623207e-02
1.038253519838938377e-01 2.845491790868688309e-01 3.684076220657614420e-01 2.253787068909211544e-01 5.420083990378399968e-02 -5.988210143408899400e-02 -4.000032435012302462e-02 3.750255609684523261e-02 6.169679497508924471e-02 -5.106485967296407920e-03 -8.771948121261124998e-02 -6.543560391946719179e-02
-4.620098286069377475e-02 6.001556355526168479e-02 2.253787068909211544e-01 4.270178840091519157e-01 2.920471750395807753e-01 2.956003632849558624e-02 -9.416878626562599774e-02 -5.617173502427719178e-02 2.670765564669028841e-02 4.885212204342058440e-02 3.977818148538012771e-03 -5.110565688887578478e-02
-6.108614656739196069e-02 -7.205881585546282386e-02 5.420083990378399968e-02 2.920471750395807753e-01 5.099299887462750425e-01 2.328084403946971970e-01 1.518857473461922812e-02 -6.058981913976085182e-02 -4.259279064036917278e-02 2.189024899873445729e-02 5.837699648530671886e-02 2.103748700546897998e-02
2.599312945150044490e-02 -4.095104048903015076e-02 -5.988210143408899400e-02 2.956003632849558624e-02 2.328084403946971970e-01 4.411943470590141692e-01 2.937037106321623847e-01 8.852680527131077948e-02 -5.235010671667270077e-02 -6.206545573508364527e-02 6.585953532717580411e-03 4.890205285779498923e-02
5.191809765017765116e-02 3.995006940394332795e-02 -4.000032435012302462e-02 -9.416878626562599774e-02 1.518857473461922812e-02 2.937037106321623847e-01 4.831656750464435324e-01 2.297228268917455574e-01 5.528125682316907541e-02 -4.784280827685455373e-02 -6.011417322035200739e-02 -5.771921050448108534e-03
-9.221171362427390411e-03 6.006580528096357868e-02 3.750255609684523261e-02 -5.617173502427719178e-02 -6.058981913976085182e-02 8.852680527131077948e-02 2.297228268917455574e-01 2.698077951099376870e-01 2.471098008318063366e-01 1.089430645007082726e-01 -4.551349130508741681e-02 -7.622016984180457477e-02
-6.910702680445267310e-02 1.267999584078397662e-02 6.169679497508924471e-02 2.670765564669028841e-02 -4.259279064036917278e-02 -5.235010671667270077e-02 5.528125682316907541e-02 2.471098008318063366e-01 4.926740860214154916e-01 2.984694080749958345e-01 6.553448341475517913e-02 -6.744846149978214744e-02
-3.258329804940544860e-02 -5.598959381191996598e-02 -5.106485967296407920e-03 4.885212204342058440e-02 2.189024899873445729e-02 -6.206545573508364527e-02 -4.784280827685455373e-02 1.089430645007082726e-01 2.984694080749958345e-01 3.752851341126463014e-01 2.225505295926123450e-01 8.032638675434532194e-02
1.086949906007116107e-01 -6.420201722964638535e-02 -8.771948121261124998e-02 3.977818148538012771e-03 5.837699648530671886e-02 6.585953532717580411e-03 -6.011417322035200739e-02 -4.551349130508741681e-02 6.553448341475517913e-02 2.225505295926123450e-01 3.637422297960785089e-01 2.852216245339372902e-01
2.550921554669293712e-01 4.746917730307623207e-02 -6.543560391946719179e-02 -5.110565688887578478e-02 2.103748700546897998e-02 4.890205285779498923e-02 -5.771921050448108534e-03 -7.622016984180457477e-02 -6.744846149978214744e-02 8.032638675434532194e-02 2.852216245339372902e-01 4.457454685501764935e-01
3.798178786433094589e-01 2.684453024868440063e-01 8.592512259368713379e-02 -6.361934472389234319e-02 -6.432629748678894699e-02 2.314747360736165577e-02 5.612567231774037713e-02 9.135258908309851211e-03 -6.032233232668501172e-02 -6.362179990784772032e-02 6.123751586926326484e-02 2.555035355878036984e-01
2.684453024868440063e-01 4.780466652797971672e-01 2.648968238986072476e-01 4.523581571432477161e-02 -7.234920346782670875e-02 -5.517365460233412955e-02 2.753151708302788506e-02 6.638428944246900498e-02 1.612967560050183879e-02 -6.354093656643590438e-02 -8.008035065747443060e-02 3.833493616272066334e-02
8.592512259368713379e-02 2.648968238986072476e-01 3.694859247898737986e-01 2.562469257170890691e-01 7.552815136535287466e-02 -6.343437408292178226e-02 -5.930376355610472716e-02 2.117059869000091632e-02 5.742674034052598631e-02 2.214740931987575073e-02 -6.003126582799406252e-02 -6.361711296838390428e-02
-6.361934472389234319e-02 4.523581571432477161e-02 2.562469257170890691e-01 4.842006783472269094e-01 2.797671756771761276e-01 5.234393749438534527e-02 -7.462977646959802203e-02 -6.609750627532443024e-02 1.634729624353722932e-02 6.641060218638891732e-02 3.294811862289549059e-02 -4.680607454954888863e-02
-6.432629748678894699e-02 -7.234920346782670875e-02 7.552815136535287466e-02 2.797671756771761276e-01 3.929158435523934512e-01 2.454494355763231772e-01 6.823314242679419384e-02 -5.641924782570474639e-02 -5.884170118932280369e-02 3.201348110841745198e-03 5.416530652097951981e-02 2.690106289151105931e-02
2.314747360736165577e-02 -5.517365460233412955e-02 -6.343437408292178226e-02 5.234393749438534527e-02 2.454494355763231772e-01 4.409601284864738124e-01 2.808914189157336039e-01 8.258415093169726995e-02 -6.161477688429138622e-02 -8.200193656118601182e-02 -6.053157951800258382e-03 5.815792390117947158e-02
5.612567231774037713e-02 2.753151708302788506e-02 -5.930376355610472716e-02 -7.462977646959802203e-02 6.823314242679419384e-02 2.808914189157336039e-01 4.140784965325939870e-01 2.506070647662385076e-01 7.146243854115785776e-02 -5.025056560413558582e-02 -6.161682598795172050e-02 2.278081374923500609e-03
9.135258908309851211e-03 6.638428944246900498e-02 2.117059869000091632e-02 -6.609750627532443024e-02 -5.641924782570474639e-02 8.258415093169726995e-02 2.506070647662385076e-01 3.785804608101966395e-01 2.644201524684041127e-01 1.114444897334612855e-01 -3.806782380042803005e-02 -7.286540931139057209e-02
-6.032233232668501172e-02 1.612967560050183879e-02 5.742674034052598631e-02 1.634729624353722932e-02 -5.884170118932280369e-02 -6.161477688429138622e-02 7.146243854115785776e-02 2.644201524684041127e-01 4.029963463731256468e-01 2.730458147568096128e-01 8.716069302218416859e-02 -5.910550733084767028e-02
-6.362179990784772032e-02 -6.354093656643590438e-02 2.214740931987575073e-02 6.641060218638891732e-02 3.201348110841745198e-03 -8.200193656118601182e-02 -5.025056560413558582e-02 1.114444897334612855e-01 2.730458147568096128e-01 3.710247769663906903e-01 2.380096091043111262e-01 6.806780874962622963e-02
6.123751586926326484e-02 -8.008035065747443060e-02 -6.003126582799406252e-02 3.294811862289549059e-02 5.416530652097951981e-02 -6.053157951800258382e-03 -6.161682598795172050e-02 -3.806782380042803005e-02 8.716069302218416859e-02 2.380096091043111262e-01 3.777444444544653668e-01 2.828700647315157690e-01
2.555035355878036984e-01 3.833493616272066334e-02 -6.361711296838390428e-02 -4.680607454954888863e-02 2.690106289151105931e-02 5.815792390117947158e-02 2.278081374923500609e-03 -7.286540931139057209e-02 -5.910550733084767028e-02 6.806780874962622963e-02 2.828700647315157690e-01 5.101483557641807165e-01
4.383000819672269177e-01 2.604434880733704216e-01 6.217534969707377845e-02 -6.818148677161872673e-02 -6.904088450877479688e-02 2.315527569715357392e-02 7.066532259011940043e-02 1.977896571644961049e-02 -6.347666645740210334e-02 -7.610587819946143529e-02 1.744678638959199640e-02 2.555763308962211156e-01
2.604434880733704216e-01 4.035400944714464533e-01 2.608807730030360261e-01 6.906010360315251173e-02 -6.419325915469320520e-02 -5.372934521294793486e-02 2.549686048643056216e-02 5.325327892092936166e-02 3.925161851135110236e-03 -6.929275716593374934e-02 -8.459742374212916860e-02 5.403114032858994525e-02
6.217534969707377845e-02 2.608807730030360261e-01 4.522751986318158113e-01 2.725239441862724044e-01 7.413802072253329600e-02 -6.912932637980850892e-02 -7.366738733616973178e-02 1.029813167559868320e-02 6.054992101630371493e-02 2.897079870194460213e-02 -3.905953354864714899e-02 -5.807605699663887650e-02
-6.818148677161872673e-02 6.906010360315251173e-02 2.725239441862724044e-01 3.912164036455280103e-01 2.536606217428437060e-01 6.419298756086146140e-02 -6.598671167808972671e-02 -5.681361838721695617e-02 2.215911262066953824e-02 6.495625950357057643e-02 4.378147870776080697e-02 -5.117601066610024535e-02
-6.904088450877479688e-02 -6.419325915469320520e-02 7.413802072253329600e-02 2.536606217428437060e-01 4.191443508701988563e-01 2.742672838265349244e-01 8.262293012546705062e-02 -5.601154595209106857e-02 -6.205360438496621001e-02 7.901573834730314660e-03 5.746031772353222405e-02 1.563260923998233826e-02
2.315527569715357392e-02 -5.372934521294793486e-02 -6.912932637980850892e-02 6.419298756086146140e-02 2.742672838265349244e-01 4.390018065016256243e-01 2.618989887132607830e-01 6.066393957220584526e-02 -6.737509448062120598e-02 -7.013907726384829844e-02 -1.273978432180121120e-02 4.745504704109018701e-02
7.066532259011940043e-02 2.549686048643056216e-02 -7.366738733616973178e-02 -6.598671167808972671e-02 8.262293012546705062e-02 2.618989887132607830e-01 3.782633308491628599e-01 2.479536900474928196e-01 6.897193118806313472e-02 -5.437013104249503043e-02 -7.447527454766696142e-02 1.006232936032891434e-02
1.977896571644961049e-02 5.325327892092936166e-02 1.029813167559868320e-02 -5.681361838721695617e-02 -5.601154595209106857e-02 6.066393957220584526e-02 2.479536900474928196e-01 4.495562803064357960e-01 2.884908862939374874e-01 9.508127077777941971e-02 -3.832405497126636917e-02 -5.117947374188200338e-02
-6.347666645740210334e-02 3.925161851135110236e-03 6.054992101630371493e-02 2.215911262066953824e-02 -6.205360438496621001e-02 -6.737509448062120598e-02 6.897193118806313472e-02 2.884908862939374874e-01 4.223332925592312992e-01 2.320079440094539036e-01 8.898265675734862157e-02 -4.442506082405661694e-02
-7.610587819946143529e-02 -6.929275716593374934e-02 2.897079870194460213e-02 6.495625950357057643e-02 7.901573834730314660e-03 -7.013907726384829844e-02 -5.437013104249503043e-02 9.508127077777941971e-02 2.320079440094539036e-01 2.572567982439991630e-01 2.340959289320255210e-01 7.388163136739613057e-02
1.744678638959199640e-02 -8.459742374212916860e-02 -3.905953354864714899e-02 4.378147870776080697e-02 5.746031772353222405e-02 -1.273978432180121120e-02 -7.447527454766696142e-02 -3.832405497126636917e-02 8.898265675734862157e-02 2.340959289320255210e-01 4.621439197181639869e-01 2.804311373213176362e-01
2.555763308962211156e-01 5.403114032858994525e-02 -5.807605699663887650e-02 -5.117601066610024535e-02 1.563260923998233826e-02 4.745504704109018701e-02 1.006232936032891434e-02 -5.117947374188200338e-02 -4.442506082405661694e-02 7.388163136739613057e-02 2.804311373213176362e-01 4.869684422351366337e-01
4.322257811125524429e-01 2.462637024546174280e-01 6.213199773173042756e-02 -5.346590373111387295e-02 -5.404777531627356912e-02 2.517991105113875222e-02 6.559791591432777291e-02 1.591662095410813216e-02 -7.375014693611334216e-02 -5.360846260887500159e-02 8.958441186569324199e-02 2.818194386733737233e-01
2.462637024546174280e-01 3.812676306276034377e-01 2.745768252652314723e-01 9.912476241174120184e-02 -5.842322562165008781e-02 -6.520551542748381779e-02 2.102777559293048104e-02 5.572594978513333019e-02 -9.770138235455890288e-03 -6.957513714839480556e-02 -5.229052032630365776e-02 7.532820176461851869e-02
6.213199773173042756e-02 2.745768252652314723e-01 4.488633269140710480e-01 2.615673630346817546e-01 5.016664714723582941e-02 -7.793922331749507382e-02 -6.260680234779339437e-02 1.862074310537525923e-02 5.549490222451756299e-02 2.272325684278792002e-03 -6.984160424171942383e-02 -6.867160634774828465e-02
-5.346590373111387295e-02 9.912476241174120184e-02 2.615673630346817546e-01 3.582640776116864934e-01 2.542853943841564268e-01 6.526102219141806382e-02 -6.656877263037032366e-02 -5.662713622853577516e-02 4.228200021251712903e-02 6.141241092895571851e-02 2.211460087915172699e-03 -7.163572270088056082e-02
-5.404777531627356912e-02 -5.842322562165008781e-02 5.016664714723582941e-02 2.542853943841564268e-01 5.018978874041226668e-01 2.894303338799640857e-01 5.742576086347463138e-02 -6.740048867119938225e-02 -3.828760837138069778e-02 3.505405450007475360e-02 5.936915032751050730e-02 1.303724099246754767e-02
2.517991105113875222e-02 -6.520551542748381779e-02 -7.793922331749507382e-02 6.526102219141806382e-02 2.894303338799640857e-01 4.056730580260471952e-01 2.319077352294593997e-01 6.226135229387555481e-02 -6.574675455381243094e-02 -5.917386574086696410e-02 1.246524887644831492e-02 5.863488328038533870e-02
6.559791591432777291e-02 2.102777559293048104e-02 -6.260680234779339437e-02 -6.656877263037032366e-02 5.742576086347463138e-02 2.319077352294593997e-01 3.732699163759270466e-01 2.787075690972570241e-01 4.133193735427397042e-02 -8.827659981733859684e-02 -7.586189093625494984e-02 1.581917283177294506e-02
1.591662095410813216e-02 5.572594978513333019e-02 1.862074310537525923e-02 -5.662713622853577516e-02 -6.740048867119938225e-02 6.226135229387555481e-02 2.787075690972570241e-01 5.181202655104862886e-01 2.603275482992200018e-01 3.431721348090995688e-02 -6.503347727020070135e-02 -5.133383452292621107e-02
-7.375014693611334216e-02 -9.770138235455890288e-03 5.549490222451756299e-02 4.228200021251712903e-02 -3.828760837138069778e-02 -6.574675455381243094e-02 4.133193735427397042e-02 2.603275482992200018e-01 4.366591196629737714e-01 2.652600861580887703e-01 1.067577701129809598e-01 -3.619614406433324660e-02
-5.360846260887500159e-02 -6.957513714839480556e-02 2.272325684278792002e-03 6.141241092895571851e-02 3.505405450007475360e-02 -5.917386574086696410e-02 -8.827659981733859684e-02 3.431721348090995688e-02 2.652600861580887703e-01 3.877311002603142653e-01 2.571419546008018586e-01 8.676542394270851666e-02
8.958441186569324199e-02 -5.229052032630365776e-02 -6.984160424171942383e-02 2.211460087915172699e-03 5.936915032751050730e-02 1.246524887644831492e-02 -7.586189093625494984e-02 -6.503347727020070135e-02 1.067577701129809598e-01 2.571419546008018586e-01 3.419789983192860205e-01 2.491278978553780887e-01
2.818194386733737233e-01 7.532820176461851869e-02 -6.867160634774828465e-02 -7.163572270088056082e-02 1.303724099246754767e-02 5.863488328038533870e-02 1.581917283177294506e-02 -5.133383452292621107e-02 -3.619614406433324660e-02 8.676542394270851666e-02 2.491278978553780887e-01 4.140488381749333202e-01
3.395729817381908378e-01 2.577643420001425323e-01 1.022096168881791722e-01 -5.378676912910919372e-02 -6.751565258898006849e-02 1.623740155918267786e-02 5.776865819641486405e-02 -4.858594618768644980e-04 -7.398625096115825361e-02 -5.711045189298881442e-02 9.430386842609161935e-02 2.503556197987165666e-01
2.577643420001425323e-01 4.337431835948442060e-01 2.799580105744071679e-01 5.929533944716700034e-02 -7.729684421246302284e-02 -5.974558958949505172e-02 2.999188094485970985e-02 6.080309855657285711e-02 1.191344633493121932e-02 -5.576906380770488975e-02 -5.323759086029695997e-02 7.209648265276469292e-02
1.022096168881791722e-01 2.799580105744071679e-01 4.011917296826352786e-01 2.422872779436581470e-01 5.426261184489250544e-02 -5.990709487299376856e-02 -4.466610035917853438e-02 3.548727703947478218e-02 6.370653677023579986e-02 9.956736439873912353e-03 -7.414110315725856715e-02 -5.343861186538909069e-02
-5.378676912910919372e-02 5.929533944716700034e-02 2.422872779436581470e-01 4.442878529101579876e-01 2.845755722114066133e-01 6.457133313149557297e-02 -7.681362571965352770e-02 -5.864705966784706376e-02 2.443360048408905333e-02 5.494247682785143722e-02 4.533391849704677609e-03 -5.949492947705314200e-02
-6.751565258898006849e-02 -7.729684421246302284e-02 5.426261184489250544e-02 2.845755722114066133e-01 4.546334969674067916e-01 2.404590031761192626e-01 3.642041850723946872e-02 -6.825695467958052542e-02 -5.805918659140693605e-02 1.253035096347220392e-02 5.739641552619918763e-02 1.562798780151253980e-02
1.623740155918267786e-02 -5.974558958949505172e-02 -5.990709487299376856e-02 6.457133313149557297e-02 2.404590031761192626e-01 3.896480482954024493e-01 2.818912626121401477e-01 7.702931413551193651e-02 -6.670202273854232422e-02 -6.770612950496915361e-02 2.204609073477331593e-02 6.106608791791062751e-02
5.776865819641486405e-02 2.999188094485970985e-02 -4.466610035917853438e-02 -7.681362571965352770e-02 3.642041850723946872e-02 2.818912626121401477e-01 5.149350821081160046e-01 2.656780171249396583e-01 6.147155406662143523e-02 -5.306542800280321381e-02 -5.290032420358917187e-02 1.366480592385034380e-02
-4.858594618768644980e-04 6.080309855657285711e-02 3.548727703947478218e-02 -5.864705966784706376e-02 -6.825695467958052542e-02 7.702931413551193651e-02 2.656780171249396583e-01 3.322330620296207737e-01 2.402695884694914796e-01 1.007279664489360987e-01 -5.054046719563873302e-02 -7.246123907010312837e-02
-7.398625096115825361e-02 1.191344633493121932e-02 6.370653677023579986e-02 2.443360048408905333e-02 -5.805918659140693605e-02 -6.670202273854232422e-02 6.147155406662143523e-02 2.402695884694914796e-01 3.961147370653780309e-01 2.815442914011581088e-01 6.352666177615456933e-02 -7.899177871486021130e-02
-5.711045189298881442e-02 -5.576906380770488975e-02 9.956736439873912353e-03 5.494247682785143722e-02 1.253035096347220392e-02 -6.770612950496915361e-02 -5.306542800280321381e-02 1.007279664489360987e-01 2.815442914011581088e-01 4.390324351975350980e-01 2.484825538499518538e-01 5.252851367526047838e-02
9.430386842609161935e-02 -5.323759086029695997e-02 -7.414110315725856715e-02 4.533391849704677609e-03 5.739641552619918763e-02 2.204609073477331593e-02 -5.290032420358917187e-02 -5.054046719563873302e-02 6.352666177615456933e-02 2.484825538499518538e-01 4.297885523527854579e-01 2.784550252377011592e-01
2.503556197987165666e-01 7.209648265276469292e-02 -5.343861186538909069e-02 -5.949492947705314200e-02 1.562798780151253980e-02 6.106608791791062751e-02 1.366480592385034380e-02 -7.246123907010312837e-02 -7.899177871486021130e-02 5.252851367526047838e-02 2.784550252377011592e-01 4.248188380579165369e-01
3.975893516352749790e-01 2.712439488322756498e-01 1.214307514782085456e-01 -4.343394729133864818e-03 -6.317153403722056138e-02 -1.581327565978150537e-02 5.009021982484405250e-02 3.116357020996013069e-02 -5.196364849244312911e-02 -6.324632375056102318e-02 7.400000819007521158e-02 2.545213432114358243e-01
2.712439488322756498e-01 3.745686574277511949e-01 2.418329990887711223e-01 1.130447391412728458e-01 -2.479502349450584189e-02 -7.277065369360735669e-02 -7.533836983178638681e-03 6.329954667117437817e-02 3.108033689919994375e-02 -5.985817194777764971e-02 -5.676040240373727425e-02 8.960362311631939192e-02
1.214307514782085456e-01 2.418329990887711223e-01 2.738443563509990186e-01 2.268425647956421876e-01 9.223537042015698961e-02 -5.842112423379423186e-02 -6.558853104808194667e-02 2.734769408809548108e-02 6.614846291815699997e-02 -2.895050964621180382e-03 -7.821169008484138430e-02 -2.995251661515298258e-02
-4.343394729133864818e-03 1.130447391412728458e-01 2.268425647956421876e-01 3.569934194224759771e-01 2.760570725569974071e-01 5.672834596996192968e-02 -7.856646455799756734e-02 -4.809346736694113111e-02 4.477198659035466766e-02 4.909363419151981101e-02 -3.644198638133579193e-02 -7.048652638908935175e-02
-6.317153403722056138e-02 -2.479502349450584189e-02 9.223537042015698961e-02 2.760570725569974071e-01 5.039864992552436362e-01 2.619578923928558289e-01 2.816194777382668643e-02 -7.322155766889890116e-02 -3.640901554326066158e-02 3.580087400132727499e-02 3.855266486420220323e-02 -2.179867908029105988e-02
-1.581327565978150537e-02 -7.277065369360735669e-02 -5.842112423379423186e-02 5.672834596996192968e-02 2.619578923928558289e-01 4.183232693323296059e-01 2.596080057846273381e-01 5.245089541937008465e-02 -6.956165740774949979e-02 -4.787993401096840573e-02 4.658835394434431010e-02 5.946491052928125354e-02
5.009021982484405250e-02 -7.533836983178638681e-03 -6.558853104808194667e-02 -7.856646455799756734e-02 2.816194777382668643e-02 2.596080057846273381e-01 4.804617092703332704e-01 2.670986604334999459e-01 3.906780690487246521e-02 -7.128190014967633603e-02 -3.211399380237361934e-02 4.300543658015804072e-02
3.116357020996013069e-02 6.329954667117437817e-02 2.734769408809548108e-02 -4.809346736694113111e-02 -7.322155766889890116e-02 5.245089541937008465e-02 2.670986604334999459e-01 4.324968156660308760e-01 2.528305233391104911e-01 4.968440957559424470e-02 -7.581238973032647377e-02 -5.851237198905853004e-02
-5.196364849244312911e-02 3.108033689919994375e-02 6.614846291815699997e-02 4.477198659035466766e-02 -3.640901554326066158e-02 -6.956165740774949979e-02 3.906780690487246521e-02 2.528305233391104911e-01 4.439419310776903660e-01 2.688395193478781975e-01 3.054447842729390156e-02 -8.327077773419427897e-02
-6.324632375056102318e-02 -5.985817194777764971e-02 -2.895050964621180382e-03 4.909363419151981101e-02 3.580087400132727499e-02 -4.787993401096840573e-02 -7.128190014967633603e-02 4.968440957559424470e-02 2.688395193478781975e-01 4.769038627085034343e-01 2.618944615576546120e-01 5.402221898020805047e-02
7.400000819007521158e-02 -5.676040240373727425e-02 -7.821169008484138430e-02 -3.644198638133579193e-02 3.855266486420220323e-02 4.658835394434431010e-02 -3.211399380237361934e-02 -7.581238973032647377e-02 3.054447842729390156e-02 2.618944615576546120e-01 4.469746937467792280e-01 2.654460116152380644e-01
2.545213432114358243e-01 8.960362311631939192e-02 -2.995251661515298258e-02 -7.048652638908935175e-02 -2.179867908029105988e-02 5.946491052928125354e-02 4.300543658015804072e-02 -5.851237198905853004e-02 -8.327077773419427897e-02 5.402221898020805047e-02 2.654460116152380644e-01 3.939154341066397613e-01
3.769501823858383283e-01 2.351230100721072303e-01 8.950076555039311599e-02 -3.860736853895291310e-02 -7.356447716596856146e-02 -1.154324919918463081e-02 6.249920622624142302e-02 3.856012573926323461e-02 -6.560347230109050964e-02 -4.868424075108531562e-02 1.092812379002791878e-01 2.783198212621844636e-01
2.351230100721072303e-01 3.189039162297501173e-01 2.687688519647675744e-01 9.612349164233507937e-02 -5.845793750862665616e-02 -7.444701147790987183e-02 4.395566619539258493e-03 5.286278320949140686e-02 3.012573994933128232e-03 -6.188257539350995595e-02 -3.662909227560573466e-02 9.772161642405434445e-02
8.950076555039311599e-02 2.687688519647675744e-01 4.784616630467753429e-01 2.656885540508895360e-01 5.909564599604555379e-02 -6.113767622309043692e-02 -6.466199123512904323e-02 9.212435752024836222e-03 5.377356482372060154e-02 -1.099035149511575285e-02 -8.055438767939550326e-02 -4.424023279333536007e-02
-3.860736853895291310e-02 9.612349164233507937e-02 2.656885540508895360e-01 3.537402891559968676e-01 2.537197711615611917e-01 9.886616355766209008e-02 -4.712954511959886739e-02 -6.143067110334259062e-02 2.698685588087092191e-02 4.659546298931370456e-02 -1.438145122470295065e-02 -6.659477574481234563e-02
-7.356447716596856146e-02 -5.845793750862665616e-02 5.909564599604555379e-02 2.537197711615611917e-01 4.415555681098447538e-01 2.817435417898941918e-01 7.815478633486946936e-02 -6.140607341306043160e-02 -4.455831765365279862e-02 4.526529133180130088e-02 6.423841341829121532e-02 -8.020534398726802613e-03
-1.154324919918463081e-02 -7.444701147790987183e-02 -6.113767622309043692e-02 9.886616355766209008e-02 2.817435417898941918e-01 3.737588585698926602e-01 2.367088427055414335e-01 6.061014763160973290e-02 -6.787410812611519018e-02 -3.092516620726182969e-02 4.909099965306180924e-02 5.139821096640920239e-02
6.249920622624142302e-02 4.395566619539258493e-03 -6.466199123512904323e-02 -4.712954511959886739e-02 7.815478633486946936e-02 2.367088427055414335e-01 4.055092783723455163e-01 2.763277539703679064e-01 1.930418040982456729e-02 -9.064567110233023861e-02 -4.606750270955829729e-02 4.345002733637776809e-02
3.856012573926323461e-02 5.286278320949140686e-02 9.212435752024836222e-03 -6.143067110334259062e-02 -6.140607341306043160e-02 6.061014763160973290e-02 2.763277539703679064e-01 5.051801974846548138e-01 2.489171210896758968e-01 -6.948961697544170889e-03 -8.078860316789265861e-02 -2.914532097172998354e-02
-6.560347230109050964e-02 3.012573994933128232e-03 5.377356482372060154e-02 2.698685588087092191e-02 -4.455831765365279862e-02 -6.787410812611519018e-02 1.930418040982456729e-02 2.489171210896758968e-01 5.133550436237280801e-01 2.755052517156976744e-01 5.152126309754984090e-02 -6.329672347079962069e-02
-4.868424075108531562e-02 -6.188257539350995595e-02 -1.099035149511575285e-02 4.659546298931370456e-02 4.526529133180130088e-02 -3.092516620726182969e-02 -9.064567110233023861e-02 -6.948961697544170889e-03 2.755052517156976744e-01 4.528423611967927198e-01 2.474559623379237461e-01 6.469267574124125397e-02
1.092812379002791878e-01 -3.662909227560573466e-02 -8.055438767939550326e-02 -1.438145122470295065e-02 6.423841341829121532e-02 4.909099965306180924e-02 -4.606750270955829729e-02 -8.078860316789265861e-02 5.152126309754984090e-02 2.474559623379237461e-01 3.762537567368551827e-01 2.589224877412784620e-01
