3.798329083444119680e-01 2.201474102080802075e-01 9.040117293142096999e-02 1.326563239970275990e-02 -3.064405731619016318e-02 -4.541370641236351646e-02 -4.729506720134789982e-02 6.209684931513083719e-04 9.379453039550877946e-02 2.289160416368780648e-01
2.201474102080802075e-01 2.730785352701332047e-01 1.621654531267739674e-01 1.036563495996768031e-01 5.366549801745996301e-02 -1.740940888601989062e-02 -7.292665898805908431e-02 -6.464744789298626504e-02 3.792445402807971197e-03 1.352575005376824291e-01
9.040117293142096999e-02 1.621654531267739674e-01 1.717593075933110947e-01 1.955336350169144533e-01 1.295308066433322747e-01 4.244521118016683636e-02 -3.547381037712445118e-02 -5.412235004510377451e-02 -3.829469937354251785e-02 2.858578366777502627e-02
1.326563239970275990e-02 1.036563495996768031e-01 1.955336350169144533e-01 3.780228941703832057e-01 2.255036950145037911e-01 1.116216288350099645e-01 1.873061567796930824e-02 -3.002830917225465801e-02 -5.614193519776033287e-02 -4.733924754461318885e-02
-3.064405731619016318e-02 5.366549801745996301e-02 1.295308066433322747e-01 2.255036950145037911e-01 3.468065443597527775e-01 1.836580753446097058e-01 8.383824411175977431e-02 2.546949460023866310e-02 -3.125128040732115531e-02 -6.067662812154506896e-02
-4.541370641236351646e-02 -1.740940888601989062e-02 4.244521118016683636e-02 1.116216288350099645e-01 1.836580753446097058e-01 1.621553957625539444e-01 1.732220910535829939e-01 9.994413485983456857e-02 4.129685072809112512e-02 -2.913462373055486845e-02
-4.729506720134789982e-02 -7.292665898805908431e-02 -3.547381037712445118e-02 1.873061567796930824e-02 8.383824411175977431e-02 1.732220910535829939e-01 4.040484347532627973e-01 2.113432540480749133e-01 1.303455976823813534e-01 2.281389545208648700e-02
6.209684931513083719e-04 -6.464744789298626504e-02 -5.412235004510377451e-02 -3.002830917225465801e-02 2.546949460023866310e-02 9.994413485983456857e-02 2.113432540480749133e-01 2.678994415806371099e-01 2.097290144866661432e-01 8.911914680892329965e-02
9.379453039550877946e-02 3.792445402807971197e-03 -3.829469937354251785e-02 -5.614193519776033287e-02 -3.125128040732115531e-02 4.129685072809112512e-02 1.303455976823813534e-01 2.097290144866661432e-01 2.618671975579124345e-01 1.927179879783515737e-01
2.289160416368780648e-01 1.352575005376824291e-01 2.858578366777502627e-02 -4.733924754461318885e-02 -6.067662812154506896e-02 -2.913462373055486845e-02 2.281389545208648700e-02 8.911914680892329965e-02 1.927179879783515737e-01 3.545293406076421849e-01
3.595292612239245900e-01 1.558782476001187856e-01 1.044763572964256121e-01 6.931964720538655311e-02 1.378545355689026267e-02 -4.581492015001523838e-02 -4.202797736169590348e-02 3.618215374904322490e-02 1.391417731918785372e-01 2.256565620464143773e-01
1.558782476001187856e-01 1.222928264718808750e-01 1.672942646503796649e-01 1.157374793849531847e-01 5.470638810623270482e-02 -8.744071481879975988e-03 -3.202222897793396972e-02 -2.758591770953330163e-02 1.401759024155837217e-02 7.849875611006124076e-02
1.044763572964256121e-01 1.672942646503796649e-01 3.813752847448184102e-01 2.221702613503018786e-01 1.161574347191332568e-01 2.876034590143978012e-02 -2.823472107006283136e-02 -7.682684296713905570e-02 -6.779166779772634321e-02 1.051963663430709704e-02
6.931964720538655311e-02 1.157374793849531847e-01 2.221702613503018786e-01 2.848445507676583555e-01 1.639689792795356038e-01 7.653661413646220546e-02 1.242879923909358079e-02 -7.357181795064571261e-02 -8.699767907618485840e-02 -2.707986392872947443e-02
1.378545355689026267e-02 5.470638810623270482e-02 1.161574347191332568e-01 1.639689792795356038e-01 1.411238015081704988e-01 1.602602845409145660e-01 8.649052195240800045e-02 -7.388338250334063745e-03 -5.099900973831671125e-02 -3.540447664621405172e-02
-4.581492015001523838e-02 -8.744071481879975988e-03 2.876034590143978012e-02 7.653661413646220546e-02 1.602602845409145660e-01 4.362650994540634430e-01 2.268884604593102983e-01 1.075048284147971100e-01 1.282383796178762636e-02 -3.864370916086097563e-02
-4.202797736169590348e-02 -3.202222897793396972e-02 -2.823472107006283136e-02 1.242879923909358079e-02 8.649052195240800045e-02 2.268884604593102983e-01 4.071521168585204853e-01 1.907691426468149931e-01 7.320164826949324133e-02 -3.312062214583886850e-03
3.618215374904322490e-02 -2.758591770953330163e-02 -7.682684296713905570e-02 -7.357181795064571261e-02 -7.388338250334063745e-03 1.075048284147971100e-01 1.907691426468149931e-01 1.999597500286695584e-01 1.776299098698853052e-01 1.002575923684750070e-01
1.391417731918785372e-01 1.401759024155837217e-02 -6.779166779772634321e-02 -8.699767907618485840e-02 -5.099900973831671125e-02 1.282383796178762636e-02 7.320164826949324133e-02 1.776299098698853052e-01 2.826706284048230433e-01 2.212869372246735189e-01
2.256565620464143773e-01 7.849875611006124076e-02 1.051963663430709704e-02 -2.707986392872947443e-02 -3.540447664621405172e-02 -3.864370916086097563e-02 -3.312062214583886850e-03 1.002575923684750070e-01 2.212869372246735189e-01 3.847866805374695609e-01
4.323387894051627933e-01 2.022147614126728887e-01 1.020681383613411819e-01 3.458237371483197792e-02 -1.383077763585517650e-03 -2.942277021888031058e-02 -3.016974229695113668e-02 1.383124977092997296e-02 8.505458341303438752e-02 2.085496087062281845e-01
2.022147614126728887e-01 3.037838773895513156e-01 2.051978967253934305e-01 9.427654808992860791e-02 6.358537819229466426e-02 8.486567737602850742e-03 -6.053776486612523489e-02 -6.153892056793109494e-02 -1.488479827521214764e-02 8.793878355646853051e-02
1.020681383613411819e-01 2.051978967253934305e-01 1.800746026967922075e-01 1.008767845308029404e-01 9.975304011354205191e-02 4.803221179962863241e-02 -4.348869998312467761e-02 -6.879094053298338840e-02 -5.197746414368181744e-02 3.529422724507649128e-03
3.458237371483197792e-02 9.427654808992860791e-02 1.008767845308029404e-01 8.910681730992692229e-02 1.544531462671979161e-01 8.333884217055349819e-02 1.275258621239175804e-04 -4.355751224704697278e-02 -4.495302314235347790e-02 -2.854817322927424503e-02
-1.383077763585517650e-03 6.358537819229466426e-02 9.975304011354205191e-02 1.544531462671979161e-01 4.176296099756386382e-01 2.055948971110534429e-01 7.540061761810315510e-02 -2.668094223826711353e-02 -5.292569121227777562e-02 -6.021924127799792303e-02
-2.942277021888031058e-02 8.486567737602850742e-03 4.803221179962863241e-02 8.333884217055349819e-02 2.055948971110534429e-01 3.695980396075351226e-01 2.153293574915443043e-01 1.051422770507023374e-01 2.054746916065503665e-02 -4.316343461502400447e-02
-3.016974229695113668e-02 -6.053776486612523489e-02 -4.348869998312467761e-02 1.275258621239175804e-04 7.540061761810315510e-02 2.153293574915443043e-01 3.894230342010417956e-01 2.197581303245250139e-01 1.091397427069007997e-01 3.975676940164157847e-02
1.383124977092997296e-02 -6.153892056793109494e-02 -6.879094053298338840e-02 -4.355751224704697278e-02 -2.668094223826711353e-02 1.051422770507023374e-01 2.197581303245250139e-01 2.585245050900308317e-01 1.654324424317897280e-01 1.044556802359197512e-01
8.505458341303438752e-02 -1.488479827521214764e-02 -5.197746414368181744e-02 -4.495302314235347790e-02 -5.292569121227777562e-02 2.054746916065503665e-02 1.091397427069007997e-01 1.654324424317897280e-01 1.764801233078918952e-01 1.930169212481143703e-01
2.085496087062281845e-01 8.793878355646853051e-02 3.529422724507649128e-03 -2.854817322927424503e-02 -6.021924127799792303e-02 -4.316343461502400447e-02 3.975676940164157847e-02 1.044556802359197512e-01 1.930169212481143703e-01 3.830406010164298936e-01
4.164698507194325439e-01 2.200887654765082413e-01 6.018429315180710837e-02 -2.655702056599019284e-02 -5.402859495637979403e-02 -4.188493128993246717e-02 -3.382188208355116354e-02 -8.002945383784397081e-04 1.057441023124768564e-01 2.209470842504687726e-01
2.200887654765082413e-01 3.337557125637921063e-01 2.023934187931015483e-01 9.941599438348633355e-02 3.287582947137822342e-02 -1.040092609245968011e-02 -4.519778474943865476e-02 -3.449764419639791968e-02 4.621570488388175579e-02 1.366327371918120703e-01
6.018429315180710837e-02 2.023934187931015483e-01 3.106676004686620418e-01 2.221766630341301951e-01 1.388155584803659748e-01 5.351384609456956432e-02 -4.555157837920691816e-03 -2.757506206831467077e-02 -4.483899732958446238e-02 -2.551842173022278101e-02
-2.655702056599019284e-02 9.941599438348633355e-02 2.221766630341301951e-01 4.120511165121978348e-01 1.980490627581988627e-01 7.898266644753743071e-02 2.667882165996261767e-02 -6.705386107680912609e-03 -5.974488830895820224e-02 -7.809656245857091172e-02
-5.402859495637979403e-02 3.287582947137822342e-02 1.388155584803659748e-01 1.980490627581988627e-01 1.513053762175460282e-01 8.679204325753686611e-02 8.061125828962015238e-02 4.533208066303684447e-02 -3.687412138843454423e-02 -8.316958623756155744e-02
-4.188493128993246717e-02 -1.040092609245968011e-02 5.351384609456956432e-02 7.898266644753743071e-02 8.679204325753686611e-02 8.898181307227640002e-02 1.588629756755980116e-01 1.016142727836723825e-01 1.905743871112829113e-02 -3.823845205700045907e-02
-3.382188208355116354e-02 -4.519778474943865476e-02 -4.555157837920691816e-03 2.667882165996261767e-02 8.061125828962015238e-02 1.588629756755980116e-01 4.195714554996063383e-01 2.300391343777719033e-01 1.106925644089758048e-01 1.577352896695390430e-02
-8.002945383784397081e-04 -3.449764419639791968e-02 -2.757506206831467077e-02 -6.705386107680912609e-03 4.533208066303684447e-02 1.016142727836723825e-01 2.300391343777719033e-01 4.136186838124767950e-01 1.811414468108173970e-01 6.479749701066721268e-02
1.057441023124768564e-01 4.621570488388175579e-02 -4.483899732958446238e-02 -5.974488830895820224e-02 -3.687412138843454423e-02 1.905743871112829113e-02 1.106925644089758048e-01 1.811414468108173970e-01 1.750984706677467528e-01 1.699456939276821066e-01
2.209470842504687726e-01 1.366327371918120703e-01 -2.551842173022278101e-02 -7.809656245857091172e-02 -8.316958623756155744e-02 -3.823845205700045907e-02 1.577352896695390430e-02 6.479749701066721268e-02 1.699456939276821066e-01 2.784799204662613548e-01
3.178808230693402903e-01 1.840732143875470905e-01 9.651687851545789898e-02 3.238432469115564566e-02 -1.772185699531385328e-02 -5.917571869251647687e-02 -4.717896625772156211e-02 2.756788355586243383e-02 1.318729654203690260e-01 2.198430054965967995e-01
1.840732143875470905e-01 2.586118064242916015e-01 2.241408070930764607e-01 1.497360990321183194e-01 4.090826361627268593e-02 -3.607314956680404694e-02 -4.925659107212619625e-02 -2.679143639279739711e-02 1.963962136842244133e-02 8.722241439013941888e-02
9.651687851545789898e-02 2.241408070930764607e-01 3.450783374275697701e-01 2.292846988963060106e-01 8.936877922124678020e-02 1.747443191214625297e-02 -1.979533745981670173e-02 -4.246268226254945599e-02 -5.072552007412799158e-02 3.355468695029849985e-03
3.238432469115564566e-02 1.497360990321183194e-01 2.292846988963060106e-01 3.452414444569349428e-01 1.470074510845744420e-01 7.897823839630320475e-02 3.301675168118629183e-02 -2.780970376379627435e-02 -7.179358291010974613e-02 -5.080964010779055046e-02
-1.772185699531385328e-02 4.090826361627268593e-02 8.936877922124678020e-02 1.470074510845744420e-01 1.159189752593739742e-01 1.632607113071373184e-01 1.020909787898621190e-01 3.552287781851197479e-02 -2.720280298833391286e-02 -3.820386119650113349e-02
-5.917571869251647687e-02 -3.607314956680404694e-02 1.747443191214625297e-02 7.897823839630320475e-02 1.632607113071373184e-01 3.967118326731886579e-01 2.268355876078477495e-01 1.224606659990052915e-01 1.895180472947037217e-02 -3.234562296615140636e-02
-4.717896625772156211e-02 -4.925659107212619625e-02 -1.979533745981670173e-02 3.301675168118629183e-02 1.020909787898621190e-01 2.268355876078477495e-01 3.868001335412086794e-01 1.929185826585213814e-01 7.079643056718709637e-02 6.446765207359975679e-03
2.756788355586243383e-02 -2.679143639279739711e-02 -4.246268226254945599e-02 -2.780970376379627435e-02 3.552287781851197479e-02 1.224606659990052915e-01 1.929185826585213814e-01 1.587529916371798744e-01 1.617122438903967896e-01 8.391299708111502054e-02
1.318729654203690260e-01 1.963962136842244133e-02 -5.072552007412799158e-02 -7.179358291010974613e-02 -2.720280298833391286e-02 1.895180472947037217e-02 7.079643056718709637e-02 1.617122438903967896e-01 4.075696307642066585e-01 2.101944197228279854e-01
2.198430054965967995e-01 8.722241439013941888e-02 3.355468695029849985e-03 -5.080964010779055046e-02 -3.820386119650113349e-02 -3.234562296615140636e-02 6.446765207359975679e-03 8.391299708111502054e-02 2.101944197228279854e-01 2.674340247467121290e-01
3.779490597250152462e-01 1.828795427008029773e-01 8.632261863569276605e-02 1.726033537391197248e-02 -4.519934468929138333e-02 -6.388975956392650701e-02 -3.967085023540224686e-02 1.459405614758963257e-02 1.279743160989648687e-01 2.133136653417748163e-01
1.828795427008029773e-01 1.419138541079615901e-01 1.580797570076042657e-01 7.772851615087092436e-02 2.602521263731799595e-02 -2.383960483879420111e-02 -4.081031007772355917e-02 -2.134632289803422775e-02 5.639600865180909028e-02 1.120058186828038621e-01
8.632261863569276605e-02 1.580797570076042657e-01 4.123493191358703625e-01 2.006856221737402246e-01 1.288911854883723618e-01 3.616458180919412957e-02 -3.424236637686883800e-02 -4.833500753457981025e-02 -1.224964468689281050e-02 3.275311567214683750e-02
1.726033537391197248e-02 7.772851615087092436e-02 2.006856221737402246e-01 2.335150177987921627e-01 2.143630415725061855e-01 9.800588138355378898e-02 1.970682048031168615e-02 -3.509397734645416239e-02 -4.193843314306582026e-02 -2.799770742440707560e-02
-4.519934468929138333e-02 2.602521263731799595e-02 1.288911854883723618e-01 2.143630415725061855e-01 3.210742047083974815e-01 1.770914364966831300e-01 9.015213844938607668e-02 1.383892946975487023e-02 -4.535320499206350886e-02 -6.562196144145635013e-02
-6.388975956392650701e-02 -2.383960483879420111e-02 3.616458180919412957e-02 9.800588138355378898e-02 1.770914364966831300e-01 2.105603319101006787e-01 2.079727077791078127e-01 1.099041404501870656e-01 2.765060423312825071e-03 -6.006513359100984495e-02
-3.967085023540224686e-02 -4.081031007772355917e-02 -3.424236637686883800e-02 1.970682048031168615e-02 9.015213844938607668e-02 2.079727077791078127e-01 3.478371744793194442e-01 2.164240204340557305e-01 8.978711475284772980e-02 1.344861664680571146e-03
1.459405614758963257e-02 -2.134632289803422775e-02 -4.833500753457981025e-02 -3.509397734645416239e-02 1.383892946975487023e-02 1.099041404501870656e-01 2.164240204340557305e-01 4.440110262805443408e-01 1.749685051258630941e-01 7.636884721857960245e-02
1.279743160989648687e-01 5.639600865180909028e-02 -1.224964468689281050e-02 -4.193843314306582026e-02 -4.535320499206350886e-02 2.765060423312825071e-03 8.978711475284772980e-02 1.749685051258630941e-01 2.137330218953455152e-01 2.067365783207851249e-01
2.133136653417748163e-01 1.120058186828038621e-01 3.275311567214683750e-02 -2.799770742440707560e-02 -6.562196144145635013e-02 -6.006513359100984495e-02 1.344861664680571146e-03 7.636884721857960245e-02 2.067365783207851249e-01 2.970569899586553708e-01
1.674872892881674735e-01 1.836102478616370992e-01 9.536335216676891657e-02 -1.345282982236951658e-03 -4.532679593792397765e-02 -3.928752191029927926e-02 -3.829448572951871244e-02 1.754965722986773224e-02 8.528800913848275100e-02 1.889014470962657177e-01
1.836102478616370992e-01 3.744658659805071843e-01 1.981192399208741295e-01 5.999259738391940489e-02 -1.937532239401467890e-02 -4.658328743928213944e-02 -7.474569190247215555e-02 -3.768542683125090248e-02 3.366944531568270838e-02 1.266762467529169989e-01
9.536335216676891657e-02 1.981192399208741295e-01 2.525337131170137805e-01 2.019442173973100274e-01 1.217233974427320009e-01 8.131586921707820853e-03 -6.726815193668475579e-02 -6.060204661048083918e-02 -2.377261543247556966e-02 5.216031548719010646e-02
-1.345282982236951658e-03 5.999259738391940489e-02 2.019442173973100274e-01 4.457499187667353646e-01 2.301200172902214680e-01 8.761370498771696436e-02 2.181115995530594209e-02 -1.829431938562518789e-02 -3.840445712720040594e-02 -3.718742486539268477e-02
-4.532679593792397765e-02 -1.937532239401467890e-02 1.217233974427320009e-01 2.301200172902214680e-01 3.671771742126085925e-01 1.574517324355928505e-01 9.046147321503827943e-02 3.479172122003543893e-02 -1.823333010967973997e-02 -5.772433046138763374e-02
-3.928752191029927926e-02 -4.658328743928213944e-02 8.131586921707820853e-03 8.761370498771696436e-02 1.574517324355928505e-01 1.206473608345362547e-01 1.541937763309872145e-01 9.941539801612023219e-02 4.826415584518805452e-02 -1.885237023575673382e-02
-3.829448572951871244e-02 -7.474569190247215555e-02 -6.726815193668475579e-02 2.181115995530594209e-02 9.046147321503827943e-02 1.541937763309872145e-01 3.203577723710669956e-01 2.239008204210892750e-01 1.397414398655273393e-01 2.721707390879880145e-02
1.754965722986773224e-02 -3.768542683125090248e-02 -6.060204661048083918e-02 -1.829431938562518789e-02 3.479172122003543893e-02 9.941539801612023219e-02 2.239008204210892750e-01 3.491903234184616789e-01 2.193423065528457561e-01 9.954836163613900446e-02
8.528800913848275100e-02 3.366944531568270838e-02 -2.377261543247556966e-02 -3.840445712720040594e-02 -1.823333010967973997e-02 4.826415584518805452e-02 1.397414398655273393e-01 2.193423065528457561e-01 2.421642541871877607e-01 1.888976755445492262e-01
1.889014470962657177e-01 1.266762467529169989e-01 5.216031548719010646e-02 -3.718742486539268477e-02 -5.772433046138763374e-02 -1.885237023575673382e-02 2.721707390879880145e-02 9.954836163613900446e-02 1.888976755445492262e-01 3.602263278237124444e-01
2.561317146148940349e-01 1.716168776732075463e-01 7.131810164662100160e-02 1.288110472961277037e-02 -3.829951043920222509e-02 -5.259478511403548745e-02 -2.782224523246143791e-02 5.930866611146645012e-02 1.614126257608662907e-01 2.205761474948903511e-01
1.716168776732075463e-01 2.054481092304355494e-01 1.960785541122869180e-01 1.208987862656657197e-01 1.259209572350974450e-02 -5.567108398920624091e-02 -5.335069556758238740e-02 4.895533532027304680e-03 7.505220999113569602e-02 1.163252950997027135e-01
7.131810164662100160e-02 1.960785541122869180e-01 4.181972531902302670e-01 2.282432404029035855e-01 9.557370911691800974e-02 -6.172921556174624201e-03 -3.911689877279774658e-02 -4.028462861275543261e-02 -3.349979052965114390e-02 5.306763489755219818e-03
1.288110472961277037e-02 1.208987862656657197e-01 2.282432404029035855e-01 3.890499503826874705e-01 1.798420501205827415e-01 6.285085688980107665e-02 5.570093406491112391e-03 -3.531045469668642189e-02 -6.173574866387029902e-02 -4.584812186652886812e-02
-3.829951043920222509e-02 1.259209572350974450e-02 9.557370911691800974e-02 1.798420501205827415e-01 2.000212258068112536e-01 2.002133217705309720e-01 1.205083032459850351e-01 3.682271024931406400e-02 -2.687091764645825262e-02 -4.922529312360643394e-02
-5.259478511403548745e-02 -5.567108398920624091e-02 -6.172921556174624201e-03 6.285085688980107665e-02 2.002133217705309720e-01 3.348399261101403512e-01 2.214536621676130301e-01 1.077029146871814058e-01 2.991895113035041714e-02 -2.720139169132909304e-02
-2.782224523246143791e-02 -5.335069556758238740e-02 -3.911689877279774658e-02 5.570093406491112391e-03 1.205083032459850351e-01 2.214536621676130301e-01 4.364272316814415409e-01 1.668616017903996607e-01 7.265677900924896737e-02 1.323510035504060420e-02
5.930866611146645012e-02 4.895533532027304680e-03 -4.028462861275543261e-02 -3.531045469668642189e-02 3.682271024931406400e-02 1.077029146871814058e-01 1.668616017903996607e-01 1.312823350823343893e-01 1.535606761847585211e-01 9.953991007437758276e-02
1.614126257608662907e-01 7.505220999113569602e-02 -3.349979052965114390e-02 -6.173574866387029902e-02 -2.687091764645825262e-02 2.991895113035041714e-02 7.265677900924896737e-02 1.535606761847585211e-01 3.140584684273719507e-01 2.283076925831155068e-01
2.205761474948903511e-01 1.163252950997027135e-01 5.306763489755219818e-03 -4.584812186652886812e-02 -4.922529312360643394e-02 -2.720139169132909304e-02 1.323510035504060420e-02 9.953991007437758276e-02 2.283076925831155068e-01 3.145437854736526928e-01
4.065033353013521866e-01 2.111660657851185396e-01 8.378436080209269998e-02 -1.256619489382674280e-02 -6.066009553354569095e-02 -6.216705923515335880e-02 -2.780439391763927376e-02 3.382878459855308273e-02 1.029679794116812042e-01 1.910857073895084746e-01
2.111660657851185396e-01 3.589364564831431514e-01 2.094413353107057452e-01 9.291150669795483763e-02 6.743911029514481140e-03 -4.339136538434389123e-02 -5.414156484040398565e-02 -3.866075740865199117e-02 1.592573791363596780e-02 9.589008098563310545e-02
8.378436080209269998e-02 2.094413353107057452e-01 3.902238730235234043e-01 2.048750918979487801e-01 1.127429430978247465e-01 3.955651655596546801e-02 -2.486429833410425810e-02 -5.940965004296484830e-02 -5.606960293639694226e-02 -6.133543837894606110e-03
-1.256619489382674280e-02 9.291150669795483763e-02 2.048750918979487801e-01 2.122437804018987018e-01 1.943338972264894438e-01 1.066493866581142425e-01 3.949011668032648137e-02 -2.355004260838074182e-02 -5.674451097986261960e-02 -4.829326694461787139e-02
-6.066009553354569095e-02 6.743911029514481140e-03 1.127429430978247465e-01 1.943338972264894438e-01 3.416924452944634094e-01 2.015289544836064983e-01 1.156678520612389877e-01 3.889488902276003190e-02 -2.906266014570340478e-02 -5.577663785841395494e-02
-6.216705923515335880e-02 -4.339136538434389123e-02 3.955651655596546801e-02 1.066493866581142425e-01 2.015289544836064983e-01 2.188189984157462575e-01 1.938400331051722270e-01 1.094945681904306301e-01 4.400267242395280304e-02 -2.045998487378658526e-02
-2.780439391763927376e-02 -5.414156484040398565e-02 -2.486429833410425810e-02 3.949011668032648137e-02 1.156678520612389877e-01 1.938400331051722270e-01 3.094557425698262754e-01 2.064678834681852870e-01 1.281807951042817084e-01 4.187397662887280825e-02
3.382878459855308273e-02 -3.866075740865199117e-02 -5.940965004296484830e-02 -2.355004260838074182e-02 3.889488902276003190e-02 1.094945681904306301e-01 2.064678834681852870e-01 2.462349659237443311e-01 2.099947045946821689e-01 1.020470521872184066e-01
1.029679794116812042e-01 1.592573791363596780e-02 -5.606960293639694226e-02 -5.674451097986261960e-02 -2.906266014570340478e-02 4.400267242395280304e-02 1.281807951042817084e-01 2.099947045946821689e-01 3.408822760836387467e-01 1.802011887557222192e-01
1.910857073895084746e-01 9.589008098563310545e-02 -6.133543837894606110e-03 -4.829326694461787139e-02 -5.577663785841395494e-02 -2.045998487378658526e-02 4.187397662887280825e-02 1.020470521872184066e-01 1.802011887557222192e-01 1.750081265026658395e-01
3.736529340105634311e-01 1.313389811428449239e-01 9.593617732570523804e-02 3.724848693171883135e-02 -1.536266254027432096e-02 -6.417244461086407670e-02 -3.355637912837798609e-02 6.170344714054035867e-02 1.507244311264883119e-01 2.317887578541007187e-01
1.313389811428449239e-01 7.499137308557229931e-02 1.173940099035203632e-01 8.100058219373765245e-02 4.414962818473749245e-02 -2.289760188866189761e-02 -3.590938551100992387e-02 -1.065456719348409353e-02 3.952656554934909361e-02 8.553344349603508867e-02
9.593617732570523804e-02 1.173940099035203632e-01 2.990541266510906571e-01 2.326618655627021859e-01 1.595622060905113326e-01 1.097408325167520231e-02 -6.450339322281251064e-02 -7.945110304440777815e-02 -1.894343447092725410e-02 5.021807994173263512e-02
3.724848693171883135e-02 8.100058219373765245e-02 2.326618655627021859e-01 3.529874907796535233e-01 2.300185731381875209e-01 7.879796466423054369e-02 -2.709052868613113368e-02 -6.873951245860197845e-02 -4.493889812508433668e-02 -4.627217216853721053e-03
-1.536266254027432096e-02 4.414962818473749245e-02 1.595622060905113326e-01 2.300185731381875209e-01 3.127836340705751894e-01 1.922942492303640893e-01 6.843617965161791217e-02 -1.313219085076623369e-02 -4.263376336240382730e-02 -4.086252582681913076e-02
-6.417244461086407670e-02 -2.289760188866189761e-02 1.097408325167520231e-02 7.879796466423054369e-02 1.922942492303640893e-01 3.476172955876691839e-01 2.228198907610784429e-01 1.288982457727886333e-01 1.885857093022334091e-02 -5.215739439978746284e-02
-3.355637912837798609e-02 -3.590938551100992387e-02 -6.450339322281251064e-02 -2.709052868613113368e-02 6.843617965161791217e-02 2.228198907610784429e-01 4.517238023932435564e-01 2.040040795936960139e-01 7.965753838989944602e-02 1.217023077305350075e-03
6.170344714054035867e-02 -1.065456719348409353e-02 -7.945110304440777815e-02 -6.873951245860197845e-02 -1.313219085076623369e-02 1.288982457727886333e-01 2.040040795936960139e-01 2.339548034494616791e-01 1.685190830273922968e-01 1.047486854259546130e-01
1.507244311264883119e-01 3.952656554934909361e-02 -1.894343447092725410e-02 -4.493889812508433668e-02 -4.263376336240382730e-02 1.885857093022334091e-02 7.965753838989944602e-02 1.685190830273922968e-01 2.181876761847235113e-01 2.114214872452331029e-01
2.317887578541007187e-01 8.553344349603508867e-02 5.021807994173263512e-02 -4.627217216853721053e-03 -4.086252582681913076e-02 -5.215739439978746284e-02 1.217023077305350075e-03 1.047486854259546130e-01 2.114214872452331029e-01 3.350468637874424727e-01
4.734912619477260054e-01 1.988873921466920436e-01 4.054616136766599210e-02 -3.601469913162437531e-02 -5.242249224101770688e-02 -4.844162431307751093e-02 -1.712191969622730778e-02 1.917779973155153694e-02 8.273558759676606644e-02 1.748190522585296725e-01
1.988873921466920436e-01 4.465963767773302728e-01 1.923176506603517799e-01 8.679044011557383864e-02 2.046258814087704297e-02 -2.688862345462168096e-02 -3.216143259617296191e-02 -3.748881412658747886e-02 -5.063595382548975732e-03 6.551498789054011063e-02
4.054616136766599210e-02 1.923176506603517799e-01 3.675155238526108814e-01 2.149640668041970515e-01 1.167135844726644445e-01 6.268036267119773963e-02 5.774663373532813813e-04 -4.978859620075884451e-02 -6.702708559723002946e-02 -5.034045853453927855e-02
-3.601469913162437531e-02 8.679044011557383864e-02 2.149640668041970515e-01 2.207303581483805732e-01 1.620533231787649464e-01 1.198817601446063863e-01 4.713023571193425409e-02 9.516843704060733850e-05 -5.063368189679758047e-02 -6.746309868266650578e-02
-5.242249224101770688e-02 2.046258814087704297e-02 1.167135844726644445e-01 1.620533231787649464e-01 1.932529582244698896e-01 1.962159136515436719e-01 9.468258953858649241e-02 5.081264179428682248e-02 -1.425567817234507997e-02 -5.123529946290664855e-02
-4.844162431307751093e-02 -2.688862345462168096e-02 6.268036267119773963e-02 1.198817601446063863e-01 1.962159136515436719e-01 3.063941060144238504e-01 1.660604737564108646e-01 1.204268086907620272e-01 5.617296912039432266e-02 1.792733438614691789e-03
-1.712191969622730778e-02 -3.216143259617296191e-02 5.774663373532813813e-04 4.713023571193425409e-02 9.468258953858649241e-02 1.660604737564108646e-01 1.491742323718574792e-01 1.833171506601857792e-01 1.040793323872471338e-01 5.530386182378985160e-02
1.917779973155153694e-02 -3.748881412658747886e-02 -4.978859620075884451e-02 9.516843704060733850e-05 5.081264179428682248e-02 1.204268086907620272e-01 1.833171506601857792e-01 3.875603929943685633e-01 1.966933282626978641e-01 1.196603776949355519e-01
8.273558759676606644e-02 -5.063595382548975732e-03 -6.702708559723002946e-02 -5.063368189679758047e-02 -1.425567817234507997e-02 5.617296912039432266e-02 1.040793323872471338e-01 1.966933282626978641e-01 2.277748872861536933e-01 1.935522612958015531e-01
1.748190522585296725e-01 6.551498789054011063e-02 -5.034045853453927855e-02 -6.746309868266650578e-02 -5.123529946290664855e-02 1.792733438614691789e-03 5.530386182378985160e-02 1.196603776949355519e-01 1.935522612958015531e-01 2.275099023826751277e-01
3.905473111514203288e-01 1.797369272826394582e-01 5.676045714493745814e-02 -1.933501013846387895e-02 -4.199445972514947306e-02 -3.641252316863239497e-02 -8.953917472795468180e-03 7.981864885426853684e-02 1.369194422670823308e-01 2.253445626678451386e-01
1.797369272826394582e-01 4.255287882918959430e-01 2.223003415315613074e-01 1.269008371468497431e-01 5.765809873578876810e-02 -9.084802134996164749e-03 -2.833147027991004749e-02 -3.050835151450537533e-02 -3.772860335259667960e-03 6.205722385186537848e-02
5.676045714493745814e-02 2.223003415315613074e-01 3.830856123255532708e-01 2.047625106426715913e-01 9.917019430537253599e-02 1.823209402434553331e-02 -2.085851694999109329e-02 -6.134975158431617975e-02 -6.155639882278730879e-02 -3.630905148875136768e-02
-1.933501013846387895e-02 1.269008371468497431e-01 2.047625106426715913e-01 1.567755764981300648e-01 1.023481419870255898e-01 6.460295045005171044e-02 2.635791690621384908e-02 -4.498150818852234001e-02 -6.934195732927936340e-02 -6.916295855018847472e-02
-4.199445972514947306e-02 5.765809873578876810e-02 9.917019430537253599e-02 1.023481419870255898e-01 1.138428510222732615e-01 1.642034409447900023e-01 1.011651383831035089e-01 4.751838810028212456e-03 -4.474732730623782323e-02 -6.351042010930678383e-02
-3.641252316863239497e-02 -9.084802134996164749e-03 1.823209402434553331e-02 6.460295045005171044e-02 1.642034409447900023e-01 4.403448231600549101e-01 2.289062947665680969e-01 1.000508510940077561e-01 1.481339985085159544e-02 -2.856846098897483643e-02
-8.953917472795468180e-03 -2.833147027991004749e-02 -2.085851694999109329e-02 2.635791690621384908e-02 1.011651383831035089e-01 2.289062947665680969e-01 4.200789717892347008e-01 1.757687420058364758e-01 6.304893885137706488e-02 1.833852064125986864e-02
7.981864885426853684e-02 -3.050835151450537533e-02 -6.134975158431617975e-02 -4.498150818852234001e-02 4.751838810028212456e-03 1.000508510940077561e-01 1.757687420058364758e-01 1.552469773186437307e-01 1.312346670773552049e-01 1.226598549658291237e-01
1.369194422670823308e-01 -3.772860335259667960e-03 -6.155639882278730879e-02 -6.934195732927936340e-02 -4.474732730623782323e-02 1.481339985085159544e-02 6.304893885137706488e-02 1.312346670773552049e-01 1.756338365927662681e-01 2.055836510302858633e-01
2.253445626678451386e-01 6.205722385186537848e-02 -3.630905148875136768e-02 -6.916295855018847472e-02 -6.351042010930678383e-02 -2.856846098897483643e-02 1.833852064125986864e-02 1.226598549658291237e-01 2.055836510302858633e-01 3.389152518500329059e-01
2.288862030718784579e-01 2.065041660973157278e-01 1.285666175037377124e-01 4.024049483804514188e-02 -3.838558402417494020e-02 -5.589176815392433995e-02 -5.493513978565692929e-02 1.799643459204982449e-02 9.628896731764036154e-02 1.797616161888480890e-01
2.065041660973157278e-01 3.007916274089117992e-01 2.155008381216475255e-01 1.079240671256569695e-01 1.440986062998684224e-02 -3.355708272300168826e-02 -6.220124964635316556e-02 -4.970369345987139809e-02 2.130374198231144156e-02 1.095934974437847015e-01
1.285666175037377124e-01 2.155008381216475255e-01 3.763581773954937093e-01 1.925034827696574802e-01 8.790935839992596035e-02 2.204573858686980845e-02 -2.585957334065127483e-02 -5.641214841323655138e-02 -2.781684854381446387e-02 4.628534144939389083e-02
4.024049483804514188e-02 1.079240671256569695e-01 1.925034827696574802e-01 1.805943734383543831e-01 1.797384779371219987e-01 9.067541316818927832e-02 4.871582337213892222e-02 -2.753088737904026834e-02 -4.813911157274597397e-02 -2.477027436548078290e-02
-3.838558402417494020e-02 1.440986062998684224e-02 8.790935839992596035e-02 1.797384779371219987e-01 4.192423577290640413e-01 1.818479517403367440e-01 1.210494580628947159e-01 2.587715300216572242e-02 -4.241488172616174335e-02 -6.702793744303967016e-02
-5.589176815392433995e-02 -3.355708272300168826e-02 2.204573858686980845e-02 9.067541316818927832e-02 1.818479517403367440e-01 1.763402124529792336e-01 1.892810348215588356e-01 8.926231742731448315e-02 6.895565463510274634e-03 -5.575800670402329684e-02
-5.493513978565692929e-02 -6.220124964635316556e-02 -2.585957334065127483e-02 4.871582337213892222e-02 1.210494580628947159e-01 1.892810348215588356e-01 3.081890729897266423e-01 2.026011608743155668e-01 9.273489044288418803e-02 -1.222709340036035215e-02
1.799643459204982449e-02 -4.970369345987139809e-02 -5.641214841323655138e-02 -2.753088737904026834e-02 2.587715300216572242e-02 8.926231742731448315e-02 2.026011608743155668e-01 3.496483949558186199e-01 2.246244377364480238e-01 1.182443299738160924e-01
9.628896731764036154e-02 2.130374198231144156e-02 -2.781684854381446387e-02 -4.813911157274597397e-02 -4.241488172616174335e-02 6.895565463510274634e-03 9.273489044288418803e-02 2.246244377364480238e-01 4.079299569341442444e-01 2.111169073152517894e-01
1.797616161888480890e-01 1.095934974437847015e-01 4.628534144939389083e-02 -2.477027436548078290e-02 -6.702793744303967016e-02 -5.575800670402329684e-02 -1.222709340036035215e-02 1.182443299738160924e-01 2.111169073152517894e-01 2.520196236236266207e-01
1.226822942088191953e-01 1.343648850110952531e-01 1.000857951027732534e-01 4.868634747147285169e-02 -2.669131217413493740e-02 -5.971914167209805419e-02 -5.683009289511316287e-02 -2.060933538782336316e-02 8.761448539788754819e-02 1.656288522987982570e-01
1.343648850110952531e-01 2.390988219349271249e-01 2.197059734321707425e-01 1.340113101447327759e-01 1.633090082169189050e-02 -5.829585770602303818e-02 -7.583122460492547345e-02 -6.840614748114279275e-02 2.141699405392690631e-02 8.232001841886001092e-02
1.000857951027732534e-01 2.197059734321707425e-01 3.191421821728599451e-01 2.217788583943414715e-01 1.000299130854716417e-01 8.579526448967790542e-03 -4.093409295267320946e-02 -6.113666725660964196e-02 -2.449030604248432497e-02 2.799382673531001717e-02
4.868634747147285169e-02 1.340113101447327759e-01 2.217788583943414715e-01 3.833101130727419315e-01 1.971249733307812169e-01 9.568198207494400809e-02 2.972652749383312282e-02 -1.496228149348648520e-02 -3.442240213256997361e-02 -1.761653773958946415e-02
-2.669131217413493740e-02 1.633090082169189050e-02 1.000299130854716417e-01 1.971249733307812169e-01 2.685208983254730453e-01 2.098054964718345239e-01 1.266386954059146586e-01 7.690125335728831280e-02 -2.160953270978939467e-02 -5.046303215654201341e-02
-5.971914167209805419e-02 -5.829585770602303818e-02 8.579526448967790542e-03 9.568198207494400809e-02 2.098054964718345239e-01 2.626888297580369236e-01 1.896823144060973410e-01 1.337700784645301511e-01 1.686085410476261676e-02 -4.773794154251846666e-02
-5.683009289511316287e-02 -7.583122460492547345e-02 -4.093409295267320946e-02 2.972652749383312282e-02 1.266386954059146586e-01 1.896823144060973410e-01 2.425338891011796227e-01 2.121358802566354895e-01 7.416584806053569401e-02 -1.664739539775298566e-02
-2.060933538782336316e-02 -6.840614748114279275e-02 -6.113666725660964196e-02 -1.496228149348648520e-02 7.690125335728831280e-02 1.337700784645301511e-01 2.121358802566354895e-01 2.866387796348408012e-01 1.845758890108954997e-01 7.346139237498451602e-02
8.761448539788754819e-02 2.141699405392690631e-02 -2.449030604248432497e-02 -3.442240213256997361e-02 -2.160953270978939467e-02 1.686085410476261676e-02 7.416584806053569401e-02 1.845758890108954997e-01 4.359808116686521573e-01 2.172598351170730302e-01
1.656288522987982570e-01 8.232001841886001092e-02 2.799382673531001717e-02 -1.761653773958946415e-02 -5.046303215654201341e-02 -4.773794154251846666e-02 -1.664739539775298566e-02 7.346139237498451602e-02 2.172598351170730302e-01 4.394033801224684899e-01
1.965128598874580912e-01 1.804169791029101022e-01 9.353685391878212296e-02 5.027790304774274605e-02 -1.189541888087786159e-02 -4.427406154656942511e-02 -5.151022452033118121e-02 1.225873309143269210e-02 1.011263025782654923e-01 2.014112472701132528e-01
1.804169791029101022e-01 4.332661042424942321e-01 1.806019449044855008e-01 1.169228010855934141e-01 4.545533690924202785e-02 -1.731276397016283386e-02 -5.660266633660004237e-02 -5.064809769542064077e-02 2.547289741980673407e-03 8.539299589259641277e-02
9.353685391878212296e-02 1.806019449044855008e-01 1.766076875850849937e-01 1.794260810162289776e-01 1.078761484462573000e-01 4.230604075379167106e-02 -2.043990808278632609e-02 -5.235674250287845888e-02 -3.408256375478167788e-02 2.085633356286553663e-02
5.027790304774274605e-02 1.169228010855934141e-01 1.794260810162289776e-01 2.529016562508153432e-01 1.945272458921653569e-01 1.114338511774961710e-01 3.593011900896006527e-02 -3.467727178869098315e-02 -5.520091281640991665e-02 -2.729998282567389425e-02
-1.189541888087786159e-02 4.545533690924202785e-02 1.078761484462573000e-01 1.945272458921653569e-01 2.871664700565565997e-01 2.152947461294681397e-01 1.285720457772096537e-01 3.872602947448976207e-02 -4.567202582194024307e-02 -5.510244635153660475e-02
-4.427406154656942511e-02 -1.731276397016283386e-02 4.230604075379167106e-02 1.114338511774961710e-01 2.152947461294681397e-01 2.715000181869839935e-01 2.081094559425499257e-01 1.056706583302633451e-01 -3.724207049779882685e-03 -4.530426991106001333e-02
-5.151022452033118121e-02 -5.660266633660004237e-02 -2.043990808278632609e-02 3.593011900896006527e-02 1.285720457772096537e-01 2.081094559425499257e-01 3.734811701316015364e-01 2.036378536382822402e-01 7.240185522603856394e-02 -6.185667214373630554e-03
1.225873309143269210e-02 -5.064809769542064077e-02 -5.235674250287845888e-02 -3.467727178869098315e-02 3.872602947448976207e-02 1.056706583302633451e-01 2.036378536382822402e-01 2.319244125272333368e-01 1.940244315065921266e-01 1.065235144295549885e-01
1.011263025782654923e-01 2.547289741980673407e-03 -3.408256375478167788e-02 -5.520091281640991665e-02 -4.567202582194024307e-02 -3.724207049779882685e-03 7.240185522603856394e-02 1.940244315065921266e-01 4.358170121193479796e-01 2.153238776833479029e-01
2.014112472701132528e-01 8.539299589259641277e-02 2.085633356286553663e-02 -2.729998282567389425e-02 -5.510244635153660475e-02 -4.530426991106001333e-02 -6.185667214373630554e-03 1.065235144295549885e-01 2.153238776833479029e-01 3.408226090124223395e-01
1.501148545247812383e-01 1.782145139385287180e-01 8.822027239683528921e-02 3.477390805076707725e-02 -1.530400290052655841e-02 -4.275107530459214961e-02 -4.921733027494980262e-02 2.103166506285102447e-03 8.828477521917975357e-02 1.737055777680834301e-01
1.782145139385287180e-01 3.187422773307015400e-01 1.737650772815644840e-01 9.714706292937227983e-02 2.742584836593045874e-02 -4.087848703141612472e-02 -7.651712709950903024e-02 -5.844634475932755646e-02 2.803777264027403765e-02 1.057525559100943591e-01
8.822027239683528921e-02 1.737650772815644840e-01 1.626851428342717953e-01 1.860441939147012835e-01 1.053644317695331678e-01 2.613475129157338817e-02 -3.945434508306803340e-02 -4.948032559440021516e-02 -1.558977033464616427e-02 3.981010067407838443e-02
3.477390805076707725e-02 9.714706292937227983e-02 1.860441939147012835e-01 3.817102356101605420e-01 2.188076453759189577e-01 1.115859801429544967e-01 1.240086180352163378e-02 -3.372293151007522971e-02 -4.297494756966428742e-02 -1.021782439401922385e-02
-1.530400290052655841e-02 2.742584836593045874e-02 1.053644317695331678e-01 2.188076453759189577e-01 3.857903817321460815e-01 2.000205149312078434e-01 8.944412334235071760e-02 2.209154687050980670e-02 -3.989167251608366493e-02 -4.143743512624432218e-02
-4.275107530459214961e-02 -4.087848703141612472e-02 2.613475129157338817e-02 1.115859801429544967e-01 2.000205149312078434e-01 1.881495722700566586e-01 1.801523079717574638e-01 9.751429729909366628e-02 2.151964613220148578e-02 -3.736577470182050886e-02
-4.921733027494980262e-02 -7.651712709950903024e-02 -3.945434508306803340e-02 1.240086180352163378e-02 8.944412334235071760e-02 1.801523079717574638e-01 3.566657058239776079e-01 2.113587943428202331e-01 1.039678366369282403e-01 -1.087822466284982595e-02
