2.437597541887015218e-01 1.963303601752940941e-01 1.239393822812829421e-01 6.042498090309376957e-02 -1.695330935495476758e-03 -4.414702587755906654e-02 -5.813813527114349011e-02 -4.547881822107222027e-02 -3.330729522485764010e-03 5.725867474769471416e-02 1.204520328438955790e-01 1.899651548759088149e-01
1.963303601752940941e-01 2.589624867646792006e-01 1.981421315494701352e-01 1.229786838967515394e-01 5.837318876662893341e-02 -1.247189325161043166e-03 -4.313673920008292278e-02 -5.710915302347692457e-02 -4.473040079876769437e-02 -1.288521571270498508e-03 5.947193586558041645e-02 1.225007749157613068e-01
1.239393822812829421e-01 1.981421315494701352e-01 2.515222795362879182e-01 1.941332646202463541e-01 1.208372668456319660e-01 5.955295543895770816e-02 1.542890359737209959e-03 -4.065326835735005861e-02 -5.626000759243246496e-02 -4.217060775132216999e-02 4.284957860915796163e-04 6.139327418997160557e-02
6.042498090309376957e-02 1.229786838967515394e-01 1.941332646202463541e-01 2.461224637635830437e-01 1.933181401229034924e-01 1.231323660083962490e-01 6.301152040125224119e-02 4.413728139947026632e-03 -4.082458703335115763e-02 -5.526706099713599163e-02 -4.259865291739677040e-02 1.036688154226191082e-03
-1.695330935495476758e-03 5.837318876662893341e-02 1.208372668456319660e-01 1.933181401229034924e-01 2.472614399874926705e-01 1.948588345878006223e-01 1.241969531453947367e-01 6.271288080104495122e-02 1.759899497394509143e-03 -4.236798523745718970e-02 -5.758842234600025645e-02 -4.351809464277600625e-02
-4.414702587755906654e-02 -1.247189325161043166e-03 5.955295543895770816e-02 1.231323660083962490e-01 1.948588345878006223e-01 2.485326146974222716e-01 1.937297955233059921e-01 1.218340052443458166e-01 5.931735613320661404e-02 -2.382167691556876139e-03 -4.580856533921108531e-02 -5.843553238684173756e-02
-5.813813527114349011e-02 -4.313673920008292278e-02 1.542890359737209959e-03 6.301152040125224119e-02 1.241969531453947367e-01 1.937297955233059921e-01 2.430266041408446487e-01 1.902015233280112128e-01 1.210729014074056475e-01 5.673513695828142495e-02 -4.543928501649404338e-03 -4.639302952313869438e-02
-4.547881822107222027e-02 -5.710915302347692457e-02 -4.065326835735005861e-02 4.413728139947026632e-03 6.271288080104495122e-02 1.218340052443458166e-01 1.902015233280112128e-01 2.395305085425243896e-01 1.960460754398879457e-01 1.213001828803864923e-01 5.752821709278759660e-02 -4.850050471799908017e-03
-3.330729522485764010e-03 -4.473040079876769437e-02 -5.626000759243246496e-02 -4.082458703335115763e-02 1.759899497394509143e-03 5.931735613320661404e-02 1.210729014074056475e-01 1.960460754398879457e-01 2.676449834962646435e-01 2.010498938155461379e-01 1.251870576598795859e-01 5.794487127241378099e-02
5.725867474769471416e-02 -1.288521571270498508e-03 -4.217060775132216999e-02 -5.526706099713599163e-02 -4.236798523745718970e-02 -2.382167691556876139e-03 5.673513695828142495e-02 1.213001828803864923e-01 2.010498938155461379e-01 2.571938511239801883e-01 1.990891822270746403e-01 1.208336326919062786e-01
1.204520328438955790e-01 5.947193586558041645e-02 4.284957860915796163e-04 -4.259865291739677040e-02 -5.758842234600025645e-02 -4.580856533921108531e-02 -4.543928501649404338e-03 5.752821709278759660e-02 1.251870576598795859e-01 1.990891822270746403e-01 2.585925075485028257e-01 1.934397517223737650e-01
1.899651548759088149e-01 1.225007749157613068e-01 6.139327418997160557e-02 1.036688154226191082e-03 -4.351809464277600625e-02 -5.843553238684173756e-02 -4.639302952313869438e-02 -4.850050471799908017e-03 5.794487127241378099e-02 1.208336326919062786e-01 1.934397517223737650e-01 2.378505062097117373e-01
2.649732213279251125e-01 2.022708831173011812e-01 1.243911149173643343e-01 5.986462213358931944e-02 1.336845466641206062e-03 -4.067030117729508731e-02 -5.488092869518552269e-02 -4.598855239025533004e-02 -5.699247469839227587e-03 5.379080181895466717e-02 1.206745553566492130e-01 1.969684717850442024e-01
2.022708831173011812e-01 2.628338579008040465e-01 1.957128591728093114e-01 1.207311749844263427e-01 6.059428404725997891e-02 5.536106591167007547e-03 -3.716169318811263222e-02 -5.637362949692514835e-02 -4.678667421204685956e-02 -6.138027226521455132e-03 5.714339378440456974e-02 1.239575117794330245e-01
1.243911149173643343e-01 1.957128591728093114e-01 2.390488353960549817e-01 1.867484359654308368e-01 1.207547101822989410e-01 6.547595343588058503e-02 8.416105715926573347e-03 -3.800750685995024636e-02 -5.687965320895725652e-02 -4.532731286025429296e-02 -3.776481368213725938e-03 5.964271142532855813e-02
5.986462213358931944e-02 1.207311749844263427e-01 1.867484359654308368e-01 2.302809331870953047e-01 1.875869754991839888e-01 1.257187859867953672e-01 6.585865124796054515e-02 6.663725966252075431e-03 -4.118888859985719159e-02 -5.665731296528046801e-02 -4.545184134658041691e-02 -1.289013202336991007e-03
1.336845466641206062e-03 6.059428404725997891e-02 1.207547101822989410e-01 1.875869754991839888e-01 2.384926884834004390e-01 1.962249359224217393e-01 1.230153289625250529e-01 6.200212119804562882e-02 -1.280684055488002246e-03 -4.397560676446567174e-02 -5.889916098573603348e-02 -4.302795366824796464e-02
-4.067030117729508731e-02 5.536106591167007547e-03 6.547595343588058503e-02 1.257187859867953672e-01 1.962249359224217393e-01 2.591124029787078009e-01 1.927149816215904532e-01 1.221709173285968758e-01 5.688519073829920170e-02 -4.606615419177755542e-03 -4.751327606294617617e-02 -5.805119567339754594e-02
-5.488092869518552269e-02 -3.716169318811263222e-02 8.416105715926573347e-03 6.585865124796054515e-02 1.230153289625250529e-01 1.927149816215904532e-01 2.315855219099657303e-01 1.903399328128286272e-01 1.196627526807262365e-01 5.614677559563048537e-02 -4.095430381503759737e-03 -4.477431532241556850e-02
-4.598855239025533004e-02 -5.637362949692514835e-02 -3.800750685995024636e-02 6.663725966252075431e-03 6.200212119804562882e-02 1.221709173285968758e-01 1.903399328128286272e-01 2.543492609727283638e-01 2.008092253226813617e-01 1.235043884458734975e-01 5.894085659061823468e-02 -4.958065374196991316e-03
-5.699247469839227587e-03 -4.678667421204685956e-02 -5.687965320895725652e-02 -4.118888859985719159e-02 -1.280684055488002246e-03 5.688519073829920170e-02 1.196627526807262365e-01 2.008092253226813617e-01 2.710503309907342229e-01 2.002578231686518717e-01 1.244435043169781208e-01 5.621958038842640726e-02
5.379080181895466717e-02 -6.138027226521455132e-03 -4.532731286025429296e-02 -5.665731296528046801e-02 -4.397560676446567174e-02 -4.606615419177755542e-03 5.614677559563048537e-02 1.235043884458734975e-01 2.002578231686518717e-01 2.494982326306884879e-01 1.954493601671816461e-01 1.179367671189988365e-01
1.206745553566492130e-01 5.714339378440456974e-02 -3.776481368213725938e-03 -4.545184134658041691e-02 -5.889916098573603348e-02 -4.751327606294617617e-02 -4.095430381503759737e-03 5.894085659061823468e-02 1.244435043169781208e-01 1.954493601671816461e-01 2.543166091014105179e-01 1.933681493174667088e-01
1.969684717850442024e-01 1.239575117794330245e-01 5.964271142532855813e-02 -1.289013202336991007e-03 -4.302795366824796464e-02 -5.805119567339754594e-02 -4.477431532241556850e-02 -4.958065374196991316e-03 5.621958038842640726e-02 1.179367671189988365e-01 1.933681493174667088e-01 2.444581051204963162e-01
2.708851909957713522e-01 1.932507927161712102e-01 1.267703990241629275e-01 6.002266204881073763e-02 1.503931202127533695e-03 -4.198941480339266064e-02 -5.628401911842072225e-02 -4.240569443335390903e-02 -4.208212782718521311e-03 5.660102406567001782e-02 1.210330046897167555e-01 1.990726339362151043e-01
1.932507927161712102e-01 2.247454209416450133e-01 1.946013537062413201e-01 1.154657654433545316e-01 5.767444578510654007e-02 1.105071433824995897e-03 -4.022190169570877272e-02 -5.316456018647255227e-02 -4.416460818334166233e-02 -1.904327020071204177e-03 5.655479140364165491e-02 1.203884325113164233e-01
1.267703990241629275e-01 1.946013537062413201e-01 2.751824710696721965e-01 1.900759884929620336e-01 1.215588508317115846e-01 6.027483987895661255e-02 -7.338754790940980963e-04 -4.358318387319599224e-02 -6.127179598900511781e-02 -4.575604597780172367e-02 -2.206503959412423055e-03 6.203247574793331609e-02
6.002266204881073763e-02 1.154657654433545316e-01 1.900759884929620336e-01 2.133445763969196995e-01 1.861173335700335163e-01 1.207621973741814653e-01 6.077689081695943074e-02 1.472393705682084391e-03 -4.384452010919713538e-02 -5.473813744029540351e-02 -4.089577861826086680e-02 1.478635054320776455e-03
1.503931202127533695e-03 5.767444578510654007e-02 1.215588508317115846e-01 1.861173335700335163e-01 2.596369821643014220e-01 2.017130202645386339e-01 1.266618419492707148e-01 5.958435849213750135e-02 -4.154296777790071962e-03 -4.359226250301706518e-02 -5.609733559291332078e-02 -4.197358876229118074e-02
-4.198941480339266064e-02 1.105071433824995897e-03 6.027483987895661255e-02 1.207621973741814653e-01 2.017130202645386339e-01 2.613949890778707319e-01 2.001803602697135864e-01 1.200014750701634825e-01 5.665524722275781105e-02 -2.152662066751901380e-03 -4.337221385384316952e-02 -5.664561707754148939e-02
-5.628401911842072225e-02 -4.022190169570877272e-02 -7.338754790940980963e-04 6.077689081695943074e-02 1.266618419492707148e-01 2.001803602697135864e-01 2.568334829577424427e-01 1.885484509293601785e-01 1.204657004535415882e-01 5.765803524148298970e-02 -8.921595248162640223e-04 -4.310651751811223759e-02
-4.240569443335390903e-02 -5.316456018647255227e-02 -4.358318387319599224e-02 1.472393705682084391e-03 5.958435849213750135e-02 1.200014750701634825e-01 1.885484509293601785e-01 2.244100458739647364e-01 1.932757245453460004e-01 1.200647594554219988e-01 6.007458009484226147e-02 1.089580094805791405e-03
-4.208212782718521311e-03 -4.416460818334166233e-02 -6.127179598900511781e-02 -4.384452010919713538e-02 -4.154296777790071962e-03 5.665524722275781105e-02 1.204657004535415882e-01 1.932757245453460004e-01 2.748969919985787547e-01 1.996610246556038137e-01 1.250778822641809285e-01 6.036489909697759226e-02
5.660102406567001782e-02 -1.904327020071204177e-03 -4.575604597780172367e-02 -5.473813744029540351e-02 -4.359226250301706518e-02 -2.152662066751901380e-03 5.765803524148298970e-02 1.200647594554219988e-01 1.996610246556038137e-01 2.425227971621709000e-01 1.930213548074260765e-01 1.207992169612463335e-01
1.210330046897167555e-01 5.655479140364165491e-02 -2.206503959412423055e-03 -4.089577861826086680e-02 -5.609733559291332078e-02 -4.337221385384316952e-02 -8.921595248162640223e-04 6.007458009484226147e-02 1.250778822641809285e-01 1.930213548074260765e-01 2.492094477002680941e-01 1.935163756534680202e-01
1.990726339362151043e-01 1.203884325113164233e-01 6.203247574793331609e-02 1.478635054320776455e-03 -4.197358876229118074e-02 -5.664561707754148939e-02 -4.310651751811223759e-02 1.089580094805791405e-03 6.036489909697759226e-02 1.207992169612463335e-01 1.935163756534680202e-01 2.469376036610939074e-01
2.356498223345691034e-01 1.945744616026779394e-01 1.226391770012518201e-01 6.307647331143526048e-02 2.990629937641796961e-03 -4.117681749501546362e-02 -5.533109295220438317e-02 -4.365782935555344302e-02 5.711317607809513700e-04 5.884148225019497636e-02 1.221200058822827644e-01 1.876314268488032400e-01
1.945744616026779394e-01 2.607563582287774073e-01 1.961003593183177351e-01 1.241592733448027286e-01 6.161734515512511806e-02 -7.781087117013208267e-04 -4.461148303588673147e-02 -6.009126102089912269e-02 -4.454008518123634547e-02 -1.074657035229060684e-03 6.018928062130075168e-02 1.220384747830673688e-01
1.226391770012518201e-01 1.961003593183177351e-01 2.394690658172199116e-01 1.894520300665576140e-01 1.209936524134030827e-01 5.756928680760210748e-02 -3.457126543329717191e-03 -4.646583829322987330e-02 -5.750442720884357817e-02 -4.130978710077535393e-02 1.047374571335728081e-03 6.162667365189329616e-02
6.307647331143526048e-02 1.241592733448027286e-01 1.894520300665576140e-01 2.393520133285996776e-01 1.940098881660399788e-01 1.214021890788348212e-01 5.678866975841696807e-02 -4.364292643898020491e-03 -4.524301149188873772e-02 -5.538964625310562051e-02 -4.145637690182590873e-02 4.934996246553613117e-03
2.990629937641796961e-03 6.161734515512511806e-02 1.209936524134030827e-01 1.940098881660399788e-01 2.580377296488118866e-01 2.004222883138067901e-01 1.228847834412711282e-01 5.843526563877681629e-02 -4.529921433966687359e-03 -4.462493512277993651e-02 -5.827995725149692774e-02 -4.031082146614414774e-02
-4.117681749501546362e-02 -7.781087117013208267e-04 5.756928680760210748e-02 1.214021890788348212e-01 2.004222883138067901e-01 2.649440845830393076e-01 1.980754434921218610e-01 1.237483271645315186e-01 5.751904283353199282e-02 -2.419091046060693403e-03 -4.514460314617224634e-02 -5.554100887978012657e-02
-5.533109295220438317e-02 -4.461148303588673147e-02 -3.457126543329717191e-03 5.678866975841696807e-02 1.228847834412711282e-01 1.980754434921218610e-01 2.477489357806416659e-01 1.956967474556147446e-01 1.199922021239161612e-01 5.677839266758109155e-02 -1.537987625907524369e-03 -4.210839881217207092e-02
-4.365782935555344302e-02 -6.009126102089912269e-02 -4.646583829322987330e-02 -4.364292643898020491e-03 5.843526563877681629e-02 1.237483271645315186e-01 1.956967474556147446e-01 2.562146024923043219e-01 1.950828760984476273e-01 1.204416616030710430e-01 6.027146325113975217e-02 -1.149507565420843525e-03
5.711317607809513700e-04 -4.454008518123634547e-02 -5.750442720884357817e-02 -4.524301149188873772e-02 -4.529921433966687359e-03 5.751904283353199282e-02 1.199922021239161612e-01 1.950828760984476273e-01 2.455108751325012495e-01 1.907141021918229429e-01 1.248583185053194489e-01 6.050004952027354665e-02
5.884148225019497636e-02 -1.074657035229060684e-03 -4.130978710077535393e-02 -5.538964625310562051e-02 -4.462493512277993651e-02 -2.419091046060693403e-03 5.677839266758109155e-02 1.204416616030710430e-01 1.907141021918229429e-01 2.383802388631704461e-01 1.985107062568033376e-01 1.215299221508922972e-01
1.221200058822827644e-01 6.018928062130075168e-02 1.047374571335728081e-03 -4.145637690182590873e-02 -5.827995725149692774e-02 -4.514460314617224634e-02 -1.537987625907524369e-03 6.027146325113975217e-02 1.248583185053194489e-01 1.985107062568033376e-01 2.757469589174236235e-01 1.982231476786315005e-01
1.876314268488032400e-01 1.220384747830673688e-01 6.162667365189329616e-02 4.934996246553613117e-03 -4.031082146614414774e-02 -5.554100887978012657e-02 -4.210839881217207092e-02 -1.149507565420843525e-03 6.050004952027354665e-02 1.215299221508922972e-01 1.982231476786315005e-01 2.381893148729451182e-01
2.316762100502334776e-01 1.922835156758989084e-01 1.226180273079057054e-01 5.943043893424931889e-02 -3.513539061813947609e-03 -4.653304219863767244e-02 -5.745634082907294382e-02 -4.318784066855801962e-02 3.020089383361483290e-03 6.212808970762138949e-02 1.221491950798343218e-01 1.857327188118266803e-01
1.922835156758989084e-01 2.559894161069360408e-01 1.989145355741660515e-01 1.237463276571888204e-01 5.683768892366740377e-02 -5.901234390292780727e-03 -4.570605349124046146e-02 -5.794554285460061516e-02 -4.043776317885391935e-02 4.730144201537295028e-03 6.323031743971573027e-02 1.218826629000154260e-01
1.226180273079057054e-01 1.989145355741660515e-01 2.582491007075145006e-01 1.989344194422205114e-01 1.212797511707678910e-01 5.648282462955055150e-02 -3.472272345801216860e-03 -4.444875712219991531e-02 -5.525058856460489387e-02 -3.856663570237746363e-02 4.461285074122756274e-03 6.170115484095171909e-02
5.943043893424931889e-02 1.237463276571888204e-01 1.989344194422205114e-01 2.586781092804368298e-01 1.961427397672089179e-01 1.221858989008694218e-01 5.822522771930214308e-02 -4.779594420754895191e-04 -4.256959655881555754e-02 -5.478920174939849730e-02 -4.131199873293096847e-02 8.026852200844736794e-04
-3.513539061813947609e-03 5.683768892366740377e-02 1.212797511707678910e-01 1.961427397672089179e-01 2.485624000006894374e-01 1.961653470500228091e-01 1.210982979854523939e-01 6.036791598729388669e-02 -7.964959924743439564e-04 -4.342727898007280041e-02 -5.793574068621015760e-02 -4.427936199602176132e-02
-4.653304219863767244e-02 -5.901234390292780727e-03 5.648282462955055150e-02 1.221858989008694218e-01 1.961653470500228091e-01 2.555329420609451230e-01 1.929757604742063370e-01 1.234139199902446610e-01 5.898629264796824423e-02 -2.949385245545713650e-03 -4.652281691358316207e-02 -5.928955808092176150e-02
-5.745634082907294382e-02 -4.570605349124046146e-02 -3.472272345801216860e-03 5.822522771930214308e-02 1.210982979854523939e-01 1.929757604742063370e-01 2.368065062811749999e-01 1.935948093422771021e-01 1.206989751026051327e-01 5.659563864210128553e-02 -3.907292631808939078e-03 -4.469331445936285119e-02
-4.318784066855801962e-02 -5.794554285460061516e-02 -4.444875712219991531e-02 -4.779594420754895191e-04 6.036791598729388669e-02 1.234139199902446610e-01 1.935948093422771021e-01 2.584289484669918258e-01 1.984757341056714031e-01 1.222078203627633974e-01 5.841038670900467605e-02 -2.418350763816439885e-03
3.020089383361483290e-03 -4.043776317885391935e-02 -5.525058856460489387e-02 -4.256959655881555754e-02 -7.964959924743439564e-04 5.898629264796824423e-02 1.206989751026051327e-01 1.984757341056714031e-01 2.572679087884049975e-01 1.972550440280207151e-01 1.240966098123178762e-01 6.072065493970764394e-02
6.212808970762138949e-02 4.730144201537295028e-03 -3.856663570237746363e-02 -5.478920174939849730e-02 -4.342727898007280041e-02 -2.949385245545713650e-03 5.659563864210128553e-02 1.222078203627633974e-01 1.972550440280207151e-01 2.514409813821054662e-01 1.967285940125449994e-01 1.222890694879896489e-01
1.221491950798343218e-01 6.323031743971573027e-02 4.461285074122756274e-03 -4.131199873293096847e-02 -5.793574068621015760e-02 -4.652281691358316207e-02 -3.907292631808939078e-03 5.841038670900467605e-02 1.240966098123178762e-01 1.967285940125449994e-01 2.540903253362184477e-01 1.925641405510226112e-01
1.857327188118266803e-01 1.218826629000154260e-01 6.170115484095171909e-02 8.026852200844736794e-04 -4.427936199602176132e-02 -5.928955808092176150e-02 -4.469331445936285119e-02 -2.418350763816439885e-03 6.072065493970764394e-02 1.222890694879896489e-01 1.925641405510226112e-01 2.332771515383454397e-01
2.438921085241584352e-01 1.953120410445825517e-01 1.205937880636301224e-01 5.908249128375493708e-02 -8.456923096262046599e-04 -4.318120974666677520e-02 -5.570290550280546094e-02 -4.225778233795664945e-02 1.362608190062596265e-03 6.006359921267941104e-02 1.240975585584007390e-01 1.933694793716675964e-01
1.953120410445825517e-01 2.548270644058774348e-01 1.928104158692018621e-01 1.225121006035143900e-01 5.961633985488103138e-02 -1.747954975806693175e-04 -4.342424070306379058e-02 -5.750915955947040470e-02 -4.290231635613937777e-02 2.538128751124823536e-03 6.366502666979757807e-02 1.246387920209838102e-01
1.205937880636301224e-01 1.928104158692018621e-01 2.379237042694985482e-01 1.936453721434254205e-01 1.217766768648012032e-01 6.056016594850249790e-02 -1.374366617087208284e-03 -4.432527775693880651e-02 -5.732798253820997614e-02 -4.000479360110693189e-02 2.207444215579700605e-03 6.092182444857786872e-02
5.908249128375493708e-02 1.225121006035143900e-01 1.936453721434254205e-01 2.569335740029795589e-01 1.970015781992826009e-01 1.247733656964003096e-01 5.850376578274219669e-02 -3.222957217160445260e-03 -4.602462736794633164e-02 -5.598253192242163417e-02 -4.278557519146187343e-02 8.974367918546998033e-04
-8.456923096262046599e-04 5.961633985488103138e-02 1.217766768648012032e-01 1.970015781992826009e-01 2.494369732525334449e-01 1.970956327977089750e-01 1.200113525747630999e-01 5.612164203718393585e-02 -4.947930457934815625e-03 -4.427493484095436360e-02 -5.803038960820075531e-02 -4.278278024486788927e-02
-4.318120974666677520e-02 -1.747954975806693175e-04 6.056016594850249790e-02 1.247733656964003096e-01 1.970956327977089750e-01 2.579746084251584026e-01 1.942202193072478655e-01 1.211559901605221978e-01 5.751671624219588386e-02 -3.548681013015691100e-03 -4.607900252880414715e-02 -5.789209842553491581e-02
-5.570290550280546094e-02 -4.342424070306379058e-02 -1.374366617087208284e-03 5.850376578274219669e-02 1.200113525747630999e-01 1.942202193072478655e-01 2.430610182965590449e-01 1.949013591937588941e-01 1.234870016513545526e-01 5.831025402866635288e-02 -1.077671046698508439e-03 -4.320768936318550996e-02
-4.225778233795664945e-02 -5.750915955947040470e-02 -4.432527775693880651e-02 -3.222957217160445260e-03 5.612164203718393585e-02 1.211559901605221978e-01 1.949013591937588941e-01 2.573880550011535262e-01 2.016049748710793399e-01 1.216356960003438098e-01 5.976253877415262789e-02 -1.616965196687126811e-03
1.362608190062596265e-03 -4.290231635613937777e-02 -5.732798253820997614e-02 -4.602462736794633164e-02 -4.947930457934815625e-03 5.751671624219588386e-02 1.234870016513545526e-01 2.016049748710793399e-01 2.692717782993276909e-01 1.941032032330881063e-01 1.232881333650216321e-01 5.939502656666005576e-02
6.006359921267941104e-02 2.538128751124823536e-03 -4.000479360110693189e-02 -5.598253192242163417e-02 -4.427493484095436360e-02 -3.548681013015691100e-03 5.831025402866635288e-02 1.216356960003438098e-01 1.941032032330881063e-01 2.288707786519614262e-01 1.895077597624126586e-01 1.193556761363568780e-01
1.240975585584007390e-01 6.366502666979757807e-02 2.207444215579700605e-03 -4.278557519146187343e-02 -5.803038960820075531e-02 -4.607900252880414715e-02 -1.077671046698508439e-03 5.976253877415262789e-02 1.232881333650216321e-01 1.895077597624126586e-01 2.530329649179368090e-01 1.958873657877608365e-01
1.933694793716675964e-01 1.246387920209838102e-01 6.092182444857786872e-02 8.974367918546998033e-04 -4.278278024486788927e-02 -5.789209842553491581e-02 -4.320768936318550996e-02 -1.616965196687126811e-03 5.939502656666005576e-02 1.193556761363568780e-01 1.958873657877608365e-01 2.473873719528540682e-01
2.356968193631787667e-01 1.918610304093837371e-01 1.200821147286624813e-01 5.828058577390735767e-02 -4.827835802566002310e-03 -4.643167609851402144e-02 -5.888440653716919132e-02 -4.336450265551311523e-02 2.938471869309235065e-03 6.369626608213548036e-02 1.237424511963887558e-01 1.886499205738386975e-01
1.918610304093837371e-01 2.535023156876804462e-01 1.964431967308519211e-01 1.247642579388703599e-01 5.729997395450123210e-02 -6.990023320112194287e-03 -4.855728716094485226e-02 -5.936513893754250676e-02 -4.079739626167100397e-02 2.546526456346977045e-03 6.150113806749291090e-02 1.202848886668434203e-01
1.200821147286624813e-01 1.964431967308519211e-01 2.520312364958064988e-01 2.012620219294229962e-01 1.223250544260290618e-01 5.425147761611185532e-02 -6.130260739088469468e-03 -4.538266532833568068e-02 -5.417243191373727340e-02 -4.069307313855972941e-02 1.480630623375643780e-03 5.796405882141929256e-02
5.828058577390735767e-02 1.247642579388703599e-01 2.012620219294229962e-01 2.743354496704207834e-01 2.008206291165777757e-01 1.197527880073003398e-01 5.595882944001674686e-02 -2.837389520422639068e-03 -4.170122887616216356e-02 -5.651379601581281442e-02 -4.324401799678401909e-02 -1.692862010622238605e-03
-4.827835802566002310e-03 5.729997395450123210e-02 1.223250544260290618e-01 2.008206291165777757e-01 2.538701963643273940e-01 1.923942401927654922e-01 1.216553301096493095e-01 6.143744473086031055e-02 3.034137118518704518e-03 -4.171915771545955248e-02 -5.698959648796567828e-02 -4.464060443196352090e-02
-4.643167609851402144e-02 -6.990023320112194287e-03 5.425147761611185532e-02 1.197527880073003398e-01 1.923942401927654922e-01 2.387419872380014130e-01 1.924713178721808027e-01 1.242159153475870664e-01 6.197392708829409236e-02 2.722946270717109714e-03 -4.146396489757284143e-02 -5.621233310439891634e-02
-5.888440653716919132e-02 -4.855728716094485226e-02 -6.130260739088469468e-03 5.595882944001674686e-02 1.216553301096493095e-01 1.924713178721808027e-01 2.511369164851712243e-01 1.984649659051873349e-01 1.220643587819767173e-01 6.083908232668935878e-02 -2.244693681805439225e-04 -4.265868370072423837e-02
-4.336450265551311523e-02 -5.936513893754250676e-02 -4.538266532833568068e-02 -2.837389520422639068e-03 6.143744473086031055e-02 1.242159153475870664e-01 1.984649659051873349e-01 2.571973986932279965e-01 1.907316767339448937e-01 1.220072433775288706e-01 5.921277554136969434e-02 -6.278444174159444890e-06
2.938471869309235065e-03 -4.079739626167100397e-02 -5.417243191373727340e-02 -4.170122887616216356e-02 3.034137118518704518e-03 6.197392708829409236e-02 1.220643587819767173e-01 1.907316767339448937e-01 2.280580289297439722e-01 1.903496141489361693e-01 1.210940249559112059e-01 6.060619276323998134e-02
6.369626608213548036e-02 2.546526456346977045e-03 -4.069307313855972941e-02 -5.651379601581281442e-02 -4.171915771545955248e-02 2.722946270717109714e-03 6.083908232668935878e-02 1.220072433775288706e-01 1.903496141489361693e-01 2.566310935050074571e-01 1.995915574144618565e-01 1.251722214830488511e-01
1.237424511963887558e-01 6.150113806749291090e-02 1.480630623375643780e-03 -4.324401799678401909e-02 -5.698959648796567828e-02 -4.146396489757284143e-02 -2.244693681805439225e-04 5.921277554136969434e-02 1.210940249559112059e-01 1.995915574144618565e-01 2.586851176260338003e-01 1.958062241380641166e-01
1.886499205738386975e-01 1.202848886668434203e-01 5.796405882141929256e-02 -1.692862010622238605e-03 -4.464060443196352090e-02 -5.621233310439891634e-02 -4.265868370072423837e-02 -6.278444174159444890e-06 6.060619276323998134e-02 1.251722214830488511e-01 1.958062241380641166e-01 2.401134399413954179e-01
2.473934544740926944e-01 1.920879796813984020e-01 1.235195510558559640e-01 6.473961318725213188e-02 9.929151902642787547e-03 -3.550985026741344114e-02 -5.543909965399872186e-02 -4.518483344890832781e-02 -4.539665470236190284e-03 5.777029738112968854e-02 1.215768344285169389e-01 1.980645866130817390e-01
1.920879796813984020e-01 2.384864870836871376e-01 1.890707638515858879e-01 1.209215184710066421e-01 6.567254425581080246e-02 7.575599114941149181e-03 -3.946744176133314130e-02 -5.708789574814931989e-02 -4.486173289949126064e-02 -1.190923467524953629e-03 6.053747465615540863e-02 1.248800279901485372e-01
1.235195510558559640e-01 1.890707638515858879e-01 2.327979203889565252e-01 1.835315956961329764e-01 1.235634548293926549e-01 6.347532764219968038e-02 2.485543623933787662e-03 -4.464409341064186354e-02 -5.892682185417096041e-02 -4.368641356439777190e-02 2.761851000484181334e-03 6.495093513911243122e-02
6.473961318725213188e-02 1.209215184710066421e-01 1.835315956961329764e-01 2.233195008901675549e-01 1.911486505517298595e-01 1.215599021930788420e-01 5.928430999137150603e-02 -5.572377881001594480e-03 -4.760860131823292651e-02 -5.811335067177041125e-02 -3.858144768720563750e-02 8.004740734232077687e-03
9.929151902642787547e-03 6.567254425581080246e-02 1.235634548293926549e-01 1.911486505517298595e-01 2.597397513338700059e-01 1.983685164111987365e-01 1.241108375590693480e-01 5.441408443535459410e-02 -9.866019909068615701e-03 -4.977311055812714408e-02 -5.674262731663869130e-02 -3.698091077520787584e-02
-3.550985026741344114e-02 7.575599114941149181e-03 6.347532764219968038e-02 1.215599021930788420e-01 1.983685164111987365e-01 2.527125818725034501e-01 1.996466959111444228e-01 1.198049648322809385e-01 5.233811860849170439e-02 -9.244924130210850632e-03 -4.653340802948441324e-02 -5.490723750512233048e-02
-5.543909965399872186e-02 -3.946744176133314130e-02 2.485543623933787662e-03 5.928430999137150603e-02 1.241108375590693480e-01 1.996466959111444228e-01 2.688227652917755117e-01 1.998622615056519780e-01 1.210041186564619065e-01 5.478880868182471608e-02 -6.405078512443750441e-03 -4.623646928568765635e-02
-4.518483344890832781e-02 -5.708789574814931989e-02 -4.464409341064186354e-02 -5.572377881001594480e-03 5.441408443535459410e-02 1.198049648322809385e-01 1.998622615056519780e-01 2.580453016738904481e-01 1.980682750751983079e-01 1.223035343598761621e-01 5.662932582594246839e-02 -4.249347707163233026e-03
-4.539665470236190284e-03 -4.486173289949126064e-02 -5.892682185417096041e-02 -4.760860131823292651e-02 -9.866019909068615701e-03 5.233811860849170439e-02 1.210041186564619065e-01 1.980682750751983079e-01 2.555438327375265661e-01 1.976838225070973731e-01 1.206241507036570904e-01 5.669143018882278479e-02
5.777029738112968854e-02 -1.190923467524953629e-03 -4.368641356439777190e-02 -5.811335067177041125e-02 -4.977311055812714408e-02 -9.244924130210850632e-03 5.478880868182471608e-02 1.223035343598761621e-01 1.976838225070973731e-01 2.577382878894453055e-01 1.950445011002047702e-01 1.222583329372944755e-01
1.215768344285169389e-01 6.053747465615540863e-02 2.761851000484181334e-03 -3.858144768720563750e-02 -5.674262731663869130e-02 -4.653340802948441324e-02 -6.405078512443750441e-03 5.662932582594246839e-02 1.206241507036570904e-01 1.950445011002047702e-01 2.436740935613456172e-01 1.956739312373929895e-01
1.980645866130817390e-01 1.248800279901485372e-01 6.495093513911243122e-02 8.004740734232077687e-03 -3.698091077520787584e-02 -5.490723750512233048e-02 -4.623646928568765635e-02 -4.249347707163233026e-03 5.669143018882278479e-02 1.222583329372944755e-01 1.956739312373929895e-01 2.617260228027345481e-01
2.605176083553585320e-01 1.974462410401164325e-01 1.230208753095773100e-01 6.163465659284521336e-02 2.856057398184676591e-03 -4.058634299258597616e-02 -5.502720782692609169e-02 -4.160590165485943126e-02 1.277046222396756824e-03 5.992747138834554621e-02 1.234538055596241524e-01 1.968440193498190993e-01
1.974462410401164325e-01 2.522947035319120235e-01 1.962655158368951658e-01 1.248260983249940836e-01 6.292587834781680767e-02 4.219583188074708426e-03 -4.047693088764116320e-02 -5.597024103587121269e-02 -4.404439770606023014e-02 -4.610537370253268638e-03 5.517813907344523011e-02 1.193242803194604351e-01
1.230208753095773100e-01 1.962655158368951658e-01 2.501283798542446868e-01 1.942599196630470648e-01 1.210690023067820253e-01 6.062998108753704651e-02 2.754039773652817709e-04 -4.324076155529651272e-02 -5.834053223576789876e-02 -4.680499236712259981e-02 -6.555029851811585220e-03 5.554187003944921486e-02
6.163465659284521336e-02 1.248260983249940836e-01 1.942599196630470648e-01 2.425180634126767876e-01 1.871229222088034438e-01 1.208830824022154304e-01 5.871054417972734751e-02 -1.886647777413981908e-03 -4.580054629272685418e-02 -5.979396469854308949e-02 -4.717723191643706515e-02 -2.851729103942514214e-03
2.856057398184676591e-03 6.292587834781680767e-02 1.210690023067820253e-01 1.871229222088034438e-01 2.287906978429444238e-01 1.913354294628998586e-01 1.215632453011339376e-01 5.898863438239517615e-02 -3.165507000000955962e-03 -4.492174616028255657e-02 -5.802471746807462416e-02 -4.221124358667067977e-02
-4.058634299258597616e-02 4.219583188074708426e-03 6.062998108753704651e-02 1.208830824022154304e-01 1.913354294628998586e-01 2.593107199681766728e-01 2.019995763463483529e-01 1.260168826755804494e-01 5.930959898942461672e-02 -2.255876207716163689e-03 -4.407106879526907078e-02 -5.563968094499650852e-02
-5.502720782692609169e-02 -4.047693088764116320e-02 2.754039773652817709e-04 5.871054417972734751e-02 1.215632453011339376e-01 2.019995763463483529e-01 2.675308567512235669e-01 2.009309012278062134e-01 1.221270045325402454e-01 5.799605019263485983e-02 -2.521588333794738766e-04 -4.100382254684958178e-02
-4.160590165485943126e-02 -5.597024103587121269e-02 -4.324076155529651272e-02 -1.886647777413981908e-03 5.898863438239517615e-02 1.260168826755804494e-01 2.009309012278062134e-01 2.549137648691787716e-01 1.921406396377115522e-01 1.195595240533754156e-01 6.002706135413672650e-02 2.307169374399373890e-03
1.277046222396756824e-03 -4.404439770606023014e-02 -5.834053223576789876e-02 -4.580054629272685418e-02 -3.165507000000955962e-03 5.930959898942461672e-02 1.221270045325402454e-01 1.921406396377115522e-01 2.354992086635053772e-01 1.873159515745691228e-01 1.224243559790752500e-01 6.200560088700871053e-02
5.992747138834554621e-02 -4.610537370253268638e-03 -4.680499236712259981e-02 -5.979396469854308949e-02 -4.492174616028255657e-02 -2.255876207716163689e-03 5.799605019263485983e-02 1.195595240533754156e-01 1.873159515745691228e-01 2.366683883533621247e-01 1.952397572160928241e-01 1.233493981668615236e-01
1.234538055596241524e-01 5.517813907344523011e-02 -6.555029851811585220e-03 -4.717723191643706515e-02 -5.802471746807462416e-02 -4.407106879526907078e-02 -2.521588333794738766e-04 6.002706135413672650e-02 1.224243559790752500e-01 1.952397572160928241e-01 2.616690637828178456e-01 1.983145235147774632e-01
1.968440193498190993e-01 1.193242803194604351e-01 5.554187003944921486e-02 -2.851729103942514214e-03 -4.221124358667067977e-02 -5.563968094499650852e-02 -4.100382254684958178e-02 2.307169374399373890e-03 6.200560088700871053e-02 1.233493981668615236e-01 1.983145235147774632e-01 2.501585446145956348e-01
2.293544732292235322e-01 1.945444877068251976e-01 1.220701685249417356e-01 5.676865924028332705e-02 -5.343810798110536046e-03 -4.523970249649805764e-02 -5.553986208711565731e-02 -3.776942749812133016e-02 5.936718154035190535e-03 6.230718344433206629e-02 1.187821933507059308e-01 1.895829248286117208e-01
1.945444877068251976e-01 2.703093643683750491e-01 2.034083398065762993e-01 1.226832631226300041e-01 5.624996223422525782e-02 -6.194370221624822051e-03 -4.591556502955736196e-02 -5.608656549573665800e-02 -3.986166448888456282e-02 4.466910437702781289e-03 6.028832262266130282e-02 1.236168083775090326e-01
1.220701685249417356e-01 2.034083398065762993e-01 2.659583050558824158e-01 1.962335655209678786e-01 1.214365519372412883e-01 5.583097877989283420e-02 -3.316717625337218915e-03 -4.463164431445205971e-02 -5.681197255329017981e-02 -4.158135075805884789e-02 -9.230279040907437681e-04 5.959381891081437510e-02
5.676865924028332705e-02 1.226832631226300041e-01 1.962335655209678786e-01 2.406535985131107447e-01 1.933617733366009284e-01 1.192633575775108590e-01 5.802531403582586456e-02 -2.218754720809082426e-03 -4.382612823820022929e-02 -5.627259963508268042e-02 -4.322728963764659038e-02 -3.068712831895489476e-03
-5.343810798110536046e-03 5.624996223422525782e-02 1.214365519372412883e-01 1.933617733366009284e-01 2.579066981176705853e-01 1.966603056616132994e-01 1.244974502734269572e-01 5.964748765829253063e-02 -2.076085385203586993e-03 -4.508945766689721746e-02 -5.845726625096780982e-02 -4.789076557577747612e-02
-4.523970249649805764e-02 -6.194370221624822051e-03 5.583097877989283420e-02 1.192633575775108590e-01 1.966603056616132994e-01 2.477993436436869423e-01 1.969455318198027605e-01 1.216103534574735218e-01 5.800533735195988194e-02 -2.745884378840518936e-03 -4.329279950343405819e-02 -5.888665178946447809e-02
-5.553986208711565731e-02 -4.591556502955736196e-02 -3.316717625337218915e-03 5.802531403582586456e-02 1.244974502734269572e-01 1.969455318198027605e-01 2.598265075275542624e-01 1.960966438713622473e-01 1.223602280234387801e-01 5.878997079840091178e-02 6.792821522641522610e-04 -4.231038836818903914e-02
-3.776942749812133016e-02 -5.608656549573665800e-02 -4.463164431445205971e-02 -2.218754720809082426e-03 5.964748765829253063e-02 1.216103534574735218e-01 1.960966438713622473e-01 2.449751818490494837e-01 1.942972638333220758e-01 1.218782002511527712e-01 6.148001345082532154e-02 4.785899782442798629e-03
5.936718154035190535e-03 -3.986166448888456282e-02 -5.681197255329017981e-02 -4.382612823820022929e-02 -2.076085385203586993e-03 5.800533735195988194e-02 1.223602280234387801e-01 1.942972638333220758e-01 2.537132834902339207e-01 1.957967641956072091e-01 1.235520117467640566e-01 6.561596741902245289e-02
6.230718344433206629e-02 4.466910437702781289e-03 -4.158135075805884789e-02 -5.627259963508268042e-02 -4.508945766689721746e-02 -2.745884378840518936e-03 5.878997079840091178e-02 1.218782002511527712e-01 1.957967641956072091e-01 2.453969137998039951e-01 1.897683159459625790e-01 1.247975986639926205e-01
1.187821933507059308e-01 6.028832262266130282e-02 -9.230279040907437681e-04 -4.322728963764659038e-02 -5.845726625096780982e-02 -4.329279950343405819e-02 6.792821522641522610e-04 6.148001345082532154e-02 1.235520117467640566e-01 1.897683159459625790e-01 2.324370781884689263e-01 1.919051801638499977e-01
1.895829248286117208e-01 1.236168083775090326e-01 5.959381891081437510e-02 -3.068712831895489476e-03 -4.789076557577747612e-02 -5.888665178946447809e-02 -4.231038836818903914e-02 4.785899782442798629e-03 6.561596741902245289e-02 1.247975986639926205e-01 1.919051801638499977e-01 2.516692522169329260e-01
2.605337757431698265e-01 1.959340716178490649e-01 1.273456256231796924e-01 6.205917406022269656e-02 1.875370721635451817e-03 -4.278383300945275830e-02 -5.687102482952609284e-02 -4.347278005421716107e-02 -1.651083788501170845e-03 5.815279341922734851e-02 1.204745186952618646e-01 1.940151068497657505e-01
1.959340716178490649e-01 2.404539809579490373e-01 1.969890565462035226e-01 1.202565945361014355e-01 5.892027643300654094e-02 1.620279499736494233e-03 -3.997882592242173183e-02 -5.417809791785662549e-02 -4.279172845585765134e-02 -5.238935271732813670e-04 5.828036464033735375e-02 1.210844572120850504e-01
1.273456256231796924e-01 1.969890565462035226e-01 2.652615154173997292e-01 1.929876702756642692e-01 1.205462065449183773e-01 6.114944950200171259e-02 1.727869052578742074e-03 -4.178618118460696029e-02 -5.845033280985854895e-02 -4.358533174067782262e-02 4.224831970388501072e-04 6.243691034619581331e-02
6.205917406022269656e-02 1.202565945361014355e-01 1.929876702756642692e-01 2.282222966600813696e-01 1.852041981893804146e-01 1.227517944176868825e-01 6.242927515040171821e-02 2.784963720561201526e-03 -4.384069986503404820e-02 -5.645919127214416022e-02 -4.192343984881272134e-02 1.380609000643343975e-03
1.875370721635451817e-03 5.892027643300654094e-02 1.205462065449183773e-01 1.852041981893804146e-01 2.375734229658482133e-01 1.971147764514561695e-01 1.242201352729083302e-01 6.026893591527769656e-02 -4.071300115522343346e-03 -4.527222002366666775e-02 -5.718962335105107903e-02 -4.189051904598894982e-02
-4.278383300945275830e-02 1.620279499736494233e-03 6.114944950200171259e-02 1.227517944176868825e-01 1.971147764514561695e-01 2.662652629244925961e-01 1.996052282888595153e-01 1.223639188881409934e-01 5.557667795630805152e-02 -6.573369392178782418e-03 -4.732381679285127540e-02 -5.859332269092600021e-02
-5.687102482952609284e-02 -3.997882592242173183e-02 1.727869052578742074e-03 6.242927515040171821e-02 1.242201352729083302e-01 1.996052282888595153e-01 2.510206446873328723e-01 1.923902114258410068e-01 1.196004985600731263e-01 5.465874438919672562e-02 -5.186493954620901778e-03 -4.543237661940669608e-02
-4.347278005421716107e-02 -5.417809791785662549e-02 -4.178618118460696029e-02 2.784963720561201526e-03 6.026893591527769656e-02 1.223639188881409934e-01 1.923902114258410068e-01 2.421810903787572911e-01 1.967278892230903686e-01 1.213391302055777388e-01 5.842210936794757503e-02 -1.610089322884507637e-03
-1.651083788501170845e-03 -4.279172845585765134e-02 -5.845033280985854895e-02 -4.384069986503404820e-02 -4.071300115522343346e-03 5.557667795630805152e-02 1.196004985600731263e-01 1.967278892230903686e-01 2.703078953548988528e-01 2.013321985097894506e-01 1.252211934900577250e-01 6.033426660738155922e-02
5.815279341922734851e-02 -5.238935271732813670e-04 -4.358533174067782262e-02 -5.645919127214416022e-02 -4.527222002366666775e-02 -6.573369392178782418e-03 5.465874438919672562e-02 1.213391302055777388e-01 2.013321985097894506e-01 2.545730055784383716e-01 1.958501133260636962e-01 1.211102586565663553e-01
1.204745186952618646e-01 5.828036464033735375e-02 4.224831970388501072e-04 -4.192343984881272134e-02 -5.718962335105107903e-02 -4.732381679285127540e-02 -5.186493954620901778e-03 5.842210936794757503e-02 1.252211934900577250e-01 1.958501133260636962e-01 2.466738224262208234e-01 1.901251334097302514e-01
