2.834438620109013263e-01 2.331176842747448297e-01 1.428157858712837958e-01 -1.804758334438301415e-02 -9.561213003510711517e-02 -5.920456104898901006e-02 9.080261102086047142e-03 6.653998242558822884e-02 8.376985688506247141e-02 3.981761631198152407e-02 -9.880900284647532728e-02 -2.960789097735080366e-01
2.331176842747448297e-01 2.792190004334966780e-01 2.615171562407136996e-01 1.070829593134665081e-01 -5.600029081403953141e-02 -8.814558317191364956e-02 -6.004040734044809036e-02 3.497050800090160255e-02 1.030388220560850693e-01 1.168381994936077278e-01 3.690987310848093533e-02 -1.423394037161341275e-01
1.428157858712837958e-01 2.615171562407136996e-01 3.667248902444660841e-01 3.146454299308661384e-01 9.640503254480528583e-02 -4.081625075890493726e-02 -9.720034924250738062e-02 -2.960471936616305977e-02 4.311840399075800995e-02 9.033293427890370930e-02 8.139705799313586010e-02 -1.685634520829287428e-02
-1.804758334438301415e-02 1.070829593134665081e-01 3.146454299308661384e-01 4.764740970923700969e-01 3.175938440411160135e-01 1.131676481551155689e-01 -2.092430443463233827e-02 -7.122453584114690761e-02 -7.238896695612330456e-02 -4.179796716780290883e-02 1.877539862304398663e-02 7.443510061908566178e-02
-9.561213003510711517e-02 -5.600029081403953141e-02 9.640503254480528583e-02 3.175938440411160135e-01 3.309819611326708655e-01 2.207964943176561889e-01 1.439635626131283153e-01 6.907512794881325892e-03 -7.751028731870301947e-02 -1.047752137898240454e-01 -5.949460527577526969e-02 5.171255590758736670e-02
-5.920456104898901006e-02 -8.814558317191364956e-02 -4.081625075890493726e-02 1.131676481551155689e-01 2.207964943176561889e-01 2.449509928477839882e-01 2.835329946427323500e-01 1.364117001046543098e-01 2.008507610610634972e-02 -5.046403811854141552e-02 -6.631825997009903328e-02 -1.373981094357743307e-02
9.080261102086047142e-03 -6.004040734044809036e-02 -9.720034924250738062e-02 -2.092430443463233827e-02 1.439635626131283153e-01 2.835329946427323500e-01 4.570302336054209436e-01 3.017964688170361454e-01 1.613605883425858478e-01 5.264967277749433433e-02 -3.354864763329062222e-02 -7.240933395666716843e-02
6.653998242558822884e-02 3.497050800090160255e-02 -2.960471936616305977e-02 -7.122453584114690761e-02 6.907512794881325892e-03 1.364117001046543098e-01 3.017964688170361454e-01 2.600853275399708231e-01 2.024217422235363717e-01 1.424203126304334210e-01 5.706284809197043756e-02 -4.661160368561621803e-02
8.376985688506247141e-02 1.030388220560850693e-01 4.311840399075800995e-02 -7.238896695612330456e-02 -7.751028731870301947e-02 2.008507610610634972e-02 1.613605883425858478e-01 2.024217422235363717e-01 2.218951219481502257e-01 2.152765430613858277e-01 1.521359349826452434e-01 1.828890173506112632e-02
3.981761631198152407e-02 1.168381994936077278e-01 9.033293427890370930e-02 -4.179796716780290883e-02 -1.047752137898240454e-01 -5.046403811854141552e-02 5.264967277749433433e-02 1.424203126304334210e-01 2.152765430613858277e-01 2.656029326617551645e-01 2.515101823001800185e-01 1.350526575003706542e-01
-9.880900284647532728e-02 3.690987310848093533e-02 8.139705799313586010e-02 1.877539862304398663e-02 -5.949460527577526969e-02 -6.631825997009903328e-02 -3.354864763329062222e-02 5.706284809197043756e-02 1.521359349826452434e-01 2.515101823001800185e-01 3.343426743607567087e-01 3.164530307381983043e-01
-2.960789097735080366e-01 -1.423394037161341275e-01 -1.685634520829287428e-02 7.443510061908566178e-02 5.171255590758736670e-02 -1.373981094357743307e-02 -7.240933395666716843e-02 -4.661160368561621803e-02 1.828890173506112632e-02 1.350526575003706542e-01 3.164530307381983043e-01 4.792489061222386937e-01
4.141352315604898138e-01 2.336941993654970684e-01 1.492146153058698799e-01 7.977166785268344218e-03 -8.493203881234386021e-02 -9.839053313629067543e-02 -3.415807028957010272e-02 4.267161373601334462e-02 9.511937640771822577e-02 7.693375764065708833e-02 -1.298424934877769055e-01 -3.260384797073510588e-01
2.336941993654970684e-01 1.958563385277741764e-01 2.277512257121361294e-01 1.253050263897301231e-01 1.626595595980569187e-02 -5.336521184534464418e-02 -5.839519509814708464e-02 -4.605309759719310170e-02 2.098736868811168846e-02 7.898395200812934058e-02 2.004083218491221462e-03 -1.301658678568692606e-01
1.492146153058698799e-01 2.277512257121361294e-01 3.989201924841486724e-01 3.125756307607282514e-01 1.662965068061298402e-01 2.347782716067183320e-02 -6.489436114922365884e-02 -1.199034206262476060e-01 -5.013315737631940383e-02 5.976504252354905566e-02 8.199814852670767040e-02 -1.062087114512433490e-02
7.977166785268344218e-03 1.253050263897301231e-01 3.125756307607282514e-01 3.220327303705931565e-01 2.534051492182874399e-01 1.445599935297761651e-01 2.600643516111048742e-02 -5.285381867799776590e-02 -5.959003897696599217e-02 -1.823879552670290560e-02 5.538026669928295537e-02 6.208745288726615075e-02
-8.493203881234386021e-02 1.626595595980569187e-02 1.662965068061298402e-01 2.534051492182874399e-01 2.915191569412982631e-01 2.540331157285810049e-01 1.410601203909133405e-01 7.455182639553012414e-02 -1.840550808971549990e-02 -7.933423643339183873e-02 -1.282892728941741750e-02 7.013556530387426990e-02
-9.839053313629067543e-02 -5.336521184534464418e-02 2.347782716067183320e-02 1.445599935297761651e-01 2.540331157285810049e-01 2.957144129526262377e-01 2.209312232224646122e-01 1.960504811801714042e-01 5.503246749014090167e-02 -8.177497694707974718e-02 -7.195315375955599335e-02 2.651598906574729672e-02
-3.415807028957010272e-02 -5.839519509814708464e-02 -6.489436114922365884e-02 2.600643516111048742e-02 1.410601203909133405e-01 2.209312232224646122e-01 2.140927927687516497e-01 2.489210224062533006e-01 1.300688653390660032e-01 -7.336417717708965634e-03 -7.704726354024983570e-02 -3.693050693036546706e-02
4.267161373601334462e-02 -4.605309759719310170e-02 -1.199034206262476060e-01 -5.285381867799776590e-02 7.455182639553012414e-02 1.960504811801714042e-01 2.489210224062533006e-01 3.640344468963926938e-01 2.605983970265516314e-01 1.231045442047778715e-01 -5.574948360993033786e-02 -9.878809803302723846e-02
9.511937640771822577e-02 2.098736868811168846e-02 -5.013315737631940383e-02 -5.959003897696599217e-02 -1.840550808971549990e-02 5.503246749014090167e-02 1.300688653390660032e-01 2.605983970265516314e-01 2.814511300578393937e-01 2.868166251099593111e-01 9.128925434498240399e-02 -5.815892025893100448e-02
7.693375764065708833e-02 7.898395200812934058e-02 5.976504252354905566e-02 -1.823879552670290560e-02 -7.933423643339183873e-02 -8.177497694707974718e-02 -7.336417717708965634e-03 1.231045442047778715e-01 2.868166251099593111e-01 5.033838467609391687e-01 3.317418165354910076e-01 7.983723782711846240e-02
-1.298424934877769055e-01 2.004083218491221462e-03 8.199814852670767040e-02 5.538026669928295537e-02 -1.282892728941741750e-02 -7.195315375955599335e-02 -7.704726354024983570e-02 -5.574948360993033786e-02 9.128925434498240399e-02 3.317418165354910076e-01 3.699661318762409445e-01 2.598806684398454747e-01
-3.260384797073510588e-01 -1.301658678568692606e-01 -1.062087114512433490e-02 6.208745288726615075e-02 7.013556530387426990e-02 2.651598906574729672e-02 -3.693050693036546706e-02 -9.878809803302723846e-02 -5.815892025893100448e-02 7.983723782711846240e-02 2.598806684398454747e-01 3.488935888029157661e-01
3.153795802414269822e-01 2.885503770040759863e-01 1.166584792358628248e-01 -1.738067811646113250e-02 -7.033220072945782497e-02 -4.061445618637105071e-02 3.669021270044153793e-02 6.867982130589275758e-02 7.518013691913795482e-02 -1.620133294573700491e-02 -1.459478633284061466e-01 -2.715697314375178362e-01
2.885503770040759863e-01 3.928970921577464859e-01 2.771573502611779372e-01 1.529458430885069498e-01 9.613515301616096242e-03 -8.450632368351429502e-02 -5.684603225614824618e-02 1.942072731218489126e-02 8.840564567624874248e-02 6.906301681729472286e-02 -2.058951904839258912e-02 -1.564134407226771828e-01
1.166584792358628248e-01 2.771573502611779372e-01 2.992912384580183049e-01 2.742330523422258359e-01 1.367303074879970548e-01 -2.325772768879993610e-02 -9.376176442117264975e-02 -5.459783329474642705e-02 1.060057640969679993e-03 5.784671620283918930e-02 6.889250288257846300e-02 1.332127750058865849e-02
-1.738067811646113250e-02 1.529458430885069498e-01 2.742330523422258359e-01 3.573301491665171747e-01 2.723150143200768758e-01 1.112043007602537131e-01 -5.011683588674374634e-02 -8.826681443320463782e-02 -8.424566131241056910e-02 5.241413641608560874e-03 8.955219029793198837e-02 1.106218209234019340e-01
-7.033220072945782497e-02 9.613515301616096242e-03 1.367303074879970548e-01 2.723150143200768758e-01 3.205016542448597683e-01 2.886880067611710121e-01 1.161611723574082489e-01 -1.775666921110060498e-02 -8.897392206029286488e-02 -5.457845334172121976e-02 2.025320372232990856e-02 7.949189158506192454e-02
-4.061445618637105071e-02 -8.450632368351429502e-02 -2.325772768879993610e-02 1.112043007602537131e-01 2.886880067611710121e-01 4.504646470957948123e-01 3.313291646408413338e-01 1.270434591678511194e-01 3.277713917482247968e-03 -6.604354666626413572e-02 -6.982425429234499770e-02 -2.717491940879776871e-02
3.669021270044153793e-02 -5.684603225614824618e-02 -9.376176442117264975e-02 -5.011683588674374634e-02 1.161611723574082489e-01 3.313291646408413338e-01 3.467001695473368450e-01 2.135944057994354495e-01 1.468415389269495386e-01 2.610145643751083516e-02 -6.522361199854895264e-02 -9.365530348975951991e-02
6.867982130589275758e-02 1.942072731218489126e-02 -5.459783329474642705e-02 -8.826681443320463782e-02 -1.775666921110060498e-02 1.270434591678511194e-01 2.135944057994354495e-01 2.047259880583726932e-01 2.385206123525743238e-01 1.436406809524968242e-01 2.530852397002838691e-02 -5.838354246768323597e-02
7.518013691913795482e-02 8.840564567624874248e-02 1.060057640969679993e-03 -8.424566131241056910e-02 -8.897392206029286488e-02 3.277713917482247968e-03 1.468415389269495386e-01 2.385206123525743238e-01 3.862315877575014378e-01 3.114493917099919740e-01 1.604216472558754325e-01 1.627640510236797247e-02
-1.620133294573700491e-02 6.906301681729472286e-02 5.784671620283918930e-02 5.241413641608560874e-03 -5.457845334172121976e-02 -6.604354666626413572e-02 2.610145643751083516e-02 1.436406809524968242e-01 3.114493917099919740e-01 3.242904624146110137e-01 2.454049091391878878e-01 1.393494221071543693e-01
-1.459478633284061466e-01 -2.058951904839258912e-02 6.889250288257846300e-02 8.955219029793198837e-02 2.025320372232990856e-02 -6.982425429234499770e-02 -6.522361199854895264e-02 2.530852397002838691e-02 1.604216472558754325e-01 2.454049091391878878e-01 2.757883895557030618e-01 2.534332282858204888e-01
-2.715697314375178362e-01 -1.564134407226771828e-01 1.332127750058865849e-02 1.106218209234019340e-01 7.949189158506192454e-02 -2.717491940879776871e-02 -9.365530348975951991e-02 -5.838354246768323597e-02 1.627640510236797247e-02 1.393494221071543693e-01 2.534332282858204888e-01 3.263990413021145565e-01
3.546064173551606302e-01 3.094894087856218667e-01 1.651018452049502483e-01 2.424887362355785878e-02 -7.068537344989159199e-02 -6.458656539356101567e-02 -7.072914568409889059e-03 5.707046303138520182e-02 8.189004875264907501e-02 -1.421274963804944509e-02 -1.504964295826105580e-01 -2.385822910174916767e-01
3.094894087856218667e-01 3.665858725283569486e-01 2.736809480504074910e-01 1.348227841620746603e-01 3.284779640867700051e-02 -5.442073664612083472e-02 -8.330497761169712578e-02 -1.557862776353313716e-02 6.626902196024453406e-02 6.754962221314965432e-02 4.401080406370819377e-05 -1.312169182679177870e-01
1.651018452049502483e-01 2.736809480504074910e-01 2.743078443499906149e-01 2.036297191588304356e-01 1.584135653162181967e-01 2.260386683299619309e-02 -8.170895184392316934e-02 -7.059127421632796495e-02 -5.277973228772334449e-03 7.032422185257644620e-02 8.818287338490592153e-02 -1.141395634281895145e-02
2.424887362355785878e-02 1.348227841620746603e-01 2.036297191588304356e-01 2.232825021896695517e-01 2.640174503762607316e-01 1.339318550889145587e-01 -1.798218583807422626e-03 -7.066571122400908123e-02 -7.033940822323522801e-02 2.040099667460546981e-02 9.004846507773846265e-02 5.732972384230431567e-02
-7.068537344989159199e-02 3.284779640867700051e-02 1.584135653162181967e-01 2.640174503762607316e-01 4.157464994386789181e-01 2.986870114971440504e-01 1.422709037338474314e-01 -2.634683643007318388e-02 -1.128678799003862004e-01 -4.161010819731463667e-02 5.327241203162945415e-02 8.486577300217704178e-02
-6.458656539356101567e-02 -5.442073664612083472e-02 2.260386683299619309e-02 1.339318550889145587e-01 2.986870114971440504e-01 3.118189302352029624e-01 2.740001868319050238e-01 1.125324357449538626e-01 -1.518563419153157353e-02 -6.412385333187653469e-02 -5.199573743938561837e-02 9.691816535301992636e-03
-7.072914568409889059e-03 -8.330497761169712578e-02 -8.170895184392316934e-02 -1.798218583807422626e-03 1.422709037338474314e-01 2.740001868319050238e-01 3.852449482820660687e-01 2.752809654106647130e-01 1.533321315217043845e-01 -2.497339697045812892e-02 -1.221622917179748524e-01 -7.567292587710904017e-02
5.707046303138520182e-02 -1.557862776353313716e-02 -7.059127421632796495e-02 -7.066571122400908123e-02 -2.634683643007318388e-02 1.125324357449538626e-01 2.752809654106647130e-01 2.971539943386559135e-01 2.891641414391090681e-01 1.054245419959964902e-01 -3.632075771012666793e-02 -7.348577310244693017e-02
8.189004875264907501e-02 6.626902196024453406e-02 -5.277973228772334449e-03 -7.033940822323522801e-02 -1.128678799003862004e-01 -1.518563419153157353e-02 1.533321315217043845e-01 2.891641414391090681e-01 4.291310562883082214e-01 2.860978785312155437e-01 1.399303216420204055e-01 -1.954607528596353019e-03
-1.421274963804944509e-02 6.754962221314965432e-02 7.032422185257644620e-02 2.040099667460546981e-02 -4.161010819731463667e-02 -6.412385333187653469e-02 -2.497339697045812892e-02 1.054245419959964902e-01 2.860978785312155437e-01 3.093007112941612013e-01 2.850299671844684912e-01 1.340514741693525635e-01
-1.504964295826105580e-01 4.401080406370819377e-05 8.818287338490592153e-02 9.004846507773846265e-02 5.327241203162945415e-02 -5.199573743938561837e-02 -1.221622917179748524e-01 -3.632075771012666793e-02 1.399303216420204055e-01 2.850299671844684912e-01 3.849678394618888388e-01 2.614727361498012659e-01
-2.385822910174916767e-01 -1.312169182679177870e-01 -1.141395634281895145e-02 5.732972384230431567e-02 8.486577300217704178e-02 9.691816535301992636e-03 -7.567292587710904017e-02 -7.348577310244693017e-02 -1.954607528596353019e-03 1.340514741693525635e-01 2.614727361498012659e-01 2.478533842378521646e-01
2.896998958394801371e-01 2.559014145040841015e-01 9.270522102399933462e-02 -5.635398806085845785e-02 -8.781717216706455553e-02 -7.671962664995216064e-02 7.581936098065419558e-03 8.414916715748776976e-02 8.735334627358737336e-02 4.025609231421202472e-02 -1.465238769534683017e-01 -2.681133818589465090e-01
2.559014145040841015e-01 3.502209812690899593e-01 3.095306482636761558e-01 1.106218917074184155e-01 -1.239956488129798258e-02 -7.163944385145570859e-02 -4.898793211927528896e-02 6.992084640106250096e-03 5.201643978227026011e-02 7.733240085778235462e-02 -5.108209002391322917e-02 -1.706868975772254382e-01
9.270522102399933462e-02 3.095306482636761558e-01 4.864273168391485269e-01 3.205692580284513760e-01 1.372083022614496439e-01 2.675597758740395904e-02 -5.682765430380337657e-02 -8.342180775364685386e-02 -4.097056610196887078e-02 2.214745987220861564e-02 5.925286229707135699e-02 2.509045230055589187e-02
-5.635398806085845785e-02 1.106218917074184155e-01 3.205692580284513760e-01 2.933637712688708099e-01 1.895540967944925326e-01 1.356889895405764546e-01 3.215221928314249827e-02 -5.005434081620366293e-02 -6.702256095904558786e-02 -4.930602844775470311e-02 6.952408507606776256e-02 1.178166260503799440e-01
-8.781717216706455553e-02 -1.239956488129798258e-02 1.372083022614496439e-01 1.895540967944925326e-01 1.835254539734674784e-01 2.134302979757712326e-01 1.437282146879239886e-01 4.871328330065129164e-02 -2.912556880416805258e-02 -7.429206852302286390e-02 2.185753933158005036e-02 9.184464278094177370e-02
-7.671962664995216064e-02 -7.163944385145570859e-02 2.675597758740395904e-02 1.356889895405764546e-01 2.134302979757712326e-01 3.444191743351733281e-01 3.086300760643355123e-01 1.936592904973478968e-01 3.737743662648268517e-02 -8.110082130013572532e-02 -3.607808138930922864e-02 3.669468051372178768e-02
7.581936098065419558e-03 -4.898793211927528896e-02 -5.682765430380337657e-02 3.215221928314249827e-02 1.437282146879239886e-01 3.086300760643355123e-01 3.443477008831162256e-01 2.746438593389156635e-01 1.185731353038276675e-01 -3.013429898752990194e-03 -6.824915861134539519e-02 -5.725622317741285022e-02
8.414916715748776976e-02 6.992084640106250096e-03 -8.342180775364685386e-02 -5.005434081620366293e-02 4.871328330065129164e-02 1.936592904973478968e-01 2.746438593389156635e-01 2.808320842496842551e-01 1.843787032561990391e-01 1.282735661638271518e-01 -3.863701797504456165e-02 -1.092741253871175322e-01
8.735334627358737336e-02 5.201643978227026011e-02 -4.097056610196887078e-02 -6.702256095904558786e-02 -2.912556880416805258e-02 3.737743662648268517e-02 1.185731353038276675e-01 1.843787032561990391e-01 2.041008656784769060e-01 2.875664495972047874e-01 8.272930283452910316e-02 -5.501358399857704529e-02
4.025609231421202472e-02 7.733240085778235462e-02 2.214745987220861564e-02 -4.930602844775470311e-02 -7.429206852302286390e-02 -8.110082130013572532e-02 -3.013429898752990194e-03 1.282735661638271518e-01 2.875664495972047874e-01 6.035686909205646433e-01 3.236276313997054066e-01 8.272937387624816619e-02
-1.465238769534683017e-01 -5.108209002391322917e-02 5.925286229707135699e-02 6.952408507606776256e-02 2.185753933158005036e-02 -3.607808138930922864e-02 -6.824915861134539519e-02 -3.863701797504456165e-02 8.272930283452910316e-02 3.236276313997054066e-01 3.097438249525732989e-01 2.388721504343756241e-01
-2.681133818589465090e-01 -1.706868975772254382e-01 2.509045230055589187e-02 1.178166260503799440e-01 9.184464278094177370e-02 3.669468051372178768e-02 -5.725622317741285022e-02 -1.092741253871175322e-01 -5.501358399857704529e-02 8.272937387624816619e-02 2.388721504343756241e-01 3.097502397903512117e-01
2.511079250607427538e-01 2.510428900147238518e-01 1.310221243157769500e-01 1.288820990492607794e-02 -6.407796073722187014e-02 -5.943904769587442238e-02 1.118176198863865371e-02 6.615899938368215161e-02 8.107838380282417212e-02 3.094781415106217029e-02 -1.150329928410432495e-01 -2.659738899119156730e-01
2.510428900147238518e-01 3.560583969834673068e-01 2.717713612456287287e-01 1.579316414989618833e-01 9.970282477245998379e-03 -8.324291301166542034e-02 -7.018943436903476996e-02 1.628156230788355141e-02 8.909853421985734767e-02 1.122186848535347975e-01 5.355098006324573653e-03 -1.658420541191809872e-01
1.310221243157769500e-01 2.717713612456287287e-01 2.899910157563423407e-01 2.664202687801400238e-01 1.391223273445305331e-01 -8.957659412910823349e-03 -9.045319348084415734e-02 -5.528455570974009914e-02 7.047972306430460437e-03 6.623976397379335856e-02 6.052158072486384099e-02 -1.971919286060793211e-02
1.288820990492607794e-02 1.579316414989618833e-01 2.664202687801400238e-01 3.567311461129584749e-01 2.890212076847883393e-01 1.273422846513103113e-01 -3.935886117842626875e-02 -9.232075367072115069e-02 -7.878774509667124670e-02 -2.085361154029049743e-02 6.052041496296715894e-02 8.434340578471342942e-02
-6.407796073722187014e-02 9.970282477245998379e-03 1.391223273445305331e-01 2.890212076847883393e-01 3.396296362595243590e-01 2.726367069386826936e-01 1.185257430431014003e-01 -2.153920618283787503e-02 -8.607809482205749929e-02 -8.521865988582211227e-02 3.437195493160573236e-03 8.927353520342605486e-02
-5.943904769587442238e-02 -8.324291301166542034e-02 -8.957659412910823349e-03 1.273422846513103113e-01 2.726367069386826936e-01 3.668791156323685243e-01 3.153526964257717946e-01 1.348117976947927343e-01 8.212784665243987384e-03 -6.667856814101982832e-02 -5.648956251740334944e-02 7.568037557232786504e-03
1.118176198863865371e-02 -7.018943436903476996e-02 -9.045319348084415734e-02 -3.935886117842626875e-02 1.185257430431014003e-01 3.153526964257717946e-01 4.066971586996583343e-01 2.688764061611770284e-01 1.485933167399255683e-01 4.116524079770157024e-02 -5.621335412159331191e-02 -8.458012886208471359e-02
6.615899938368215161e-02 1.628156230788355141e-02 -5.528455570974009914e-02 -9.232075367072115069e-02 -2.153920618283787503e-02 1.348117976947927343e-01 2.688764061611770284e-01 2.472810041338376896e-01 2.098707322863470892e-01 1.532693045671015830e-01 2.353580564906717146e-02 -8.111484625386436442e-02
8.107838380282417212e-02 8.909853421985734767e-02 7.047972306430460437e-03 -7.878774509667124670e-02 -8.607809482205749929e-02 8.212784665243987384e-03 1.485933167399255683e-01 2.098707322863470892e-01 2.552930140797769476e-01 2.671816460426409412e-01 1.392858014908886499e-01 -1.567145060419759470e-02
3.094781415106217029e-02 1.122186848535347975e-01 6.623976397379335856e-02 -2.085361154029049743e-02 -8.521865988582211227e-02 -6.667856814101982832e-02 4.116524079770157024e-02 1.532693045671015830e-01 2.671816460426409412e-01 3.700521469458418200e-01 2.890830912657852969e-01 1.278626247179549535e-01
-1.150329928410432495e-01 5.355098006324573653e-03 6.052158072486384099e-02 6.052041496296715894e-02 3.437195493160573236e-03 -5.648956251740334944e-02 -5.621335412159331191e-02 2.353580564906717146e-02 1.392858014908886499e-01 2.890830912657852969e-01 3.476714900487267168e-01 3.015363243889531697e-01
-2.659738899119156730e-01 -1.658420541191809872e-01 -1.971919286060793211e-02 8.434340578471342942e-02 8.927353520342605486e-02 7.568037557232786504e-03 -8.458012886208471359e-02 -8.111484625386436442e-02 -1.567145060419759470e-02 1.278626247179549535e-01 3.015363243889531697e-01 4.126079502867561755e-01
4.546222742706979569e-01 2.655934196929352620e-01 1.430223632574839365e-01 -9.492755467931466434e-03 -9.452887854692303138e-02 -9.281433745535042079e-02 -3.180095228807906793e-02 6.783404475801277367e-02 9.947156835014320242e-02 4.095442770734330357e-02 -1.266962934351109071e-01 -3.140971135194700614e-01
2.655934196929352620e-01 2.248678166793999511e-01 2.281496122481636579e-01 1.239117163325530457e-01 1.794648551283520993e-02 -4.768639074426844066e-02 -6.425916130125672310e-02 -9.463002592628912829e-03 5.739340094961702110e-02 7.971184250949608918e-02 9.839601678445043104e-03 -1.280994053430271062e-01
1.430223632574839365e-01 2.281496122481636579e-01 3.730434859718337326e-01 3.116936965418242722e-01 1.778167636006550978e-01 3.514684189102686845e-02 -6.924028538173188085e-02 -8.274292740726163498e-02 -7.213062565899483643e-03 7.188304991202140726e-02 8.640954861130227538e-02 -1.016167328268343826e-03
-9.492755467931466434e-03 1.239117163325530457e-01 3.116936965418242722e-01 3.408194151907391056e-01 2.645108940582585610e-01 1.378999497265502860e-01 1.806659389678898914e-02 -6.963466416166566586e-02 -6.476287873569852582e-02 -1.042472741895540678e-02 5.656659479207633984e-02 6.932355518340853340e-02
-9.452887854692303138e-02 1.794648551283520993e-02 1.778167636006550978e-01 2.645108940582585610e-01 2.766370634576201804e-01 2.179001677502933609e-01 1.415397043977046354e-01 1.576378414260835165e-02 -6.863864755306733900e-02 -8.157186872141748701e-02 -1.585950279747887562e-02 6.793959467865090529e-02
-9.281433745535042079e-02 -4.768639074426844066e-02 3.514684189102686845e-02 1.378999497265502860e-01 2.179001677502933609e-01 2.529187241315772328e-01 2.621207454098476441e-01 1.504892376957994715e-01 -2.749699836631648488e-03 -9.172294878153083864e-02 -7.631494647577095891e-02 1.675586714890953122e-02
-3.180095228807906793e-02 -6.425916130125672310e-02 -6.924028538173188085e-02 1.806659389678898914e-02 1.415397043977046354e-01 2.621207454098476441e-01 3.819359755497188091e-01 3.214309281046656142e-01 1.264516699607747263e-01 -2.864186226371168847e-02 -9.233799404493786556e-02 -4.675893289520029888e-02
6.783404475801277367e-02 -9.463002592628912829e-03 -8.274292740726163498e-02 -6.963466416166566586e-02 1.576378414260835165e-02 1.504892376957994715e-01 3.214309281046656142e-01 3.783243258015125954e-01 2.563427287960329259e-01 1.276301024433170173e-01 2.576811060277777593e-03 -6.596056012069136110e-02
9.947156835014320242e-02 5.739340094961702110e-02 -7.213062565899483643e-03 -6.476287873569852582e-02 -6.863864755306733900e-02 -2.749699836631648488e-03 1.264516699607747263e-01 2.563427287960329259e-01 2.840288933027908524e-01 2.656436414448738459e-01 1.556983733582267548e-01 4.534876166460956532e-04
4.095442770734330357e-02 7.971184250949608918e-02 7.188304991202140726e-02 -1.042472741895540678e-02 -8.157186872141748701e-02 -9.172294878153083864e-02 -2.864186226371168847e-02 1.276301024433170173e-01 2.656436414448738459e-01 3.638876002260371112e-01 3.077743529166125924e-01 1.211649444571585715e-01
-1.266962934351109071e-01 9.839601678445043104e-03 8.640954861130227538e-02 5.656659479207633984e-02 -1.585950279747887562e-02 -7.631494647577095891e-02 -9.233799404493786556e-02 2.576811060277777593e-03 1.556983733582267548e-01 3.077743529166125924e-01 3.579674050119845963e-01 2.516542196438528167e-01
-3.140971135194700614e-01 -1.280994053430271062e-01 -1.016167328268343826e-03 6.932355518340853340e-02 6.793959467865090529e-02 1.675586714890953122e-02 -4.675893289520029888e-02 -6.596056012069136110e-02 4.534876166460956532e-04 1.211649444571585715e-01 2.516542196438528167e-01 3.109470204060989507e-01
4.202356392822184095e-01 2.952919676644414904e-01 8.480317087794847497e-02 -7.118403279321797172e-02 -7.916503536892632864e-02 -4.306061154859007478e-02 1.841834738514238831e-02 5.096732398850116474e-02 8.433189484703404459e-02 1.274563582697632591e-02 -1.314048137233442270e-01 -3.197209484000592128e-01
2.952919676644414904e-01 3.176299537545623775e-01 2.512925047243904642e-01 1.276245569030999283e-01 1.228720024815524448e-02 -4.873978459434685079e-02 -6.356172924610829778e-02 5.109953359616817639e-03 7.328303296719093640e-02 6.886608959558737642e-02 -2.734909427017500477e-02 -1.659948942434536223e-01
8.480317087794847497e-02 2.512925047243904642e-01 3.862049334398107714e-01 3.495778495092967120e-01 1.508777168314353323e-01 9.156929332831600238e-03 -8.712929190275092717e-02 -4.752409428915832512e-02 -1.010879161273300908e-02 4.142749581970527062e-02 5.198042714915490636e-02 2.677908614081375011e-02
-7.118403279321797172e-02 1.276245569030999283e-01 3.495778495092967120e-01 4.121916682416294497e-01 2.316919792660940003e-01 1.046065627186116009e-01 9.960268794892903764e-05 -4.421642951714110231e-02 -7.567733471783032184e-02 -2.642394905004424865e-02 5.798979823867164707e-02 1.227541492335816470e-01
-7.916503536892632864e-02 1.228720024815524448e-02 1.508777168314353323e-01 2.316919792660940003e-01 1.850392528414492865e-01 1.726422386412174714e-01 1.512039299608747278e-01 2.704726691766984326e-02 -5.300027476490647843e-02 -6.164692541073801130e-02 2.323823317548461519e-03 6.854696389901425435e-02
-4.306061154859007478e-02 -4.873978459434685079e-02 9.156929332831600238e-03 1.046065627186116009e-01 1.726422386412174714e-01 2.829968065650004805e-01 3.573951576995124668e-01 1.304168897747356726e-01 4.951223985306871939e-03 -7.169254344426061187e-02 -5.133821691002288246e-02 -7.677580733198519948e-03
1.841834738514238831e-02 -6.356172924610829778e-02 -8.712929190275092717e-02 9.960268794892903764e-05 1.512039299608747278e-01 3.573951576995124668e-01 5.354821527192004105e-01 2.370466723989079760e-01 1.091631599837734473e-01 -1.843454654005238780e-02 -6.872575340757371143e-02 -7.582269328351967652e-02
5.096732398850116474e-02 5.109953359616817639e-03 -4.752409428915832512e-02 -4.421642951714110231e-02 2.704726691766984326e-02 1.304168897747356726e-01 2.370466723989079760e-01 1.515058591985357916e-01 1.703467299646135302e-01 1.212691434695509218e-01 2.638520708447329027e-02 -3.704221254300377880e-02
8.433189484703404459e-02 7.328303296719093640e-02 -1.010879161273300908e-02 -7.567733471783032184e-02 -5.300027476490647843e-02 4.951223985306871939e-03 1.091631599837734473e-01 1.703467299646135302e-01 3.574820645740436342e-01 3.636957246239361785e-01 1.669430921680508106e-01 1.564899538602891257e-02
1.274563582697632591e-02 6.886608959558737642e-02 4.142749581970527062e-02 -2.642394905004424865e-02 -6.164692541073801130e-02 -7.169254344426061187e-02 -1.843454654005238780e-02 1.212691434695509218e-01 3.636957246239361785e-01 4.405431537549869825e-01 2.511242767075647642e-01 1.130935027771126922e-01
-1.314048137233442270e-01 -2.734909427017500477e-02 5.198042714915490636e-02 5.798979823867164707e-02 2.323823317548461519e-03 -5.133821691002288246e-02 -6.872575340757371143e-02 2.638520708447329027e-02 1.669430921680508106e-01 2.511242767075647642e-01 2.041954283691980176e-01 1.902315843548513519e-01
-3.197209484000592128e-01 -1.659948942434536223e-01 2.677908614081375011e-02 1.227541492335816470e-01 6.854696389901425435e-02 -7.677580733198519948e-03 -7.582269328351967652e-02 -3.704221254300377880e-02 1.564899538602891257e-02 1.130935027771126922e-01 1.902315843548513519e-01 3.064930872593624178e-01
2.500588503772025462e-01 2.417061827951274555e-01 1.524186524029242928e-01 -1.722660601099296890e-02 -1.033934704671451987e-01 -6.657270204629113508e-02 2.897511407894428487e-02 9.585247762872928234e-02 6.673436430176227230e-02 -6.054603467805455552e-02 -1.734172866852581596e-01 -1.918772249209330927e-01
2.417061827951274555e-01 3.228746848060080055e-01 3.163978076743660939e-01 1.109194301610434280e-01 -5.136642697987215539e-02 -9.601558593093909022e-02 -4.023066198927015280e-02 3.734733299071170409e-02 7.377745590673259746e-02 2.135878935592620820e-02 -6.583203344022393877e-02 -1.312877955403409513e-01
1.524186524029242928e-01 3.163978076743660939e-01 4.530658778644024443e-01 2.927037183335921555e-01 1.076617839602466986e-01 -3.526763195602974910e-02 -8.311609406342297668e-02 -5.822210258915155173e-02 1.505834842858250026e-02 6.961366386323071531e-02 5.811392831550139804e-02 -2.307338356236273910e-02
-1.722660601099296890e-02 1.109194301610434280e-01 2.927037183335921555e-01 3.202951847655505779e-01 2.695341909430093996e-01 1.370113642052911973e-01 -6.662349270422222077e-04 -7.896476606233286677e-02 -6.659178034513671407e-02 2.151972841501838957e-02 8.577228511350291906e-02 6.655169523724877023e-02
-1.033934704671451987e-01 -5.136642697987215539e-02 1.076617839602466986e-01 2.695341909430093996e-01 3.701084989564496497e-01 3.055971119759953725e-01 1.413561815893173979e-01 -7.508717122272156631e-03 -8.678602627733358887e-02 -5.036536890210529388e-02 2.705668995735689697e-02 7.239770535915740490e-02
-6.657270204629113508e-02 -9.601558593093909022e-02 -3.526763195602974910e-02 1.370113642052911973e-01 3.055971119759953725e-01 3.538922332011649741e-01 2.602617642647543361e-01 1.330925915265430692e-01 -3.270258181355516821e-03 -7.702245327997285507e-02 -6.605999203936598063e-02 2.480820661221298535e-04
2.897511407894428487e-02 -4.023066198927015280e-02 -8.311609406342297668e-02 -6.662349270422222077e-04 1.413561815893173979e-01 2.602617642647543361e-01 2.919026885305070484e-01 2.611506715435528148e-01 1.432747195195301360e-01 -1.833157163646290805e-02 -1.016840485532073124e-01 -7.279978731291335270e-02
9.585247762872928234e-02 3.734733299071170409e-02 -5.822210258915155173e-02 -7.896476606233286677e-02 -7.508717122272156631e-03 1.330925915265430692e-01 2.611506715435528148e-01 3.491633430438222385e-01 3.046330961704751816e-01 1.148347317519994304e-01 -4.203658299870555864e-02 -8.644385998200589116e-02
6.673436430176227230e-02 7.377745590673259746e-02 1.505834842858250026e-02 -6.659178034513671407e-02 -8.678602627733358887e-02 -3.270258181355516821e-03 1.432747195195301360e-01 3.046330961704751816e-01 3.913568850996976822e-01 2.822870829120045499e-01 1.297988105446065410e-01 3.053281634589074568e-03
-6.054603467805455552e-02 2.135878935592620820e-02 6.961366386323071531e-02 2.151972841501838957e-02 -5.036536890210529388e-02 -7.702245327997285507e-02 -1.833157163646290805e-02 1.148347317519994304e-01 2.822870829120045499e-01 3.453481970600272843e-01 2.964046423166410982e-01 1.472372891762578906e-01
-1.734172866852581596e-01 -6.583203344022393877e-02 5.811392831550139804e-02 8.577228511350291906e-02 2.705668995735689697e-02 -6.605999203936598063e-02 -1.016840485532073124e-01 -4.203658299870555864e-02 1.297988105446065410e-01 2.964046423166410982e-01 3.559428593930433204e-01 2.355024026925361114e-01
-1.918772249209330927e-01 -1.312877955403409513e-01 -2.307338356236273910e-02 6.655169523724877023e-02 7.239770535915740490e-02 2.480820661221298535e-04 -7.279978731291335270e-02 -8.644385998200589116e-02 3.053281634589074568e-03 1.472372891762578906e-01 2.355024026925361114e-01 1.959906969021432965e-01
4.582150398390280044e-01 3.545663839054778999e-01 1.286401219342723223e-01 2.990121117384623821e-03 -6.631675248710847126e-02 -6.063303094099743717e-02 1.410744168372730575e-02 6.469611522905072132e-02 5.817889867484433292e-02 -9.050622491858114488e-03 -1.209615717174371968e-01 -2.616629560905027740e-01
3.545663839054778999e-01 3.879658606706598012e-01 2.221071051494695192e-01 1.335126187757114669e-01 6.492994760149403688e-02 -2.207401609170808049e-02 -7.170219210265085796e-02 -1.458157299008109621e-02 6.044448585594380807e-02 9.261590984747605781e-02 3.082795820994293709e-02 -1.199728984565343742e-01
1.286401219342723223e-01 2.221071051494695192e-01 1.864833232899751891e-01 1.779991022984390991e-01 1.585040057333252927e-01 5.566949475755951504e-02 -7.292985978775975986e-02 -7.326414560756315530e-02 -3.975395740575516333e-03 7.080024071222758286e-02 8.174179257056199410e-02 1.183765841623760258e-02
2.990121117384623821e-03 1.335126187757114669e-01 1.779991022984390991e-01 2.330279574692607492e-01 2.626240427848269277e-01 1.572925968990404044e-01 -3.504007053365518209e-02 -1.062389447949596000e-01 -6.449967565450720475e-02 2.718527306427137927e-02 8.798458583362747665e-02 7.656371468663093760e-02
-6.631675248710847126e-02 6.492994760149403688e-02 1.585040057333252927e-01 2.626240427848269277e-01 3.587852773998359557e-01 2.937591332542797140e-01 8.444558102864438420e-02 -7.737637244152349714e-02 -1.011784259924062290e-01 -3.369616816733560921e-02 5.042977859915497713e-02 8.794706674858775164e-02
-6.063303094099743717e-02 -2.207401609170808049e-02 5.566949475755951504e-02 1.572925968990404044e-01 2.937591332542797140e-01 3.739404986304079581e-01 3.038227360063478488e-01 9.029362205811743147e-02 -3.984422566426017165e-02 -7.753926762913802839e-02 -4.208514306593338222e-02 1.545755087725421417e-02
1.410744168372730575e-02 -7.170219210265085796e-02 -7.292985978775975986e-02 -3.504007053365518209e-02 8.444558102864438420e-02 3.038227360063478488e-01 4.793112515253213912e-01 3.153791541391707254e-01 1.279346501964041261e-01 -2.476098878819446569e-02 -9.391797895859652079e-02 -7.844855906360977127e-02
6.469611522905072132e-02 -1.458157299008109621e-02 -7.326414560756315530e-02 -1.062389447949596000e-01 -7.737637244152349714e-02 9.029362205811743147e-02 3.153791541391707254e-01 3.193451688721190562e-01 2.417228573837418293e-01 1.264284337784629675e-01 1.195656832240834730e-02 -5.249224034766648839e-02
5.817889867484433292e-02 6.044448585594380807e-02 -3.975395740575516333e-03 -6.449967565450720475e-02 -1.011784259924062290e-01 -3.984422566426017165e-02 1.279346501964041261e-01 2.417228573837418293e-01 3.010428098714245104e-01 2.784096318800581837e-01 1.677617746642716123e-01 4.131903781434036194e-02
-9.050622491858114488e-03 9.261590984747605781e-02 7.080024071222758286e-02 2.718527306427137927e-02 -3.369616816733560921e-02 -7.753926762913802839e-02 -2.476098878819446569e-02 1.264284337784629675e-01 2.784096318800581837e-01 3.610921608124653126e-01 2.930442728941430874e-01 1.524825068211187185e-01
-1.209615717174371968e-01 3.082795820994293709e-02 8.174179257056199410e-02 8.798458583362747665e-02 5.042977859915497713e-02 -4.208514306593338222e-02 -9.391797895859652079e-02 1.195656832240834730e-02 1.677617746642716123e-01 2.930442728941430874e-01 3.009974459312938500e-01 2.180913711805876898e-01
-2.616629560905027740e-01 -1.199728984565343742e-01 1.183765841623760258e-02 7.656371468663093760e-02 8.794706674858775164e-02 1.545755087725421417e-02 -7.844855906360977127e-02 -5.249224034766648839e-02 4.131903781434036194e-02 1.524825068211187185e-01 2.180913711805876898e-01 2.397932056881927898e-01
4.216722378768436030e-01 2.931332871062529710e-01 1.123978992414834399e-01 6.977203596228176170e-04 -5.430685498239774117e-02 -6.557193407196426627e-02 -4.497857262838045322e-02 2.467999951756784383e-02 8.195520269790126933e-02 2.658520578196136089e-02 -1.122940319489711403e-01 -3.301674842487837824e-01
2.931332871062529710e-01 3.235404239298384499e-01 2.280421599472942651e-01 1.700335945238993784e-01 4.717564061036434719e-02 -4.842746241422297981e-02 -1.025398132487295721e-01 -5.023281450761277883e-02 5.590974763219788701e-02 9.736531855033858651e-02 3.093019566010334412e-02 -1.207057754835359209e-01
1.123978992414834399e-01 2.280421599472942651e-01 2.448972732901038563e-01 2.721649374459630955e-01 1.531638878174439999e-01 3.744688375206153830e-02 -5.038651182267732398e-02 -6.678201971727169839e-02 -1.596643954731159429e-02 5.749267824637721569e-02 7.476191330106485289e-02 3.409736844555078666e-02
6.977203596228176170e-04 1.700335945238993784e-01 2.721649374459630955e-01 3.886725918747289676e-01 2.763190989942843623e-01 1.514121676907170255e-01 4.400979481709977464e-02 -4.959194571918346811e-02 -7.884545166013140483e-02 -6.320169134792391272e-03 7.091941863866903228e-02 1.115799368011211185e-01
-5.430685498239774117e-02 4.717564061036434719e-02 1.531638878174439999e-01 2.763190989942843623e-01 2.494911512960751032e-01 2.001296034705202509e-01 1.516210545200746274e-01 3.665137339460462773e-02 -6.665668625796267177e-02 -6.643502954121539850e-02 -1.006415334060212956e-03 6.801057120046578863e-02
-6.557193407196426627e-02 -4.842746241422297981e-02 3.744688375206153830e-02 1.514121676907170255e-01 2.001296034705202509e-01 2.369627895181080912e-01 2.635800528956396827e-01 1.501924162608784807e-01 -6.267568676828217875e-03 -9.287319679120738247e-02 -6.983030423217881366e-02 -5.602695055740086576e-03
-4.497857262838045322e-02 -1.025398132487295721e-01 -5.038651182267732398e-02 4.400979481709977464e-02 1.516210545200746274e-01 2.635800528956396827e-01 3.783972528746311070e-01 2.915206792060058283e-01 1.170159838919621886e-01 -5.907248147403601490e-02 -1.051635617711716708e-01 -7.588388478912648505e-02
2.467999951756784383e-02 -5.023281450761277883e-02 -6.678201971727169839e-02 -4.959194571918346811e-02 3.665137339460462773e-02 1.501924162608784807e-01 2.915206792060058283e-01 3.258098896667809274e-01 2.793273253490999308e-01 1.060893315140558485e-01 -2.052471842666044391e-02 -7.681382935569738835e-02
8.195520269790126933e-02 5.590974763219788701e-02 -1.596643954731159429e-02 -7.884545166013140483e-02 -6.665668625796267177e-02 -6.267568676828217875e-03 1.170159838919621886e-01 2.793273253490999308e-01 4.322796840465181201e-01 3.256039727325162891e-01 1.421316833018237413e-01 2.777286148149755822e-03
2.658520578196136089e-02 9.736531855033858651e-02 5.749267824637721569e-02 -6.320169134792391272e-03 -6.643502954121539850e-02 -9.287319679120738247e-02 -5.907248147403601490e-02 1.060893315140558485e-01 3.256039727325162891e-01 3.528984460932641509e-01 2.382076348090699791e-01 1.346220035098821821e-01
-1.122940319489711403e-01 3.093019566010334412e-02 7.476191330106485289e-02 7.091941863866903228e-02 -1.006415334060212956e-03 -6.983030423217881366e-02 -1.051635617711716708e-01 -2.052471842666044391e-02 1.421316833018237413e-01 2.382076348090699791e-01 2.422827022605529568e-01 2.489133974903550151e-01
