7.736043253079530335e-02 7.389418856464244345e-02 8.288773385046556419e-02 9.510042480905006590e-02 8.494321597907301957e-02 8.712320523136374284e-02 8.604193182552884178e-02 7.200987680558082471e-02 7.770430380976109386e-02 7.908787680382450835e-02 9.787008347026074362e-02 8.597672631965377898e-02
9.686067767752791491e-02 9.268726871440903514e-02 9.114807281159743868e-02 7.626832306383585225e-02 7.732947631024282564e-02 7.974411749440200869e-02 8.107419544353240692e-02 8.865500438290868646e-02 7.394130542900380354e-02 7.669047746851420655e-02 7.560666520987130435e-02 8.999441599415480830e-02
1.158300599899159677e-01 7.973552419508861400e-02 6.954962077205542603e-02 6.914072758585990131e-02 7.393864587163093138e-02 7.793232706761984985e-02 7.722752973778830576e-02 7.636419224004736828e-02 7.436011623347230093e-02 7.835579998102193411e-02 9.362640351316117715e-02 1.139390528123382096e-01
9.067416071907369313e-02 8.726482432577301052e-02 7.891281836001604044e-02 8.421939338165683464e-02 8.906408967265083687e-02 9.076150896976832583e-02 7.665760941378135795e-02 8.276137175821410286e-02 8.110645432123386733e-02 8.011979908846514342e-02 7.486962431936611262e-02 8.358834567000064664e-02
1.056371125686758755e-01 9.819096142613839562e-02 7.899795988503739708e-02 6.974939702259387586e-02 6.930316297778774115e-02 7.323422007351479412e-02 7.979073246351921223e-02 7.586833742535012415e-02 7.340112826387698575e-02 9.057722176640442546e-02 8.938970244774958884e-02 9.586006367935165362e-02
8.972198789866905888e-02 8.515390937931922866e-02 8.722145386372444353e-02 8.635606553258153018e-02 7.401468047426887353e-02 6.914454496605559886e-02 8.128185961462869313e-02 8.086539176976206833e-02 8.037879932838333519e-02 8.956750754391168412e-02 8.367730805074569123e-02 9.261649157794996090e-02
8.374588001868385478e-02 6.142025586671417958e-02 5.389298654977126013e-02 6.780111512927224082e-02 9.001154436046868157e-02 1.048757967317878459e-01 9.487253780013894799e-02 8.703452297604179211e-02 8.007160404580933311e-02 8.496951571574665185e-02 9.400890441200077108e-02 9.729533639356441332e-02
9.161148833171563199e-02 7.908296561667071956e-02 7.250407217527471415e-02 8.548695057717158041e-02 1.024994652298650694e-01 9.454603109301149000e-02 8.610050703465015054e-02 9.999506566493057691e-02 9.205247869664501259e-02 5.919249279657506912e-02 5.776635646166531496e-02 7.916212632182464959e-02
9.602324673103948549e-02 8.568928213233129032e-02 6.976115973354826694e-02 6.712649961841020418e-02 8.957621171891011480e-02 1.011677915402876687e-01 9.619788744188556562e-02 8.425553346869656124e-02 7.478350642987531549e-02 7.456818214239868681e-02 7.185466846254698337e-02 8.899603058007002354e-02
5.882937721843740919e-02 5.573088556659831772e-02 6.279925632010779912e-02 7.426228174403363969e-02 8.582728608893624989e-02 8.280851413911011205e-02 9.465419499556300409e-02 1.075404193661133739e-01 1.068569826788687699e-01 9.119940825216760194e-02 9.442612831503424675e-02 8.506526531502936472e-02
9.401718466003317065e-02 7.708427343125784370e-02 7.664535684937295867e-02 8.536819139006501800e-02 9.085728308566991263e-02 8.745356205540494310e-02 6.837547953544606538e-02 7.891874780934486633e-02 9.102372102116643160e-02 8.112564757238184543e-02 7.668336750057516693e-02 9.244718508928206901e-02
8.350970389570977481e-02 9.080117233262058329e-02 8.153296530019979449e-02 7.699720220379742408e-02 7.962122763125405178e-02 1.047369421379125976e-01 9.757336980781042279e-02 8.955875845539135183e-02 7.240921334588126812e-02 6.875523821040052663e-02 7.852249894592504276e-02 7.598170773309710635e-02
6.419068156511983925e-02 7.261559702400008365e-02 8.758695810759913047e-02 8.584457519325118524e-02 8.881934209779930589e-02 8.829943540195162033e-02 8.251882127366749753e-02 7.901956046613707596e-02 8.624185442318943462e-02 9.018083396892101478e-02 8.958862190734988296e-02 8.509371857101424852e-02
1.007070943076182196e-01 8.420231131847025208e-02 7.606961765093657457e-02 7.660145351226391175e-02 7.462975489674927854e-02 8.001590864009275328e-02 7.643398108381938005e-02 9.256994551704489371e-02 8.115821971142292424e-02 7.483512264237857092e-02 8.647275964896875000e-02 9.630383107023465783e-02
8.364237679755329169e-02 7.423100019665662685e-02 7.347988235372439336e-02 7.015437343175950913e-02 8.439719141666053581e-02 1.074956784281126676e-01 1.077635222090467804e-01 9.441620755840572643e-02 7.192681223680255642e-02 7.496316843935665886e-02 7.601200918757816671e-02 8.151777774434315615e-02
8.493968909998661498e-02 7.507956408440702445e-02 7.648222829385564747e-02 1.016811778690592249e-01 9.538708383806010493e-02 1.006323259181227114e-01 9.189272069230233764e-02 7.184947598726339202e-02 7.645576318867566834e-02 7.700407579402554492e-02 6.456449790892826446e-02 8.403139732531368644e-02
7.539237513148203118e-02 8.445379609222947170e-02 1.026555464236218462e-01 8.603597604048214553e-02 8.306856874766752052e-02 7.730964693150876865e-02 6.645724692200359607e-02 5.929451404743409093e-02 7.235225260918801138e-02 1.019457808470188437e-01 1.042596637617275168e-01 8.677463244563611566e-02
9.218405337366003538e-02 8.926602505048701619e-02 8.367227704121912857e-02 8.316745894863042388e-02 7.279355434970190275e-02 5.549999152593435015e-02 5.733450746253515584e-02 7.621672917347285803e-02 9.344288245711057650e-02 1.142723865852025567e-01 9.186150846747198617e-02 9.028862556457398214e-02
7.217195487700424350e-02 6.839017663941385217e-02 7.744355622896480218e-02 8.065308426900352767e-02 7.417667171911124235e-02 8.111916344225832132e-02 9.451251053266743196e-02 9.049001171900877827e-02 1.044523894533461866e-01 1.016308052067445705e-01 8.345214699690881033e-02 7.150752891556824697e-02
8.435753104645535294e-02 9.142764305234736544e-02 9.321183235254779098e-02 9.085249313781576519e-02 8.518472252554669388e-02 8.587636197692069540e-02 8.878925365485315635e-02 7.666779534319553835e-02 6.974196481472999531e-02 8.187272531915587570e-02 7.638074501862063270e-02 7.563693175781149858e-02
1.063160876922647213e-01 1.010222065037573169e-01 9.069857768179059865e-02 1.039425162555130816e-01 9.629552378951752867e-02 7.792248901450432585e-02 6.963874974197480083e-02 5.991381170414310925e-02 5.829463762818695022e-02 6.955956116222042351e-02 7.301608394665067003e-02 9.337975487947636211e-02
8.954394947995905629e-02 9.344465337099554236e-02 8.232240412153866982e-02 7.974987271566373603e-02 7.049000840326169470e-02 6.479783456581240941e-02 6.832362642483670589e-02 6.378253754172609480e-02 8.541997523857368380e-02 1.069167406485127675e-01 1.059414462170021332e-01 8.926695127211740910e-02
6.429551304088063080e-02 6.240392545013358910e-02 7.937690473435871086e-02 7.634864629519082235e-02 7.603464942680812633e-02 8.953871907736715707e-02 9.769408767171408603e-02 8.711381964301653791e-02 8.670703952345891474e-02 1.035840675112028181e-01 1.027008959369390129e-01 7.420173168892969795e-02
8.965504162159460000e-02 7.906336030863553299e-02 7.662296615092646646e-02 8.611333567919762788e-02 9.051887088770875500e-02 7.688678425868054889e-02 7.840526054410126844e-02 6.777584042416821830e-02 6.259192481745806669e-02 8.150237244750407895e-02 1.053428754569347425e-01 1.055213674030899274e-01
7.713166412104000003e-02 9.619591997105253478e-02 1.203693617507762825e-01 1.127541651791488103e-01 8.582888026344526189e-02 5.598472693953041729e-02 5.529886253689156317e-02 7.163138346183892113e-02 8.151486329412410692e-02 8.915321044175712750e-02 7.914294188530625329e-02 7.499402015508897790e-02
7.276233315873224805e-02 6.598795239554683389e-02 8.895405275052017946e-02 9.699127959438788582e-02 8.541807872018788994e-02 7.100420847284338866e-02 8.559428850596563498e-02 9.197226987895362749e-02 9.566883528997516262e-02 8.341562976822536335e-02 8.102624041210525208e-02 8.120483105255671408e-02
8.598762401946433154e-02 7.834965545375470464e-02 8.236334010499068992e-02 7.107437780608447109e-02 6.997880989741314672e-02 7.679159040693278593e-02 8.239238678108828928e-02 7.990803880403074544e-02 7.443725487247654371e-02 8.514823719152045389e-02 1.050228854705839709e-01 1.085457991916602832e-01
9.604385950116624271e-02 1.094325007040361092e-01 1.031593236048722745e-01 8.456946224532711776e-02 9.112823748600659690e-02 9.589197357902454200e-02 1.075238522864966073e-01 9.698820521494977420e-02 6.757412701110275532e-02 4.531218130873496813e-02 4.104710162091249059e-02 6.132917543737087529e-02
8.049915446430500054e-02 6.453128265196585167e-02 6.965525879578812751e-02 1.010015179258205720e-01 1.052931147217245622e-01 7.075572356126649809e-02 6.298018942243938101e-02 6.649800523396674767e-02 8.477177020621884385e-02 1.078497106906179392e-01 9.703023140320654605e-02 8.913404092268015222e-02
8.301837455149352341e-02 9.765787805384083808e-02 7.953440053204763327e-02 7.219180187551064998e-02 7.136453928785384260e-02 8.665488405472125677e-02 9.189119651623102458e-02 7.944305839938781144e-02 7.348454725048768343e-02 7.768768601896709758e-02 9.295428346290798838e-02 9.411734999655084477e-02
7.371343162339683008e-02 8.090729091567008813e-02 8.293059042639325251e-02 1.031916481319787027e-01 9.501136635141602116e-02 9.470822939795328632e-02 7.991587834992155970e-02 7.604876141372482468e-02 7.510638984432300991e-02 7.937593565485781544e-02 8.510303437742497423e-02 7.398744351293949639e-02
7.341317498708496703e-02 1.059595804669223318e-01 9.757517393290948693e-02 8.628250829788020049e-02 9.209943818838176033e-02 9.597604240101695328e-02 8.661602835287469937e-02 7.235581381023145631e-02 6.831743877848818480e-02 8.132986553275672881e-02 7.308716086977307125e-02 6.698777438168007636e-02
9.730840738633073084e-02 7.343615530479782882e-02 6.259519408828853604e-02 7.616813412529536975e-02 9.291398162561693985e-02 1.015913995300330858e-01 9.491774924595135221e-02 7.228264894766572857e-02 6.558322104772047745e-02 7.102138046437066199e-02 9.628139506523254731e-02 9.590033316869679691e-02
9.566315764397778643e-02 7.365491958805453487e-02 9.066021152249142956e-02 1.072973105518151837e-01 9.733763952991225654e-02 7.904119963974706731e-02 7.948130349005236295e-02 6.887395059802653430e-02 7.046977116874508784e-02 6.873564616891245094e-02 7.843747907869635938e-02 9.034741101956902942e-02
7.553349886838237048e-02 7.157232759666212751e-02 8.332464798690644714e-02 8.577754897638009690e-02 8.485612685171425862e-02 9.044771891090300220e-02 7.935540951564631906e-02 7.186730085429593462e-02 7.909131651699978505e-02 8.955929515964614063e-02 9.824738157927417892e-02 9.036742718318940826e-02
5.628234805796583640e-02 6.235356250294327163e-02 7.712554945503259651e-02 8.487100945980094457e-02 8.866890283512576798e-02 7.663039010938021978e-02 7.936209840867745891e-02 9.235441439521392681e-02 8.335375344343483317e-02 1.105729067005800648e-01 1.051538435493792056e-01 8.327122108246598486e-02
9.142790578521420297e-02 8.392306963148546406e-02 1.154226714968730749e-01 9.287595200237086512e-02 6.811511117752958033e-02 4.937409451969003438e-02 6.156509912542512675e-02 6.741323715737534972e-02 8.512964562514267752e-02 8.511170912033594327e-02 9.494782485840873310e-02 1.046936795001493087e-01
9.146677607099469587e-02 8.302603046269832476e-02 8.134488071577622437e-02 9.295624588138337585e-02 9.467501122474911157e-02 9.017227827366573745e-02 8.829573367543659679e-02 7.599898212679676024e-02 6.584824701261704494e-02 7.382356449500346307e-02 7.374979676439075149e-02 8.864245329648783034e-02
7.904898757020396849e-02 8.703139633769441108e-02 7.287717297696438834e-02 8.719103490339791263e-02 9.618949197734905088e-02 8.486590531139209803e-02 7.453454774750936651e-02 8.518910139136734450e-02 9.008154157100901893e-02 8.794449970337336886e-02 7.891679572557089295e-02 7.612952478416837310e-02
6.150519296578038642e-02 4.527403160688837913e-02 6.254136347781513727e-02 9.448101705618348889e-02 1.064105832745235736e-01 9.958534455761600124e-02 8.254561551022973620e-02 7.187418160180726601e-02 8.122550184119969874e-02 9.346208116249915543e-02 1.043519354860368287e-01 9.674315145942047334e-02
8.366276973789008031e-02 8.422929212401991661e-02 8.469923974526000210e-02 9.853452401057298526e-02 9.753382632475286751e-02 9.048916433479295418e-02 8.296851242153577277e-02 7.868734136327902584e-02 6.413959631625276714e-02 6.819398375656487987e-02 8.210416370590133128e-02 8.475758615917776406e-02
8.963638288079371630e-02 9.240002495278236416e-02 9.132199968486216790e-02 7.513133979757967429e-02 6.808059876167367463e-02 6.640605223962718628e-02 6.465974502865784457e-02 8.580070749866550162e-02 9.525286344986036435e-02 9.213178943728882186e-02 9.339499102353088222e-02 8.578350524467795446e-02
9.867780929340286278e-02 1.024578603824321255e-01 9.002476577534407332e-02 7.056855422600019634e-02 6.501928077975906162e-02 6.536208350090946806e-02 7.871723480974482379e-02 8.734469727385318905e-02 8.247734289276423270e-02 9.084479331443168215e-02 8.259054823160782988e-02 8.591502951975026059e-02
7.732752783114921202e-02 9.129483065260611541e-02 9.987615572689499677e-02 7.696366905911898593e-02 6.562572118552811862e-02 6.565093105732099088e-02 7.767365545030600893e-02 9.017664806283498535e-02 1.002637355648934997e-01 8.525413753807117856e-02 9.310728438244612881e-02 7.678570348883011210e-02
7.605066224738746272e-02 6.989526228112308281e-02 6.022460916827929167e-02 7.286228745449419009e-02 7.656137028288254043e-02 1.024615857318555839e-01 9.464860816359076112e-02 8.467644429311446674e-02 8.605983885460626037e-02 8.701989286702942195e-02 1.012973043680036184e-01 8.824213428763323652e-02
8.964282808708171069e-02 8.936186719891039965e-02 8.373313722807090853e-02 7.924336704128714937e-02 7.593705239883329072e-02 7.089390120016611507e-02 7.457859373001382575e-02 9.266377292577279712e-02 1.000981286849433327e-01 9.500394295721806270e-02 6.866655144212321926e-02 8.017685710557928558e-02
9.967641406860516806e-02 8.509908345631427007e-02 8.480502008407245218e-02 8.557384965929810960e-02 7.926031822826534734e-02 7.484952746094093723e-02 7.789021112928871948e-02 8.079979684519536520e-02 7.056449899816202853e-02 7.620410586330104985e-02 9.151188132231655170e-02 9.376529288423998687e-02
9.163260352886754001e-02 7.276107336079365440e-02 6.517093733167850234e-02 7.469097608085890905e-02 9.050803618361463743e-02 8.765442461741768110e-02 9.929024920493401130e-02 9.860422429051463045e-02 7.834549009744032344e-02 6.687685980674745734e-02 8.020589052320382939e-02 9.425923497392896255e-02
8.885017097957777221e-02 7.832528073432985793e-02 7.633624361657183333e-02 8.366703468837681512e-02 8.338822003257526094e-02 7.739351119729981354e-02 8.631609477262706942e-02 8.402458220385791710e-02 7.921897840292921322e-02 8.002105829424877026e-02 8.568457225176048797e-02 9.677425282584525834e-02
7.258161481436430085e-02 8.777568475603783615e-02 7.988724723494283753e-02 8.025980189853162972e-02 8.560495306069212940e-02 7.685451950897954909e-02 7.022958435081691486e-02 6.113016572363143275e-02 7.883989330884039193e-02 1.082860503472877212e-01 1.094099409572579923e-01 8.914054403861736142e-02
9.312114957308709196e-02 9.568318388518866346e-02 8.492884311453191559e-02 7.517836008616511634e-02 8.079653265782917038e-02 8.120126390533538574e-02 6.835918375969592120e-02 7.577699665939315044e-02 7.178796910258106179e-02 7.520420959377713266e-02 9.270878830801103365e-02 1.052535193544042735e-01
8.583151598439058005e-02 8.891867713992691880e-02 8.963308595376587307e-02 9.116341593119760278e-02 8.441651788760051733e-02 6.993072256905608075e-02 7.064853788124812739e-02 7.944391274874143538e-02 9.293115562623072146e-02 9.261265999321094400e-02 7.318412411623467784e-02 8.128567416839657667e-02
8.629761500413242470e-02 8.625136542902353542e-02 8.482738039488742221e-02 7.949371091873622119e-02 7.834154648546896860e-02 7.062909800015489126e-02 7.689505403615295998e-02 8.929169117826023239e-02 8.243012788163925353e-02 7.884378378875030180e-02 8.609901564391642115e-02 1.005996112388773261e-01
7.335979784040651264e-02 8.546138925595272995e-02 9.309663590471682626e-02 8.306443067496190047e-02 9.045033638632772599e-02 8.332329470381291681e-02 7.771879362459337137e-02 9.371239810928787273e-02 1.052926735785378876e-01 9.530554992621693977e-02 5.686068609831942955e-02 6.235401389686591467e-02
9.578839533130545369e-02 8.367336431436545041e-02 8.540312464158181238e-02 8.638887390380772802e-02 8.798154067255628541e-02 9.900821494419442814e-02 8.469937222573276081e-02 7.799900691719548196e-02 6.409368199925316589e-02 5.992022366506771086e-02 7.713151167530073182e-02 9.791268970963883100e-02
6.501851616977941117e-02 8.182700451895610905e-02 7.977278163946413536e-02 8.822602459309557277e-02 8.020719435808801312e-02 8.456951414027590042e-02 8.375969530092354509e-02 8.506415102724233790e-02 1.071029256774393423e-01 9.889543826541444260e-02 8.111600739404661864e-02 6.444074691527451604e-02
6.932354516521956056e-02 6.939951374388270144e-02 6.902543195914498386e-02 7.061859102099315999e-02 9.177473305532282688e-02 9.901523753702362596e-02 8.995644974101707492e-02 9.643541681505293783e-02 9.558442624508468877e-02 9.443404177975162073e-02 8.428826272779206541e-02 7.014435020971508672e-02
9.588681646428881544e-02 1.135497568817258190e-01 9.768553389579452684e-02 9.938515507159732809e-02 9.300058967619527495e-02 7.664406034728005190e-02 7.532573757771701684e-02 7.486848106680957238e-02 6.831210973740071968e-02 5.694451096954479541e-02 6.949482907641624241e-02 7.890241923523029499e-02
7.952580573614684289e-02 7.651406645490829717e-02 7.748197141335039229e-02 8.144749784906908652e-02 8.646381706601578843e-02 8.043474591377820782e-02 7.240944442780580803e-02 8.861623255532385945e-02 9.606132102473607937e-02 8.670884018472471699e-02 8.589009983342846266e-02 8.844615754071216696e-02
9.051258175466711520e-02 8.560314418093492583e-02 8.296450348234560290e-02 8.551294966676865894e-02 9.365277886183023814e-02 9.786030820719565648e-02 9.776129444616102337e-02 7.008636618767599691e-02 6.367417024947355508e-02 7.318704432539890892e-02 8.316799443993942720e-02 7.601686419760886326e-02
6.949602397764967354e-02 5.936475490594353421e-02 6.895048732035405359e-02 9.771426394098764456e-02 9.675842922884511643e-02 8.779486385670845494e-02 7.991107299302670219e-02 8.091424617750370141e-02 7.671933035091868525e-02 9.175041318871490770e-02 9.591568457741031506e-02 9.471042948193744704e-02
7.414825017864742907e-02 7.540430725683505697e-02 8.106609561511639306e-02 7.605853590388300667e-02 7.585284226899198512e-02 7.925789534847355045e-02 7.346417739867330821e-02 7.661814181104589783e-02 9.883732124820140963e-02 1.011174980726047001e-01 1.017748312594534688e-01 8.640010363807412719e-02
6.977863986199006607e-02 6.897537462619732218e-02 7.377702289598961349e-02 9.088418472350587307e-02 9.289954860264409975e-02 8.497217984751062603e-02 6.749927599331903560e-02 7.848632914223724333e-02 1.016026463696390048e-01 1.042764881575354019e-01 7.924157443114504540e-02 8.760673534828677944e-02
7.345772990293378268e-02 7.725682371413337968e-02 9.114591698067711634e-02 1.089702758992115994e-01 1.073420596137519556e-01 9.866920262413805820e-02 8.418920238691371405e-02 6.957083755509743672e-02 6.548713777641300415e-02 6.272763677975497221e-02 7.558852835942182768e-02 8.559464840755304227e-02
8.144620659112571104e-02 6.394267465457798005e-02 6.741150951002403136e-02 8.333120012546584021e-02 9.397762568313686171e-02 8.319746233402139368e-02 7.106965732928026414e-02 7.162137261583406689e-02 8.082917569904241040e-02 1.029166484746089072e-01 9.511822579748552275e-02 1.051382411853975379e-01
8.469289657477321875e-02 8.099138763416516285e-02 8.583023073420265048e-02 7.796759405949142685e-02 7.913075376684537698e-02 8.230051507761343421e-02 7.251882072666201995e-02 7.696625545600524476e-02 7.733785825151263948e-02 9.602620765002432834e-02 9.561921464022078709e-02 9.061826542848376576e-02
6.517123035829545941e-02 8.514770254391883231e-02 9.953932927009762066e-02 8.378504586758786510e-02 7.240015030498021809e-02 6.471178400551416687e-02 7.809971541112679938e-02 7.838696717842329187e-02 8.264498848582202406e-02 1.007890749445826684e-01 1.009365357937585805e-01 8.838747583589269541e-02
5.139550272723814039e-02 5.854792812998389773e-02 7.779781378315825391e-02 8.282771769473573631e-02 9.526090713632390239e-02 9.061600857798296493e-02 7.766404977320032210e-02 8.747321738912514077e-02 1.017078895294341312e-01 1.169291808281133493e-01 1.032747491373663395e-01 5.650503529333812669e-02
8.105168491480300996e-02 9.291397651709143446e-02 8.056589944211280108e-02 7.282462191926211692e-02 7.568105028181935923e-02 8.195092453086973150e-02 8.162708384156353025e-02 8.543225154975100932e-02 9.028047840842529093e-02 9.457791892928935074e-02 8.266486305450732042e-02 8.042924661050512847e-02
8.162937258844142618e-02 6.648896429968072230e-02 7.341778498904941164e-02 1.008293564317487429e-01 1.011221929558899502e-01 9.937689105096114695e-02 8.647386451940357321e-02 7.558976944384449004e-02 7.688040529480782981e-02 7.270123963889398022e-02 7.687018192728062305e-02 8.861997685999836727e-02
8.631335513743722265e-02 8.703157861328289502e-02 7.441960472665591630e-02 6.985692310495228430e-02 6.428844347588852370e-02 6.596000577074756510e-02 7.634633317843877998e-02 7.722744695078666288e-02 8.723385985141139665e-02 9.805765240478170330e-02 1.153035999720032068e-01 9.796119681361364906e-02
6.353755974996674882e-02 7.479087351189800392e-02 7.874526970249703939e-02 7.824910724458516986e-02 8.179894404094242844e-02 1.037877703898030246e-01 1.155110450802630806e-01 1.075446132231979990e-01 9.233205870012561878e-02 7.608517857286764552e-02 6.402848162983612590e-02 6.358909815401711518e-02
7.467277772699981719e-02 8.529584660959341202e-02 9.142874060100150690e-02 8.404904251342697197e-02 7.357536295671449067e-02 8.378339158604840298e-02 8.636688290812920277e-02 1.022604394152173968e-01 1.072997025947703825e-01 7.640029284223483208e-02 6.726087931239227435e-02 6.760664093347132364e-02
8.568086379428004051e-02 8.609900882852544735e-02 9.081536798678468969e-02 1.028663257776996215e-01 8.640235382736677350e-02 7.423291999536515973e-02 7.046674424537668902e-02 8.289422250016667548e-02 7.827016985296218754e-02 7.833596941368212163e-02 7.461279105808873990e-02 8.932326271970175702e-02
7.809969694240929960e-02 8.903501952933161323e-02 8.033396052247464281e-02 6.601789534159512030e-02 7.066450644738687947e-02 8.216745038542719315e-02 8.721877020576682127e-02 9.569506528073931650e-02 9.023119465165438391e-02 9.725296319468398898e-02 8.727976202204033862e-02 7.600371547649056869e-02
7.605507849702619616e-02 8.393459419172955016e-02 9.414629188965668860e-02 9.407413387710995833e-02 9.319790746748336796e-02 8.876596713460419008e-02 7.065159519617694728e-02 7.059881465066975004e-02 7.998986457140297435e-02 7.794101416179541331e-02 8.988689854271772472e-02 8.075783981962725289e-02
9.781458154370695213e-02 9.330708408972279710e-02 9.008040325318387997e-02 9.133367111854470699e-02 6.928116183560364960e-02 6.926097262655191156e-02 8.193281862863573128e-02 8.836370819524157205e-02 9.408965277303939223e-02 8.212745675038037041e-02 6.342275127327817730e-02 7.898573791211102590e-02
7.165669305253008492e-02 8.402318143843251486e-02 9.918935986337493182e-02 1.059613246321621238e-01 8.498980111967627260e-02 9.427406567422078054e-02 8.901762095075141379e-02 8.760484409458196842e-02 7.302691457131046948e-02 6.311433592399930126e-02 6.882895693681786997e-02 7.831290174214233790e-02
7.005543152659150785e-02 8.582917726482519605e-02 8.804078350056532276e-02 9.575142276202623648e-02 8.587906976331123599e-02 8.241871802346420472e-02 8.098812069710598083e-02 9.175840335971184591e-02 8.431985343382643328e-02 8.380815886258284608e-02 8.458470854674304817e-02 6.656615225924630841e-02
8.088478352121783455e-02 8.583825298898913048e-02 8.880264564611403677e-02 7.043135925821211729e-02 7.919381697895996886e-02 8.433028436343124878e-02 8.297804020757061638e-02 9.337620756481104789e-02 8.973659825627099129e-02 8.831503946956242856e-02 7.839219851742176837e-02 7.772077322743899119e-02
6.862359832734088450e-02 7.455287745234717711e-02 9.530330154840521706e-02 9.078781765982235630e-02 9.162042697072442232e-02 7.903979551565749884e-02 7.948240170200580879e-02 8.628363268883373904e-02 9.581851497488205749e-02 1.062147802384431211e-01 7.447730955073753045e-02 5.779554337080043680e-02
1.015771037638535934e-01 9.998302595696811901e-02 9.395293384080813381e-02 8.489936016136892527e-02 9.123690555957046644e-02 8.106672105426951380e-02 6.789555506892111514e-02 6.874052929772514475e-02 7.153090218523631971e-02 6.570921807953428173e-02 7.676064340120773710e-02 9.664710163053710779e-02
8.059532949679522329e-02 7.535312736171984049e-02 7.994995302861486464e-02 7.862792834350773585e-02 7.466627902834521713e-02 7.379660779551022731e-02 9.210849025694103909e-02 1.103133512257005733e-01 1.018153441506564061e-01 9.468989297913850411e-02 7.161413315831904880e-02 6.646956317475152809e-02
8.798006727857958509e-02 7.968424092742812381e-02 7.177447678272885767e-02 8.456784616152882017e-02 7.097441977721175022e-02 6.386693514728608578e-02 7.391084403088812871e-02 8.041979585888038573e-02 9.284687823667921169e-02 8.937442208847382052e-02 1.007965097891556361e-01 1.038035639211598582e-01
9.060161939391897512e-02 7.759129267210249092e-02 7.881176647333740237e-02 7.743795974931381998e-02 8.116369983044216529e-02 7.928874129172663876e-02 8.531900407542045150e-02 7.979475057415505446e-02 7.057269291353758522e-02 7.802000190276064950e-02 8.868000939980608122e-02 1.127184617234790326e-01
8.270118274962567906e-02 6.312840671647028390e-02 7.396058380870008941e-02 9.491043367686267940e-02 8.207140141776290976e-02 6.433595607098656355e-02 6.445253132056899537e-02 8.208639276091499182e-02 8.918684407162039141e-02 8.522117485476471410e-02 9.820873856364595311e-02 1.197363539880766659e-01
7.815693677610335843e-02 7.971836406849364121e-02 9.772443254127063939e-02 1.001189833008284819e-01 7.862419945404210131e-02 6.247946016002952491e-02 6.351844075922892519e-02 8.385505335795270798e-02 9.223513290944559961e-02 9.909451122226425879e-02 8.508288908780746451e-02 7.939159636253344254e-02
8.763744354637911793e-02 9.744282017600838786e-02 9.488128652785798867e-02 8.928999212977961619e-02 7.538951192415031810e-02 7.103778492152471036e-02 8.447454532186628173e-02 8.554643049837575008e-02 7.837649174015762221e-02 7.042765082688391687e-02 7.833555507820252894e-02 8.716048730881423290e-02
9.748099309952695801e-02 1.020508678048510781e-01 9.657223358164768179e-02 9.112072047639627193e-02 8.270520694906323411e-02 7.219606675697902431e-02 6.407654664620138218e-02 7.098167394909653261e-02 6.777095371760490095e-02 7.780010776628125402e-02 8.514713283667460497e-02 9.209749641567734069e-02
7.343198367376754798e-02 7.528369634993602177e-02 8.181713431521532576e-02 8.285918388013775726e-02 9.026518955652101939e-02 1.055112446599054399e-01 1.020065871068422253e-01 1.094213763772379777e-01 8.354695345281201724e-02 6.086812005095215000e-02 6.080112010139491346e-02 7.418741047527756260e-02
9.901530011677037169e-02 8.261103217141868571e-02 6.260843852816590227e-02 6.728353941636529278e-02 6.633445963145119528e-02 7.087868467377601844e-02 8.948813870856153763e-02 9.577906602585470330e-02 9.080512383638958407e-02 7.987782626714511058e-02 8.973551942817920013e-02 1.055828711959225369e-01
1.038089860657264440e-01 8.960776960527058743e-02 8.223287634191396578e-02 6.563829035516181853e-02 6.987233837066773867e-02 7.700909151007559461e-02 7.870497412016409788e-02 1.002417997700001118e-01 8.075782887467949922e-02 7.384811502260950344e-02 7.727871624671674156e-02 1.009992137170137305e-01
5.933051170295675081e-02 7.322547437527632264e-02 8.216442492411793475e-02 1.031642001552939975e-01 1.070935878748684178e-01 8.048088793057360524e-02 8.547859319080397533e-02 8.624071692800827638e-02 8.895368874354536715e-02 8.996151870902624470e-02 7.298499670874064593e-02 7.092139875678851735e-02
7.800679924452794123e-02 7.753480898050199577e-02 7.995807272566399226e-02 8.887213510738853350e-02 8.731470865877924425e-02 9.263404329824333205e-02 9.118889369803315215e-02 8.786572532425362958e-02 7.811688263573526858e-02 7.747912342995182111e-02 8.197541900585539332e-02 7.905338789106558517e-02
7.700736494249556252e-02 7.886411760101347257e-02 8.346741200695600993e-02 9.649593637793894840e-02 8.767310724499760566e-02 8.688646653031041611e-02 8.638924922550141050e-02 8.678802536708424276e-02 7.396044079269040172e-02 7.353552078451609797e-02 7.586285400025992443e-02 9.306950512623607397e-02
9.496968591333700138e-02 9.100010585187073842e-02 8.403203252122901090e-02 9.857019403333520946e-02 8.208522648590396709e-02 6.165077032622799658e-02 5.957950162265563537e-02 6.386513932204304633e-02 8.576995952144479685e-02 1.058306931228750747e-01 8.746281534370284327e-02 8.518387593537482538e-02
6.589840606049232608e-02 8.804812932941773196e-02 1.089122844297300829e-01 1.146317009117992503e-01 9.566906741466417452e-02 6.492049521040721416e-02 6.585899755037144532e-02 7.610804928663959801e-02 9.747013248154227927e-02 7.717720526220206434e-02 7.923619759613909075e-02 6.606933446659503384e-02
6.737440045691633905e-02 6.974272292297746534e-02 9.340466218229877271e-02 8.374689427675381659e-02 7.717535570475514417e-02 8.014211401863385875e-02 9.639729524698104068e-02 9.176934727735017172e-02 8.829371437876940010e-02 8.999750122962210663e-02 8.704181321900392176e-02 7.491417908593792085e-02
8.896375219834438963e-02 7.322186898034334368e-02 7.645475244376301327e-02 7.866762400485742546e-02 9.217114720806332540e-02 8.389768185757895402e-02 7.535935437211779830e-02 7.916680740858424159e-02 8.458317348158984894e-02 7.960536252097752397e-02 8.651518635706444138e-02 1.013932891667159997e-01
8.505558275042263139e-02 8.676795560054362255e-02 7.859580951316808006e-02 8.075268424787303279e-02 8.460014980712857180e-02 8.376677012425345903e-02 7.797499370971988641e-02 7.101747896796442583e-02 8.035792229131930031e-02 9.846097981373569397e-02 8.553471627782058273e-02 8.711495689605078252e-02
