7.736043253079530335e-02 7.330535212062291861e-02 7.203988873384364888e-02 7.098955870313669592e-02 6.288067104556739617e-02 6.103273466980013023e-02 6.067360835599311386e-02 5.814682293868313895e-02 6.414119982207851234e-02 6.895912538528482794e-02 8.085139468880286895e-02 7.951198517317037417e-02
7.330535212062291861e-02 7.389418856464244345e-02 7.595721971844814069e-02 7.663704343783805939e-02 6.783735594523371271e-02 6.437248081960100787e-02 6.148959266113802891e-02 5.606273589196519858e-02 5.914098073824731322e-02 6.196217582478798225e-02 7.227560538681974955e-02 7.239396490594937617e-02
7.203988873384364888e-02 7.595721971844814069e-02 8.288773385046556419e-02 8.670863748194976295e-02 7.787625533395425848e-02 7.354421232534215369e-02 6.848991768484757880e-02 5.973173773577886148e-02 5.989405331920752418e-02 6.027069440279288204e-02 6.887682197571909359e-02 6.931193193526247187e-02
7.098955870313669592e-02 7.663704343783805939e-02 8.670863748194976295e-02 9.510042480905006590e-02 8.782227444497901769e-02 8.401957549787936186e-02 7.783993561434160435e-02 6.619514466550319165e-02 6.382397587834809372e-02 6.159308236597354352e-02 6.822962947054483918e-02 6.785888311975379894e-02
6.288067104556739617e-02 6.783735594523371271e-02 7.787625533395425848e-02 8.782227444497901769e-02 8.494321597907301957e-02 8.391887731014170682e-02 7.894267104549895775e-02 6.694403239150846507e-02 6.331837378728670529e-02 5.912771302905321658e-02 6.322972404196247620e-02 6.113266295665378824e-02
6.103273466980013023e-02 6.437248081960100787e-02 7.354421232534215369e-02 8.401957549787936186e-02 8.391887731014170682e-02 8.712320523136374284e-02 8.456860525015452712e-02 7.285260306485277781e-02 6.898577110258108380e-02 6.335780979819950753e-02 6.584175491268631775e-02 6.143736417914379827e-02
6.067360835599311386e-02 6.148959266113802891e-02 6.848991768484757880e-02 7.783993561434160435e-02 7.894267104549895775e-02 8.456860525015452712e-02 8.604193182552884178e-02 7.659912090264742179e-02 7.410265477136727952e-02 6.836943704700644553e-02 7.023391026746944599e-02 6.364614507658261644e-02
5.814682293868313895e-02 5.606273589196519858e-02 5.973173773577886148e-02 6.619514466550319165e-02 6.694403239150846507e-02 7.285260306485277781e-02 7.659912090264742179e-02 7.200987680558082471e-02 7.265530822779900366e-02 6.872475386003232267e-02 7.108641630283711599e-02 6.335231133388524727e-02
6.414119982207851234e-02 5.914098073824731322e-02 5.989405331920752418e-02 6.382397587834809372e-02 6.331837378728670529e-02 6.898577110258108380e-02 7.410265477136727952e-02 7.265530822779900366e-02 7.770430380976109386e-02 7.639314395006180369e-02 8.063381351739949687e-02 7.165585955159317622e-02
6.895912538528482794e-02 6.196217582478798225e-02 6.027069440279288204e-02 6.159308236597354352e-02 5.912771302905321658e-02 6.335780979819950753e-02 6.836943704700644553e-02 6.872475386003232267e-02 7.639314395006180369e-02 7.908787680382450835e-02 8.620195456738435902e-02 7.750756562597461985e-02
8.085139468880286895e-02 7.227560538681974955e-02 6.887682197571909359e-02 6.822962947054483918e-02 6.322972404196247620e-02 6.584175491268631775e-02 7.023391026746944599e-02 7.108641630283711599e-02 8.063381351739949687e-02 8.620195456738435902e-02 9.787008347026074362e-02 8.998599764485751273e-02
7.951198517317037417e-02 7.239396490594937617e-02 6.931193193526247187e-02 6.785888311975379894e-02 6.113266295665378824e-02 6.143736417914379827e-02 6.364614507658261644e-02 6.335231133388524727e-02 7.165585955159317622e-02 7.750756562597461985e-02 8.998599764485751273e-02 8.597672631965377898e-02
9.686067767752791491e-02 9.234501059938551859e-02 8.628334229039119618e-02 7.295648799846185528e-02 6.704609814769901810e-02 6.343086044211015961e-02 6.203657716786321885e-02 6.587745534993985630e-02 6.453456397793386201e-02 7.206717565630132993e-02 7.839655950167889742e-02 9.105455981361286477e-02
9.234501059938551859e-02 9.268726871440903514e-02 8.950836546183876807e-02 7.679688606023313269e-02 7.042638891245170396e-02 6.536425304320722662e-02 6.194023967227460514e-02 6.354275672202464031e-02 6.035972560545178889e-02 6.601787730540399635e-02 7.156496478995141852e-02 8.420602211700491113e-02
8.628334229039119618e-02 8.950836546183876807e-02 9.114807281159743868e-02 8.099149290188251138e-02 7.583343576720522061e-02 7.057890152344349632e-02 6.588800923463929149e-02 6.570601110799206834e-02 6.005751945858411878e-02 6.316857483519325300e-02 6.665716725218556737e-02 7.773230785990914438e-02
7.295648799846185528e-02 7.679688606023313269e-02 8.099149290188251138e-02 7.626832306383585225e-02 7.453464933884887400e-02 7.106966958837612758e-02 6.669963123345792888e-02 6.565204733818527649e-02 5.804173694009653189e-02 5.828863705698843906e-02 5.873644343572949345e-02 6.632056206098389806e-02
6.704609814769901810e-02 7.042638891245170396e-02 7.583343576720522061e-02 7.453464933884887400e-02 7.732947631024282564e-02 7.661908069550374401e-02 7.335897279346506594e-02 7.234379498746422443e-02 6.270624978767891378e-02 6.059869941904195284e-02 5.807761526369762534e-02 6.260412477699821288e-02
6.343086044211015961e-02 6.536425304320722662e-02 7.057890152344349632e-02 7.106966958837612758e-02 7.661908069550374401e-02 7.974411749440200869e-02 7.874801609237858102e-02 7.883213544101956571e-02 6.814234883236211515e-02 6.457199227743154468e-02 5.963829105372239064e-02 6.147353044756204143e-02
6.203657716786321885e-02 6.194023967227460514e-02 6.588800923463929149e-02 6.669963123345792888e-02 7.335897279346506594e-02 7.874801609237858102e-02 8.107419544353240692e-02 8.328482053186848921e-02 7.283040624293157794e-02 6.893977270433424009e-02 6.253695417239515941e-02 6.242567350672848653e-02
6.587745534993985630e-02 6.354275672202464031e-02 6.570601110799206834e-02 6.565204733818527649e-02 7.234379498746422443e-02 7.883213544101956571e-02 8.328482053186848921e-02 8.865500438290868646e-02 7.934685003827081362e-02 7.620379003070404389e-02 6.919921761010727757e-02 6.814512740916442435e-02
6.453456397793386201e-02 6.035972560545178889e-02 6.005751945858411878e-02 5.804173694009653189e-02 6.270624978767891378e-02 6.814234883236211515e-02 7.283040624293157794e-02 7.934685003827081362e-02 7.394130542900380354e-02 7.339122696821981373e-02 6.809794800818202987e-02 6.756716264211662382e-02
7.206717565630132993e-02 6.601787730540399635e-02 6.316857483519325300e-02 5.828863705698843906e-02 6.059869941904195284e-02 6.457199227743154468e-02 6.893977270433424009e-02 7.620379003070404389e-02 7.339122696821981373e-02 7.669047746851420655e-02 7.396589928052021978e-02 7.521350383971198150e-02
7.839655950167889742e-02 7.156496478995141852e-02 6.665716725218556737e-02 5.873644343572949345e-02 5.807761526369762534e-02 5.963829105372239064e-02 6.253695417239515941e-02 6.919921761010727757e-02 6.809794800818202987e-02 7.396589928052021978e-02 7.560666520987130435e-02 8.017014552870591060e-02
9.105455981361286477e-02 8.420602211700491113e-02 7.773230785990914438e-02 6.632056206098389806e-02 6.260412477699821288e-02 6.147353044756204143e-02 6.242567350672848653e-02 6.814512740916442435e-02 6.756716264211662382e-02 7.521350383971198150e-02 8.017014552870591060e-02 8.999441599415480830e-02
1.158300599899159677e-01 9.334898592700197062e-02 8.029126885057215335e-02 7.185786212413577956e-02 6.754037606717516740e-02 6.533691119504170253e-02 6.404650052335456034e-02 6.571862846836928895e-02 7.010610274544876175e-02 7.977640203799574170e-02 9.557269829824556473e-02 1.120080695452697062e-01
9.334898592700197062e-02 7.973552419508861400e-02 7.184909418608348419e-02 6.625236542837942277e-02 6.302565685198882606e-02 6.065879705535669186e-02 5.821273471645081743e-02 5.764293053960385660e-02 5.878586339344023248e-02 6.412239029922633948e-02 7.494731463873399724e-02 8.789098111279033954e-02
8.029126885057215335e-02 7.184909418608348419e-02 6.954962077205542603e-02 6.736328616011476311e-02 6.591700675896139394e-02 6.401639023210319024e-02 6.085448612218369996e-02 5.853398112289229932e-02 5.684797046698710637e-02 5.841513959724870669e-02 6.497862311632134069e-02 7.463052960134115843e-02
7.185786212413577956e-02 6.625236542837942277e-02 6.736328616011476311e-02 6.914072758585990131e-02 7.010311194677901203e-02 6.932538026811724263e-02 6.609628508097720179e-02 6.272953453738661089e-02 5.891452161354698847e-02 5.744657953025280456e-02 6.042992657851931071e-02 6.697130022634566193e-02
6.754037606717516740e-02 6.302565685198882606e-02 6.591700675896139394e-02 7.010311194677901203e-02 7.393864587163093138e-02 7.483854808727694041e-02 7.217865642194040698e-02 6.850054680093176085e-02 6.336446131314629748e-02 5.974566302406462276e-02 6.002153859977443773e-02 6.393349196682587832e-02
6.533691119504170253e-02 6.065879705535669186e-02 6.401639023210319024e-02 6.932538026811724263e-02 7.483854808727694041e-02 7.793232706761984985e-02 7.654588961145646075e-02 7.338439742660513021e-02 6.788029000294712456e-02 6.310611276367816824e-02 6.157638871523653246e-02 6.335243145435336121e-02
6.404650052335456034e-02 5.821273471645081743e-02 6.085448612218369996e-02 6.609628508097720179e-02 7.217865642194040698e-02 7.654588961145646075e-02 7.722752973778830576e-02 7.553525294794494194e-02 7.079538421162817619e-02 6.602800064774061450e-02 6.370455711615839733e-02 6.391219933646213880e-02
6.571862846836928895e-02 5.764293053960385660e-02 5.853398112289229932e-02 6.272953453738661089e-02 6.850054680093176085e-02 7.338439742660513021e-02 7.553525294794494194e-02 7.636419224004736828e-02 7.357378907562302228e-02 7.004577037525883121e-02 6.808470283676212875e-02 6.749931675800616149e-02
7.010610274544876175e-02 5.878586339344023248e-02 5.684797046698710637e-02 5.891452161354698847e-02 6.336446131314629748e-02 6.788029000294712456e-02 7.079538421162817619e-02 7.357378907562302228e-02 7.436011623347230093e-02 7.379404975226414032e-02 7.382218836756856972e-02 7.361654990706961721e-02
7.977640203799574170e-02 6.412239029922633948e-02 5.841513959724870669e-02 5.744657953025280456e-02 5.974566302406462276e-02 6.310611276367816824e-02 6.602800064774061450e-02 7.004577037525883121e-02 7.379404975226414032e-02 7.835579998102193411e-02 8.253243119940632810e-02 8.444308802413338921e-02
9.557269829824556473e-02 7.494731463873399724e-02 6.497862311632134069e-02 6.042992657851931071e-02 6.002153859977443773e-02 6.157638871523653246e-02 6.370455711615839733e-02 6.808470283676212875e-02 7.382218836756856972e-02 8.253243119940632810e-02 9.362640351316117715e-02 1.001109787420540465e-01
1.120080695452697062e-01 8.789098111279033954e-02 7.463052960134115843e-02 6.697130022634566193e-02 6.393349196682587832e-02 6.335243145435336121e-02 6.391219933646213880e-02 6.749931675800616149e-02 7.361654990706961721e-02 8.444308802413338921e-02 1.001109787420540465e-01 1.139390528123382096e-01
9.067416071907369313e-02 8.691008673925623707e-02 7.767885018651654594e-02 7.318105275740054150e-02 6.890259514319169165e-02 6.584894323421833229e-02 6.020002938608261245e-02 6.422474615800308206e-02 6.751448142817464970e-02 7.260072951373737482e-02 7.609951407720198790e-02 8.513083761701595309e-02
8.691008673925623707e-02 8.726482432577301052e-02 8.065384671412317852e-02 7.751743322571093275e-02 7.308587444222011675e-02 6.860620858349004980e-02 6.053939079329825196e-02 6.201865392452851622e-02 6.315580030436566961e-02 6.674013715656609835e-02 6.990966109019269847e-02 7.931512831045831047e-02
7.767885018651654594e-02 8.065384671412317852e-02 7.891281836001604044e-02 7.909047355290189929e-02 7.624240144258526142e-02 7.160753105232126048e-02 6.174898922349107699e-02 6.085391586055863278e-02 5.936938728932519838e-02 6.047322943847406596e-02 6.193026830673201144e-02 6.991114707654604021e-02
7.318105275740054150e-02 7.751743322571093275e-02 7.909047355290189929e-02 8.421939338165683464e-02 8.435033082142881500e-02 8.059298155217516080e-02 6.914041192912938338e-02 6.652258835855595631e-02 6.244112016102429386e-02 6.083507187094806812e-02 5.988876717685813478e-02 6.600269523258080195e-02
6.890259514319169165e-02 7.308587444222011675e-02 7.624240144258526142e-02 8.435033082142881500e-02 8.906408967265083687e-02 8.784146567450228094e-02 7.639163016064645650e-02 7.331503681086140589e-02 6.740060862487780302e-02 6.336972415246432122e-02 5.973728130104551115e-02 6.339456480961222495e-02
6.584894323421833229e-02 6.860620858349004980e-02 7.160753105232126048e-02 8.059298155217516080e-02 8.784146567450228094e-02 9.076150896976832583e-02 8.134089777512970576e-02 7.940684054732874420e-02 7.296862280964479253e-02 6.740000013016990421e-02 6.142870412982086997e-02 6.262288016537835567e-02
6.020002938608261245e-02 6.053939079329825196e-02 6.174898922349107699e-02 6.914041192912938338e-02 7.639163016064645650e-02 8.134089777512970576e-02 7.665760941378135795e-02 7.762342817893544411e-02 7.270307874079855182e-02 6.729417685818724071e-02 6.030037475073218856e-02 5.951663041762139672e-02
6.422474615800308206e-02 6.201865392452851622e-02 6.085391586055863278e-02 6.652258835855595631e-02 7.331503681086140589e-02 7.940684054732874420e-02 7.762342817893544411e-02 8.276137175821410286e-02 8.007201168344892095e-02 7.538761998838272582e-02 6.755505044314810692e-02 6.555473326301160253e-02
6.751448142817464970e-02 6.315580030436566961e-02 5.936938728932519838e-02 6.244112016102429386e-02 6.740060862487780302e-02 7.296862280964479253e-02 7.270307874079855182e-02 8.007201168344892095e-02 8.110645432123386733e-02 7.877330821782910220e-02 7.183911687045670125e-02 6.992503672614211463e-02
7.260072951373737482e-02 6.674013715656609835e-02 6.047322943847406596e-02 6.083507187094806812e-02 6.336972415246432122e-02 6.740000013016990421e-02 6.729417685818724071e-02 7.538761998838272582e-02 7.877330821782910220e-02 8.011979908846514342e-02 7.551378149537385509e-02 7.499596406935091220e-02
7.609951407720198790e-02 6.990966109019269847e-02 6.193026830673201144e-02 5.988876717685813478e-02 5.973728130104551115e-02 6.142870412982086997e-02 6.030037475073218856e-02 6.755505044314810692e-02 7.183911687045670125e-02 7.551378149537385509e-02 7.486962431936611262e-02 7.712903327968220757e-02
8.513083761701595309e-02 7.931512831045831047e-02 6.991114707654604021e-02 6.600269523258080195e-02 6.339456480961222495e-02 6.262288016537835567e-02 5.951663041762139672e-02 6.555473326301160253e-02 6.992503672614211463e-02 7.499596406935091220e-02 7.712903327968220757e-02 8.358834567000064664e-02
1.056371125686758755e-01 9.914684372096430054e-02 8.382294869702980322e-02 7.248555344795080957e-02 6.622131117853150006e-02 6.364978946649915703e-02 6.441238741712057569e-02 6.382810079382314483e-02 6.652624591669160925e-02 7.975573203803959510e-02 8.705068982478916806e-02 9.749477248924356965e-02
9.914684372096430054e-02 9.819096142613839562e-02 8.571849580527590717e-02 7.536512572121983888e-02 6.894012922546226274e-02 6.541001693846845710e-02 6.459679812536048282e-02 6.187110033186754565e-02 6.204098311708458602e-02 7.220950460180963759e-02 7.808262680609968920e-02 8.855068470925626933e-02
8.382294869702980322e-02 8.571849580527590717e-02 7.899795988503739708e-02 7.219040149035055309e-02 6.761720995423284308e-02 6.468246314159203925e-02 6.341326286489244735e-02 5.927861759063203506e-02 5.707987932519228980e-02 6.356457348289415443e-02 6.640948308673480516e-02 7.417845499722433567e-02
7.248555344795080957e-02 7.536512572121983888e-02 7.219040149035055309e-02 6.974939702259387586e-02 6.788631297534014619e-02 6.641319707724782639e-02 6.556253452166242723e-02 6.064621259223980376e-02 5.665993162356749296e-02 6.040469214547730670e-02 6.017603202806216106e-02 6.481606069434882322e-02
6.622131117853150006e-02 6.894012922546226274e-02 6.761720995423284308e-02 6.788631297534014619e-02 6.930316297778774115e-02 6.992523376447873362e-02 7.019429802946687558e-02 6.508939654060649782e-02 5.996334352437333176e-02 6.202519308148526228e-02 5.908486426525482588e-02 6.077948262178582695e-02
6.364978946649915703e-02 6.541001693846845710e-02 6.468246314159203925e-02 6.641319707724782639e-02 6.992523376447873362e-02 7.323422007351479412e-02 7.527522278811213385e-02 7.067485070921838974e-02 6.516605478859069378e-02 6.652686921385302099e-02 6.140479057096659421e-02 6.049513138058318362e-02
6.441238741712057569e-02 6.459679812536048282e-02 6.341326286489244735e-02 6.556253452166242723e-02 7.019429802946687558e-02 7.527522278811213385e-02 7.979073246351921223e-02 7.650649864046429882e-02 7.149135448771246071e-02 7.317132831485274880e-02 6.652491980484706580e-02 6.347205922096454955e-02
6.382810079382314483e-02 6.187110033186754565e-02 5.927861759063203506e-02 6.064621259223980376e-02 6.508939654060649782e-02 7.067485070921838974e-02 7.650649864046429882e-02 7.586833742535012415e-02 7.288747433874018244e-02 7.600403530569355137e-02 6.924958917159459992e-02 6.495471534193927865e-02
6.652624591669160925e-02 6.204098311708458602e-02 5.707987932519228980e-02 5.665993162356749296e-02 5.996334352437333176e-02 6.516605478859069378e-02 7.149135448771246071e-02 7.288747433874018244e-02 7.340112826387698575e-02 7.939645963771729820e-02 7.380375285159510024e-02 6.925459328020429350e-02
7.975573203803959510e-02 7.220950460180963759e-02 6.356457348289415443e-02 6.040469214547730670e-02 6.202519308148526228e-02 6.652686921385302099e-02 7.317132831485274880e-02 7.600403530569355137e-02 7.939645963771729820e-02 9.057722176640442546e-02 8.727881620004102059e-02 8.346118977528990679e-02
8.705068982478916806e-02 7.808262680609968920e-02 6.640948308673480516e-02 6.017603202806216106e-02 5.908486426525482588e-02 6.140479057096659421e-02 6.652491980484706580e-02 6.924958917159459992e-02 7.380375285159510024e-02 8.727881620004102059e-02 8.938970244774958884e-02 8.932530673835839541e-02
9.749477248924356965e-02 8.855068470925626933e-02 7.417845499722433567e-02 6.481606069434882322e-02 6.077948262178582695e-02 6.049513138058318362e-02 6.347205922096454955e-02 6.495471534193927865e-02 6.925459328020429350e-02 8.346118977528990679e-02 8.932530673835839541e-02 9.586006367935165362e-02
8.972198789866905888e-02 8.488657962992707251e-02 8.055816458996317708e-02 7.468597107496427467e-02 6.501159046024537758e-02 5.956823926989360252e-02 6.246529992387671315e-02 6.298714281973161189e-02 6.601921018171982847e-02 7.487070477696114446e-02 7.883123712746264999e-02 8.860367118215436988e-02
8.488657962992707251e-02 8.515390937931922866e-02 8.391708508256519317e-02 7.912976839761860781e-02 6.865747679925567060e-02 6.155044543294515419e-02 6.236895447357231059e-02 6.040602593208144189e-02 6.089780825763208005e-02 6.734192585713830170e-02 7.065500078661510197e-02 8.074854233774000911e-02
8.055816458996317708e-02 8.391708508256519317e-02 8.722145386372444353e-02 8.488193059695087195e-02 7.469913271236920671e-02 6.688975978725328342e-02 6.671163608772659459e-02 6.266988605757511932e-02 6.064559349108277625e-02 6.453301666546143456e-02 6.610599042211548482e-02 7.523476430671571791e-02
7.468597107496427467e-02 7.912976839761860781e-02 8.488193059695087195e-02 8.635606553258153018e-02 7.818763144271731469e-02 7.122576294561819288e-02 7.132911060135549430e-02 6.617695372665331754e-02 6.221913627091285592e-02 6.373679201901824576e-02 6.292068121749974652e-02 6.991802689739529120e-02
6.501159046024537758e-02 6.865747679925567060e-02 7.469913271236920671e-02 7.818763144271731469e-02 7.401468047426887353e-02 6.975595288752917122e-02 7.137507377120479168e-02 6.655576330735446522e-02 6.180951654173583859e-02 6.152411872485824551e-02 5.828902240378308619e-02 6.227176882010349024e-02
5.956823926989360252e-02 6.155044543294515419e-02 6.688975978725328342e-02 7.122576294561819288e-02 6.975595288752917122e-02 6.914454496605559886e-02 7.330854991936372467e-02 6.966305488010927915e-02 6.488684074001051239e-02 6.360359859439301822e-02 5.813461432252026162e-02 5.932704909429488416e-02
6.246529992387671315e-02 6.236895447357231059e-02 6.671163608772659459e-02 7.132911060135549430e-02 7.137507377120479168e-02 7.330854991936372467e-02 8.128185961462869313e-02 7.944598127803563503e-02 7.515029996971059334e-02 7.366825277666831651e-02 6.597108781576513370e-02 6.489315303628268028e-02
6.298714281973161189e-02 6.040602593208144189e-02 6.266988605757511932e-02 6.617695372665331754e-02 6.655576330735446522e-02 6.966305488010927915e-02 7.944598127803563503e-02 8.086539176976206833e-02 7.876612670998109356e-02 7.850120690645781552e-02 7.021777766936532217e-02 6.776236677360639171e-02
6.601921018171982847e-02 6.089780825763208005e-02 6.064559349108277625e-02 6.221913627091285592e-02 6.180951654173583859e-02 6.488684074001051239e-02 7.515029996971059334e-02 7.876612670998109356e-02 8.037879932838333519e-02 8.279143944523145726e-02 7.530391443982110966e-02 7.262283094057411792e-02
7.487070477696114446e-02 6.734192585713830170e-02 6.453301666546143456e-02 6.373679201901824576e-02 6.152411872485824551e-02 6.360359859439301822e-02 7.366825277666831651e-02 7.850120690645781552e-02 8.279143944523145726e-02 8.956750754391168412e-02 8.420543498378429970e-02 8.267114096897459907e-02
7.883123712746264999e-02 7.065500078661510197e-02 6.610599042211548482e-02 6.292068121749974652e-02 5.828902240378308619e-02 5.813461432252026162e-02 6.597108781576513370e-02 7.021777766936532217e-02 7.530391443982110966e-02 8.420543498378429970e-02 8.367730805074569123e-02 8.546217231033025052e-02
8.860367118215436988e-02 8.074854233774000911e-02 7.523476430671571791e-02 6.991802689739529120e-02 6.227176882010349024e-02 5.932704909429488416e-02 6.489315303628268028e-02 6.776236677360639171e-02 7.262283094057411792e-02 8.267114096897459907e-02 8.546217231033025052e-02 9.261649157794996090e-02
8.374588001868385478e-02 7.027829901981016980e-02 6.142836669914050057e-02 6.164921363018312228e-02 6.386448424837250226e-02 6.458231144505346966e-02 6.155385165171479989e-02 6.293578011396687433e-02 6.681844026602995479e-02 7.531642966101564918e-02 8.421222267946279483e-02 8.889088219661424317e-02
7.027829901981016980e-02 6.142025586671417958e-02 5.582041704038345764e-02 5.786138271933423394e-02 6.101178402861780203e-02 6.159395371051190615e-02 5.719400530833033958e-02 5.590385377823993418e-02 5.664646497824507576e-02 6.189987318476141559e-02 6.854331331220588075e-02 7.292464400453431417e-02
6.142836669914050057e-02 5.582041704038345764e-02 5.389298654977126013e-02 5.871280752987802221e-02 6.386594027411056362e-02 6.507313414962141718e-02 5.930028567675839357e-02 5.531652625588484584e-02 5.270189697920309169e-02 5.464784372230552245e-02 5.890067538772241623e-02 6.255506293092130687e-02
6.164921363018312228e-02 5.786138271933423394e-02 5.871280752987802221e-02 6.780111512927224082e-02 7.651987437422955174e-02 7.928128528256075946e-02 7.176082132719893703e-02 6.475185545736317216e-02 5.834026183354792949e-02 5.703851738280855260e-02 5.912440487589969151e-02 6.204702224073372491e-02
6.386448424837250226e-02 6.101178402861780203e-02 6.386594027411056362e-02 7.651987437422955174e-02 9.001154436046868157e-02 9.547233852621339611e-02 8.697110369539298724e-02 7.746404100223645839e-02 6.740663620173245607e-02 6.285366925442240071e-02 6.255471763258738105e-02 6.428273427620456726e-02
6.458231144505346966e-02 6.159395371051190615e-02 6.507313414962141718e-02 7.928128528256075946e-02 9.547233852621339611e-02 1.048757967317878459e-01 9.757558400075865002e-02 8.758239765750353012e-02 7.545421978219335468e-02 6.850685590489394294e-02 6.594140219831140515e-02 6.595109011686152434e-02
6.155385165171479989e-02 5.719400530833033958e-02 5.930028567675839357e-02 7.176082132719893703e-02 8.697110369539298724e-02 9.757558400075865002e-02 9.487253780013894799e-02 8.802870668396997611e-02 7.729059394972345731e-02 7.026294293466758822e-02 6.650264468590599831e-02 6.471609855558246860e-02
6.293578011396687433e-02 5.590385377823993418e-02 5.531652625588484584e-02 6.475185545736317216e-02 7.746404100223645839e-02 8.758239765750353012e-02 8.802870668396997611e-02 8.703452297604179211e-02 8.022187555328785802e-02 7.517710556049654602e-02 7.157975079596405610e-02 6.846440775368091425e-02
6.681844026602995479e-02 5.664646497824507576e-02 5.270189697920309169e-02 5.834026183354792949e-02 6.740663620173245607e-02 7.545421978219335468e-02 7.729059394972345731e-02 8.022187555328785802e-02 8.007160404580933311e-02 7.941412537854650178e-02 7.783003572575127038e-02 7.448704716575740847e-02
7.531642966101564918e-02 6.189987318476141559e-02 5.464784372230552245e-02 5.703851738280855260e-02 6.285366925442240071e-02 6.850685590489394294e-02 7.026294293466758822e-02 7.517710556049654602e-02 7.941412537854650178e-02 8.496951571574665185e-02 8.701197705641378066e-02 8.462896675615508291e-02
8.421222267946279483e-02 6.854331331220588075e-02 5.890067538772241623e-02 5.912440487589969151e-02 6.255471763258738105e-02 6.594140219831140515e-02 6.650264468590599831e-02 7.157975079596405610e-02 7.783003572575127038e-02 8.701197705641378066e-02 9.400890441200077108e-02 9.393330436094149416e-02
8.889088219661424317e-02 7.292464400453431417e-02 6.255506293092130687e-02 6.204702224073372491e-02 6.428273427620456726e-02 6.595109011686152434e-02 6.471609855558246860e-02 6.846440775368091425e-02 7.448704716575740847e-02 8.462896675615508291e-02 9.393330436094149416e-02 9.729533639356441332e-02
9.161148833171563199e-02 8.371362814210828174e-02 7.574814520416878194e-02 7.455698294854812280e-02 7.383741497767246087e-02 6.670628780932874591e-02 6.263378082927967272e-02 6.900544597020431825e-02 7.101700413501181586e-02 6.343099492782627857e-02 6.871991306464557414e-02 8.400579867075960716e-02
8.371362814210828174e-02 7.908296561667071956e-02 7.369201164607988574e-02 7.409451265165246936e-02 7.376879111181755544e-02 6.554422278814536762e-02 5.942099194535867268e-02 6.319622956754109011e-02 6.366120770936767315e-02 5.638890913188993048e-02 6.115597051016625346e-02 7.542880405150569068e-02
7.574814520416878194e-02 7.369201164607988574e-02 7.250407217527471415e-02 7.622041274260252242e-02 7.781174146043438877e-02 6.903507094469157890e-02 6.082328392649029997e-02 6.206061552692251904e-02 6.022230461507721566e-02 5.177198957527391621e-02 5.502493183454106734e-02 6.754160836074217522e-02
7.455698294854812280e-02 7.409451265165246936e-02 7.622041274260252242e-02 8.548695057717158041e-02 9.095150642516561246e-02 8.196700012399144031e-02 7.146309264362347979e-02 7.070456982308029326e-02 6.590737434246329851e-02 5.419048586054998895e-02 5.531037906150863825e-02 6.648417072317898413e-02
7.383741497767246087e-02 7.376879111181755544e-02 7.781174146043438877e-02 9.095150642516561246e-02 1.024994652298650694e-01 9.553019628027963062e-02 8.442045204190884444e-02 8.292713725781111767e-02 7.527873437415555369e-02 5.927967897307330480e-02 5.755464152915525100e-02 6.679962268689584870e-02
6.670628780932874591e-02 6.554422278814536762e-02 6.903507094469157890e-02 8.196700012399144031e-02 9.553019628027963062e-02 9.454603109301149000e-02 8.709520711208330879e-02 8.730844280896657428e-02 7.882535974804139034e-02 6.026295651253345265e-02 5.587617281703642635e-02 6.215787619708562639e-02
6.263378082927967272e-02 5.942099194535867268e-02 6.082328392649029997e-02 7.146309264362347979e-02 8.442045204190884444e-02 8.709520711208330879e-02 8.610050703465015054e-02 9.018816230716099336e-02 8.260241858552432037e-02 6.252159565597106838e-02 5.634683033877553593e-02 6.048187205829174545e-02
6.900544597020431825e-02 6.319622956754109011e-02 6.206061552692251904e-02 7.070456982308029326e-02 8.292713725781111767e-02 8.730844280896657428e-02 9.018816230716099336e-02 9.999506566493057691e-02 9.409127016895342532e-02 7.183703519215908773e-02 6.452237011553720036e-02 6.826508646734516517e-02
7.101700413501181586e-02 6.366120770936767315e-02 6.022230461507721566e-02 6.590737434246329851e-02 7.527873437415555369e-02 7.882535974804139034e-02 8.260241858552432037e-02 9.409127016895342532e-02 9.205247869664501259e-02 7.209891219943265206e-02 6.609720051609269120e-02 7.059248243511322130e-02
6.343099492782627857e-02 5.638890913188993048e-02 5.177198957527391621e-02 5.419048586054998895e-02 5.927967897307330480e-02 6.026295651253345265e-02 6.252159565597106838e-02 7.183703519215908773e-02 7.209891219943265206e-02 5.919249279657506912e-02 5.669401332126762505e-02 6.235978474209140365e-02
6.871991306464557414e-02 6.115597051016625346e-02 5.502493183454106734e-02 5.531037906150863825e-02 5.755464152915525100e-02 5.587617281703642635e-02 5.634683033877553593e-02 6.452237011553720036e-02 6.609720051609269120e-02 5.669401332126762505e-02 5.776635646166531496e-02 6.622298169359262798e-02
8.400579867075960716e-02 7.542880405150569068e-02 6.754160836074217522e-02 6.648417072317898413e-02 6.679962268689584870e-02 6.215787619708562639e-02 6.048187205829174545e-02 6.826508646734516517e-02 7.059248243511322130e-02 6.235978474209140365e-02 6.622298169359262798e-02 7.916212632182464959e-02
9.602324673103948549e-02 8.912164668619775021e-02 7.614117200502723559e-02 6.710946737710038468e-02 6.813367166143610709e-02 6.663758561772875622e-02 6.419207732575574199e-02 6.362485016961194617e-02 6.623402315248164141e-02 7.319654255155655376e-02 7.801593487635717639e-02 9.094199676698891399e-02
8.912164668619775021e-02 8.568928213233129032e-02 7.529719296926594418e-02 6.783518658884278574e-02 6.956846558396254099e-02 6.750079405813075306e-02 6.341167167795089266e-02 6.071398352915407387e-02 6.122773821112031944e-02 6.637812516164337540e-02 7.045646101352118218e-02 8.277033327163614562e-02
7.614117200502723559e-02 7.529719296926594418e-02 6.976115973354826694e-02 6.593466222167866653e-02 6.996394507102715599e-02 6.857111468761505069e-02 6.340681283530194556e-02 5.841486309706962754e-02 5.608083844100351933e-02 5.824405802374826163e-02 6.018176243223845312e-02 7.006135612082094177e-02
6.710946737710038468e-02 6.783518658884278574e-02 6.593466222167866653e-02 6.712649961841020418e-02 7.515958614472340038e-02 7.556106308355237111e-02 6.969282159816364564e-02 6.225988164061553587e-02 5.669418928124688589e-02 5.553414555739070307e-02 5.466509142602928029e-02 6.189204250771015992e-02
6.813367166143610709e-02 6.956846558396254099e-02 6.996394507102715599e-02 7.515958614472340038e-02 8.957621171891011480e-02 9.312151559708216342e-02 8.678408936198089840e-02 7.654397378422522769e-02 6.727523412864618024e-02 6.267767658352241256e-02 5.854417866936148518e-02 6.375118574495722279e-02
6.663758561772875622e-02 6.750079405813075306e-02 6.857111468761505069e-02 7.556106308355237111e-02 9.312151559708216342e-02 1.011677915402876687e-01 9.660321813249758693e-02 8.585907955366334221e-02 7.473107272323345485e-02 6.782833379284353148e-02 6.096966030824267635e-02 6.391862282034493914e-02
6.419207732575574199e-02 6.341167167795089266e-02 6.340681283530194556e-02 6.969282159816364564e-02 8.678408936198089840e-02 9.660321813249758693e-02 9.619788744188556562e-02 8.785609038668279469e-02 7.753506951261444902e-02 7.031192685874630699e-02 6.213364954856196581e-02 6.338963046225060127e-02
6.362485016961194617e-02 6.071398352915407387e-02 5.841486309706962754e-02 6.225988164061553587e-02 7.654397378422522769e-02 8.585907955366334221e-02 8.785609038668279469e-02 8.425553346869656124e-02 7.708979953117302275e-02 7.152400507843360844e-02 6.362639491439364692e-02 6.433581704995525175e-02
6.623402315248164141e-02 6.122773821112031944e-02 5.608083844100351933e-02 5.669418928124688589e-02 6.727523412864618024e-02 7.473107272323345485e-02 7.753506951261444902e-02 7.708979953117302275e-02 7.478350642987531549e-02 7.246010171940840683e-02 6.625467267338566724e-02 6.770013798864842058e-02
7.319654255155655376e-02 6.637812516164337540e-02 5.824405802374826163e-02 5.553414555739070307e-02 6.267767658352241256e-02 6.782833379284353148e-02 7.031192685874630699e-02 7.152400507843360844e-02 7.246010171940840683e-02 7.456818214239868681e-02 7.113855511028127632e-02 7.455631176067785415e-02
7.801593487635717639e-02 7.045646101352118218e-02 6.018176243223845312e-02 5.466509142602928029e-02 5.854417866936148518e-02 6.096966030824267635e-02 6.213364954856196581e-02 6.362639491439364692e-02 6.625467267338566724e-02 7.113855511028127632e-02 7.185466846254698337e-02 7.819339976695036110e-02
9.094199676698891399e-02 8.277033327163614562e-02 7.006135612082094177e-02 6.189204250771015992e-02 6.375118574495722279e-02 6.391862282034493914e-02 6.338963046225060127e-02 6.433581704995525175e-02 6.770013798864842058e-02 7.455631176067785415e-02 7.819339976695036110e-02 8.899603058007002354e-02
5.882937721843740919e-02 5.606857179573924987e-02 5.670110627780156065e-02 5.808871238007740079e-02 5.881055495851607307e-02 5.478489187145346717e-02 5.614190714893402268e-02 5.981530771875215313e-02 6.323127985171576870e-02 6.407651351893162150e-02 7.004345132439443455e-02 6.943747414769221860e-02
5.606857179573924987e-02 5.573088556659831772e-02 5.811772801287853896e-02 6.073284570344040373e-02 6.197940973872773790e-02 5.719960898913940134e-02 5.688645692160207434e-02 5.793948604065197322e-02 5.872740823986764835e-02 5.821277182241599291e-02 6.362041279368396696e-02 6.415318435964734167e-02
5.670110627780156065e-02 5.811772801287853896e-02 6.279925632010779912e-02 6.725746712829244744e-02 6.964892887832456470e-02 6.438488837157992084e-02 6.304776673587161873e-02 6.204215911235096831e-02 6.025844671944687037e-02 5.782694711800791948e-02 6.245905750761080594e-02 6.347315708833489722e-02
5.808871238007740079e-02 6.073284570344040373e-02 6.725746712829244744e-02 7.426228174403363969e-02 7.856404551360121613e-02 7.350924680650976206e-02 7.193758262574403983e-02 6.942148150076746238e-02 6.503385624873928017e-02 6.008196002380840339e-02 6.342892345082362660e-02 6.427848449091419503e-02
5.881055495851607307e-02 6.197940973872773790e-02 6.964892887832456470e-02 7.856404551360121613e-02 8.582728608893624989e-02 8.231965430992191357e-02 8.182241955990077198e-02 7.877652903697257569e-02 7.199802925938947329e-02 6.395077917250888144e-02 6.528527141851633853e-02 6.514182843174443072e-02
5.478489187145346717e-02 5.719960898913940134e-02 6.438488837157992084e-02 7.350924680650976206e-02 8.231965430992191357e-02 8.280851413911011205e-02 8.560523555562674081e-02 8.413196402855101230e-02 7.635364826614843281e-02 6.550181553574888071e-02 6.404441075695216368e-02 6.188044928097265196e-02
5.614190714893402268e-02 5.688645692160207434e-02 6.304776673587161873e-02 7.193758262574403983e-02 8.182241955990077198e-02 8.560523555562674081e-02 9.465419499556300409e-02 9.728842150162353430e-02 8.965797857977664265e-02 7.555125210658467094e-02 7.105282331569530430e-02 6.584566707519309836e-02
5.981530771875215313e-02 5.793948604065197322e-02 6.204215911235096831e-02 6.942148150076746238e-02 7.877652903697257569e-02 8.413196402855101230e-02 9.728842150162353430e-02 1.075404193661133739e-01 1.033332007932804414e-01 8.804983589386693177e-02 8.160984253763726992e-02 7.322295679145768288e-02
6.323127985171576870e-02 5.872740823986764835e-02 6.025844671944687037e-02 6.503385624873928017e-02 7.199802925938947329e-02 7.635364826614843281e-02 8.965797857977664265e-02 1.033332007932804414e-01 1.068569826788687699e-01 9.505221929813138793e-02 8.962750681365699856e-02 7.971100875958610221e-02
6.407651351893162150e-02 5.821277182241599291e-02 5.782694711800791948e-02 6.008196002380840339e-02 6.395077917250888144e-02 6.550181553574888071e-02 7.555125210658467094e-02 8.804983589386693177e-02 9.505221929813138793e-02 9.119940825216760194e-02 9.000290944061797860e-02 8.130895586416228560e-02
7.004345132439443455e-02 6.362041279368396696e-02 6.245905750761080594e-02 6.342892345082362660e-02 6.528527141851633853e-02 6.404441075695216368e-02 7.105282331569530430e-02 8.160984253763726992e-02 8.962750681365699856e-02 9.000290944061797860e-02 9.442612831503424675e-02 8.788514941384259482e-02
6.943747414769221860e-02 6.415318435964734167e-02 6.347315708833489722e-02 6.427848449091419503e-02 6.514182843174443072e-02 6.188044928097265196e-02 6.584566707519309836e-02 7.322295679145768288e-02 7.971100875958610221e-02 8.130895586416228560e-02 8.788514941384259482e-02 8.506526531502936472e-02
9.401718466003317065e-02 8.292532950466698083e-02 7.685324422520072030e-02 7.379560332787026000e-02 7.036544931326976782e-02 6.627690125785193342e-02 5.880846397138207726e-02 6.453930318480850803e-02 7.261175413102519127e-02 7.421904185528917230e-02 7.860100808379508197e-02 9.121949891824707168e-02
8.292532950466698083e-02 7.708427343125784370e-02 7.447593742875169287e-02 7.331941856822543624e-02 7.023900752476651410e-02 6.508417359669246838e-02 5.560393517234819144e-02 5.825625994136063301e-02 6.318103472230074402e-02 6.320270900854765839e-02 6.659789411772540357e-02 7.816972448570504162e-02
7.685324422520072030e-02 7.447593742875169287e-02 7.664535684937295867e-02 7.871822566589946335e-02 7.697337889670995137e-02 7.121617089477969009e-02 5.928145195912025434e-02 5.951625228235944698e-02 6.173119713804094133e-02 5.940105996719108328e-02 6.098947431977824740e-02 7.119227102471933910e-02
7.379560332787026000e-02 7.331941856822543624e-02 7.871822566589946335e-02 8.536819139006501800e-02 8.618566747754966006e-02 8.077677039978767293e-02 6.679851198517432198e-02 6.553134329110821277e-02 6.566011361409337943e-02 6.060102486908256619e-02 5.979870560476586994e-02 6.824604884738627586e-02
7.036544931326976782e-02 7.023900752476651410e-02 7.697337889670995137e-02 8.618566747754966006e-02 9.085728308566991263e-02 8.736988905085635304e-02 7.311686793459767908e-02 7.170325530654941826e-02 7.074180189094765592e-02 6.328177221250268214e-02 5.992020814900418657e-02 6.607980479879292657e-02
6.627690125785193342e-02 6.508417359669246838e-02 7.121617089477969009e-02 8.077677039978767293e-02 8.736988905085635304e-02 8.745356205540494310e-02 7.534201312571597864e-02 7.538474640123778159e-02 7.468070054323795726e-02 6.582054293886513419e-02 6.034430627153646032e-02 6.410284769482421652e-02
5.880846397138207726e-02 5.560393517234819144e-02 5.928145195912025434e-02 6.679851198517432198e-02 7.311686793459767908e-02 7.534201312571597864e-02 6.837547953544606538e-02 7.136520974702152686e-02 7.236762000752444690e-02 6.395891649803681078e-02 5.759443403625255642e-02 5.917401164006715064e-02
6.453930318480850803e-02 5.825625994136063301e-02 5.951625228235944698e-02 6.553134329110821277e-02 7.170325530654941826e-02 7.538474640123778159e-02 7.136520974702152686e-02 7.891874780934486633e-02 8.289541193764718430e-02 7.442907935599513136e-02 6.687044114701468089e-02 6.732186238103436693e-02
7.261175413102519127e-02 6.318103472230074402e-02 6.173119713804094133e-02 6.566011361409337943e-02 7.074180189094765592e-02 7.468070054323795726e-02 7.236762000752444690e-02 8.289541193764718430e-02 9.102372102116643160e-02 8.399901535054105084e-02 7.662423601647649907e-02 7.715139490110187181e-02
7.421904185528917230e-02 6.320270900854765839e-02 5.940105996719108328e-02 6.060102486908256619e-02 6.328177221250268214e-02 6.582054293886513419e-02 6.395891649803681078e-02 7.442907935599513136e-02 8.399901535054105084e-02 8.112564757238184543e-02 7.664913719181240537e-02 7.880797160352817632e-02
7.860100808379508197e-02 6.659789411772540357e-02 6.098947431977824740e-02 5.979870560476586994e-02 5.992020814900418657e-02 6.034430627153646032e-02 5.759443403625255642e-02 6.687044114701468089e-02 7.662423601647649907e-02 7.664913719181240537e-02 7.668336750057516693e-02 8.202760778725567969e-02
9.121949891824707168e-02 7.816972448570504162e-02 7.119227102471933910e-02 6.824604884738627586e-02 6.607980479879292657e-02 6.410284769482421652e-02 5.917401164006715064e-02 6.732186238103436693e-02 7.715139490110187181e-02 7.880797160352817632e-02 8.202760778725567969e-02 9.244718508928206901e-02
8.350970389570977481e-02 8.549784180451941440e-02 7.727417669403238709e-02 6.910769043484718543e-02 6.278374037473685720e-02 6.530974546679912951e-02 6.180626491098362846e-02 6.202462373608616519e-02 6.131233450745343649e-02 6.592115116194950664e-02 7.564733856848145088e-02 7.810899406106519560e-02
