6.426044129766617097e-02 1.027136810008558165e-01 8.133928722221896168e-02 7.296813146428289543e-02 4.049976701595081607e-02 2.303772268125616265e-02 -2.858079061149238279e-02 -6.449761139776324925e-02 -9.339291118064962927e-02 -7.175601589689778459e-02
1.027136810008558165e-01 1.897097105683135387e-01 1.581647804329891216e-01 1.431639757022135917e-01 8.048970242052638779e-02 5.933819902198878699e-02 -1.578362640030502723e-02 -7.137547537148475341e-02 -1.109221647836491631e-01 -9.589749389284676906e-02
8.133928722221896168e-02 1.581647804329891216e-01 1.553452498676136107e-01 1.576996621353311534e-01 9.175723218404308046e-02 7.535701298132632675e-02 1.696969205171364875e-02 -3.680511165929008233e-02 -7.744054633284257194e-02 -7.108922774653324284e-02
7.296813146428289543e-02 1.431639757022135917e-01 1.576996621353311534e-01 1.949427240241199677e-01 1.253110995815430173e-01 1.203195125299540563e-01 6.018983771120588189e-02 -4.177079918881797249e-03 -6.303294742067522272e-02 -6.273779498414269740e-02
4.049976701595081607e-02 8.048970242052638779e-02 9.175723218404308046e-02 1.253110995815430173e-01 1.119999705891890629e-01 1.643853319548388148e-01 8.920419615274080560e-02 3.579842951129792727e-02 -1.900806674470020136e-02 -3.093547217478561512e-02
2.303772268125616265e-02 5.933819902198878699e-02 7.535701298132632675e-02 1.203195125299540563e-01 1.643853319548388148e-01 3.906547343614769074e-01 1.984332542211338923e-01 1.142797253458741058e-01 4.154137311359887286e-02 7.065824497572891156e-05
-2.858079061149238279e-02 -1.578362640030502723e-02 1.696969205171364875e-02 6.018983771120588189e-02 8.920419615274080560e-02 1.984332542211338923e-01 2.426403592341129234e-01 2.059733110786861610e-01 1.249506304959850239e-01 6.217878430334924239e-02
-6.449761139776324925e-02 -7.137547537148475341e-02 -3.680511165929008233e-02 -4.177079918881797249e-03 3.579842951129792727e-02 1.142797253458741058e-01 2.059733110786861610e-01 2.847540266743384119e-01 2.054717137955829609e-01 1.090343445656427462e-01
-9.339291118064962927e-02 -1.109221647836491631e-01 -7.744054633284257194e-02 -6.303294742067522272e-02 -1.900806674470020136e-02 4.154137311359887286e-02 1.249506304959850239e-01 2.054717137955829609e-01 2.646575782678640687e-01 1.510706975649422912e-01
-7.175601589689778459e-02 -9.589749389284676906e-02 -7.108922774653324284e-02 -6.273779498414269740e-02 -3.093547217478561512e-02 7.065824497572891156e-05 6.217878430334924239e-02 1.090343445656427462e-01 1.510706975649422912e-01 1.010352051153056707e-01
3.528453587383209022e-01 1.871233097909144050e-01 9.531577567482477087e-02 3.468190393493308932e-02 -1.998441243091214365e-03 -1.898229444312893310e-02 -4.360813761149684442e-02 -8.371582566891803967e-02 -1.407676341349729243e-01 -1.973625783028830905e-01
1.871233097909144050e-01 2.292321569407470561e-01 1.962569751347010283e-01 1.325621039832597936e-01 8.617794256114125195e-02 3.919164501074479112e-02 1.529706032805818947e-02 -1.185268616692790496e-02 -5.570854961631055424e-02 -9.753237822285600045e-02
9.531577567482477087e-02 1.962569751347010283e-01 2.532668357239077350e-01 2.068152735349027549e-01 1.366271557241254264e-01 7.187177514790665800e-02 5.238000257446608077e-02 4.116525518136510131e-02 1.653700471425353577e-02 -2.993279317394133970e-02
3.468190393493308932e-02 1.325621039832597936e-01 2.068152735349027549e-01 3.320014513870220840e-01 2.009530371157759454e-01 9.634753415405264421e-02 7.040094960322031137e-02 6.541778391622234123e-02 5.637024052691880227e-02 1.920502288751232620e-02
-1.998441243091214365e-03 8.617794256114125195e-02 1.366271557241254264e-01 2.009530371157759454e-01 1.545819054240901991e-01 8.029477906090637385e-02 6.430096708678530171e-02 6.623542077384764193e-02 6.620770954493034044e-02 3.791517214064057256e-02
-1.898229444312893310e-02 3.919164501074479112e-02 7.187177514790665800e-02 9.634753415405264421e-02 8.029477906090637385e-02 4.697787370432179171e-02 4.333821203597784666e-02 5.150640176000706449e-02 5.940111019072338849e-02 3.821318735857297255e-02
-4.360813761149684442e-02 1.529706032805818947e-02 5.238000257446608077e-02 7.040094960322031137e-02 6.430096708678530171e-02 4.333821203597784666e-02 4.890370160845054770e-02 6.935380044196193250e-02 9.215765045491031149e-02 6.152435698088868504e-02
-8.371582566891803967e-02 -1.185268616692790496e-02 4.116525518136510131e-02 6.541778391622234123e-02 6.623542077384764193e-02 5.150640176000706449e-02 6.935380044196193250e-02 1.146313566180885563e-01 1.684277573527803440e-01 1.111356960236063868e-01
-1.407676341349729243e-01 -5.570854961631055424e-02 1.653700471425353577e-02 5.637024052691880227e-02 6.620770954493034044e-02 5.940111019072338849e-02 9.215765045491031149e-02 1.684277573527803440e-01 2.791284715953593620e-01 1.866597226525939512e-01
-1.973625783028830905e-01 -9.753237822285600045e-02 -2.993279317394133970e-02 1.920502288751232620e-02 3.791517214064057256e-02 3.821318735857297255e-02 6.152435698088868504e-02 1.111356960236063868e-01 1.866597226525939512e-01 1.884308882596930634e-01
2.507173384094004143e-01 1.357950485971455290e-01 1.242133645583577695e-01 9.943797326105256740e-02 6.127008870718324285e-02 2.457730435214836376e-04 -7.042005658421933434e-02 -9.400598378058319660e-02 -1.451490042498614075e-01 -1.593148804417562625e-01
1.357950485971455290e-01 8.526097994760581389e-02 9.276648804674064719e-02 8.432946219603801308e-02 6.214270680172066796e-02 2.325844693548057701e-02 -2.799677094864298776e-02 -5.177178621770949646e-02 -8.245282165609904568e-02 -8.664399091569451039e-02
1.242133645583577695e-01 9.276648804674064719e-02 1.280584247696512079e-01 1.359800955977990278e-01 1.176266790036266663e-01 6.809965177432061867e-02 2.132368351675559270e-03 -4.406885591986400841e-02 -8.180347749592135898e-02 -8.112754257939303049e-02
9.943797326105256740e-02 8.432946219603801308e-02 1.359800955977990278e-01 1.800186914005634242e-01 1.918131923751948964e-01 1.233811921687904684e-01 5.446111152453924492e-02 -1.449182264730129385e-02 -5.956416124332358092e-02 -6.367182792959850957e-02
6.127008870718324285e-02 6.214270680172066796e-02 1.176266790036266663e-01 1.918131923751948964e-01 3.123546724397677221e-01 2.174896869533380628e-01 1.342651812777821418e-01 4.420839793905833454e-02 -3.451405027778552733e-03 -2.815002523038894616e-02
2.457730435214836376e-04 2.325844693548057701e-02 6.809965177432061867e-02 1.233811921687904684e-01 2.174896869533380628e-01 2.977319597121845796e-01 2.152236937249587256e-01 1.012452917520771933e-01 6.396002712845666460e-02 2.369941711218055344e-02
-7.042005658421933434e-02 -2.799677094864298776e-02 2.132368351675559270e-03 5.446111152453924492e-02 1.342651812777821418e-01 2.152236937249587256e-01 2.891899928489541916e-01 1.616485964026039279e-01 1.290275582031312485e-01 7.564184150372452176e-02
-9.400598378058319660e-02 -5.177178621770949646e-02 -4.406885591986400841e-02 -1.449182264730129385e-02 4.420839793905833454e-02 1.012452917520771933e-01 1.616485964026039279e-01 1.355301840206214470e-01 1.441799421829901007e-01 9.312473085321291977e-02
-1.451490042498614075e-01 -8.245282165609904568e-02 -8.180347749592135898e-02 -5.956416124332358092e-02 -3.451405027778552733e-03 6.396002712845666460e-02 1.290275582031312485e-01 1.441799421829901007e-01 1.960750320372067479e-01 1.376435269343445900e-01
-1.593148804417562625e-01 -8.664399091569451039e-02 -8.112754257939303049e-02 -6.367182792959850957e-02 -2.815002523038894616e-02 2.369941711218055344e-02 7.564184150372452176e-02 9.312473085321291977e-02 1.376435269343445900e-01 1.250627244140448402e-01
1.341451894724107752e-01 1.598954863594406195e-01 1.043187383547758695e-01 4.961546384732826165e-02 -6.278100285699764194e-03 -4.011650294940205530e-02 -7.128051913709315679e-02 -7.378905109579962651e-02 -1.027731472306608607e-01 -1.413346173733662503e-01
1.598954863594406195e-01 3.017960625888874704e-01 2.198508318226460312e-01 1.404909947444431539e-01 5.969517224882457673e-02 6.817200162047385315e-04 -4.121752847226690941e-02 -5.142543234430095589e-02 -7.683391517943861937e-02 -1.185668472372816695e-01
1.043187383547758695e-01 2.198508318226460312e-01 2.780123331817134780e-01 2.133515808420849980e-01 1.138927546865050044e-01 5.315701075048114010e-02 2.280498503620394940e-02 -4.497186286946723566e-03 -2.988417140764688951e-02 -6.364198021140470007e-02
4.961546384732826165e-02 1.404909947444431539e-01 2.133515808420849980e-01 3.159263355265729545e-01 1.809867509132092045e-01 1.014502980635459822e-01 7.984803881312023399e-02 4.511451576274785880e-02 2.706628173416169431e-02 2.052591839863905296e-03
-6.278100285699764194e-03 5.969517224882457673e-02 1.138927546865050044e-01 1.809867509132092045e-01 1.514894858920581289e-01 1.173006203483525633e-01 1.190576401538552681e-01 7.523908648597237014e-02 6.129831193792164429e-02 5.135506940653664087e-02
-4.011650294940205530e-02 6.817200162047385315e-04 5.315701075048114010e-02 1.014502980635459822e-01 1.173006203483525633e-01 1.332801169404971842e-01 1.656384749101053599e-01 1.036109180502773897e-01 8.126987560126386345e-02 7.530268234185051590e-02
-7.128051913709315679e-02 -4.121752847226690941e-02 2.280498503620394940e-02 7.984803881312023399e-02 1.190576401538552681e-01 1.656384749101053599e-01 2.435247425378073149e-01 1.542914267877134038e-01 1.175128039341022390e-01 1.089020331521834001e-01
-7.378905109579962651e-02 -5.142543234430095589e-02 -4.497186286946723566e-03 4.511451576274785880e-02 7.523908648597237014e-02 1.036109180502773897e-01 1.542914267877134038e-01 1.181984737100255506e-01 1.083398114390652367e-01 1.100640725134850034e-01
-1.027731472306608607e-01 -7.683391517943861937e-02 -2.988417140764688951e-02 2.706628173416169431e-02 6.129831193792164429e-02 8.126987560126386345e-02 1.175128039341022390e-01 1.083398114390652367e-01 1.310659460157755640e-01 1.498797212738243734e-01
-1.413346173733662503e-01 -1.185668472372816695e-01 -6.364198021140470007e-02 2.052591839863905296e-03 5.135506940653664087e-02 7.530268234185051590e-02 1.089020331521834001e-01 1.100640725134850034e-01 1.498797212738243734e-01 1.925613141342526202e-01
9.639496560130320080e-02 1.314592297298211310e-01 9.355986426003411183e-02 5.658644299633915076e-02 3.368257690703943541e-02 -2.086913508524113579e-03 -3.060279114579656651e-02 -7.732172872725133483e-02 -1.072449460234909668e-01 -1.139441046783930267e-01
1.314592297298211310e-01 2.249085528510171850e-01 1.784882515656297519e-01 1.183163363712565197e-01 8.734163323607362084e-02 4.805626232536835268e-02 -9.966729813369440069e-03 -6.767057620053866518e-02 -1.022646331799418051e-01 -1.234839302860254173e-01
9.355986426003411183e-02 1.784882515656297519e-01 1.846766913454373216e-01 1.498125276531916961e-01 1.269514368682384542e-01 9.261911485568663505e-02 2.719899953503085097e-02 -1.429240357120510792e-02 -5.368036472859654545e-02 -7.717788662314838122e-02
5.658644299633915076e-02 1.183163363712565197e-01 1.498125276531916961e-01 1.691245091855400062e-01 1.726774598913748404e-01 1.336883298276430598e-01 5.857050175307683404e-02 3.304638660762580088e-02 -9.113528561862411712e-03 -3.791033909248869849e-02
3.368257690703943541e-02 8.734163323607362084e-02 1.269514368682384542e-01 1.726774598913748404e-01 2.426674974011214792e-01 2.130478039406745738e-01 9.536684630490227521e-02 7.268320804193949269e-02 2.996665237834618759e-02 -6.325780252744210574e-03
-2.086913508524113579e-03 4.805626232536835268e-02 9.261911485568663505e-02 1.336883298276430598e-01 2.130478039406745738e-01 3.134024982455472230e-01 1.423925763037678927e-01 1.201253966887791125e-01 8.009822645250183615e-02 4.382662955856599096e-02
-3.060279114579656651e-02 -9.966729813369440069e-03 2.719899953503085097e-02 5.857050175307683404e-02 9.536684630490227521e-02 1.423925763037678927e-01 8.940996463693484664e-02 1.098166592493420857e-01 9.475993232813752221e-02 6.371471011895266101e-02
-7.732172872725133483e-02 -6.767057620053866518e-02 -1.429240357120510792e-02 3.304638660762580088e-02 7.268320804193949269e-02 1.201253966887791125e-01 1.098166592493420857e-01 1.950953431443149533e-01 2.020599673510204419e-01 1.334879511841849664e-01
-1.072449460234909668e-01 -1.022646331799418051e-01 -5.368036472859654545e-02 -9.113528561862411712e-03 2.996665237834618759e-02 8.009822645250183615e-02 9.475993232813752221e-02 2.020599673510204419e-01 3.063865728164824054e-01 1.948533454412908483e-01
-1.139441046783930267e-01 -1.234839302860254173e-01 -7.717788662314838122e-02 -3.791033909248869849e-02 -6.325780252744210574e-03 4.382662955856599096e-02 6.371471011895266101e-02 1.334879511841849664e-01 1.948533454412908483e-01 1.779334047723026557e-01
3.419921828003679165e-01 2.148918340920404901e-01 1.455159414111308891e-01 4.970896796843869703e-02 1.541902601835632748e-02 -9.606019584274091277e-03 -1.707022875100888681e-02 -4.472172240394933079e-02 -1.011240050619903602e-01 -1.884248311825032496e-01
2.148918340920404901e-01 3.079767826334207648e-01 2.276431269505282406e-01 8.466811318737456349e-02 5.912259744223283264e-02 4.141344325553217298e-02 1.505963611401327056e-02 2.354576276090607993e-03 -2.777185206533938980e-02 -1.070202154163374941e-01
1.455159414111308891e-01 2.276431269505282406e-01 2.354879843067583245e-01 9.681524848768163771e-02 8.600528300258612757e-02 7.389414329790056080e-02 3.539141896031906820e-02 3.446989379382175978e-02 2.832903068370178426e-02 -5.475330869902422792e-02
4.970896796843869703e-02 8.466811318737456349e-02 9.681524848768163771e-02 5.764998372269783400e-02 8.551012415945413725e-02 8.766218176705628529e-02 3.867286645646315912e-02 3.297354904737559433e-02 3.399975761618287406e-02 -4.386867045236736255e-03
1.541902601835632748e-02 5.912259744223283264e-02 8.600528300258612757e-02 8.551012415945413725e-02 1.832973878485308905e-01 2.023758146966981586e-01 8.511143386394659505e-02 6.435666371462586688e-02 6.724782677335128245e-02 3.233443425755828243e-02
-9.606019584274091277e-03 4.141344325553217298e-02 7.389414329790056080e-02 8.766218176705628529e-02 2.023758146966981586e-01 2.340281041393368899e-01 9.941905539130120595e-02 7.677324405401679541e-02 8.330669117856782935e-02 5.211026792522255313e-02
-1.707022875100888681e-02 1.505963611401327056e-02 3.539141896031906820e-02 3.867286645646315912e-02 8.511143386394659505e-02 9.941905539130120595e-02 4.837091620792539209e-02 5.113974098039775207e-02 7.161461488738746217e-02 4.432643950915784309e-02
-4.472172240394933079e-02 2.354576276090607993e-03 3.446989379382175978e-02 3.297354904737559433e-02 6.435666371462586688e-02 7.677324405401679541e-02 5.113974098039775207e-02 8.778570758151237052e-02 1.543652852422986721e-01 9.339763091614684820e-02
-1.011240050619903602e-01 -2.777185206533938980e-02 2.832903068370178426e-02 3.399975761618287406e-02 6.724782677335128245e-02 8.330669117856782935e-02 7.161461488738746217e-02 1.543652852422986721e-01 3.085092448015094302e-01 1.915273837219392261e-01
-1.884248311825032496e-01 -1.070202154163374941e-01 -5.475330869902422792e-02 -4.386867045236736255e-03 3.233443425755828243e-02 5.211026792522255313e-02 4.432643950915784309e-02 9.339763091614684820e-02 1.915273837219392261e-01 1.949017059579399302e-01
1.176196276917138017e-01 1.351873572859008665e-01 1.077055063849835653e-01 4.465735271532621231e-02 6.390854963769451030e-03 -3.666771587111195690e-02 -3.254903412682795538e-02 -5.370427115679326374e-02 -1.077071457689434963e-01 -1.463403307259905917e-01
1.351873572859008665e-01 2.179666642724058245e-01 2.083654686341795403e-01 9.911123541312877316e-02 5.445963348368702134e-02 -6.092275284959838139e-03 -1.996222003005139120e-02 -4.262007936398196084e-02 -8.664230966352755303e-02 -1.235216261746146932e-01
1.077055063849835653e-01 2.083654686341795403e-01 3.404900903471784757e-01 1.716859056208737688e-01 1.245163945135737277e-01 7.086748471323904564e-02 1.927665087101258778e-02 -9.666283188530437262e-03 -4.615588982223747111e-02 -8.413544319892712897e-02
4.465735271532621231e-02 9.911123541312877316e-02 1.716859056208737688e-01 1.527818030411177141e-01 1.747620591122427958e-01 1.212865620486401619e-01 5.123494526940944316e-02 2.939877667643968698e-02 1.714144613986353857e-02 -1.496522507208874857e-02
6.390854963769451030e-03 5.445963348368702134e-02 1.245163945135737277e-01 1.747620591122427958e-01 3.071463232745798022e-01 2.229199349034515221e-01 9.513437208820274549e-02 6.665271127136464246e-02 6.903923313407574203e-02 3.807721072826050074e-02
-3.666771587111195690e-02 -6.092275284959838139e-03 7.086748471323904564e-02 1.212865620486401619e-01 2.229199349034515221e-01 3.044014620999280218e-01 1.276878317453166434e-01 8.967111201477961924e-02 9.898231752106405323e-02 7.614082025740322168e-02
-3.254903412682795538e-02 -1.996222003005139120e-02 1.927665087101258778e-02 5.123494526940944316e-02 9.513437208820274549e-02 1.276878317453166434e-01 6.171402633561962059e-02 5.207000206779053425e-02 6.737961465883712808e-02 5.889351795852464794e-02
-5.370427115679326374e-02 -4.262007936398196084e-02 -9.666283188530437262e-03 2.939877667643968698e-02 6.665271127136464246e-02 8.967111201477961924e-02 5.207000206779053425e-02 5.904648510761274088e-02 9.535887710893274638e-02 9.550215353851976285e-02
-1.077071457689434963e-01 -8.664230966352755303e-02 -4.615588982223747111e-02 1.714144613986353857e-02 6.903923313407574203e-02 9.898231752106405323e-02 6.737961465883712808e-02 9.535887710893274638e-02 1.819460145286386776e-01 1.979008565580685775e-01
-1.463403307259905917e-01 -1.235216261746146932e-01 -8.413544319892712897e-02 -1.496522507208874857e-02 3.807721072826050074e-02 7.614082025740322168e-02 5.889351795852464794e-02 9.550215353851976285e-02 1.979008565580685775e-01 2.568875033012048004e-01
1.000922238238050460e-01 1.379632298958153869e-01 1.176293506965208346e-01 4.716523205643412264e-02 2.623530550997990596e-02 2.504805589976390190e-02 1.595448111651664004e-03 -3.941235090379435757e-02 -1.102918995801400598e-01 -7.568247328966772047e-02
1.379632298958153869e-01 2.274241171054270927e-01 2.141684549384276492e-01 7.922448469539815352e-02 4.497379358477761324e-02 5.287729471476849963e-02 2.340312526075572636e-02 -3.442852554764933709e-02 -1.214841228112691213e-01 -9.253565682726398733e-02
1.176293506965208346e-01 2.141684549384276492e-01 3.781161123907522681e-01 1.190957010377360209e-01 5.631290100769935358e-02 6.326167345799152408e-02 4.007840254406855318e-02 -2.018096445702516339e-02 -9.951342089411797931e-02 -7.745567963571758918e-02
4.716523205643412264e-02 7.922448469539815352e-02 1.190957010377360209e-01 4.424149264697520290e-02 3.193744705980568199e-02 5.695539908653017569e-02 4.143759759373577545e-02 6.297893800734386503e-03 -3.014041521433084500e-02 -2.891537729784727020e-02
2.623530550997990596e-02 4.497379358477761324e-02 5.631290100769935358e-02 3.193744705980568199e-02 4.870660662475252700e-02 1.303187128891679647e-01 8.647514144187586071e-02 4.100214504214835798e-02 1.403299773715679759e-02 -7.390441236046785614e-03
2.504805589976390190e-02 5.287729471476849963e-02 6.326167345799152408e-02 5.695539908653017569e-02 1.303187128891679647e-01 4.144749818601345392e-01 2.223067540582948365e-01 1.198392932685845153e-01 8.315924391901981239e-02 1.358814807414108865e-02
1.595448111651664004e-03 2.340312526075572636e-02 4.007840254406855318e-02 4.143759759373577545e-02 8.647514144187586071e-02 2.223067540582948365e-01 3.236555383104563477e-01 1.715138758929299345e-01 1.231411632288144653e-01 3.451832811835385539e-02
-3.941235090379435757e-02 -3.442852554764933709e-02 -2.018096445702516339e-02 6.297893800734386503e-03 4.100214504214835798e-02 1.198392932685845153e-01 1.715138758929299345e-01 1.312575964568587217e-01 1.494953953932222079e-01 6.089202476318161111e-02
-1.102918995801400598e-01 -1.214841228112691213e-01 -9.951342089411797931e-02 -3.014041521433084500e-02 1.403299773715679759e-02 8.315924391901981239e-02 1.231411632288144653e-01 1.494953953932222079e-01 2.609637964633865770e-01 1.257872945957995703e-01
-7.568247328966772047e-02 -9.253565682726398733e-02 -7.745567963571758918e-02 -2.891537729784727020e-02 -7.390441236046785614e-03 1.358814807414108865e-02 3.451832811835385539e-02 6.089202476318161111e-02 1.257872945957995703e-01 7.106753431745153893e-02
5.509095356309073876e-02 1.289148584751348969e-01 5.032624138335421715e-02 2.305172788798189043e-02 2.538103850611564058e-02 -6.187268813014235036e-03 -3.577058642997635318e-02 -5.092445085691209988e-02 -6.808509988777933231e-02 -5.043575308110645472e-02
1.289148584751348969e-01 3.980536471512342023e-01 1.512631322329146821e-01 6.171293500232356843e-02 6.349297390892172377e-02 2.433501971605721292e-02 4.850615938462544616e-03 -1.126195110389465251e-02 -2.713756654688613545e-02 -5.178170999895222171e-02
5.032624138335421715e-02 1.512631322329146821e-01 6.634331757808535623e-02 4.176178704394478691e-02 6.938333916359984421e-02 2.716568835727850226e-02 1.220900883452381847e-02 1.577607546773230176e-03 -1.000118480770144369e-02 -2.119714771882313595e-02
2.305172788798189043e-02 6.171293500232356843e-02 4.176178704394478691e-02 5.908132784379298286e-02 1.434635855444695296e-01 5.253758943579035084e-02 2.241064452335524843e-02 8.008244681399049464e-03 -3.992553186462581734e-03 -1.152853463619764145e-02
2.538103850611564058e-02 6.349297390892172377e-02 6.938333916359984421e-02 1.434635855444695296e-01 3.926860667461935517e-01 1.421182910259144450e-01 6.105387758369557744e-02 2.806250177032392629e-02 6.689764138488038699e-03 -9.879295436949625531e-03
-6.187268813014235036e-03 2.433501971605721292e-02 2.716568835727850226e-02 5.253758943579035084e-02 1.421182910259144450e-01 8.385647905170080796e-02 9.499099050723899818e-02 9.272657524578872823e-02 6.655626646910040023e-02 3.593357703355612442e-02
-3.577058642997635318e-02 4.850615938462544616e-03 1.220900883452381847e-02 2.241064452335524843e-02 6.105387758369557744e-02 9.499099050723899818e-02 1.870412595016705537e-01 2.082873308665501577e-01 1.514152000744911353e-01 9.330400389413927298e-02
-5.092445085691209988e-02 -1.126195110389465251e-02 1.577607546773230176e-03 8.008244681399049464e-03 2.806250177032392629e-02 9.272657524578872823e-02 2.082873308665501577e-01 2.657692577849953830e-01 2.099251134439377720e-01 1.221479380431507583e-01
-6.808509988777933231e-02 -2.713756654688613545e-02 -1.000118480770144369e-02 -3.992553186462581734e-03 6.689764138488038699e-03 6.655626646910040023e-02 1.514152000744911353e-01 2.099251134439377720e-01 3.911887824885235676e-01 1.802611144098554830e-01
-5.043575308110645472e-02 -5.178170999895222171e-02 -2.119714771882313595e-02 -1.152853463619764145e-02 -9.879295436949625531e-03 3.593357703355612442e-02 9.330400389413927298e-02 1.221479380431507583e-01 1.802611144098554830e-01 1.008889082907132029e-01
1.548744974044274358e-01 1.888469582196248275e-01 1.024852104362553029e-01 9.320394239761059518e-02 4.797258852005133190e-02 3.803710662245339373e-03 -1.959421715875234865e-02 -6.223489563768455635e-02 -9.444363875655380214e-02 -1.261772810007979473e-01
1.888469582196248275e-01 3.284949849255889287e-01 1.642562007710602900e-01 1.366222197631352664e-01 7.937807951640829529e-02 4.206662766492311883e-02 1.303489491540348478e-03 -3.875876071296272679e-02 -8.201910063411949059e-02 -1.252704833571322007e-01
1.024852104362553029e-01 1.642562007710602900e-01 1.172004062048256634e-01 1.262172409040325238e-01 8.172702616512131368e-02 5.748384415201519132e-02 1.892821425666831731e-02 -1.210518736083643311e-03 -4.394381787705120557e-02 -7.466106804617143877e-02
9.320394239761059518e-02 1.366222197631352664e-01 1.262172409040325238e-01 1.697638908768505650e-01 1.237867624682403023e-01 1.085297146992120210e-01 4.489782047062723658e-02 3.084111381310348024e-02 -3.125364962369186345e-02 -7.052348628521178109e-02
4.797258852005133190e-02 7.937807951640829529e-02 8.172702616512131368e-02 1.237867624682403023e-01 1.271120324156352899e-01 1.738903719365069989e-01 6.950334072880628988e-02 5.747588324144441152e-02 6.890704964247005258e-03 -2.624030816739925456e-02
3.803710662245339373e-03 4.206662766492311883e-02 5.748384415201519132e-02 1.085297146992120210e-01 1.738903719365069989e-01 3.709424903592000167e-01 1.415112597576804743e-01 1.154639383254448121e-01 6.365118938462395459e-02 2.832868327040698533e-02
-1.959421715875234865e-02 1.303489491540348478e-03 1.892821425666831731e-02 4.489782047062723658e-02 6.950334072880628988e-02 1.415112597576804743e-01 8.513069653037705353e-02 1.380347227712375169e-01 7.393924886440708666e-02 4.098588546574424840e-02
-6.223489563768455635e-02 -3.875876071296272679e-02 -1.210518736083643311e-03 3.084111381310348024e-02 5.747588324144441152e-02 1.154639383254448121e-01 1.380347227712375169e-01 3.697621559973343075e-01 1.865417889003934404e-01 1.008157999551436007e-01
-9.444363875655380214e-02 -8.201910063411949059e-02 -4.394381787705120557e-02 -3.125364962369186345e-02 6.890704964247005258e-03 6.365118938462395459e-02 7.393924886440708666e-02 1.865417889003934404e-01 1.465197987334587171e-01 1.163159368655297399e-01
-1.261772810007979473e-01 -1.252704833571322007e-01 -7.466106804617143877e-02 -7.052348628521178109e-02 -2.624030816739925456e-02 2.832868327040698533e-02 4.098588546574424840e-02 1.008157999551436007e-01 1.163159368655297399e-01 1.301990465523029383e-01
3.273891796769611284e-01 1.513245310736761606e-01 6.840017100901922553e-02 5.536517716392300170e-02 2.907319247150678618e-02 -1.844930295577514728e-02 -6.497695379911970492e-02 -8.484294172590896299e-02 -7.441987647246768589e-02 -1.482426947314781085e-01
1.513245310736761606e-01 7.695868625999023604e-02 4.864128716474602765e-02 6.545771359223716279e-02 4.654950911924688600e-02 1.482892129969589495e-02 -1.332396533540892297e-02 -3.908030702857120953e-02 -3.435660146550691130e-02 -6.806656067080496531e-02
6.840017100901922553e-02 4.864128716474602765e-02 6.049732679439565053e-02 1.227622087166393428e-01 9.628160833004548169e-02 5.892655985345440772e-02 3.225869645797441176e-02 -1.590630065943331173e-02 -1.530449180016186031e-02 -2.989134892919612096e-02
5.536517716392300170e-02 6.545771359223716279e-02 1.227622087166393428e-01 2.896756857141506436e-01 2.316633841132138549e-01 1.478585214278544391e-01 1.014518489051815658e-01 -3.979269710135630543e-03 -1.025937731251590733e-02 -2.205825141174038231e-02
2.907319247150678618e-02 4.654950911924688600e-02 9.628160833004548169e-02 2.316633841132138549e-01 4.297711873666538729e-01 1.871180330208536136e-01 1.158693019022819237e-01 2.249744284289330667e-02 2.858426053102164008e-03 -7.895753169953353620e-03
-1.844930295577514728e-02 1.482892129969589495e-02 5.892655985345440772e-02 1.478585214278544391e-01 1.871180330208536136e-01 1.336592797584739145e-01 1.226823614649941441e-01 7.322652305407789664e-02 2.639782653831442352e-02 1.727662367003789806e-02
-6.497695379911970492e-02 -1.332396533540892297e-02 3.225869645797441176e-02 1.014518489051815658e-01 1.158693019022819237e-01 1.226823614649941441e-01 1.815151362941164193e-01 1.926180415791629297e-01 6.738739202960319918e-02 4.602425909219606120e-02
-8.484294172590896299e-02 -3.908030702857120953e-02 -1.590630065943331173e-02 -3.979269710135630543e-03 2.249744284289330667e-02 7.322652305407789664e-02 1.926180415791629297e-01 3.818697537231194317e-01 1.207321026758074595e-01 6.550692567809875133e-02
-7.441987647246768589e-02 -3.435660146550691130e-02 -1.530449180016186031e-02 -1.025937731251590733e-02 2.858426053102164008e-03 2.639782653831442352e-02 6.738739202960319918e-02 1.207321026758074595e-01 4.797029504776546827e-02 4.284421640975509538e-02
-1.482426947314781085e-01 -6.806656067080496531e-02 -2.989134892919612096e-02 -2.205825141174038231e-02 -7.895753169953353620e-03 1.727662367003789806e-02 4.602425909219606120e-02 6.550692567809875133e-02 4.284421640975509538e-02 7.069346936437523321e-02
7.750450108270683092e-02 8.609856965259975181e-02 8.507777225888933648e-02 8.032479135376174861e-02 6.890519578234560738e-02 3.997903511842333668e-02 -1.449934816532094141e-02 -7.870320773466192577e-02 -9.460091746627251330e-02 -8.916697663146760933e-02
8.609856965259975181e-02 1.154228065918184165e-01 1.267902399300251948e-01 1.263204047621397930e-01 1.093716693745289126e-01 8.150408110262770400e-02 2.036174594671516860e-02 -3.711966176052687583e-02 -5.907255124535548685e-02 -7.702781703863016693e-02
8.507777225888933648e-02 1.267902399300251948e-01 1.546624229091540514e-01 1.650964368957135719e-01 1.399421047578716659e-01 1.079433164045815186e-01 4.563040518265405743e-02 -1.867231795162779383e-03 -3.314885442403499999e-02 -6.354325976652880348e-02
8.032479135376174861e-02 1.263204047621397930e-01 1.650964368957135719e-01 2.160631524852889285e-01 1.973339819059035660e-01 1.414124363625237080e-01 6.713486373144672559e-02 2.427128160254654610e-02 -1.542301306377137984e-02 -5.292104869949737500e-02
6.890519578234560738e-02 1.093716693745289126e-01 1.399421047578716659e-01 1.973339819059035660e-01 2.738021964103079520e-01 1.946737546175617284e-01 9.201868864420580107e-02 4.826459368246419079e-02 4.511518085939068314e-03 -3.913119427689227409e-02
3.997903511842333668e-02 8.150408110262770400e-02 1.079433164045815186e-01 1.414124363625237080e-01 1.946737546175617284e-01 1.818257467122798843e-01 1.096659354627533001e-01 9.772920200482455855e-02 5.181787717312491548e-02 6.661268585707249982e-04
-1.449934816532094141e-02 2.036174594671516860e-02 4.563040518265405743e-02 6.713486373144672559e-02 9.201868864420580107e-02 1.096659354627533001e-01 1.090314793268653826e-01 1.569421952401404141e-01 1.092076550855578115e-01 6.051763807145078139e-02
-7.870320773466192577e-02 -3.711966176052687583e-02 -1.867231795162779383e-03 2.427128160254654610e-02 4.826459368246419079e-02 9.772920200482455855e-02 1.569421952401404141e-01 3.035548535007991933e-01 2.288320432941079730e-01 1.500411672185637812e-01
-9.460091746627251330e-02 -5.907255124535548685e-02 -3.314885442403499999e-02 -1.542301306377137984e-02 4.511518085939068314e-03 5.181787717312491548e-02 1.092076550855578115e-01 2.288320432941079730e-01 4.296102776903879539e-01 1.945972255030034015e-01
-8.916697663146760933e-02 -7.702781703863016693e-02 -6.354325976652880348e-02 -5.292104869949737500e-02 -3.913119427689227409e-02 6.661268585707249982e-04 6.051763807145078139e-02 1.500411672185637812e-01 1.945972255030034015e-01 1.385225632903916149e-01
1.206130277349808100e-01 1.463608011840659417e-01 1.180760522157177916e-01 8.900925813042739887e-02 5.157138926059456896e-02 6.896174417794422029e-03 -3.973156875680645961e-02 -7.193218297405826189e-02 -1.044492977217265361e-01 -1.146414263727317528e-01
1.463608011840659417e-01 2.269482575941984548e-01 1.984072349656428313e-01 1.462226717623514582e-01 1.004342585759676748e-01 5.453377749966306642e-02 3.958634591556296073e-03 -3.876990982432896443e-02 -7.524421224125658891e-02 -1.071367161848969657e-01
1.180760522157177916e-01 1.984072349656428313e-01 2.431824939134985542e-01 1.928793242058805812e-01 1.297672419939135957e-01 8.263030692893860718e-02 4.025752466021483705e-02 -1.146644813909462445e-03 -4.101167080517774399e-02 -7.763780278359884435e-02
8.900925813042739887e-02 1.462226717623514582e-01 1.928793242058805812e-01 2.229022948987453567e-01 1.637141391668712753e-01 1.120816899657260390e-01 7.152757289166658539e-02 3.373722625094291439e-02 -6.192220355377808794e-03 -5.040830226662910973e-02
5.157138926059456896e-02 1.004342585759676748e-01 1.297672419939135957e-01 1.637141391668712753e-01 1.534815720490236846e-01 1.294572057238723983e-01 1.052466635234993175e-01 7.144319130403094242e-02 3.942699985258933670e-02 -7.570461681085560030e-03
6.896174417794422029e-03 5.453377749966306642e-02 8.263030692893860718e-02 1.120816899657260390e-01 1.294572057238723983e-01 1.513219405292088315e-01 1.586418631688265024e-01 1.244544216940495773e-01 9.184766873569484569e-02 4.351756559540887609e-02
-3.973156875680645961e-02 3.958634591556296073e-03 4.025752466021483705e-02 7.152757289166658539e-02 1.052466635234993175e-01 1.586418631688265024e-01 2.210424574642726459e-01 1.955186723586814779e-01 1.465336295045031045e-01 9.311071274655016716e-02
-7.193218297405826189e-02 -3.876990982432896443e-02 -1.146644813909462445e-03 3.373722625094291439e-02 7.144319130403094242e-02 1.244544216940495773e-01 1.955186723586814779e-01 2.474322532424408638e-01 2.031973179059546331e-01 1.287103773671048057e-01
-1.044492977217265361e-01 -7.524421224125658891e-02 -4.101167080517774399e-02 -6.192220355377808794e-03 3.942699985258933670e-02 9.184766873569484569e-02 1.465336295045031045e-01 2.031973179059546331e-01 2.602510657573435249e-01 1.746179136419844513e-01
-1.146414263727317528e-01 -1.071367161848969657e-01 -7.763780278359884435e-02 -5.040830226662910973e-02 -7.570461681085560030e-03 4.351756559540887609e-02 9.311071274655016716e-02 1.287103773671048057e-01 1.746179136419844513e-01 1.528246368162875790e-01
3.674791246560594749e-01 2.384656731363568594e-01 1.016513708828715168e-01 2.941373809119091770e-02 -1.233124834325717914e-02 -1.077199068181706500e-02 -1.853966360482073306e-02 -2.190779239596245265e-02 -7.633539847559485392e-02 -2.365620823095130054e-01
2.384656731363568594e-01 3.436450964295386101e-01 1.450003176088821566e-01 6.116585189127698302e-02 2.214683269530963797e-02 9.002349797056245426e-03 9.671411290046238313e-03 -1.257694359599184630e-02 -6.402608896222575230e-02 -1.872347558508948295e-01
1.016513708828715168e-01 1.450003176088821566e-01 8.732895402333501478e-02 8.189168165897001139e-02 8.706795986529877740e-02 4.236262250472860869e-02 5.024026401347488069e-02 8.911655912822148695e-03 -1.947730804994461315e-02 -7.471251218879368383e-02
2.941373809119091770e-02 6.116585189127698302e-02 8.189168165897001139e-02 1.483882629233872763e-01 2.004759837461963234e-01 9.216628182720842943e-02 9.749942882167217384e-02 2.922798358277914343e-02 1.093414536015436742e-02 -4.622243504566097075e-03
-1.233124834325717914e-02 2.214683269530963797e-02 8.706795986529877740e-02 2.004759837461963234e-01 3.006165667215261461e-01 1.336205591047232022e-01 1.295587333425076704e-01 4.271205670962019418e-02 2.984231077810942795e-02 3.809922450666520383e-02
-1.077199068181706500e-02 9.002349797056245426e-03 4.236262250472860869e-02 9.216628182720842943e-02 1.336205591047232022e-01 1.001396402699269439e-01 1.662798698505783268e-01 4.813146381512746486e-02 2.611934088564743864e-02 2.806793131275654718e-02
-1.853966360482073306e-02 9.671411290046238313e-03 5.024026401347488069e-02 9.749942882167217384e-02 1.295587333425076704e-01 1.662798698505783268e-01 3.829953581493565351e-01 1.058340089107776688e-01 5.069966801486029684e-02 4.755256787953380387e-02
-2.190779239596245265e-02 -1.257694359599184630e-02 8.911655912822148695e-03 2.922798358277914343e-02 4.271205670962019418e-02 4.813146381512746486e-02 1.058340089107776688e-01 3.061243421843160006e-02 1.911904175533629680e-02 2.816054890303903990e-02
-7.633539847559485392e-02 -6.402608896222575230e-02 -1.947730804994461315e-02 1.093414536015436742e-02 2.984231077810942795e-02 2.611934088564743864e-02 5.069966801486029684e-02 1.911904175533629680e-02 2.808090976494476490e-02 7.140476979259913204e-02
-2.365620823095130054e-01 -1.872347558508948295e-01 -7.471251218879368383e-02 -4.622243504566097075e-03 3.809922450666520383e-02 2.806793131275654718e-02 4.755256787953380387e-02 2.816054890303903990e-02 7.140476979259913204e-02 2.107136528434953304e-01
1.038250153806117015e-01 1.339637754417402626e-01 7.439433625271474337e-02 4.804174507305187386e-02 2.235052460962468762e-02 -1.357015446173512850e-02 -5.106102552655704396e-02 -4.428260858528550170e-02 -9.843226994273111818e-02 -1.519649273218890428e-01
1.339637754417402626e-01 2.165911558516130375e-01 1.294626321572963090e-01 1.042423981828272672e-01 6.584770367861911278e-02 9.248650979118918508e-03 -5.170824189543191118e-02 -5.050436071548571743e-02 -1.056866693490436659e-01 -1.310104887724464207e-01
7.439433625271474337e-02 1.294626321572963090e-01 1.006464974974420334e-01 1.463371026990758494e-01 8.518936919291120180e-02 4.340236653242245113e-02 4.079908815574444930e-03 -1.588552822976158074e-02 -4.853592013660479321e-02 -6.540182164978394774e-02
4.804174507305187386e-02 1.042423981828272672e-01 1.463371026990758494e-01 4.183183371771592718e-01 1.967317967539466417e-01 1.210995319574560969e-01 8.201608999306395087e-02 2.028832089202926153e-02 -4.834639256096816447e-03 -2.728723338113031235e-02
2.235052460962468762e-02 6.584770367861911278e-02 8.518936919291120180e-02 1.967317967539466417e-01 1.957387704169266662e-01 1.671926794071811884e-01 1.300002618454875747e-01 4.269152458867855882e-02 2.585689689533380436e-02 6.525341402231129954e-03
-1.357015446173512850e-02 9.248650979118918508e-03 4.340236653242245113e-02 1.210995319574560969e-01 1.671926794071811884e-01 2.030460354360903996e-01 1.838726587651609568e-01 6.743147239803691517e-02 5.797594518907452088e-02 4.245839442282874771e-02
-5.106102552655704396e-02 -5.170824189543191118e-02 4.079908815574444930e-03 8.201608999306395087e-02 1.300002618454875747e-01 1.838726587651609568e-01 1.993277376782388866e-01 8.215208559721721981e-02 8.870176941587228081e-02 8.028512991370956309e-02
-4.428260858528550170e-02 -5.050436071548571743e-02 -1.588552822976158074e-02 2.028832089202926153e-02 4.269152458867855882e-02 6.743147239803691517e-02 8.215208559721721981e-02 4.238162471467912806e-02 6.404557008084507674e-02 7.398729315804383755e-02
-9.843226994273111818e-02 -1.056866693490436659e-01 -4.853592013660479321e-02 -4.834639256096816447e-03 2.585689689533380436e-02 5.797594518907452088e-02 8.870176941587228081e-02 6.404557008084507674e-02 1.387977692048870115e-01 1.967018709212927652e-01
-1.519649273218890428e-01 -1.310104887724464207e-01 -6.540182164978394774e-02 -2.728723338113031235e-02 6.525341402231129954e-03 4.245839442282874771e-02 8.028512991370956309e-02 7.398729315804383755e-02 1.967018709212927652e-01 3.813270566423520025e-01
2.998271080140699207e-01 1.517417221071294120e-01 1.162567612640259540e-01 3.452971280917625785e-02 -2.496951721582558320e-02 -6.489327259449928498e-02 -8.588742699418513982e-02 -8.577056289921744514e-02 -1.394055664331912137e-01 -2.212899954992644524e-01
1.517417221071294120e-01 1.128461337220409005e-01 1.417550498022639993e-01 8.644004259921120314e-02 4.184654607396223747e-02 -2.007800894822096317e-03 -2.979912096139066685e-02 -4.159238844210631086e-02 -7.501331940930344722e-02 -1.133986993916664132e-01
1.162567612640259540e-01 1.417550498022639993e-01 2.850756354179538876e-01 2.245497325097945140e-01 1.533392347077072726e-01 7.952290498127906337e-02 2.685142037751026348e-02 -1.009581813633051231e-02 -4.561153165043637520e-02 -7.965898046921113251e-02
3.452971280917625785e-02 8.644004259921120314e-02 2.245497325097945140e-01 3.705685880505374397e-01 2.202585910996735785e-01 1.263035849730760884e-01 7.447335050589501404e-02 3.290905568525198666e-02 1.771952844710625655e-02 9.243412961739731152e-04
-2.496951721582558320e-02 4.184654607396223747e-02 1.533392347077072726e-01 2.202585910996735785e-01 2.435990492783016159e-01 1.606197326220345778e-01 1.057984218707653107e-01 5.870951665039837730e-02 5.483556429763793844e-02 5.072218385410665054e-02
-6.489327259449928498e-02 -2.007800894822096317e-03 7.952290498127906337e-02 1.263035849730760884e-01 1.606197326220345778e-01 1.334041693628081893e-01 1.019033823007727546e-01 6.592259258752279638e-02 7.388192345432849362e-02 7.969811345900448818e-02
-8.588742699418513982e-02 -2.979912096139066685e-02 2.685142037751026348e-02 7.447335050589501404e-02 1.057984218707653107e-01 1.019033823007727546e-01 9.041655790571526130e-02 6.642573360444117836e-02 8.379953889677743684e-02 9.706022802287611606e-02
-8.577056289921744514e-02 -4.159238844210631086e-02 -1.009581813633051231e-02 3.290905568525198666e-02 5.870951665039837730e-02 6.592259258752279638e-02 6.642573360444117836e-02 5.599734951444440556e-02 7.953305711148636603e-02 9.889257708156137805e-02
