2.447776596528855597e-01 1.922926260875656712e-01 1.298958365509463309e-01 6.533678553049600268e-02 1.885494108583909978e-02 -2.490260610798400442e-02 -4.892009018558635125e-02 -4.201969695693433954e-02 -4.322109404718861916e-03 5.505505537717537284e-02 1.171759370742192080e-01 1.976774773891699366e-01
1.922926260875656712e-01 2.484806373079314068e-01 1.970037379838779912e-01 1.107244209155592574e-01 6.686772688301392820e-02 1.256579928459209197e-02 -3.491926771606310154e-02 -5.575074509783425197e-02 -4.381151583610552042e-02 -1.090279303132463563e-03 5.904137323575360530e-02 1.282956319906493614e-01
1.298958365509463309e-01 1.970037379838779912e-01 2.254544112212989726e-01 1.488000518496053748e-01 1.159234830498933194e-01 5.839391369726662506e-02 1.343881437681787409e-03 -4.894021196423412740e-02 -6.127132909363911667e-02 -4.370577498717763409e-02 5.520188923685409935e-03 7.518083999890087799e-02
6.533678553049600268e-02 1.107244209155592574e-01 1.488000518496053748e-01 1.458853448760422111e-01 1.703610483910031337e-01 1.040227561858312055e-01 5.090599926007254028e-02 -1.312281506504251252e-02 -4.832145037339508065e-02 -5.236722877980758140e-02 -2.937979560235783050e-02 1.939525352603713171e-02
1.885494108583909978e-02 6.686772688301392820e-02 1.159234830498933194e-01 1.703610483910031337e-01 3.109549276624106184e-01 2.059841847934947845e-01 1.287764789331820037e-01 4.320780820574764147e-02 -2.587987346346973250e-02 -5.736404778652100245e-02 -5.711003562597374156e-02 -2.807693503082950293e-02
-2.490260610798400442e-02 1.256579928459209197e-02 5.839391369726662506e-02 1.040227561858312055e-01 2.059841847934947845e-01 2.371852030199863570e-01 2.058222427723339631e-01 1.089399818177414769e-01 3.834316641506846368e-02 -1.894313649699594024e-02 -4.663638652231900938e-02 -4.634933126471063591e-02
-4.892009018558635125e-02 -3.491926771606310154e-02 1.343881437681787409e-03 5.090599926007254028e-02 1.287764789331820037e-01 2.058222427723339631e-01 3.291556894505220932e-01 1.989640485049629093e-01 1.137495053003415579e-01 4.503353834598635558e-02 -9.268106681484386197e-03 -4.182084218619633309e-02
-4.201969695693433954e-02 -5.575074509783425197e-02 -4.894021196423412740e-02 -1.312281506504251252e-02 4.320780820574764147e-02 1.089399818177414769e-01 1.989640485049629093e-01 2.425930150800109097e-01 1.992361770308070934e-01 1.205550731833821831e-01 6.099636482834844275e-02 1.180258832538575407e-03
-4.322109404718861916e-03 -4.381151583610552042e-02 -6.127132909363911667e-02 -4.832145037339508065e-02 -2.587987346346973250e-02 3.834316641506846368e-02 1.137495053003415579e-01 1.992361770308070934e-01 2.675043031965579354e-01 1.964775479973146222e-01 1.242554322300074704e-01 5.813821700705539691e-02
5.505505537717537284e-02 -1.090279303132463563e-03 -4.370577498717763409e-02 -5.236722877980758140e-02 -5.736404778652100245e-02 -1.894313649699594024e-02 4.503353834598635558e-02 1.205550731833821831e-01 1.964775479973146222e-01 2.506419991160602212e-01 1.966623391334664239e-01 1.201182040625837499e-01
1.171759370742192080e-01 5.904137323575360530e-02 5.520188923685409935e-03 -2.937979560235783050e-02 -5.711003562597374156e-02 -4.663638652231900938e-02 -9.268106681484386197e-03 6.099636482834844275e-02 1.242554322300074704e-01 1.966623391334664239e-01 2.443417338206609890e-01 1.900639245081366391e-01
1.976774773891699366e-01 1.282956319906493614e-01 7.518083999890087799e-02 1.939525352603713171e-02 -2.807693503082950293e-02 -4.634933126471063591e-02 -4.182084218619633309e-02 1.180258832538575407e-03 5.813821700705539691e-02 1.201182040625837499e-01 1.900639245081366391e-01 2.530250755956275355e-01
2.622192721260799830e-01 1.684524772796571757e-01 1.186782209573456759e-01 5.327886112360238208e-02 -4.165743060065283006e-03 -5.222077388802170289e-02 -6.140502326474754635e-02 -4.944918040869360903e-02 -6.629065629981075077e-03 6.256084019544151664e-02 1.273693840174586756e-01 2.088842929423484485e-01
1.684524772796571757e-01 1.668144092896487463e-01 1.768951736209396497e-01 1.052565520783010078e-01 5.120822798121689445e-02 -1.077165794594398332e-02 -4.399266714809631218e-02 -5.523735047230076550e-02 -3.806060602482255750e-02 2.867966051348578606e-03 5.855933762196281755e-02 1.139430474636255325e-01
1.186782209573456759e-01 1.768951736209396497e-01 3.065744028156701106e-01 2.056612806486331491e-01 1.314392482067814616e-01 5.456223748560655451e-02 -9.710667331307480665e-03 -5.125257155048375257e-02 -5.746902793760871875e-02 -4.395221024856360570e-02 4.153008613727166010e-03 5.978406961139015596e-02
5.327886112360238208e-02 1.052565520783010078e-01 2.056612806486331491e-01 2.438874621462743253e-01 2.052528922735087080e-01 1.174815323424757418e-01 5.009212763380772870e-02 -5.445305109430871593e-03 -3.809015256613716705e-02 -5.107141192942087765e-02 -3.504176966887072309e-02 -1.490123091317061650e-03
-4.165743060065283006e-03 5.120822798121689445e-02 1.314392482067814616e-01 2.052528922735087080e-01 3.020634794338930007e-01 1.986827885375622160e-01 1.143021130126569695e-01 5.685109650933029696e-02 4.436340831417032865e-03 -3.509171645020513902e-02 -4.931204673448545683e-02 -4.316278500176487509e-02
-5.222077388802170289e-02 -1.077165794594398332e-02 5.456223748560655451e-02 1.174815323424757418e-01 1.986827885375622160e-01 2.328878614149624826e-01 1.788512998786319086e-01 1.232681068422247367e-01 6.635574347061973244e-02 1.536447585493482329e-02 -3.502377740831824626e-02 -5.873581427536211930e-02
-6.140502326474754635e-02 -4.399266714809631218e-02 -9.710667331307480665e-03 5.009212763380772870e-02 1.143021130126569695e-01 1.788512998786319086e-01 2.133764722141811843e-01 1.910142554752214950e-01 1.203760701664267768e-01 6.869512597173917101e-02 3.142915610832741624e-03 -4.322772942934537815e-02
-4.944918040869360903e-02 -5.523735047230076550e-02 -5.125257155048375257e-02 -5.445305109430871593e-03 5.685109650933029696e-02 1.232681068422247367e-01 1.910142554752214950e-01 2.688953182985832635e-01 1.918545358192567385e-01 1.288717386567256040e-01 5.750034702451839452e-02 -3.434889546515695110e-03
-6.629065629981075077e-03 -3.806060602482255750e-02 -5.746902793760871875e-02 -3.809015256613716705e-02 4.436340831417032865e-03 6.635574347061973244e-02 1.203760701664267768e-01 1.918545358192567385e-01 2.157898592189913534e-01 1.903438690413366274e-01 1.105378807883140579e-01 5.169139870536888087e-02
6.256084019544151664e-02 2.867966051348578606e-03 -4.395221024856360570e-02 -5.107141192942087765e-02 -3.509171645020513902e-02 1.536447585493482329e-02 6.869512597173917101e-02 1.288717386567256040e-01 1.903438690413366274e-01 2.737495379669370177e-01 1.929214324743430964e-01 1.243239629621626929e-01
1.273693840174586756e-01 5.855933762196281755e-02 4.153008613727166010e-03 -3.504176966887072309e-02 -4.931204673448545683e-02 -3.502377740831824626e-02 3.142915610832741624e-03 5.750034702451839452e-02 1.105378807883140579e-01 1.929214324743430964e-01 2.278728589439707186e-01 1.974026057133531631e-01
2.088842929423484485e-01 1.139430474636255325e-01 5.978406961139015596e-02 -1.490123091317061650e-03 -4.316278500176487509e-02 -5.873581427536211930e-02 -4.322772942934537815e-02 -3.434889546515695110e-03 5.169139870536888087e-02 1.243239629621626929e-01 1.974026057133531631e-01 2.858690661308150860e-01
2.994832528626951706e-01 2.006536049635248009e-01 1.216254320975369008e-01 4.969480782231251725e-02 -9.741617783249051712e-03 -5.038317277396329313e-02 -5.849717850079498571e-02 -4.976200934181903429e-02 -1.226863375979605347e-02 4.869878847514705345e-02 1.201165896447609072e-01 2.057691760729319086e-01
2.006536049635248009e-01 2.336596836711975489e-01 1.935139017742776302e-01 1.159996851975348686e-01 5.308869093468313038e-02 -1.750280286505893771e-03 -3.814848942284129740e-02 -5.530066624350996746e-02 -4.645655508367278058e-02 -1.402957035481994588e-02 5.097609782182255245e-02 1.194063269652820697e-01
1.216254320975369008e-01 1.935139017742776302e-01 2.727663910331851183e-01 2.025698304058388133e-01 1.233072240206442294e-01 6.602419279269737540e-02 8.053404644007557470e-03 -3.580645816403146137e-02 -5.405232576627154450e-02 -5.186323286785385345e-02 -1.028831270399362813e-02 5.170478756888415017e-02
4.969480782231251725e-02 1.159996851975348686e-01 2.025698304058388133e-01 2.606160495709154423e-01 1.928975546795130558e-01 1.281994327124426347e-01 6.656058833128036811e-02 1.500752553563283048e-02 -2.969941595505623186e-02 -5.516283460360588836e-02 -4.854863049341687914e-02 -1.457065040941599859e-02
-9.741617783249051712e-03 5.308869093468313038e-02 1.233072240206442294e-01 1.928975546795130558e-01 2.304722609292725044e-01 1.913981739032362128e-01 1.179077010625605021e-01 6.732471398411635222e-02 1.484750588989012902e-02 -3.089942129583114067e-02 -5.223605528154307703e-02 -4.794896955195656479e-02
-5.038317277396329313e-02 -1.750280286505893771e-03 6.602419279269737540e-02 1.281994327124426347e-01 1.913981739032362128e-01 2.450868507016426556e-01 1.786268653063414480e-01 1.232311563583608494e-01 6.750253595130464856e-02 1.401643545091764420e-02 -3.662010128599981623e-02 -5.959598291633349393e-02
-5.849717850079498571e-02 -3.814848942284129740e-02 8.053404644007557470e-03 6.656058833128036811e-02 1.179077010625605021e-01 1.786268653063414480e-01 1.971075853476343398e-01 1.779969787413094862e-01 1.183870706354773622e-01 6.700949529164576535e-02 5.360758400438654647e-03 -4.204874188568741289e-02
-4.976200934181903429e-02 -5.530066624350996746e-02 -3.580645816403146137e-02 1.500752553563283048e-02 6.732471398411635222e-02 1.232311563583608494e-01 1.779969787413094862e-01 2.410281696389411088e-01 1.906002317767801491e-01 1.292496326717390287e-01 6.207144470951275750e-02 -3.742682063720182122e-03
-1.226863375979605347e-02 -4.645655508367278058e-02 -5.405232576627154450e-02 -2.969941595505623186e-02 1.484750588989012902e-02 6.750253595130464856e-02 1.183870706354773622e-01 1.906002317767801491e-01 2.328364675538198980e-01 1.992665990580725910e-01 1.192383193715325085e-01 5.212903278937716656e-02
4.869878847514705345e-02 -1.402957035481994588e-02 -5.186323286785385345e-02 -5.516283460360588836e-02 -3.089942129583114067e-02 1.401643545091764420e-02 6.700949529164576535e-02 1.292496326717390287e-01 1.992665990580725910e-01 2.852918685267404886e-01 1.986900409258018363e-01 1.184465240214560983e-01
1.201165896447609072e-01 5.097609782182255245e-02 -1.028831270399362813e-02 -4.854863049341687914e-02 -5.223605528154307703e-02 -3.662010128599981623e-02 5.360758400438654647e-03 6.207144470951275750e-02 1.192383193715325085e-01 1.986900409258018363e-01 2.418734877849993414e-01 1.941894046886713521e-01
2.057691760729319086e-01 1.194063269652820697e-01 5.170478756888415017e-02 -1.457065040941599859e-02 -4.794896955195656479e-02 -5.959598291633349393e-02 -4.204874188568741289e-02 -3.742682063720182122e-03 5.212903278937716656e-02 1.184465240214560983e-01 1.941894046886713521e-01 2.597779323789614625e-01
2.268954298191238617e-01 1.689468764499855169e-01 1.248453339862726774e-01 6.043054290980499899e-02 5.748236873339611017e-03 -4.280584167160755849e-02 -5.277049377209248188e-02 -3.191672552624295195e-02 1.160765783383236292e-02 6.803588975542061712e-02 1.172040583274209652e-01 1.974762125917062239e-01
1.689468764499855169e-01 1.886277367394564308e-01 1.905485143475900145e-01 1.073463574353141076e-01 5.347357941591082686e-02 -6.978662036324828621e-03 -4.289087231767027553e-02 -4.769865508094036505e-02 -2.891709355185420952e-02 1.834357115316290199e-02 6.308966163921547743e-02 1.218579717646485483e-01
1.248453339862726774e-01 1.905485143475900145e-01 3.139783192124287470e-01 1.898117500269033420e-01 1.193205655239985702e-01 5.004514279502783602e-02 -1.615949425857548041e-02 -5.304500322876807422e-02 -6.013770932665951641e-02 -3.149551179600126177e-02 1.354836538591940032e-02 7.272236325758327236e-02
6.043054290980499899e-02 1.073463574353141076e-01 1.898117500269033420e-01 1.943695168633066128e-01 1.834314312668540170e-01 1.129702637488600170e-01 4.739588530366424524e-02 -1.582392258955268166e-02 -5.268339517753674317e-02 -5.026290020843900835e-02 -2.842210453834530942e-02 1.103451201853050158e-02
5.748236873339611017e-03 5.347357941591082686e-02 1.193205655239985702e-01 1.834314312668540170e-01 2.856975242339873100e-01 2.108204613797515226e-01 1.258919252139316658e-01 4.309538801648157835e-02 -2.420554277888554984e-02 -5.090021958980390365e-02 -5.204217998982105242e-02 -3.767600668241075784e-02
-4.280584167160755849e-02 -6.978662036324828621e-03 5.004514279502783602e-02 1.129702637488600170e-01 2.108204613797515226e-01 2.888609154173913396e-01 2.110278583697382804e-01 1.132539697271658097e-01 4.273359967676937377e-02 -1.575109472378833156e-02 -4.592752050065668223e-02 -5.876969251092548086e-02
-5.277049377209248188e-02 -4.289087231767027553e-02 -1.615949425857548041e-02 4.739588530366424524e-02 1.258919252139316658e-01 2.110278583697382804e-01 2.894522508135589089e-01 1.933333240049656121e-01 1.180566418996314426e-01 5.158125839556568226e-02 -8.449660615111099539e-04 -4.057240751117755645e-02
-3.191672552624295195e-02 -4.769865508094036505e-02 -5.304500322876807422e-02 -1.582392258955268166e-02 4.309538801648157835e-02 1.132539697271658097e-01 1.933333240049656121e-01 2.293407656836462527e-01 1.995013269781963361e-01 1.191276266154578656e-01 6.088201721791525883e-02 1.053633873699148099e-02
1.160765783383236292e-02 -2.891709355185420952e-02 -6.013770932665951641e-02 -5.268339517753674317e-02 -2.420554277888554984e-02 4.273359967676937377e-02 1.180566418996314426e-01 1.995013269781963361e-01 2.983606302107635888e-01 1.991588285783016943e-01 1.208325405750275139e-01 6.992285375870369024e-02
6.803588975542061712e-02 1.834357115316290199e-02 -3.149551179600126177e-02 -5.026290020843900835e-02 -5.090021958980390365e-02 -1.575109472378833156e-02 5.158125839556568226e-02 1.191276266154578656e-01 1.991588285783016943e-01 2.248553303300548922e-01 1.721275377723749667e-01 1.254449718223032695e-01
1.172040583274209652e-01 6.308966163921547743e-02 1.354836538591940032e-02 -2.842210453834530942e-02 -5.204217998982105242e-02 -4.592752050065668223e-02 -8.449660615111099539e-04 6.088201721791525883e-02 1.208325405750275139e-01 1.721275377723749667e-01 1.935698366202167897e-01 1.823878359472280719e-01
1.974762125917062239e-01 1.218579717646485483e-01 7.272236325758327236e-02 1.103451201853050158e-02 -3.767600668241075784e-02 -5.876969251092548086e-02 -4.057240751117755645e-02 1.053633873699148099e-02 6.992285375870369024e-02 1.254449718223032695e-01 1.823878359472280719e-01 2.659917440560601309e-01
2.733095809886481042e-01 1.949713172712748965e-01 1.209605221979942608e-01 5.798656407378999234e-02 -5.441992652028335500e-03 -4.737048129393724855e-02 -5.724336082007473736e-02 -3.329009191388937472e-02 7.752621849328318951e-03 6.517940053907320119e-02 1.264145981638288285e-01 1.997153232926427990e-01
1.949713172712748965e-01 2.225547917612534787e-01 1.815668295110869357e-01 1.178160655644350796e-01 5.325069920355929298e-02 -9.226429061889071526e-03 -5.124030530099538822e-02 -5.264871639616829080e-02 -3.769499534031671428e-02 8.647526045118807125e-03 6.589253663033800557e-02 1.240963714781692651e-01
1.209605221979942608e-01 1.815668295110869357e-01 2.379376281095509638e-01 1.981198486267476966e-01 1.213112329388821159e-01 5.049824845282550184e-02 -1.946126928813561585e-02 -5.054485817218785926e-02 -6.007461994382132242e-02 -3.803920709716927112e-02 5.680984555886179135e-03 6.219542907733790343e-02
5.798656407378999234e-02 1.178160655644350796e-01 1.981198486267476966e-01 2.706730926379232738e-01 2.058394831441353323e-01 1.211863967837986528e-01 4.492887098260833767e-02 -1.719908020910818069e-02 -5.419340354330540871e-02 -5.801286251188879362e-02 -4.076867481439681862e-02 1.727939531659137672e-03
-5.441992652028335500e-03 5.325069920355929298e-02 1.213112329388821159e-01 2.058394831441353323e-01 2.902059841587586453e-01 2.060029417753947989e-01 1.198047960881066104e-01 4.602081406517977841e-02 -1.062091298286251852e-02 -4.376404030692662706e-02 -5.349083878133840952e-02 -4.121054455466429539e-02
-4.737048129393724855e-02 -9.226429061889071526e-03 5.049824845282550184e-02 1.211863967837986528e-01 2.060029417753947989e-01 2.633267886768147492e-01 2.033685295551397876e-01 1.138521207210609482e-01 5.793547993403665164e-02 3.498339341489091828e-03 -3.558996118231336214e-02 -5.262216248153887832e-02
-5.724336082007473736e-02 -5.124030530099538822e-02 -1.946126928813561585e-02 4.492887098260833767e-02 1.198047960881066104e-01 2.033685295551397876e-01 2.830000391089876888e-01 1.891771450269004173e-01 1.264025327097628437e-01 6.688167909257430876e-02 1.252170681143347820e-02 -3.363037530591032886e-02
-3.329009191388937472e-02 -5.264871639616829080e-02 -5.054485817218785926e-02 -1.719908020910818069e-02 4.602081406517977841e-02 1.138521207210609482e-01 1.891771450269004173e-01 2.069518540304854382e-01 1.868546065789458699e-01 1.188726509643150964e-01 6.471503363126644703e-02 1.233934093338311805e-02
7.752621849328318951e-03 -3.769499534031671428e-02 -6.007461994382132242e-02 -5.419340354330540871e-02 -1.062091298286251852e-02 5.793547993403665164e-02 1.264025327097628437e-01 1.868546065789458699e-01 2.631999688455922692e-01 1.914617156292774680e-01 1.225540555435517820e-01 6.583330576821001812e-02
6.517940053907320119e-02 8.647526045118807125e-03 -3.803920709716927112e-02 -5.801286251188879362e-02 -4.376404030692662706e-02 3.498339341489091828e-03 6.688167909257430876e-02 1.188726509643150964e-01 1.914617156292774680e-01 2.164534049451190545e-01 1.788540507853663697e-01 1.207207797845293862e-01
1.264145981638288285e-01 6.589253663033800557e-02 5.680984555886179135e-03 -4.076867481439681862e-02 -5.349083878133840952e-02 -3.558996118231336214e-02 1.252170681143347820e-02 6.471503363126644703e-02 1.225540555435517820e-01 1.788540507853663697e-01 2.280106652527372768e-01 1.903121016561843126e-01
1.997153232926427990e-01 1.240963714781692651e-01 6.219542907733790343e-02 1.727939531659137672e-03 -4.121054455466429539e-02 -5.262216248153887832e-02 -3.363037530591032886e-02 1.233934093338311805e-02 6.583330576821001812e-02 1.207207797845293862e-01 1.903121016561843126e-01 2.443762014841358854e-01
2.576677626155863821e-01 2.100374556192246833e-01 1.187894335405065283e-01 3.967595141654131630e-02 -2.167147181007517132e-02 -5.129716806408388119e-02 -5.347383683327941450e-02 -4.106160164183001587e-02 -4.542387634085104028e-03 4.616006689343323671e-02 1.081780850257354903e-01 2.032193398110799798e-01
2.100374556192246833e-01 3.110959476955602598e-01 2.005627150235550493e-01 1.074405412427359013e-01 3.902039972737811335e-02 -1.347269535976575172e-02 -4.086979478444108249e-02 -5.390780567625139130e-02 -3.999159361393901657e-02 -6.777687485327844007e-03 5.682817090381508951e-02 1.330892017639079550e-01
1.187894335405065283e-01 2.005627150235550493e-01 2.506576316286438511e-01 1.946762470181799265e-01 1.225678600814673336e-01 6.610880462389380485e-02 1.337504695299961827e-02 -3.296082327915687143e-02 -4.811999497369652545e-02 -4.450309892651774235e-02 -3.181638222753750862e-03 5.575797257358802023e-02
3.967595141654131630e-02 1.074405412427359013e-01 1.946762470181799265e-01 2.527923120042728788e-01 2.028766435392345691e-01 1.312869015879682133e-01 6.998902887950851637e-02 1.291044462305503647e-02 -2.825349532013055054e-02 -5.096598363043474550e-02 -4.382415056559734595e-02 -1.895135582542974845e-02
-2.167147181007517132e-02 3.902039972737811335e-02 1.225678600814673336e-01 2.028766435392345691e-01 2.877097951814425181e-01 2.032471412652978315e-01 1.207610419054916256e-01 6.408836399581223364e-02 1.148555203535405606e-02 -3.288556571977358650e-02 -5.221105119445905440e-02 -5.717772225471023928e-02
-5.129716806408388119e-02 -1.347269535976575172e-02 6.610880462389380485e-02 1.312869015879682133e-01 2.032471412652978315e-01 2.202896591842555263e-01 1.593067130508917795e-01 1.110754581769224647e-01 5.676440052401540703e-02 1.010471890288053808e-02 -3.450886200716844765e-02 -6.215948812426592973e-02
-5.347383683327941450e-02 -4.086979478444108249e-02 1.337504695299961827e-02 6.998902887950851637e-02 1.207610419054916256e-01 1.593067130508917795e-01 1.742943772469866537e-01 1.713162140198588035e-01 1.128862651132811340e-01 6.750068116547733310e-02 6.750152302358076659e-03 -4.049073853955916652e-02
-4.106160164183001587e-02 -5.390780567625139130e-02 -3.296082327915687143e-02 1.291044462305503647e-02 6.408836399581223364e-02 1.110754581769224647e-01 1.713162140198588035e-01 2.515259704383905337e-01 1.943686845306983602e-01 1.368404247359579773e-01 6.373010014625420105e-02 2.321315829404564570e-03
-4.542387634085104028e-03 -3.999159361393901657e-02 -4.811999497369652545e-02 -2.825349532013055054e-02 1.148555203535405606e-02 5.676440052401540703e-02 1.128862651132811340e-01 1.943686845306983602e-01 2.262038543584965478e-01 2.051135798572094049e-01 1.105821069848714894e-01 5.283997349646560315e-02
4.616006689343323671e-02 -6.777687485327844007e-03 -4.450309892651774235e-02 -5.096598363043474550e-02 -3.288556571977358650e-02 1.010471890288053808e-02 6.750068116547733310e-02 1.368404247359579773e-01 2.051135798572094049e-01 3.354839413631297562e-01 1.834633311915747911e-01 1.101087092408683660e-01
1.081780850257354903e-01 5.682817090381508951e-02 -3.181638222753750862e-03 -4.382415056559734595e-02 -5.221105119445905440e-02 -3.450886200716844765e-02 6.750152302358076659e-03 6.373010014625420105e-02 1.105821069848714894e-01 1.834633311915747911e-01 1.723221488320304251e-01 1.675868531512314519e-01
2.032193398110799798e-01 1.330892017639079550e-01 5.575797257358802023e-02 -1.895135582542974845e-02 -5.717772225471023928e-02 -6.215948812426592973e-02 -4.049073853955916652e-02 2.321315829404564570e-03 5.283997349646560315e-02 1.101087092408683660e-01 1.675868531512314519e-01 2.599565994512043066e-01
2.209206371907460609e-01 1.836492775391536103e-01 1.126895120889971069e-01 4.830392792027150828e-02 -8.586275883133803050e-03 -4.857488875618871244e-02 -5.335193989093428568e-02 -3.562736888693847359e-02 1.013600647506720555e-02 6.714879865156339611e-02 1.197802262511022120e-01 2.007279240490050798e-01
1.836492775391536103e-01 2.462850732037581980e-01 1.984780994454791725e-01 1.237804598919061416e-01 5.570199155245020295e-02 -1.562089431953398843e-03 -3.686378093225652075e-02 -4.792961124588225597e-02 -3.076909774675985060e-02 1.489989204512991855e-02 6.495583178309244365e-02 1.239185971512082457e-01
1.126895120889971069e-01 1.984780994454791725e-01 2.743843156538493533e-01 2.129409029018912713e-01 1.250997235395897855e-01 6.736582069051687272e-02 8.926359346107429205e-03 -3.641568730683962529e-02 -5.104768502212703868e-02 -3.592275827493517093e-02 1.188150864437007665e-03 5.207194435087118822e-02
4.830392792027150828e-02 1.237804598919061416e-01 2.129409029018912713e-01 3.029993672501089530e-01 1.917435513422457438e-01 1.219728776637648837e-01 5.810984006114960909e-02 -4.197438723519287401e-04 -4.138113925683361422e-02 -5.465866634018860803e-02 -4.336500582377456059e-02 -1.511953516822924989e-02
-8.586275883133803050e-03 5.570199155245020295e-02 1.250997235395897855e-01 1.917435513422457438e-01 1.987514430970576118e-01 1.723160855023181948e-01 1.092827502676387980e-01 5.170543585135820019e-02 -2.203579489752359975e-03 -4.382726484888802010e-02 -5.536743906175545932e-02 -5.083871468845289898e-02
-4.857488875618871244e-02 -1.562089431953398843e-03 6.736582069051687272e-02 1.219728776637648837e-01 1.723160855023181948e-01 2.234163691043338784e-01 1.783875172885633353e-01 1.180540679301720769e-01 5.770480660782582871e-02 -9.501818373704088924e-03 -4.932751026427584229e-02 -6.693643603771055883e-02
-5.335193989093428568e-02 -3.686378093225652075e-02 8.926359346107429205e-03 5.810984006114960909e-02 1.092827502676387980e-01 1.783875172885633353e-01 2.182523226762628221e-01 2.016165207157862571e-01 1.265403362102464624e-01 5.494955152565841189e-02 -6.419993258527151650e-03 -4.804353957254066387e-02
-3.562736888693847359e-02 -4.792961124588225597e-02 -3.641568730683962529e-02 -4.197438723519287401e-04 5.170543585135820019e-02 1.180540679301720769e-01 2.016165207157862571e-01 3.307169151613890135e-01 2.144621136508995940e-01 1.247516827289975871e-01 5.273373522768985688e-02 -4.758520007256994075e-03
1.013600647506720555e-02 -3.076909774675985060e-02 -5.104768502212703868e-02 -4.138113925683361422e-02 -2.203579489752359975e-03 5.770480660782582871e-02 1.265403362102464624e-01 2.144621136508995940e-01 2.767174744768854389e-01 1.959882785610400080e-01 1.114070733159922000e-01 5.746576218949248777e-02
6.714879865156339611e-02 1.489989204512991855e-02 -3.592275827493517093e-02 -5.465866634018860803e-02 -4.382726484888802010e-02 -9.501818373704088924e-03 5.494955152565841189e-02 1.247516827289975871e-01 1.959882785610400080e-01 2.153517328085406690e-01 1.600968346931291308e-01 1.183635906381425712e-01
1.197802262511022120e-01 6.495583178309244365e-02 1.188150864437007665e-03 -4.336500582377456059e-02 -5.536743906175545932e-02 -4.932751026427584229e-02 -6.419993258527151650e-03 5.273373522768985688e-02 1.114070733159922000e-01 1.600968346931291308e-01 1.837877361116297403e-01 1.896468101730698352e-01
2.007279240490050798e-01 1.239185971512082457e-01 5.207194435087118822e-02 -1.511953516822924989e-02 -5.083871468845289898e-02 -6.693643603771055883e-02 -4.804353957254066387e-02 -4.758520007256994075e-03 5.746576218949248777e-02 1.183635906381425712e-01 1.896468101730698352e-01 3.084166132654461712e-01
2.535660864302397011e-01 1.874492095506505307e-01 1.236700449289511450e-01 5.530534242256442828e-02 -8.686121302821335488e-03 -5.051193394993074015e-02 -5.981956919015397889e-02 -4.191900595382037215e-02 -5.517935650591300305e-03 5.670275154245271731e-02 1.206455526626667163e-01 1.962108714796974296e-01
1.874492095506505307e-01 2.217183420829405838e-01 1.974662546530580043e-01 1.164627386220460636e-01 5.062656310320763631e-02 -9.389222476107189283e-03 -4.574995158775035237e-02 -5.161256795732838132e-02 -4.426589641549524834e-02 2.865568329669064811e-04 5.718491539172396165e-02 1.195488329862071375e-01
1.236700449289511450e-01 1.974662546530580043e-01 2.986511953389456853e-01 2.020367835116027300e-01 1.203784360865561703e-01 5.351154566437313354e-02 -6.736576379622379734e-03 -4.108776188248454420e-02 -5.997501344637830301e-02 -4.312226736857956849e-02 -1.624489309856068332e-03 6.038300463606800783e-02
5.530534242256442828e-02 1.164627386220460636e-01 2.020367835116027300e-01 2.479855786817848073e-01 1.961412143072197023e-01 1.229074583968190748e-01 6.218782526752826556e-02 7.281980904604154134e-03 -3.845991078143026765e-02 -5.057853686567954921e-02 -4.063985756053579979e-02 -2.540681710700522233e-03
-8.686121302821335488e-03 5.062656310320763631e-02 1.203784360865561703e-01 1.961412143072197023e-01 2.539589412460546702e-01 1.972262798332019562e-01 1.249327365522624050e-01 6.217779284585045474e-02 7.726859284723052411e-03 -3.358171023358032248e-02 -5.221804196626211869e-02 -4.613628261144955833e-02
-5.051193394993074015e-02 -9.389222476107189283e-03 5.351154566437313354e-02 1.229074583968190748e-01 1.972262798332019562e-01 2.601852568069036309e-01 1.981376743298183529e-01 1.178434497088924060e-01 6.499894273167497460e-02 6.972608685681592165e-03 -3.895983467011319284e-02 -6.000036697167423355e-02
-5.981956919015397889e-02 -4.574995158775035237e-02 -6.736576379622379734e-03 6.218782526752826556e-02 1.249327365522624050e-01 1.981376743298183529e-01 2.352559704274556074e-01 1.694228376081958753e-01 1.210585191256222798e-01 6.069171841093776165e-02 3.294388567965086945e-03 -4.419466892988924145e-02
-4.191900595382037215e-02 -5.161256795732838132e-02 -4.108776188248454420e-02 7.281980904604154134e-03 6.217779284585045474e-02 1.178434497088924060e-01 1.694228376081958753e-01 1.863284849532431120e-01 1.863009841955611257e-01 1.145171866291700424e-01 5.806300918006232492e-02 -1.208841127691673203e-03
-5.517935650591300305e-03 -4.426589641549524834e-02 -5.997501344637830301e-02 -3.845991078143026765e-02 7.726859284723052411e-03 6.499894273167497460e-02 1.210585191256222798e-01 1.863009841955611257e-01 2.979407005932558916e-01 2.025209152734079865e-01 1.270073103642718193e-01 5.944586539556970251e-02
5.670275154245271731e-02 2.865568329669064811e-04 -4.312226736857956849e-02 -5.057853686567954921e-02 -3.358171023358032248e-02 6.972608685681592165e-03 6.069171841093776165e-02 1.145171866291700424e-01 2.025209152734079865e-01 2.385311779659437526e-01 1.947929373656586138e-01 1.205537663526627112e-01
1.206455526626667163e-01 5.718491539172396165e-02 -1.624489309856068332e-03 -4.063985756053579979e-02 -5.221804196626211869e-02 -3.895983467011319284e-02 3.294388567965086945e-03 5.806300918006232492e-02 1.270073103642718193e-01 1.947929373656586138e-01 2.579143227450378939e-01 1.952062989845129160e-01
1.962108714796974296e-01 1.195488329862071375e-01 6.038300463606800783e-02 -2.540681710700522233e-03 -4.613628261144955833e-02 -6.000036697167423355e-02 -4.419466892988924145e-02 -1.208841127691673203e-03 5.944586539556970251e-02 1.205537663526627112e-01 1.952062989845129160e-01 2.479639427281964681e-01
2.360940844581824460e-01 1.849306142074106096e-01 1.217816920014786752e-01 5.052862937400649790e-02 -1.715506800471745461e-02 -6.168613892350276878e-02 -6.537113349658459083e-02 -4.719101397802166753e-02 5.325264157583307206e-04 6.335322402686041632e-02 1.183707957016495171e-01 1.830782872358114044e-01
1.849306142074106096e-01 2.378930516569962572e-01 2.083775182296011830e-01 1.252750116141259085e-01 4.334951557183577830e-02 -1.936365503475815167e-02 -4.771089120099480940e-02 -5.227157700328846635e-02 -3.451922631904535965e-02 7.749455179046271444e-03 5.880932466383718277e-02 1.139403785999781316e-01
1.217816920014786752e-01 2.083775182296011830e-01 3.180586429033611107e-01 2.151433475737729029e-01 1.128105352634693054e-01 4.941148475281921526e-02 -3.066138914891331033e-03 -3.457810543277602122e-02 -4.681228902467791941e-02 -3.572263329648740077e-02 5.266444229115455240e-03 5.583445868765066211e-02
5.052862937400649790e-02 1.252750116141259085e-01 2.151433475737729029e-01 3.090882037399932392e-01 1.883430425249588147e-01 1.198323495898928615e-01 6.250228174677704973e-02 1.527263358690369131e-02 -2.866792957599061803e-02 -5.078002235862695557e-02 -4.223201702584154088e-02 -1.170320621328904340e-02
-1.715506800471745461e-02 4.334951557183577830e-02 1.128105352634693054e-01 1.883430425249588147e-01 1.890318799850994047e-01 1.758374304989916426e-01 1.147204454961507358e-01 6.575799888458137843e-02 1.602461268571517966e-02 -3.147820609162289146e-02 -5.026922760299996212e-02 -4.807779657985996463e-02
-6.168613892350276878e-02 -1.936365503475815167e-02 4.941148475281921526e-02 1.198323495898928615e-01 1.758374304989916426e-01 2.568179415163083790e-01 1.917910152094782772e-01 1.244735402302735716e-01 6.683640951029862221e-02 9.460719970369661606e-04 -4.626973445762908033e-02 -6.635906971090538287e-02
-6.537113349658459083e-02 -4.771089120099480940e-02 -3.066138914891331033e-03 6.250228174677704973e-02 1.147204454961507358e-01 1.917910152094782772e-01 2.125061319530549553e-01 1.755897159668433627e-01 1.181571944209941355e-01 5.483359904003728968e-02 -7.420299017350237558e-03 -4.938073148459400097e-02
-4.719101397802166753e-02 -5.227157700328846635e-02 -3.457810543277602122e-02 1.527263358690369131e-02 6.575799888458137843e-02 1.244735402302735716e-01 1.755897159668433627e-01 2.279400423446003576e-01 1.943872954524522578e-01 1.225777920565631618e-01 5.408852564928919027e-02 -6.650995053889992986e-03
5.325264157583307206e-04 -3.451922631904535965e-02 -4.681228902467791941e-02 -2.866792957599061803e-02 1.602461268571517966e-02 6.683640951029862221e-02 1.181571944209941355e-01 1.943872954524522578e-01 2.582640566907523638e-01 2.080205663473258526e-01 1.225641580942152392e-01 5.751698837180144186e-02
6.335322402686041632e-02 7.749455179046271444e-03 -3.572263329648740077e-02 -5.078002235862695557e-02 -3.147820609162289146e-02 9.460719970369661606e-04 5.483359904003728968e-02 1.225777920565631618e-01 2.080205663473258526e-01 3.241025748537991191e-01 2.031702405357186936e-01 1.211993504159107338e-01
1.183707957016495171e-01 5.880932466383718277e-02 5.266444229115455240e-03 -4.223201702584154088e-02 -5.026922760299996212e-02 -4.626973445762908033e-02 -7.420299017350237558e-03 5.408852564928919027e-02 1.225641580942152392e-01 2.031702405357186936e-01 2.192596160609692202e-01 1.735211666531831787e-01
1.830782872358114044e-01 1.139403785999781316e-01 5.583445868765066211e-02 -1.170320621328904340e-02 -4.807779657985996463e-02 -6.635906971090538287e-02 -4.938073148459400097e-02 -6.650995053889992986e-03 5.751698837180144186e-02 1.211993504159107338e-01 1.735211666531831787e-01 2.109437738368801774e-01
3.084988730684502523e-01 2.123607315639057247e-01 1.217044096771448813e-01 4.203990460171166954e-02 -1.921676584881286398e-02 -4.980436085481675101e-02 -5.087232777938473227e-02 -3.403555800040085344e-02 -9.338184422241291652e-05 5.188329576600481802e-02 1.128462834460576408e-01 2.080639487683369482e-01
2.123607315639057247e-01 2.714498353324191204e-01 2.046401737912674212e-01 1.091776775954218515e-01 4.465594833562528537e-02 -1.168350097287304545e-02 -4.341461206702600106e-02 -5.480199260115405091e-02 -4.643342794719510641e-02 -1.693338925198600159e-02 4.233438631253427092e-02 1.200336928105434631e-01
1.217044096771448813e-01 2.046401737912674212e-01 2.905879651246939810e-01 1.904632064005645775e-01 1.191319164562594235e-01 5.584739138005419962e-02 -1.870191964632336680e-03 -4.432131628377201926e-02 -6.071106244508019112e-02 -5.935233872710780900e-02 -2.402213681865596542e-02 3.960097186379885753e-02
4.203990460171166954e-02 1.091776775954218515e-01 1.904632064005645775e-01 2.119690964456281690e-01 1.916733455864095270e-01 1.202546858332698976e-01 6.090124056329478813e-02 6.712098922909498500e-03 -3.330248297946272057e-02 -5.524265402058436969e-02 -4.953648856745443418e-02 -2.353656534985562251e-02
-1.921676584881286398e-02 4.465594833562528537e-02 1.191319164562594235e-01 1.916733455864095270e-01 2.914257935610319317e-01 2.066188666642698735e-01 1.274000335582172183e-01 6.873365507615503134e-02 1.392298273383917387e-02 -2.967076551973400755e-02 -4.973872797006019530e-02 -5.498655099098805760e-02
-4.980436085481675101e-02 -1.168350097287304545e-02 5.584739138005419962e-02 1.202546858332698976e-01 2.066188666642698735e-01 2.527875393201473031e-01 1.885495982976913010e-01 1.225583864462149175e-01 6.713145965207595323e-02 2.252262678503780605e-02 -2.123730563033136842e-02 -5.284176918422010122e-02
-5.087232777938473227e-02 -4.341461206702600106e-02 -1.870191964632336680e-03 6.090124056329478813e-02 1.274000335582172183e-01 1.885495982976913010e-01 2.183406354191397836e-01 1.761457627593306929e-01 1.171179454206274229e-01 7.458419692355902630e-02 2.396617144176309278e-02 -2.398044734961465516e-02
-3.403555800040085344e-02 -5.480199260115405091e-02 -4.432131628377201926e-02 6.712098922909498500e-03 6.873365507615503134e-02 1.225583864462149175e-01 1.761457627593306929e-01 2.057977120870949361e-01 1.693684445484715251e-01 1.273254880767953068e-01 7.254508240737655989e-02 2.171068279176119331e-02
-9.338184422241291652e-05 -4.643342794719510641e-02 -6.071106244508019112e-02 -3.330248297946272057e-02 1.392298273383917387e-02 6.713145965207595323e-02 1.171179454206274229e-01 1.693684445484715251e-01 2.046526955550772575e-01 1.896995266126056401e-01 1.195079307831479892e-01 6.803574640913423455e-02
5.188329576600481802e-02 -1.693338925198600159e-02 -5.935233872710780900e-02 -5.524265402058436969e-02 -2.967076551973400755e-02 2.252262678503780605e-02 7.458419692355902630e-02 1.273254880767953068e-01 1.896995266126056401e-01 2.582867664473311731e-01 1.840895233460998759e-01 1.244387993489704664e-01
1.128462834460576408e-01 4.233438631253427092e-02 -2.402213681865596542e-02 -4.953648856745443418e-02 -4.973872797006019530e-02 -2.123730563033136842e-02 2.396617144176309278e-02 7.254508240737655989e-02 1.195079307831479892e-01 1.840895233460998759e-01 2.064526436065871606e-01 1.894483849258035424e-01
2.080639487683369482e-01 1.200336928105434631e-01 3.960097186379885753e-02 -2.353656534985562251e-02 -5.498655099098805760e-02 -5.284176918422010122e-02 -2.398044734961465516e-02 2.171068279176119331e-02 6.803574640913423455e-02 1.244387993489704664e-01 1.894483849258035424e-01 2.797504440323926311e-01
2.893893005603149771e-01 1.908068390916168866e-01 1.232524115074289939e-01 5.767100002332459230e-02 5.072631711424621659e-03 -3.928131845595184135e-02 -5.267997437826260620e-02 -4.479665840436351798e-02 -3.798444038732559040e-03 5.822469988297129806e-02 1.286507087117081949e-01 2.049062174298713068e-01
1.908068390916168866e-01 2.044471218639362931e-01 1.816555810705948182e-01 1.111696822169505883e-01 6.088051497797971473e-02 7.413678523096945035e-03 -3.500828483832075372e-02 -5.546360010351990277e-02 -4.280083743374959310e-02 4.049677000878388299e-04 6.273445641459243771e-02 1.213345190458876705e-01
1.232524115074289939e-01 1.816555810705948182e-01 2.528300241080684296e-01 1.863980970462193465e-01 1.274750854005236023e-01 6.955474225909902275e-02 3.044790026665235468e-03 -4.794750047041218544e-02 -6.112918207842005930e-02 -4.301230607542556178e-02 3.848884181801245832e-03 6.351867949790721002e-02
5.767100002332459230e-02 1.111696822169505883e-01 1.863980970462193465e-01 2.128251073741986854e-01 1.902162132462426603e-01 1.252792361048268022e-01 5.665379209845128328e-02 -5.351894027131649627e-03 -4.593022652276226858e-02 -5.375489692327394681e-02 -3.878818461503813486e-02 2.869416419522974587e-03
5.072631711424621659e-03 6.088051497797971473e-02 1.274750854005236023e-01 1.902162132462426603e-01 2.709918208652297711e-01 2.064368341102973681e-01 1.170629753439774157e-01 5.085471396136073685e-02 -1.282760020843579096e-02 -4.691330423212127648e-02 -5.798162048994795481e-02 -3.947909679651001591e-02
-3.928131845595184135e-02 7.413678523096945035e-03 6.955474225909902275e-02 1.252792361048268022e-01 2.064368341102973681e-01 2.723147726265116031e-01 1.885452831100636883e-01 1.193476533846349052e-01 5.343186950370156646e-02 -4.426265957150361113e-03 -4.766794311528211453e-02 -5.629927025870880286e-02
-5.267997437826260620e-02 -3.500828483832075372e-02 3.044790026665235468e-03 5.665379209845128328e-02 1.170629753439774157e-01 1.885452831100636883e-01 2.182357779085787319e-01 1.943194795412837017e-01 1.203608678409130439e-01 5.792948263552080701e-02 -2.954709510100399662e-03 -4.140368788858804494e-02
-4.479665840436351798e-02 -5.546360010351990277e-02 -4.794750047041218544e-02 -5.351894027131649627e-03 5.085471396136073685e-02 1.193476533846349052e-01 1.943194795412837017e-01 2.916125956208845960e-01 2.085012053991424086e-01 1.263794082818513465e-01 5.980053442053101520e-02 -2.553963935627255599e-03
-3.798444038732559040e-03 -4.280083743374959310e-02 -6.112918207842005930e-02 -4.593022652276226858e-02 -1.282760020843579096e-02 5.343186950370156646e-02 1.203608678409130439e-01 2.085012053991424086e-01 2.670558659898403242e-01 1.927469335203367273e-01 1.187893501989141787e-01 5.377066868337185973e-02
5.822469988297129806e-02 4.049677000878388299e-04 -4.301230607542556178e-02 -5.375489692327394681e-02 -4.691330423212127648e-02 -4.426265957150361113e-03 5.792948263552080701e-02 1.263794082818513465e-01 1.927469335203367273e-01 2.237328159433973063e-01 1.844925261517983972e-01 1.153687216946473748e-01
1.286507087117081949e-01 6.273445641459243771e-02 3.848884181801245832e-03 -3.878818461503813486e-02 -5.798162048994795481e-02 -4.766794311528211453e-02 -2.954709510100399662e-03 5.980053442053101520e-02 1.187893501989141787e-01 1.844925261517983972e-01 2.473204915679948213e-01 1.951979432489180377e-01
