4.048826729689528614e-01 3.211923420469270929e-01 1.703212069179777244e-01 4.641276458749066247e-02 2.537381069466287248e-02 1.130465281079967577e-02 -6.937268237772748446e-03 -2.749569842002761236e-02 -2.932056573124710436e-02 -2.124522254662014348e-03 5.337804637223392268e-02 1.438419771303411920e-01
3.211923420469270929e-01 4.221833603891041453e-01 2.037859549203608900e-01 5.428801092127170935e-02 3.425964492878030149e-02 2.608243003061049697e-02 4.390929524473782992e-03 -2.854692760175363275e-02 -4.661066353137354595e-02 -3.325740694851957863e-02 1.285058690573445683e-02 1.127627380828736814e-01
1.703212069179777244e-01 2.037859549203608900e-01 1.058595777566781887e-01 3.022593444446056501e-02 2.568116129730732555e-02 3.026913951532017588e-02 1.718653862347824940e-02 -7.854320462381349927e-03 -2.838729439963191131e-02 -2.940857275348500097e-02 -7.540108510100044029e-03 5.496063669841634580e-02
4.641276458749066247e-02 5.428801092127170935e-02 3.022593444446056501e-02 1.189134207188703718e-02 2.146882741501403985e-02 4.049692118151038828e-02 3.382159892429588421e-02 1.640426709237176317e-02 -4.926728154947496684e-03 -1.686640789926370856e-02 -1.424959181735686864e-02 1.062256176011056909e-02
2.537381069466287248e-02 3.425964492878030149e-02 2.568116129730732555e-02 2.146882741501403985e-02 6.882555288353515988e-02 1.503334111785345484e-01 1.307451137473137903e-01 8.228014684308361526e-02 1.342611497684313010e-02 -3.587328666644078873e-02 -4.679663753719121022e-02 -8.139299311239574924e-03
1.130465281079967577e-02 2.608243003061049697e-02 3.026913951532017588e-02 4.049692118151038828e-02 1.503334111785345484e-01 3.479622485043124547e-01 2.920805253969005477e-01 1.917231813831169474e-01 5.246573192109710293e-02 -5.249820427180046378e-02 -8.307821913391949531e-02 -2.664320266447987168e-02
-6.937268237772748446e-03 4.390929524473782992e-03 1.718653862347824940e-02 3.382159892429588421e-02 1.307451137473137903e-01 2.920805253969005477e-01 3.642033272134734823e-01 2.422751513450267236e-01 9.568298177152950723e-02 -8.234106007289850732e-03 -5.007268491252477027e-02 -2.248740688638423482e-02
-2.749569842002761236e-02 -2.854692760175363275e-02 -7.854320462381349927e-03 1.640426709237176317e-02 8.228014684308361526e-02 1.917231813831169474e-01 2.422751513450267236e-01 2.232948174019510623e-01 1.515818097037848755e-01 9.584024296098683782e-02 5.511847312894835316e-02 4.596589519941756199e-03
-2.932056573124710436e-02 -4.661066353137354595e-02 -2.838729439963191131e-02 -4.926728154947496684e-03 1.342611497684313010e-02 5.246573192109710293e-02 9.568298177152950723e-02 1.515818097037848755e-01 2.084072625070708673e-01 2.290619485211758677e-01 1.866166485722703661e-01 4.749118723965171929e-02
-2.124522254662014348e-03 -3.325740694851957863e-02 -2.940857275348500097e-02 -1.686640789926370856e-02 -3.587328666644078873e-02 -5.249820427180046378e-02 -8.234106007289850732e-03 9.584024296098683782e-02 2.290619485211758677e-01 3.393256171795362430e-01 2.948953713036588375e-01 9.047742533394403930e-02
5.337804637223392268e-02 1.285058690573445683e-02 -7.540108510100044029e-03 -1.424959181735686864e-02 -4.679663753719121022e-02 -8.307821913391949531e-02 -5.007268491252477027e-02 5.511847312894835316e-02 1.866166485722703661e-01 2.948953713036588375e-01 4.163711392692219793e-01 1.352935970918315578e-01
1.438419771303411920e-01 1.127627380828736814e-01 5.496063669841634580e-02 1.062256176011056909e-02 -8.139299311239574924e-03 -2.664320266447987168e-02 -2.248740688638423482e-02 4.596589519941756199e-03 4.749118723965171929e-02 9.047742533394403930e-02 1.352935970918315578e-01 8.679308185427841993e-02
1.100569617650344473e-01 1.943667605079609229e-01 1.483696263931779946e-01 7.480449787788104321e-02 4.977064082185846117e-02 -1.138227339782657034e-02 -3.998059125936837682e-02 -7.622242167037610733e-03 3.090384377166802490e-02 5.078791292933461377e-02 6.741710463056153901e-02 7.779739840498089976e-02
1.943667605079609229e-01 4.064168978533369003e-01 2.761056435545193866e-01 1.417705889066331326e-01 1.109055997825550560e-01 6.012176573910425412e-03 -6.488036141445158167e-02 -4.501196793576661692e-02 -6.464794460652428798e-03 3.197663879917851670e-02 7.393946688973193626e-02 1.138926312901877846e-01
1.483696263931779946e-01 2.761056435545193866e-01 2.670350486833527048e-01 1.441233165490368728e-01 1.248007262067709622e-01 3.128958308970920810e-02 -4.695309531010895265e-02 -4.960083946560644996e-02 -2.848764446855317836e-02 7.887550291532097191e-03 5.094764482667389627e-02 9.000324884628624345e-02
7.480449787788104321e-02 1.417705889066331326e-01 1.441233165490368728e-01 9.266069289914546925e-02 1.081942667209074838e-01 7.379867104704011804e-02 1.498711882446636563e-02 -2.775691101620013715e-02 -4.164118592341040787e-02 -2.279221285430999000e-02 6.656160449909881427e-03 3.764824812172926083e-02
4.977064082185846117e-02 1.109055997825550560e-01 1.248007262067709622e-01 1.081942667209074838e-01 1.930879151817155026e-01 2.253946320666610492e-01 1.368907994852033849e-01 -3.351809768237253625e-03 -7.725622382141317246e-02 -6.867712514998070006e-02 -3.613054148677678767e-02 6.937017703968106214e-03
-1.138227339782657034e-02 6.012176573910425412e-03 3.128958308970920810e-02 7.379867104704011804e-02 2.253946320666610492e-01 4.386045949495252505e-01 3.113533442352800495e-01 8.662277542004706565e-02 -3.911012713937381258e-02 -6.123078453173143310e-02 -5.389092117157429085e-02 -3.065436270324499793e-02
-3.998059125936837682e-02 -6.488036141445158167e-02 -4.695309531010895265e-02 1.498711882446636563e-02 1.368907994852033849e-01 3.113533442352800495e-01 4.276362685644263806e-01 1.822748025304780362e-01 8.096061225129480565e-02 2.376590324717026484e-02 -7.250804432569171037e-03 -2.474646600748810904e-02
-7.622242167037610733e-03 -4.501196793576661692e-02 -4.960083946560644996e-02 -2.775691101620013715e-02 -3.351809768237253625e-03 8.662277542004706565e-02 1.822748025304780362e-01 1.824212121426233291e-01 2.196911041906619566e-01 1.454796609934609075e-01 8.987396956449665575e-02 3.345609447454120366e-02
3.090384377166802490e-02 -6.464794460652428798e-03 -2.848764446855317836e-02 -4.164118592341040787e-02 -7.725622382141317246e-02 -3.911012713937381258e-02 8.096061225129480565e-02 2.196911041906619566e-01 4.187167258512157209e-01 2.642065410234563094e-01 1.747065195224528078e-01 8.807733133444362039e-02
5.078791292933461377e-02 3.197663879917851670e-02 7.887550291532097191e-03 -2.279221285430999000e-02 -6.867712514998070006e-02 -6.123078453173143310e-02 2.376590324717026484e-02 1.454796609934609075e-01 2.642065410234563094e-01 2.413007511492584745e-01 1.754022783478440539e-01 9.734086506297284780e-02
6.741710463056153901e-02 7.393946688973193626e-02 5.094764482667389627e-02 6.656160449909881427e-03 -3.613054148677678767e-02 -5.389092117157429085e-02 -7.250804432569171037e-03 8.987396956449665575e-02 1.747065195224528078e-01 1.754022783478440539e-01 1.457139593655934484e-01 9.333786034420663014e-02
7.779739840498089976e-02 1.138926312901877846e-01 9.000324884628624345e-02 3.764824812172926083e-02 6.937017703968106214e-03 -3.065436270324499793e-02 -2.474646600748810904e-02 3.345609447454120366e-02 8.807733133444362039e-02 9.734086506297284780e-02 9.333786034420663014e-02 7.634897159477958828e-02
2.545259086209705202e-01 2.184890696606484051e-01 1.483357929747864401e-01 8.798832001837975092e-02 -3.744767692702025055e-03 -7.297518424150584160e-02 -8.660732408075594302e-02 -2.134947691600181871e-02 5.259815703663894837e-02 1.039306063832110688e-01 1.200573699109282327e-01 1.434252010122208376e-01
2.184890696606484051e-01 2.599703073706669532e-01 2.141492929127251921e-01 1.674423510253132408e-01 4.521080411986046210e-02 -2.378275791834379149e-02 -5.985341863512482624e-02 -3.622838446762194353e-02 -5.392380712458673224e-03 3.211545156892175318e-02 6.363929386529898480e-02 1.044025461487942952e-01
1.483357929747864401e-01 2.141492929127251921e-01 2.466716036884599728e-01 2.435902044957737600e-01 9.538483392815397255e-02 4.205678881067309582e-02 -6.434040074141765889e-03 -2.984413975110515593e-02 -4.502470692989263279e-02 -3.189236423506698614e-02 5.812618554876836617e-03 5.424127337034381768e-02
8.798832001837975092e-02 1.674423510253132408e-01 2.435902044957737600e-01 3.660452609246379052e-01 1.609098507187470828e-01 1.223405474168935692e-01 6.902197360131488713e-02 -6.288708654620651581e-03 -6.772884351623173482e-02 -8.215245252824514288e-02 -4.664424108532923274e-02 7.085933628432070260e-03
-3.744767692702025055e-03 4.521080411986046210e-02 9.538483392815397255e-02 1.609098507187470828e-01 1.087949459372582889e-01 1.430372311533636420e-01 1.233641144496914616e-01 4.801911097616639451e-02 -1.194954235825592195e-02 -4.685093360080534730e-02 -4.196136497914166458e-02 -2.419891293292950052e-02
-7.297518424150584160e-02 -2.378275791834379149e-02 4.205678881067309582e-02 1.223405474168935692e-01 1.430372311533636420e-01 2.761268592514467546e-01 2.777884535348159600e-01 1.445606773878727602e-01 5.155725546185215002e-02 -2.546545635167778501e-02 -4.992911520078407994e-02 -5.582586824674405646e-02
-8.660732408075594302e-02 -5.985341863512482624e-02 -6.434040074141765889e-03 6.902197360131488713e-02 1.233641144496914616e-01 2.777884535348159600e-01 4.179592688689510727e-01 2.172751625181520152e-01 1.200140929277125484e-01 3.391059583359994078e-02 -1.756461042269834294e-02 -4.773251096523392634e-02
-2.134947691600181871e-02 -3.622838446762194353e-02 -2.984413975110515593e-02 -6.288708654620651581e-03 4.801911097616639451e-02 1.445606773878727602e-01 2.172751625181520152e-01 1.771688842285773502e-01 1.708898611637215126e-01 1.242229082546516677e-01 6.288979213744445851e-02 1.440801516142405439e-02
5.259815703663894837e-02 -5.392380712458673224e-03 -4.502470692989263279e-02 -6.772884351623173482e-02 -1.194954235825592195e-02 5.155725546185215002e-02 1.200140929277125484e-01 1.708898611637215126e-01 2.681396648523597381e-01 2.532351777818686034e-01 1.596866747274529319e-01 8.472967167237921426e-02
1.039306063832110688e-01 3.211545156892175318e-02 -3.189236423506698614e-02 -8.215245252824514288e-02 -4.685093360080534730e-02 -2.546545635167778501e-02 3.391059583359994078e-02 1.242229082546516677e-01 2.532351777818686034e-01 3.467186320154136414e-01 2.191579186555095982e-01 1.257624235456884232e-01
1.200573699109282327e-01 6.363929386529898480e-02 5.812618554876836617e-03 -4.664424108532923274e-02 -4.196136497914166458e-02 -4.992911520078407994e-02 -1.756461042269834294e-02 6.288979213744445851e-02 1.596866747274529319e-01 2.191579186555095982e-01 1.732297182998431273e-01 1.167401692814170749e-01
1.434252010122208376e-01 1.044025461487942952e-01 5.424127337034381768e-02 7.085933628432070260e-03 -2.419891293292950052e-02 -5.582586824674405646e-02 -4.773251096523392634e-02 1.440801516142405439e-02 8.472967167237921426e-02 1.257624235456884232e-01 1.167401692814170749e-01 1.046489459414098738e-01
2.058923665689475491e-01 2.089074922634296394e-01 9.737930065412814251e-02 1.018392597981041120e-01 2.841458803006208927e-02 -3.665667622693050132e-02 -5.245255661565099981e-02 -1.704199696265949054e-02 9.363784642368942757e-03 5.326916513993210783e-02 1.223803255362973658e-01 1.705502909060779282e-01
2.089074922634296394e-01 2.760947996761121681e-01 1.381177413479772742e-01 1.585223055397225189e-01 6.291555071691412593e-02 -1.992061901152917397e-02 -5.474555946490316377e-02 -3.764630710340192976e-02 -5.200594273987048377e-02 -2.923891311783298474e-02 3.061664142789480986e-02 1.145611297483479923e-01
9.737930065412814251e-02 1.381177413479772742e-01 9.512999418004725039e-02 1.618612549225181274e-01 7.037505036096500244e-02 1.046759136062456325e-02 -2.293929272525072754e-02 -2.337366234240980528e-02 -4.145835777161957503e-02 -3.581598900593257334e-02 -9.849545138514858786e-03 4.180162577933185797e-02
1.018392597981041120e-01 1.585223055397225189e-01 1.618612549225181274e-01 3.840009047328328262e-01 1.784434800588726167e-01 7.855331221952249754e-02 6.843315999391291066e-03 -2.411121865158605965e-02 -6.318730748431676536e-02 -6.679754242236220219e-02 -4.524219680248948994e-02 2.627524769192847096e-02
2.841458803006208927e-02 6.291555071691412593e-02 7.037505036096500244e-02 1.784434800588726167e-01 1.549832112126262318e-01 2.026810361832133978e-01 1.364681693344592384e-01 3.667639039596087835e-02 -5.001529701631811028e-03 -2.900372748405971937e-02 -3.508940772252312768e-02 -9.580475255746626756e-03
-3.665667622693050132e-02 -1.992061901152917397e-02 1.046759136062456325e-02 7.855331221952249754e-02 2.026810361832133978e-01 4.696703223598121535e-01 3.181003049440309649e-01 1.152146783622498838e-01 6.506582030182794796e-02 1.657359730063216047e-02 -1.873333662425787430e-02 -3.815327809656329783e-02
-5.245255661565099981e-02 -5.474555946490316377e-02 -2.293929272525072754e-02 6.843315999391291066e-03 1.364681693344592384e-01 3.181003049440309649e-01 3.547228850368547293e-01 1.331715993740765769e-01 9.262967488008377881e-02 4.831439777201618907e-02 1.140808606369139375e-02 -2.943324480341555360e-02
-1.704199696265949054e-02 -3.764630710340192976e-02 -2.337366234240980528e-02 -2.411121865158605965e-02 3.667639039596087835e-02 1.152146783622498838e-01 1.331715993740765769e-01 6.173497245046126458e-02 6.895578591801335144e-02 6.317442495805745961e-02 5.229876601849942075e-02 1.829895314038418319e-02
9.363784642368942757e-03 -5.200594273987048377e-02 -4.145835777161957503e-02 -6.318730748431676536e-02 -5.001529701631811028e-03 6.506582030182794796e-02 9.262967488008377881e-02 6.895578591801335144e-02 1.316417277692655263e-01 1.586105327916486341e-01 1.617939939917741321e-01 9.599868149575022103e-02
5.326916513993210783e-02 -2.923891311783298474e-02 -3.581598900593257334e-02 -6.679754242236220219e-02 -2.900372748405971937e-02 1.657359730063216047e-02 4.831439777201618907e-02 6.317442495805745961e-02 1.586105327916486341e-01 2.232379690213536771e-01 2.543679307018189562e-01 1.645758696393409826e-01
1.223803255362973658e-01 3.061664142789480986e-02 -9.849545138514858786e-03 -4.524219680248948994e-02 -3.508940772252312768e-02 -1.873333662425787430e-02 1.140808606369139375e-02 5.229876601849942075e-02 1.617939939917741321e-01 2.543679307018189562e-01 4.005059601159751126e-01 2.552107454470767811e-01
1.705502909060779282e-01 1.145611297483479923e-01 4.180162577933185797e-02 2.627524769192847096e-02 -9.580475255746626756e-03 -3.815327809656329783e-02 -2.943324480341555360e-02 1.829895314038418319e-02 9.599868149575022103e-02 1.645758696393409826e-01 2.552107454470767811e-01 2.423848868757054187e-01
3.985926009154705518e-01 2.766882130144101559e-01 1.710948507763403459e-01 3.665219823812623789e-02 -5.628994128062535240e-02 -8.827759264857396038e-02 -4.837895727095988668e-02 -3.915551947596019461e-02 -4.628278682005125544e-03 3.431644972495254825e-02 8.551735045657324341e-02 1.961478766991937017e-01
2.766882130144101559e-01 2.936002642596691747e-01 2.116390264347056960e-01 9.397919428887334392e-02 5.374624502093327573e-03 -4.198707813833665869e-02 -3.572689514882024242e-02 -4.767378665222832962e-02 -2.710559593436063369e-02 -4.728510375953795877e-03 5.336242241384757390e-02 1.433469992384309721e-01
1.710948507763403459e-01 2.116390264347056960e-01 2.248531129575596921e-01 1.828359228650060508e-01 1.234217402607532404e-01 6.711590544754626741e-02 8.154092977376369011e-03 -2.895435067038418242e-02 -3.581619216157011509e-02 -3.741301713546503482e-02 1.218467866885726558e-02 7.729410636401998214e-02
3.665219823812623789e-02 9.397919428887334392e-02 1.828359228650060508e-01 2.723184098278638166e-01 2.596111513873902155e-01 1.923690251914620952e-01 6.771054363376508012e-02 1.671534916729565390e-02 -2.154400005807775853e-02 -4.775223494032285187e-02 -2.726327024288835096e-02 -5.501768187303818052e-03
-5.628994128062535240e-02 5.374624502093327573e-03 1.234217402607532404e-01 2.596111513873902155e-01 3.560954458943228484e-01 2.698446459341207193e-01 1.065419207278544139e-01 5.925339727168378590e-02 7.311608638387301178e-03 -2.769335210767547018e-02 -3.846476867458279575e-02 -5.330377603479131976e-02
-8.827759264857396038e-02 -4.198707813833665869e-02 6.711590544754626741e-02 1.923690251914620952e-01 2.698446459341207193e-01 2.761955429115539040e-01 1.186303650307514446e-01 9.075800628057581476e-02 4.231084620022908249e-02 1.456029210405295621e-02 -2.330239073622614177e-02 -5.998495900585128215e-02
-4.837895727095988668e-02 -3.572689514882024242e-02 8.154092977376369011e-03 6.771054363376508012e-02 1.065419207278544139e-01 1.186303650307514446e-01 6.946391808491997333e-02 9.020796074306434986e-02 7.282612227980439501e-02 7.094957857192712991e-02 2.005559591612885578e-02 -1.719402487090756701e-02
-3.915551947596019461e-02 -4.767378665222832962e-02 -2.895435067038418242e-02 1.671534916729565390e-02 5.925339727168378590e-02 9.075800628057581476e-02 9.020796074306434986e-02 1.804146204484039229e-01 1.778702925833532122e-01 2.012148649461643068e-01 8.848436813233993836e-02 1.857404575053848289e-02
-4.628278682005125544e-03 -2.710559593436063369e-02 -3.581619216157011509e-02 -2.154400005807775853e-02 7.311608638387301178e-03 4.231084620022908249e-02 7.282612227980439501e-02 1.778702925833532122e-01 2.002762968977772895e-01 2.606270440708213232e-01 1.187009710730644318e-01 4.781793931321010049e-02
3.431644972495254825e-02 -4.728510375953795877e-03 -3.741301713546503482e-02 -4.775223494032285187e-02 -2.769335210767547018e-02 1.456029210405295621e-02 7.094957857192712991e-02 2.012148649461643068e-01 2.606270440708213232e-01 5.007344955592681890e-01 1.954950939826563261e-01 9.062950910054851095e-02
8.551735045657324341e-02 5.336242241384757390e-02 1.218467866885726558e-02 -2.726327024288835096e-02 -3.846476867458279575e-02 -2.330239073622614177e-02 2.005559591612885578e-02 8.848436813233993836e-02 1.187009710730644318e-01 1.954950939826563261e-01 1.048875959799293045e-01 8.227390034981429956e-02
1.961478766991937017e-01 1.433469992384309721e-01 7.729410636401998214e-02 -5.501768187303818052e-03 -5.330377603479131976e-02 -5.998495900585128215e-02 -1.719402487090756701e-02 1.857404575053848289e-02 4.781793931321010049e-02 9.062950910054851095e-02 8.227390034981429956e-02 1.225676962632623879e-01
3.050412690090962275e-01 2.055807955240721296e-01 1.021697593343655341e-01 1.790977823696102839e-02 -2.235175314680606234e-02 -4.673681557791828367e-02 -7.895837329587127029e-02 -6.073221694110571278e-02 -4.663182846708723017e-02 1.720074364001291170e-02 1.393770664606530651e-01 2.739695470427788715e-01
2.055807955240721296e-01 3.006499382831923084e-01 2.771053325288334035e-01 1.622333099930847455e-01 6.515838137888980974e-02 1.239872309328682483e-02 -2.311262162607589238e-02 -3.408086738660262571e-02 -4.881653483978719982e-02 -4.650420938034616203e-02 1.200997210451596343e-03 9.620982799246033390e-02
1.021697593343655341e-01 2.771053325288334035e-01 4.335188395678701845e-01 2.539217790684914489e-01 1.236331880832451796e-01 6.549782500712253430e-02 4.739045877991474032e-02 1.544649287114376220e-02 -1.189500796249976476e-02 -5.012657413919842375e-02 -7.177418555773343312e-02 -3.326883519192760930e-02
1.790977823696102839e-02 1.622333099930847455e-01 2.539217790684914489e-01 2.044004077760326332e-01 1.155432360777326473e-01 7.947483791291524990e-02 8.436563802697163994e-02 5.124711831761375597e-02 3.100782340642790902e-02 -1.278764276891912639e-02 -6.523786484244777084e-02 -7.155459280983098025e-02
-2.235175314680606234e-02 6.515838137888980974e-02 1.236331880832451796e-01 1.155432360777326473e-01 7.972646589736942513e-02 7.156897672694267909e-02 9.597073869454211814e-02 6.702953119565910334e-02 5.548143952194579953e-02 2.378731434608754441e-02 -2.920559124412864388e-02 -5.939318400344147098e-02
-4.673681557791828367e-02 1.239872309328682483e-02 6.549782500712253430e-02 7.947483791291524990e-02 7.156897672694267909e-02 8.708204481879952552e-02 1.399035792337713913e-01 1.025739342128999948e-01 9.194229032377809752e-02 6.390565665715489119e-02 2.616869835823322412e-03 -5.154069161798221360e-02
-7.895837329587127029e-02 -2.311262162607589238e-02 4.739045877991474032e-02 8.436563802697163994e-02 9.597073869454211814e-02 1.399035792337713913e-01 2.502670191034926939e-01 1.857861245556013396e-01 1.679624542626573513e-01 1.306552639989697340e-01 3.943216273929497223e-02 -5.723191271824863008e-02
-6.073221694110571278e-02 -3.408086738660262571e-02 1.544649287114376220e-02 5.124711831761375597e-02 6.702953119565910334e-02 1.025739342128999948e-01 1.857861245556013396e-01 1.617763158276951940e-01 1.678388496864939849e-01 1.404068588044267707e-01 6.179134581339622290e-02 -2.455494343310100913e-02
-4.663182846708723017e-02 -4.881653483978719982e-02 -1.189500796249976476e-02 3.100782340642790902e-02 5.548143952194579953e-02 9.194229032377809752e-02 1.679624542626573513e-01 1.678388496864939849e-01 2.212110247076594094e-01 2.077460264668746226e-01 1.179826149435294902e-01 2.014645162718791890e-02
1.720074364001291170e-02 -4.650420938034616203e-02 -5.012657413919842375e-02 -1.278764276891912639e-02 2.378731434608754441e-02 6.390565665715489119e-02 1.306552639989697340e-01 1.404068588044267707e-01 2.077460264668746226e-01 2.559934797799674477e-01 1.969471563997708674e-01 1.162068328464556377e-01
1.393770664606530651e-01 1.200997210451596343e-03 -7.177418555773343312e-02 -6.523786484244777084e-02 -2.920559124412864388e-02 2.616869835823322412e-03 3.943216273929497223e-02 6.179134581339622290e-02 1.179826149435294902e-01 1.969471563997708674e-01 2.580954995676172370e-01 2.564270212148597183e-01
2.739695470427788715e-01 9.620982799246033390e-02 -3.326883519192760930e-02 -7.155459280983098025e-02 -5.939318400344147098e-02 -5.154069161798221360e-02 -5.723191271824863008e-02 -2.455494343310100913e-02 2.014645162718791890e-02 1.162068328464556377e-01 2.564270212148597183e-01 4.422376956612016352e-01
3.139441341002258135e-01 2.393695336086665848e-01 4.946843351157248492e-02 -5.903695120334286062e-02 -6.111112427107974476e-02 -6.442700352337911440e-02 -5.110137232475547853e-02 -3.042288169669650488e-02 9.641049896412522829e-03 6.930458692374109886e-02 1.398579938843549919e-01 2.567405652953442807e-01
2.393695336086665848e-01 4.909633252616306676e-01 2.937174081879626586e-01 1.109808190391793070e-01 1.616014066793897835e-02 -2.571611326803177264e-02 -4.392461612014720435e-02 -5.156362054704809184e-02 -4.536192229184132785e-02 -2.649817808423247933e-02 1.420048879774926838e-02 9.727768697177591184e-02
4.946843351157248492e-02 2.937174081879626586e-01 4.131508736423840089e-01 2.301235629333222565e-01 1.024600305150806662e-01 6.433298750009369682e-02 3.553536654921148064e-02 1.104537210307441827e-02 -1.753953164087119349e-02 -4.998179831258588168e-02 -7.201294034103417063e-02 -7.356045651190805390e-02
-5.903695120334286062e-02 1.109808190391793070e-01 2.301235629333222565e-01 2.099283455179412061e-01 1.259642982668846833e-01 1.136203271886606636e-01 9.349964809345842620e-02 7.299462649291471594e-02 3.755015066343746211e-02 -1.297735114696295031e-02 -6.671795525487603240e-02 -1.112486239656305664e-01
-6.111112427107974476e-02 1.616014066793897835e-02 1.024600305150806662e-01 1.259642982668846833e-01 9.788994243815110630e-02 1.101626446896076389e-01 1.045714216793183216e-01 9.263213545980392150e-02 6.585923207031203763e-02 2.704416325481237560e-02 -2.207036668457782597e-02 -6.788665560735142324e-02
-6.442700352337911440e-02 -2.571611326803177264e-02 6.433298750009369682e-02 1.136203271886606636e-01 1.101626446896076389e-01 1.503791923877397796e-01 1.580510712674126905e-01 1.479465348649522671e-01 1.156609408576860648e-01 7.367382739922620494e-02 1.443553523664288518e-02 -4.319947459463237965e-02
-5.110137232475547853e-02 -4.392461612014720435e-02 3.553536654921148064e-02 9.349964809345842620e-02 1.045714216793183216e-01 1.580510712674126905e-01 1.897796860942326802e-01 1.902893408136912268e-01 1.518159161696640558e-01 1.076159662537502781e-01 4.722713488311025554e-02 -1.038737579913374953e-02
-3.042288169669650488e-02 -5.156362054704809184e-02 1.104537210307441827e-02 7.299462649291471594e-02 9.263213545980392150e-02 1.479465348649522671e-01 1.902893408136912268e-01 2.277193797055860891e-01 1.921059318009344652e-01 1.429890200579112536e-01 8.008595235010136648e-02 2.621063711189556764e-02
9.641049896412522829e-03 -4.536192229184132785e-02 -1.753953164087119349e-02 3.755015066343746211e-02 6.585923207031203763e-02 1.156609408576860648e-01 1.518159161696640558e-01 1.921059318009344652e-01 1.975756648583551489e-01 1.660847545682554438e-01 1.122283933261672556e-01 7.269173810334203512e-02
6.930458692374109886e-02 -2.649817808423247933e-02 -4.998179831258588168e-02 -1.297735114696295031e-02 2.704416325481237560e-02 7.367382739922620494e-02 1.076159662537502781e-01 1.429890200579112536e-01 1.660847545682554438e-01 1.758381774483145921e-01 1.498946819407743214e-01 1.368876367652395176e-01
1.398579938843549919e-01 1.420048879774926838e-02 -7.201294034103417063e-02 -6.671795525487603240e-02 -2.207036668457782597e-02 1.443553523664288518e-02 4.722713488311025554e-02 8.008595235010136648e-02 1.122283933261672556e-01 1.498946819407743214e-01 1.769673372258200317e-01 2.137890193331811184e-01
2.567405652953442807e-01 9.727768697177591184e-02 -7.356045651190805390e-02 -1.112486239656305664e-01 -6.788665560735142324e-02 -4.319947459463237965e-02 -1.038737579913374953e-02 2.621063711189556764e-02 7.269173810334203512e-02 1.368876367652395176e-01 2.137890193331811184e-01 3.558639413196274526e-01
7.621277161081169149e-02 1.639931078269871723e-01 1.366254476152801711e-01 5.321587017236800721e-02 8.103020972628180094e-03 -1.670431063624903956e-02 -3.649003298792900807e-02 -3.765082060192245089e-02 -2.489823161047075711e-02 2.094580593923515976e-02 5.743422221970525404e-02 4.954181541764883512e-02
1.639931078269871723e-01 3.926247745713978832e-01 3.077902330418811894e-01 1.337846806786617826e-01 5.919647125564173051e-02 -6.758809462446623700e-03 -4.823235331616650134e-02 -6.519737182468116066e-02 -6.762518556574413642e-02 -1.936122053671976428e-02 4.099001044475188149e-02 7.982292401840374030e-02
1.366254476152801711e-01 3.077902330418811894e-01 3.903576589945501052e-01 1.695015768888405439e-01 1.025042565235651376e-01 2.358377792543478457e-02 -1.610597459334790066e-02 -4.144438324589804629e-02 -5.444537830020461378e-02 -2.738821683070905011e-02 2.017311931286080301e-02 6.454803205696574286e-02
5.321587017236800721e-02 1.337846806786617826e-01 1.695015768888405439e-01 1.090978101130297695e-01 1.406770630187066662e-01 7.286685174108870067e-02 5.557913643773987333e-02 3.174029504334315022e-02 8.688701661275707866e-03 -1.550784770441128446e-02 -1.551740572186074280e-02 1.470948800791961435e-02
8.103020972628180094e-03 5.919647125564173051e-02 1.025042565235651376e-01 1.406770630187066662e-01 3.155005824201538855e-01 1.914598944590003016e-01 1.760322085674696224e-01 1.335995978607776580e-01 8.394631852924153148e-02 -1.098530257661164966e-02 -6.079207264162762164e-02 -2.463785507751551501e-02
-1.670431063624903956e-02 -6.758809462446623700e-03 2.358377792543478457e-02 7.286685174108870067e-02 1.914598944590003016e-01 1.459956629068439038e-01 1.665101572589172407e-01 1.310354898603288132e-01 8.680420935035867980e-02 3.798790762556690341e-03 -4.837781611290281614e-02 -2.940192790831109779e-02
-3.649003298792900807e-02 -4.823235331616650134e-02 -1.610597459334790066e-02 5.557913643773987333e-02 1.760322085674696224e-01 1.665101572589172407e-01 2.482965811687408986e-01 2.020695966569755475e-01 1.379370446408107465e-01 2.788014723734095340e-02 -5.027847029256581057e-02 -4.025737605463917262e-02
-3.765082060192245089e-02 -6.519737182468116066e-02 -4.144438324589804629e-02 3.174029504334315022e-02 1.335995978607776580e-01 1.310354898603288132e-01 2.020695966569755475e-01 1.922119623288019996e-01 1.533983459124268756e-01 7.461643819085214679e-02 4.513285094921281465e-04 -2.431814826633261345e-02
-2.489823161047075711e-02 -6.762518556574413642e-02 -5.444537830020461378e-02 8.688701661275707866e-03 8.394631852924153148e-02 8.680420935035867980e-02 1.379370446408107465e-01 1.533983459124268756e-01 1.808491517061650011e-01 1.878873535552893492e-01 1.221765410042973121e-01 2.000992343501756254e-02
2.094580593923515976e-02 -1.936122053671976428e-02 -2.738821683070905011e-02 -1.550784770441128446e-02 -1.098530257661164966e-02 3.798790762556690341e-03 2.788014723734095340e-02 7.461643819085214679e-02 1.878873535552893492e-01 3.764077530248555181e-01 3.245403714532202333e-01 1.056148610356164030e-01
5.743422221970525404e-02 4.099001044475188149e-02 2.017311931286080301e-02 -1.551740572186074280e-02 -6.079207264162762164e-02 -4.837781611290281614e-02 -5.027847029256581057e-02 4.513285094921281465e-04 1.221765410042973121e-01 3.245403714532202333e-01 5.054122583168945138e-01 1.580856808608652742e-01
4.954181541764883512e-02 7.982292401840374030e-02 6.454803205696574286e-02 1.470948800791961435e-02 -2.463785507751551501e-02 -2.940192790831109779e-02 -4.025737605463917262e-02 -2.431814826633261345e-02 2.000992343501756254e-02 1.056148610356164030e-01 1.580856808608652742e-01 6.703303283775292887e-02
4.541432752919837279e-01 2.647965337211138914e-01 3.165255005903643004e-02 -3.513895487320009559e-02 -8.029364634684332813e-02 -7.440901497837545953e-02 -5.154878591605960986e-02 -2.081159017533392233e-02 2.017272646420863180e-02 7.689489260876958276e-02 1.313289157393371376e-01 2.092959683647683256e-01
2.647965337211138914e-01 5.602417381136688412e-01 2.868788913126747442e-01 9.321063635769542832e-02 4.316831320649194836e-02 1.104866662837838617e-02 -8.463163443168077865e-03 -2.620023385605719374e-02 -4.375644774924544733e-02 -6.036210304405231764e-02 -3.832447871317246069e-02 4.222808508724388427e-02
3.165255005903643004e-02 2.868788913126747442e-01 3.052209032390189591e-01 1.368894920461921072e-01 1.226826305521398486e-01 8.919573214357873203e-02 5.541656418251338090e-02 1.758728402456209358e-02 -2.641088607502168825e-02 -7.372667584682678077e-02 -8.930262025030494266e-02 -6.574455472993621930e-02
-3.513895487320009559e-02 9.321063635769542832e-02 1.368894920461921072e-01 8.596241308906554801e-02 1.159199093800429015e-01 1.010342998225069594e-01 7.329471762602661478e-02 4.630702795299113106e-02 1.663907198276065591e-02 -1.522937117772550294e-02 -4.157431147513787617e-02 -5.015338437552566142e-02
-8.029364634684332813e-02 4.316831320649194836e-02 1.226826305521398486e-01 1.159199093800429015e-01 2.153037740133909028e-01 2.038417110439000868e-01 1.525664975294199754e-01 1.102706006127700533e-01 7.025283542765306533e-02 3.015352117465282603e-02 -2.292999476930726935e-02 -5.920739652802426561e-02
-7.440901497837545953e-02 1.104866662837838617e-02 8.919573214357873203e-02 1.010342998225069594e-01 2.038417110439000868e-01 2.233425709248106905e-01 1.773945401491993645e-01 1.342272856839635264e-01 9.608075083872444355e-02 6.353676243472934637e-02 9.408361129203573689e-03 -3.714554146551623387e-02
-5.154878591605960986e-02 -8.463163443168077865e-03 5.541656418251338090e-02 7.329471762602661478e-02 1.525664975294199754e-01 1.773945401491993645e-01 1.720323783093664904e-01 1.468722269745673659e-01 1.174935865429187487e-01 9.559199284267408392e-02 4.734276919171975795e-02 -3.338918793576255671e-03
-2.081159017533392233e-02 -2.620023385605719374e-02 1.758728402456209358e-02 4.630702795299113106e-02 1.102706006127700533e-01 1.342272856839635264e-01 1.468722269745673659e-01 1.505375981144235209e-01 1.384645094684958111e-01 1.315099185417205607e-01 8.769867894731275815e-02 3.457825725477017831e-02
2.017272646420863180e-02 -4.375644774924544733e-02 -2.641088607502168825e-02 1.663907198276065591e-02 7.025283542765306533e-02 9.608075083872444355e-02 1.174935865429187487e-01 1.384645094684958111e-01 1.554742187871938075e-01 1.759277228219928990e-01 1.354279547482086787e-01 7.835524034928184611e-02
7.689489260876958276e-02 -6.036210304405231764e-02 -7.372667584682678077e-02 -1.522937117772550294e-02 3.015352117465282603e-02 6.353676243472934637e-02 9.559199284267408392e-02 1.315099185417205607e-01 1.759277228219928990e-01 2.522173615203178176e-01 2.161628205305920480e-01 1.425251412536821805e-01
1.313289157393371376e-01 -3.832447871317246069e-02 -8.930262025030494266e-02 -4.157431147513787617e-02 -2.292999476930726935e-02 9.408361129203573689e-03 4.734276919171975795e-02 8.769867894731275815e-02 1.354279547482086787e-01 2.161628205305920480e-01 2.408312001221912246e-01 1.811202213603886335e-01
2.092959683647683256e-01 4.222808508724388427e-02 -6.574455472993621930e-02 -5.015338437552566142e-02 -5.920739652802426561e-02 -3.714554146551623387e-02 -3.338918793576255671e-03 3.457825725477017831e-02 7.835524034928184611e-02 1.425251412536821805e-01 1.811202213603886335e-01 1.846925684745622798e-01
2.581728870698755673e-01 2.636788818959285852e-01 1.726489608087257432e-01 9.755226660915937431e-02 3.128939861443397197e-02 -2.511232015182996574e-02 -3.987410431437450609e-02 -4.753637052686674608e-02 -7.503414238313179871e-03 3.408316691112390356e-02 1.101819770048983738e-01 1.357064995987631584e-01
2.636788818959285852e-01 3.683941571638956747e-01 2.321994029803884918e-01 1.391162612842151147e-01 6.903504032279775271e-02 1.259891734460847831e-02 -3.390955546413736837e-02 -7.340419475827426876e-02 -5.193336239056216275e-02 -3.032838380855852004e-03 6.043940436280871575e-02 1.200522349052944582e-01
1.726489608087257432e-01 2.321994029803884918e-01 1.882292905583976550e-01 1.331025934833723057e-01 9.100009777045250936e-02 6.190671674492047305e-02 1.854143908146805957e-03 -4.928407768136180284e-02 -5.383273454186257578e-02 -2.279046474346766230e-02 8.496453209293422168e-03 6.954219207150216797e-02
9.755226660915937431e-02 1.391162612842151147e-01 1.331025934833723057e-01 1.239357146159403289e-01 1.198900557279766466e-01 1.289229044364811061e-01 5.348317810990708271e-02 -5.247383166895402441e-03 -4.116275336475374441e-02 -3.301182304355276126e-02 -3.218169413212092905e-02 2.473533385307478960e-02
3.128939861443397197e-02 6.903504032279775271e-02 9.100009777045250936e-02 1.198900557279766466e-01 1.651972637305622882e-01 2.373392197821914684e-01 1.228993800998513797e-01 5.547236992099856268e-02 -1.669973150845024956e-02 -3.609012485191953612e-02 -6.303200479991409588e-02 -1.441768017376736898e-02
-2.511232015182996574e-02 1.259891734460847831e-02 6.190671674492047305e-02 1.289229044364811061e-01 2.373392197821914684e-01 4.909787730836286945e-01 2.334536478922020486e-01 1.434900411311190449e-01 2.945377833822194341e-02 -2.745299313523699020e-02 -8.101167251429804150e-02 -4.541596499171228485e-02
-3.987410431437450609e-02 -3.390955546413736837e-02 1.854143908146805957e-03 5.348317810990708271e-02 1.228993800998513797e-01 2.334536478922020486e-01 1.801411358527675866e-01 1.814630497232508077e-01 1.069134057795728121e-01 3.481647342760383484e-02 -5.692352491092683361e-03 -2.235113067047463792e-02
-4.753637052686674608e-02 -7.340419475827426876e-02 -4.928407768136180284e-02 -5.247383166895402441e-03 5.547236992099856268e-02 1.434900411311190449e-01 1.814630497232508077e-01 2.966349408145853017e-01 2.395644223147030683e-01 1.217248901406783324e-01 9.198932186314690007e-02 1.058476439527165913e-02
-7.503414238313179871e-03 -5.193336239056216275e-02 -5.383273454186257578e-02 -4.116275336475374441e-02 -1.669973150845024956e-02 2.945377833822194341e-02 1.069134057795728121e-01 2.395644223147030683e-01 2.902311285891947534e-01 1.689770669020566607e-01 1.611009342248983511e-01 5.355403341071714174e-02
3.408316691112390356e-02 -3.032838380855852004e-03 -2.279046474346766230e-02 -3.301182304355276126e-02 -3.609012485191953612e-02 -2.745299313523699020e-02 3.481647342760383484e-02 1.217248901406783324e-01 1.689770669020566607e-01 1.357843835130037868e-01 1.899002804269311340e-01 7.616865170930402218e-02
1.101819770048983738e-01 6.043940436280871575e-02 8.496453209293422168e-03 -3.218169413212092905e-02 -6.303200479991409588e-02 -8.101167251429804150e-02 -5.692352491092683361e-03 9.198932186314690007e-02 1.611009342248983511e-01 1.899002804269311340e-01 3.936880950930275458e-01 1.650538176418500647e-01
1.357064995987631584e-01 1.200522349052944582e-01 6.954219207150216797e-02 2.473533385307478960e-02 -1.441768017376736898e-02 -4.541596499171228485e-02 -2.235113067047463792e-02 1.058476439527165913e-02 5.355403341071714174e-02 7.616865170930402218e-02 1.650538176418500647e-01 1.086122299151269649e-01
2.350337575628194120e-01 2.299575590106520129e-01 1.370714947711186849e-01 3.490787545862271413e-02 -2.521072323284195837e-02 -4.310587359539522212e-02 -4.267572786765918419e-02 -4.866370721851617093e-02 -1.262030399298827779e-02 5.735033911102799253e-02 1.460636331067393656e-01 2.005197403348958352e-01
2.299575590106520129e-01 3.794214141220979553e-01 2.745003274770342894e-01 1.389249794016428896e-01 8.164925605176343026e-02 2.916267428590091360e-02 -7.922277522108781694e-03 -4.213037436605394925e-02 -4.703070293644838473e-02 -8.851852562972013089e-03 4.622187389584482553e-02 1.230625473282403598e-01
1.370714947711186849e-01 2.745003274770342894e-01 3.177152013896566984e-01 1.863844388071013991e-01 1.435798263155124155e-01 8.314226469454620572e-02 3.396289558962722194e-02 -1.537683261596758553e-04 -3.507101574871252653e-02 -4.523467132435934207e-02 -4.316799141453241118e-02 2.506920508468450659e-02
3.490787545862271413e-02 1.389249794016428896e-01 1.863844388071013991e-01 1.499406308396339371e-01 1.514709520042667734e-01 1.033647637871999980e-01 5.878327874161060063e-02 3.910179627662493940e-02 -1.409297437412884019e-03 -4.358795888975459248e-02 -7.526819447921542783e-02 -4.279528542289411097e-02
-2.521072323284195837e-02 8.164925605176343026e-02 1.435798263155124155e-01 1.514709520042667734e-01 1.948137778540309506e-01 1.476385835128187773e-01 9.765382458819932276e-02 8.953980783165915724e-02 3.886810847107054212e-02 -4.061327712511178523e-02 -1.048120287007848483e-01 -9.193713697341687752e-02
-4.310587359539522212e-02 2.916267428590091360e-02 8.314226469454620572e-02 1.033647637871999980e-01 1.476385835128187773e-01 1.283807179893819150e-01 1.030528199506188791e-01 1.222524159603287919e-01 8.047054035853866416e-02 -5.813909575056558712e-03 -7.574943764789243694e-02 -8.111163698636147945e-02
-4.267572786765918419e-02 -7.922277522108781694e-03 3.396289558962722194e-02 5.878327874161060063e-02 9.765382458819932276e-02 1.030528199506188791e-01 1.148869157944856362e-01 1.805060554076294843e-01 1.410744099232630888e-01 4.686005051987295750e-02 -2.582156118176560239e-02 -5.204939283013351736e-02
-4.866370721851617093e-02 -4.213037436605394925e-02 -1.537683261596758553e-04 3.910179627662493940e-02 8.953980783165915724e-02 1.222524159603287919e-01 1.805060554076294843e-01 3.547069875889441448e-01 2.881644277282329192e-01 1.390900036583558597e-01 3.671671276404152306e-02 -2.762416764095469018e-02
-1.262030399298827779e-02 -4.703070293644838473e-02 -3.507101574871252653e-02 -1.409297437412884019e-03 3.886810847107054212e-02 8.047054035853866416e-02 1.410744099232630888e-01 2.881644277282329192e-01 3.740532315739069080e-01 2.037053769326209740e-01 1.169409702106107840e-01 4.051554561492159284e-02
5.735033911102799253e-02 -8.851852562972013089e-03 -4.523467132435934207e-02 -4.358795888975459248e-02 -4.061327712511178523e-02 -5.813909575056558712e-03 4.686005051987295750e-02 1.390900036583558597e-01 2.037053769326209740e-01 1.767317348458170012e-01 1.844808254120970936e-01 1.225312351157949176e-01
1.460636331067393656e-01 4.622187389584482553e-02 -4.316799141453241118e-02 -7.526819447921542783e-02 -1.048120287007848483e-01 -7.574943764789243694e-02 -2.582156118176560239e-02 3.671671276404152306e-02 1.169409702106107840e-01 1.844808254120970936e-01 3.104996474920157512e-01 2.401738087941535649e-01
