6.907780213689551640e-01 2.358250942966048924e-01 -6.481144062562887997e-02 -1.196915654380763389e-01 2.900783686447522616e-02 7.980549337947448474e-02 -6.685245918874058169e-02 -4.133594123353532407e-02 5.635971944155154095e-02 1.013054649700997345e-01 -7.720644559039110955e-02 -3.184150704719640457e-01
2.358250942966048924e-01 6.633249091035382516e-01 3.218963993110285360e-01 8.891482749234982941e-02 -1.077492497406420391e-01 -1.983856933038789794e-02 8.452414402750947631e-02 -2.687471037154758741e-02 -9.589210630326841511e-02 -2.516849866706745431e-02 1.232833715623514736e-01 7.235841347696853054e-02
-6.481144062562887997e-02 3.218963993110285360e-01 2.903256226592638711e-01 2.569132118221878480e-01 4.542418782680054945e-02 -1.017564335876791348e-01 2.545878155497474996e-02 5.855729518310347215e-02 -1.199341248460494835e-03 -5.908897516344216450e-02 1.113865943623111240e-02 8.701354279622729171e-02
-1.196915654380763389e-01 8.891482749234982941e-02 2.569132118221878480e-01 4.565137294982807847e-01 3.376303397397029116e-01 -7.545946785077001229e-02 -8.474628515687265828e-02 8.437467008128350654e-02 9.570371656445691988e-02 -3.058706156837613654e-02 -8.950358467510241556e-02 7.517643296898419113e-03
2.900783686447522616e-02 -1.077492497406420391e-01 4.542418782680054945e-02 3.376303397397029116e-01 5.990333567828552974e-01 2.899718936325009766e-01 -9.173789955049699296e-02 -6.833971216437503826e-02 2.687686233914002298e-02 5.459392880655061786e-02 -2.689255895106663907e-02 -6.061570761070064761e-02
7.980549337947448474e-02 -1.983856933038789794e-02 -1.017564335876791348e-01 -7.545946785077001229e-02 2.899718936325009766e-01 5.966116199758269012e-01 2.968685232461154566e-01 -7.970894965821768985e-02 -1.393244516959942780e-01 4.852345854720912198e-03 1.085485359465230837e-01 2.990018509872664765e-02
-6.685245918874058169e-02 8.452414402750947631e-02 2.545878155497474996e-02 -8.474628515687265828e-02 -9.173789955049699296e-02 2.968685232461154566e-01 6.281109076360991139e-01 3.131924251407307014e-01 5.381110446200421116e-02 -8.704153274727423339e-02 -3.692131891649919756e-02 4.053610203589248784e-02
-4.133594123353532407e-02 -2.687471037154758741e-02 5.855729518310347215e-02 8.437467008128350654e-02 -6.833971216437503826e-02 -7.970894965821768985e-02 3.131924251407307014e-01 4.051373352804348293e-01 2.998836089714619901e-01 6.217369408589037971e-02 -1.189767501076075124e-01 -6.647063628897464937e-02
5.635971944155154095e-02 -9.589210630326841511e-02 -1.199341248460494835e-03 9.570371656445691988e-02 2.687686233914002298e-02 -1.393244516959942780e-01 5.381110446200421116e-02 2.998836089714619901e-01 4.003050861604474653e-01 3.021122425793908439e-01 1.372337765947670429e-02 -8.334974896521263332e-02
1.013054649700997345e-01 -2.516849866706745431e-02 -5.908897516344216450e-02 -3.058706156837613654e-02 5.459392880655061786e-02 4.852345854720912198e-03 -8.704153274727423339e-02 6.217369408589037971e-02 3.021122425793908439e-01 5.342731170786287898e-01 3.419930746932067223e-01 6.302674927607096467e-02
-7.720644559039110955e-02 1.232833715623514736e-01 1.113865943623111240e-02 -8.950358467510241556e-02 -2.689255895106663907e-02 1.085485359465230837e-01 -3.692131891649919756e-02 -1.189767501076075124e-01 1.372337765947670429e-02 3.419930746932067223e-01 4.481192354886828211e-01 2.542923838551892080e-01
-3.184150704719640457e-01 7.235841347696853054e-02 8.701354279622729171e-02 7.517643296898419113e-03 -6.061570761070064761e-02 2.990018509872664765e-02 4.053610203589248784e-02 -6.647063628897464937e-02 -8.334974896521263332e-02 6.302674927607096467e-02 2.542923838551892080e-01 2.874670589670231813e-01
3.846138468848862013e-01 3.387691511803375688e-01 -7.435240336015463969e-02 -9.583745599381465752e-02 4.312334505457994516e-02 8.569797792182662355e-02 -1.160565563473539563e-02 -6.245897092403528139e-02 -2.769208980776483725e-02 8.130941801322885687e-02 -1.022643175133221456e-03 -2.833942364110371148e-01
3.387691511803375688e-01 6.127590740475040709e-01 2.575135739640989629e-01 -6.344592821935321481e-02 -8.612378694039569960e-02 -9.939043343148854653e-03 4.306152800266165037e-02 -6.369141782449452838e-02 -1.032785459689277707e-01 -5.413224067288086028e-03 1.377010528904606956e-01 -4.443380471971299095e-02
-7.435240336015463969e-02 2.575135739640989629e-01 6.605223811571774295e-01 3.158885228671700629e-01 -2.680119687561221750e-02 -1.211558535886814447e-01 2.836469934703663744e-03 9.201682888555909323e-02 7.478179064558526656e-02 -4.926197291347676060e-02 -6.403846631130387379e-02 1.040550294760624050e-01
-9.583745599381465752e-02 -6.344592821935321481e-02 3.158885228671700629e-01 4.237242678719271294e-01 3.117289870950858410e-01 1.258206470061633830e-01 -6.792611487523719793e-02 1.873637871740514455e-03 5.041181628186638952e-02 2.511740598659297635e-02 -6.523467278951491921e-02 -3.846206477006381894e-03
4.312334505457994516e-02 -8.612378694039569960e-02 -2.680119687561221750e-02 3.117289870950858410e-01 4.757191740334190122e-01 3.276383363663717407e-01 -2.628185218415473451e-02 -1.108804253606474888e-01 -6.702974483598220234e-02 5.278553586878741155e-02 4.487129625761414331e-02 -7.568489160543659389e-02
8.569797792182662355e-02 -9.939043343148854653e-03 -1.211558535886814447e-01 1.258206470061633830e-01 3.276383363663717407e-01 3.309931990234562527e-01 2.176889791333441460e-01 -5.933895222535416625e-02 -1.027312883848141151e-01 5.919054301778232594e-03 8.364653873357946745e-02 -4.198643952562385040e-02
-1.160565563473539563e-02 4.306152800266165037e-02 2.836469934703663744e-03 -6.792611487523719793e-02 -2.628185218415473451e-02 2.176889791333441460e-01 8.523725279228244744e-01 2.489337736593864592e-01 2.389438923652656768e-02 -6.835431894320662116e-02 -5.204195805696124402e-03 4.977538188026214144e-02
-6.245897092403528139e-02 -6.369141782449452838e-02 9.201682888555909323e-02 1.873637871740514455e-03 -1.108804253606474888e-01 -5.933895222535416625e-02 2.489337736593864592e-01 2.162149329490232474e-01 2.171965668432946361e-01 1.176406776835929174e-01 -9.255360660849179522e-02 -4.709449560385002564e-02
-2.769208980776483725e-02 -1.032785459689277707e-01 7.478179064558526656e-02 5.041181628186638952e-02 -6.702974483598220234e-02 -1.027312883848141151e-01 2.389438923652656768e-02 2.171965668432946361e-01 3.723985863326059187e-01 3.545842431405150652e-01 -4.345227222669245659e-02 -1.267176609489497063e-01
8.130941801322885687e-02 -5.413224067288086028e-03 -4.926197291347676060e-02 2.511740598659297635e-02 5.278553586878741155e-02 5.919054301778232594e-03 -6.835431894320662116e-02 1.176406776835929174e-01 3.545842431405150652e-01 5.964357202756187526e-01 2.723116064116210544e-01 -5.713490947919382112e-02
-1.022643175133221456e-03 1.377010528904606956e-01 -6.403846631130387379e-02 -6.523467278951491921e-02 4.487129625761414331e-02 8.364653873357946745e-02 -5.204195805696124402e-03 -9.255360660849179522e-02 -4.345227222669245659e-02 2.723116064116210544e-01 5.613293825529583891e-01 3.430862768654849293e-01
-2.833942364110371148e-01 -4.443380471971299095e-02 1.040550294760624050e-01 -3.846206477006381894e-03 -7.568489160543659389e-02 -4.198643952562385040e-02 4.977538188026214144e-02 -4.709449560385002564e-02 -1.267176609489497063e-01 -5.713490947919382112e-02 3.430862768654849293e-01 5.129169069486612109e-01
8.477120608574695293e-01 2.279512595744175585e-01 4.715560918281809510e-02 -6.661228399410376588e-02 -5.573540142518078333e-02 7.726083385563652095e-03 6.102204358108743315e-02 6.428124177732673535e-03 -7.186581692093597928e-02 7.733346662427872942e-02 3.320675887850575714e-02 -2.203418167024062402e-01
2.279512595744175585e-01 1.568154599281010586e-01 2.325435575141474309e-01 6.940123624767710608e-02 -6.964839468181416304e-02 -6.053054928570213156e-02 4.403880507727876009e-03 4.689985867235811623e-02 -1.867786238832115295e-02 -2.334937712577744851e-02 6.164089714508409756e-02 5.960255817333225820e-02
4.715560918281809510e-02 2.325435575141474309e-01 5.785056539415777133e-01 3.404742156177143486e-01 -1.084895413253807520e-02 -1.085682643848150525e-01 -6.669017748651240307e-02 6.503939548893458711e-02 4.161116558603908389e-02 -9.857152302221011686e-02 5.405135843310770322e-02 1.603175094368535225e-01
-6.661228399410376588e-02 6.940123624767710608e-02 3.404742156177143486e-01 4.645587752580500052e-01 3.072095700709228661e-01 1.022770803918911925e-01 -4.123420289440565822e-02 -6.375067086386530801e-02 3.541658534490897681e-02 1.412508134384665368e-02 -4.665547286932854310e-02 -4.915876838946681149e-02
-5.573540142518078333e-02 -6.964839468181416304e-02 -1.084895413253807520e-02 3.072095700709228661e-01 4.196618557258898763e-01 2.727120775224780580e-01 1.043148502501190511e-01 -8.698163160745016331e-02 -4.591717747770419911e-02 1.038480710886510866e-01 -5.420849946299487881e-02 -1.475247500240671750e-01
7.726083385563652095e-03 -6.053054928570213156e-02 -1.085682643848150525e-01 1.022770803918911925e-01 2.727120775224780580e-01 2.879466343342730328e-01 2.823985684511960415e-01 5.842754250584109021e-02 -1.036928665394676180e-01 6.052847442582721255e-02 1.720942178065985873e-02 -4.342705904615801193e-02
6.102204358108743315e-02 4.403880507727876009e-03 -6.669017748651240307e-02 -4.123420289440565822e-02 1.043148502501190511e-01 2.823985684511960415e-01 5.263412611552691356e-01 3.391131773145059647e-01 -7.053954500394254978e-02 -5.926545741998342359e-02 7.571448339621741908e-02 1.069282823777260860e-01
6.428124177732673535e-03 4.689985867235811623e-02 6.503939548893458711e-02 -6.375067086386530801e-02 -8.698163160745016331e-02 5.842754250584109021e-02 3.391131773145059647e-01 4.777269553445067096e-01 2.922223371988040830e-01 -1.221560200667007046e-01 -2.703292429121505885e-02 6.797996239572196009e-02
-7.186581692093597928e-02 -1.867786238832115295e-02 4.161116558603908389e-02 3.541658534490897681e-02 -4.591717747770419911e-02 -1.036928665394676180e-01 -7.053954500394254978e-02 2.922223371988040830e-01 7.330406499484087846e-01 2.130536859557665419e-01 -1.039898472798211210e-01 -1.477771183174255154e-01
7.733346662427872942e-02 -2.334937712577744851e-02 -9.857152302221011686e-02 1.412508134384665368e-02 1.038480710886510866e-01 6.052847442582721255e-02 -5.926545741998342359e-02 -1.221560200667007046e-01 2.130536859557665419e-01 7.227227546590373475e-01 3.064815390887641877e-01 7.391008992019301727e-02
3.320675887850575714e-02 6.164089714508409756e-02 5.405135843310770322e-02 -4.665547286932854310e-02 -5.420849946299487881e-02 1.720942178065985873e-02 7.571448339621741908e-02 -2.703292429121505885e-02 -1.039898472798211210e-01 3.064815390887641877e-01 3.165581368219156921e-01 2.931674774309663833e-01
-2.203418167024062402e-01 5.960255817333225820e-02 1.603175094368535225e-01 -4.915876838946681149e-02 -1.475247500240671750e-01 -4.342705904615801193e-02 1.069282823777260860e-01 6.797996239572196009e-02 -1.477771183174255154e-01 7.391008992019301727e-02 2.931674774309663833e-01 4.684098020254706674e-01
4.184902940204729416e-01 3.151557393699011000e-01 3.483237086896231322e-02 -9.352300752372959269e-02 5.979181281570117995e-02 5.167381160408797414e-02 -9.222207499152151877e-02 1.795699604408680997e-02 1.033311927229426247e-01 -3.445660204886399208e-03 -1.536946072334625657e-01 -2.787071465053568842e-01
3.151557393699011000e-01 5.666822648624372238e-01 3.254244311575901771e-01 -4.097716854922077434e-02 -9.761061086294314793e-02 3.952162098602282625e-02 4.719028885153910002e-02 -6.598760915585466513e-02 -5.016592489021470813e-02 7.276970050283398939e-02 6.317439726087545337e-02 -5.199162384880538779e-02
3.483237086896231322e-02 3.254244311575901771e-01 3.825359222289677619e-01 2.740094928007681396e-01 -7.144210407775963834e-02 -7.490414168520272142e-02 9.640225716214877172e-02 -1.260421811622827390e-02 -8.865414667753609979e-02 1.308570042681329350e-02 1.007780252531984971e-01 9.642679177686275249e-02
-9.352300752372959269e-02 -4.097716854922077434e-02 2.740094928007681396e-01 7.622596045071658999e-01 2.649874261526940500e-01 -9.460903848074288247e-02 -3.899898101217744162e-02 7.214862898012110171e-02 3.525196024357893365e-02 -5.787279964145910366e-02 -3.872990722237409922e-02 2.096007986888857519e-02
5.979181281570117995e-02 -9.761061086294314793e-02 -7.144210407775963834e-02 2.649874261526940500e-01 4.578791192834977819e-01 3.449137846068900393e-01 -9.846682867842222742e-02 -8.351775992029991658e-02 5.650631894712687675e-02 5.278976399693408733e-02 -4.793011167984646825e-02 -9.429943524680761691e-02
5.167381160408797414e-02 3.952162098602282625e-02 -7.490414168520272142e-02 -9.460903848074288247e-02 3.449137846068900393e-01 6.622394716567220341e-01 2.416317852664041088e-01 -9.369302656352071490e-02 -7.933205560166567416e-02 5.838416905640395060e-02 5.807034465613122864e-02 7.121411360451076339e-03
-9.222207499152151877e-02 4.719028885153910002e-02 9.640225716214877172e-02 -3.899898101217744162e-02 -9.846682867842222742e-02 2.416317852664041088e-01 6.575827400188244409e-01 3.265601615535388413e-01 -2.400067449685927209e-02 -1.193754227610819008e-01 5.273274908041419504e-03 8.745531217475985275e-02
1.795699604408680997e-02 -6.598760915585466513e-02 -1.260421811622827390e-02 7.214862898012110171e-02 -8.351775992029991658e-02 -9.369302656352071490e-02 3.265601615535388413e-01 4.644414954948253293e-01 3.042960780422249156e-01 7.771487717769110307e-03 -9.923754664149020410e-02 -8.405891151678926421e-02
1.033311927229426247e-01 -5.016592489021470813e-02 -8.865414667753609979e-02 3.525196024357893365e-02 5.650631894712687675e-02 -7.933205560166567416e-02 -2.400067449685927209e-02 3.042960780422249156e-01 4.919136645040882994e-01 3.261806971718517745e-01 2.131857126315228959e-02 -1.035963285391196947e-01
-3.445660204886399208e-03 7.276970050283398939e-02 1.308570042681329350e-02 -5.787279964145910366e-02 5.278976399693408733e-02 5.838416905640395060e-02 -1.193754227610819008e-01 7.771487717769110307e-03 3.261806971718517745e-01 5.404226005646259878e-01 3.003278065908236982e-01 1.247131961968296343e-01
-1.536946072334625657e-01 6.317439726087545337e-02 1.007780252531984971e-01 -3.872990722237409922e-02 -4.793011167984646825e-02 5.807034465613122864e-02 5.273274908041419504e-03 -9.923754664149020410e-02 2.131857126315228959e-02 3.003278065908236982e-01 3.043627709552096383e-01 2.467367035576198409e-01
-2.787071465053568842e-01 -5.199162384880538779e-02 9.642679177686275249e-02 2.096007986888857519e-02 -9.429943524680761691e-02 7.121411360451076339e-03 8.745531217475985275e-02 -8.405891151678926421e-02 -1.035963285391196947e-01 1.247131961968296343e-01 2.467367035576198409e-01 2.911900519031324075e-01
3.114459801503943748e-01 1.839702881186091599e-01 5.062049634496464806e-02 -5.113611163899930978e-02 -5.885866902581193133e-02 6.155949372772808598e-02 5.753146807155427173e-02 -6.637965047392474505e-02 -6.180215695759062183e-02 1.443300059762057386e-01 1.805859223572119088e-02 -3.592492108560545461e-01
1.839702881186091599e-01 2.229826805746245311e-01 3.036033229003978762e-01 4.176014106577428942e-02 -9.196107602778841317e-02 7.251733998283827788e-03 6.789979179796322428e-02 -1.025831968421818223e-02 -6.871974055834775830e-02 6.597253731161084600e-02 6.921251671132513938e-02 -1.237887955589204309e-01
5.062049634496464806e-02 3.036033229003978762e-01 7.506768479202376998e-01 2.646063022657928476e-01 -2.059420387552591755e-02 -7.846499387747953025e-02 2.404919554454992923e-03 5.516656518092021011e-02 1.068638477762445934e-03 -5.744775314369347796e-02 1.344474155775335009e-02 8.091943220410319215e-02
-5.113611163899930978e-02 4.176014106577428942e-02 2.646063022657928476e-01 2.363454937981168680e-01 2.853815892838883483e-01 4.556748530022353832e-02 -9.348367047690987752e-02 -2.948205241363281714e-02 6.713253678619274245e-02 -2.328980311820512406e-02 -5.425993352197321096e-02 4.875210800762518060e-02
-5.885866902581193133e-02 -9.196107602778841317e-02 -2.059420387552591755e-02 2.853815892838883483e-01 6.867275545667042014e-01 3.050810957404746504e-01 -6.654019964217998406e-02 -1.081145878571766888e-01 5.461925711841568443e-02 4.053121109155362334e-02 -5.327026476002165445e-02 -2.296460335928079619e-02
6.155949372772808598e-02 7.251733998283827788e-03 -7.846499387747953025e-02 4.556748530022353832e-02 3.050810957404746504e-01 4.039402130407296898e-01 3.215495390793996489e-01 6.316874990587495464e-02 -1.191555292551809420e-01 1.804795786614702552e-02 7.969741181415465614e-02 -3.957951653379727236e-02
5.753146807155427173e-02 6.789979179796322428e-02 2.404919554454992923e-03 -9.348367047690987752e-02 -6.654019964217998406e-02 3.215495390793996489e-01 5.608201128859663376e-01 3.178264088299011525e-01 -7.219478035109551384e-02 -6.982919864308800850e-02 6.420421519174455971e-02 2.206529105687677142e-02
-6.637965047392474505e-02 -1.025831968421818223e-02 5.516656518092021011e-02 -2.948205241363281714e-02 -1.081145878571766888e-01 6.316874990587495464e-02 3.178264088299011525e-01 4.365992804724293519e-01 3.129013724860351120e-01 -4.846498907575828158e-02 -1.070969826299814215e-01 5.332058345334364513e-02
-6.180215695759062183e-02 -6.871974055834775830e-02 1.068638477762445934e-03 6.713253678619274245e-02 5.461925711841568443e-02 -1.191555292551809420e-01 -7.219478035109551384e-02 3.129013724860351120e-01 6.873542351664007066e-01 2.580122015267583557e-01 -9.119093633058997228e-02 -4.400123751526461430e-02
1.443300059762057386e-01 6.597253731161084600e-02 -5.744775314369347796e-02 -2.328980311820512406e-02 4.053121109155362334e-02 1.804795786614702552e-02 -6.982919864308800850e-02 -4.846498907575828158e-02 2.580122015267583557e-01 5.335741985766709883e-01 3.634745035588073936e-01 -6.465793490425005008e-02
1.805859223572119088e-02 6.921251671132513938e-02 1.344474155775335009e-02 -5.425993352197321096e-02 -5.327026476002165445e-02 7.969741181415465614e-02 6.420421519174455971e-02 -1.070969826299814215e-01 -9.119093633058997228e-02 3.634745035588073936e-01 5.556834847558558277e-01 2.570010241993440081e-01
-3.592492108560545461e-01 -1.237887955589204309e-01 8.091943220410319215e-02 4.875210800762518060e-02 -2.296460335928079619e-02 -3.957951653379727236e-02 2.206529105687677142e-02 5.332058345334364513e-02 -4.400123751526461430e-02 -6.465793490425005008e-02 2.570010241993440081e-01 6.138499180918899345e-01
4.274992083908530360e-01 2.809941140122401704e-01 6.345467302862993486e-02 -9.409572364193757865e-02 -6.435730710331755144e-02 5.719839082376129702e-02 4.102529108488572190e-02 -8.628593709053070104e-02 -5.560253032444913146e-02 1.703516921202853363e-01 -1.319303201284334204e-01 -2.802247657242826762e-01
2.809941140122401704e-01 3.043574476198298573e-01 2.927035444316767321e-01 5.262683428206758884e-02 -8.331610323660100514e-02 -4.119691146304044899e-02 6.239739275421662956e-02 -1.062939496935934661e-02 -6.269985069230898933e-02 8.041273001329517223e-02 -5.474534635420717429e-04 -1.293664919963550819e-01
6.345467302862993486e-02 2.927035444316767321e-01 6.028855369715936385e-01 3.267365378387684927e-01 1.308918651342715067e-02 -1.228136706334786027e-01 1.766937211614664702e-02 7.820432277452932235e-02 -3.120342597588256564e-03 -7.409232161587481214e-02 8.305101904078329711e-02 5.033710866491259567e-02
-9.409572364193757865e-02 5.262683428206758884e-02 3.267365378387684927e-01 3.600219164357864043e-01 2.805482739354370203e-01 7.012727273690128049e-02 -9.317037464710498096e-02 7.894944537677947832e-04 6.361474916186908579e-02 -6.733657042984825258e-02 7.600420115738160468e-03 7.446576640695509730e-02
-6.435730710331755144e-02 -8.331610323660100514e-02 1.308918651342715067e-02 2.805482739354370203e-01 5.088293295638566249e-01 3.571988938409534353e-01 -7.232393989503610454e-02 -1.082178479061627341e-01 3.948061989251611115e-02 4.146413031807698324e-02 -6.946586075893242118e-02 -1.112661408425527805e-02
5.719839082376129702e-02 -4.119691146304044899e-02 -1.228136706334786027e-01 7.012727273690128049e-02 3.571988938409534353e-01 4.768762167453268197e-01 2.648515633413334180e-01 -3.223655060018539020e-02 -7.823679753133841452e-02 8.570396074715527779e-02 -2.398201798231318002e-02 -6.542118371878526129e-02
4.102529108488572190e-02 6.239739275421662956e-02 1.766937211614664702e-02 -9.317037464710498096e-02 -7.232393989503610454e-02 2.648515633413334180e-01 7.120214113772459497e-01 3.081251679097524176e-01 -6.490069057774031092e-02 -6.615968142474190627e-02 8.281590247642621472e-02 2.595985902011233720e-02
-8.628593709053070104e-02 -1.062939496935934661e-02 7.820432277452932235e-02 7.894944537677947832e-04 -1.082178479061627341e-01 -3.223655060018539020e-02 3.081251679097524176e-01 3.550923127266503165e-01 3.027402930304844419e-01 -7.841549670941394545e-02 -4.534415108818368179e-02 5.006226904802361238e-02
-5.560253032444913146e-02 -6.269985069230898933e-02 -3.120342597588256564e-03 6.361474916186908579e-02 3.948061989251611115e-02 -7.823679753133841452e-02 -6.490069057774031092e-02 3.027402930304844419e-01 7.428651053400493476e-01 2.241756209733463401e-01 -1.433283819764008815e-01 -4.212885139060221218e-02
1.703516921202853363e-01 8.041273001329517223e-02 -7.409232161587481214e-02 -6.733657042984825258e-02 4.146413031807698324e-02 8.570396074715527779e-02 -6.615968142474190627e-02 -7.841549670941394545e-02 2.241756209733463401e-01 6.574918379864741480e-01 3.182080448755939539e-01 -3.435787745055449149e-02
-1.319303201284334204e-01 -5.474534635420717429e-04 8.305101904078329711e-02 7.600420115738160468e-03 -6.946586075893242118e-02 -2.398201798231318002e-02 8.281590247642621472e-02 -4.534415108818368179e-02 -1.433283819764008815e-01 3.182080448755939539e-01 5.923612788888560354e-01 2.723963756521127211e-01
-2.802247657242826762e-01 -1.293664919963550819e-01 5.033710866491259567e-02 7.446576640695509730e-02 -1.112661408425527805e-02 -6.542118371878526129e-02 2.595985902011233720e-02 5.006226904802361238e-02 -4.212885139060221218e-02 -3.435787745055449149e-02 2.723963756521127211e-01 2.596983979534992493e-01
4.309507736591612348e-01 3.397526875338097163e-01 -4.830201182048665665e-02 -1.278970992721502054e-01 4.210165854037015154e-02 6.856258121124050864e-02 -1.929034220842705191e-02 -6.490833709623269887e-02 3.513367935061328939e-02 9.967087313811849592e-02 2.426209020178573574e-03 -2.865179228700731606e-01
3.397526875338097163e-01 6.394988966019987675e-01 2.651135250645203500e-01 -4.783816731285905899e-02 -6.866429594261715119e-02 5.964279480672628198e-02 6.439248486565515850e-02 -5.239857576613506096e-02 -5.975880653727738689e-02 3.014846782164415373e-02 1.060600812045891239e-01 7.658415277331226401e-02
-4.830201182048665665e-02 2.651135250645203500e-01 5.421977381157496723e-01 3.551086906111721730e-01 -4.254706714055658812e-02 -1.262853720676304636e-01 -7.536675425312904311e-03 9.299452444944297791e-02 -2.971024803067948139e-04 -9.015281661483705300e-02 -5.317809839205241140e-02 6.526932381481292955e-02
-1.278970992721502054e-01 -4.783816731285905899e-02 3.551086906111721730e-01 4.735659035639763204e-01 2.716964196747652660e-01 -4.552795296456880331e-02 -9.392078439723215710e-02 3.947734643570476043e-02 6.071352924044354227e-02 -1.497036935463314650e-02 -6.869319125894587930e-02 -4.699505743699829846e-02
4.210165854037015154e-02 -6.866429594261715119e-02 -4.254706714055658812e-02 2.716964196747652660e-01 6.763129165447582247e-01 3.208318689313273131e-01 -2.034176703994635543e-03 -1.225316012970576185e-01 1.173549501082400042e-03 9.321198636912120250e-02 5.487350282637795673e-02 -4.071804567227742255e-02
6.856258121124050864e-02 5.964279480672628198e-02 -1.262853720676304636e-01 -4.552795296456880331e-02 3.208318689313273131e-01 3.816061672815853623e-01 2.908577549133191664e-01 3.158531561291517964e-02 -8.970261726219574960e-02 -4.978430030886053098e-02 2.865778041642505145e-02 6.059440389622841594e-02
-1.929034220842705191e-02 6.439248486565515850e-02 -7.536675425312904311e-03 -9.392078439723215710e-02 -2.034176703994635543e-03 2.908577549133191664e-01 5.191304657283373203e-01 3.399932447505182309e-01 -1.214471734735678501e-02 -1.433610002221686885e-01 -6.183784846793916046e-02 6.250429065309480448e-02
-6.490833709623269887e-02 -5.239857576613506096e-02 9.299452444944297791e-02 3.947734643570476043e-02 -1.225316012970576185e-01 3.158531561291517964e-02 3.399932447505182309e-01 5.121439151471250950e-01 2.894517545380523860e-01 6.137084845324684845e-02 -4.841157508630626605e-02 -6.089136075183154695e-02
3.513367935061328939e-02 -5.975880653727738689e-02 -2.971024803067948139e-04 6.071352924044354227e-02 1.173549501082400042e-03 -8.970261726219574960e-02 -1.214471734735678501e-02 2.894517545380523860e-01 4.291764072240276673e-01 3.433806534316433678e-01 1.152975642061501299e-01 -8.094881542504196725e-02
9.967087313811849592e-02 3.014846782164415373e-02 -9.015281661483705300e-02 -1.497036935463314650e-02 9.321198636912120250e-02 -4.978430030886053098e-02 -1.433610002221686885e-01 6.137084845324684845e-02 3.433806534316433678e-01 4.261411406650227884e-01 2.477548408746650943e-01 5.142792842401586878e-02
2.426209020178573574e-03 1.060600812045891239e-01 -5.317809839205241140e-02 -6.869319125894587930e-02 5.487350282637795673e-02 2.865778041642505145e-02 -6.183784846793916046e-02 -4.841157508630626605e-02 1.152975642061501299e-01 2.477548408746650943e-01 2.677811934238841785e-01 2.977720261061146401e-01
-2.865179228700731606e-01 7.658415277331226401e-02 6.526932381481292955e-02 -4.699505743699829846e-02 -4.071804567227742255e-02 6.059440389622841594e-02 6.250429065309480448e-02 -6.089136075183154695e-02 -8.094881542504196725e-02 5.142792842401586878e-02 2.977720261061146401e-01 7.014944820443589357e-01
6.205041387816038201e-01 3.186224297433086772e-01 -1.120514431168889019e-02 -1.111174961666917399e-01 -1.517255211737997614e-02 7.831062260115990992e-02 -1.594825028128972130e-02 -9.856706075889656860e-02 4.398795827761502186e-03 1.200955765492027622e-01 7.884406333587148930e-02 -2.790224429202438072e-01
3.186224297433086772e-01 3.971495124260068788e-01 3.094055059647899952e-01 5.252177487785618555e-03 -1.109160448088450934e-01 3.356190247546537997e-02 6.070932841173061478e-02 4.175615624469924958e-02 -6.267839685523055038e-02 1.877495944132653860e-02 1.055031552237978287e-01 3.967029042859562121e-02
-1.120514431168889019e-02 3.094055059647899952e-01 5.959475569199038647e-01 3.100233181231057400e-01 -8.527535059132621692e-03 -9.853771103175260060e-02 2.728220916474932700e-02 1.086697243130868018e-01 -2.452527131891744580e-02 -8.609921935396053216e-02 -3.670787618492269561e-02 1.003794745558894419e-01
-1.111174961666917399e-01 5.252177487785618555e-03 3.100233181231057400e-01 4.383315434770052588e-01 3.228062162589517281e-01 -4.490759145338953096e-02 -9.619513893659628612e-02 -7.125861784525777676e-02 6.761947630090245354e-02 8.339314645494455211e-03 -6.293919738302729272e-02 -4.141334744299446369e-02
-1.517255211737997614e-02 -1.109160448088450934e-01 -8.527535059132621692e-03 3.228062162589517281e-01 5.457278006670670534e-01 2.900228185792967373e-01 -3.042769591576034716e-02 -1.479456475538477589e-01 4.053585280938146185e-02 8.597431346925440976e-02 2.108327787284065141e-02 -8.182697501729149780e-02
7.831062260115990992e-02 3.356190247546537997e-02 -9.853771103175260060e-02 -4.490759145338953096e-02 2.900228185792967373e-01 6.551938242976379501e-01 2.906061981842246178e-01 1.238492458236739729e-01 -1.002949400153384241e-01 -3.378668270857820843e-02 5.107652458757402925e-02 5.719194874998236033e-02
-1.594825028128972130e-02 6.070932841173061478e-02 2.728220916474932700e-02 -9.619513893659628612e-02 -3.042769591576034716e-02 2.906061981842246178e-01 2.441570154463159059e-01 2.605603972438501614e-01 8.103095356706203900e-03 -8.980322844596787257e-02 -5.032057303880529964e-02 5.137369088085565194e-02
-9.856706075889656860e-02 4.175615624469924958e-02 1.086697243130868018e-01 -7.125861784525777676e-02 -1.479456475538477589e-01 1.238492458236739729e-01 2.605603972438501614e-01 4.807269465167800515e-01 2.905742847275646357e-01 -6.308505966839135504e-02 -1.345620658867405228e-01 4.137141539181482877e-03
4.398795827761502186e-03 -6.267839685523055038e-02 -2.452527131891744580e-02 6.761947630090245354e-02 4.053585280938146185e-02 -1.002949400153384241e-01 8.103095356706203900e-03 2.905742847275646357e-01 7.068146381320931093e-01 2.950202869874767320e-01 5.116176622057982265e-02 -8.717625576161086576e-02
1.200955765492027622e-01 1.877495944132653860e-02 -8.609921935396053216e-02 8.339314645494455211e-03 8.597431346925440976e-02 -3.378668270857820843e-02 -8.980322844596787257e-02 -6.308505966839135504e-02 2.950202869874767320e-01 3.064437747781444399e-01 2.654859632284699567e-01 8.404474349071754113e-02
7.884406333587148930e-02 1.055031552237978287e-01 -3.670787618492269561e-02 -6.293919738302729272e-02 2.108327787284065141e-02 5.107652458757402925e-02 -5.032057303880529964e-02 -1.345620658867405228e-01 5.116176622057982265e-02 2.654859632284699567e-01 4.196504558384067662e-01 3.418035929795429362e-01
-2.790224429202438072e-01 3.967029042859562121e-02 1.003794745558894419e-01 -4.141334744299446369e-02 -8.182697501729149780e-02 5.719194874998236033e-02 5.137369088085565194e-02 4.137141539181482877e-03 -8.717625576161086576e-02 8.404474349071754113e-02 3.418035929795429362e-01 5.893527927190690407e-01
5.204718984378240432e-01 3.247335938541742184e-01 -5.288440754458956401e-03 -1.178778757780033354e-01 8.346791880399770380e-02 6.266469606120386726e-02 -1.653331958794947154e-02 -5.876932316178067051e-02 4.009187162450685710e-02 1.196032721128605369e-01 5.267804475694402161e-02 -2.994813860355001189e-01
3.247335938541742184e-01 5.607953472770496051e-01 3.079393891002233374e-01 -3.223531002593357786e-02 -8.746535458900821236e-02 2.294680131159271969e-02 8.622361367800371323e-02 -4.414943416226969897e-02 -7.610337069675976451e-02 -1.985813424332258034e-02 9.285980301338127296e-02 7.649519514147677668e-02
-5.288440754458956401e-03 3.079393891002233374e-01 4.425859576557353847e-01 3.189726826417370598e-01 -1.049946428823499422e-01 -9.478746906444483755e-02 2.604638190088647345e-03 6.615260532817862638e-02 -1.898969361378701273e-02 -8.256186416729534294e-02 -4.473086330770242869e-02 9.957853773779014317e-02
-1.178778757780033354e-01 -3.223531002593357786e-02 3.189726826417370598e-01 6.701545062552773935e-01 2.642735151403926563e-01 -2.927100980178112127e-02 -1.129588319298602400e-01 5.239883353565293056e-02 7.561915846366182303e-02 1.631900087796355620e-02 -6.539219633107826168e-02 -4.606703339536366570e-02
8.346791880399770380e-02 -8.746535458900821236e-02 -1.049946428823499422e-01 2.642735151403926563e-01 6.129067806687692466e-01 3.059040862159190244e-01 8.427089419512459600e-02 -1.346379248954713559e-01 -4.555134039609183561e-02 6.594913699630262915e-02 9.198316324899578900e-02 -3.707079381692333919e-02
6.266469606120386726e-02 2.294680131159271969e-02 -9.478746906444483755e-02 -2.927100980178112127e-02 3.059040862159190244e-01 2.807043456344250343e-01 2.776147451820071277e-01 -4.756114854897887378e-03 -8.618151292908274308e-02 -4.622375782057901172e-02 3.255546919737206668e-02 4.410498123832561068e-02
-1.653331958794947154e-02 8.622361367800371323e-02 2.604638190088647345e-03 -1.129588319298602400e-01 8.427089419512459600e-02 2.776147451820071277e-01 5.801610202237672542e-01 3.195907346880219047e-01 -2.119339747202502247e-02 -1.328753173118447650e-01 -6.871159870929513525e-02 8.304619944404968701e-02
-5.876932316178067051e-02 -4.414943416226969897e-02 6.615260532817862638e-02 5.239883353565293056e-02 -1.346379248954713559e-01 -4.756114854897887378e-03 3.195907346880219047e-01 5.619353293099195179e-01 2.991780786925691271e-01 1.026723223467228691e-01 -4.028742445719796228e-02 -6.902436592440998331e-02
4.009187162450685710e-02 -7.610337069675976451e-02 -1.898969361378701273e-02 7.561915846366182303e-02 -4.555134039609183561e-02 -8.618151292908274308e-02 -2.119339747202502247e-02 2.991780786925691271e-01 3.252546111792917749e-01 2.782071303503015902e-01 1.272290437193476231e-01 -8.804191506609515550e-02
1.196032721128605369e-01 -1.985813424332258034e-02 -8.256186416729534294e-02 1.631900087796355620e-02 6.594913699630262915e-02 -4.622375782057901172e-02 -1.328753173118447650e-01 1.026723223467228691e-01 2.782071303503015902e-01 3.788801595682002588e-01 3.071661087831069059e-01 2.115389749035125402e-02
5.267804475694402161e-02 9.285980301338127296e-02 -4.473086330770242869e-02 -6.539219633107826168e-02 9.198316324899578900e-02 3.255546919737206668e-02 -6.871159870929513525e-02 -4.028742445719796228e-02 1.272290437193476231e-01 3.071661087831069059e-01 4.264152369054334812e-01 3.065488481850747737e-01
-2.994813860355001189e-01 7.649519514147677668e-02 9.957853773779014317e-02 -4.606703339536366570e-02 -3.707079381692333919e-02 4.410498123832561068e-02 8.304619944404968701e-02 -6.902436592440998331e-02 -8.804191506609515550e-02 2.115389749035125402e-02 3.065488481850747737e-01 6.397348068842833024e-01
6.681054523847376192e-01 2.516207807930418427e-01 1.181340308141035772e-02 -1.038548804589021907e-01 2.457706761315858919e-03 8.734385965240572258e-02 2.339625086578288327e-02 -8.060933106353998512e-02 3.955259292569469204e-02 1.265254785143564709e-01 7.189188242288047093e-02 -3.234335393160651106e-01
2.516207807930418427e-01 1.733963077558556554e-01 2.370591336641001412e-01 -1.423784984751123514e-02 -6.403989754430125525e-02 4.819013880714867470e-02 5.124586182677157847e-02 -2.660106716305287583e-02 -2.804415811116371324e-02 4.216870138082616515e-02 8.187299477873132003e-02 -5.319762385667291954e-02
1.181340308141035772e-02 2.370591336641001412e-01 8.160942794510435139e-01 2.506176099657946299e-01 -1.053811554441575898e-01 -4.056012568531398160e-02 4.288651366939624093e-02 4.105241389624336712e-02 -6.423395265101891627e-02 -4.980139041535500133e-02 1.681447891775340181e-02 7.536973124175552763e-02
-1.038548804589021907e-01 -1.423784984751123514e-02 2.506176099657946299e-01 4.251250502032738465e-01 3.471971593332824346e-01 -4.360036518045408427e-02 -1.348051505577455844e-01 -1.422208265781481004e-02 1.117848458515399157e-01 2.398787713037301567e-02 -8.332082517885167072e-02 -4.213797190852217739e-02
2.457706761315858919e-03 -6.403989754430125525e-02 -1.053811554441575898e-01 3.471971593332824346e-01 6.577144504186168694e-01 2.681918010873236558e-01 4.720291548345380978e-03 -7.300231299082171610e-02 4.468801588854733747e-02 5.005334147555734470e-02 7.067062740597172821e-04 -4.657619565340007789e-02
8.734385965240572258e-02 4.819013880714867470e-02 -4.056012568531398160e-02 -4.360036518045408427e-02 2.681918010873236558e-01 4.567170404721744292e-01 3.260878980292231111e-01 4.874437953723258221e-02 -1.702437606909575352e-01 -5.900815109577775552e-02 8.714601628747566109e-02 7.145080084135205234e-02
2.339625086578288327e-02 5.124586182677157847e-02 4.288651366939624093e-02 -1.348051505577455844e-01 4.720291548345380978e-03 3.260878980292231111e-01 3.874124210867060381e-01 2.846382996855250092e-01 -8.496850791266230551e-02 -9.138499662602984908e-02 1.264192398325866828e-02 6.459554424391379668e-02
-8.060933106353998512e-02 -2.660106716305287583e-02 4.105241389624336712e-02 -1.422208265781481004e-02 -7.300231299082171610e-02 4.874437953723258221e-02 2.846382996855250092e-01 6.740424434817400279e-01 3.192739178530294986e-01 1.816938646062505117e-02 -1.101047728898605221e-01 -4.334645870823581465e-02
3.955259292569469204e-02 -2.804415811116371324e-02 -6.423395265101891627e-02 1.117848458515399157e-01 4.468801588854733747e-02 -1.702437606909575352e-01 -8.496850791266230551e-02 3.192739178530294986e-01 4.696233413591996975e-01 2.655920470867152994e-01 8.630194591294117201e-02 -5.581560620578538551e-02
1.265254785143564709e-01 4.216870138082616515e-02 -4.980139041535500133e-02 2.398787713037301567e-02 5.005334147555734470e-02 -5.900815109577775552e-02 -9.138499662602984908e-02 1.816938646062505117e-02 2.655920470867152994e-01 3.079575848913384539e-01 3.075086935911650610e-01 8.713989370666462564e-02
7.189188242288047093e-02 8.187299477873132003e-02 1.681447891775340181e-02 -8.332082517885167072e-02 7.067062740597172821e-04 8.714601628747566109e-02 1.264192398325866828e-02 -1.101047728898605221e-01 8.630194591294117201e-02 3.075086935911650610e-01 5.214649515122437018e-01 3.186522000886914396e-01
-3.234335393160651106e-01 -5.319762385667291954e-02 7.536973124175552763e-02 -4.213797190852217739e-02 -4.657619565340007789e-02 7.145080084135205234e-02 6.459554424391379668e-02 -4.334645870823581465e-02 -5.581560620578538551e-02 8.713989370666462564e-02 3.186522000886914396e-01 4.423466769830407541e-01
3.157924046110743288e-01 3.511636921041529358e-01 1.257882608982059669e-02 -1.465316183670751782e-01 -1.893703479769587653e-02 9.854034908238104573e-02 -4.273700846018786692e-02 -7.538506011086866521e-02 6.671485976685255503e-02 5.961938522691602460e-02 -3.062052703188286595e-02 -1.939688281700037986e-01
3.511636921041529358e-01 5.606417981781464110e-01 2.736404561470688335e-01 -7.198156976314523670e-02 -7.926370480582892175e-02 2.050046851445017429e-02 3.696499107731914674e-02 -2.465328435809040902e-02 -2.647511486143431375e-02 3.492706927375957560e-02 7.810081823026746028e-02 -1.399948910197572893e-01
1.257882608982059669e-02 2.736404561470688335e-01 5.632752141409178570e-01 3.533011467306087505e-01 2.902084405675537521e-02 -1.332118320688797097e-01 4.697357871391612955e-02 8.479670234232732084e-02 -6.607285574313886967e-02 -5.205883101627704901e-02 1.687528686819714935e-02 5.591924504755064335e-02
-1.465316183670751782e-01 -7.198156976314523670e-02 3.533011467306087505e-01 5.061524334562543803e-01 2.643748081879730427e-01 3.392967164849020750e-02 -8.732417483377163947e-02 -1.111546935361740901e-02 5.829562674355123764e-02 -2.801978206305780726e-03 -5.848827954477990587e-02 7.074049963891969328e-02
-1.893703479769587653e-02 -7.926370480582892175e-02 2.902084405675537521e-02 2.643748081879730427e-01 3.379378235280005582e-01 3.354606909547110383e-01 -5.558945129665895241e-02 -1.197986588433899713e-01 7.958638964614078715e-02 5.658127393087267198e-02 -2.435913703143679013e-02 -2.827283855592901962e-02
9.854034908238104573e-02 2.050046851445017429e-02 -1.332118320688797097e-01 3.392967164849020750e-02 3.354606909547110383e-01 6.714899271660883517e-01 2.435192298379660336e-01 -7.192593524717916242e-02 -3.387521328166256951e-02 3.170532309857652942e-02 3.901178095974495996e-02 -7.019837360378450297e-02
-4.273700846018786692e-02 3.696499107731914674e-02 4.697357871391612955e-02 -8.732417483377163947e-02 -5.558945129665895241e-02 2.435192298379660336e-01 5.877005344816592647e-01 3.601562182371603749e-01 -1.157586060140175510e-01 -1.079350773190988350e-01 1.247989990367428040e-02 7.132649897599228905e-02
-7.538506011086866521e-02 -2.465328435809040902e-02 8.479670234232732084e-02 -1.111546935361740901e-02 -1.197986588433899713e-01 -7.192593524717916242e-02 3.601562182371603749e-01 5.091848966490042372e-01 2.712088839025723619e-01 2.119386625958302045e-02 -6.256362283163069415e-02 4.082948981764257523e-02
6.671485976685255503e-02 -2.647511486143431375e-02 -6.607285574313886967e-02 5.829562674355123764e-02 7.958638964614078715e-02 -3.387521328166256951e-02 -1.157586060140175510e-01 2.712088839025723619e-01 7.060254996168912056e-01 2.915101765165771797e-01 -1.584242521577344451e-02 -1.044844881697861438e-01
5.961938522691602460e-02 3.492706927375957560e-02 -5.205883101627704901e-02 -2.801978206305780726e-03 5.658127393087267198e-02 3.170532309857652942e-02 -1.079350773190988350e-01 2.119386625958302045e-02 2.915101765165771797e-01 2.119886025611579794e-01 2.361665683002394656e-01 1.004018907756033634e-02
-3.062052703188286595e-02 7.810081823026746028e-02 1.687528686819714935e-02 -5.848827954477990587e-02 -2.435913703143679013e-02 3.901178095974495996e-02 1.247989990367428040e-02 -6.256362283163069415e-02 -1.584242521577344451e-02 2.361665683002394656e-01 8.068875455109096873e-01 2.845526801077632451e-01
