8.507769252317087805e-02 8.423074848224594569e-02 8.115115610153345038e-02 6.378844000272393400e-02 6.108950359749740211e-02 9.181729658489591606e-02 1.142437532838925240e-01 1.163795365083782063e-01 7.683645256425805647e-02 6.024201720810055255e-02 6.910056579146227340e-02 9.604283735184097892e-02
7.764923095601816705e-02 6.448152393141068361e-02 7.042615369443652740e-02 7.815572343560878155e-02 8.321494185395617027e-02 9.253490369677719318e-02 9.399344360839648194e-02 9.145545325145988669e-02 7.304433773415541786e-02 8.305859836070464408e-02 1.025298397662764288e-01 8.945584971079983960e-02
8.784684056478651859e-02 9.744959235924591234e-02 9.279042276433761838e-02 8.536673668090022371e-02 6.154181570912388433e-02 5.230298262845789470e-02 6.632934142628484075e-02 8.112806328743324413e-02 9.843117784051892694e-02 9.380168953236500684e-02 9.163601087869570339e-02 9.137532632785042019e-02
7.244119187912656521e-02 8.156612163593324194e-02 8.993541274244171158e-02 9.787010839121987327e-02 8.709290367187359772e-02 6.864109855291677942e-02 6.471950142966820252e-02 7.326295894953979704e-02 8.295103438263473628e-02 1.031795605997931353e-01 1.027903316428221969e-01 7.554977612203023218e-02
1.160442852547726861e-01 1.031866512166163818e-01 9.128266029282268434e-02 9.702813228325601891e-02 7.250800275390842375e-02 7.917469095386295286e-02 8.053845237238410615e-02 6.934733283435789986e-02 6.483376555490223681e-02 5.877218354463374650e-02 6.840338667468506828e-02 9.888045626379760034e-02
8.176860163756959066e-02 7.802083182753033475e-02 8.227680505422341195e-02 9.155282928990118863e-02 9.939530636380131123e-02 9.306782134155505704e-02 7.083274571426843857e-02 6.062334687904141067e-02 6.870541990526883580e-02 8.569660829670361357e-02 9.173526500681683515e-02 9.632441868332000667e-02
9.281811243190202232e-02 7.901603272711527071e-02 7.297249445187942163e-02 7.461000321053759543e-02 8.015199452837300231e-02 8.359409447995394538e-02 9.973675865832744292e-02 1.008680288745564535e-01 8.168489055728261894e-02 7.482048324256124205e-02 7.379321314447123692e-02 8.593389369303963687e-02
8.746243883746497583e-02 7.437734624453107291e-02 8.480640446844504854e-02 9.454139707827372008e-02 9.732837087697146505e-02 7.938274117857753442e-02 6.785577826623274966e-02 8.067546396642338857e-02 8.386522027501097654e-02 9.174253948153429650e-02 7.515945216855983435e-02 8.280284715797497919e-02
7.044817984985715653e-02 7.080259757255567832e-02 6.625024348576150079e-02 7.311628580322912518e-02 9.889342747621213126e-02 1.027315494435378090e-01 1.082433527545956231e-01 8.909448928051896810e-02 8.878460833210460867e-02 7.945678936018574223e-02 8.033637030094094300e-02 7.184210634050081090e-02
1.087437420004687683e-01 1.155368293872870017e-01 9.759238288464418265e-02 8.882461198140977066e-02 6.708072291309648272e-02 6.334804167684952858e-02 6.291463209997646966e-02 7.282038763727319286e-02 7.314052243433918910e-02 8.023506616382547474e-02 7.786653774943916306e-02 9.189652307139083154e-02
9.133465706548998808e-02 9.532661475477841040e-02 8.087645180358990493e-02 7.271395929826124371e-02 8.028878808090575414e-02 7.949912141380574560e-02 7.362788800266527323e-02 7.423253678893812491e-02 9.344632330200598747e-02 9.398738088675792635e-02 8.239806300272997652e-02 8.226821560007167855e-02
1.138779186353577194e-01 1.023126088529810462e-01 8.086665755332952954e-02 8.122477192829685722e-02 7.061193701843951342e-02 6.509100473085095706e-02 5.919540290198341270e-02 6.355615585858695460e-02 7.053972289451211630e-02 8.474511221478778222e-02 9.809805632957131760e-02 1.098806510813028076e-01
8.629953203586976374e-02 7.520669514881894724e-02 7.935842399836345873e-02 8.292946401964235159e-02 8.771801809386803317e-02 9.479859719938407703e-02 1.023572091982049015e-01 8.763184681936650455e-02 7.120678817822376216e-02 6.074866394429381117e-02 7.961249556805433114e-02 9.213226579591027310e-02
7.806160882870361029e-02 6.637056171988475750e-02 7.075134527346652047e-02 8.635196363864275360e-02 9.988385771380006717e-02 8.567048262647365686e-02 8.702576375061142622e-02 8.923838285427115880e-02 8.369984280028203161e-02 8.484616014651394367e-02 9.084336555279912129e-02 7.725666509455125786e-02
9.134889578482703609e-02 9.732493992549828832e-02 8.989991966512392296e-02 9.219230021438577782e-02 9.633687016284733784e-02 8.983298743983247903e-02 9.663636914062370686e-02 7.270840919295758209e-02 7.146459487924544662e-02 6.580852293781783158e-02 6.218253916228111411e-02 7.426365149455957382e-02
7.239151373640874410e-02 7.109793539125361383e-02 7.446116733460553250e-02 9.087399829122874695e-02 1.094168005748502315e-01 1.004567119930310504e-01 8.314200378698315130e-02 8.198117169594271170e-02 8.037142407781883158e-02 7.606750944189302754e-02 8.776900194690631651e-02 7.197076172907795888e-02
8.294683643117842231e-02 8.271743822739746621e-02 9.137654660413840890e-02 9.926874469187642325e-02 8.207930153926190631e-02 7.484115961541165651e-02 7.330397503134017390e-02 7.886103045703998782e-02 8.109448984350375866e-02 8.559660994443449300e-02 8.020246483552737060e-02 8.771140277889004355e-02
8.580484275109873105e-02 7.425906464536319307e-02 7.884372143684974243e-02 7.569986590940538940e-02 6.366711559951049315e-02 8.130627920071366310e-02 9.833617757319121355e-02 8.400117392314104814e-02 7.979592664543393166e-02 8.857090071498080475e-02 9.053679861304150811e-02 9.917813298727032323e-02
8.694275326674483217e-02 8.291965227669267913e-02 9.667793947655636821e-02 9.769404458484323706e-02 8.119256247974990237e-02 7.414557405381518029e-02 7.629261344272759982e-02 6.483325163295936000e-02 7.323391282047472806e-02 8.740400083883011206e-02 9.207556573548800194e-02 8.658812939111805440e-02
7.524966980056585486e-02 1.047714404725763604e-01 8.940732886398140844e-02 7.691335207444932598e-02 6.953487549988948691e-02 7.892807013784378101e-02 9.005234042524411231e-02 1.116650880714658151e-01 1.164044726549512548e-01 8.102212746225903595e-02 5.756382618522916383e-02 4.848740835154451145e-02
7.245132603169096575e-02 8.778171426076623873e-02 7.942990954526671366e-02 7.515189404890555702e-02 8.450988957595305384e-02 8.313210119107933282e-02 7.031475938611335408e-02 8.294115689287648308e-02 7.858545533385460913e-02 8.618497853458439995e-02 1.105766717688064782e-01 8.894014343010306356e-02
7.841610037970742075e-02 7.299237363601593365e-02 8.814158554579167026e-02 8.983827539830614717e-02 8.400740499380159043e-02 8.651084034324073302e-02 9.801698230028269010e-02 9.216678913672760043e-02 8.583726485622436564e-02 8.135797402787164900e-02 6.547595752238512257e-02 7.723845185964539617e-02
1.019644669587394387e-01 1.007116417500441008e-01 8.569421920544570415e-02 7.704604715839555307e-02 8.205235808896862992e-02 8.626871537068855900e-02 8.917570987213292721e-02 9.121806685078512333e-02 6.562061470913149730e-02 6.250719519787903411e-02 7.053428287909996319e-02 8.720668195868946926e-02
9.482591447937994966e-02 8.841325190269752610e-02 7.153188753506635467e-02 6.305720952008539437e-02 7.645305747250877304e-02 7.538691846721039258e-02 8.012756172018503653e-02 8.721379459523193045e-02 9.744988731813022942e-02 9.201026599957085050e-02 8.074695585365557204e-02 9.278329513627774083e-02
8.040696181883397187e-02 8.206766019968607384e-02 8.237831827706590393e-02 6.792339674532493765e-02 7.032607402585017153e-02 7.848724344817631371e-02 7.969731969051184473e-02 9.303123471702952341e-02 9.904671774507019244e-02 1.029320176836538842e-01 9.298432722706302667e-02 7.071872842173453078e-02
9.793051252049705946e-02 1.173650396061511891e-01 9.469745529078366086e-02 9.494653282938347871e-02 8.445964641392708638e-02 7.569525344037467129e-02 6.772960095653099422e-02 7.197102442908842601e-02 6.647584356362215563e-02 6.336559547755782340e-02 7.714074359523537261e-02 8.822275187684822106e-02
7.611304496678260312e-02 8.081298562776009775e-02 9.299616715196343253e-02 9.311036546259858493e-02 9.655586563516148357e-02 8.940302955225730430e-02 9.835814324848857204e-02 9.149477767763361524e-02 6.969953636323572566e-02 6.636248267598943151e-02 6.307998683596202638e-02 8.201361480216717847e-02
7.472644508232945126e-02 7.867558832954144044e-02 7.879747966373217005e-02 8.992521390275576287e-02 8.144523588291648075e-02 7.389966229016881050e-02 7.647960760733943375e-02 8.480051308864039461e-02 8.917314780831933629e-02 8.623977712575432719e-02 9.948645849620324499e-02 8.635087072229961913e-02
9.021628852152507871e-02 8.738000311339538806e-02 7.406719291428490171e-02 8.034537545826486715e-02 7.892615559772081513e-02 7.178223857242518879e-02 8.182372967127854446e-02 7.414830105782133085e-02 8.441487650299536738e-02 7.864332153087841282e-02 1.006771350417608457e-01 9.757538201764948127e-02
8.854801223694527823e-02 1.083039332798307053e-01 8.926527829943750603e-02 9.361475061366131278e-02 9.134655015069434447e-02 8.270426035683467458e-02 8.194031207137802975e-02 7.672770213012047869e-02 7.348819469567340057e-02 7.027509447234236983e-02 7.221068941497842120e-02 7.157522227810370063e-02
6.062088487522288016e-02 7.135893767909466667e-02 1.000966943616651561e-01 9.345068109191440042e-02 1.141795387698495978e-01 1.299659043205050046e-01 1.146599969521450851e-01 8.510568480199504071e-02 6.740944899679324198e-02 5.744618895113047519e-02 5.118100748101404168e-02 5.452503171867013887e-02
7.067654414149535103e-02 8.131402790383511492e-02 8.674710795267601138e-02 9.035171246203091422e-02 1.016063391834389346e-01 1.161484836071615956e-01 1.337842897117503815e-01 8.213540743980185521e-02 5.273890468877590054e-02 5.337400566456527995e-02 6.350628415953935013e-02 6.761689308492961625e-02
8.369946292130447940e-02 8.041916399406648375e-02 9.147438173004866779e-02 8.815462389527280174e-02 6.756593937006571959e-02 6.276072861629997113e-02 6.432108337968649170e-02 6.591312034368007611e-02 8.220376842432328135e-02 9.354483371697175365e-02 1.116872536334482940e-01 1.082556399748322296e-01
8.157092533025296632e-02 8.341928792895150768e-02 9.512455225045987617e-02 8.759017408606670219e-02 8.404015484731497398e-02 7.431062188630395415e-02 7.199535965714404240e-02 8.115855054823978287e-02 9.187429648426549689e-02 8.161090926690001135e-02 7.737803751091928972e-02 8.992713020318153505e-02
9.108927101827413164e-02 7.857551893851882907e-02 6.050549441420807750e-02 6.210525640359629285e-02 8.691713356977613658e-02 8.870504413537798338e-02 7.293018320387902043e-02 7.300911564881742977e-02 8.874216513840085807e-02 1.041554087001745205e-01 9.454092600198638063e-02 9.872448282699065880e-02
8.239552647502018656e-02 8.223489224054697511e-02 1.006757786896877449e-01 9.177257214845568889e-02 9.409527514555224292e-02 8.079718110440885226e-02 6.333576574309268681e-02 7.416466506456262375e-02 7.453422321299020548e-02 7.934861842780857599e-02 9.551931857670309389e-02 8.112618317117115119e-02
8.696553213774849134e-02 8.035974854164990022e-02 7.938667022618327296e-02 7.176332309768936046e-02 7.720561047369023377e-02 8.336864397528204185e-02 7.647997159308619897e-02 8.765221824824978580e-02 7.181878609948191827e-02 8.333614483617315938e-02 1.020111193833477675e-01 9.965223138741798048e-02
9.245353563669948815e-02 8.424168074783101867e-02 7.332849496975393788e-02 7.080446962387917931e-02 7.119785946762494100e-02 8.640849887668945739e-02 8.090269237649395928e-02 7.992911608866787310e-02 7.929125749685253521e-02 8.546616385433683516e-02 9.860332623843529043e-02 9.737290462273595626e-02
8.583916973008071105e-02 5.929986736183296553e-02 5.155595547334031192e-02 5.422745159098946166e-02 8.519503220645374686e-02 1.004228902158365022e-01 9.925847395408805840e-02 8.644746743388539989e-02 7.618894909867796050e-02 8.242152240900885163e-02 1.014010529058472776e-01 1.177421676199589262e-01
6.797289145317789161e-02 7.068934835475346179e-02 8.655904362905243732e-02 9.974066831829189739e-02 1.015493334172688500e-01 9.541002828447253670e-02 8.931187221528497089e-02 1.001612971019228832e-01 8.279594115728237946e-02 7.784416069668491367e-02 6.445272113849237483e-02 6.351269423331570851e-02
7.262324348258222817e-02 7.870137917779618242e-02 7.933580017974814491e-02 7.640537596478647053e-02 7.723699824276114567e-02 8.759198716334963553e-02 9.845804049703545113e-02 1.057676179338628286e-01 8.616897116781255250e-02 8.377894619168180235e-02 7.592716105617372535e-02 7.800447894241001323e-02
8.352527569704853994e-02 1.036946448543105137e-01 1.174799999047835553e-01 1.097027345073184612e-01 8.786783270362751030e-02 6.904321268874302753e-02 5.260583547321558140e-02 6.682546433242976536e-02 8.620617898368322651e-02 7.519810436340956805e-02 7.199801621172904897e-02 7.585270027970150708e-02
1.050663426080014895e-01 1.037630067907966275e-01 8.707253303581420634e-02 8.907984230760643274e-02 8.334851067253791490e-02 7.433504390482187363e-02 7.761767309023601125e-02 7.026926972622576928e-02 5.701147554429319975e-02 6.828074107566703410e-02 9.367713967995575097e-02 9.047842156404360681e-02
9.600717919523699129e-02 8.272874812353617213e-02 9.439169820655654575e-02 8.067917344142937208e-02 6.473342789087603577e-02 8.259549686299201554e-02 9.903008769785401344e-02 8.374456333815677445e-02 6.715263732504822558e-02 7.127724120939936403e-02 7.978757744332348745e-02 9.787216926559116903e-02
9.713876371602810089e-02 1.015366976386087305e-01 8.115046306226489370e-02 6.670042068229967147e-02 7.580666704260746735e-02 8.471528910113637623e-02 9.422675532890670280e-02 7.908801732213377456e-02 8.489768819859871973e-02 6.604488447372233728e-02 7.555348471939783705e-02 9.314086871429543002e-02
6.456130611519891871e-02 7.233615848587979236e-02 8.491339951179083245e-02 8.157194211284783669e-02 6.366801337737371114e-02 7.407244798253212470e-02 9.824054580359792288e-02 1.160589114877099148e-01 9.178588177029538275e-02 9.657700830027445005e-02 9.077818779417688722e-02 6.543619725832260092e-02
8.931771622964350399e-02 9.523980481805455200e-02 7.958519440914310628e-02 6.459988128172811095e-02 7.342077378904507401e-02 7.257272409296200433e-02 8.409590443647890767e-02 9.347935815286714800e-02 8.247558624256937088e-02 9.893369816235306202e-02 8.805380626954587009e-02 7.822555211560908162e-02
8.704486902783208080e-02 8.463585179253282909e-02 8.769192670839487391e-02 7.780712335379992572e-02 6.543020591240039652e-02 7.581918309555138458e-02 9.424022759761122026e-02 9.958979477422513771e-02 9.606353598940872707e-02 7.939755751768624858e-02 6.996452854700671575e-02 8.231519568355064043e-02
1.160533820469044075e-01 1.068860633776110847e-01 9.128498350531571992e-02 7.589032562528751080e-02 5.966000500615330215e-02 6.587056471041291550e-02 8.661415967082988776e-02 9.080362331867625203e-02 7.875864775974242282e-02 6.860546265262601473e-02 6.681399526386661014e-02 9.275878706257401074e-02
9.433450355360464834e-02 7.767448333036894303e-02 6.620506343198942489e-02 8.526619159667267467e-02 1.005825908792696843e-01 8.254360893371950891e-02 7.503483502372791658e-02 7.471627106101486060e-02 7.792343634877274550e-02 8.877251775183815641e-02 8.376954696463070893e-02 9.317695112439067229e-02
8.478433900852780369e-02 7.318612594639405111e-02 6.716721829011199074e-02 7.796503302824911441e-02 8.393574109529054750e-02 8.575618156880185361e-02 8.065571829680967531e-02 7.532598058871040059e-02 7.851008875991424829e-02 8.109231752186574216e-02 1.063918111783954956e-01 1.052294447169294933e-01
6.108657806757308850e-02 7.018844426784211221e-02 7.158808697552429545e-02 8.767036190245822147e-02 8.968023945268910335e-02 8.646452413253206959e-02 7.998149472027309137e-02 9.321793829646354834e-02 1.028154191559446096e-01 1.052108864589185871e-01 8.718681294423456796e-02 6.490921362554702423e-02
7.907012446163926012e-02 6.776101137562973165e-02 7.985603775349753297e-02 8.589954071697850080e-02 8.694078628693864552e-02 9.967836626233134156e-02 9.767389379866005250e-02 8.716749798320361231e-02 6.434486053370760961e-02 7.683443143618753912e-02 9.000941365174519593e-02 8.476403573948101955e-02
8.829563009755089786e-02 7.952762132960526642e-02 7.663792441147647405e-02 7.124708247763858471e-02 7.258198380772823421e-02 6.881441069177474112e-02 7.456551646550804713e-02 8.577796440095177000e-02 9.193730488477577789e-02 8.490974541611652493e-02 1.028616293462036174e-01 1.028431866706697728e-01
8.551046898612137126e-02 8.160589213260156793e-02 7.946870864808269763e-02 7.672446630398385703e-02 6.945330766219827423e-02 7.488145485988767502e-02 8.676452390576308571e-02 8.233577723205803833e-02 7.723881556977049700e-02 8.173462744772258537e-02 9.733376142999450309e-02 1.069481958218160278e-01
8.988791638313992083e-02 8.484360142144854733e-02 9.639530400488741102e-02 8.560278385052420835e-02 7.659430998068911256e-02 7.691187806240068481e-02 7.790006542748190155e-02 8.124067541789695146e-02 7.829163900586499913e-02 6.986000695003470595e-02 8.166837588868064435e-02 1.008034436069511208e-01
1.003885833532384975e-01 1.088454409032003772e-01 9.204023077964322563e-02 6.870607755151836304e-02 5.227603878837398799e-02 5.868050263803268468e-02 6.373454907074775633e-02 7.852773821792861930e-02 8.203342052917433902e-02 9.738826946364712023e-02 9.286367089841193745e-02 1.045154778060832096e-01
8.872580077614167227e-02 8.751898478648847957e-02 7.775723396886938255e-02 8.743397563128277317e-02 7.985417375457992684e-02 6.403450356695393475e-02 7.095957822268070259e-02 9.216922113602439570e-02 9.329604885659426028e-02 7.996444688989121086e-02 8.404095232642541657e-02 9.424508008406808079e-02
8.478897168530705186e-02 7.069885437067088829e-02 8.047159425823449674e-02 7.544751300957042162e-02 6.722219227540227049e-02 8.069227032079986928e-02 8.072392533698280470e-02 8.378300264919685825e-02 8.893324248491323025e-02 1.034672547850004620e-01 9.683674549353747663e-02 8.693443333038435028e-02
6.791107084298553254e-02 6.462083562671668002e-02 6.898005751839025868e-02 8.323809240887738992e-02 7.609006593413168706e-02 9.506366930595075426e-02 9.723418327215829771e-02 9.330278222777449448e-02 9.956164083579574497e-02 9.769873175408876065e-02 8.431149539067819831e-02 7.198737488245249283e-02
6.219557082071990733e-02 6.563618313508337576e-02 7.908610655800279998e-02 1.029607056625974071e-01 9.694935487491967985e-02 8.752651393708432703e-02 9.082806183457545202e-02 9.106489049142658943e-02 1.065545093962665113e-01 8.941168725558207298e-02 7.134669089257561492e-02 5.643972514116655376e-02
9.251062109768481978e-02 8.651917288877145062e-02 7.226069816757611786e-02 7.675896222477787689e-02 9.632604677614331479e-02 1.004730898381132331e-01 9.727427997172127805e-02 8.249474164521208852e-02 7.361087632498977684e-02 7.248305624448109219e-02 6.590293630134165526e-02 8.338551851918718505e-02
7.418355771358869921e-02 8.764687681519532647e-02 1.017450871262353673e-01 9.668655058019932913e-02 8.995740914949440503e-02 8.497592456392297211e-02 9.843647972322810968e-02 9.303032703197527953e-02 8.320170489861621055e-02 6.819774347621490596e-02 5.950898702933002382e-02 6.242935189199960710e-02
7.476921501087485655e-02 6.691877993739908659e-02 8.339143360032680308e-02 6.847248523483143168e-02 6.265505107341856617e-02 9.074734234472900396e-02 1.102425959974080855e-01 9.697958825871155764e-02 8.379330084909553111e-02 8.973129808571947419e-02 9.597414264553127961e-02 7.632476696195439336e-02
1.006123533760658467e-01 6.594333449662417856e-02 4.832566532316898145e-02 5.647766384687313845e-02 8.591141506640677383e-02 1.031575958227374246e-01 1.158489860297751556e-01 7.181195974900850265e-02 6.403626144679047671e-02 7.297267128773363143e-02 1.033374789157298357e-01 1.115646146390864291e-01
8.473820927934390401e-02 9.297721387636986856e-02 8.472702737144732765e-02 7.648606447277508935e-02 7.290135632743974248e-02 6.730075491299264412e-02 5.808828079303282599e-02 6.808060176044394840e-02 9.386011142928046835e-02 1.130590999627591742e-01 1.023010697177785672e-01 8.548021009633649525e-02
8.299921905214732720e-02 7.882912264318005235e-02 6.274324151633012270e-02 6.020581489478519371e-02 7.362025041008088411e-02 7.874498720895285742e-02 1.010839617803251933e-01 9.262826627513315314e-02 1.035640503258057482e-01 1.060281985583675646e-01 8.085227086203930491e-02 7.870061647285289674e-02
7.635422201896252536e-02 8.411173557849167814e-02 8.875292599316322861e-02 1.037690297272351597e-01 9.034708879739167253e-02 7.956522410355175434e-02 9.085422078464033824e-02 1.050367821528176149e-01 1.015773570224462186e-01 6.722190437156178033e-02 5.548184027846930072e-02 5.692766917126911019e-02
7.653938002546799291e-02 8.092371794447250632e-02 9.087052959228089644e-02 8.813697170922646373e-02 9.508449337352320452e-02 8.862208444635474858e-02 6.092832852074994004e-02 7.322964938101821086e-02 8.135666764094924563e-02 8.266363319625796846e-02 9.006602521141186812e-02 9.157851895828697519e-02
7.906526819944251216e-02 8.124437129263828439e-02 7.869020429280094986e-02 7.808605369881010949e-02 7.501465405419707744e-02 7.929140484269978084e-02 8.408360436916485769e-02 8.604495485832291957e-02 9.005669459280205014e-02 8.946245570263758329e-02 9.513453774671380703e-02 8.382579634977030403e-02
6.708831377658033834e-02 8.722384087828931321e-02 8.655033652325946902e-02 8.481926387066579531e-02 9.629120618754813399e-02 9.931824973433786563e-02 8.820540933850495868e-02 8.478336988532604590e-02 7.467059117471291918e-02 7.097136523927041751e-02 7.653993437077664941e-02 8.353811902072835749e-02
9.586838143478232377e-02 8.746258618200793145e-02 7.697116558419878074e-02 8.026227629660646901e-02 7.960972957733844502e-02 6.944226274190294645e-02 7.807207364475059197e-02 8.254090203356759248e-02 9.144176144388287131e-02 8.997455433868289942e-02 7.950805598670596108e-02 8.884625073557322894e-02
8.873197042790792466e-02 7.357572178937177299e-02 7.609878394647751065e-02 7.774562559104693238e-02 8.529137684354601290e-02 9.158875277068709297e-02 8.775138337565591140e-02 8.978489668212923103e-02 7.748242939029106879e-02 7.222314929048011256e-02 8.271054746424505444e-02 9.701536242816155564e-02
1.061150513298015491e-01 1.033250194340294414e-01 1.158229056022787723e-01 9.750596355439966612e-02 7.524090833493897457e-02 6.186616314827784319e-02 6.887954624102360368e-02 6.802287636864486065e-02 6.554064517573585102e-02 6.757693578624801578e-02 8.101126446737835773e-02 8.909272055724339057e-02
8.971722612595270374e-02 1.031254888812342535e-01 8.691575851112137707e-02 6.498474213937505128e-02 6.174024795611049443e-02 7.522800849443865567e-02 7.974537480344315310e-02 8.734439052971056106e-02 9.518702761254488331e-02 9.645126940350146061e-02 7.698176878204548990e-02 8.257869676052205510e-02
8.059309174269096987e-02 7.364608387911923681e-02 8.386962961277960593e-02 7.934677552011132340e-02 7.486726795161743886e-02 8.177150182208754725e-02 1.062418022841790377e-01 8.384213884401113537e-02 8.293942354896299829e-02 6.997564944898751471e-02 8.316808204506867530e-02 9.973855330038483569e-02
9.412918675083507825e-02 9.163108392849469985e-02 7.132776810526961220e-02 7.020476978974600490e-02 8.183478464537011221e-02 9.335990764366049188e-02 9.115373671688380142e-02 8.919040364707921109e-02 8.405242165121770692e-02 6.552012153828630503e-02 7.427449262999091806e-02 9.332132295316619697e-02
8.276887900299907674e-02 8.745314911891577392e-02 7.741514267716713416e-02 9.012050045726521796e-02 8.752769778639946097e-02 6.853629924043352917e-02 7.176138492143301073e-02 8.052396691351267066e-02 9.453503339501104219e-02 9.669430280905816355e-02 8.504442836786080262e-02 7.761921530994449203e-02
8.588496727780539630e-02 8.884274333212284491e-02 8.251669710761064258e-02 7.325441357826173450e-02 7.203463673454502114e-02 7.331151972705349240e-02 9.393883755819043557e-02 1.037790246574075981e-01 1.002975950317782361e-01 8.437936017236996600e-02 6.657304710887526622e-02 7.518715771397971315e-02
9.857128649832638811e-02 9.431045704339777180e-02 9.423390780645218845e-02 8.211572523704621651e-02 5.732989007671068088e-02 5.543338446997721908e-02 8.634548069027105088e-02 1.246631364795994096e-01 9.793378617146762666e-02 6.250187124706663155e-02 6.272556912412870223e-02 8.383550515555635019e-02
8.417097871778848883e-02 1.015833077812286905e-01 1.143069258538801369e-01 1.096414424308430891e-01 8.765440495930713893e-02 8.908601767452759002e-02 7.531570963898381876e-02 7.494277555545683644e-02 6.674131661557039519e-02 6.649429747005884683e-02 5.948998600204127851e-02 7.057283730031374547e-02
9.055872122012290082e-02 7.912820752259466794e-02 7.527639121227264196e-02 7.956509381887304222e-02 8.941273219228995650e-02 8.745960456323023657e-02 9.011625585889107559e-02 7.969905688564025981e-02 9.568173189943487977e-02 8.728366898934118712e-02 7.533417539526536533e-02 7.048436044204378637e-02
8.861668618020066002e-02 7.579225057405475363e-02 5.749831157038773344e-02 6.459458568086057229e-02 7.799713183961044793e-02 7.857865579381191623e-02 1.013356453366933835e-01 1.095183904474374137e-01 8.362813855829154264e-02 7.798414939429715309e-02 9.070174832507932328e-02 9.375430629927512804e-02
8.450794842992948031e-02 7.822900013601277736e-02 7.697499429122500736e-02 6.236529728303632364e-02 6.939249744005887566e-02 7.277707646223172122e-02 9.020737206022680366e-02 9.498643608805400207e-02 1.085229790849387421e-01 9.776231546156360919e-02 8.638358372894966442e-02 7.789049953377305546e-02
8.245091531974543808e-02 8.528101433140969356e-02 7.500445935748788207e-02 7.107987078419004956e-02 7.454834294417977958e-02 7.148319580903295112e-02 7.853885571446064806e-02 7.152217268037379394e-02 7.864854450946962006e-02 1.116329413193315606e-01 1.107113552712501309e-01 8.909833195906843861e-02
9.352113114168174313e-02 8.825860526514858750e-02 7.808671555897273020e-02 7.557424553304173398e-02 9.307106003128270966e-02 1.200453234517631362e-01 9.914656141226947661e-02 8.126503368842970254e-02 7.088507627597194494e-02 6.084436942871841031e-02 5.985096846007483679e-02 7.945090975264516853e-02
7.315193342384040953e-02 8.035611625901437072e-02 8.623181884885068593e-02 9.464215221965223412e-02 9.817460629292888707e-02 8.507194905253340211e-02 8.031202665980527455e-02 8.010114139340268613e-02 7.568950247673929266e-02 7.641761041469191662e-02 9.312145565820056925e-02 7.672968730034043783e-02
7.544277444958077949e-02 8.441018257434282357e-02 9.748068058973935468e-02 9.414735910883570424e-02 7.738755005063188697e-02 6.030318954468751741e-02 6.386319987872804416e-02 7.762740526192128676e-02 9.808989046994481820e-02 1.013047741254454737e-01 8.350142249951469919e-02 8.644157144662781289e-02
5.470177649518623286e-02 7.194960060384619771e-02 8.178504120213715700e-02 9.679490860877157377e-02 8.519841794343896435e-02 7.599023549275872591e-02 7.831988756162908127e-02 1.173986989215808768e-01 1.182621249059855884e-01 9.290481052634036452e-02 7.315271790197230839e-02 5.354177983635300536e-02
7.829261887520354291e-02 8.865920828984041879e-02 1.026931535031513631e-01 9.592002846839996211e-02 8.882709722203729896e-02 8.585074932931421876e-02 8.584609857543251676e-02 7.740907359902980678e-02 6.715182105410681668e-02 6.556711451477179042e-02 7.935470245098361075e-02 8.442833411772870944e-02
7.099618104798949281e-02 6.710411517202888310e-02 7.676993193822900796e-02 7.514809407672169705e-02 8.045722016101956864e-02 9.639666466835537795e-02 1.028830948490537800e-01 1.068134081583363149e-01 1.041032108450327814e-01 7.475523873258416163e-02 7.272379625141212056e-02 7.184904409923698054e-02
8.936879984709220071e-02 7.822763241804656098e-02 6.660132531556677005e-02 6.213343424010468741e-02 6.192979457538755339e-02 8.119463226101709952e-02 1.100872343033338918e-01 9.421814919580090431e-02 7.967386128766595910e-02 9.059491907410446854e-02 9.409772092416629485e-02 9.187249655771352608e-02
7.749767893478613778e-02 8.037926553207321023e-02 9.052720929844723652e-02 9.269764597431091879e-02 1.039387012654878206e-01 9.188327655908963554e-02 7.982926707403696642e-02 8.747303391973074160e-02 8.574650162079430760e-02 7.241869412194668065e-02 6.556305554512145695e-02 7.204567015417497056e-02
6.790698409607287545e-02 7.316207813588890274e-02 8.161696516452685013e-02 8.770427536186833906e-02 9.708715721936045373e-02 1.166801236416744048e-01 9.217294598467681843e-02 7.182377262003561413e-02 7.544692870468280854e-02 7.824697226837754038e-02 7.918658489089555608e-02 7.896521191194016964e-02
9.494225809309835007e-02 8.377633222005745339e-02 6.573647018207712245e-02 7.915298829216102505e-02 7.892388890957569014e-02 9.557717142322652570e-02 8.050446657639348524e-02 7.715707124183879273e-02 8.162281029955692491e-02 8.568820069343338619e-02 8.610737954022305851e-02 9.081096252835832439e-02
8.997063041598812871e-02 8.115300971516142825e-02 6.938846208286662820e-02 6.406970473062760518e-02 6.900993697974598662e-02 7.987989508130581562e-02 8.714257829090292506e-02 7.961662766340532604e-02 7.769767389713272410e-02 9.532526858757814359e-02 1.097432850169148266e-01 9.700292753837076731e-02
6.680446883375926181e-02 1.019438156095108239e-01 9.716551694080978463e-02 8.775897086541858960e-02 9.250150774318303959e-02 8.429417704064948169e-02 7.723769509863072369e-02 8.040377210296174859e-02 8.847390523773869531e-02 8.863363310700987652e-02 7.491576638773117525e-02 5.986677103259682720e-02
7.820403831418037965e-02 8.211855558211492156e-02 7.942268710409751409e-02 8.378794371971612365e-02 8.985632762434488108e-02 8.076337232248907705e-02 5.930737703705343811e-02 6.695367956247344488e-02 9.094936380674352450e-02 1.050410762202186321e-01 1.005643668622472897e-01 8.303121184432087076e-02
8.045562089321808830e-02 8.395434979729889113e-02 1.051648745239750493e-01 9.417628061996671796e-02 6.469066210785212601e-02 5.990035763578445416e-02 8.355134806363911926e-02 9.071481559989519328e-02 1.037371785563400983e-01 8.158629778106966934e-02 8.131448797931808969e-02 7.075372644164303060e-02
7.216029416832311916e-02 5.738025544197031258e-02 6.422548940671790607e-02 7.956417973675766753e-02 8.403257996484077286e-02 1.009490168543368677e-01 8.856315546766112268e-02 7.739530926447010795e-02 1.036984610700358161e-01 1.042239381329820719e-01 9.274167763217229521e-02 7.506564285973198192e-02
