8.507769252317087805e-02 8.367216177030850632e-02 7.986455749041376784e-02 6.747326681422068095e-02 6.029695704381025922e-02 6.628666087000523177e-02 6.977209010316358373e-02 7.152095400048888441e-02 6.398910803469376463e-02 6.380204312181250725e-02 7.363364077375410266e-02 8.941925390384945771e-02
8.367216177030850632e-02 8.423074848224594569e-02 8.161677191258508157e-02 6.949442774709013726e-02 6.220059343298021959e-02 6.804072949871979581e-02 7.076501382484927383e-02 7.140101258350667335e-02 6.288514633638553342e-02 6.194262382450540366e-02 7.116782405277660706e-02 8.673669995731100868e-02
7.986455749041376784e-02 8.161677191258508157e-02 8.115115610153345038e-02 7.053137342177721869e-02 6.428523766852707599e-02 7.111152141448040531e-02 7.381865170016349564e-02 7.341785122122655716e-02 6.307580513863263183e-02 6.042081097420182179e-02 6.805373269855946594e-02 8.234284611555670041e-02
6.747326681422068095e-02 6.949442774709013726e-02 7.053137342177721869e-02 6.378844000272393400e-02 6.049593747944524008e-02 6.897914292668957947e-02 7.235587412529667639e-02 7.122470645515255327e-02 5.928363556946042445e-02 5.435358541233444030e-02 5.893623137200382917e-02 6.984502022381058883e-02
6.029695704381025922e-02 6.220059343298021959e-02 6.428523766852707599e-02 6.049593747944524008e-02 6.108950359749740211e-02 7.300759237637222121e-02 7.819632544321826473e-02 7.663193898037132246e-02 6.176320100529088947e-02 5.372340211401899213e-02 5.524746459238959184e-02 6.326730851888431872e-02
6.628666087000523177e-02 6.804072949871979581e-02 7.111152141448040531e-02 6.897914292668957947e-02 7.300759237637222121e-02 9.181729658489591606e-02 1.008009947361754449e-01 9.906405718952751571e-02 7.821400020932756103e-02 6.533442643989725851e-02 6.409697793638052810e-02 7.085525460943987996e-02
6.977209010316358373e-02 7.076501382484927383e-02 7.381865170016349564e-02 7.235587412529667639e-02 7.819632544321826473e-02 1.008009947361754449e-01 1.142437532838925240e-01 1.137669904755391481e-01 8.949849825991688934e-02 7.350854816198951203e-02 7.032495685149993403e-02 7.593763536512440626e-02
7.152095400048888441e-02 7.140101258350667335e-02 7.341785122122655716e-02 7.122470645515255327e-02 7.663193898037132246e-02 9.906405718952751571e-02 1.137669904755391481e-01 1.163795365083782063e-01 9.279884109977223905e-02 7.675820264334314025e-02 7.345141199648098917e-02 7.882665490488864612e-02
6.398910803469376463e-02 6.288514633638553342e-02 6.307580513863263183e-02 5.928363556946042445e-02 6.176320100529088947e-02 7.821400020932756103e-02 8.949849825991688934e-02 9.279884109977223905e-02 7.683645256425805647e-02 6.589347931876304854e-02 6.495549848931284065e-02 7.074837356117914811e-02
6.380204312181250725e-02 6.194262382450540366e-02 6.042081097420182179e-02 5.435358541233444030e-02 5.372340211401899213e-02 6.533442643989725851e-02 7.350854816198951203e-02 7.675820264334314025e-02 6.589347931876304854e-02 6.024201720810055255e-02 6.258355288570263686e-02 7.019775540639576483e-02
7.363364077375410266e-02 7.116782405277660706e-02 6.805373269855946594e-02 5.893623137200382917e-02 5.524746459238959184e-02 6.409697793638052810e-02 7.032495685149993403e-02 7.345141199648098917e-02 6.495549848931284065e-02 6.258355288570263686e-02 6.910056579146227340e-02 8.017256256226586164e-02
8.941925390384945771e-02 8.673669995731100868e-02 8.234284611555670041e-02 6.984502022381058883e-02 6.326730851888431872e-02 7.085525460943987996e-02 7.593763536512440626e-02 7.882665490488864612e-02 7.074837356117914811e-02 7.019775540639576483e-02 8.017256256226586164e-02 9.604283735184097892e-02
7.764923095601816705e-02 6.942509497530048590e-02 6.897682373121701016e-02 6.823329811385422938e-02 6.635628612522503911e-02 6.712179083788286094e-02 6.725451904950666138e-02 6.860300666293556171e-02 6.560561736228859298e-02 7.398768456878435096e-02 8.522204097031443881e-02 8.208083518027367576e-02
6.942509497530048590e-02 6.448152393141068361e-02 6.602998145787722373e-02 6.652571105764502890e-02 6.506127616569842842e-02 6.530861731441127416e-02 6.407712766757095446e-02 6.345507175191718308e-02 5.877027170727482791e-02 6.466224797107038291e-02 7.384327554997655030e-02 7.173443788627577311e-02
6.897682373121701016e-02 6.602998145787722373e-02 7.042615369443652740e-02 7.290010182263842453e-02 7.232230634296665794e-02 7.266445864483521422e-02 7.028478853506953117e-02 6.771944117692632603e-02 6.045638467794360593e-02 6.429432183956798608e-02 7.213700191566446707e-02 7.015003417005721831e-02
6.823329811385422938e-02 6.652571105764502890e-02 7.290010182263842453e-02 7.815572343560878155e-02 7.931149052929911680e-02 8.053929306498505691e-02 7.762955615058596270e-02 7.347561024971449584e-02 6.354983412040768331e-02 6.525350979175499611e-02 7.150664352309082927e-02 6.900631155794825777e-02
6.635628612522503911e-02 6.506127616569842842e-02 7.232230634296665794e-02 7.931149052929911680e-02 8.321494185395617027e-02 8.631905885962837255e-02 8.386441806278627231e-02 7.889403129573148432e-02 6.676378355041716339e-02 6.651443572497356405e-02 7.103152304447604704e-02 6.747985040741025231e-02
6.712179083788286094e-02 6.530861731441127416e-02 7.266445864483521422e-02 8.053929306498505691e-02 8.631905885962837255e-02 9.253490369677719318e-02 9.167928831401186973e-02 8.681433525710938182e-02 7.287181603033382471e-02 7.126538860488430827e-02 7.446981805922875397e-02 6.933379032576864054e-02
6.725451904950666138e-02 6.407712766757095446e-02 7.028478853506953117e-02 7.762955615058596270e-02 8.386441806278627231e-02 9.167928831401186973e-02 9.399344360839648194e-02 9.093400143929768198e-02 7.702435687577946499e-02 7.525979844775682048e-02 7.780215457829922632e-02 7.106734102851916535e-02
6.860300666293556171e-02 6.345507175191718308e-02 6.771944117692632603e-02 7.347561024971449584e-02 7.889403129573148432e-02 8.681433525710938182e-02 9.093400143929768198e-02 9.145545325145988669e-02 7.962841810096438211e-02 7.926281161020522215e-02 8.225075663647851698e-02 7.421425416826944732e-02
6.560561736228859298e-02 5.877027170727482791e-02 6.045638467794360593e-02 6.354983412040768331e-02 6.676378355041716339e-02 7.287181603033382471e-02 7.702435687577946499e-02 7.962841810096438211e-02 7.304433773415541786e-02 7.576097831509102931e-02 8.024175276269573942e-02 7.228519117702086882e-02
7.398768456878435096e-02 6.466224797107038291e-02 6.429432183956798608e-02 6.525350979175499611e-02 6.651443572497356405e-02 7.126538860488430827e-02 7.525979844775682048e-02 7.926281161020522215e-02 7.576097831509102931e-02 8.305859836070464408e-02 9.066852461881461100e-02 8.227630454614985600e-02
8.522204097031443881e-02 7.384327554997655030e-02 7.213700191566446707e-02 7.150664352309082927e-02 7.103152304447604704e-02 7.446981805922875397e-02 7.780215457829922632e-02 8.225075663647851698e-02 8.024175276269573942e-02 9.066852461881461100e-02 1.025298397662764288e-01 9.447603093582042366e-02
8.208083518027367576e-02 7.173443788627577311e-02 7.015003417005721831e-02 6.900631155794825777e-02 6.747985040741025231e-02 6.933379032576864054e-02 7.106734102851916535e-02 7.421425416826944732e-02 7.228519117702086882e-02 8.227630454614985600e-02 9.447603093582042366e-02 8.945584971079983960e-02
8.784684056478651859e-02 9.046331154484293924e-02 8.504540052788445159e-02 7.883309167607813195e-02 6.524749251804110028e-02 5.816990304918104315e-02 6.284348472900883054e-02 6.788752142459439365e-02 7.526516859206111576e-02 7.714134920548212926e-02 8.189018566923511599e-02 8.710804476394473639e-02
9.046331154484293924e-02 9.744959235924591234e-02 9.360111186603430056e-02 8.721202758712270908e-02 7.151361583240396780e-02 6.241109946279695120e-02 6.561036223651739441e-02 6.895365237524124502e-02 7.466735166404780966e-02 7.546477926624059474e-02 8.011987577869515709e-02 8.671218590473570020e-02
8.504540052788445159e-02 9.360111186603430056e-02 9.279042276433761838e-02 8.786883459010050301e-02 7.239504596832710415e-02 6.297906219216395374e-02 6.557276460273198104e-02 6.786714197667666204e-02 7.210245173448445732e-02 7.143370648062183359e-02 7.471743532303114221e-02 8.062307982324215527e-02
7.883309167607813195e-02 8.721202758712270908e-02 8.786883459010050301e-02 8.536673668090022371e-02 7.145027763895424322e-02 6.286518526760016823e-02 6.583123713864008630e-02 6.797088677511507748e-02 7.144335802725965134e-02 6.941810958265939857e-02 7.094639823212756102e-02 7.520677043001296191e-02
6.524749251804110028e-02 7.151361583240396780e-02 7.239504596832710415e-02 7.145027763895424322e-02 6.154181570912388433e-02 5.558324838614181473e-02 5.941059649104937779e-02 6.196699152604862038e-02 6.504878681201067825e-02 6.221268321864988071e-02 6.185777929303767214e-02 6.364445481922462178e-02
5.816990304918104315e-02 6.241109946279695120e-02 6.297906219216395374e-02 6.286518526760016823e-02 5.558324838614181473e-02 5.230298262845789470e-02 5.777853635485319383e-02 6.146955737216265592e-02 6.492667747738214978e-02 6.138421628484022619e-02 5.932098897440572782e-02 5.876571759648298310e-02
6.284348472900883054e-02 6.561036223651739441e-02 6.557276460273198104e-02 6.583123713864008630e-02 5.941059649104937779e-02 5.777853635485319383e-02 6.632934142628484075e-02 7.229508477317608817e-02 7.723316721542845820e-02 7.269434977521517516e-02 6.880139276054146602e-02 6.589020104633122599e-02
6.788752142459439365e-02 6.895365237524124502e-02 6.786714197667666204e-02 6.797088677511507748e-02 6.196699152604862038e-02 6.146955737216265592e-02 7.229508477317608817e-02 8.112806328743324413e-02 8.819159400539522409e-02 8.340945732150872871e-02 7.828918468454093560e-02 7.336805423205508547e-02
7.526516859206111576e-02 7.466735166404780966e-02 7.210245173448445732e-02 7.144335802725965134e-02 6.504878681201067825e-02 6.492667747738214978e-02 7.723316721542845820e-02 8.819159400539522409e-02 9.843117784051892694e-02 9.452828382409805830e-02 8.916804252804653996e-02 8.293456219721864753e-02
7.714134920548212926e-02 7.546477926624059474e-02 7.143370648062183359e-02 6.941810958265939857e-02 6.221268321864988071e-02 6.138421628484022619e-02 7.269434977521517516e-02 8.340945732150872871e-02 9.452828382409805830e-02 9.380168953236500684e-02 9.059926301304213614e-02 8.524143934415664980e-02
8.189018566923511599e-02 8.011987577869515709e-02 7.471743532303114221e-02 7.094639823212756102e-02 6.185777929303767214e-02 5.932098897440572782e-02 6.880139276054146602e-02 7.828918468454093560e-02 8.916804252804653996e-02 9.059926301304213614e-02 9.163601087869570339e-02 8.904246287656535086e-02
8.710804476394473639e-02 8.671218590473570020e-02 8.062307982324215527e-02 7.520677043001296191e-02 6.364445481922462178e-02 5.876571759648298310e-02 6.589020104633122599e-02 7.336805423205508547e-02 8.293456219721864753e-02 8.524143934415664980e-02 8.904246287656535086e-02 9.137532632785042019e-02
7.244119187912656521e-02 7.493813867374128634e-02 7.498032764588516419e-02 7.480327685487274392e-02 6.887537067973989457e-02 6.077758584464301728e-02 5.888164368569855783e-02 6.251120430966472519e-02 6.701086926620308803e-02 7.624355443776267838e-02 7.929942220477653736e-02 7.188269555537282751e-02
7.493813867374128634e-02 8.156612163593324194e-02 8.406095267916594005e-02 8.480365481517732062e-02 7.756348360041651069e-02 6.686069883223427768e-02 6.247245962861119883e-02 6.376797326571256863e-02 6.614363008350040984e-02 7.384454923097301393e-02 7.689074843433364725e-02 7.138640915935023923e-02
7.498032764588516419e-02 8.406095267916594005e-02 8.993541274244171158e-02 9.252300649694095158e-02 8.497872387398282268e-02 7.256789633657720340e-02 6.637498997395244182e-02 6.583567186259660364e-02 6.628702231356850549e-02 7.234157604863417079e-02 7.468578772115679054e-02 6.992712851505522575e-02
7.480327685487274392e-02 8.480365481517732062e-02 9.252300649694095158e-02 9.787010839121987327e-02 9.114864420145991908e-02 7.814140946325814907e-02 7.112935219094070061e-02 6.964132837668168818e-02 6.878689363246104360e-02 7.358441584472133479e-02 7.483968616401168172e-02 6.960995088259833152e-02
6.887537067973989457e-02 7.756348360041651069e-02 8.497872387398282268e-02 9.114864420145991908e-02 8.709290367187359772e-02 7.600509653328071935e-02 7.003168872878484663e-02 6.887690384914460506e-02 6.771194132538993493e-02 7.154554332181718712e-02 7.148864533023813195e-02 6.516786887829621733e-02
6.077758584464301728e-02 6.686069883223427768e-02 7.256789633657720340e-02 7.814140946325814907e-02 7.600509653328071935e-02 6.864109855291677942e-02 6.514212410535752396e-02 6.544413052764175287e-02 6.495488908179389287e-02 6.841593944085400114e-02 6.719581743892630299e-02 5.944424306231799182e-02
5.888164368569855783e-02 6.247245962861119883e-02 6.637498997395244182e-02 7.112935219094070061e-02 7.003168872878484663e-02 6.514212410535752396e-02 6.471950142966820252e-02 6.733521917550577829e-02 6.826193660605500702e-02 7.232337427886015302e-02 7.013875995508053740e-02 6.008175148721485448e-02
6.251120430966472519e-02 6.376797326571256863e-02 6.583567186259660364e-02 6.964132837668168818e-02 6.887690384914460506e-02 6.544413052764175287e-02 6.733521917550577829e-02 7.326295894953979704e-02 7.648603276954041297e-02 8.217835968340517216e-02 7.934626826312120296e-02 6.631425260816639633e-02
6.701086926620308803e-02 6.614363008350040984e-02 6.628702231356850549e-02 6.878689363246104360e-02 6.771194132538993493e-02 6.495488908179389287e-02 6.826193660605500702e-02 7.648603276954041297e-02 8.295103438263473628e-02 9.112694462459502986e-02 8.844635781869086832e-02 7.300858127936779574e-02
7.624355443776267838e-02 7.384454923097301393e-02 7.234157604863417079e-02 7.358441584472133479e-02 7.154554332181718712e-02 6.841593944085400114e-02 7.232337427886015302e-02 8.217835968340517216e-02 9.112694462459502986e-02 1.031795605997931353e-01 1.015865276472972673e-01 8.391699430892374245e-02
7.929942220477653736e-02 7.689074843433364725e-02 7.468578772115679054e-02 7.483968616401168172e-02 7.148864533023813195e-02 6.719581743892630299e-02 7.013875995508053740e-02 7.934626826312120296e-02 8.844635781869086832e-02 1.015865276472972673e-01 1.027903316428221969e-01 8.636720507537011537e-02
7.188269555537282751e-02 7.138640915935023923e-02 6.992712851505522575e-02 6.960995088259833152e-02 6.516786887829621733e-02 5.944424306231799182e-02 6.008175148721485448e-02 6.631425260816639633e-02 7.300858127936779574e-02 8.391699430892374245e-02 8.636720507537011537e-02 7.554977612203023218e-02
1.160442852547726861e-01 1.069722004465645110e-01 9.473311398726988464e-02 9.044269715000188836e-02 7.386408246295386726e-02 7.360606995474039405e-02 7.345379098814086571e-02 7.007113294011299565e-02 7.150562913227750950e-02 7.315139835940412394e-02 8.417523848089741856e-02 1.052462187226722856e-01
1.069722004465645110e-01 1.031866512166163818e-01 9.421962165365035946e-02 9.122184238910860388e-02 7.411129226261445324e-02 7.274878165216726311e-02 7.121013620456538573e-02 6.651010369911680709e-02 6.648161294469098759e-02 6.685008485217013019e-02 7.613000690389742919e-02 9.526387135043294652e-02
9.473311398726988464e-02 9.421962165365035946e-02 9.128266029282268434e-02 9.171054158210648066e-02 7.550924358128406622e-02 7.413673326572953193e-02 7.169018412099967263e-02 6.549354019295279550e-02 6.359075548083678586e-02 6.187360881098664250e-02 6.837051550195166749e-02 8.408848663536516721e-02
9.044269715000188836e-02 9.122184238910860388e-02 9.171054158210648066e-02 9.702813228325601891e-02 8.207381066150515325e-02 8.174801522735529458e-02 7.901249167122403883e-02 7.124683359132191751e-02 6.757374310566258147e-02 6.362159096412570158e-02 6.778700444901214484e-02 8.108544378664929442e-02
7.386408246295386726e-02 7.411129226261445324e-02 7.550924358128406622e-02 8.207381066150515325e-02 7.250800275390842375e-02 7.438785756167541618e-02 7.281015077213583153e-02 6.561792784064768291e-02 6.152549037201057031e-02 5.658867504759056144e-02 5.838043943742420722e-02 6.768163631266199687e-02
7.360606995474039405e-02 7.274878165216726311e-02 7.413673326572953193e-02 8.174801522735529458e-02 7.438785756167541618e-02 7.917469095386295286e-02 7.895536014351589582e-02 7.162268556922420093e-02 6.697181504748062064e-02 6.077927326797399887e-02 6.126921210271362578e-02 6.913543181653469816e-02
7.345379098814086571e-02 7.121013620456538573e-02 7.169018412099967263e-02 7.901249167122403883e-02 7.281015077213583153e-02 7.895536014351589582e-02 8.053845237238410615e-02 7.398803823772621968e-02 6.962232410006510830e-02 6.314884241398552311e-02 6.317102343912833762e-02 7.030013327918685495e-02
7.007113294011299565e-02 6.651010369911680709e-02 6.549354019295279550e-02 7.124683359132191751e-02 6.561792784064768291e-02 7.162268556922420093e-02 7.398803823772621968e-02 6.934733283435789986e-02 6.624272544625195436e-02 6.071918671840664111e-02 6.108521945750611248e-02 6.786290561898083995e-02
7.150562913227750950e-02 6.648161294469098759e-02 6.359075548083678586e-02 6.757374310566258147e-02 6.152549037201057031e-02 6.697181504748062064e-02 6.962232410006510830e-02 6.624272544625195436e-02 6.483376555490223681e-02 6.067757640043650730e-02 6.210073232322822767e-02 6.959762463900527607e-02
7.315139835940412394e-02 6.685008485217013019e-02 6.187360881098664250e-02 6.362159096412570158e-02 5.658867504759056144e-02 6.077927326797399887e-02 6.314884241398552311e-02 6.071918671840664111e-02 6.067757640043650730e-02 5.877218354463374650e-02 6.202755989871854003e-02 7.094868303899261319e-02
8.417523848089741856e-02 7.613000690389742919e-02 6.837051550195166749e-02 6.778700444901214484e-02 5.838043943742420722e-02 6.126921210271362578e-02 6.317102343912833762e-02 6.108521945750611248e-02 6.210073232322822767e-02 6.202755989871854003e-02 6.840338667468506828e-02 8.067625840519837555e-02
1.052462187226722856e-01 9.526387135043294652e-02 8.408848663536516721e-02 8.108544378664929442e-02 6.768163631266199687e-02 6.913543181653469816e-02 7.030013327918685495e-02 6.786290561898083995e-02 6.959762463900527607e-02 7.094868303899261319e-02 8.067625840519837555e-02 9.888045626379760034e-02
8.176860163756959066e-02 7.785922087172864048e-02 7.502676183637453644e-02 7.342429622363010056e-02 7.247343398488972910e-02 6.921651731646251415e-02 6.214442311946750258e-02 6.023837520084068808e-02 6.669163028709038099e-02 7.686761858597095098e-02 8.230569733900713891e-02 8.710377171935081153e-02
7.785922087172864048e-02 7.802083182753033475e-02 7.803621166736812720e-02 7.793734890078775346e-02 7.706305831062537637e-02 7.245092972342596915e-02 6.308925737698349578e-02 5.880268154822446136e-02 6.282596403112589156e-02 7.080949053686810823e-02 7.532392171516621993e-02 8.048405651825206453e-02
7.502676183637453644e-02 7.803621166736812720e-02 8.227680505422341195e-02 8.492209402016881459e-02 8.507628183897281149e-02 7.951722288426216201e-02 6.763434368820248066e-02 6.074276444656791230e-02 6.236263049166853450e-02 6.814753614722354746e-02 7.127365977331141800e-02 7.608777605803146438e-02
7.342429622363010056e-02 7.793734890078775346e-02 8.492209402016881459e-02 9.155282928990118863e-02 9.385500230688109680e-02 8.818673976413390903e-02 7.421312633185106478e-02 6.505348394498509934e-02 6.470771398377012096e-02 6.862409558250437414e-02 7.016429501191888407e-02 7.407594197038337713e-02
7.247343398488972910e-02 7.706305831062537637e-02 8.507628183897281149e-02 9.385500230688109680e-02 9.939530636380131123e-02 9.487679172071242228e-02 8.009019765509628463e-02 6.971178015808099371e-02 6.829209314043459267e-02 7.101421239060685953e-02 7.110837105281513082e-02 7.377020596053912582e-02
6.921651731646251415e-02 7.245092972342596915e-02 7.951722288426216201e-02 8.818673976413390903e-02 9.487679172071242228e-02 9.306782134155505704e-02 7.987825953718469263e-02 7.024327966885235419e-02 6.903287935631824412e-02 7.142713095426458936e-02 7.058282387512133937e-02 7.187696199238291506e-02
6.214442311946750258e-02 6.308925737698349578e-02 6.763434368820248066e-02 7.421312633185106478e-02 8.009019765509628463e-02 7.987825953718469263e-02 7.083274571426843857e-02 6.405737083790047359e-02 6.429727351110536837e-02 6.718456345596512946e-02 6.615602697338292260e-02 6.630264232065587182e-02
6.023837520084068808e-02 5.880268154822446136e-02 6.074276444656791230e-02 6.505348394498509934e-02 6.971178015808099371e-02 7.024327966885235419e-02 6.405737083790047359e-02 6.062334687904141067e-02 6.309391804945950477e-02 6.736861719079448307e-02 6.668810142926981377e-02 6.611556359007450534e-02
6.669163028709038099e-02 6.282596403112589156e-02 6.236263049166853450e-02 6.470771398377012096e-02 6.829209314043459267e-02 6.903287935631824412e-02 6.429727351110536837e-02 6.309391804945950477e-02 6.870541990526883580e-02 7.547587244581424604e-02 7.563401241038902878e-02 7.475562842476306258e-02
7.686761858597095098e-02 7.080949053686810823e-02 6.814753614722354746e-02 6.862409558250437414e-02 7.101421239060685953e-02 7.142713095426458936e-02 6.718456345596512946e-02 6.736861719079448307e-02 7.547587244581424604e-02 8.569660829670361357e-02 8.745250151284755802e-02 8.693182024526591167e-02
8.230569733900713891e-02 7.532392171516621993e-02 7.127365977331141800e-02 7.016429501191888407e-02 7.110837105281513082e-02 7.058282387512133937e-02 6.615602697338292260e-02 6.668810142926981377e-02 7.563401241038902878e-02 8.745250151284755802e-02 9.173526500681683515e-02 9.267283333923774513e-02
8.710377171935081153e-02 8.048405651825206453e-02 7.608777605803146438e-02 7.407594197038337713e-02 7.377020596053912582e-02 7.187696199238291506e-02 6.630264232065587182e-02 6.611556359007450534e-02 7.475562842476306258e-02 8.693182024526591167e-02 9.267283333923774513e-02 9.632441868332000667e-02
9.281811243190202232e-02 8.448744968257142218e-02 7.815938860479741679e-02 7.445225523255830091e-02 7.203119557715388643e-02 6.918943577859062999e-02 7.285358235119204773e-02 7.435591384570650053e-02 7.146609672215782638e-02 7.415824372439497325e-02 7.868523194120372044e-02 8.814648741760637563e-02
8.448744968257142218e-02 7.901603272711527071e-02 7.460928167575289760e-02 7.198150736133201999e-02 6.985612772785818048e-02 6.657326953165584871e-02 6.896622238996190368e-02 6.896509816784035518e-02 6.498510363977511028e-02 6.649228852173844073e-02 7.024616205737450880e-02 7.908768098287036197e-02
7.815938860479741679e-02 7.460928167575289760e-02 7.297249445187942163e-02 7.231451461143609261e-02 7.134343537726374473e-02 6.826744561586055304e-02 7.013352756757727791e-02 6.873627420929051546e-02 6.298145535480019486e-02 6.268668084074527358e-02 6.500057567543909842e-02 7.270380648230934106e-02
7.445225523255830091e-02 7.198150736133201999e-02 7.231451461143609261e-02 7.461000321053759543e-02 7.575170017233127939e-02 7.366511203446671208e-02 7.585964695767045962e-02 7.333355400341182162e-02 6.531985432956688431e-02 6.279901380640701136e-02 6.319498237869916601e-02 6.943986911141698803e-02
7.203119557715388643e-02 6.985612772785818048e-02 7.134343537726374473e-02 7.575170017233127939e-02 8.015199452837300231e-02 8.015563560401892107e-02 8.370355557712649830e-02 8.062555262828832725e-02 7.030790584536397714e-02 6.539610126411084245e-02 6.354496387706115579e-02 6.799755800288735663e-02
6.918943577859062999e-02 6.657326953165584871e-02 6.826744561586055304e-02 7.366511203446671208e-02 8.015563560401892107e-02 8.359409447995394538e-02 8.962439903050728462e-02 8.703394969948799464e-02 7.516113994507375717e-02 6.824579355454872542e-02 6.420495998256886550e-02 6.665072045917332100e-02
7.285358235119204773e-02 6.896622238996190368e-02 7.013352756757727791e-02 7.585964695767045962e-02 8.370355557712649830e-02 8.962439903050728462e-02 9.973675865832744292e-02 9.868914293882341537e-02 8.549705215729888619e-02 7.688249984611304766e-02 7.085968471090796361e-02 7.175491134499198398e-02
7.435591384570650053e-02 6.896509816784035518e-02 6.873627420929051546e-02 7.333355400341182162e-02 8.062555262828832725e-02 8.703394969948799464e-02 9.868914293882341537e-02 1.008680288745564535e-01 8.903653246008932931e-02 8.078371959817090553e-02 7.432362981849385819e-02 7.446723874498975548e-02
7.146609672215782638e-02 6.498510363977511028e-02 6.298145535480019486e-02 6.531985432956688431e-02 7.030790584536397714e-02 7.516113994507375717e-02 8.549705215729888619e-02 8.903653246008932931e-02 8.168489055728261894e-02 7.632448198673350004e-02 7.151767307882143931e-02 7.209065842956592640e-02
7.415824372439497325e-02 6.649228852173844073e-02 6.268668084074527358e-02 6.279901380640701136e-02 6.539610126411084245e-02 6.824579355454872542e-02 7.688249984611304766e-02 8.078371959817090553e-02 7.632448198673350004e-02 7.482048324256124205e-02 7.256463816576302905e-02 7.459861807700865488e-02
7.868523194120372044e-02 7.024616205737450880e-02 6.500057567543909842e-02 6.319498237869916601e-02 6.354496387706115579e-02 6.420495998256886550e-02 7.085968471090796361e-02 7.432362981849385819e-02 7.151767307882143931e-02 7.256463816576302905e-02 7.379321314447123692e-02 7.818478415971594209e-02
8.814648741760637563e-02 7.908768098287036197e-02 7.270380648230934106e-02 6.943986911141698803e-02 6.799755800288735663e-02 6.665072045917332100e-02 7.175491134499198398e-02 7.446723874498975548e-02 7.209065842956592640e-02 7.459861807700865488e-02 7.818478415971594209e-02 8.593389369303963687e-02
8.746243883746497583e-02 7.895222733454927699e-02 7.976147271028558028e-02 7.923554493692257228e-02 7.703003697143656625e-02 6.871601593187903756e-02 6.380959276571407379e-02 7.007627817219640176e-02 7.327451547563502976e-02 7.972096652661392335e-02 7.625852131617735785e-02 8.359794962945393815e-02
7.895222733454927699e-02 7.437734624453107291e-02 7.761875899156876757e-02 7.835219412623137258e-02 7.610380287321241721e-02 6.666784041695981988e-02 5.997702040138619406e-02 6.368932684845599046e-02 6.488606796363893814e-02 6.954720317959153797e-02 6.648542802002421759e-02 7.368683029742063850e-02
7.976147271028558028e-02 7.761875899156876757e-02 8.480640446844504854e-02 8.792272050215220458e-02 8.616626758266701658e-02 7.482128465047330201e-02 6.570624609023581475e-02 6.763273113100443101e-02 6.686644902304006433e-02 7.003217842199924159e-02 6.618686734986553577e-02 7.336132326925630387e-02
7.923554493692257228e-02 7.835219412623137258e-02 8.792272050215220458e-02 9.454139707827372008e-02 9.445263035452849953e-02 8.237114302490498863e-02 7.175196363214483841e-02 7.260652102130943364e-02 7.016204222435475091e-02 7.177626779392745626e-02 6.650684120133351640e-02 7.281338411591752047e-02
7.703003697143656625e-02 7.610380287321241721e-02 8.616626758266701658e-02 9.445263035452849953e-02 9.732837087697146505e-02 8.638714614130893477e-02 7.591214565947257409e-02 7.681912226020772005e-02 7.347831474502911075e-02 7.386691570883913149e-02 6.690690943847879546e-02 7.167919834839564519e-02
6.871601593187903756e-02 6.666784041695981988e-02 7.482128465047330201e-02 8.237114302490498863e-02 8.638714614130893477e-02 7.938274117857753442e-02 7.170027483408257518e-02 7.390181837661452535e-02 7.101573893205195831e-02 7.084957931189868330e-02 6.285367335525529620e-02 6.553424852213066143e-02
6.380959276571407379e-02 5.997702040138619406e-02 6.570624609023581475e-02 7.175196363214483841e-02 7.591214565947257409e-02 7.170027483408257518e-02 6.785577826623274966e-02 7.239940845636833044e-02 7.079852959562235593e-02 7.080134710185230495e-02 6.186736350869695422e-02 6.279783885886289219e-02
7.007627817219640176e-02 6.368932684845599046e-02 6.763273113100443101e-02 7.260652102130943364e-02 7.681912226020772005e-02 7.390181837661452535e-02 7.239940845636833044e-02 8.067546396642338857e-02 8.088779396043149772e-02 8.174824921475266903e-02 7.103664129632761282e-02 7.084188812065386753e-02
7.327451547563502976e-02 6.488606796363893814e-02 6.686644902304006433e-02 7.016204222435475091e-02 7.347831474502911075e-02 7.101573893205195831e-02 7.079852959562235593e-02 8.088779396043149772e-02 8.386522027501097654e-02 8.644789541110027564e-02 7.562001398551135289e-02 7.516114278525115600e-02
7.972096652661392335e-02 6.954720317959153797e-02 7.003217842199924159e-02 7.177626779392745626e-02 7.386691570883913149e-02 7.084957931189868330e-02 7.080134710185230495e-02 8.174824921475266903e-02 8.644789541110027564e-02 9.174253948153429650e-02 8.166297039288991644e-02 8.193916431787953703e-02
7.625852131617735785e-02 6.648542802002421759e-02 6.618686734986553577e-02 6.650684120133351640e-02 6.690690943847879546e-02 6.285367335525529620e-02 6.186736350869695422e-02 7.103664129632761282e-02 7.562001398551135289e-02 8.166297039288991644e-02 7.515945216855983435e-02 7.737308683654958719e-02
8.359794962945393815e-02 7.368683029742063850e-02 7.336132326925630387e-02 7.281338411591752047e-02 7.167919834839564519e-02 6.553424852213066143e-02 6.279783885886289219e-02 7.084188812065386753e-02 7.516114278525115600e-02 8.193916431787953703e-02 7.737308683654958719e-02 8.280284715797497919e-02
7.044817984985715653e-02 6.973710172433622567e-02 6.509266071359302852e-02 6.424954972496899064e-02 6.959781590396546536e-02 6.780395669521158131e-02 6.895344701197446413e-02 6.516436542523007525e-02 6.866988897655425250e-02 6.867524568470961821e-02 7.209910393111236548e-02 7.026501368495953470e-02
6.973710172433622567e-02 7.080259757255567832e-02 6.738878352511126768e-02 6.746405543437937469e-02 7.345857480831913255e-02 7.094418674771467426e-02 7.068316550513002727e-02 6.503469844892595386e-02 6.699761189111991255e-02 6.626661425701554919e-02 6.953010171002720063e-02 6.838376591486208800e-02
6.509266071359302852e-02 6.738878352511126768e-02 6.625024348576150079e-02 6.816321171429481907e-02 7.551100803800769867e-02 7.300789259621223715e-02 7.166615365318781961e-02 6.404685632746151547e-02 6.394510560156067835e-02 6.184732393823176577e-02 6.418421320553814591e-02 6.317978834905310648e-02
6.424954972496899064e-02 6.746405543437937469e-02 6.816321171429481907e-02 7.311628580322912518e-02 8.338718787664969878e-02 8.154504933694557700e-02 7.953255904400319265e-02 6.925371239722949435e-02 6.678375692198978975e-02 6.261645954086435262e-02 6.364078393115940591e-02 6.215906789155964396e-02
6.959781590396546536e-02 7.345857480831913255e-02 7.551100803800769867e-02 8.338718787664969878e-02 9.889342747621213126e-02 9.880622424455420827e-02 9.687899524583748478e-02 8.317237854270205510e-02 7.810172551255567530e-02 7.104981351507409781e-02 7.039968066301008354e-02 6.770665587434272770e-02
6.780395669521158131e-02 7.094418674771467426e-02 7.300789259621223715e-02 8.154504933694557700e-02 9.880622424455420827e-02 1.027315494435378090e-01 1.031390535994010926e-01 8.898233576656711108e-02 8.277565248576096435e-02 7.375275882667867156e-02 7.131385055879339852e-02 6.708538099041543024e-02
6.895344701197446413e-02 7.068316550513002727e-02 7.166615365318781961e-02 7.953255904400319265e-02 9.687899524583748478e-02 1.031390535994010926e-01 1.082433527545956231e-01 9.573270312731016474e-02 8.997869744705197514e-02 7.972833758522501757e-02 7.588359435613889481e-02 6.984154263851732880e-02
6.516436542523007525e-02 6.503469844892595386e-02 6.404685632746151547e-02 6.925371239722949435e-02 8.317237854270205510e-02 8.898233576656711108e-02 9.573270312731016474e-02 8.909448928051896810e-02 8.666796031828513658e-02 7.796632475788156658e-02 7.423553284338785252e-02 6.745572654253037537e-02
6.866988897655425250e-02 6.699761189111991255e-02 6.394510560156067835e-02 6.678375692198978975e-02 7.810172551255567530e-02 8.277565248576096435e-02 8.997869744705197514e-02 8.666796031828513658e-02 8.878460833210460867e-02 8.225735213436190241e-02 7.938197823937293007e-02 7.201907989198857996e-02
6.867524568470961821e-02 6.626661425701554919e-02 6.184732393823176577e-02 6.261645954086435262e-02 7.104981351507409781e-02 7.375275882667867156e-02 7.972833758522501757e-02 7.796632475788156658e-02 8.225735213436190241e-02 7.945678936018574223e-02 7.861112345464438267e-02 7.206102862875388149e-02
7.209910393111236548e-02 6.953010171002720063e-02 6.418421320553814591e-02 6.364078393115940591e-02 7.039968066301008354e-02 7.131385055879339852e-02 7.588359435613889481e-02 7.423553284338785252e-02 7.938197823937293007e-02 7.861112345464438267e-02 8.033637030094094300e-02 7.499407263889310005e-02
7.026501368495953470e-02 6.838376591486208800e-02 6.317978834905310648e-02 6.215906789155964396e-02 6.770665587434272770e-02 6.708538099041543024e-02 6.984154263851732880e-02 6.745572654253037537e-02 7.201907989198857996e-02 7.206102862875388149e-02 7.499407263889310005e-02 7.184210634050081090e-02
1.087437420004687683e-01 1.094134312746982696e-01 9.599163576868899317e-02 8.681307244163137538e-02 7.231978925726711971e-02 6.768902854759153986e-02 6.598700926398548550e-02 7.079432099521042188e-02 7.278036396407781827e-02 8.001484631962027527e-02 8.444781745732392320e-02 9.737103957487847072e-02
1.094134312746982696e-01 1.155368293872870017e-01 1.037259932866840401e-01 9.428554607923075870e-02 7.769415014024144694e-02 7.127022684081260606e-02 6.783266989286694526e-02 7.112295018034103800e-02 7.171276312508091666e-02 7.777142122866792517e-02 8.183908913891776993e-02 9.534097782137473942e-02
9.599163576868899317e-02 1.037259932866840401e-01 9.759238288464418265e-02 9.113117423615457735e-02 7.582269373620982578e-02 6.947402506608160722e-02 6.544725959120500924e-02 6.751744740199883132e-02 6.664560427582076618e-02 7.056581052324663317e-02 7.261649931171980377e-02 8.342707234260020310e-02
8.681307244163137538e-02 9.428554607923075870e-02 9.113117423615457735e-02 8.882461198140977066e-02 7.573508763946873446e-02 7.037818714292376487e-02 6.653588317401799845e-02 6.827701453265257181e-02 6.640140090274365692e-02 6.868774314885367493e-02 6.859270528025911140e-02 7.659060899751299334e-02
7.231978925726711971e-02 7.769415014024144694e-02 7.582269373620982578e-02 7.573508763946873446e-02 6.708072291309648272e-02 6.404916733706456089e-02 6.152566995429874924e-02 6.352035674868630744e-02 6.147546973827482109e-02 6.260171006269078797e-02 6.078547494305040766e-02 6.559355694737223352e-02
6.768902854759153986e-02 7.127022684081260606e-02 6.947402506608160722e-02 7.037818714292376487e-02 6.404916733706456089e-02 6.334804167684952858e-02 6.226635527548258359e-02 6.511773703071616071e-02 6.317437987781221453e-02 6.382322133649653839e-02 6.065369369251404075e-02 6.339705644267371043e-02
6.598700926398548550e-02 6.783266989286694526e-02 6.544725959120500924e-02 6.653588317401799845e-02 6.152566995429874924e-02 6.226635527548258359e-02 6.291463209997646966e-02 6.696649435297113984e-02 6.553039718404329861e-02 6.622292780616950703e-02 6.222442329917717702e-02 6.358880224272192572e-02
7.079432099521042188e-02 7.112295018034103800e-02 6.751744740199883132e-02 6.827701453265257181e-02 6.352035674868630744e-02 6.511773703071616071e-02 6.696649435297113984e-02 7.282038763727319286e-02 7.222292372244085157e-02 7.350378795543210941e-02 6.894024869703166414e-02 6.963921244924139997e-02
7.278036396407781827e-02 7.171276312508091666e-02 6.664560427582076618e-02 6.640140090274365692e-02 6.147546973827482109e-02 6.317437987781221453e-02 6.553039718404329861e-02 7.222292372244085157e-02 7.314052243433918910e-02 7.560513732131200759e-02 7.154490327399480598e-02 7.233064786335008378e-02
8.001484631962027527e-02 7.777142122866792517e-02 7.056581052324663317e-02 6.868774314885367493e-02 6.260171006269078797e-02 6.382322133649653839e-02 6.622292780616950703e-02 7.350378795543210941e-02 7.560513732131200759e-02 8.023506616382547474e-02 7.750735105020213622e-02 7.943898787235335879e-02
8.444781745732392320e-02 8.183908913891776993e-02 7.261649931171980377e-02 6.859270528025911140e-02 6.078547494305040766e-02 6.065369369251404075e-02 6.222442329917717702e-02 6.894024869703166414e-02 7.154490327399480598e-02 7.750735105020213622e-02 7.786653774943916306e-02 8.241451950441022745e-02
9.737103957487847072e-02 9.534097782137473942e-02 8.342707234260020310e-02 7.659060899751299334e-02 6.559355694737223352e-02 6.339705644267371043e-02 6.358880224272192572e-02 6.963921244924139997e-02 7.233064786335008378e-02 7.943898787235335879e-02 8.241451950441022745e-02 9.189652307139083154e-02
9.133465706548998808e-02 9.169940651257746378e-02 8.146812919810474118e-02 7.332579150799709011e-02 7.282060036230161848e-02 6.976541173455481915e-02 6.611620848323956912e-02 6.656256257821349664e-02 7.599706294538320639e-02 7.991300589706695767e-02 8.014220482419420755e-02 8.478910206784209813e-02
9.169940651257746378e-02 9.532661475477841040e-02 8.632289160687284246e-02 7.835350552290158699e-02 7.767830278174703285e-02 7.349512548729611461e-02 6.813601257975460124e-02 6.674933581301376040e-02 7.444431945562765551e-02 7.730074920680170270e-02 7.755248114757815059e-02 8.312459089069151874e-02
8.146812919810474118e-02 8.632289160687284246e-02 8.087645180358990493e-02 7.520645052142735376e-02 7.559372411167264438e-02 7.161296718579514275e-02 6.568109921998369072e-02 6.301121864990477661e-02 6.858508408550087476e-02 6.967231859953429418e-02 6.881159616102586196e-02 7.335303490790026637e-02
7.332579150799709011e-02 7.835350552290158699e-02 7.520645052142735376e-02 7.271395929826124371e-02 7.506557283729767271e-02 7.202730396610200481e-02 6.607900695720830830e-02 6.265536635178350910e-02 6.683610246113529108e-02 6.617627752549504194e-02 6.362521717239537355e-02 6.646630937232392289e-02
7.282060036230161848e-02 7.767830278174703285e-02 7.559372411167264438e-02 7.506557283729767271e-02 8.028878808090575414e-02 7.868065448499804437e-02 7.291712019486601415e-02 6.911520966261201770e-02 7.296944105320148088e-02 7.076020168090808860e-02 6.610438369961901817e-02 6.714443963453603503e-02
6.976541173455481915e-02 7.349512548729611461e-02 7.161296718579514275e-02 7.202730396610200481e-02 7.868065448499804437e-02 7.949912141380574560e-02 7.522174152680825843e-02 7.218846123520986091e-02 7.639519554562976267e-02 7.328539343845168197e-02 6.687173316165469228e-02 6.593714645377786454e-02
6.611620848323956912e-02 6.813601257975460124e-02 6.568109921998369072e-02 6.607900695720830830e-02 7.291712019486601415e-02 7.522174152680825843e-02 7.362788800266527323e-02 7.249305229224035918e-02 7.785906532299827210e-02 7.466647935444058193e-02 6.706649210463946909e-02 6.434550081902734586e-02
6.656256257821349664e-02 6.674933581301376040e-02 6.301121864990477661e-02 6.265536635178350910e-02 6.911520966261201770e-02 7.218846123520986091e-02 7.249305229224035918e-02 7.423253678893812491e-02 8.185133196458430072e-02 7.928590315573311176e-02 7.081084144346422304e-02 6.660814245497298502e-02
7.599706294538320639e-02 7.444431945562765551e-02 6.858508408550087476e-02 6.683610246113529108e-02 7.296944105320148088e-02 7.639519554562976267e-02 7.785906532299827210e-02 8.185133196458430072e-02 9.344632330200598747e-02 9.222658394507834978e-02 8.283232946870811020e-02 7.739199383763917250e-02
7.991300589706695767e-02 7.730074920680170270e-02 6.967231859953429418e-02 6.617627752549504194e-02 7.076020168090808860e-02 7.328539343845168197e-02 7.466647935444058193e-02 7.928590315573311176e-02 9.222658394507834978e-02 9.398738088675792635e-02 8.620528548678019209e-02 8.144667908508849974e-02
8.014220482419420755e-02 7.755248114757815059e-02 6.881159616102586196e-02 6.362521717239537355e-02 6.610438369961901817e-02 6.687173316165469228e-02 6.706649210463946909e-02 7.081084144346422304e-02 8.283232946870811020e-02 8.620528548678019209e-02 8.239806300272997652e-02 8.030790130152846984e-02
8.478910206784209813e-02 8.312459089069151874e-02 7.335303490790026637e-02 6.646630937232392289e-02 6.714443963453603503e-02 6.593714645377786454e-02 6.434550081902734586e-02 6.660814245497298502e-02 7.739199383763917250e-02 8.144667908508849974e-02 8.030790130152846984e-02 8.226821560007167855e-02
1.138779186353577194e-01 1.051729333298482838e-01 8.854046542551237409e-02 8.315379918293265560e-02 7.411095622627934809e-02 6.936393753079905800e-02 6.582434199751813209e-02 6.896268687439750800e-02 7.477537082617513597e-02 8.565410080197508047e-02 9.750539356076334818e-02 1.088937804035383927e-01
