4.843995857307685782e-01 2.557848037209997094e-01 -8.609775679045314836e-03 -5.918925539620385756e-02 2.986347015486990903e-03 3.211774975642406327e-02 -4.306222357479171439e-03 -3.073177907539879211e-02 2.610789910750353250e-03 5.612955351515377944e-02 -1.440209847974733247e-02 -2.427876197958230842e-01
2.557848037209997094e-01 5.145558949181183728e-01 2.433195353894665458e-01 -1.525562730024121114e-02 -5.616573094320937570e-02 9.886482242279850952e-04 3.067350945951071925e-02 -2.370281676888867563e-03 -3.162640205387855924e-02 2.589935327343449029e-03 5.906862336666986874e-02 -1.011342767911397461e-02
-8.609775679045314836e-03 2.433195353894665458e-01 5.221894668281902296e-01 2.537745989264827973e-01 3.196465196987681272e-03 -5.963943943553029481e-02 1.762912319357792757e-03 3.194304707241998192e-02 5.163109333496716065e-04 -3.132104415893853522e-02 3.296994779474873676e-03 5.710886888957156932e-02
-5.918925539620385756e-02 -1.525562730024121114e-02 2.537745989264827973e-01 4.981050874328717959e-01 2.444481131441637312e-01 1.286453657675449072e-02 -5.638074381406513874e-02 -4.060295155864455247e-03 3.060721296957106402e-02 3.752690056600153749e-03 -3.193976012543395249e-02 -2.839701885923178598e-03
2.986347015486990903e-03 -5.616573094320937570e-02 3.196465196987681272e-03 2.444481131441637312e-01 4.685026630762028077e-01 2.544278481052929530e-01 -6.666109616039953348e-03 -5.910637359219261810e-02 6.809414593210935413e-04 3.199532948070922533e-02 -3.267413803875484669e-03 -3.124666967520795327e-02
3.211774975642406327e-02 9.886482242279850952e-04 -5.963943943553029481e-02 1.286453657675449072e-02 2.544278481052929530e-01 5.236646017599417835e-01 2.440421215935987820e-01 -4.596255300694526182e-03 -5.545623989071935683e-02 6.116530289817883031e-04 3.036314771074916791e-02 -2.300879693172943555e-03
-4.306222357479171439e-03 3.067350945951071925e-02 1.762912319357792757e-03 -5.638074381406513874e-02 -6.666109616039953348e-03 2.440421215935987820e-01 5.010355094519748365e-01 2.518381219569658103e-01 6.014968124429343442e-03 -5.877206079762003349e-02 1.378751146471444023e-03 3.202210242327459960e-02
-3.073177907539879211e-02 -2.370281676888867563e-03 3.194304707241998192e-02 -4.060295155864455247e-03 -5.910637359219261810e-02 -4.596255300694526182e-03 2.518381219569658103e-01 4.931709000519418629e-01 2.442347968637097744e-01 2.616995669072549099e-03 -5.535976843158968430e-02 1.347779077593394071e-03
2.610789910750353250e-03 -3.162640205387855924e-02 5.163109333496716065e-04 3.060721296957106402e-02 6.809414593210935413e-04 -5.545623989071935683e-02 6.014968124429343442e-03 2.442347968637097744e-01 4.918961282575387561e-01 2.523511689507367262e-01 -9.268374863277350009e-03 -5.933725653604523392e-02
5.612955351515377944e-02 2.589935327343449029e-03 -3.132104415893853522e-02 3.752690056600153749e-03 3.199532948070922533e-02 6.116530289817883031e-04 -5.877206079762003349e-02 2.616995669072549099e-03 2.523511689507367262e-01 5.152329791198330122e-01 2.437046282730578883e-01 -4.800688001752354342e-03
-1.440209847974733247e-02 5.906862336666986874e-02 3.296994779474873676e-03 -3.193976012543395249e-02 -3.267413803875484669e-03 3.036314771074916791e-02 1.378751146471444023e-03 -5.535976843158968430e-02 -9.268374863277350009e-03 2.437046282730578883e-01 5.123367550529831504e-01 2.548301580309545455e-01
-2.427876197958230842e-01 -1.011342767911397461e-02 5.710886888957156932e-02 -2.839701885923178598e-03 -3.124666967520795327e-02 -2.300879693172943555e-03 3.202210242327459960e-02 1.347779077593394071e-03 -5.933725653604523392e-02 -4.800688001752354342e-03 2.548301580309545455e-01 4.749104283196302623e-01
5.044436828446239307e-01 2.516427668951153329e-01 7.258346502679580842e-03 -5.861231400031043093e-02 -3.041773445174301288e-03 3.199093749614355386e-02 3.329844431501629773e-04 -3.134581752115098846e-02 3.340440806081533629e-03 5.603072547747522947e-02 2.330004953365355513e-03 -2.455929112229654487e-01
2.516427668951153329e-01 4.963301070442296958e-01 2.444566708283029688e-01 1.175780462100951135e-02 -5.629776859339608724e-02 -7.696768946989907163e-03 3.228982952247688720e-02 1.827336101419555631e-03 -3.238279787160447398e-02 -2.268447014086363844e-03 5.875737530670530062e-02 1.803074792365550556e-03
7.258346502679580842e-03 2.444566708283029688e-01 4.703374946809607549e-01 2.546862250009856443e-01 -1.747960264293216878e-04 -6.182890015272988343e-02 3.332652168672721807e-03 3.314443801179151050e-02 -5.721208199415505138e-03 -3.123696135924709447e-02 2.664316201470355496e-03 5.625180627395748312e-02
-5.861231400031043093e-02 1.175780462100951135e-02 2.546862250009856443e-01 5.204335903355284954e-01 2.447916168842073914e-01 2.299494912720583158e-03 -5.676802429471214384e-02 3.505560463196352814e-03 3.058899036403766453e-02 -2.966577321789357503e-03 -3.140407425076637005e-02 5.178781069461847221e-03
-3.041773445174301288e-03 -5.629776859339608724e-02 -1.747960264293216878e-04 2.447916168842073914e-01 4.796765654347179830e-01 2.541571489532553629e-01 -5.057293700609744730e-03 -5.921970423165426323e-02 7.031696845701911752e-03 3.165603747512406307e-02 -2.188472284090261198e-03 -3.085953548194039081e-02
3.199093749614355386e-02 -7.696768946989907163e-03 -6.182890015272988343e-02 2.299494912720583158e-03 2.541571489532553629e-01 5.170372097333839623e-01 2.451335939889103255e-01 -1.058426443177314102e-02 -5.538689118024934382e-02 5.009097870020734825e-03 3.089441988487828111e-02 -5.193698536098315111e-03
3.329844431501629773e-04 3.228982952247688720e-02 3.332652168672721807e-03 -5.676802429471214384e-02 -5.057293700609744730e-03 2.451335939889103255e-01 5.074642091027520285e-01 2.505059222603835956e-01 -8.627667239837441895e-03 -5.929100299276433839e-02 -2.098560126613797754e-04 3.227127644774988036e-02
-3.134581752115098846e-02 1.827336101419555631e-03 3.314443801179151050e-02 3.505560463196352814e-03 -5.921970423165426323e-02 -1.058426443177314102e-02 2.505059222603835956e-01 5.130181159221472997e-01 2.468787408643455805e-01 1.013216428975809028e-03 -5.671240029659903314e-02 9.590729107841573439e-04
3.340440806081533629e-03 -3.238279787160447398e-02 -5.721208199415505138e-03 3.058899036403766453e-02 7.031696845701911752e-03 -5.538689118024934382e-02 -8.627667239837441895e-03 2.468787408643455805e-01 5.010197962279060446e-01 2.509768526676089406e-01 8.406978280175926577e-03 -5.872807808864061174e-02
5.603072547747522947e-02 -2.268447014086363844e-03 -3.123696135924709447e-02 -2.966577321789357503e-03 3.165603747512406307e-02 5.009097870020734825e-03 -5.929100299276433839e-02 1.013216428975809028e-03 2.509768526676089406e-01 4.805903770916920559e-01 2.462798638352528546e-01 -2.145973396682890333e-03
2.330004953365355513e-03 5.875737530670530062e-02 2.664316201470355496e-03 -3.140407425076637005e-02 -2.188472284090261198e-03 3.089441988487828111e-02 -2.098560126613797754e-04 -5.671240029659903314e-02 8.406978280175926577e-03 2.462798638352528546e-01 5.110717139535603248e-01 2.503185290045341627e-01
-2.455929112229654487e-01 1.803074792365550556e-03 5.625180627395748312e-02 5.178781069461847221e-03 -3.085953548194039081e-02 -5.193698536098315111e-03 3.227127644774988036e-02 9.590729107841573439e-04 -5.872807808864061174e-02 -2.145973396682890333e-03 2.503185290045341627e-01 4.985771376284943157e-01
4.889543521069193432e-01 2.459049647206529854e-01 -1.514567377028297121e-03 -5.594973164214318839e-02 1.680058680238219601e-03 3.074039445745970628e-02 5.404570179038219180e-04 -3.144437161447025814e-02 5.741168279566216150e-04 5.870051882882139360e-02 3.816015520474997594e-03 -2.508686095253374049e-01
2.459049647206529854e-01 5.065722087683294239e-01 2.500196287609688373e-01 2.415162842743424302e-03 -5.797298504698950028e-02 -3.106397266826002590e-03 3.146830253452434500e-02 -4.898519245430569906e-05 -3.104372059145925691e-02 -2.719330146867641584e-03 5.657503883480390766e-02 -6.799575980386461660e-03
-1.514567377028297121e-03 2.500196287609688373e-01 4.950801126573916022e-01 2.457818969890823435e-01 -8.548305899193483961e-04 -5.584105444915059280e-02 -2.711902594516470318e-03 3.091259841732814720e-02 9.875956202245361921e-04 -3.132798621528461169e-02 -2.738584004461482035e-03 5.833431666753821632e-02
-5.594973164214318839e-02 2.415162842743424302e-03 2.457818969890823435e-01 4.987893168496029817e-01 2.502838690257563892e-01 3.531384860271146679e-03 -5.888191324167315471e-02 2.677333468478894189e-03 3.163247735913847503e-02 1.086348322711886295e-04 -3.130705514118402311e-02 4.996060361143845815e-03
1.680058680238219601e-03 -5.797298504698950028e-02 -8.548305899193483961e-04 2.502838690257563892e-01 5.064012880822448270e-01 2.454606502290009873e-01 6.234103991567135211e-03 -5.701649832587421529e-02 -2.377328788752062962e-03 3.094857527436271211e-02 3.269796254247454414e-03 -3.172471451413382687e-02
3.074039445745970628e-02 -3.106397266826002590e-03 -5.584105444915059280e-02 3.531384860271146679e-03 2.454606502290009873e-01 4.713282269623711995e-01 2.539142927990590271e-01 -8.705584897421726059e-03 -5.936180203378706166e-02 2.167082655270503953e-03 3.267954284790251795e-02 -5.737352923438927138e-03
5.404570179038219180e-04 3.146830253452434500e-02 -2.711902594516470318e-03 -5.888191324167315471e-02 6.234103991567135211e-03 2.539142927990590271e-01 5.347019379818448437e-01 2.463137320190801893e-01 -2.103396698041744631e-03 -5.644946117341258229e-02 -2.123022588024628572e-03 3.116017045909438843e-02
-3.144437161447025814e-02 -4.898519245430569906e-05 3.091259841732814720e-02 2.677333468478894189e-03 -5.701649832587421529e-02 -8.705584897421726059e-03 2.463137320190801893e-01 4.839360135934038243e-01 2.510521301276977257e-01 5.501031290471603344e-03 -5.949411577571643572e-02 3.914596057523831406e-03
5.741168279566216150e-04 -3.104372059145925691e-02 9.875956202245361921e-04 3.163247735913847503e-02 -2.377328788752062962e-03 -5.936180203378706166e-02 -2.103396698041744631e-03 2.510521301276977257e-01 5.103121000445490774e-01 2.455468504237671434e-01 5.060992668313666829e-03 -5.712288938989137921e-02
5.870051882882139360e-02 -2.719330146867641584e-03 -3.132798621528461169e-02 1.086348322711886295e-04 3.094857527436271211e-02 2.167082655270503953e-03 -5.644946117341258229e-02 5.501031290471603344e-03 2.455468504237671434e-01 4.708497518664954695e-01 2.543927048951665215e-01 -1.261454299178226685e-02
3.816015520474997594e-03 5.657503883480390766e-02 -2.738584004461482035e-03 -3.130705514118402311e-02 3.269796254247454414e-03 3.267954284790251795e-02 -2.123022588024628572e-03 -5.949411577571643572e-02 5.060992668313666829e-03 2.543927048951665215e-01 5.366852832044302080e-01 2.458208187653894705e-01
-2.508686095253374049e-01 -6.799575980386461660e-03 5.833431666753821632e-02 4.996060361143845815e-03 -3.172471451413382687e-02 -5.737352923438927138e-03 3.116017045909438843e-02 3.914596057523831406e-03 -5.712288938989137921e-02 -1.261454299178226685e-02 2.458208187653894705e-01 4.963894078823961054e-01
5.095648229288061160e-01 2.533047591972509838e-01 -3.620406328226775678e-03 -6.134859336945836655e-02 -1.868559417278970163e-03 3.285199063896176996e-02 2.932795782381132296e-03 -3.097236030005070390e-02 -2.673304102583675540e-03 5.525086596173316156e-02 -1.672363922808169784e-03 -2.436547693634037448e-01
2.533047591972509838e-01 4.876830428919017857e-01 2.433002176387557558e-01 -1.247718737923225393e-02 -5.695751481262871507e-02 1.732503919122170121e-03 3.151120747477648143e-02 1.758405920281647106e-03 -3.208009769103365577e-02 -5.072653742301430277e-03 6.016950264817982896e-02 -1.538040902526971844e-03
-3.620406328226775678e-03 2.433002176387557558e-01 5.380381679112824500e-01 2.588150670313418833e-01 5.994576108114162312e-03 -6.125082935484986446e-02 -5.047341291345722181e-03 3.213171282636079901e-02 3.213736755786544916e-03 -3.052465214138706806e-02 -3.556579667736085425e-04 5.520661039892174604e-02
-6.134859336945836655e-02 -1.247718737923225393e-02 2.588150670313418833e-01 4.757965979189917038e-01 2.425747188822120204e-01 1.009180868457218092e-02 -5.457355244798671456e-02 -8.037104889220669096e-03 3.045161207655922020e-02 8.801435542655822869e-03 -3.343572111571807559e-02 -6.033043691119168057e-03
-1.868559417278970163e-03 -5.695751481262871507e-02 5.994576108114162312e-03 2.425747188822120204e-01 4.902012236613811913e-01 2.534871042623005333e-01 3.893415293820455276e-03 -6.008048038518051803e-02 -8.970881009169505644e-04 3.310323812405135957e-02 -2.055948307046360710e-03 -3.161217106627877554e-02
3.285199063896176996e-02 1.732503919122170121e-03 -6.125082935484986446e-02 1.009180868457218092e-02 2.534871042623005333e-01 5.026498681288712467e-01 2.432420919945812998e-01 5.828918714295383899e-03 -5.535938379982131147e-02 -6.405891433976472309e-03 3.204629143491075083e-02 1.145948977466172388e-03
2.932795782381132296e-03 3.151120747477648143e-02 -5.047341291345722181e-03 -5.457355244798671456e-02 3.893415293820455276e-03 2.432420919945812998e-01 4.806793171009570154e-01 2.545956745355069106e-01 -6.309885052828440727e-04 -6.170908896960200507e-02 4.243772029015647346e-03 3.259988964105457743e-02
-3.097236030005070390e-02 1.758405920281647106e-03 3.213171282636079901e-02 -8.037104889220669096e-03 -6.008048038518051803e-02 5.828918714295383899e-03 2.545956745355069106e-01 5.171779601862738218e-01 2.434062470200152872e-01 5.350060229088654529e-03 -5.612604716670240024e-02 2.358333804036709391e-03
-2.673304102583675540e-03 -3.208009769103365577e-02 3.213736755786544916e-03 3.045161207655922020e-02 -8.970881009169505644e-04 -5.535938379982131147e-02 -6.309885052828440727e-04 2.434062470200152872e-01 4.779459984288181862e-01 2.557201011174271010e-01 -6.820454935032913175e-03 -5.970357128079298303e-02
5.525086596173316156e-02 -5.072653742301430277e-03 -3.052465214138706806e-02 8.801435542655822869e-03 3.310323812405135957e-02 -6.405891433976472309e-03 -6.170908896960200507e-02 5.350060229088654529e-03 2.557201011174271010e-01 5.146687388807736907e-01 2.428205996300083491e-01 -1.094629128183969603e-02
-1.672363922808169784e-03 6.016950264817982896e-02 -3.556579667736085425e-04 -3.343572111571807559e-02 -2.055948307046360710e-03 3.204629143491075083e-02 4.243772029015647346e-03 -5.612604716670240024e-02 -6.820454935032913175e-03 2.428205996300083491e-01 5.204916052207644306e-01 2.540378557465068909e-01
-2.436547693634037448e-01 -1.538040902526971844e-03 5.520661039892174604e-02 -6.033043691119168057e-03 -3.161217106627877554e-02 1.145948977466172388e-03 3.259988964105457743e-02 2.358333804036709391e-03 -5.970357128079298303e-02 -1.094629128183969603e-02 2.540378557465068909e-01 4.851026567411853563e-01
4.949825648826761126e-01 2.480169459247602015e-01 6.698058393073393069e-03 -5.663288701894914762e-02 -6.364761206592977347e-04 3.042332127430695185e-02 2.480103507078317265e-03 -3.061289623565609935e-02 1.685198685891704275e-04 5.706570946491953261e-02 9.789088252647680163e-03 -2.492508615387459547e-01
2.480169459247602015e-01 4.960020735171454809e-01 2.473605965853821198e-01 9.228755244159902310e-03 -5.741256697222787975e-02 -9.937763788715700021e-04 3.108354270706555761e-02 2.024094806686530662e-04 -3.100427965497675256e-02 -1.880490320524271907e-03 5.695260799623327874e-02 -6.558168705565459427e-04
6.698058393073393069e-03 2.473605965853821198e-01 4.818732775820571135e-01 2.498892993514308103e-01 -5.266712703549347036e-03 -5.704145537210934813e-02 -6.097886068108641401e-04 3.074886740515560268e-02 -2.090264114402136733e-03 -3.076751572465748902e-02 -1.726269434341646094e-03 5.737007527129554113e-02
-5.663288701894914762e-02 9.228755244159902310e-03 2.498892993514308103e-01 5.091478000282871896e-01 2.470578469144880940e-01 -6.854900441269926557e-03 -5.726346747314913638e-02 4.194206626897237916e-03 3.060230405827288336e-02 -2.426721862136177292e-03 -3.098171474185862709e-02 5.316966345092186824e-03
-6.364761206592977347e-04 -5.741256697222787975e-02 -5.266712703549347036e-03 2.470578469144880940e-01 5.170017649964583351e-01 2.491713962721265052e-01 6.676857528650219538e-03 -5.710939679682333625e-02 2.688325589972734818e-04 3.098508838627914153e-02 3.100335516065140778e-03 -3.113444289178361746e-02
3.042332127430695185e-02 -9.937763788715700021e-04 -5.704145537210934813e-02 -6.854900441269926557e-03 2.491713962721265052e-01 4.786928461340881347e-01 2.484609848599619863e-01 -1.991425274090768104e-03 -5.683448389801469547e-02 2.826842313051215467e-04 3.075481449447384219e-02 -1.552064952126950333e-03
2.480103507078317265e-03 3.108354270706555761e-02 -6.097886068108641401e-04 -5.726346747314913638e-02 6.676857528650219538e-03 2.484609848599619863e-01 5.096621539199713835e-01 2.473854391351524018e-01 -7.627371471751744417e-03 -5.696623915773275926e-02 -1.442115785574315991e-03 3.086153832437954492e-02
-3.061289623565609935e-02 2.024094806686530662e-04 3.074886740515560268e-02 4.194206626897237916e-03 -5.710939679682333625e-02 -1.991425274090768104e-03 2.473854391351524018e-01 5.077889216614291934e-01 2.486972759635786567e-01 2.555617836498286916e-03 -5.718861368905889947e-02 7.206079871703789230e-04
1.685198685891704275e-04 -3.100427965497675256e-02 -2.090264114402136733e-03 3.060230405827288336e-02 2.688325589972734818e-04 -5.683448389801469547e-02 -7.627371471751744417e-03 2.486972759635786567e-01 5.018110812430125467e-01 2.474254042593878600e-01 1.028606441222123039e-02 -5.709868734741322532e-02
5.706570946491953261e-02 -1.880490320524271907e-03 -3.076751572465748902e-02 -2.426721862136177292e-03 3.098508838627914153e-02 2.826842313051215467e-04 -5.696623915773275926e-02 2.555617836498286916e-03 2.474254042593878600e-01 4.767598663796004388e-01 2.500644040399637724e-01 -4.344029570972021519e-03
9.789088252647680163e-03 5.695260799623327874e-02 -1.726269434341646094e-03 -3.098171474185862709e-02 3.100335516065140778e-03 3.075481449447384219e-02 -1.442115785574315991e-03 -5.718861368905889947e-02 1.028606441222123039e-02 2.500644040399637724e-01 5.112424516833742327e-01 2.467784089532722991e-01
-2.492508615387459547e-01 -6.558168705565459427e-04 5.737007527129554113e-02 5.316966345092186824e-03 -3.113444289178361746e-02 -1.552064952126950333e-03 3.086153832437954492e-02 7.206079871703789230e-04 -5.709868734741322532e-02 -4.344029570972021519e-03 2.467784089532722991e-01 5.150351979718889028e-01
4.975657005175362357e-01 2.491006114563372731e-01 -1.237584550704622782e-02 -5.668940207973476725e-02 5.867978463618670620e-03 3.115497769858772970e-02 -1.520357525270796869e-03 -3.110788870896640315e-02 2.456173331970889009e-03 5.737910873207388573e-02 -1.359437152035138617e-02 -2.484714888988527881e-01
2.491006114563372731e-01 5.233865725933085633e-01 2.483443793109430531e-01 -4.627376276557786106e-03 -5.799099666760476612e-02 -1.242307527855804426e-03 3.113800184792513831e-02 2.117888859927828660e-03 -3.102549984865629260e-02 1.268267267681186250e-03 5.732872413520623267e-02 -1.510011359556239722e-03
-1.237584550704622782e-02 2.483443793109430531e-01 4.990449035582457116e-01 2.480053405652507537e-01 7.674713045093661118e-04 -5.704438564146120660e-02 -3.811970089091858051e-03 3.062368473890512977e-02 2.701928712858118163e-03 -3.118520858473021809e-02 5.343119356290125131e-04 5.768471890912305750e-02
-5.668940207973476725e-02 -4.627376276557786106e-03 2.480053405652507537e-01 5.031161576504084021e-01 2.490770211476350804e-01 6.376761478520963193e-03 -5.679829070746741232e-02 -4.592041858293543707e-03 3.082055819417056988e-02 8.686111689200419440e-04 -3.081036318407981422e-02 -1.575957329492022434e-03
5.867978463618670620e-03 -5.799099666760476612e-02 7.674713045093661118e-04 2.490770211476350804e-01 4.900855221466181577e-01 2.471113602221203243e-01 7.212636926355729672e-03 -5.655470760917501172e-02 -3.387731851196966373e-03 3.121313044741381645e-02 -3.815537176136115163e-04 -3.127505987796332099e-02
3.115497769858772970e-02 -1.242307527855804426e-03 -5.704438564146120660e-02 6.376761478520963193e-03 2.471113602221203243e-01 4.905003703520254277e-01 2.487162255777217446e-01 3.123250245193154133e-03 -5.792114446200396366e-02 2.095934015105621866e-03 3.095564268872245256e-02 -1.457244084215681855e-03
-1.520357525270796869e-03 3.113800184792513831e-02 -3.811970089091858051e-03 -5.679829070746741232e-02 7.212636926355729672e-03 2.487162255777217446e-01 4.988020764876817115e-01 2.476726392239184393e-01 -4.938024774794524605e-04 -5.698882180133043457e-02 4.259907488099366757e-03 3.097720140526280530e-02
-3.110788870896640315e-02 2.117888859927828660e-03 3.062368473890512977e-02 -4.592041858293543707e-03 -5.655470760917501172e-02 3.123250245193154133e-03 2.476726392239184393e-01 4.969087967599735700e-01 2.491771828091112750e-01 -7.357601686474277668e-03 -5.669037463113352909e-02 3.553493724711039026e-03
2.456173331970889009e-03 -3.102549984865629260e-02 2.701928712858118163e-03 3.082055819417056988e-02 -3.387731851196966373e-03 -5.792114446200396366e-02 -4.938024774794524605e-04 2.491771828091112750e-01 5.120011581943587631e-01 2.471922509869285689e-01 -8.664771491904588174e-03 -5.750290448437482549e-02
5.737910873207388573e-02 1.268267267681186250e-03 -3.118520858473021809e-02 8.686111689200419440e-04 3.121313044741381645e-02 2.095934015105621866e-03 -5.698882180133043457e-02 -7.357601686474277668e-03 2.471922509869285689e-01 5.094227600817271551e-01 2.487643032433536627e-01 9.085014236712568581e-04
-1.359437152035138617e-02 5.732872413520623267e-02 5.343119356290125131e-04 -3.081036318407981422e-02 -3.815537176136115163e-04 3.095564268872245256e-02 4.259907488099366757e-03 -5.669037463113352909e-02 -8.664771491904588174e-03 2.487643032433536627e-01 5.038553033715988949e-01 2.488069046924087091e-01
-2.484714888988527881e-01 -1.510011359556239722e-03 5.768471890912305750e-02 -1.575957329492022434e-03 -3.127505987796332099e-02 -1.457244084215681855e-03 3.097720140526280530e-02 3.553493724711039026e-03 -5.750290448437482549e-02 9.085014236712568581e-04 2.488069046924087091e-01 4.753106782865518243e-01
5.004050273005701266e-01 2.482802195371221210e-01 2.803397156924839883e-03 -5.683218483550828148e-02 -1.732848704839745537e-03 3.069852620806578017e-02 1.487821832992066665e-03 -3.095220870478750108e-02 -5.711405229283747498e-03 5.650825383472244529e-02 9.494676351506380063e-03 -2.483879708260419150e-01
2.482802195371221210e-01 4.975325360623705229e-01 2.480446494598270712e-01 4.672549238471526180e-03 -5.662592428318917459e-02 -2.264438880697132537e-03 3.048494072226382370e-02 1.665278639175307371e-03 -3.040896728321238612e-02 -3.710183677714841421e-03 5.670787035513582403e-02 2.900017313811987206e-03
2.803397156924839883e-03 2.480446494598270712e-01 4.928505003906040738e-01 2.476595715797724195e-01 1.000007597915765750e-03 -5.656160850044655158e-02 -8.038586456165601728e-04 3.063198774090059723e-02 3.734768912541910815e-03 -3.054856371965619655e-02 -3.598962571049718617e-03 5.758040339638229033e-02
-5.683218483550828148e-02 4.672549238471526180e-03 2.476595715797724195e-01 4.988365840001341978e-01 2.477533054316806149e-01 -7.725176035722788707e-05 -5.656604179800772680e-02 5.310356106649807275e-04 3.058662134978217678e-02 1.072053861043010658e-03 -3.085347951356005175e-02 1.050435543729913912e-03
-1.732848704839745537e-03 -5.662592428318917459e-02 1.000007597915765750e-03 2.477533054316806149e-01 5.034709807815583860e-01 2.477902116754436834e-01 2.027871553815641776e-04 -5.682665287651203490e-02 -4.219949768623651454e-03 3.050156803146181206e-02 2.541084516704286440e-03 -3.102673898258398108e-02
3.069852620806578017e-02 -2.264438880697132537e-03 -5.656160850044655158e-02 -7.725176035722788707e-05 2.477902116754436834e-01 4.936547411955400921e-01 2.477561603419505820e-01 -8.867630934999000359e-04 -5.689045711972159913e-02 -1.148796296988121050e-03 3.103274197593896069e-02 -8.427212712239575158e-04
1.487821832992066665e-03 3.048494072226382370e-02 -8.038586456165601728e-04 -5.656604179800772680e-02 2.027871553815641776e-04 2.477561603419505820e-01 5.111037396790707454e-01 2.484161324572565777e-01 7.941625960608168430e-03 -5.679994976166953535e-02 -3.135754487513760843e-03 3.102798800144608571e-02
-3.095220870478750108e-02 1.665278639175307371e-03 3.063198774090059723e-02 5.310356106649807275e-04 -5.682665287651203490e-02 -8.867630934999000359e-04 2.484161324572565777e-01 4.808116744284556265e-01 2.481648389114680664e-01 3.507153423304791226e-03 -5.768719045508736987e-02 7.496103916201945529e-04
-5.711405229283747498e-03 -3.040896728321238612e-02 3.734768912541910815e-03 3.058662134978217678e-02 -4.219949768623651454e-03 -5.689045711972159913e-02 7.941625960608168430e-03 2.481648389114680664e-01 5.004027270411587347e-01 2.483880967792622685e-01 -1.844713583091290524e-03 -5.723412695312959930e-02
5.650825383472244529e-02 -3.710183677714841421e-03 -3.054856371965619655e-02 1.072053861043010658e-03 3.050156803146181206e-02 -1.148796296988121050e-03 -5.679994976166953535e-02 3.507153423304791226e-03 2.483880967792622685e-01 5.016055710993214678e-01 2.483224923004657692e-01 -4.886815491660702684e-03
9.494676351506380063e-03 5.670787035513582403e-02 -3.598962571049718617e-03 -3.085347951356005175e-02 2.541084516704286440e-03 3.103274197593896069e-02 -3.135754487513760843e-03 -5.768719045508736987e-02 -1.844713583091290524e-03 2.483224923004657692e-01 5.031880683458436199e-01 2.477390996997860806e-01
-2.483879708260419150e-01 2.900017313811987206e-03 5.758040339638229033e-02 1.050435543729913912e-03 -3.102673898258398108e-02 -8.427212712239575158e-04 3.102798800144608571e-02 7.496103916201945529e-04 -5.723412695312959930e-02 -4.886815491660702684e-03 2.477390996997860806e-01 5.161378496753676881e-01
4.991062396747085739e-01 2.500566882547652914e-01 7.684473122235452053e-04 -5.843989044606315297e-02 2.132088065131210186e-03 3.160935858128315068e-02 -1.682226827433617490e-03 -3.191434743423425535e-02 4.816621666419577605e-03 5.555954961571293871e-02 -6.843676375296517747e-03 -2.462431422319770746e-01
2.500566882547652914e-01 4.988620098098408007e-01 2.463702265134411207e-01 4.917852191169132074e-04 -5.651219436973183019e-02 2.970862411074166355e-03 3.091989578012477313e-02 1.318060149551011136e-03 -3.245081691363983778e-02 7.513857553537813330e-03 5.816514517948417895e-02 -2.915344208481791127e-03
7.684473122235452053e-04 2.463702265134411207e-01 4.985586260455884822e-01 2.502531997896268456e-01 -5.049848809299309002e-03 -5.780253708928320688e-02 2.180822686860297600e-03 3.174806456745474237e-02 -3.624443555991891178e-03 -3.028263503126537443e-02 3.520611028571735569e-03 5.649105454085706635e-02
-5.843989044606315297e-02 4.917852191169132074e-04 2.502531997896268456e-01 5.049290873694338710e-01 2.458992530579345026e-01 -6.958522818269993401e-03 -5.621348372069097377e-02 -1.374843908823500990e-03 3.126825306049903219e-02 -6.220962143588694773e-03 -3.181270343482744956e-02 1.972510335004167871e-03
2.132088065131210186e-03 -5.651219436973183019e-02 -5.049848809299309002e-03 2.458992530579345026e-01 5.128371121094997820e-01 2.505337346412962463e-01 1.432333923913436252e-03 -5.845186296443797419e-02 1.286707691934883303e-03 3.179461213045164242e-02 -7.108737632713982291e-04 -3.149577634218195255e-02
3.160935858128315068e-02 2.970862411074166355e-03 -5.780253708928320688e-02 -6.958522818269993401e-03 2.505337346412962463e-01 4.958267757574156276e-01 2.457733074563790143e-01 1.008044326352711823e-02 -5.699083581562423839e-02 5.199135967398739802e-03 3.174836456223309455e-02 4.276201602573807999e-04
-1.682226827433617490e-03 3.091989578012477313e-02 2.180822686860297600e-03 -5.621348372069097377e-02 1.432333923913436252e-03 2.457733074563790143e-01 4.871648884188071738e-01 2.515479326116393244e-01 -4.637890593683233198e-03 -5.934970349262200240e-02 1.312941567851015970e-03 3.220416869901622514e-02
-3.191434743423425535e-02 1.318060149551011136e-03 3.174806456745474237e-02 -1.374843908823500990e-03 -5.845186296443797419e-02 1.008044326352711823e-02 2.515479326116393244e-01 4.957196182906811743e-01 2.456986248642562543e-01 -2.031761458098820666e-02 -5.811483112820763075e-02 4.336291155181234980e-03
4.816621666419577605e-03 -3.245081691363983778e-02 -3.624443555991891178e-03 3.126825306049903219e-02 1.286707691934883303e-03 -5.699083581562423839e-02 -4.637890593683233198e-03 2.456986248642562543e-01 5.466311937087078299e-01 2.567529898869981841e-01 1.527393952550439721e-03 -6.151144373635629437e-02
5.555954961571293871e-02 7.513857553537813330e-03 -3.028263503126537443e-02 -6.220962143588694773e-03 3.179461213045164242e-02 5.199135967398739802e-03 -5.934970349262200240e-02 -2.031761458098820666e-02 2.567529898869981841e-01 4.810306154014886704e-01 2.460566404932506834e-01 1.273753119125560843e-02
-6.843676375296517747e-03 5.816514517948417895e-02 3.520611028571735569e-03 -3.181270343482744956e-02 -7.108737632713982291e-04 3.174836456223309455e-02 1.312941567851015970e-03 -5.811483112820763075e-02 1.527393952550439721e-03 2.460566404932506834e-01 4.899871780027992840e-01 2.505612204146042132e-01
-2.462431422319770746e-01 -2.915344208481791127e-03 5.649105454085706635e-02 1.972510335004167871e-03 -3.149577634218195255e-02 4.276201602573807999e-04 3.220416869901622514e-02 4.336291155181234980e-03 -6.151144373635629437e-02 1.273753119125560843e-02 2.505612204146042132e-01 4.893466554110452171e-01
4.717921411727501457e-01 2.532621260438023825e-01 -8.678104678094804986e-03 -5.864398703404433144e-02 1.171551330313033929e-03 3.164434210714484053e-02 1.821024340352513560e-04 -3.157290511451402160e-02 3.538960288751605374e-03 5.656514702826499763e-02 -3.910969707043313037e-03 -2.449854698343447434e-01
2.532621260438023825e-01 5.256275262161920203e-01 2.456869056654234773e-01 -9.975087550784201770e-04 -5.599091375451310110e-02 1.593776172681595892e-04 3.049964562569628529e-02 1.789650698644634167e-03 -3.177962016071678164e-02 2.393003696473628220e-03 5.882156568683455378e-02 -1.268417280987934118e-02
-8.678104678094804986e-03 2.456869056654234773e-01 4.975886564989757677e-01 2.501205837251076480e-01 6.632825548735795697e-03 -5.794788334503013505e-02 -4.493138054797155348e-03 3.142721779518760361e-02 7.546911193625096105e-04 -3.110991198050063952e-02 -2.401070928342739861e-03 5.715835409629469593e-02
-5.864398703404433144e-02 -9.975087550784201770e-04 2.501205837251076480e-01 4.868356009030641585e-01 2.463518458234434383e-01 -3.512163658483560651e-04 -5.610806894681470702e-02 -2.049722436517653970e-03 3.138605734368186961e-02 -2.005030770494333793e-03 -3.172926198368807710e-02 6.044676708111459788e-03
1.171551330313033929e-03 -5.599091375451310110e-02 6.632825548735795697e-03 2.463518458234434383e-01 5.073385750122205717e-01 2.498121934300703839e-01 2.850456004555352967e-03 -5.821766251051573027e-02 1.856913899733597705e-03 3.122119196517218753e-02 -4.157213357040556723e-04 -3.078043620390083154e-02
3.164434210714484053e-02 1.593776172681595892e-04 -5.794788334503013505e-02 -3.512163658483560651e-04 2.498121934300703839e-01 4.932642978115400201e-01 2.458737962125816801e-01 4.699258233425561426e-03 -5.685744956106028591e-02 2.705855282463037834e-03 3.113345626231427826e-02 -5.014275796058705395e-03
1.821024340352513560e-04 3.049964562569628529e-02 -4.493138054797155348e-03 -5.610806894681470702e-02 2.850456004555352967e-03 2.458737962125816801e-01 4.941001406523045092e-01 2.513496927716399876e-01 -7.057664352291406068e-03 -5.816221998748734301e-02 1.535706815120875058e-03 3.126521133950185827e-02
-3.157290511451402160e-02 1.789650698644634167e-03 3.142721779518760361e-02 -2.049722436517653970e-03 -5.821766251051573027e-02 4.699258233425561426e-03 2.513496927716399876e-01 5.041192260767446420e-01 2.452345268028716108e-01 -9.351915403565023988e-03 -5.651324979351746158e-02 8.789677726376732281e-03
3.538960288751605374e-03 -3.177962016071678164e-02 7.546911193625096105e-04 3.138605734368186961e-02 1.856913899733597705e-03 -5.685744956106028591e-02 -7.057664352291406068e-03 2.452345268028716108e-01 5.264662867056411066e-01 2.529073145141104151e-01 3.114442822404660249e-03 -6.024208230875978398e-02
5.656514702826499763e-02 2.393003696473628220e-03 -3.110991198050063952e-02 -2.005030770494333793e-03 3.122119196517218753e-02 2.705855282463037834e-03 -5.816221998748734301e-02 -9.351915403565023988e-03 2.529073145141104151e-01 4.748505086506385475e-01 2.459214668162543471e-01 -7.573474099562238840e-03
-3.910969707043313037e-03 5.882156568683455378e-02 -2.401070928342739861e-03 -3.172926198368807710e-02 -4.157213357040556723e-04 3.113345626231427826e-02 1.535706815120875058e-03 -5.651324979351746158e-02 3.114442822404660249e-03 2.459214668162543471e-01 5.262298150623996307e-01 2.527856164087218804e-01
-2.449854698343447434e-01 -1.268417280987934118e-02 5.715835409629469593e-02 6.044676708111459788e-03 -3.078043620390083154e-02 -5.014275796058705395e-03 3.126521133950185827e-02 8.789677726376732281e-03 -6.024208230875978398e-02 -7.573474099562238840e-03 2.527856164087218804e-01 4.917872252375119491e-01
5.065275524794240480e-01 2.514417901686645251e-01 9.397336524355794085e-03 -5.756738804143806537e-02 -2.225257292461133019e-03 3.090931451441421632e-02 1.485007766270587341e-03 -3.086931695241738188e-02 -6.637285545641348657e-03 5.579132179862145852e-02 1.083106214830477192e-02 -2.460981784340372236e-01
2.514417901686645251e-01 4.842603943679253398e-01 2.455333331601652347e-01 5.572897831353280755e-03 -5.610488455141617731e-02 -1.138396132918935259e-03 3.044593678228454253e-02 1.108267061615559896e-03 -3.084408555991049322e-02 -3.502014574611959051e-03 5.784892512291470168e-02 4.455601257556460540e-03
9.397336524355794085e-03 2.455333331601652347e-01 4.913998499724017144e-01 2.502256575604432376e-01 -4.774645313263289545e-03 -5.746096380493538602e-02 2.529654225157821311e-03 3.106339422327308170e-02 1.845583694957522985e-03 -3.064164941539592596e-02 -9.286618966727877827e-04 5.693960650760032660e-02
-5.756738804143806537e-02 5.572897831353280755e-03 2.502256575604432376e-01 5.103239615063888124e-01 2.460062376996084987e-01 -2.962005703537750820e-03 -5.588759177484124707e-02 1.231204004056365335e-03 3.043896219866065733e-02 7.441781595698090425e-04 -3.087925163552149993e-02 6.833872602321220194e-04
-2.225257292461133019e-03 -5.610488455141617731e-02 -4.774645313263289545e-03 2.460062376996084987e-01 5.027404609051584483e-01 2.494357123242694763e-01 -7.994771429289083357e-04 -5.778403836036500457e-02 -4.345320953644837315e-03 3.080778846232819571e-02 2.373146582687472514e-03 -3.086830086424831310e-02
3.090931451441421632e-02 -1.138396132918935259e-03 -5.746096380493538602e-02 -2.962005703537750820e-03 2.494357123242694763e-01 4.984512375498975634e-01 2.462661147213631718e-01 4.252274049097005222e-04 -5.596447485107573783e-02 -2.283350573835800021e-03 3.047386554641047518e-02 7.444942537625748140e-04
1.485007766270587341e-03 3.044593678228454253e-02 2.529654225157821311e-03 -5.588759177484124707e-02 -7.994771429289083357e-04 2.462661147213631718e-01 5.055069794325681709e-01 2.499410346202053657e-01 9.336173278660696642e-03 -5.753420496280119839e-02 -3.288733220758637346e-03 3.131834093933814206e-02
-3.086931695241738188e-02 1.108267061615559896e-03 3.106339422327308170e-02 1.231204004056365335e-03 -5.778403836036500457e-02 4.252274049097005222e-04 2.499410346202053657e-01 4.832479834572078747e-01 2.461673825882765843e-01 4.346785895972649083e-03 -5.663583271733585445e-02 -8.928534132505321942e-04
-6.637285545641348657e-03 -3.084408555991049322e-02 1.845583694957522985e-03 3.043896219866065733e-02 -4.345320953644837315e-03 -5.596447485107573783e-02 9.336173278660696642e-03 2.461673825882765843e-01 4.941588043492332050e-01 2.505850640849288102e-01 -2.505451307831032051e-03 -5.849073195305309197e-02
5.579132179862145852e-02 -3.502014574611959051e-03 -3.064164941539592596e-02 7.441781595698090425e-04 3.080778846232819571e-02 -2.283350573835800021e-03 -5.753420496280119839e-02 4.346785895972649083e-03 2.505850640849288102e-01 5.088127280297395361e-01 2.461925158532919655e-01 -2.763287601596220444e-03
1.083106214830477192e-02 5.784892512291470168e-02 -9.286618966727877827e-04 -3.087925163552149993e-02 2.373146582687472514e-03 3.047386554641047518e-02 -3.288733220758637346e-03 -5.663583271733585445e-02 -2.505451307831032051e-03 2.461925158532919655e-01 4.950264453346195914e-01 2.502733754785884113e-01
-2.460981784340372236e-01 4.455601257556460540e-03 5.693960650760032660e-02 6.833872602321220194e-04 -3.086830086424831310e-02 7.444942537625748140e-04 3.131834093933814206e-02 -8.928534132505321942e-04 -5.849073195305309197e-02 -2.763287601596220444e-03 2.502733754785884113e-01 5.195436026154278686e-01
5.070673920061600226e-01 2.496420944613892412e-01 5.295721847770128166e-03 -5.730122176601524370e-02 -1.812741871204091599e-03 3.074247837462133065e-02 -8.727419903784023735e-05 -3.041173324241255513e-02 -2.783171338442145919e-03 5.647926225396742578e-02 -1.462870935343496895e-04 -2.467622958889684193e-01
2.496420944613892412e-01 4.916193752955145269e-01 2.465076815835132440e-01 2.480145263176861386e-03 -5.645172305078809821e-02 -6.194915848564750208e-03 3.100659342686027872e-02 4.246939028230657318e-03 -3.091799611457467581e-02 -3.122199875577144623e-03 5.793720677039269212e-02 1.105350542994409805e-03
5.295721847770128166e-03 2.465076815835132440e-01 4.911403317727039419e-01 2.493704494259440796e-01 -1.087120758071164015e-03 -5.836141909710740316e-02 3.127408298516406830e-03 3.114098414723081090e-02 5.167699017964418138e-05 -3.112476034215645032e-02 2.846598583760351787e-03 5.651374183977384003e-02
-5.730122176601524370e-02 2.480145263176861386e-03 2.493704494259440796e-01 5.167675941231331116e-01 2.474792445088166704e-01 9.310139613553999535e-03 -5.719555584261745707e-02 -3.974796313441344119e-03 3.077853797919972989e-02 1.455561015009151655e-03 -3.103713639157321819e-02 7.273343183970520497e-04
-1.812741871204091599e-03 -5.645172305078809821e-02 -1.087120758071164015e-03 2.474792445088166704e-01 4.691436665650673410e-01 2.515128629290434015e-01 -4.777500546042940527e-03 -5.782072502531066666e-02 -5.884655279151753716e-04 3.156661637489298344e-02 -1.746259780001430855e-03 -3.083193341311152996e-02
3.074247837462133065e-02 -6.194915848564750208e-03 -5.836141909710740316e-02 9.310139613553999535e-03 2.515128629290434015e-01 5.206076346060524163e-01 2.466081119781193265e-01 -1.814028595113560509e-03 -5.662479374240615704e-02 2.655998237265839480e-03 3.045712540475901606e-02 -4.218070750993504342e-03
-8.727419903784023735e-05 3.100659342686027872e-02 3.127408298516406830e-03 -5.719555584261745707e-02 -4.777500546042940527e-03 2.466081119781193265e-01 4.996966115077842163e-01 2.486266033863737679e-01 6.388386583419436264e-03 -5.766194839151306262e-02 -5.583781074694605355e-05 3.106673450114008986e-02
-3.041173324241255513e-02 4.246939028230657318e-03 3.114098414723081090e-02 -3.974796313441344119e-03 -5.782072502531066666e-02 -1.814028595113560509e-03 2.486266033863737679e-01 4.862102249415095612e-01 2.482976857394735004e-01 -3.666957544905154187e-03 -5.652846822486909395e-02 4.548370231425271672e-03
-2.783171338442145919e-03 -3.091799611457467581e-02 5.167699017964418138e-05 3.077853797919972989e-02 -5.884655279151753716e-04 -5.662479374240615704e-02 6.388386583419436264e-03 2.482976857394735004e-01 5.099773683709072358e-01 2.484011558661021191e-01 -6.520562483997256048e-03 -5.696834416518783278e-02
5.647926225396742578e-02 -3.122199875577144623e-03 -3.112476034215645032e-02 1.455561015009151655e-03 3.156661637489298344e-02 2.655998237265839480e-03 -5.766194839151306262e-02 -3.666957544905154187e-03 2.484011558661021191e-01 5.042978947214644680e-01 2.469388064396761395e-01 -4.558457906672192320e-03
-1.462870935343496895e-04 5.793720677039269212e-02 2.846598583760351787e-03 -3.103713639157321819e-02 -1.746259780001430855e-03 3.045712540475901606e-02 -5.583781074694605355e-05 -5.652846822486909395e-02 -6.520562483997256048e-03 2.469388064396761395e-01 5.100094901669479652e-01 2.493894820926496059e-01
