1.921680157987826765e-01 1.688247882169193748e-01 1.272812078243849565e-01 8.418561639565969035e-02 4.531005449264097207e-02 -3.404617086660776185e-03 -4.956095826009147831e-02 -8.497899229734166837e-02 -1.252643051958897136e-01 -1.630801353512586205e-01
1.688247882169193748e-01 2.009890894396625383e-01 1.753899225746909929e-01 1.237103843137379866e-01 8.494390204159735225e-02 4.032484314075041043e-02 -6.164563392774097608e-03 -4.883685190919133390e-02 -8.750678183857171777e-02 -1.232551464214419190e-01
1.272812078243849565e-01 1.753899225746909929e-01 2.085407392902787205e-01 1.698481258628649904e-01 1.275506309018488160e-01 8.168807703354274974e-02 4.090946039263212292e-02 -6.208778187065236431e-03 -5.092296586344104842e-02 -8.675590822852727313e-02
8.418561639565969035e-02 1.237103843137379866e-01 1.698481258628649904e-01 1.927773633289393829e-01 1.739939725887108546e-01 1.220304556102785459e-01 8.220776764456499963e-02 3.979792964995296917e-02 -4.300918774495064364e-03 -4.610892016641349872e-02
4.531005449264097207e-02 8.494390204159735225e-02 1.275506309018488160e-01 1.739939725887108546e-01 2.177279372678259106e-01 1.758522024163203801e-01 1.290319199653577331e-01 8.437529957562403538e-02 4.501056200050432277e-02 -6.379467284245166894e-04
-3.404617086660776185e-03 4.032484314075041043e-02 8.168807703354274974e-02 1.220304556102785459e-01 1.758522024163203801e-01 1.994798906155437479e-01 1.750104454956686040e-01 1.236423916409870871e-01 8.490215846485991980e-02 4.533673937946594568e-02
-4.956095826009147831e-02 -6.164563392774097608e-03 4.090946039263212292e-02 8.220776764456499963e-02 1.290319199653577331e-01 1.750104454956686040e-01 2.145750676340116292e-01 1.732540342910927622e-01 1.277128584397400068e-01 8.600980746595614235e-02
-8.497899229734166837e-02 -4.883685190919133390e-02 -6.208778187065236431e-03 3.979792964995296917e-02 8.437529957562403538e-02 1.236423916409870871e-01 1.732540342910927622e-01 1.912145201743987999e-01 1.666063102344041424e-01 1.214373823798199775e-01
-1.252643051958897136e-01 -8.750678183857171777e-02 -5.092296586344104842e-02 -4.300918774495064364e-03 4.501056200050432277e-02 8.490215846485991980e-02 1.277128584397400068e-01 1.666063102344041424e-01 1.974702819038469115e-01 1.660444170337612435e-01
-1.630801353512586205e-01 -1.232551464214419190e-01 -8.675590822852727313e-02 -4.610892016641349872e-02 -6.379467284245166894e-04 4.533673937946594568e-02 8.600980746595614235e-02 1.214373823798199775e-01 1.660444170337612435e-01 1.850570945467095441e-01
1.949137978145616679e-01 1.644062613992225419e-01 1.256241196169267105e-01 8.424932120900506527e-02 4.630166404055086060e-02 -8.371850663578197941e-04 -4.717525587214219107e-02 -8.728122286816492048e-02 -1.256128290680096904e-01 -1.691388027019138374e-01
1.644062613992225419e-01 1.883228677326753142e-01 1.702408967478908908e-01 1.230552849435489204e-01 8.498768983693347212e-02 4.378157463166801322e-02 -2.837146524379353767e-03 -4.788261412415903417e-02 -8.505309715476143395e-02 -1.230279078134478149e-01
1.256241196169267105e-01 1.702408967478908908e-01 2.082316929219585888e-01 1.723197468326345405e-01 1.282211802658096145e-01 8.566168427043102662e-02 4.299969110621047058e-02 -3.944443705688593232e-03 -4.859657902853391220e-02 -8.637704776470930823e-02
8.424932120900506527e-02 1.230552849435489204e-01 1.723197468326345405e-01 1.953521699274882450e-01 1.724963997091162882e-01 1.247059774586418007e-01 8.173875265585063554e-02 4.162129262778051231e-02 -3.593334154711873632e-03 -4.654870105664694196e-02
4.630166404055086060e-02 8.498768983693347212e-02 1.282211802658096145e-01 1.724963997091162882e-01 2.127316440553024823e-01 1.774185221505316656e-01 1.254334399933619282e-01 8.448402311649109986e-02 4.321394511588827481e-02 -2.014953149173382731e-03
-8.371850663578197941e-04 4.378157463166801322e-02 8.566168427043102662e-02 1.247059774586418007e-01 1.774185221505316656e-01 2.038001385810463140e-01 1.691527659374960080e-01 1.252150149392950440e-01 8.384302803783293123e-02 4.459506559274443310e-02
-4.717525587214219107e-02 -2.837146524379353767e-03 4.299969110621047058e-02 8.173875265585063554e-02 1.254334399933619282e-01 1.691527659374960080e-01 1.955838678506631456e-01 1.717959941398511381e-01 1.248872379068221711e-01 8.477391140236964495e-02
-8.728122286816492048e-02 -4.788261412415903417e-02 -3.944443705688593232e-03 4.162129262778051231e-02 8.448402311649109986e-02 1.252150149392950440e-01 1.717959941398511381e-01 2.066078770346280458e-01 1.732539077924465654e-01 1.260376758411630715e-01
-1.256128290680096904e-01 -8.505309715476143395e-02 -4.859657902853391220e-02 -3.593334154711873632e-03 4.321394511588827481e-02 8.384302803783293123e-02 1.248872379068221711e-01 1.732539077924465654e-01 1.986414945331927140e-01 1.686967630090088210e-01
-1.691388027019138374e-01 -1.230279078134478149e-01 -8.637704776470930823e-02 -4.654870105664694196e-02 -2.014953149173382731e-03 4.459506559274443310e-02 8.477391140236964495e-02 1.260376758411630715e-01 1.686967630090088210e-01 1.958144495484841763e-01
1.971952501232760169e-01 1.739019939235371126e-01 1.238393941550306881e-01 8.513607388899352424e-02 5.073425836553741020e-02 6.004729671328805363e-03 -4.050494015602260772e-02 -8.263206031422946907e-02 -1.277346950872520481e-01 -1.639849707044093718e-01
1.739019939235371126e-01 2.063894369918490290e-01 1.681689008927639561e-01 1.238766044322073823e-01 8.915771270192857090e-02 5.057008723483788493e-02 5.049434273365297626e-03 -4.262927731136673115e-02 -8.763395956490183103e-02 -1.239328316760477250e-01
1.238393941550306881e-01 1.681689008927639561e-01 1.846089511183523213e-01 1.595739385551672718e-01 1.249413314660948598e-01 8.636096272194350443e-02 4.761261663115774756e-02 2.396375480638620985e-03 -4.627771118778205295e-02 -8.264495015436888747e-02
8.513607388899352424e-02 1.238766044322073823e-01 1.595739385551672718e-01 1.839780840328799072e-01 1.680433433441966551e-01 1.244273525222935467e-01 8.384079595730900558e-02 4.413447573740864049e-02 -3.071191560486978903e-03 -4.672113011359980278e-02
5.073425836553741020e-02 8.915771270192857090e-02 1.249413314660948598e-01 1.680433433441966551e-01 2.051474027559659907e-01 1.746923095606330023e-01 1.255493588415937112e-01 8.396535544874136892e-02 4.254720896552784126e-02 -6.293224102523988471e-03
6.004729671328805363e-03 5.057008723483788493e-02 8.636096272194350443e-02 1.244273525222935467e-01 1.746923095606330023e-01 2.050363388378641516e-01 1.714844105948314379e-01 1.249305522391466611e-01 8.488139173238448687e-02 3.939881551441005991e-02
-4.050494015602260772e-02 5.049434273365297626e-03 4.761261663115774756e-02 8.384079595730900558e-02 1.255493588415937112e-01 1.714844105948314379e-01 1.963123862496040650e-01 1.688537406607992508e-01 1.269212197656538477e-01 8.009576982761765218e-02
-8.263206031422946907e-02 -4.262927731136673115e-02 2.396375480638620985e-03 4.413447573740864049e-02 8.396535544874136892e-02 1.249305522391466611e-01 1.688537406607992508e-01 2.027986158648197035e-01 1.816581982330929823e-01 1.231216605390879903e-01
-1.277346950872520481e-01 -8.763395956490183103e-02 -4.627771118778205295e-02 -3.071191560486978903e-03 4.254720896552784126e-02 8.488139173238448687e-02 1.269212197656538477e-01 1.816581982330929823e-01 2.300875429460057242e-01 1.764665480783344231e-01
-1.639849707044093718e-01 -1.239328316760477250e-01 -8.264495015436888747e-02 -4.672113011359980278e-02 -6.293224102523988471e-03 3.939881551441005991e-02 8.009576982761765218e-02 1.231216605390879903e-01 1.764665480783344231e-01 1.884459910793839788e-01
1.987721058400360175e-01 1.755613723166937756e-01 1.258434255417915648e-01 8.331153639069474592e-02 3.977402403713804074e-02 -8.677067821170912632e-03 -5.075984622083411224e-02 -8.734171526899853211e-02 -1.252144145446924262e-01 -1.625067342545427063e-01
1.755613723166937756e-01 2.126510335657013917e-01 1.771300116276368353e-01 1.271215145817423120e-01 8.356955523117157170e-02 3.926509618236224963e-02 -6.563579350576977112e-03 -4.924637156465818538e-02 -8.682601433342623798e-02 -1.232987070010833353e-01
1.258434255417915648e-01 1.771300116276368353e-01 2.087160820493142721e-01 1.763002373399794320e-01 1.266584386728654144e-01 8.239591952594971236e-02 4.100879274043102429e-02 -2.333587928198883020e-03 -4.554292715473327868e-02 -8.198540422468610089e-02
8.331153639069474592e-02 1.271215145817423120e-01 1.763002373399794320e-01 2.093342195988529275e-01 1.765820416855132247e-01 1.251131426963466575e-01 8.243194008356746760e-02 4.481190751511367198e-02 1.922667485536320000e-03 -4.118535654310002958e-02
3.977402403713804074e-02 8.356955523117157170e-02 1.266584386728654144e-01 1.765820416855132247e-01 2.097647829283809384e-01 1.739346132146213919e-01 1.242597146700319261e-01 8.612605073411414014e-02 4.962141862204603321e-02 6.183663958681572329e-03
-8.677067821170912632e-03 3.926509618236224963e-02 8.239591952594971236e-02 1.251131426963466575e-01 1.739346132146213919e-01 1.989751886054405006e-01 1.657244534826438354e-01 1.248633515367940650e-01 8.837110856533808567e-02 5.036280994895374341e-02
-5.075984622083411224e-02 -6.563579350576977112e-03 4.100879274043102429e-02 8.243194008356746760e-02 1.242597146700319261e-01 1.657244534826438354e-01 1.858621093648253064e-01 1.644236086455026502e-01 1.252173737089540551e-01 8.508799132820193956e-02
-8.734171526899853211e-02 -4.924637156465818538e-02 -2.333587928198883020e-03 4.481190751511367198e-02 8.612605073411414014e-02 1.248633515367940650e-01 1.644236086455026502e-01 1.959282253553831232e-01 1.718867244664157856e-01 1.232271505949789486e-01
-1.252144145446924262e-01 -8.682601433342623798e-02 -4.554292715473327868e-02 1.922667485536320000e-03 4.962141862204603321e-02 8.837110856533808567e-02 1.252173737089540551e-01 1.718867244664157856e-01 2.005577531960670845e-01 1.639992640123710821e-01
-1.625067342545427063e-01 -1.232987070010833353e-01 -8.198540422468610089e-02 -4.118535654310002958e-02 6.183663958681572329e-03 5.036280994895374341e-02 8.508799132820193956e-02 1.232271505949789486e-01 1.639992640123710821e-01 1.794384994959982993e-01
2.055816486055441483e-01 1.710894671045740112e-01 1.283113489567120347e-01 8.598161380723745584e-02 4.824975981922766111e-02 5.295553736203308104e-03 -4.144186237213583202e-02 -8.062895054702851061e-02 -1.239663644560510952e-01 -1.780188024313348605e-01
1.710894671045740112e-01 1.954585716974748255e-01 1.693850028178446876e-01 1.212997585844165505e-01 8.282542517377836089e-02 4.569553217407307244e-02 2.232336892920556200e-03 -4.345987254832237023e-02 -8.478984694831946667e-02 -1.285349416451982418e-01
1.283113489567120347e-01 1.693850028178446876e-01 1.957514555919500909e-01 1.622759529924739652e-01 1.218256612902880592e-01 8.365359395913414542e-02 4.682456958682199716e-02 -1.425389078942143400e-03 -4.875944800393760409e-02 -9.112500389489813779e-02
8.598161380723745584e-02 1.212997585844165505e-01 1.622759529924739652e-01 1.807740185520379239e-01 1.617388330385869655e-01 1.227427947819545589e-01 8.706347878684667085e-02 4.388419677214730474e-02 -3.095539572716873074e-03 -4.981490710538423461e-02
4.824975981922766111e-02 8.282542517377836089e-02 1.218256612902880592e-01 1.617388330385869655e-01 1.931474956133416576e-01 1.707426928753665585e-01 1.306166393676515547e-01 8.530213518694966524e-02 4.272903147600794899e-02 -4.823776141661044112e-03
5.295553736203308104e-03 4.569553217407307244e-02 8.365359395913414542e-02 1.227427947819545589e-01 1.707426928753665585e-01 2.066621456724285211e-01 1.846895815888725811e-01 1.260196919146257533e-01 8.188742912106990179e-02 4.046944932155499552e-02
-4.144186237213583202e-02 2.232336892920556200e-03 4.682456958682199716e-02 8.706347878684667085e-02 1.306166393676515547e-01 1.846895815888725811e-01 2.358878590496318872e-01 1.794746119274014673e-01 1.247366290439312353e-01 8.351765058529575514e-02
-8.062895054702851061e-02 -4.345987254832237023e-02 -1.425389078942143400e-03 4.388419677214730474e-02 8.530213518694966524e-02 1.260196919146257533e-01 1.794746119274014673e-01 1.899168739628633584e-01 1.589493590853173488e-01 1.213490145090612704e-01
-1.239663644560510952e-01 -8.478984694831946667e-02 -4.875944800393760409e-02 -3.095539572716873074e-03 4.272903147600794899e-02 8.188742912106990179e-02 1.247366290439312353e-01 1.589493590853173488e-01 1.842584565540898167e-01 1.697586790851082217e-01
-1.780188024313348605e-01 -1.285349416451982418e-01 -9.112500389489813779e-02 -4.981490710538423461e-02 -4.823776141661044112e-03 4.046944932155499552e-02 8.351765058529575514e-02 1.213490145090612704e-01 1.697586790851082217e-01 2.125614747006384364e-01
2.082853684592362864e-01 1.827662823267909298e-01 1.245038339171777170e-01 8.202746464142378346e-02 4.478054747118768303e-02 3.857089303536741492e-03 -3.860875602361350800e-02 -7.827741085418782330e-02 -1.233836890581759549e-01 -1.802151367246844493e-01
1.827662823267909298e-01 2.280019460900978567e-01 1.734445840826887297e-01 1.224935146533808750e-01 8.433130415650651190e-02 4.814116579285197817e-02 6.600543375644149849e-03 -4.029460664118801605e-02 -8.577744764614667061e-02 -1.338532245100585716e-01
1.245038339171777170e-01 1.734445840826887297e-01 1.783343108977943625e-01 1.517163090950182924e-01 1.183516103265263020e-01 8.345550364827919454e-02 5.018006901028194966e-02 6.944542668272477882e-03 -4.125184368101739163e-02 -8.679686888320460592e-02
8.202746464142378346e-02 1.224935146533808750e-01 1.517163090950182924e-01 1.746401064693851590e-01 1.616462397949335050e-01 1.242743772734522245e-01 8.966329563857892981e-02 5.153643113130633446e-02 4.662143985901268280e-03 -4.477852255880285931e-02
4.478054747118768303e-02 8.433130415650651190e-02 1.183516103265263020e-01 1.616462397949335050e-01 1.946059667578515784e-01 1.712671103693602648e-01 1.299968564103777813e-01 8.940790418718523591e-02 4.758342123247101541e-02 -1.981645770550025457e-04
3.857089303536741492e-03 4.814116579285197817e-02 8.345550364827919454e-02 1.242743772734522245e-01 1.712671103693602648e-01 2.041338133356529194e-01 1.781738245559574274e-01 1.271714627330402247e-01 8.354005865190655689e-02 4.288263516888256299e-02
-3.860875602361350800e-02 6.600543375644149849e-03 5.018006901028194966e-02 8.966329563857892981e-02 1.299968564103777813e-01 1.781738245559574274e-01 2.152870452029032045e-01 1.733082163205982851e-01 1.221450189206101655e-01 8.195635272276864669e-02
-7.827741085418782330e-02 -4.029460664118801605e-02 6.944542668272477882e-03 5.153643113130633446e-02 8.940790418718523591e-02 1.271714627330402247e-01 1.733082163205982851e-01 1.881891564792811111e-01 1.585526296081000708e-01 1.216960854391939684e-01
-1.233836890581759549e-01 -8.577744764614667061e-02 -4.125184368101739163e-02 4.662143985901268280e-03 4.758342123247101541e-02 8.354005865190655689e-02 1.221450189206101655e-01 1.585526296081000708e-01 1.859787005119666603e-01 1.738730623401839037e-01
-1.802151367246844493e-01 -1.338532245100585716e-01 -8.679686888320460592e-02 -4.477852255880285931e-02 -1.981645770550025457e-04 4.288263516888256299e-02 8.195635272276864669e-02 1.216960854391939684e-01 1.738730623401839037e-01 2.225435857958304731e-01
2.065142054246704162e-01 1.723131135250084434e-01 1.249646839355794681e-01 8.417162370409310423e-02 4.465798598608299030e-02 1.352486940168734931e-03 -4.375893222885693379e-02 -8.390856130266532986e-02 -1.262087555777241799e-01 -1.775747976110775284e-01
1.723131135250084434e-01 1.979016599785773378e-01 1.681324750333076934e-01 1.237241521917235298e-01 8.330678999217153158e-02 4.635380955710534379e-02 1.768042373588081095e-03 -4.402187482747307867e-02 -8.506305625352399147e-02 -1.275562270153829947e-01
1.249646839355794681e-01 1.681324750333076934e-01 1.948128977539335671e-01 1.685237324138459669e-01 1.235637799329046549e-01 8.613779075910189820e-02 4.745406230453708823e-02 1.966797168321590336e-03 -4.430082198429651646e-02 -8.571846359588074227e-02
8.417162370409310423e-02 1.237241521917235298e-01 1.685237324138459669e-01 1.975176638286048614e-01 1.686316026604415541e-01 1.269585178437146744e-01 8.737631785036982512e-02 4.739725993504478874e-02 1.736518586555084497e-03 -4.499863017598334375e-02
4.465798598608299030e-02 8.330678999217153158e-02 1.235637799329046549e-01 1.686316026604415541e-01 1.954371402580191153e-01 1.718017557717647359e-01 1.261585146569539351e-01 8.496399305288873660e-02 4.551441742943020813e-02 2.310728984737454893e-04
1.352486940168734931e-03 4.635380955710534379e-02 8.613779075910189820e-02 1.269585178437146744e-01 1.718017557717647359e-01 2.065387096519600008e-01 1.743193073753236400e-01 1.251300320933193266e-01 8.432940191347902681e-02 4.481006850196779523e-02
-4.375893222885693379e-02 1.768042373588081095e-03 4.745406230453708823e-02 8.737631785036982512e-02 1.261585146569539351e-01 1.743193073753236400e-01 2.010531700672663069e-01 1.678632199819953263e-01 1.234586545235030058e-01 8.426933033938582840e-02
-8.390856130266532986e-02 -4.402187482747307867e-02 1.966797168321590336e-03 4.739725993504478874e-02 8.496399305288873660e-02 1.251300320933193266e-01 1.678632199819953263e-01 1.908540576080274831e-01 1.659729529086759192e-01 1.248273113048015692e-01
-1.262087555777241799e-01 -8.506305625352399147e-02 -4.430082198429651646e-02 1.736518586555084497e-03 4.551441742943020813e-02 8.432940191347902681e-02 1.234586545235030058e-01 1.659729529086759192e-01 1.967339132882077735e-01 1.741579655809441518e-01
-1.775747976110775284e-01 -1.275562270153829947e-01 -8.571846359588074227e-02 -4.499863017598334375e-02 2.310728984737454893e-04 4.481006850196779523e-02 8.426933033938582840e-02 1.248273113048015692e-01 1.741579655809441518e-01 2.126365821407327217e-01
1.995049698794393311e-01 1.698626114548371369e-01 1.248827304629152313e-01 8.589242379213046785e-02 4.868330050091802808e-02 5.106603168947935860e-03 -4.181501611971678856e-02 -8.317270638500598445e-02 -1.272738372486887370e-01 -1.699238131329620372e-01
1.698626114548371369e-01 1.946834127721039365e-01 1.667094016835462544e-01 1.236947394367425568e-01 8.528346380199125498e-02 4.880544531355480997e-02 2.942025772243677881e-03 -4.375182829993300854e-02 -8.653810731787912880e-02 -1.249551518965948543e-01
1.248827304629152313e-01 1.667094016835462544e-01 1.932497940424810490e-01 1.667870491476566297e-01 1.240030020547683021e-01 8.727008110926487428e-02 4.713266923593513458e-02 5.930855382342728292e-04 -4.714043387686380621e-02 -8.548658520565650953e-02
8.589242379213046785e-02 1.236947394367425568e-01 1.667870491476566297e-01 1.917944685839232666e-01 1.655291371569214687e-01 1.262113753896930146e-01 8.518377931639672940e-02 4.405370594690052877e-02 -2.744846477653741651e-03 -4.789680845956930527e-02
4.868330050091802808e-02 8.528346380199125498e-02 1.240030020547683021e-01 1.655291371569214687e-01 1.930541974598473653e-01 1.730763086557393637e-01 1.251598031211860751e-01 8.257569241315834696e-02 4.226494145380729761e-02 -5.176629573042170439e-03
5.106603168947935860e-03 4.880544531355480997e-02 8.727008110926487428e-02 1.262113753896930146e-01 1.730763086557393637e-01 2.136567350724661307e-01 1.771413019598724603e-01 1.255184627924891272e-01 8.499221651065089200e-02 4.093112023235472019e-02
-4.181501611971678856e-02 2.942025772243677881e-03 4.713266923593513458e-02 8.518377931639672940e-02 1.251598031211860751e-01 1.771413019598724603e-01 2.023747238941911442e-01 1.686758446692482871e-01 1.260747945609127230e-01 8.187311309269053317e-02
-8.317270638500598445e-02 -4.375182829993300854e-02 5.930855382342728292e-04 4.405370594690052877e-02 8.257569241315834696e-02 1.255184627924891272e-01 1.686758446692482871e-01 1.965620989829115484e-01 1.752101429087885853e-01 1.238258549290869731e-01
-1.272738372486887370e-01 -8.653810731787912880e-02 -4.714043387686380621e-02 -2.744846477653741651e-03 4.226494145380729761e-02 8.499221651065089200e-02 1.260747945609127230e-01 1.752101429087885853e-01 2.162160185993778627e-01 1.757936983245215745e-01
-1.699238131329620372e-01 -1.249551518965948543e-01 -8.548658520565650953e-02 -4.789680845956930527e-02 -5.176629573042170439e-03 4.093112023235472019e-02 8.187311309269053317e-02 1.238258549290869731e-01 1.757936983245215745e-01 1.989035807132574496e-01
2.085242735848878426e-01 1.767087247005467432e-01 1.241556847286534038e-01 8.169476274359720180e-02 4.195048207132927309e-02 -2.337729287138544474e-03 -4.442400073248281567e-02 -8.608220849880451886e-02 -1.247176316296365189e-01 -1.780945316098039299e-01
1.767087247005467432e-01 2.112440234875510581e-01 1.723691980790999223e-01 1.241111638571555931e-01 8.443643701664731160e-02 4.519139693147528059e-02 6.130057668575395087e-04 -4.563779501473122502e-02 -8.488412412924703498e-02 -1.292976371365892052e-01
1.241556847286534038e-01 1.723691980790999223e-01 1.924433431445846665e-01 1.643386104726617392e-01 1.241058115815624335e-01 8.508965197263707037e-02 4.571848920578289177e-02 3.229842964919993863e-03 -4.212388341128991964e-02 -8.446450566686239392e-02
8.169476274359720180e-02 1.241111638571555931e-01 1.643386104726617392e-01 1.922845520712748169e-01 1.721714916230994152e-01 1.267913726908381777e-01 8.475866617109589773e-02 4.964262356202664428e-02 3.757884619164706883e-03 -4.245817315053969365e-02
4.195048207132927309e-02 8.443643701664731160e-02 1.241058115815624335e-01 1.721714916230994152e-01 2.118440370258102279e-01 1.779793820532609427e-01 1.249871700953422704e-01 8.936570017930300924e-02 4.788592831946254791e-02 3.715909474522246462e-03
-2.337729287138544474e-03 4.519139693147528059e-02 8.508965197263707037e-02 1.267913726908381777e-01 1.779793820532609427e-01 2.032095994637376224e-01 1.640020551578953989e-01 1.267119767455388013e-01 8.411907088479755878e-02 4.726447920494794563e-02
-4.442400073248281567e-02 6.130057668575395087e-04 4.571848920578289177e-02 8.475866617109589773e-02 1.249871700953422704e-01 1.640020551578953989e-01 1.804451409432324405e-01 1.656119698082852976e-01 1.194188266598895376e-01 8.288038375939273117e-02
-8.608220849880451886e-02 -4.563779501473122502e-02 3.229842964919993863e-03 4.964262356202664428e-02 8.936570017930300924e-02 1.267119767455388013e-01 1.656119698082852976e-01 2.023845091342784119e-01 1.674566350187377262e-01 1.265875694774083182e-01
-1.247176316296365189e-01 -8.488412412924703498e-02 -4.212388341128991964e-02 3.757884619164706883e-03 4.788592831946254791e-02 8.411907088479755878e-02 1.194188266598895376e-01 1.674566350187377262e-01 1.872777540528864637e-01 1.691138055293751608e-01
-1.780945316098039299e-01 -1.292976371365892052e-01 -8.446450566686239392e-02 -4.245817315053969365e-02 3.715909474522246462e-03 4.726447920494794563e-02 8.288038375939273117e-02 1.265875694774083182e-01 1.691138055293751608e-01 2.103427670917566716e-01
2.014140867322414818e-01 1.775018085943767532e-01 1.313281625328714397e-01 8.681441796396113797e-02 4.163046104838066808e-02 -4.557042989977539912e-03 -4.761623900235210927e-02 -8.273486613446059956e-02 -1.165911470558109869e-01 -1.673420814856737271e-01
1.775018085943767532e-01 2.217942602383262130e-01 1.882488103213888486e-01 1.301255455029050878e-01 8.362340994275156703e-02 4.150240525153121862e-02 -6.297346434594531042e-04 -4.207131568881777861e-02 -7.758688006186467701e-02 -1.245911236278797879e-01
1.313281625328714397e-01 1.882488103213888486e-01 2.298200739567295425e-01 1.795194787726092089e-01 1.232160121110252582e-01 7.974685592965072289e-02 4.440877374134135497e-02 2.806099520402951901e-03 -4.003646726731897171e-02 -8.561754725019470047e-02
8.681441796396113797e-02 1.301255455029050878e-01 1.795194787726092089e-01 1.977022675687497566e-01 1.608193075155320562e-01 1.173263538766889796e-01 8.435468802142898070e-02 4.953034768088131895e-02 6.466985751517221465e-03 -4.156716332673687092e-02
4.163046104838066808e-02 8.362340994275156703e-02 1.232160121110252582e-01 1.608193075155320562e-01 1.752816448598575882e-01 1.524659997517771592e-01 1.237632991071798971e-01 8.908474488964590599e-02 5.064973632314983404e-02 7.557467978610388909e-03
-4.557042989977539912e-03 4.150240525153121862e-02 7.974685592965072289e-02 1.173263538766889796e-01 1.524659997517771592e-01 1.754815750794188056e-01 1.694481999920421644e-01 1.285950472723425275e-01 8.657211613802488770e-02 5.116220811584407807e-02
-4.761623900235210927e-02 -6.297346434594531042e-04 4.440877374134135497e-02 8.435468802142898070e-02 1.237632991071798971e-01 1.694481999920421644e-01 2.221306803450488476e-01 1.873778483803431594e-01 1.275232273427461815e-01 8.979764030927178675e-02
-8.273486613446059956e-02 -4.207131568881777861e-02 2.806099520402951901e-03 4.953034768088131895e-02 8.908474488964590599e-02 1.285950472723425275e-01 1.873778483803431594e-01 2.177365010938087098e-01 1.656738005734137986e-01 1.245251803088385095e-01
-1.165911470558109869e-01 -7.758688006186467701e-02 -4.003646726731897171e-02 6.466985751517221465e-03 5.064973632314983404e-02 8.657211613802488770e-02 1.275232273427461815e-01 1.656738005734137986e-01 1.710271737170898365e-01 1.548816763546441155e-01
-1.673420814856737271e-01 -1.245911236278797879e-01 -8.561754725019470047e-02 -4.156716332673687092e-02 7.557467978610388909e-03 5.116220811584407807e-02 8.979764030927178675e-02 1.245251803088385095e-01 1.548816763546441155e-01 1.876117364087306616e-01
1.750198779415577666e-01 1.585965030829061817e-01 1.241903001785881755e-01 8.653228127870604691e-02 4.966078891396005085e-02 2.342784019911737289e-03 -4.481807406636582891e-02 -8.647524314135872359e-02 -1.228295802060466319e-01 -1.544016062146030266e-01
1.585965030829061817e-01 1.906548341502522226e-01 1.744779488088490371e-01 1.276251017781627195e-01 8.877502977042811549e-02 4.755720926001738569e-02 -1.429117858631767830e-03 -4.755142632689261101e-02 -8.437232160329168063e-02 -1.186163107275445272e-01
1.241903001785881755e-01 1.744779488088490371e-01 2.169354331437897410e-01 1.780866454253425823e-01 1.292222249695449687e-01 8.721351626171505722e-02 4.179693526277178384e-02 -4.216362484226784946e-03 -4.850963338628596494e-02 -8.427237001494437829e-02
8.653228127870604691e-02 1.276251017781627195e-01 1.780866454253425823e-01 2.006352845010391239e-01 1.693807819303282391e-01 1.239430382579639334e-01 7.768866790957393298e-02 3.902911901822399970e-02 -6.627839628398763533e-03 -4.871294734197414988e-02
4.966078891396005085e-02 8.877502977042811549e-02 1.292222249695449687e-01 1.693807819303282391e-01 1.983944121471249433e-01 1.714043194391606517e-01 1.192445169377276126e-01 8.131863417774272407e-02 4.016350517643890033e-02 -5.894609912849634731e-03
2.342784019911737289e-03 4.755720926001738569e-02 8.721351626171505722e-02 1.239430382579639334e-01 1.714043194391606517e-01 2.014097517900621526e-01 1.654649165432016955e-01 1.272861868028963284e-01 8.619492600136394178e-02 4.319762753288385049e-02
-4.481807406636582891e-02 -1.429117858631767830e-03 4.179693526277178384e-02 7.768866790957393298e-02 1.192445169377276126e-01 1.654649165432016955e-01 1.885203666526617805e-01 1.760993067872992368e-01 1.280168577061627511e-01 8.383134009166942624e-02
-8.647524314135872359e-02 -4.755142632689261101e-02 -4.216362484226784946e-03 3.902911901822399970e-02 8.131863417774272407e-02 1.272861868028963284e-01 1.760993067872992368e-01 2.319195416807784127e-01 1.887450154038032291e-01 1.279654635841220023e-01
-1.228295802060466319e-01 -8.437232160329168063e-02 -4.850963338628596494e-02 -6.627839628398763533e-03 4.016350517643890033e-02 8.619492600136394178e-02 1.280168577061627511e-01 1.887450154038032291e-01 2.177720739451771970e-01 1.686579212471494005e-01
-1.544016062146030266e-01 -1.186163107275445272e-01 -8.427237001494437829e-02 -4.871294734197414988e-02 -5.894609912849634731e-03 4.319762753288385049e-02 8.383134009166942624e-02 1.279654635841220023e-01 1.686579212471494005e-01 1.787384240475561048e-01
2.005809831672043242e-01 1.725102556599075465e-01 1.259418948741757860e-01 8.490190959221086131e-02 4.593776031233319512e-02 -1.088564507820214463e-03 -4.672506023741433701e-02 -8.560491726025099002e-02 -1.257311819347755599e-01 -1.680084082826065750e-01
1.725102556599075465e-01 2.027728566242415487e-01 1.717054217552092532e-01 1.247332603890999730e-01 8.595030266306456779e-02 4.379371365154165197e-02 -1.424906205466609527e-03 -4.651121527699859232e-02 -8.599688144277346791e-02 -1.244057249299115459e-01
1.259418948741757860e-01 1.717054217552092532e-01 1.982394258747077198e-01 1.682739581449949062e-01 1.263794232417621288e-01 8.312060827681674868e-02 4.411081451949819959e-02 -1.711480271924090699e-03 -4.695588658761783857e-02 -8.467252187061841129e-02
8.490190959221086131e-02 1.247332603890999730e-01 1.682739581449949062e-01 1.963714132427765713e-01 1.739503602198982923e-01 1.234772546179482566e-01 8.396823815920120837e-02 4.367619774822371903e-02 -1.639809389552955967e-03 -4.533473342962372060e-02
4.593776031233319512e-02 8.595030266306456779e-02 1.263794232417621288e-01 1.739503602198982923e-01 2.115751870197455364e-01 1.728611697961302263e-01 1.271323301405623551e-01 8.577470066853774833e-02 4.550512270389373698e-02 -2.528605831282457108e-04
-1.088564507820214463e-03 4.379371365154165197e-02 8.312060827681674868e-02 1.234772546179482566e-01 1.728611697961302263e-01 1.947970818697187800e-01 1.697138463036831080e-01 1.244554805390208213e-01 8.434737734316503921e-02 4.472878683827201385e-02
-4.672506023741433701e-02 -1.424906205466609527e-03 4.411081451949819959e-02 8.396823815920120837e-02 1.271323301405623551e-01 1.697138463036831080e-01 2.034387014273713046e-01 1.730541015901250479e-01 1.262346743091116719e-01 8.475274537680363429e-02
-8.560491726025099002e-02 -4.651121527699859232e-02 -1.711480271924090699e-03 4.367619774822371903e-02 8.577470066853774833e-02 1.244554805390208213e-01 1.730541015901250479e-01 2.013192022337013942e-01 1.713087635161624211e-01 1.239633815691936619e-01
-1.257311819347755599e-01 -8.599688144277346791e-02 -4.695588658761783857e-02 -1.639809389552955967e-03 4.550512270389373698e-02 8.434737734316503921e-02 1.262346743091116719e-01 1.713087635161624211e-01 1.996922903097790025e-01 1.679658563056549703e-01
-1.680084082826065750e-01 -1.244057249299115459e-01 -8.467252187061841129e-02 -4.533473342962372060e-02 -2.528605831282457108e-04 4.472878683827201385e-02 8.475274537680363429e-02 1.239633815691936619e-01 1.679658563056549703e-01 1.912128582307534574e-01
1.951115312832625293e-01 1.673308463688304992e-01 1.234046735997961497e-01 8.340791851854460759e-02 4.386164085717937644e-02 6.508492670199700477e-04 -4.500294919037685359e-02 -8.306168929501409059e-02 -1.257759625596043818e-01 -1.750639389398250534e-01
1.673308463688304992e-01 1.950409136431228985e-01 1.681091295247687245e-01 1.241804233178039063e-01 8.281989514312931844e-02 4.550236029115679176e-02 -5.752989020619846995e-04 -4.551852616682347530e-02 -8.623199963725459993e-02 -1.276455511372884544e-01
1.234046735997961497e-01 1.681091295247687245e-01 1.970092702902229154e-01 1.713439159591688687e-01 1.238480693001471622e-01 8.616079191807193838e-02 4.606138315765866131e-02 -4.037800906074748785e-04 -4.593738064987031022e-02 -8.649661429280564029e-02
8.340791851854460759e-02 1.241804233178039063e-01 1.713439159591688687e-01 2.039277079676913851e-01 1.706289620339686564e-01 1.281051395154478856e-01 8.759580718728932069e-02 4.543090494730837869e-02 4.410941887095097178e-04 -4.587687583592212764e-02
4.386164085717937644e-02 8.281989514312931844e-02 1.238480693001471622e-01 1.706289620339686564e-01 1.945919065624356903e-01 1.717370831607603066e-01 1.260023190703892237e-01 8.236986812160349003e-02 4.422756619019622970e-02 -3.434942131123847964e-04
6.508492670199700477e-04 4.550236029115679176e-02 8.616079191807193838e-02 1.281051395154478856e-01 1.717370831607603066e-01 2.098319135271157765e-01 1.773966025999816343e-01 1.236024093494088871e-01 8.418104100383375088e-02 4.528886349453097038e-02
-4.500294919037685359e-02 -5.752989020619846995e-04 4.606138315765866131e-02 8.759580718728932069e-02 1.260023190703892237e-01 1.773966025999816343e-01 2.054981719076764413e-01 1.657438667379935171e-01 1.239963247292093368e-01 8.596343608262575764e-02
-8.306168929501409059e-02 -4.551852616682347530e-02 -4.037800906074748785e-04 4.543090494730837869e-02 8.236986812160349003e-02 1.236024093494088871e-01 1.657438667379935171e-01 1.818346858690385592e-01 1.629734841697924874e-01 1.247376824869062678e-01
-1.257759625596043818e-01 -8.623199963725459993e-02 -4.593738064987031022e-02 4.410941887095097178e-04 4.422756619019622970e-02 8.418104100383375088e-02 1.239963247292093368e-01 1.629734841697924874e-01 1.992548452944167547e-01 1.780021454840146344e-01
-1.750639389398250534e-01 -1.276455511372884544e-01 -8.649661429280564029e-02 -4.587687583592212764e-02 -3.434942131123847964e-04 4.528886349453097038e-02 8.596343608262575764e-02 1.247376824869062678e-01 1.780021454840146344e-01 2.178990536550172719e-01
1.991843075806042362e-01 1.668494032773764346e-01 1.283415131364400441e-01 8.631081781033746181e-02 4.538280928316694440e-02 -1.762248576285571243e-03 -4.681030047651661002e-02 -8.663984400927633722e-02 -1.225755122066442826e-01 -1.687590728559658360e-01
1.668494032773764346e-01 1.902794339951537905e-01 1.733036675239305047e-01 1.239451285090737015e-01 8.208447327384217618e-02 4.229769511930810133e-02 -4.314786777282891839e-03 -4.828717168234713392e-02 -8.355583734407309726e-02 -1.235193919498746989e-01
1.283415131364400441e-01 1.733036675239305047e-01 2.171996289946808711e-01 1.757548713771465154e-01 1.250399047361598626e-01 8.476382627714114382e-02 4.057674068803051454e-02 -5.448208022866775704e-03 -4.914247784729230267e-02 -8.846613266411326726e-02
8.631081781033746181e-02 1.239451285090737015e-01 1.757548713771465154e-01 1.935466067054432415e-01 1.643202198879595288e-01 1.244877462113061217e-01 8.016234397512669863e-02 4.161363607339690213e-02 -3.984400460926546851e-03 -4.814971714059670949e-02
4.538280928316694440e-02 8.208447327384217618e-02 1.250399047361598626e-01 1.643202198879595288e-01 1.959586439428627203e-01 1.772012215494539467e-01 1.238602249812794515e-01 8.506910758191710276e-02 4.306968702693095286e-02 -1.832140842340896367e-03
-1.762248576285571243e-03 4.229769511930810133e-02 8.476382627714114382e-02 1.244877462113061217e-01 1.772012215494539467e-01 2.196452403022650102e-01 1.754548022747093872e-01 1.297638216546473378e-01 8.587577987154221271e-02 4.595086604985761797e-02
-4.681030047651661002e-02 -4.314786777282891839e-03 4.057674068803051454e-02 8.016234397512669863e-02 1.238602249812794515e-01 1.754548022747093872e-01 1.977122652840405392e-01 1.743441637165706881e-01 1.236131615329576772e-01 8.351359058104507183e-02
-8.663984400927633722e-02 -4.828717168234713392e-02 -5.448208022866775704e-03 4.161363607339690213e-02 8.506910758191710276e-02 1.297638216546473378e-01 1.743441637165706881e-01 2.128961708139271714e-01 1.714014354812676277e-01 1.244430037424943958e-01
-1.225755122066442826e-01 -8.355583734407309726e-02 -4.914247784729230267e-02 -3.984400460926546851e-03 4.306968702693095286e-02 8.587577987154221271e-02 1.236131615329576772e-01 1.714014354812676277e-01 1.854558747949267283e-01 1.599392571559029863e-01
-1.687590728559658360e-01 -1.235193919498746989e-01 -8.846613266411326726e-02 -4.814971714059670949e-02 -1.832140842340896367e-03 4.595086604985761797e-02 8.351359058104507183e-02 1.244430037424943958e-01 1.599392571559029863e-01 1.881218275860960243e-01
2.007643009999154349e-01 1.672858338459635164e-01 1.271284076926267881e-01 8.504682017260478677e-02 4.507346585682241169e-02 3.282346440456772839e-03 -4.220859901370459244e-02 -8.178940120327650443e-02 -1.236493680755126751e-01 -1.771729342119324480e-01
1.672858338459635164e-01 1.935175232973016524e-01 1.750742670048361371e-01 1.253146212910078994e-01 8.280405873662238792e-02 4.819912620902935124e-02 4.873222107598697284e-03 -3.957304392827208639e-02 -7.987813946697511214e-02 -1.248228261817982132e-01
1.271284076926267881e-01 1.750742670048361371e-01 2.197079105929153342e-01 1.781241205146285589e-01 1.240219606918011030e-01 8.828586426224596662e-02 5.048248572473777729e-02 5.939157325728202687e-03 -4.041059964724568604e-02 -8.574368698935647126e-02
8.504682017260478677e-02 1.253146212910078994e-01 1.781241205146285589e-01 1.967470644689381654e-01 1.589665243951629559e-01 1.238071933215820764e-01 8.681924129831833370e-02 4.903605144604872290e-02 5.648127719439563661e-03 -4.343371340157563265e-02
4.507346585682241169e-02 8.280405873662238792e-02 1.240219606918011030e-01 1.589665243951629559e-01 1.723497644275466256e-01 1.594558107333259311e-01 1.221475138969859014e-01 8.344749104545784446e-02 4.677707361771359790e-02 1.478700651749257754e-03
3.282346440456772839e-03 4.819912620902935124e-02 8.828586426224596662e-02 1.238071933215820764e-01 1.594558107333259311e-01 1.954081913062626352e-01 1.727233893517670094e-01 1.255739503893142373e-01 8.619469583194014350e-02 4.617535719710878089e-02
-4.220859901370459244e-02 4.873222107598697284e-03 5.048248572473777729e-02 8.681924129831833370e-02 1.221475138969859014e-01 1.727233893517670094e-01 2.057751249958069684e-01 1.723143657152312880e-01 1.265324301410509777e-01 8.675861201599789629e-02
-8.178940120327650443e-02 -3.957304392827208639e-02 5.939157325728202687e-03 4.903605144604872290e-02 8.344749104545784446e-02 1.255739503893142373e-01 1.723143657152312880e-01 1.978368568408434003e-01 1.696866958603594766e-01 1.266191017853300627e-01
-1.236493680755126751e-01 -7.987813946697511214e-02 -4.041059964724568604e-02 5.648127719439563661e-03 4.677707361771359790e-02 8.619469583194014350e-02 1.265324301410509777e-01 1.696866958603594766e-01 2.001273113350469091e-01 1.762559218070989808e-01
-1.771729342119324480e-01 -1.248228261817982132e-01 -8.574368698935647126e-02 -4.343371340157563265e-02 1.478700651749257754e-03 4.617535719710878089e-02 8.675861201599789629e-02 1.266191017853300627e-01 1.762559218070989808e-01 2.177659517354230134e-01
2.282488844359826796e-01 1.732305302641580225e-01 1.287759851962411162e-01 8.530603702479884476e-02 4.479269166993427032e-02 -9.024021764180793206e-04 -4.658816148335985508e-02 -8.764881435470447957e-02 -1.261503787314202374e-01 -1.828310263352209419e-01
1.732305302641580225e-01 1.837306949629805564e-01 1.648435934968694172e-01 1.202332432831106912e-01 8.140119602905655782e-02 4.246517084305970191e-02 -1.689632701176500915e-04 -4.497744386713217052e-02 -8.190716758960990551e-02 -1.242191341333945404e-01
1.287759851962411162e-01 1.648435934968694172e-01 2.011068444500478114e-01 1.697666495944342158e-01 1.258681680541208769e-01 8.423363158352366320e-02 4.594354050291579034e-02 -8.226050066256494807e-04 -4.591692945522305586e-02 -8.666360356763266881e-02
8.530603702479884476e-02 1.202332432831106912e-01 1.697666495944342158e-01 1.942731237688153922e-01 1.715200925874295346e-01 1.242163407404005548e-01 8.576633971652239397e-02 4.592298613179651712e-02 1.669075442286965252e-04 -4.444104062277440259e-02
4.479269166993427032e-02 8.140119602905655782e-02 1.258681680541208769e-01 1.715200925874295346e-01 2.104151910689939231e-01 1.748862953786022856e-01 1.288402200618822269e-01 8.818546899471051137e-02 4.610260348493653432e-02 1.807512406570427549e-03
-9.024021764180793206e-04 4.246517084305970191e-02 8.423363158352366320e-02 1.242163407404005548e-01 1.748862953786022856e-01 1.977032109070276378e-01 1.701494066199925603e-01 1.252804243277704788e-01 8.184060591727257417e-02 4.453794784583442468e-02
-4.658816148335985508e-02 -1.689632701176500915e-04 4.594354050291579034e-02 8.576633971652239397e-02 1.288402200618822269e-01 1.701494066199925603e-01 2.032226309779860962e-01 1.741781315272953046e-01 1.221542413167958224e-01 8.365749765801473725e-02
-8.764881435470447957e-02 -4.497744386713217052e-02 -8.226050066256494807e-04 4.592298613179651712e-02 8.818546899471051137e-02 1.252804243277704788e-01 1.741781315272953046e-01 2.024513961311004695e-01 1.639534969157200872e-01 1.235569078165586615e-01
