1.714665311445238427e-01 1.508567553049137144e-01 6.886933790462700100e-02 8.214568314422547590e-02 3.247074779139937084e-02 -4.984085325329543764e-03 -4.032823815930236533e-02 -8.671908495120711491e-02 -2.094257152377533293e-01 -2.215856944534951023e-01
1.508567553049137144e-01 1.514840607082854340e-01 8.908454274027978459e-02 1.493210215786507922e-01 8.776418409117590913e-02 5.463457251315431001e-02 1.353241732908903525e-04 -5.444996310166991954e-02 -1.571951339065879305e-01 -1.777120802431900182e-01
6.886933790462700100e-02 8.908454274027978459e-02 7.424795501214354054e-02 1.615015617756396238e-01 1.100371630479421298e-01 9.342948003455971151e-02 4.129595808146111630e-02 1.834211004203812570e-04 -4.164620957296505388e-02 -6.282599792654355864e-02
8.214568314422547590e-02 1.493210215786507922e-01 1.615015617756396238e-01 3.981516995652432112e-01 2.825109142578323684e-01 2.577743633398164036e-01 1.374076851278144273e-01 5.402167241114422258e-02 1.546863358759273388e-02 -3.534705711834094238e-02
3.247074779139937084e-02 8.776418409117590913e-02 1.100371630479421298e-01 2.825109142578323684e-01 2.133874442971208651e-01 2.053426195333847848e-01 1.163267202744427686e-01 5.872517872548552176e-02 5.097631724313111262e-02 1.319319320251184126e-02
-4.984085325329543764e-03 5.463457251315431001e-02 9.342948003455971151e-02 2.577743633398164036e-01 2.053426195333847848e-01 2.112887301673884166e-01 1.279104739612959563e-01 7.901799212286511609e-02 9.809707140596818364e-02 6.212774299840732872e-02
-4.032823815930236533e-02 1.353241732908903525e-04 4.129595808146111630e-02 1.374076851278144273e-01 1.163267202744427686e-01 1.279104739612959563e-01 8.617992230161111711e-02 6.717966149918225272e-02 1.063544922136706872e-01 8.633476927329146455e-02
-8.671908495120711491e-02 -5.444996310166991954e-02 1.834211004203812570e-04 5.402167241114422258e-02 5.872517872548552176e-02 7.901799212286511609e-02 6.717966149918225272e-02 7.368895355832463800e-02 1.447158499145652366e-01 1.345904484517095323e-01
-2.094257152377533293e-01 -1.571951339065879305e-01 -4.164620957296505388e-02 1.546863358759273388e-02 5.097631724313111262e-02 9.809707140596818364e-02 1.063544922136706872e-01 1.447158499145652366e-01 3.122598333708078711e-01 3.020440655775760708e-01
-2.215856944534951023e-01 -1.777120802431900182e-01 -6.282599792654355864e-02 -3.534705711834094238e-02 1.319319320251184126e-02 6.212774299840732872e-02 8.633476927329146455e-02 1.345904484517095323e-01 3.020440655775760708e-01 3.078448698745512302e-01
1.478495425358336730e-02 2.505485353182353159e-02 5.879300939012767346e-02 1.422015327334748280e-02 -1.285222175991119695e-02 -3.649708134762889855e-02 -7.548071126962552224e-02 -2.624558663394213273e-02 -2.134509396085675428e-02 -3.132478377626639332e-02
2.505485353182353159e-02 7.461825470054431197e-02 2.209978133426035440e-01 1.086553266404724355e-01 1.595279782270938446e-02 -2.410835153083398449e-02 -6.308817942037153736e-02 -2.268275411921891194e-02 -2.000213354335930727e-02 -3.293389182915829050e-02
5.879300939012767346e-02 2.209978133426035440e-01 6.958713202375303997e-01 3.747907597966422255e-01 9.102891033452256697e-02 -2.646965359232728889e-03 -5.507247585848694393e-02 -2.205754726743364147e-02 -2.391758232027340822e-02 -4.866434387506950177e-02
1.422015327334748280e-02 1.086553266404724355e-01 3.747907597966422255e-01 2.397329882594429473e-01 8.845356711210497491e-02 6.626013548242247475e-02 1.026756039594389491e-01 3.328776563692605744e-02 2.240359912245752302e-02 2.302064722838806712e-02
-1.285222175991119695e-02 1.595279782270938446e-02 9.102891033452256697e-02 8.845356711210497491e-02 5.687798189852164704e-02 7.919152587306493851e-02 1.498426648711344289e-01 5.036270447022626884e-02 3.807031706221598172e-02 5.092512078139863757e-02
-3.649708134762889855e-02 -2.410835153083398449e-02 -2.646965359232728889e-03 6.626013548242247475e-02 7.919152587306493851e-02 1.433384950298168259e-01 2.866905629074015804e-01 9.611770961195753582e-02 7.315977223291821041e-02 1.010173516523709958e-01
-7.548071126962552224e-02 -6.308817942037153736e-02 -5.507247585848694393e-02 1.026756039594389491e-01 1.498426648711344289e-01 2.866905629074015804e-01 5.910719600632996507e-01 1.951259612944872268e-01 1.459128867182860056e-01 2.006783289178553920e-01
-2.624558663394213273e-02 -2.268275411921891194e-02 -2.205754726743364147e-02 3.328776563692605744e-02 5.036270447022626884e-02 9.611770961195753582e-02 1.951259612944872268e-01 6.543669431415781446e-02 4.989749301638968931e-02 6.929993036624297609e-02
-2.134509396085675428e-02 -2.000213354335930727e-02 -2.391758232027340822e-02 2.240359912245752302e-02 3.807031706221598172e-02 7.315977223291821041e-02 1.459128867182860056e-01 4.989749301638968931e-02 3.923968667118579723e-02 5.538038447769493000e-02
-3.132478377626639332e-02 -3.293389182915829050e-02 -4.866434387506950177e-02 2.302064722838806712e-02 5.092512078139863757e-02 1.010173516523709958e-01 2.006783289178553920e-01 6.929993036624297609e-02 5.538038447769493000e-02 7.902766457191691407e-02
1.397356635260059710e-01 1.497791837366241885e-01 1.609890009113161824e-01 2.072395961052926616e-02 -5.194113097790312161e-02 -1.238240322946168037e-01 -9.417169989138760022e-02 -9.617747318459467232e-02 -9.936306925282306635e-02 -1.286046300898132377e-01
1.497791837366241885e-01 2.479094813965793120e-01 3.686255995157938781e-01 9.047568992383195341e-02 1.351055986394395642e-02 -2.937600598945789426e-02 -3.115503289594660080e-02 -3.987572098621627870e-02 -5.308482478555465178e-02 -9.303835247553811361e-02
1.609890009113161824e-01 3.686255995157938781e-01 6.445462025244366178e-01 1.813532175850149364e-01 9.936052057797410686e-02 9.620327963975011665e-02 5.199284238274073933e-02 3.344161372124196396e-02 6.583812972109211355e-03 -4.720401001290629867e-02
2.072395961052926616e-02 9.047568992383195341e-02 1.813532175850149364e-01 5.877319690103489924e-02 5.178482177582435092e-02 7.346865705470784214e-02 4.650185941414380214e-02 3.843951447104494712e-02 2.844786441742978497e-02 1.638651340193506695e-02
-5.194113097790312161e-02 1.351055986394395642e-02 9.936052057797410686e-02 5.178482177582435092e-02 9.084017342896857916e-02 1.631042145498987628e-01 1.087547579467455505e-01 9.560214785774992508e-02 8.311824463110199790e-02 8.419647976625080354e-02
-1.238240322946168037e-01 -2.937600598945789426e-02 9.620327963975011665e-02 7.346865705470784214e-02 1.631042145498987628e-01 3.081692709787174911e-01 2.055270635829900550e-01 1.805788734227277148e-01 1.591433934278121964e-01 1.685960802275279502e-01
-9.417169989138760022e-02 -3.115503289594660080e-02 5.199284238274073933e-02 4.650185941414380214e-02 1.087547579467455505e-01 2.055270635829900550e-01 1.412471349266195830e-01 1.276252001716388085e-01 1.147642873272591707e-01 1.238227036785179702e-01
-9.617747318459467232e-02 -3.987572098621627870e-02 3.344161372124196396e-02 3.843951447104494712e-02 9.560214785774992508e-02 1.805788734227277148e-01 1.276252001716388085e-01 1.201801582110029187e-01 1.110708623481981711e-01 1.224259770776865153e-01
-9.936306925282306635e-02 -5.308482478555465178e-02 6.583812972109211355e-03 2.844786441742978497e-02 8.311824463110199790e-02 1.591433934278121964e-01 1.147642873272591707e-01 1.110708623481981711e-01 1.059722453720253754e-01 1.202426665062690525e-01
-1.286046300898132377e-01 -9.303835247553811361e-02 -4.720401001290629867e-02 1.638651340193506695e-02 8.419647976625080354e-02 1.685960802275279502e-01 1.238227036785179702e-01 1.224259770776865153e-01 1.202426665062690525e-01 1.426264727346089056e-01
4.380454999478091693e-01 2.890743394787811393e-01 1.714627359176826848e-01 5.316187828525316406e-02 7.103639360784174371e-03 -2.143685891476772992e-02 -4.993818407524981684e-02 -1.046057857913655631e-01 -1.184915683605170661e-01 -3.094972813352428465e-01
2.890743394787811393e-01 2.092778575265731300e-01 1.445518098495907622e-01 7.175478932536298593e-02 8.259469228268592755e-02 3.424926306391062880e-02 9.245315514586939509e-04 -3.543286840442338992e-02 -6.512808180669484026e-02 -1.955382946369312591e-01
1.714627359176826848e-01 1.445518098495907622e-01 1.274586993457254014e-01 9.448921762077355790e-02 1.617610217928840688e-01 9.023318229754020980e-02 4.972151423887998661e-02 2.836340888518887327e-02 -1.875567716818914502e-02 -1.015856968382051057e-01
5.316187828525316406e-02 7.175478932536298593e-02 9.448921762077355790e-02 1.003747978707368038e-01 2.075953538435733603e-01 1.238904091837708388e-01 8.192692180913804800e-02 7.521327458327556337e-02 2.116793906087257801e-02 -1.136943730986984639e-02
7.103639360784174371e-03 8.259469228268592755e-02 1.617610217928840688e-01 2.075953538435733603e-01 4.639043496028225078e-01 2.787592305639395307e-01 1.909840271519295252e-01 1.889099409661173512e-01 7.553995753961022241e-02 5.288526627477438402e-02
-2.143685891476772992e-02 3.424926306391062880e-02 9.023318229754020980e-02 1.238904091837708388e-01 2.787592305639395307e-01 1.741424354285344700e-01 1.233041584096737225e-01 1.262422539457244697e-01 5.502615019179061401e-02 5.198076792520559680e-02
-4.993818407524981684e-02 9.245315514586939509e-04 4.972151423887998661e-02 8.192692180913804800e-02 1.909840271519295252e-01 1.233041584096737225e-01 9.202195590143892601e-02 9.957245578577728073e-02 4.919098957525673554e-02 6.214093063027269909e-02
-1.046057857913655631e-01 -3.543286840442338992e-02 2.836340888518887327e-02 7.521327458327556337e-02 1.889099409661173512e-01 1.262422539457244697e-01 9.957245578577728073e-02 1.151839802376095900e-01 6.518274082874522812e-02 1.020823299263669687e-01
-1.184915683605170661e-01 -6.512808180669484026e-02 -1.875567716818914502e-02 2.116793906087257801e-02 7.553995753961022241e-02 5.502615019179061401e-02 4.919098957525673554e-02 6.518274082874522812e-02 4.750390388822485488e-02 9.644311158980661824e-02
-3.094972813352428465e-01 -1.955382946369312591e-01 -1.015856968382051057e-01 -1.136943730986984639e-02 5.288526627477438402e-02 5.198076792520559680e-02 6.214093063027269909e-02 1.020823299263669687e-01 9.644311158980661824e-02 2.320865202505263680e-01
1.530842802770569222e-01 2.279818555132199220e-01 1.360465803738209467e-01 5.913142844902295747e-02 -4.846445277676491616e-03 -4.541822681486699931e-02 -4.529711239801338662e-02 -6.644767755610953008e-02 -8.917201064575927538e-02 -1.865562764502638471e-01
2.279818555132199220e-01 3.608809040804787927e-01 2.241072138794348301e-01 1.206245028359033133e-01 4.911990981035592452e-02 -2.145929264810981021e-02 -4.662511165387235590e-02 -8.578275030997976891e-02 -1.236952815897050112e-01 -2.642463868144530603e-01
1.360465803738209467e-01 2.241072138794348301e-01 1.573248481053392267e-01 1.186419495745870689e-01 1.140209730326873783e-01 5.690207323792705052e-02 2.777411022509188119e-03 -3.415657540510853157e-02 -6.586282554135682032e-02 -1.514750847516991572e-01
5.913142844902295747e-02 1.206245028359033133e-01 1.186419495745870689e-01 1.535616692757040547e-01 2.362438834752196293e-01 1.777036060267113970e-01 6.865892335581259831e-02 2.331714001162323024e-02 -9.969886820886293688e-03 -4.974611721407945497e-02
-4.846445277676491616e-03 4.911990981035592452e-02 1.140209730326873783e-01 2.362438834752196293e-01 4.415050451901718076e-01 3.603450458245288091e-01 1.594298171822763066e-01 9.165374342117282858e-02 4.704493805572213666e-02 4.493727753118955531e-02
-4.541822681486699931e-02 -2.145929264810981021e-02 5.690207323792705052e-02 1.777036060267113970e-01 3.603450458245288091e-01 3.161199671180299209e-01 1.462448069834351716e-01 9.467639747956102525e-02 6.329476281130766435e-02 8.756125670329824306e-02
-4.529711239801338662e-02 -4.662511165387235590e-02 2.777411022509188119e-03 6.865892335581259831e-02 1.594298171822763066e-01 1.462448069834351716e-01 7.211595284813591966e-02 5.302267348162341409e-02 4.295733553544746341e-02 6.995804751603755534e-02
-6.644767755610953008e-02 -8.578275030997976891e-02 -3.415657540510853157e-02 2.331714001162323024e-02 9.165374342117282858e-02 9.467639747956102525e-02 5.302267348162341409e-02 4.821532489981761316e-02 4.878561534588264637e-02 9.072657020373929571e-02
-8.917201064575927538e-02 -1.236952815897050112e-01 -6.586282554135682032e-02 -9.969886820886293688e-03 4.704493805572213666e-02 6.329476281130766435e-02 4.295733553544746341e-02 4.878561534588264637e-02 5.799809352620057673e-02 1.159930540645794234e-01
-1.865562764502638471e-01 -2.642463868144530603e-01 -1.514750847516991572e-01 -4.974611721407945497e-02 4.493727753118955531e-02 8.756125670329824306e-02 6.995804751603755534e-02 9.072657020373929571e-02 1.159930540645794234e-01 2.391939146790653670e-01
5.087118993563864017e-02 6.472814355762568361e-02 7.294551491741924076e-02 1.024445551656886777e-01 7.557073547691411930e-02 5.486813799266450353e-02 -2.160366156302255536e-02 -7.362390107379571114e-02 -9.941517901225775666e-02 -4.199348436782602417e-02
6.472814355762568361e-02 8.395402183941025331e-02 9.580467827399680170e-02 1.361081211799652357e-01 1.027649284905284566e-01 8.261594169606396865e-02 -8.827608825971245202e-03 -8.248873942175545537e-02 -1.187026845228561500e-01 -5.163894510629299384e-02
7.294551491741924076e-02 9.580467827399680170e-02 1.111831121366366193e-01 1.602169474029790097e-01 1.232042719165588884e-01 1.063061389359130221e-01 8.240505963343818310e-03 -8.298204057583589976e-02 -1.276548508022067596e-01 -5.683120015189135898e-02
1.024445551656886777e-01 1.361081211799652357e-01 1.602169474029790097e-01 2.361290789096492926e-01 1.869818249233901608e-01 1.760537782451282451e-01 4.804372985681064356e-02 -9.770536614687055921e-02 -1.694288729444414776e-01 -7.771533531495378178e-02
7.557073547691411930e-02 1.027649284905284566e-01 1.232042719165588884e-01 1.869818249233901608e-01 1.657157922046507692e-01 1.934193673657741142e-01 1.229655721783257938e-01 -2.787969159631507529e-02 -1.044520938937251314e-01 -5.312083267186501478e-02
5.486813799266450353e-02 8.261594169606396865e-02 1.063061389359130221e-01 1.760537782451282451e-01 1.934193673657741142e-01 3.092643777278379358e-01 3.242621478864149975e-01 1.015122245128668721e-01 -1.495874110049357289e-02 -2.572128377716927441e-02
-2.160366156302255536e-02 -8.827608825971245202e-03 8.240505963343818310e-03 4.804372985681064356e-02 1.229655721783257938e-01 3.242621478864149975e-01 5.109237804643338432e-01 2.916451770860242210e-01 1.764643505621257824e-01 4.653684340240358402e-02
-7.362390107379571114e-02 -8.248873942175545537e-02 -8.298204057583589976e-02 -9.770536614687055921e-02 -2.787969159631507529e-02 1.015122245128668721e-01 2.916451770860242210e-01 2.491226876640566523e-01 2.222549740338173319e-01 7.780557267972225410e-02
-9.941517901225775666e-02 -1.187026845228561500e-01 -1.276548508022067596e-01 -1.694288729444414776e-01 -1.044520938937251314e-01 -1.495874110049357289e-02 1.764643505621257824e-01 2.222549740338173319e-01 2.455758748486041865e-01 9.350999829806853902e-02
-4.199348436782602417e-02 -5.163894510629299384e-02 -5.683120015189135898e-02 -7.771533531495378178e-02 -5.312083267186501478e-02 -2.572128377716927441e-02 4.653684340240358402e-02 7.780557267972225410e-02 9.350999829806853902e-02 3.726008426918235583e-02
1.264428388024882999e-01 2.284841381254139603e-01 1.255817882330994562e-01 5.180258624830741399e-02 8.741128644931100630e-03 -1.772102801273636036e-02 -5.332894936774168482e-02 -5.894902172739707041e-02 -1.282066440123103557e-01 -1.153789470102581094e-01
2.284841381254139603e-01 4.619319947903291479e-01 2.786064399545084558e-01 1.623578316815422196e-01 1.238494783545427830e-01 2.741712988470053347e-02 -2.577433249748618121e-02 -6.005649170518587848e-02 -1.618422874003055123e-01 -1.722385672483697505e-01
1.255817882330994562e-01 2.786064399545084558e-01 1.922141584269173586e-01 1.438899163848271490e-01 1.540316069768544738e-01 6.091512813648752162e-02 3.794464254359657118e-02 -8.569672746453385181e-04 -4.435590778103250253e-02 -7.235424251184027766e-02
5.180258624830741399e-02 1.623578316815422196e-01 1.438899163848271490e-01 1.533740075118870116e-01 2.148256780888720130e-01 1.048541833692598624e-01 1.052471332579743846e-01 5.506131000306292017e-02 5.914733503253633701e-02 9.577096087132501087e-03
8.741128644931100630e-03 1.238494783545427830e-01 1.540316069768544738e-01 2.148256780888720130e-01 3.460947135487778548e-01 1.793866777471169738e-01 1.977471791680367741e-01 1.201555897840871634e-01 1.644751487392671352e-01 8.058402895575283997e-02
-1.772102801273636036e-02 2.741712988470053347e-02 6.091512813648752162e-02 1.048541833692598624e-01 1.793866777471169738e-01 9.936912351373078378e-02 1.182376561494633688e-01 7.694190336777811945e-02 1.141464356235196570e-01 6.515781962381793357e-02
-5.332894936774168482e-02 -2.577433249748618121e-02 3.794464254359657118e-02 1.052471332579743846e-01 1.977471791680367741e-01 1.182376561494633688e-01 1.534627863172134399e-01 1.068701279114602082e-01 1.699809187981690395e-01 1.074234639329137986e-01
-5.894902172739707041e-02 -6.005649170518587848e-02 -8.569672746453385181e-04 5.506131000306292017e-02 1.201555897840871634e-01 7.694190336777811945e-02 1.068701279114602082e-01 8.062386609560226458e-02 1.377432946914697587e-01 9.313171984768928158e-02
-1.282066440123103557e-01 -1.618422874003055123e-01 -4.435590778103250253e-02 5.914733503253633701e-02 1.644751487392671352e-01 1.141464356235196570e-01 1.699809187981690395e-01 1.377432946914697587e-01 2.502301429889964290e-01 1.772822398225513407e-01
-1.153789470102581094e-01 -1.722385672483697505e-01 -7.235424251184027766e-02 9.577096087132501087e-03 8.058402895575283997e-02 6.515781962381793357e-02 1.074234639329137986e-01 9.313171984768928158e-02 1.772822398225513407e-01 1.362563680040571878e-01
1.286919755437301305e-01 1.492946430069174713e-01 1.386201781687904089e-01 4.211964831516006730e-02 1.287771118765356979e-02 -8.664182459540377412e-03 -2.804539821983599579e-02 -6.535489053276508087e-02 -1.605480710182300985e-01 -1.886028789345202406e-01
1.492946430069174713e-01 3.123675277673036987e-01 3.757140556895190442e-01 1.429878634960694561e-01 1.040157504969084767e-01 5.756615647668843205e-02 2.467351083024735270e-02 1.921609374417833664e-03 -3.468857102370633688e-02 -9.283028134417266319e-02
1.386201781687904089e-01 3.757140556895190442e-01 4.998115461142011440e-01 1.957659530238844425e-01 1.539839315330653324e-01 9.651797210671024529e-02 5.917013888844484953e-02 5.095277688249985615e-02 6.351977086930854499e-02 -7.455660785410767044e-03
4.211964831516006730e-02 1.429878634960694561e-01 1.957659530238844425e-01 7.942265635043338490e-02 6.602507727857268027e-02 4.393374175988030289e-02 3.028291292532158535e-02 3.212118979948016401e-02 5.162247345768772311e-02 2.423655384594644580e-02
1.287771118765356979e-02 1.040157504969084767e-01 1.539839315330653324e-01 6.602507727857268027e-02 6.023533499174427153e-02 4.383859883943738711e-02 3.489482611085992225e-02 4.451145701385064712e-02 8.316317227258154809e-02 6.259579387087206570e-02
-8.664182459540377412e-03 5.756615647668843205e-02 9.651797210671024529e-02 4.393374175988030289e-02 4.383859883943738711e-02 3.459697743732254027e-02 3.063296387880895186e-02 4.337711293647033423e-02 8.656737865841167279e-02 7.449651871379518731e-02
-2.804539821983599579e-02 2.467351083024735270e-02 5.917013888844484953e-02 3.028291292532158535e-02 3.489482611085992225e-02 3.063296387880895186e-02 3.053697501677971743e-02 4.755025665186401324e-02 9.990393712937672976e-02 9.337088596812689878e-02
-6.535489053276508087e-02 1.921609374417833664e-03 5.095277688249985615e-02 3.212118979948016401e-02 4.451145701385064712e-02 4.337711293647033423e-02 4.755025665186401324e-02 7.910690531259359504e-02 1.716964431017669879e-01 1.669210984609406090e-01
-1.605480710182300985e-01 -3.468857102370633688e-02 6.351977086930854499e-02 5.162247345768772311e-02 8.316317227258154809e-02 8.656737865841167279e-02 9.990393712937672976e-02 1.716964431017669879e-01 3.803869754658515956e-01 3.746491584948438702e-01
-1.886028789345202406e-01 -9.283028134417266319e-02 -7.455660785410767044e-03 2.423655384594644580e-02 6.259579387087206570e-02 7.449651871379518731e-02 9.337088596812689878e-02 1.669210984609406090e-01 3.746491584948438702e-01 3.948431260000397347e-01
4.399004088938762713e-02 7.559817722608816459e-02 1.326752052297264783e-01 9.112154134087172008e-02 1.837420960393129285e-02 -6.679152705347259598e-03 -3.543806669375307306e-02 -7.420970113293670622e-02 -3.710203664627451103e-02 -3.372967401880468813e-02
7.559817722608816459e-02 1.508543949391539241e-01 2.774668634594336103e-01 1.951479853874563686e-01 4.569303510707539706e-02 1.296221046600193327e-02 -6.612246325119218449e-03 -2.759040391874759135e-02 -2.230170368626410021e-02 -3.948098770554540893e-02
1.326752052297264783e-01 2.774668634594336103e-01 5.245081610597305266e-01 3.679061081719586790e-01 8.908153418740100138e-02 3.749733604480087051e-02 2.091359723142347665e-02 1.132039621679420058e-02 -1.437285830765323499e-02 -5.826755724900058164e-02
9.112154134087172008e-02 1.951479853874563686e-01 3.679061081719586790e-01 2.670106863707869538e-01 6.577987573016506884e-02 3.264439411540513702e-02 2.926177556045609501e-02 3.503958592376879566e-02 1.386177026087791371e-03 -3.508558577943511614e-02
1.837420960393129285e-02 4.569303510707539706e-02 8.908153418740100138e-02 6.577987573016506884e-02 1.764985638441766286e-02 1.419314485803775672e-02 2.282488929637794053e-02 3.818047414059204392e-02 1.315964161360487841e-02 -1.345296043644973434e-03
-6.679152705347259598e-03 1.296221046600193327e-02 3.749733604480087051e-02 3.264439411540513702e-02 1.419314485803775672e-02 3.041337937354543497e-02 7.076726362799826142e-02 1.314606691323618459e-01 5.532547614769603439e-02 2.720903563503100642e-02
-3.543806669375307306e-02 -6.612246325119218449e-03 2.091359723142347665e-02 2.926177556045609501e-02 2.282488929637794053e-02 7.076726362799826142e-02 1.744806896458622192e-01 3.285577739922886931e-01 1.405698813417146364e-01 7.627554266226396762e-02
-7.420970113293670622e-02 -2.759040391874759135e-02 1.132039621679420058e-02 3.503958592376879566e-02 3.818047414059204392e-02 1.314606691323618459e-01 3.285577739922886931e-01 6.323069403812480171e-01 2.684776876363289544e-01 1.475798139127315334e-01
-3.710203664627451103e-02 -2.230170368626410021e-02 -1.437285830765323499e-02 1.386177026087791371e-03 1.315964161360487841e-02 5.532547614769603439e-02 1.405698813417146364e-01 2.684776876363289544e-01 1.161961305490647189e-01 6.602153999878156154e-02
-3.372967401880468813e-02 -3.948098770554540893e-02 -5.826755724900058164e-02 -3.508558577943511614e-02 -1.345296043644973434e-03 2.720903563503100642e-02 7.627554266226396762e-02 1.475798139127315334e-01 6.602153999878156154e-02 4.258972040680244348e-02
2.001935602277656323e-01 1.567597060354831706e-01 6.068358026564513175e-02 6.902912533701852094e-02 1.438981495971389801e-01 5.861233540836121442e-02 1.305585430626066135e-02 -6.596995936972586960e-02 -1.545133591178325938e-01 -2.462509175087588820e-01
1.567597060354831706e-01 1.314592642451972715e-01 5.433747402867949994e-02 6.919379038123102399e-02 1.516201199395223465e-01 6.969068711876170996e-02 4.270257519829592785e-02 -4.404839639614301430e-03 -8.956808592193687968e-02 -1.761094586987360933e-01
6.068358026564513175e-02 5.433747402867949994e-02 2.460852010275730098e-02 3.611146192048750314e-02 8.400748226199240831e-02 4.035599434929815210e-02 3.198516366436499059e-02 1.946397573280133492e-02 -2.093085658702506166e-02 -6.145122464679119573e-02
6.902912533701852094e-02 6.919379038123102399e-02 3.611146192048750314e-02 6.321411810108697182e-02 1.566342905629575510e-01 7.666754350726051603e-02 6.965510815806938427e-02 6.652952874293124874e-02 4.979988834796326980e-03 -5.587341032040334804e-02
1.438981495971389801e-01 1.516201199395223465e-01 8.400748226199240831e-02 1.566342905629575510e-01 3.974207438059493280e-01 1.934598959450877786e-01 1.787090193275395200e-01 1.818230821349412496e-01 3.830431109208139867e-02 -1.029056321605894136e-01
5.861233540836121442e-02 6.969068711876170996e-02 4.035599434929815210e-02 7.666754350726051603e-02 1.934598959450877786e-01 1.013973828573079827e-01 1.074448686340759851e-01 1.263034108719889304e-01 5.032086220267195653e-02 -2.441200786307886478e-02
1.305585430626066135e-02 4.270257519829592785e-02 3.198516366436499059e-02 6.965510815806938427e-02 1.787090193275395200e-01 1.074448686340759851e-01 1.432881481507711774e-01 2.040926754092053930e-01 1.271534076078749964e-01 5.264701103843632407e-02
-6.596995936972586960e-02 -4.404839639614301430e-03 1.946397573280133492e-02 6.652952874293124874e-02 1.818230821349412496e-01 1.263034108719889304e-01 2.040926754092053930e-01 3.350678649888160221e-01 2.564590458272191231e-01 1.836451129575087660e-01
-1.545133591178325938e-01 -8.956808592193687968e-02 -2.093085658702506166e-02 4.979988834796326980e-03 3.830431109208139867e-02 5.032086220267195653e-02 1.271534076078749964e-01 2.564590458272191231e-01 2.591209273953600234e-01 2.609814017544476172e-01
-2.462509175087588820e-01 -1.761094586987360933e-01 -6.145122464679119573e-02 -5.587341032040334804e-02 -1.029056321605894136e-01 -2.441200786307886478e-02 5.264701103843632407e-02 1.836451129575087660e-01 2.609814017544476172e-01 3.442294701249881128e-01
1.437388375976349220e-01 1.491547241296337645e-01 1.206937827765689614e-01 1.982107648557999147e-01 5.422303118540400257e-02 -1.058558085270908111e-02 -8.175126485681849520e-02 -9.126284833378679739e-02 -9.181280314160311651e-02 -8.713951701555572305e-02
1.491547241296337645e-01 1.645739249370060386e-01 1.421138486310191684e-01 2.456800756344196257e-01 7.551944840402553816e-02 1.751378814662057568e-02 -3.103513821708598491e-02 -5.360941050515063283e-02 -6.962663977243410685e-02 -8.112129951243073067e-02
1.206937827765689614e-01 1.421138486310191684e-01 1.350114145431208224e-01 2.513752758659047459e-01 8.268356479020433358e-02 4.086789950020943557e-02 2.299473183784894736e-02 -7.247732413046971411e-03 -3.408355888107706538e-02 -5.762873208989816726e-02
1.982107648557999147e-01 2.456800756344196257e-01 2.513752758659047459e-01 4.991269015369957374e-01 1.682758880391473921e-01 1.033845615666117296e-01 1.013352113210267136e-01 3.549102279330892951e-02 -2.692416902672468970e-02 -8.419753538281637972e-02
5.422303118540400257e-02 7.551944840402553816e-02 8.268356479020433358e-02 1.682758880391473921e-01 6.326261315395265150e-02 5.668299898635563439e-02 8.307072912567024792e-02 5.153556042983670898e-02 1.854473779155160762e-02 -1.365137963487947012e-02
-1.058558085270908111e-02 1.751378814662057568e-02 4.086789950020943557e-02 1.033845615666117296e-01 5.668299898635563439e-02 9.792340653680431384e-02 1.946921872360149741e-01 1.481355962200081866e-01 9.398653678068899509e-02 3.798031604643344744e-02
-8.175126485681849520e-02 -3.103513821708598491e-02 2.299473183784894736e-02 1.013352113210267136e-01 8.307072912567024792e-02 1.946921872360149741e-01 4.200257391781268002e-01 3.283637718240301484e-01 2.216460562820121161e-01 1.108241350114879537e-01
-9.126284833378679739e-02 -5.360941050515063283e-02 -7.247732413046971411e-03 3.549102279330892951e-02 5.153556042983670898e-02 1.481355962200081866e-01 3.283637718240301484e-01 2.711035149784808418e-01 1.898926383411152774e-01 1.028458308916142122e-01
-9.181280314160311651e-02 -6.962663977243410685e-02 -3.408355888107706538e-02 -2.692416902672468970e-02 1.854473779155160762e-02 9.398653678068899509e-02 2.216460562820121161e-01 1.898926383411152774e-01 1.414689102053245384e-01 8.562401006579753449e-02
-8.713951701555572305e-02 -8.112129951243073067e-02 -5.762873208989816726e-02 -8.419753538281637972e-02 -1.365137963487947012e-02 3.798031604643344744e-02 1.108241350114879537e-01 1.028458308916142122e-01 8.562401006579753449e-02 6.376473733255394460e-02
2.556935355746582372e-01 1.618258496301729910e-01 7.833960576475720861e-02 5.619065510364316951e-02 2.032358181819748227e-02 -1.450475119704754123e-02 -4.600648930108656998e-02 -1.210618415720262908e-01 -1.486592902984545661e-01 -3.322145515194960819e-01
1.618258496301729910e-01 1.173261061018040924e-01 7.967007745218647463e-02 1.021693671272912440e-01 8.421011457991295357e-02 3.417592948146997572e-02 -7.641810464109673184e-03 -5.614905563524635185e-02 -8.316093881877449634e-02 -1.980780844215078995e-01
7.833960576475720861e-02 7.967007745218647463e-02 8.766107373615175669e-02 1.596431303898120380e-01 1.582988120532606291e-01 8.797224949815225792e-02 3.195837420341852975e-02 7.278494986493039970e-03 -2.208923733841640716e-02 -7.724384870606243458e-02
5.619065510364316951e-02 1.021693671272912440e-01 1.596431303898120380e-01 3.340120405004395332e-01 3.463834279074284872e-01 2.040538000468064828e-01 9.327200987137260202e-02 7.331553185163187936e-02 2.016377062550233495e-02 -1.837530495022041133e-02
2.032358181819748227e-02 8.421011457991295357e-02 1.582988120532606291e-01 3.463834279074284872e-01 3.782872279441865659e-01 2.260841926243494227e-01 1.090749978461377223e-01 9.895352825941530761e-02 4.550555824853427800e-02 3.259526433867089568e-02
-1.450475119704754123e-02 3.417592948146997572e-02 8.797224949815225792e-02 2.040538000468064828e-01 2.260841926243494227e-01 1.397844527153520033e-01 7.172584274462513731e-02 7.363092925358462326e-02 4.367274747835941939e-02 5.495199927405003404e-02
-4.600648930108656998e-02 -7.641810464109673184e-03 3.195837420341852975e-02 9.327200987137260202e-02 1.090749978461377223e-01 7.172584274462513731e-02 4.298691864749978886e-02 5.575426202946452692e-02 4.475733308948993266e-02 7.811156946200957518e-02
-1.210618415720262908e-01 -5.614905563524635185e-02 7.278494986493039970e-03 7.331553185163187936e-02 9.895352825941530761e-02 7.363092925358462326e-02 5.575426202946452692e-02 9.148087304277439935e-02 8.875091289198253075e-02 1.760462891269264363e-01
-1.486592902984545661e-01 -8.316093881877449634e-02 -2.208923733841640716e-02 2.016377062550233495e-02 4.550555824853427800e-02 4.367274747835941939e-02 4.475733308948993266e-02 8.875091289198253075e-02 9.718858202916551281e-02 2.061784405231281148e-01
-3.322145515194960819e-01 -1.980780844215078995e-01 -7.724384870606243458e-02 -1.837530495022041133e-02 3.259526433867089568e-02 5.495199927405003404e-02 7.811156946200957518e-02 1.760462891269264363e-01 2.061784405231281148e-01 4.555791897079688457e-01
5.374241143228995765e-02 6.545173075200919066e-02 6.836655657016099674e-02 5.997819384093579231e-02 3.617731737171814982e-02 -2.336044862111286841e-02 -8.241445677271540260e-02 -1.268764007185291809e-01 -9.124379286135297917e-02 -5.430132283202798726e-02
6.545173075200919066e-02 8.544830978847893499e-02 9.885917018699680314e-02 1.047076808436184364e-01 9.552203378366609654e-02 -3.961018045444646488e-03 -8.207637893577512944e-02 -1.373596339225781060e-01 -1.014563239709578429e-01 -6.248609011921332779e-02
6.836655657016099674e-02 9.885917018699680314e-02 1.310236115242788268e-01 1.666310112116118902e-01 1.926440096880665254e-01 3.950885953157676211e-02 -5.441354880508231934e-02 -1.159709848400637122e-01 -9.064820637245059320e-02 -5.940208627928087598e-02
5.997819384093579231e-02 1.047076808436184364e-01 1.666310112116118902e-01 2.564718695913645874e-01 3.496759207597491814e-01 1.188808040552644663e-01 1.236759925911854255e-02 -4.936450699393939157e-02 -5.057545969832356186e-02 -4.106605395185100593e-02
3.617731737171814982e-02 9.552203378366609654e-02 1.926440096880665254e-01 3.496759207597491814e-01 5.469598520202104686e-01 2.256254840997981570e-01 1.171716515052693974e-01 6.689550562688681423e-02 2.276288734985962292e-02 -4.562645889699346903e-03
-2.336044862111286841e-02 -3.961018045444646488e-03 3.950885953157676211e-02 1.188808040552644663e-01 2.256254840997981570e-01 1.240435650161934578e-01 1.196995748084768441e-01 1.308750776404767613e-01 8.108865615254211290e-02 3.918538793594529557e-02
-8.241445677271540260e-02 -8.207637893577512944e-02 -5.441354880508231934e-02 1.236759925911854255e-02 1.171716515052693974e-01 1.196995748084768441e-01 1.938860504144593599e-01 2.601219108931230872e-01 1.745825714005528884e-01 9.586209835552379765e-02
-1.268764007185291809e-01 -1.373596339225781060e-01 -1.159709848400637122e-01 -4.936450699393939157e-02 6.689550562688681423e-02 1.308750776404767613e-01 2.601219108931230872e-01 3.743990422602144763e-01 2.535609283341990206e-01 1.413936043941587117e-01
-9.124379286135297917e-02 -1.014563239709578429e-01 -9.064820637245059320e-02 -5.057545969832356186e-02 2.276288734985962292e-02 8.108865615254211290e-02 1.745825714005528884e-01 2.535609283341990206e-01 1.764299011092243796e-01 9.968564278809913248e-02
-5.430132283202798726e-02 -6.248609011921332779e-02 -5.940208627928087598e-02 -4.106605395185100593e-02 -4.562645889699346903e-03 3.918538793594529557e-02 9.586209835552379765e-02 1.413936043941587117e-01 9.968564278809913248e-02 5.759538684328648767e-02
1.022009016370058476e-01 2.478013081006994744e-01 1.290468848294911708e-01 5.333112939363455346e-02 -6.107396747967689700e-03 -3.833744896525144441e-02 -5.053649888763868392e-02 -3.932650534982680413e-02 -3.973577326545117694e-02 -5.002847303770688314e-02
2.478013081006994744e-01 6.134626239766747258e-01 3.240112885016983579e-01 1.535483622318986607e-01 2.978906633809000337e-02 -5.593895685466060419e-02 -9.403506437063890999e-02 -8.062330238152407014e-02 -8.836075247856899073e-02 -1.178777074459533836e-01
1.290468848294911708e-01 3.240112885016983579e-01 1.889002847263400175e-01 1.220637093128390527e-01 8.940677531078450313e-02 3.007384305170028582e-02 -4.955549612697481357e-03 -1.993428847568864265e-02 -3.479289864282545525e-02 -5.724811266873328086e-02
5.333112939363455346e-02 1.535483622318986607e-01 1.220637093128390527e-01 1.486989386459429963e-01 2.131838068304399425e-01 1.539405580847144628e-01 1.038268929939880070e-01 4.538416268698152595e-02 1.355007991915061979e-02 -1.275507361823912007e-02
-6.107396747967689700e-03 2.978906633809000337e-02 8.940677531078450313e-02 2.131838068304399425e-01 3.936824362221366114e-01 3.156785884072305648e-01 2.364555250439871747e-01 1.206169429968348000e-01 6.409328799317681735e-02 2.718743166300317468e-02
-3.833744896525144441e-02 -5.593895685466060419e-02 3.007384305170028582e-02 1.539405580847144628e-01 3.156785884072305648e-01 2.732430108099232480e-01 2.134437768249391465e-01 1.130790576690011567e-01 6.611248064926215917e-02 3.884096748309743413e-02
-5.053649888763868392e-02 -9.403506437063890999e-02 -4.955549612697481357e-03 1.038268929939880070e-01 2.364555250439871747e-01 2.134437768249391465e-01 1.741815853712060380e-01 9.490730881009259989e-02 5.891764255207738304e-02 4.014445791947732212e-02
-3.932650534982680413e-02 -8.062330238152407014e-02 -1.993428847568864265e-02 4.538416268698152595e-02 1.206169429968348000e-01 1.130790576690011567e-01 9.490730881009259989e-02 5.348880054444848930e-02 3.530461832330478167e-02 2.713178529511228038e-02
-3.973577326545117694e-02 -8.836075247856899073e-02 -3.479289864282545525e-02 1.355007991915061979e-02 6.409328799317681735e-02 6.611248064926215917e-02 5.891764255207738304e-02 3.530461832330478167e-02 2.595670501806181252e-02 2.362415940435100628e-02
-5.002847303770688314e-02 -1.178777074459533836e-01 -5.724811266873328086e-02 -1.275507361823912007e-02 2.718743166300317468e-02 3.884096748309743413e-02 4.014445791947732212e-02 2.713178529511228038e-02 2.362415940435100628e-02 2.618471304826117813e-02
3.192958852697254102e-01 3.472672285469849962e-01 2.052074048763851133e-01 6.176728933100018859e-02 5.127693679115981340e-02 6.912963287651491262e-02 3.409072142564761876e-02 2.321242329460666831e-02 -8.135951815521538788e-02 -1.690538848534482719e-01
3.472672285469849962e-01 4.033354221087973590e-01 2.396641847729276686e-01 7.293770896362708478e-02 6.375416887367257868e-02 9.234849967825292660e-02 5.933943636616730022e-02 9.225799543887253096e-02 -1.448009004206575641e-02 -1.591221320106550874e-01
2.052074048763851133e-01 2.396641847729276686e-01 1.448716737419093459e-01 4.434014168049071197e-02 3.953545960109721563e-02 5.860874012727643190e-02 4.019794122881079762e-02 6.984000853066021919e-02 8.154964373970303299e-03 -8.859058759823802698e-02
6.176728933100018859e-02 7.293770896362708478e-02 4.434014168049071197e-02 1.371880902950156633e-02 1.261917956623636282e-02 1.931675274807623244e-02 1.433462306211691351e-02 2.782771063778779683e-02 9.942870384355964944e-03 -2.412918552606490435e-02
5.127693679115981340e-02 6.375416887367257868e-02 3.953545960109721563e-02 1.261917956623636282e-02 1.270353899001872705e-02 2.117746457573674648e-02 1.875950573328990026e-02 4.399346495635680920e-02 3.120364244205611759e-02 -1.223288943585284366e-02
6.912963287651491262e-02 9.234849967825292660e-02 5.860874012727643190e-02 1.931675274807623244e-02 2.117746457573674648e-02 3.788477323266714603e-02 3.779002791228637526e-02 9.745056806445626107e-02 8.381942855469300124e-02 -2.266885922444636468e-03
3.409072142564761876e-02 5.933943636616730022e-02 4.019794122881079762e-02 1.433462306211691351e-02 1.875950573328990026e-02 3.779002791228637526e-02 4.452535022837415812e-02 1.275088880020344706e-01 1.277307914630851637e-01 2.836777719612637583e-02
2.321242329460666831e-02 9.225799543887253096e-02 6.984000853066021919e-02 2.782771063778779683e-02 4.399346495635680920e-02 9.745056806445626107e-02 1.275088880020344706e-01 3.859999291795572773e-01 4.106859760925347658e-01 1.297656917768143237e-01
-8.135951815521538788e-02 -1.448009004206575641e-02 8.154964373970303299e-03 9.942870384355964944e-03 3.120364244205611759e-02 8.381942855469300124e-02 1.277307914630851637e-01 4.106859760925347658e-01 4.931901834074984281e-01 2.029133615019994286e-01
-1.690538848534482719e-01 -1.591221320106550874e-01 -8.859058759823802698e-02 -2.412918552606490435e-02 -1.223288943585284366e-02 -2.266885922444636468e-03 2.836777719612637583e-02 1.297656917768143237e-01 2.029133615019994286e-01 1.444744348119509914e-01
1.362009736306208918e-01 2.518225355775678964e-01 1.105826050720262466e-01 7.936181987539464577e-02 3.192842893846783991e-02 5.309663303890437003e-02 5.861606573474563431e-02 -6.552927162832432491e-03 -1.062151473109268218e-01 -1.162636421836076156e-01
2.518225355775678964e-01 4.959150839345092265e-01 2.155304390056399511e-01 1.544192755336510625e-01 6.537541815558343961e-02 1.206089476269398830e-01 1.591618537651550147e-01 6.374711614234850054e-02 -1.214175234925788660e-01 -1.860340180138735644e-01
1.105826050720262466e-01 2.155304390056399511e-01 9.562887426881991337e-02 6.975778487768423408e-02 3.019827008332379853e-02 5.745658926867290572e-02 7.835669515923060491e-02 3.752149346591965307e-02 -4.650947490112100624e-02 -8.020684278831853586e-02
7.936181987539464577e-02 1.544192755336510625e-01 6.975778487768423408e-02 5.211237324867104559e-02 2.334762833018313999e-02 4.655876726274174593e-02 6.671802052044778497e-02 3.956949770380742415e-02 -2.334868389740376096e-02 -5.473510027601809214e-02
3.192842893846783991e-02 6.537541815558343961e-02 3.019827008332379853e-02 2.334762833018313999e-02 1.147725113727813412e-02 2.580935934369333121e-02 4.170431353664788565e-02 3.557006497199871609e-02 7.978041528117122902e-03 -1.613284483831884872e-02
5.309663303890437003e-02 1.206089476269398830e-01 5.745658926867290572e-02 4.655876726274174593e-02 2.580935934369333121e-02 6.587243733880444874e-02 1.179209464208183789e-01 1.239149919085844043e-01 7.105183853969636310e-02 -6.926618873064131245e-03
5.861606573474563431e-02 1.591618537651550147e-01 7.835669515923060491e-02 6.671802052044778497e-02 4.170431353664788565e-02 1.179209464208183789e-01 2.274353320146519641e-01 2.678014662489724973e-01 1.958617323299109703e-01 3.335738716576248930e-02
-6.552927162832432491e-03 6.374711614234850054e-02 3.752149346591965307e-02 3.956949770380742415e-02 3.557006497199871609e-02 1.239149919085844043e-01 2.678014662489724973e-01 3.748269265736395850e-01 3.419006067197195575e-01 1.233457182985994993e-01
