1.704545904520829991e-01 1.503739025338199087e-01 1.153464981867532158e-01 8.907320312524348582e-02 6.054669986367842982e-02 3.335413643238797909e-02 9.936432220481439780e-04 -3.017843913303878967e-02 -6.110244426775249260e-02 -8.685921614177588568e-02 -1.133553796264473723e-01 -1.459938760649267253e-01
1.503739025338199087e-01 1.636552884322874934e-01 1.426493220430547770e-01 1.171213372599039376e-01 8.416968907801843092e-02 5.870880812605226706e-02 3.102985306572436652e-02 -2.297231664193796589e-03 -3.487702232976213484e-02 -6.188709364516626482e-02 -8.585404983484312691e-02 -1.162282174392351292e-01
1.153464981867532158e-01 1.426493220430547770e-01 1.577408173754999976e-01 1.478042253118952987e-01 1.122068825484505983e-01 8.395555706017648889e-02 5.852355733736446658e-02 2.659987330618316520e-02 -4.576072098780238802e-03 -3.539229153938479311e-02 -6.045802641154152113e-02 -8.548143875632870092e-02
8.907320312524348582e-02 1.171213372599039376e-01 1.478042253118952987e-01 1.694328586120120717e-01 1.435324023434633445e-01 1.153841185491549792e-01 8.757636660854721533e-02 5.462264072099719259e-02 2.688984588547744733e-02 -6.597155247617815521e-03 -3.720387467205635290e-02 -6.316644870555443436e-02
6.054669986367842982e-02 8.416968907801843092e-02 1.122068825484505983e-01 1.435324023434633445e-01 1.513129330385104832e-01 1.430210514207378159e-01 1.179247630521363388e-01 7.953609521922296033e-02 5.496642724040166211e-02 2.511376335280609759e-02 -6.784585226872637959e-03 -3.524378307911260610e-02
3.335413643238797909e-02 5.870880812605226706e-02 8.395555706017648889e-02 1.153841185491549792e-01 1.430210514207378159e-01 1.765417872746893879e-01 1.667696949778022242e-01 1.165102322047721628e-01 8.699180383891763624e-02 5.797060455804863011e-02 2.649257674222378622e-02 -4.233363112932840566e-03
9.936432220481439780e-04 3.102985306572436652e-02 5.852355733736446658e-02 8.757636660854721533e-02 1.179247630521363388e-01 1.667696949778022242e-01 1.982537155559851438e-01 1.532639256995453891e-01 1.212113000199741553e-01 8.856238488343745607e-02 5.745815648334239717e-02 2.877507833866503953e-02
-3.017843913303878967e-02 -2.297231664193796589e-03 2.659987330618316520e-02 5.462264072099719259e-02 7.953609521922296033e-02 1.165102322047721628e-01 1.532639256995453891e-01 1.538082466256288083e-01 1.454888676848382079e-01 1.146826694839995220e-01 8.031617174725770580e-02 5.404777822268885812e-02
-6.110244426775249260e-02 -3.487702232976213484e-02 -4.576072098780238802e-03 2.688984588547744733e-02 5.496642724040166211e-02 8.699180383891763624e-02 1.212113000199741553e-01 1.454888676848382079e-01 1.803481480451848695e-01 1.604570718330536883e-01 1.174337699798826407e-01 8.463246728656000084e-02
-8.685921614177588568e-02 -6.188709364516626482e-02 -3.539229153938479311e-02 -6.597155247617815521e-03 2.511376335280609759e-02 5.797060455804863011e-02 8.856238488343745607e-02 1.146826694839995220e-01 1.604570718330536883e-01 1.765354467415237993e-01 1.450222776921150092e-01 1.119027889635790668e-01
-1.133553796264473723e-01 -8.585404983484312691e-02 -6.045802641154152113e-02 -3.720387467205635290e-02 -6.784585226872637959e-03 2.649257674222378622e-02 5.745815648334239717e-02 8.031617174725770580e-02 1.174337699798826407e-01 1.450222776921150092e-01 1.498228657900284311e-01 1.344971674404359663e-01
-1.459938760649267253e-01 -1.162282174392351292e-01 -8.548143875632870092e-02 -6.316644870555443436e-02 -3.524378307911260610e-02 -4.233363112932840566e-03 2.877507833866503953e-02 5.404777822268885812e-02 8.463246728656000084e-02 1.119027889635790668e-01 1.344971674404359663e-01 1.520933020565659044e-01
1.675801276565601627e-01 1.372896505708806059e-01 1.148533080599314082e-01 8.510369242086299191e-02 5.887916902521186241e-02 2.917981151206798865e-02 -3.869162011482785851e-03 -3.656209276691856080e-02 -6.189806160372551824e-02 -9.108130267132394375e-02 -1.156914817078176783e-01 -1.535571787932188403e-01
1.372896505708806059e-01 1.404711416687531300e-01 1.379076799527573505e-01 1.110812117129111876e-01 8.296485033258041430e-02 5.526175465970237233e-02 2.710738844255236590e-02 -4.031835566267638789e-03 -3.320829423017600951e-02 -6.088198243381781616e-02 -8.102119240886052065e-02 -1.122630040861232470e-01
1.148533080599314082e-01 1.379076799527573505e-01 1.705157446964845613e-01 1.555423257537031922e-01 1.223271530304120697e-01 8.746379531870615565e-02 5.930243557983996827e-02 2.940205587053489056e-02 -4.789857546550809614e-03 -3.635898004670081590e-02 -5.905531013782634731e-02 -8.687820249750184687e-02
8.510369242086299191e-02 1.110812117129111876e-01 1.555423257537031922e-01 1.782391838894483438e-01 1.590494586497805118e-01 1.187384039490324422e-01 8.637790363422950812e-02 5.872598653913001926e-02 2.626533309500837798e-02 -3.887815988602009477e-03 -3.139551308816109637e-02 -5.932879512080801304e-02
5.887916902521186241e-02 8.296485033258041430e-02 1.223271530304120697e-01 1.590494586497805118e-01 1.829926692659167020e-01 1.548184671124651635e-01 1.187826115890986134e-01 8.760119150713159553e-02 5.540220018410076108e-02 2.983570305341661302e-02 -4.997138048154004582e-04 -3.141480276215877221e-02
2.917981151206798865e-02 5.526175465970237233e-02 8.746379531870615565e-02 1.187384039490324422e-01 1.548184671124651635e-01 1.685576280177213948e-01 1.487995737400722718e-01 1.174292777700433610e-01 8.081177390338571687e-02 5.797611689200612983e-02 2.969621449462580415e-02 7.694423755334653912e-04
-3.869162011482785851e-03 2.710738844255236590e-02 5.930243557983996827e-02 8.637790363422950812e-02 1.187826115890986134e-01 1.487995737400722718e-01 1.673214365947697235e-01 1.509321389288705018e-01 1.109402378472539585e-01 8.612909412327422742e-02 5.764474980986569741e-02 3.334315699685528461e-02
-3.656209276691856080e-02 -4.031835566267638789e-03 2.940205587053489056e-02 5.872598653913001926e-02 8.760119150713159553e-02 1.174292777700433610e-01 1.509321389288705018e-01 1.700227327090832186e-01 1.421770711293418032e-01 1.191824109249539632e-01 8.555459831655398695e-02 6.282111675558249564e-02
-6.189806160372551824e-02 -3.320829423017600951e-02 -4.789857546550809614e-03 2.626533309500837798e-02 5.540220018410076108e-02 8.081177390338571687e-02 1.109402378472539585e-01 1.421770711293418032e-01 1.506964337315027103e-01 1.465375836925239261e-01 1.112670817160764658e-01 8.610865179227286670e-02
-9.108130267132394375e-02 -6.088198243381781616e-02 -3.635898004670081590e-02 -3.887815988602009477e-03 2.983570305341661302e-02 5.797611689200612983e-02 8.612909412327422742e-02 1.191824109249539632e-01 1.465375836925239261e-01 1.766024435268074566e-01 1.485741670167668171e-01 1.205001795096714984e-01
-1.156914817078176783e-01 -8.102119240886052065e-02 -5.905531013782634731e-02 -3.139551308816109637e-02 -4.997138048154004582e-04 2.969621449462580415e-02 5.764474980986569741e-02 8.555459831655398695e-02 1.112670817160764658e-01 1.485741670167668171e-01 1.553088898736258994e-01 1.449501594016899264e-01
-1.535571787932188403e-01 -1.122630040861232470e-01 -8.687820249750184687e-02 -5.932879512080801304e-02 -3.141480276215877221e-02 7.694423755334653912e-04 3.334315699685528461e-02 6.282111675558249564e-02 8.610865179227286670e-02 1.205001795096714984e-01 1.449501594016899264e-01 1.716915683693282790e-01
1.643543997872647655e-01 1.469033138486234014e-01 1.137780833652634188e-01 8.730864569854399071e-02 5.676735924952959478e-02 2.932989579022148713e-02 5.835648468153967336e-04 -2.972284241820975434e-02 -5.715319758208793621e-02 -8.323835873623086634e-02 -1.147191652659513839e-01 -1.538550620648847234e-01
1.469033138486234014e-01 1.664275024283942417e-01 1.478921836933402290e-01 1.213119712441348141e-01 8.449805651565948927e-02 5.743361086290887929e-02 3.279376664154240451e-02 1.735273424727543350e-03 -2.931188180441186841e-02 -5.658990270013389279e-02 -8.395032459447833439e-02 -1.194984844944599611e-01
1.137780833652634188e-01 1.478921836933402290e-01 1.688096492612831123e-01 1.592649609162466728e-01 1.153661725457585108e-01 8.280530845539781082e-02 6.009596329137632809e-02 3.258358655672655146e-02 2.464245616415299770e-03 -2.724739514260992451e-02 -5.556388735972750403e-02 -8.620499031021346126e-02
8.730864569854399071e-02 1.213119712441348141e-01 1.592649609162466728e-01 1.901472879433560581e-01 1.523124939951819856e-01 1.148053875890027442e-01 8.921788805308683568e-02 6.221700996483178758e-02 3.487105882885033203e-02 4.688490852165331374e-03 -2.804187483979015197e-02 -6.084168677927045965e-02
5.676735924952959478e-02 8.449805651565948927e-02 1.153661725457585108e-01 1.523124939951819856e-01 1.517718243208762419e-01 1.321209746733683077e-01 1.120248528298920243e-01 8.400298092286165308e-02 5.875642027371329179e-02 3.362661292215673309e-02 3.744205019840849032e-03 -2.912133053899092217e-02
2.932989579022148713e-02 5.743361086290887929e-02 8.280530845539781082e-02 1.148053875890027442e-01 1.321209746733683077e-01 1.453962377463147715e-01 1.423258990582621508e-01 1.137705075329977361e-01 8.408033741827190821e-02 5.941046594060702540e-02 3.316011334954371836e-02 2.316839597627940416e-03
5.835648468153967336e-04 3.279376664154240451e-02 6.009596329137632809e-02 8.921788805308683568e-02 1.120248528298920243e-01 1.423258990582621508e-01 1.711103779729060970e-01 1.525708381727863827e-01 1.180203743735931260e-01 8.769832966834267829e-02 6.129891269392441500e-02 3.361638751101320155e-02
-2.972284241820975434e-02 1.735273424727543350e-03 3.258358655672655146e-02 6.221700996483178758e-02 8.400298092286165308e-02 1.137705075329977361e-01 1.525708381727863827e-01 1.683654605327963016e-01 1.476007672017792538e-01 1.159726138293657449e-01 8.611571223560166022e-02 6.085696397199643476e-02
-5.715319758208793621e-02 -2.931188180441186841e-02 2.464245616415299770e-03 3.487105882885033203e-02 5.875642027371329179e-02 8.408033741827190821e-02 1.180203743735931260e-01 1.476007672017792538e-01 1.635844583168149513e-01 1.462523514482726994e-01 1.152628312948924399e-01 8.745539065908052023e-02
-8.323835873623086634e-02 -5.658990270013389279e-02 -2.724739514260992451e-02 4.688490852165331374e-03 3.362661292215673309e-02 5.941046594060702540e-02 8.769832966834267829e-02 1.159726138293657449e-01 1.462523514482726994e-01 1.628446776765097026e-01 1.457923354273326089e-01 1.182205264656920607e-01
-1.147191652659513839e-01 -8.395032459447833439e-02 -5.556388735972750403e-02 -2.804187483979015197e-02 3.744205019840849032e-03 3.316011334954371836e-02 6.129891269392441500e-02 8.611571223560166022e-02 1.152628312948924399e-01 1.457923354273326089e-01 1.646681026980232887e-01 1.536900533744465225e-01
-1.538550620648847234e-01 -1.194984844944599611e-01 -8.620499031021346126e-02 -6.084168677927045965e-02 -2.912133053899092217e-02 2.316839597627940416e-03 3.361638751101320155e-02 6.085696397199643476e-02 8.745539065908052023e-02 1.182205264656920607e-01 1.536900533744465225e-01 1.825200213154603013e-01
1.807281295893728434e-01 1.493939250391614904e-01 1.144797738311584545e-01 8.330173775109615819e-02 5.600507060615890487e-02 2.575328999525099832e-02 -4.465044995585013346e-03 -3.350423634167599973e-02 -6.402869853749135198e-02 -8.915725940057378507e-02 -1.169197733115222293e-01 -1.626751340487211372e-01
1.493939250391614904e-01 1.592893741291182552e-01 1.432170083289225349e-01 1.141496715868215023e-01 8.516125469547602966e-02 5.655747248573839842e-02 2.984404337704281082e-02 -9.016805578520340706e-04 -3.271715427667733905e-02 -5.915930486163349655e-02 -8.226274598194191490e-02 -1.186356717950002859e-01
1.144797738311584545e-01 1.432170083289225349e-01 1.641137544168509432e-01 1.505051487418196943e-01 1.202338582631068270e-01 8.632020129674053410e-02 6.057832124706093169e-02 3.103244022816210174e-02 9.184173307155885264e-04 -2.922785984176187735e-02 -5.434583286310327305e-02 -8.438489609875932107e-02
8.330173775109615819e-02 1.141496715868215023e-01 1.505051487418196943e-01 1.745735585446424876e-01 1.592986654957294079e-01 1.191481954878757799e-01 8.819245115974258531e-02 5.859204655199464623e-02 3.371133761289987762e-02 3.754962849170937270e-03 -2.554575406245092328e-02 -5.545677484141761648e-02
5.600507060615890487e-02 8.516125469547602966e-02 1.202338582631068270e-01 1.592986654957294079e-01 1.877066069158854766e-01 1.578167800586902092e-01 1.211386742359426283e-01 8.516970104940213560e-02 6.242497082026490784e-02 3.558167672616792399e-02 5.479991151689719842e-03 -2.574984739472767348e-02
2.575328999525099832e-02 5.655747248573839842e-02 8.632020129674053410e-02 1.191481954878757799e-01 1.578167800586902092e-01 1.693417489244285479e-01 1.467957078345828448e-01 1.090527288670178896e-01 8.554821501283003948e-02 6.033882678618356088e-02 3.368670940402768155e-02 6.680323377482041448e-03
-4.465044995585013346e-03 2.984404337704281082e-02 6.057832124706093169e-02 8.819245115974258531e-02 1.211386742359426283e-01 1.467957078345828448e-01 1.566656205406528612e-01 1.316550105710019292e-01 1.123992904200799559e-01 8.510604621084064125e-02 5.801269601789402902e-02 3.586977956462415046e-02
-3.350423634167599973e-02 -9.016805578520340706e-04 3.103244022816210174e-02 5.859204655199464623e-02 8.516970104940213560e-02 1.090527288670178896e-01 1.316550105710019292e-01 1.374775654597425734e-01 1.368028310139550174e-01 1.115552228614677399e-01 8.021518662998641802e-02 6.003309771943154266e-02
-6.402869853749135198e-02 -3.271715427667733905e-02 9.184173307155885264e-04 3.371133761289987762e-02 6.242497082026490784e-02 8.554821501283003948e-02 1.123992904200799559e-01 1.368028310139550174e-01 1.683106722210039596e-01 1.529514479944310557e-01 1.148777380657987485e-01 9.049471680521281591e-02
-8.915725940057378507e-02 -5.915930486163349655e-02 -2.922785984176187735e-02 3.754962849170937270e-03 3.558167672616792399e-02 6.033882678618356088e-02 8.510604621084064125e-02 1.115552228614677399e-01 1.529514479944310557e-01 1.678334497146752868e-01 1.411506728542335498e-01 1.184981622295370185e-01
-1.169197733115222293e-01 -8.226274598194191490e-02 -5.434583286310327305e-02 -2.554575406245092328e-02 5.479991151689719842e-03 3.368670940402768155e-02 5.801269601789402902e-02 8.021518662998641802e-02 1.148777380657987485e-01 1.411506728542335498e-01 1.503056957000187266e-01 1.472056708064738151e-01
-1.626751340487211372e-01 -1.186356717950002859e-01 -8.438489609875932107e-02 -5.545677484141761648e-02 -2.574984739472767348e-02 6.680323377482041448e-03 3.586977956462415046e-02 6.003309771943154266e-02 9.049471680521281591e-02 1.184981622295370185e-01 1.472056708064738151e-01 1.836538238436092318e-01
1.571537851399409935e-01 1.503283235862134248e-01 1.139683025720949899e-01 8.854806940503602564e-02 6.333463382389545315e-02 3.567577462725771142e-02 7.382367311608992004e-03 -2.415312096286700849e-02 -5.230719244209162261e-02 -8.227971722752523698e-02 -1.108813703762969588e-01 -1.402927193714069432e-01
1.503283235862134248e-01 1.770184113760403244e-01 1.494888098138052457e-01 1.215410615467999444e-01 9.061778527062692989e-02 6.203700230127744131e-02 3.844835931314773136e-02 7.631527692817251414e-03 -2.494162030330632218e-02 -5.629917186788353789e-02 -8.423898683273350896e-02 -1.168901048326653341e-01
1.139683025720949899e-01 1.494888098138052457e-01 1.599737547483189026e-01 1.496016254589672134e-01 1.160132539312599964e-01 8.223272444856521979e-02 6.077726299159739998e-02 3.512143117463949193e-02 4.706904473933101567e-03 -2.672859166081531512e-02 -5.554252140033362484e-02 -8.391231077018954099e-02
8.854806940503602564e-02 1.215410615467999444e-01 1.496016254589672134e-01 1.763773671392478981e-01 1.507726590771689135e-01 1.110622095153239730e-01 8.665855360405244623e-02 6.139601817941815753e-02 3.311261415292587884e-02 2.522209134739059836e-03 -3.130392121527408866e-02 -6.180327853885005801e-02
6.333463382389545315e-02 9.061778527062692989e-02 1.160132539312599964e-01 1.507726590771689135e-01 1.547989614901234545e-01 1.282066018917280836e-01 1.092644373975056593e-01 8.383547612673117322e-02 5.655020978610511562e-02 3.096933348163107697e-02 -2.497695771844196493e-03 -3.589383865252879918e-02
3.567577462725771142e-02 6.203700230127744131e-02 8.223272444856521979e-02 1.110622095153239730e-01 1.282066018917280836e-01 1.320259384666701286e-01 1.323820082724986302e-01 1.109922899519583950e-01 8.030775144184065795e-02 5.706379843850059586e-02 2.768383636104962409e-02 -5.310612957433593490e-03
7.382367311608992004e-03 3.844835931314773136e-02 6.077726299159739998e-02 8.665855360405244623e-02 1.092644373975056593e-01 1.323820082724986302e-01 1.653738653361242483e-01 1.561324004897828299e-01 1.184171156957937732e-01 8.982190713610105348e-02 6.011215170389938578e-02 2.725475363549518387e-02
-2.415312096286700849e-02 7.631527692817251414e-03 3.512143117463949193e-02 6.139601817941815753e-02 8.383547612673117322e-02 1.109922899519583950e-01 1.561324004897828299e-01 1.802856868329246187e-01 1.532627861416786530e-01 1.225642377630632163e-01 8.851206123243571255e-02 5.705619648517420289e-02
-5.230719244209162261e-02 -2.494162030330632218e-02 4.706904473933101567e-03 3.311261415292587884e-02 5.655020978610511562e-02 8.030775144184065795e-02 1.184171156957937732e-01 1.532627861416786530e-01 1.691728690929783785e-01 1.578080925186761685e-01 1.193533877128589576e-01 8.333128107914236637e-02
-8.227971722752523698e-02 -5.629917186788353789e-02 -2.672859166081531512e-02 2.522209134739059836e-03 3.096933348163107697e-02 5.706379843850059586e-02 8.982190713610105348e-02 1.225642377630632163e-01 1.578080925186761685e-01 1.927586512036893462e-01 1.631998518152905087e-01 1.191241369938807748e-01
-1.108813703762969588e-01 -8.423898683273350896e-02 -5.554252140033362484e-02 -3.130392121527408866e-02 -2.497695771844196493e-03 2.768383636104962409e-02 6.011215170389938578e-02 8.851206123243571255e-02 1.193533877128589576e-01 1.631998518152905087e-01 1.759397513381457112e-01 1.473842326524612556e-01
-1.402927193714069432e-01 -1.168901048326653341e-01 -8.391231077018954099e-02 -6.180327853885005801e-02 -3.589383865252879918e-02 -5.310612957433593490e-03 2.725475363549518387e-02 5.705619648517420289e-02 8.333128107914236637e-02 1.191241369938807748e-01 1.473842326524612556e-01 1.591209578357958287e-01
1.783265017993685420e-01 1.489491289816473885e-01 1.151113840216789197e-01 8.562536362771330789e-02 5.979920648216006246e-02 3.522404888142156854e-02 6.455506879614061021e-03 -2.563368680328208943e-02 -5.723417678319550617e-02 -8.631569346442954926e-02 -1.218758245223664771e-01 -1.605034861657588241e-01
1.489491289816473885e-01 1.566916846020725007e-01 1.384093042619783942e-01 1.108138042071321605e-01 8.304067377631893510e-02 5.993625473471150822e-02 3.554944114262036797e-02 5.622373329897719339e-03 -2.758314367619809152e-02 -5.789746024456764173e-02 -8.731516284042632747e-02 -1.189753465182250142e-01
1.151113840216789197e-01 1.384093042619783942e-01 1.510129322084642345e-01 1.373676787466257543e-01 1.108348007782350986e-01 8.542893522967057174e-02 6.176904692570733824e-02 3.557469002029904626e-02 3.748199628803192043e-03 -2.994228584472012622e-02 -6.038245338829582864e-02 -8.711747486178116062e-02
8.562536362771330789e-02 1.108138042071321605e-01 1.373676787466257543e-01 1.521470604737070742e-01 1.391589951259009361e-01 1.148329001712006942e-01 8.766182266202192375e-02 6.224634909638460112e-02 3.428619899097209295e-02 5.251589250940161095e-04 -3.284024212598059267e-02 -6.074886713755244666e-02
5.979920648216006246e-02 8.304067377631893510e-02 1.108348007782350986e-01 1.391589951259009361e-01 1.566848337611164432e-01 1.468773155133158148e-01 1.179447222182116173e-01 8.777770022011779916e-02 6.115279034071566255e-02 3.051029480821566137e-02 -2.513747341573219999e-03 -3.387300070364576005e-02
3.522404888142156854e-02 5.993625473471150822e-02 8.542893522967057174e-02 1.148329001712006942e-01 1.468773155133158148e-01 1.714143735772829524e-01 1.544819053605139825e-01 1.193981651586371318e-01 8.782252732678449969e-02 5.777596077444579342e-02 2.770474613572015271e-02 -4.997448475532086619e-03
6.455506879614061021e-03 3.554944114262036797e-02 6.176904692570733824e-02 8.766182266202192375e-02 1.179447222182116173e-01 1.544819053605139825e-01 1.749244782945090781e-01 1.525265958291629198e-01 1.180348913641282860e-01 8.362849881341731517e-02 5.512761041385925986e-02 2.530198797591445489e-02
-2.563368680328208943e-02 5.622373329897719339e-03 3.557469002029904626e-02 6.224634909638460112e-02 8.777770022011779916e-02 1.193981651586371318e-01 1.525265958291629198e-01 1.694875149522038216e-01 1.501462003314053273e-01 1.139811058851094572e-01 8.272294291489387663e-02 5.465880031490981394e-02
-5.723417678319550617e-02 -2.758314367619809152e-02 3.748199628803192043e-03 3.428619899097209295e-02 6.115279034071566255e-02 8.782252732678449969e-02 1.180348913641282860e-01 1.501462003314053273e-01 1.684315200968487525e-01 1.466464109420078377e-01 1.157163939066349206e-01 8.481694291971429711e-02
-8.631569346442954926e-02 -5.789746024456764173e-02 -2.994228584472012622e-02 5.251589250940161095e-04 3.051029480821566137e-02 5.777596077444579342e-02 8.362849881341731517e-02 1.139811058851094572e-01 1.466464109420078377e-01 1.617090046961389138e-01 1.483168025801306633e-01 1.174589771300225127e-01
-1.218758245223664771e-01 -8.731516284042632747e-02 -6.038245338829582864e-02 -3.284024212598059267e-02 -2.513747341573219999e-03 2.770474613572015271e-02 5.512761041385925986e-02 8.272294291489387663e-02 1.157163939066349206e-01 1.483168025801306633e-01 1.743026124064948057e-01 1.582631563103242822e-01
-1.605034861657588241e-01 -1.189753465182250142e-01 -8.711747486178116062e-02 -6.074886713755244666e-02 -3.387300070364576005e-02 -4.997448475532086619e-03 2.530198797591445489e-02 5.465880031490981394e-02 8.481694291971429711e-02 1.174589771300225127e-01 1.582631563103242822e-01 1.848674831317950740e-01
1.645109465175632057e-01 1.554191717170655684e-01 1.117990575954951049e-01 8.064254023435740715e-02 5.465251467697736232e-02 2.469587124661454247e-02 -3.505158810215976313e-03 -3.124977245931091080e-02 -5.865238183214256662e-02 -8.406429876902640763e-02 -1.156014791769989503e-01 -1.550407954890822559e-01
1.554191717170655684e-01 1.885545430559630031e-01 1.514230943349610947e-01 1.172018244493952116e-01 8.808388267189279364e-02 5.687781070220779278e-02 3.095607645888880446e-02 -1.976234125355153665e-04 -3.249437780826170546e-02 -6.064096733081392188e-02 -8.842848912058588751e-02 -1.246220144717037487e-01
1.117990575954951049e-01 1.514230943349610947e-01 1.526051280084378958e-01 1.395281261179718291e-01 1.153295003024838034e-01 8.071679745663290495e-02 5.771290180366085709e-02 3.094970685826786000e-02 1.841192960023115867e-03 -2.768938305307300923e-02 -5.531457155543724469e-02 -8.457529397229103518e-02
8.064254023435740715e-02 1.172018244493952116e-01 1.395281261179718291e-01 1.667796599901305576e-01 1.593829018495528937e-01 1.164057623605665032e-01 8.797559773231317104e-02 6.115986027239124490e-02 3.570796748835078360e-02 5.733060973550206489e-03 -2.531824193017531005e-02 -5.565432125405360420e-02
5.465251467697736232e-02 8.808388267189279364e-02 1.153295003024838034e-01 1.593829018495528937e-01 1.904584184839300254e-01 1.535097795048798452e-01 1.209192020918065519e-01 8.884921833967987514e-02 6.448662465095876539e-02 3.694565383081391957e-02 6.358932147212867196e-03 -2.610634574551374404e-02
2.469587124661454247e-02 5.687781070220779278e-02 8.071679745663290495e-02 1.164057623605665032e-01 1.535097795048798452e-01 1.560658465053999244e-01 1.420051187983074892e-01 1.109447685889034668e-01 8.494496831238024237e-02 5.899011704948218388e-02 3.393651293656137907e-02 6.480281946703345120e-03
-3.505158810215976313e-03 3.095607645888880446e-02 5.771290180366085709e-02 8.797559773231317104e-02 1.209192020918065519e-01 1.420051187983074892e-01 1.633503410059735927e-01 1.437055387401530160e-01 1.163930029927081472e-01 8.536988311874831037e-02 6.000787233528849518e-02 3.643484470081024412e-02
-3.124977245931091080e-02 -1.976234125355153665e-04 3.094970685826786000e-02 6.115986027239124490e-02 8.884921833967987514e-02 1.109447685889034668e-01 1.437055387401530160e-01 1.543607315654300649e-01 1.410234321533412882e-01 1.102646925408159867e-01 8.257001850782549890e-02 6.112604849667935270e-02
-5.865238183214256662e-02 -3.249437780826170546e-02 1.841192960023115867e-03 3.570796748835078360e-02 6.448662465095876539e-02 8.494496831238024237e-02 1.163930029927081472e-01 1.410234321533412882e-01 1.571278061313492458e-01 1.388424040372803203e-01 1.119332424383023272e-01 8.877255838843974012e-02
-8.406429876902640763e-02 -6.064096733081392188e-02 -2.768938305307300923e-02 5.733060973550206489e-03 3.694565383081391957e-02 5.899011704948218388e-02 8.536988311874831037e-02 1.102646925408159867e-01 1.388424040372803203e-01 1.514817185797527888e-01 1.404201119691270150e-01 1.195040877703947707e-01
-1.156014791769989503e-01 -8.842848912058588751e-02 -5.531457155543724469e-02 -2.531824193017531005e-02 6.358932147212867196e-03 3.393651293656137907e-02 6.000787233528849518e-02 8.257001850782549890e-02 1.119332424383023272e-01 1.404201119691270150e-01 1.636957274431569409e-01 1.583603762702414097e-01
-1.550407954890822559e-01 -1.246220144717037487e-01 -8.457529397229103518e-02 -5.565432125405360420e-02 -2.610634574551374404e-02 6.480281946703345120e-03 3.643484470081024412e-02 6.112604849667935270e-02 8.877255838843974012e-02 1.195040877703947707e-01 1.583603762702414097e-01 1.910091327129113115e-01
1.613603836747098397e-01 1.512122494635961822e-01 1.140557275473518262e-01 8.266093750825068143e-02 5.868450837263201880e-02 3.146384950417833309e-02 2.878341208649628363e-03 -2.751896944820975827e-02 -5.421625931725083253e-02 -8.557936245314223811e-02 -1.143085634681486190e-01 -1.508258795150067000e-01
1.512122494635961822e-01 1.778277032071401698e-01 1.491345702917226679e-01 1.140405680022908985e-01 8.645728240040496948e-02 5.846179012122031809e-02 3.364355224912299325e-02 1.997327196987459894e-03 -3.047628877426763680e-02 -6.292273481982524341e-02 -8.896298336020264097e-02 -1.231590508054667688e-01
1.140557275473518262e-01 1.491345702917226679e-01 1.546311107115279360e-01 1.358808957617738400e-01 1.120600645067777179e-01 8.178514187523422407e-02 5.958973015338434043e-02 3.227669802818139422e-02 -2.603119116500059692e-04 -3.321437812303992126e-02 -6.054572701033091031e-02 -8.883092513659815448e-02
8.266093750825068143e-02 1.140405680022908985e-01 1.358808957617738400e-01 1.498093007518861985e-01 1.417814236591927457e-01 1.110700729091824712e-01 8.698758586768146062e-02 6.098971025341468760e-02 3.067332424198312632e-02 -4.477561090678134834e-04 -3.222058173448498486e-02 -6.107179898258979778e-02
5.868450837263201880e-02 8.645728240040496948e-02 1.120600645067777179e-01 1.417814236591927457e-01 1.635198739721666905e-01 1.440002802481791244e-01 1.203390052492699508e-01 8.979979866870371752e-02 5.900048663985178743e-02 3.160562136841908731e-02 -2.588485228349628881e-03 -3.502562618860510790e-02
3.146384950417833309e-02 5.846179012122031809e-02 8.178514187523422407e-02 1.110700729091824712e-01 1.440002802481791244e-01 1.588367207090630173e-01 1.537442654108678308e-01 1.197563551647938124e-01 8.276915975304320605e-02 5.803834637692658477e-02 2.712060321120646211e-02 -3.938522911728542346e-03
2.878341208649628363e-03 3.364355224912299325e-02 5.958973015338434043e-02 8.698758586768146062e-02 1.203390052492699508e-01 1.537442654108678308e-01 1.920266287102213587e-01 1.661813137467048063e-01 1.176253239350572577e-01 8.798612275362707735e-02 5.691021881763282803e-02 2.848907466551931639e-02
-2.751896944820975827e-02 1.997327196987459894e-03 3.227669802818139422e-02 6.098971025341468760e-02 8.979979866870371752e-02 1.197563551647938124e-01 1.661813137467048063e-01 1.813636658752643960e-01 1.445088637715023494e-01 1.163148678195492919e-01 8.274315795722149425e-02 5.690061509415737795e-02
-5.421625931725083253e-02 -3.047628877426763680e-02 -2.603119116500059692e-04 3.067332424198312632e-02 5.900048663985178743e-02 8.276915975304320605e-02 1.176253239350572577e-01 1.445088637715023494e-01 1.476743626081935545e-01 1.402369488675259956e-01 1.091437570066074031e-01 8.245373995413372847e-02
-8.557936245314223811e-02 -6.292273481982524341e-02 -3.321437812303992126e-02 -4.477561090678134834e-04 3.160562136841908731e-02 5.803834637692658477e-02 8.798612275362707735e-02 1.163148678195492919e-01 1.402369488675259956e-01 1.682628736797555091e-01 1.490259164879940146e-01 1.207305095637422332e-01
-1.143085634681486190e-01 -8.896298336020264097e-02 -6.054572701033091031e-02 -3.222058173448498486e-02 -2.588485228349628881e-03 2.712060321120646211e-02 5.691021881763282803e-02 8.274315795722149425e-02 1.091437570066074031e-01 1.490259164879940146e-01 1.649252381801836753e-01 1.531113306874881119e-01
-1.508258795150067000e-01 -1.231590508054667688e-01 -8.883092513659815448e-02 -6.107179898258979778e-02 -3.502562618860510790e-02 -3.938522911728542346e-03 2.848907466551931639e-02 5.690061509415737795e-02 8.245373995413372847e-02 1.207305095637422332e-01 1.531113306874881119e-01 1.797621379198897917e-01
1.877130174827142117e-01 1.562233417102996125e-01 1.247152709241014235e-01 8.884942122254940733e-02 5.960664600287704507e-02 3.001051190849185479e-02 -2.928732911302025458e-03 -3.399765789552544604e-02 -5.973923108785575420e-02 -8.638879741677402135e-02 -1.153379383785387985e-01 -1.540665827768417928e-01
1.562233417102996125e-01 1.679609624626639264e-01 1.555516412946202631e-01 1.159435019144023915e-01 8.330473279643452189e-02 5.669759735518563326e-02 2.693294049250793618e-02 -1.509874616170352613e-03 -3.007993901787261309e-02 -5.704132106890529019e-02 -8.210679361193523595e-02 -1.152725877374516650e-01
1.247152709241014235e-01 1.555516412946202631e-01 1.855638483498722457e-01 1.542617326132970090e-01 1.168880846224547854e-01 8.641605564191325028e-02 5.581449432231105207e-02 3.064775359189717344e-02 -1.530781719194518331e-04 -3.175929921629082331e-02 -5.916440807616582531e-02 -8.811455915576850428e-02
8.884942122254940733e-02 1.159435019144023915e-01 1.542617326132970090e-01 1.606919225669923845e-01 1.409261241374655249e-01 1.136910199932150423e-01 8.007599550137864397e-02 5.755980099474408695e-02 3.069956056311667555e-02 6.631636587970421264e-04 -2.950897728008459314e-02 -5.866995673367429720e-02
5.960664600287704507e-02 8.330473279643452189e-02 1.168880846224547854e-01 1.409261241374655249e-01 1.584754539631497705e-01 1.480376353964326375e-01 1.118061830389882466e-01 8.669221069907456778e-02 6.066544713824380264e-02 3.430560027335654433e-02 3.397672640245462134e-03 -2.872279491445298150e-02
3.001051190849185479e-02 5.669759735518563326e-02 8.641605564191325028e-02 1.136910199932150423e-01 1.480376353964326375e-01 1.712646701216253842e-01 1.453159543759064976e-01 1.201029487944347551e-01 8.959214996872638670e-02 6.412614812033998191e-02 3.508654239913251011e-02 3.183458950129535499e-03
-2.928732911302025458e-03 2.693294049250793618e-02 5.581449432231105207e-02 8.007599550137864397e-02 1.118061830389882466e-01 1.453159543759064976e-01 1.539224240711749292e-01 1.469906052247683115e-01 1.155760315191982357e-01 8.649929574670342514e-02 5.871978992564259869e-02 3.213569640307576553e-02
-3.399765789552544604e-02 -1.509874616170352613e-03 3.064775359189717344e-02 5.755980099474408695e-02 8.669221069907456778e-02 1.201029487944347551e-01 1.469906052247683115e-01 1.783198153514699291e-01 1.568793784060148744e-01 1.212722604587571085e-01 8.626633508440659237e-02 5.963643217280072129e-02
-5.973923108785575420e-02 -3.007993901787261309e-02 -1.530781719194518331e-04 3.069956056311667555e-02 6.066544713824380264e-02 8.959214996872638670e-02 1.155760315191982357e-01 1.568793784060148744e-01 1.730645931861125031e-01 1.502248065437846725e-01 1.122929043200672217e-01 8.291406085147778882e-02
-8.638879741677402135e-02 -5.704132106890529019e-02 -3.175929921629082331e-02 6.631636587970421264e-04 3.430560027335654433e-02 6.412614812033998191e-02 8.649929574670342514e-02 1.212722604587571085e-01 1.502248065437846725e-01 1.621644436357778107e-01 1.373135138440597647e-01 1.099903988378213293e-01
-1.153379383785387985e-01 -8.210679361193523595e-02 -5.916440807616582531e-02 -2.950897728008459314e-02 3.397672640245462134e-03 3.508654239913251011e-02 5.871978992564259869e-02 8.626633508440659237e-02 1.122929043200672217e-01 1.373135138440597647e-01 1.443127462405426331e-01 1.342352759407541007e-01
-1.540665827768417928e-01 -1.152725877374516650e-01 -8.811455915576850428e-02 -5.866995673367429720e-02 -2.872279491445298150e-02 3.183458950129535499e-03 3.213569640307576553e-02 5.963643217280072129e-02 8.291406085147778882e-02 1.099903988378213293e-01 1.342352759407541007e-01 1.565461025679047991e-01
1.709707878171063400e-01 1.583153132589315282e-01 1.205387945884487388e-01 8.434815443455034867e-02 5.477465619818917830e-02 2.703619320073892551e-02 -4.658173712275311476e-03 -3.388003572337597996e-02 -5.790888363947004763e-02 -8.465664292246649625e-02 -1.161210477272119207e-01 -1.485092584885392419e-01
1.583153132589315282e-01 1.895956763037336679e-01 1.618099658144996622e-01 1.178542810876130609e-01 8.320674639408813522e-02 5.772212558656519138e-02 2.630467166374664267e-02 -3.322641491684071805e-03 -3.219203418447244558e-02 -6.044748706812790029e-02 -8.867502137057811651e-02 -1.200574511515067333e-01
1.205387945884487388e-01 1.618099658144996622e-01 1.755051189077795615e-01 1.453836421170605631e-01 1.113410377525512751e-01 8.570952319823664511e-02 5.490020039058231965e-02 2.987668297798685285e-02 -3.322237397107574708e-05 -3.155990781477542584e-02 -6.092821720543698666e-02 -8.787489882150278930e-02
8.434815443455034867e-02 1.178542810876130609e-01 1.453836421170605631e-01 1.530653483876410759e-01 1.375825856629903921e-01 1.167524582323345717e-01 8.158354602395426203e-02 5.878613261095651243e-02 3.187108931201029782e-02 1.418569385612507370e-03 -2.998706715997401934e-02 -5.772670315990895140e-02
5.477465619818917830e-02 8.320674639408813522e-02 1.113410377525512751e-01 1.375825856629903921e-01 1.584276197790777663e-01 1.555401560133175820e-01 1.142855882184458244e-01 8.715928719790164148e-02 6.067727909868386033e-02 3.393489889821511146e-02 3.560649677833011874e-03 -2.703555633701187552e-02
2.703619320073892551e-02 5.772212558656519138e-02 8.570952319823664511e-02 1.167524582323345717e-01 1.555401560133175820e-01 1.898717115207278761e-01 1.543234057389702985e-01 1.227406342795743788e-01 9.026469421269942006e-02 6.394904737351433943e-02 3.623731901081389539e-02 4.936347862790747484e-03
-4.658173712275311476e-03 2.630467166374664267e-02 5.490020039058231965e-02 8.158354602395426203e-02 1.142855882184458244e-01 1.543234057389702985e-01 1.595776640589162132e-01 1.469480078178538873e-01 1.137697634302032995e-01 8.471514199012793178e-02 5.926494570147187307e-02 3.336784211776295389e-02
-3.388003572337597996e-02 -3.322641491684071805e-03 2.987668297798685285e-02 5.878613261095651243e-02 8.715928719790164148e-02 1.227406342795743788e-01 1.469480078178538873e-01 1.719577060334211704e-01 1.485585785477582799e-01 1.160426961711559374e-01 8.602533778192067437e-02 6.000437498933314240e-02
-5.790888363947004763e-02 -3.219203418447244558e-02 -3.322237397107574708e-05 3.187108931201029782e-02 6.067727909868386033e-02 9.026469421269942006e-02 1.137697634302032995e-01 1.485585785477582799e-01 1.568113587934561459e-01 1.386851232718888105e-01 1.106402623946360630e-01 8.276485829777099901e-02
-8.465664292246649625e-02 -6.044748706812790029e-02 -3.155990781477542584e-02 1.418569385612507370e-03 3.393489889821511146e-02 6.394904737351433943e-02 8.471514199012793178e-02 1.160426961711559374e-01 1.386851232718888105e-01 1.523483017176378851e-01 1.395333218086626526e-01 1.126984712727220200e-01
-1.161210477272119207e-01 -8.867502137057811651e-02 -6.092821720543698666e-02 -2.998706715997401934e-02 3.560649677833011874e-03 3.623731901081389539e-02 5.926494570147187307e-02 8.602533778192067437e-02 1.106402623946360630e-01 1.395333218086626526e-01 1.582318204112498905e-01 1.450420678643409844e-01
-1.485092584885392419e-01 -1.200574511515067333e-01 -8.787489882150278930e-02 -5.772670315990895140e-02 -2.703555633701187552e-02 4.936347862790747484e-03 3.336784211776295389e-02 6.000437498933314240e-02 8.276485829777099901e-02 1.126984712727220200e-01 1.450420678643409844e-01 1.636368862692525739e-01
1.460772910727876905e-01 1.344306810352979276e-01 1.086396253381634452e-01 8.723034399758933244e-02 6.079619437325706199e-02 3.728302427509574968e-02 9.935841971559009403e-03 -2.289596354592694089e-02 -5.705911576191550344e-02 -8.013011962814797773e-02 -1.152377493519720214e-01 -1.432523811290944971e-01
1.344306810352979276e-01 1.540967593769969612e-01 1.415548561390607696e-01 1.204636393859939703e-01 8.728658458918289731e-02 6.364817225866342687e-02 4.031343210450268749e-02 6.937154274102821233e-03 -2.812384457052259992e-02 -5.428426322700551088e-02 -8.455601214180748226e-02 -1.134375336297623604e-01
1.086396253381634452e-01 1.415548561390607696e-01 1.604049953800419925e-01 1.536054485138241277e-01 1.145863853439571811e-01 8.584714420418979031e-02 6.380505438922168260e-02 3.365777414090893871e-02 2.828648485882876481e-03 -2.781813511448424925e-02 -5.790202314120086735e-02 -8.428787603386317384e-02
8.723034399758933244e-02 1.204636393859939703e-01 1.536054485138241277e-01 1.808859389931248007e-01 1.484330802006514627e-01 1.157971003557846379e-01 9.025515994415575505e-02 5.935654453422586213e-02 3.327834425078224356e-02 -8.128118112512312116e-04 -3.469868414573705484e-02 -6.337340294641370664e-02
6.079619437325706199e-02 8.728658458918289731e-02 1.145863853439571811e-01 1.484330802006514627e-01 1.511602191671350404e-01 1.352541185813098956e-01 1.134413003734049130e-01 8.010542624504113363e-02 5.756788192469314974e-02 2.642584068698665759e-02 -5.140771140436982065e-03 -3.622457027947635633e-02
3.728302427509574968e-02 6.364817225866342687e-02 8.584714420418979031e-02 1.157971003557846379e-01 1.352541185813098956e-01 1.509694597986064313e-01 1.439057744505378711e-01 1.089088971558363067e-01 8.527919844730794119e-02 5.377646856308881951e-02 2.584451376408912482e-02 -7.244079124346509274e-03
9.935841971559009403e-03 4.031343210450268749e-02 6.380505438922168260e-02 9.025515994415575505e-02 1.134413003734049130e-01 1.439057744505378711e-01 1.664279726912818447e-01 1.426954791119307564e-01 1.215822625251257727e-01 8.363051776610687382e-02 5.706205741734900194e-02 2.481001636014689218e-02
-2.289596354592694089e-02 6.937154274102821233e-03 3.365777414090893871e-02 5.935654453422586213e-02 8.010542624504113363e-02 1.089088971558363067e-01 1.426954791119307564e-01 1.572355645095636356e-01 1.587028289755185728e-01 1.146018709589708556e-01 8.451330439136790773e-02 5.524671761193390707e-02
-5.705911576191550344e-02 -2.812384457052259992e-02 2.828648485882876481e-03 3.327834425078224356e-02 5.756788192469314974e-02 8.527919844730794119e-02 1.215822625251257727e-01 1.587028289755185728e-01 2.066399665543219299e-01 1.640793999277892490e-01 1.256657468371931152e-01 9.055795377832191739e-02
-8.013011962814797773e-02 -5.428426322700551088e-02 -2.781813511448424925e-02 -8.128118112512312116e-04 2.642584068698665759e-02 5.377646856308881951e-02 8.363051776610687382e-02 1.146018709589708556e-01 1.640793999277892490e-01 1.684847652884309266e-01 1.517381970120559864e-01 1.168855416878515074e-01
-1.152377493519720214e-01 -8.455601214180748226e-02 -5.790202314120086735e-02 -3.469868414573705484e-02 -5.140771140436982065e-03 2.584451376408912482e-02 5.706205741734900194e-02 8.451330439136790773e-02 1.256657468371931152e-01 1.517381970120559864e-01 1.818027681984127342e-01 1.596198562999229520e-01
-1.432523811290944971e-01 -1.134375336297623604e-01 -8.428787603386317384e-02 -6.337340294641370664e-02 -3.622457027947635633e-02 -7.244079124346509274e-03 2.481001636014689218e-02 5.524671761193390707e-02 9.055795377832191739e-02 1.168855416878515074e-01 1.596198562999229520e-01 1.758142989692960678e-01
