4.058268385829749691e-01 2.626886914106385529e-01 8.350727339974473029e-02 -5.821392687291965934e-02 -7.716806438825186965e-02 -3.437043914045998265e-04 7.815667152843988608e-02 6.081452272117640612e-02 -8.407487056612183984e-02 -2.695374469699960418e-01
2.626886914106385529e-01 3.959714460232791611e-01 2.657093932913940915e-01 8.918005732899832172e-02 -5.835081546170876876e-02 -8.114848174247692170e-02 -1.791947900009451628e-03 7.938519714877399769e-02 6.076590847401547313e-02 -8.351907898904606387e-02
8.350727339974473029e-02 2.657093932913940915e-01 4.028832055442470583e-01 2.664503092692953601e-01 8.439422248815697802e-02 -5.936126254079449743e-02 -7.866743553832926394e-02 -1.653526200353559045e-03 7.793208228312263619e-02 6.127884743227215991e-02
-5.821392687291965934e-02 8.918005732899832172e-02 2.664503092692953601e-01 3.982215614035612972e-01 2.628403152057277037e-01 8.743835610630895649e-02 -5.633353442527432031e-02 -8.003250192370307825e-02 -2.577201285904683926e-03 7.913196281050417780e-02
-7.716806438825186965e-02 -5.835081546170876876e-02 8.439422248815697802e-02 2.628403152057277037e-01 3.984619406562863175e-01 2.679264769871893548e-01 8.882618049716391184e-02 -5.774183999857483707e-02 -7.984278983257153683e-02 -2.321403652331009183e-03
-3.437043914045998265e-04 -8.114848174247692170e-02 -5.936126254079449743e-02 8.743835610630895649e-02 2.679264769871893548e-01 4.020839414400887990e-01 2.621970030965419252e-01 8.604718386951151765e-02 -5.678199216666187515e-02 -7.937148632285558059e-02
7.815667152843988608e-02 -1.791947900009451628e-03 -7.866743553832926394e-02 -5.633353442527432031e-02 8.882618049716391184e-02 2.621970030965419252e-01 3.881108918560428611e-01 2.662630127632334975e-01 9.090489565297497909e-02 -5.735946985489577543e-02
6.081452272117640612e-02 7.938519714877399769e-02 -1.653526200353559045e-03 -8.003250192370307825e-02 -5.774183999857483707e-02 8.604718386951151765e-02 2.662630127632334975e-01 4.081910407770629190e-01 2.658234686379344902e-01 8.365033462913513962e-02
-8.407487056612183984e-02 6.076590847401547313e-02 7.793208228312263619e-02 -2.577201285904683926e-03 -7.984278983257153683e-02 -5.678199216666187515e-02 9.090489565297497909e-02 2.658234686379344902e-01 3.890797950301885244e-01 2.623333811774786195e-01
-2.695374469699960418e-01 -8.351907898904606387e-02 6.127884743227215991e-02 7.913196281050417780e-02 -2.321403652331009183e-03 -7.937148632285558059e-02 -5.735946985489577543e-02 8.365033462913513962e-02 2.623333811774786195e-01 4.111693386862600996e-01
4.178217153719439581e-01 2.680137374365795244e-01 8.142510398172569941e-02 -6.202187579571633025e-02 -7.704307620815693813e-02 6.023107269657701317e-03 7.960624884853804983e-02 5.470855809511582235e-02 -8.445573035593488542e-02 -2.651652244656559354e-01
2.680137374365795244e-01 4.017054586581436659e-01 2.626511237106914365e-01 8.234302735916373961e-02 -6.160379074223101131e-02 -7.704865181255030060e-02 3.604428749191467343e-03 7.988937199828251290e-02 6.205214682587451014e-02 -8.156845681807428639e-02
8.142510398172569941e-02 2.626511237106914365e-01 4.015967928928543818e-01 2.671306102846227049e-01 8.391136418750352877e-02 -6.219830248685333934e-02 -7.934108798147243569e-02 1.366399189000426333e-03 8.006428238750207260e-02 6.257512103992296515e-02
-6.202187579571633025e-02 8.234302735916373961e-02 2.671306102846227049e-01 4.095604915916976618e-01 2.662658136412058840e-01 8.138149285312354375e-02 -6.044327910312665558e-02 -7.836818100596810999e-02 -4.247277129718722566e-03 7.576149741471194243e-02
-7.704307620815693813e-02 -6.160379074223101131e-02 8.391136418750352877e-02 2.662658136412058840e-01 4.028269001970395391e-01 2.635753145407624398e-01 8.630080109635364372e-02 -5.637170071786880288e-02 -8.206456013350039991e-02 -8.268814421152573951e-03
6.023107269657701317e-03 -7.704865181255030060e-02 -6.219830248685333934e-02 8.138149285312354375e-02 2.635753145407624398e-01 4.002947100107661083e-01 2.671238657455283216e-01 9.040536518509019459e-02 -5.365360197568850437e-02 -8.023912369840932590e-02
7.960624884853804983e-02 3.604428749191467343e-03 -7.934108798147243569e-02 -6.044327910312665558e-02 8.630080109635364372e-02 2.671238657455283216e-01 3.995501939834920635e-01 2.627341164935374507e-01 9.354904827118726285e-02 -5.022598956983337359e-02
5.470855809511582235e-02 7.988937199828251290e-02 1.366399189000426333e-03 -7.836818100596810999e-02 -5.637170071786880288e-02 9.040536518509019459e-02 2.627341164935374507e-01 3.799950344420826021e-01 2.639573970327563357e-01 9.528183359099615113e-02
-8.445573035593488542e-02 6.205214682587451014e-02 8.006428238750207260e-02 -4.247277129718722566e-03 -8.206456013350039991e-02 -5.365360197568850437e-02 9.354904827118726285e-02 2.639573970327563357e-01 3.922322108200994029e-01 2.641901270568048909e-01
-2.651652244656559354e-01 -8.156845681807428639e-02 6.257512103992296515e-02 7.576149741471194243e-02 -8.268814421152573951e-03 -8.023912369840932590e-02 -5.022598956983337359e-02 9.528183359099615113e-02 2.641901270568048909e-01 3.944164920318750656e-01
4.029500119310607809e-01 2.644849340748720579e-01 8.340138218272766246e-02 -6.041340677020401451e-02 -7.875259046957802656e-02 1.849316279679391346e-03 7.997950417912014220e-02 5.950028664047971039e-02 -8.399539218193968759e-02 -2.664832723013611515e-01
2.644849340748720579e-01 3.980346064497803926e-01 2.649190830417979536e-01 8.704483651864884652e-02 -5.823419001682458851e-02 -7.777762776489380303e-02 3.728776349552342419e-03 8.111464509552611390e-02 5.918976494235422825e-02 -8.635246560099987811e-02
8.340138218272766246e-02 2.649190830417979536e-01 4.048254331653377003e-01 2.676594822095102466e-01 8.641315025170145936e-02 -5.963231703919902316e-02 -7.808020596842908667e-02 -7.991959756829358601e-05 7.716320812437924004e-02 5.934255384823027002e-02
-6.041340677020401451e-02 8.704483651864884652e-02 2.676594822095102466e-01 3.978189966770325769e-01 2.616177074702255023e-01 8.253712655639947049e-02 -6.102583325159292166e-02 -8.068982261316251514e-02 -2.245620052105069212e-03 7.966239720194974450e-02
-7.875259046957802656e-02 -5.823419001682458851e-02 8.641315025170145936e-02 2.616177074702255023e-01 3.967368016407713527e-01 2.677622651582576840e-01 8.477658925720842065e-02 -6.010182158452934131e-02 -7.940071486885547092e-02 -3.168087371063545979e-04
1.849316279679391346e-03 -7.777762776489380303e-02 -5.963231703919902316e-02 8.253712655639947049e-02 2.677622651582576840e-01 4.179973991487651030e-01 2.662068029006503522e-01 8.557481458769160276e-02 -5.542281987408394228e-02 -7.822323334981885756e-02
7.997950417912014220e-02 3.728776349552342419e-03 -7.808020596842908667e-02 -6.102583325159292166e-02 8.477658925720842065e-02 2.662068029006503522e-01 3.896685091745455409e-01 2.619122876196041116e-01 9.254395922098071492e-02 -5.427604459860001229e-02
5.950028664047971039e-02 8.111464509552611390e-02 -7.991959756829358601e-05 -8.068982261316251514e-02 -6.010182158452934131e-02 8.557481458769160276e-02 2.619122876196041116e-01 3.919649040192617617e-01 2.664033727249973671e-01 8.860703235731112737e-02
-8.399539218193968759e-02 5.918976494235422825e-02 7.716320812437924004e-02 -2.245620052105069212e-03 -7.940071486885547092e-02 -5.542281987408394228e-02 9.254395922098071492e-02 2.664033727249973671e-01 3.967477100335734530e-01 2.641279488578435197e-01
-2.664832723013611515e-01 -8.635246560099987811e-02 5.934255384823027002e-02 7.966239720194974450e-02 -3.168087371063545979e-04 -7.822323334981885756e-02 -5.427604459860001229e-02 8.860703235731112737e-02 2.641279488578435197e-01 4.032556277598616790e-01
4.092980533742587856e-01 2.612069128880013524e-01 8.424904335766539298e-02 -5.491125717947856200e-02 -7.929509886851929257e-02 -4.613363069196365317e-03 7.832171236253884783e-02 6.078301279993764822e-02 -8.509135549054813730e-02 -2.704457354200043850e-01
2.612069128880013524e-01 3.906072274209779760e-01 2.665915603518293486e-01 9.551524296737254338e-02 -5.275899350661601706e-02 -8.019216622332625555e-02 -2.774073065216887610e-03 7.834760137913662770e-02 6.013871675706185943e-02 -8.332738207504278294e-02
8.424904335766539298e-02 2.665915603518293486e-01 4.021864481485230014e-01 2.651662393144171292e-01 8.954528676437392698e-02 -5.583740198068681826e-02 -7.906626689918046236e-02 -4.939977556384914830e-04 7.960985486287636137e-02 6.083431598847550276e-02
-5.491125717947856200e-02 9.551524296737254338e-02 2.651662393144171292e-01 3.788719641728478527e-01 2.604764418668733539e-01 8.884112214717745926e-02 -5.844341427866839300e-02 -7.906795016456455438e-02 1.305412687201667685e-03 8.016384462626369167e-02
-7.929509886851929257e-02 -5.275899350661601706e-02 8.954528676437392698e-02 2.604764418668733539e-01 4.008978164324422111e-01 2.696887297546796125e-01 8.248733217402018369e-02 -6.401212264411190733e-02 -7.967175258530459492e-02 3.576909999378458539e-03
-4.613363069196365317e-03 -8.019216622332625555e-02 -5.583740198068681826e-02 8.884112214717745926e-02 2.696887297546796125e-01 4.112005904942639400e-01 2.626896212298601707e-01 7.890118853884328654e-02 -6.039335646212806719e-02 -7.606153184343672491e-02
7.832171236253884783e-02 -2.774073065216887610e-03 -7.906626689918046236e-02 -5.844341427866839300e-02 8.248733217402018369e-02 2.626896212298601707e-01 4.016754774822224872e-01 2.672863703888634923e-01 8.922491886566127905e-02 -5.815975541364205859e-02
6.078301279993764822e-02 7.834760137913662770e-02 -4.939977556384914830e-04 -7.906795016456455438e-02 -6.401212264411190733e-02 7.890118853884328654e-02 2.672863703888634923e-01 4.078818831114949806e-01 2.653682555209486149e-01 8.356602853892822202e-02
-8.509135549054813730e-02 6.013871675706185943e-02 7.960985486287636137e-02 1.305412687201667685e-03 -7.967175258530459492e-02 -6.039335646212806719e-02 8.922491886566127905e-02 2.653682555209486149e-01 3.884893214282599816e-01 2.620573505266078351e-01
-2.704457354200043850e-01 -8.332738207504278294e-02 6.083431598847550276e-02 8.016384462626369167e-02 3.576909999378458539e-03 -7.606153184343672491e-02 -5.815975541364205859e-02 8.356602853892822202e-02 2.620573505266078351e-01 4.088912179347119480e-01
4.011154545867866572e-01 2.640940643543479016e-01 8.453150833177036638e-02 -5.821469910110657620e-02 -7.546940988759331947e-02 3.057212732555470401e-03 7.823599540520381757e-02 5.909128974098643017e-02 -8.448361378893370910e-02 -2.677193835889996043e-01
2.640940643543479016e-01 4.060645949592680548e-01 2.658803693405460966e-01 8.917670594369347947e-02 -5.774802915968521577e-02 -8.009745766732614958e-02 1.461708813444712561e-03 8.093255842453217497e-02 6.088260697269892718e-02 -8.168615918827203115e-02
8.453150833177036638e-02 2.658803693405460966e-01 3.915759239271452419e-01 2.647792568099727739e-01 8.481376476635489603e-02 -6.117044514029167795e-02 -7.759323360571301897e-02 -8.179028005203555331e-04 7.708536783100969347e-02 6.167771492374610198e-02
-5.821469910110657620e-02 8.917670594369347947e-02 2.647792568099727739e-01 4.023419683480690123e-01 2.641141126744037670e-01 8.217281075605292751e-02 -6.103302153284753673e-02 -8.165999767337728255e-02 -1.753706580951044057e-03 8.061590033727235316e-02
-7.546940988759331947e-02 -5.774802915968521577e-02 8.481376476635489603e-02 2.641141126744037670e-01 4.035997065106262105e-01 2.683848567336644120e-01 8.449174325024388921e-02 -5.846286419181300625e-02 -7.762291799893296373e-02 -2.444480977297249381e-03
3.057212732555470401e-03 -8.009745766732614958e-02 -6.117044514029167795e-02 8.217281075605292751e-02 2.683848567336644120e-01 4.139446927255564512e-01 2.626575721350946635e-01 8.816401964828242399e-02 -5.352481612136938960e-02 -8.071149853291659237e-02
7.823599540520381757e-02 1.461708813444712561e-03 -7.759323360571301897e-02 -6.103302153284753673e-02 8.449174325024388921e-02 2.626575721350946635e-01 3.808416390230303650e-01 2.648395401521376202e-01 9.450600306009671048e-02 -5.446134771768221250e-02
5.909128974098643017e-02 8.093255842453217497e-02 -8.179028005203555331e-04 -8.165999767337728255e-02 -5.846286419181300625e-02 8.816401964828242399e-02 2.648395401521376202e-01 4.019282953880809472e-01 2.650770344952745883e-01 8.690647673467469247e-02
-8.448361378893370910e-02 6.088260697269892718e-02 7.708536783100969347e-02 -1.753706580951044057e-03 -7.762291799893296373e-02 -5.352481612136938960e-02 9.450600306009671048e-02 2.650770344952745883e-01 3.841096061953467311e-01 2.633459418115229322e-01
-2.677193835889996043e-01 -8.168615918827203115e-02 6.167771492374610198e-02 8.061590033727235316e-02 -2.444480977297249381e-03 -8.071149853291659237e-02 -5.446134771768221250e-02 8.690647673467469247e-02 2.633459418115229322e-01 4.144781183360974897e-01
4.085070402360438391e-01 2.719173965689792860e-01 8.271902796740043806e-02 -6.300819889461128920e-02 -7.821999047537356309e-02 2.917657253990841529e-03 7.800368380996876294e-02 5.585329329646328972e-02 -8.481191971998711110e-02 -2.607036151915919087e-01
2.719173965689792860e-01 4.100721932022337590e-01 2.601245633164233073e-01 8.029589948424917245e-02 -5.879923522769524985e-02 -7.756120940479740988e-02 -1.097891985867233480e-04 7.917286135995341145e-02 5.872433677077865816e-02 -8.760177945491930129e-02
8.271902796740043806e-02 2.601245633164233073e-01 3.928492064397865469e-01 2.678983814958810772e-01 8.999359626474620621e-02 -5.874250494973112802e-02 -8.043567824753355966e-02 -7.043483544411454191e-04 7.846235892126030009e-02 5.948986159837638121e-02
-6.300819889461128920e-02 8.029589948424917245e-02 2.678983814958810772e-01 4.146446819499504666e-01 2.659910311691398577e-01 8.304753134443441931e-02 -5.856052179410486253e-02 -7.823652685911217097e-02 -3.419925235900425804e-04 7.924525768523020541e-02
-7.821999047537356309e-02 -5.879923522769524985e-02 8.999359626474620621e-02 2.659910311691398577e-01 3.864198487032282636e-01 2.614666652222089605e-01 9.047371089630051877e-02 -5.553337896950814867e-02 -7.915048769522270433e-02 -2.740160989329624899e-03
2.917657253990841529e-03 -7.756120940479740988e-02 -5.874250494973112802e-02 8.304753134443441931e-02 2.614666652222089605e-01 4.031221045040771500e-01 2.696905276992443978e-01 8.664166950364010633e-02 -6.050067620265377893e-02 -8.166634061776259501e-02
7.800368380996876294e-02 -1.097891985867233480e-04 -8.043567824753355966e-02 -5.856052179410486253e-02 9.047371089630051877e-02 2.696905276992443978e-01 3.990655340654498673e-01 2.603677909849613781e-01 8.293301769059065187e-02 -5.734800484605755838e-02
5.585329329646328972e-02 7.917286135995341145e-02 -7.043483544411454191e-04 -7.823652685911217097e-02 -5.553337896950814867e-02 8.664166950364010633e-02 2.603677909849613781e-01 3.964396172532904661e-01 2.688564684130737015e-01 9.254324542869614423e-02
-8.481191971998711110e-02 5.872433677077865816e-02 7.846235892126030009e-02 -3.419925235900425804e-04 -7.915048769522270433e-02 -6.050067620265377893e-02 8.293301769059065187e-02 2.688564684130737015e-01 4.087323727699828102e-01 2.643231756717960845e-01
-2.607036151915919087e-01 -8.760177945491930129e-02 5.948986159837638121e-02 7.924525768523020541e-02 -2.740160989329624899e-03 -8.166634061776259501e-02 -5.734800484605755838e-02 9.254324542869614423e-02 2.643231756717960845e-01 3.801474008759505585e-01
4.035032711159026730e-01 2.629512571931947318e-01 8.602180399146189260e-02 -5.628739420805932425e-02 -7.907653126135671950e-02 -3.897227629237705847e-03 7.760711568375733282e-02 6.193677307558081990e-02 -8.258230440359597135e-02 -2.681538421924140048e-01
2.629512571931947318e-01 3.968660768742557909e-01 2.658877386508056162e-01 9.145078912437064333e-02 -5.530097798879281268e-02 -8.087802200366620009e-02 -2.770752835002719770e-03 7.938437325385816479e-02 6.195525421237838004e-02 -8.237239916903887904e-02
8.602180399146189260e-02 2.658877386508056162e-01 3.969496974903645170e-01 2.651510630352772457e-01 8.906214326283942717e-02 -5.612692671723405746e-02 -7.870092408166476372e-02 -2.013356048802961238e-03 7.807891323625354429e-02 6.019313459725917498e-02
-5.628739420805932425e-02 9.145078912437064333e-02 2.651510630352772457e-01 3.915034793358321830e-01 2.629785660509980638e-01 8.847554932581047638e-02 -5.770936966587512928e-02 -8.068078445520099340e-02 -1.578918652338410621e-03 7.944822631705339422e-02
-7.907653126135671950e-02 -5.530097798879281268e-02 8.906214326283942717e-02 2.629785660509980638e-01 3.958363054431338623e-01 2.668424069743615679e-01 8.524532293962552854e-02 -6.058713636253244134e-02 -7.928738911410589119e-02 1.527842059522587122e-03
-3.897227629237705847e-03 -8.087802200366620009e-02 -5.612692671723405746e-02 8.847554932581047638e-02 2.668424069743615679e-01 4.068258910778680404e-01 2.643784051339030938e-01 8.416709661367620388e-02 -5.842380561048567122e-02 -7.762526675091058204e-02
7.760711568375733282e-02 -2.770752835002719770e-03 -7.870092408166476372e-02 -5.770936966587512928e-02 8.524532293962552854e-02 2.643784051339030938e-01 3.976938248800234721e-01 2.660651274458668558e-01 8.868044120758467042e-02 -5.845730527553604644e-02
6.193677307558081990e-02 7.938437325385816479e-02 -2.013356048802961238e-03 -8.068078445520099340e-02 -6.058713636253244134e-02 8.416709661367620388e-02 2.660651274458668558e-01 4.024040276463117793e-01 2.645489646425616681e-01 8.333868141756982373e-02
-8.258230440359597135e-02 6.195525421237838004e-02 7.807891323625354429e-02 -1.578918652338410621e-03 -7.928738911410589119e-02 -5.842380561048567122e-02 8.868044120758467042e-02 2.645489646425616681e-01 3.937426852792037524e-01 2.646915598369271594e-01
-2.681538421924140048e-01 -8.237239916903887904e-02 6.019313459725917498e-02 7.944822631705339422e-02 1.527842059522587122e-03 -7.762526675091058204e-02 -5.845730527553604644e-02 8.333868141756982373e-02 2.646915598369271594e-01 4.146747408571045401e-01
4.112772927608948637e-01 2.691584256548330556e-01 8.630933249496347548e-02 -5.971264330653975466e-02 -8.049360385766390902e-02 -6.719775189235437096e-03 7.346498061943622371e-02 6.142220309645732290e-02 -7.716096519709358947e-02 -2.634930815906015855e-01
2.691584256548330556e-01 4.052894168899120464e-01 2.608600136561037286e-01 8.159335841965671687e-02 -5.840119949418201561e-02 -8.182494681018473437e-02 -7.037176018052111043e-03 7.964257329085489001e-02 6.805263103733373564e-02 -7.791596069639247779e-02
8.630933249496347548e-02 2.608600136561037286e-01 3.891621850976081931e-01 2.670828289972497771e-01 9.377938429065754700e-02 -5.158188316386706773e-02 -7.892096735565998222e-02 -4.496112581504874660e-03 7.767699074036332751e-02 6.079441727038753518e-02
-5.971264330653975466e-02 8.159335841965671687e-02 2.670828289972497771e-01 4.150344693992976119e-01 2.674706431641649118e-01 9.258999287320482385e-02 -5.161907201668058942e-02 -8.059097394618279508e-02 -7.838067279865577539e-03 7.461720443800409774e-02
-8.049360385766390902e-02 -5.840119949418201561e-02 9.377938429065754700e-02 2.674706431641649118e-01 3.712505255900035994e-01 2.554419253545008872e-01 9.149082897312175999e-02 -5.470822398400018716e-02 -8.151225364085293301e-02 -4.164173409592150307e-03
-6.719775189235437096e-03 -8.182494681018473437e-02 -5.158188316386706773e-02 9.258999287320482385e-02 2.554419253545008872e-01 3.853734707548802652e-01 2.703975505956646153e-01 8.952043856100777575e-02 -6.034868950419920719e-02 -7.962467648362801798e-02
7.346498061943622371e-02 -7.037176018052111043e-03 -7.892096735565998222e-02 -5.161907201668058942e-02 9.149082897312175999e-02 2.703975505956646153e-01 4.174501693823377546e-01 2.651068554125054488e-01 8.122943276105329402e-02 -5.871452879245603329e-02
6.142220309645732290e-02 7.964257329085489001e-02 -4.496112581504874660e-03 -8.059097394618279508e-02 -5.470822398400018716e-02 8.952043856100777575e-02 2.651068554125054488e-01 3.885034118963650585e-01 2.615006175916665399e-01 8.777716937374055450e-02
-7.716096519709358947e-02 6.805263103733373564e-02 7.767699074036332751e-02 -7.838067279865577539e-03 -8.151225364085293301e-02 -6.034868950419920719e-02 8.122943276105329402e-02 2.615006175916665399e-01 4.031387489117893019e-01 2.692589492965533071e-01
-2.634930815906015855e-01 -7.791596069639247779e-02 6.079441727038753518e-02 7.461720443800409774e-02 -4.164173409592150307e-03 -7.962467648362801798e-02 -5.871452879245603329e-02 8.777716937374055450e-02 2.692589492965533071e-01 4.135203093169182442e-01
3.921799008057260671e-01 2.680375936660219782e-01 9.009546947189976673e-02 -5.972689639940685635e-02 -7.864936063716154724e-02 3.067955074326266744e-03 7.918792766944364458e-02 5.612169064946798819e-02 -8.812737250402985500e-02 -2.612305629075985514e-01
2.680375936660219782e-01 4.021224557963981594e-01 2.631966929924942633e-01 7.869585881035318087e-02 -6.400329177503999434e-02 -7.850837455301103163e-02 2.024660664012314926e-03 7.966299739513180156e-02 5.661408569218267378e-02 -9.001120630946132795e-02
9.009546947189976673e-02 2.631966929924942633e-01 3.970996711215641906e-01 2.652922650543065863e-01 8.125125120861249883e-02 -6.243701150285280860e-02 -7.877611485304805705e-02 3.021430044136144254e-03 8.010783627778789162e-02 5.520148228717468991e-02
-5.972689639940685635e-02 7.869585881035318087e-02 2.652922650543065863e-01 4.226384456111739740e-01 2.693923075736092687e-01 8.274124634836362013e-02 -5.881501392664940930e-02 -7.722588291804846627e-02 1.108277640747172728e-03 7.759433782943339630e-02
-7.864936063716154724e-02 -6.400329177503999434e-02 8.125125120861249883e-02 2.693923075736092687e-01 3.999806230422896514e-01 2.604278003924735962e-01 8.909402328139309768e-02 -5.475760142762639560e-02 -7.887380550385124367e-02 -2.905032929303813689e-03
3.067955074326266744e-03 -7.850837455301103163e-02 -6.243701150285280860e-02 8.274124634836362013e-02 2.604278003924735962e-01 3.871910377710788831e-01 2.670856432497280553e-01 9.070275913480001229e-02 -5.918062331583185537e-02 -8.149811063674192169e-02
7.918792766944364458e-02 2.024660664012314926e-03 -7.877611485304805705e-02 -5.881501392664940930e-02 8.909402328139309768e-02 2.670856432497280553e-01 4.034678083596503484e-01 2.646345159023688609e-01 8.191288735471058402e-02 -5.968425399079300975e-02
5.612169064946798819e-02 7.966299739513180156e-02 3.021430044136144254e-03 -7.722588291804846627e-02 -5.475760142762639560e-02 9.070275913480001229e-02 2.646345159023688609e-01 3.969156096388926636e-01 2.648433155095389901e-01 8.815175159456606346e-02
-8.812737250402985500e-02 5.661408569218267378e-02 8.010783627778789162e-02 1.108277640747172728e-03 -7.887380550385124367e-02 -5.918062331583185537e-02 8.191288735471058402e-02 2.648433155095389901e-01 4.082557622519911722e-01 2.669363050107764757e-01
-2.612305629075985514e-01 -9.001120630946132795e-02 5.520148228717468991e-02 7.759433782943339630e-02 -2.905032929303813689e-03 -8.149811063674192169e-02 -5.968425399079300975e-02 8.815175159456606346e-02 2.669363050107764757e-01 3.901486856012362781e-01
3.800844792629921587e-01 2.634306026540041978e-01 9.157628883765704664e-02 -5.918720870971379278e-02 -7.949153273055117874e-02 -3.192776145745965244e-03 7.640119441908072018e-02 6.198159825491437319e-02 -8.455860674203094507e-02 -2.634985028984936917e-01
2.634306026540041978e-01 4.033862103232173091e-01 2.664176719384562242e-01 7.757963749879034920e-02 -6.554390722035022265e-02 -8.280348668318551764e-02 -3.000310261396858975e-03 8.007953157133601563e-02 6.097905324181711328e-02 -8.537349127639051738e-02
9.157628883765704664e-02 2.664176719384562242e-01 4.021151656148087006e-01 2.646686097949569327e-01 8.125034514199616642e-02 -5.754509562665918732e-02 -7.666552707380508425e-02 -1.643752748393906369e-03 7.703846157361747549e-02 5.556977338296099217e-02
-5.918720870971379278e-02 7.757963749879034920e-02 2.646686097949569327e-01 4.230286224401077488e-01 2.685761478602394225e-01 9.213780865570148082e-02 -5.131023655508043513e-02 -8.050662149640384901e-02 -5.494042679035872866e-03 7.588951782308349381e-02
-7.949153273055117874e-02 -6.554390722035022265e-02 8.125034514199616642e-02 2.685761478602394225e-01 3.846762417516609300e-01 2.587189844965819274e-01 9.328649245847371596e-02 -5.233975005746479420e-02 -7.897746267241002871e-02 -3.200406474253308757e-03
-3.192776145745965244e-03 -8.280348668318551764e-02 -5.754509562665918732e-02 9.213780865570148082e-02 2.587189844965819274e-01 3.764190296951180903e-01 2.648651686731253729e-01 9.332134892008547844e-02 -5.777426315509220922e-02 -8.055781516880329562e-02
7.640119441908072018e-02 -3.000310261396858975e-03 -7.666552707380508425e-02 -5.131023655508043513e-02 9.328649245847371596e-02 2.648651686731253729e-01 4.018695695756077102e-01 2.681433548311126236e-01 8.085908060804297692e-02 -6.321610953715134373e-02
6.198159825491437319e-02 8.007953157133601563e-02 -1.643752748393906369e-03 -8.050662149640384901e-02 -5.233975005746479420e-02 9.332134892008547844e-02 2.681433548311126236e-01 4.043573697762723462e-01 2.607472392460246091e-01 7.917031028482054977e-02
-8.455860674203094507e-02 6.097905324181711328e-02 7.703846157361747549e-02 -5.494042679035872866e-03 -7.897746267241002871e-02 -5.777426315509220922e-02 8.085908060804297692e-02 2.607472392460246091e-01 4.043042863839050316e-01 2.702730430190937727e-01
-2.634985028984936917e-01 -8.537349127639051738e-02 5.556977338296099217e-02 7.588951782308349381e-02 -3.200406474253308757e-03 -8.055781516880329562e-02 -6.321610953715134373e-02 7.917031028482054977e-02 2.702730430190937727e-01 4.197590251763174685e-01
4.044165800807317246e-01 2.652027990022390869e-01 8.751938210266579921e-02 -5.693028071889770503e-02 -8.179466243981792228e-02 -5.055140628534664921e-03 7.894436488804956742e-02 6.381472682843869482e-02 -8.046812338798675635e-02 -2.647021068674857980e-01
2.652027990022390869e-01 3.954275482038966949e-01 2.655525715558214594e-01 8.945000591419709213e-02 -5.496992006972205302e-02 -7.901022247992453562e-02 -5.380770899331057538e-03 7.639602575703868803e-02 6.169174489770515996e-02 -8.439694618362267309e-02
8.751938210266579921e-02 2.655525715558214594e-01 3.997089209925659414e-01 2.639478897812738700e-01 9.072337658762716361e-02 -5.419738171864268289e-02 -8.179770412449824390e-02 -5.160150492362978146e-03 7.869468221447029066e-02 5.879225283649033851e-02
-5.693028071889770503e-02 8.945000591419709213e-02 2.639478897812738700e-01 3.870435356496241819e-01 2.645948972938189092e-01 9.045200293685061455e-02 -5.614186528634072804e-02 -7.936539488218502525e-02 -1.456537810928671805e-03 7.831044579752556578e-02
-8.179466243981792228e-02 -5.496992006972205302e-02 9.072337658762716361e-02 2.645948972938189092e-01 3.996891669216138254e-01 2.647449207777458624e-01 8.797590843047545239e-02 -5.742991730960961272e-02 -7.940282774314118275e-02 3.365095856733477803e-03
-5.055140628534664921e-03 -7.901022247992453562e-02 -5.419738171864268289e-02 9.045200293685061455e-02 2.647449207777458624e-01 3.921672969968095224e-01 2.652967988413004186e-01 8.744337383797673446e-02 -5.943653745258335730e-02 -7.649281823924536372e-02
7.894436488804956742e-02 -5.380770899331057538e-03 -8.179770412449824390e-02 -5.614186528634072804e-02 8.797590843047545239e-02 2.652967988413004186e-01 4.038864334799563971e-01 2.649066146699824431e-01 8.239465273474866347e-02 -6.297049370912655153e-02
6.381472682843869482e-02 7.639602575703868803e-02 -5.160150492362978146e-03 -7.936539488218502525e-02 -5.742991730960961272e-02 8.744337383797673446e-02 2.649066146699824431e-01 3.972325916529275691e-01 2.654646531464349701e-01 8.046978402901171223e-02
-8.046812338798675635e-02 6.169174489770515996e-02 7.869468221447029066e-02 -1.456537810928671805e-03 -7.940282774314118275e-02 -5.943653745258335730e-02 8.239465273474866347e-02 2.654646531464349701e-01 4.166458347978522214e-01 2.669960656114992448e-01
-2.647021068674857980e-01 -8.439694618362267309e-02 5.879225283649033851e-02 7.831044579752556578e-02 3.365095856733477803e-03 -7.649281823924536372e-02 -6.297049370912655153e-02 8.046978402901171223e-02 2.669960656114992448e-01 4.037820912240222548e-01
4.071823661059128519e-01 2.653853892266883063e-01 8.198080387442509276e-02 -6.205865194497293957e-02 -7.972480421581962240e-02 6.888572696774955800e-04 7.948672836640918726e-02 5.805047910202737471e-02 -8.599210773817092535e-02 -2.651448260094377840e-01
2.653853892266883063e-01 4.060460387629229451e-01 2.667508329324945748e-01 8.144863788471611021e-02 -6.138594272902631738e-02 -7.857198767280618168e-02 -2.093190425809144870e-03 7.690536824656837855e-02 6.173692876842357125e-02 -8.080308261252688862e-02
8.198080387442509276e-02 2.667508329324945748e-01 4.092243527956849758e-01 2.639238447766311113e-01 8.595268583879352164e-02 -5.585144354925070109e-02 -8.016861503113736909e-02 -3.323185071573904123e-03 7.952125080329103257e-02 6.275325229320108389e-02
-6.205865194497293957e-02 8.144863788471611021e-02 2.639238447766311113e-01 3.964023522462711280e-01 2.669709060058442218e-01 9.238455771697573482e-02 -5.391361465507945455e-02 -7.907322580137711443e-02 -5.696834303092134302e-03 7.542090481397741020e-02
-7.972480421581962240e-02 -6.138594272902631738e-02 8.595268583879352164e-02 2.669709060058442218e-01 3.986922286554887007e-01 2.622945407615710489e-01 8.926060083181676374e-02 -5.546573207179955611e-02 -8.220038141193795889e-02 -5.093431747213808883e-03
6.888572696774955800e-04 -7.857198767280618168e-02 -5.585144354925070109e-02 9.238455771697573482e-02 2.622945407615710489e-01 3.800347164907318942e-01 2.644365561771927498e-01 9.007395961352987479e-02 -5.705123433683850082e-02 -7.909832115366124961e-02
7.948672836640918726e-02 -2.093190425809144870e-03 -8.016861503113736909e-02 -5.391361465507945455e-02 8.926060083181676374e-02 2.644365561771927498e-01 4.100162718888703539e-01 2.672699203955219982e-01 8.604064480621362310e-02 -5.812979610101720596e-02
5.805047910202737471e-02 7.690536824656837855e-02 -3.323185071573904123e-03 -7.907322580137711443e-02 -5.546573207179955611e-02 9.007395961352987479e-02 2.672699203955219982e-01 3.918915741227077532e-01 2.623243809445314767e-01 8.723429602638874125e-02
-8.599210773817092535e-02 6.173692876842357125e-02 7.952125080329103257e-02 -5.696834303092134302e-03 -8.220038141193795889e-02 -5.705123433683850082e-02 8.604064480621362310e-02 2.623243809445314767e-01 4.000184600089070064e-01 2.667777940229720812e-01
-2.651448260094377840e-01 -8.080308261252688862e-02 6.275325229320108389e-02 7.542090481397741020e-02 -5.093431747213808883e-03 -7.909832115366124961e-02 -5.812979610101720596e-02 8.723429602638874125e-02 2.667777940229720812e-01 4.004916389225094964e-01
3.983756217478717221e-01 2.647108216976319373e-01 8.789162089717234005e-02 -5.397229795650478751e-02 -8.066370538781281185e-02 -1.018281131395014361e-02 7.558153156263761052e-02 6.320943014508952074e-02 -8.452156262344949489e-02 -2.660072577210593758e-01
2.647108216976319373e-01 4.000315479887185388e-01 2.653473553732599854e-01 9.413576407430587767e-02 -4.955783401868256444e-02 -8.178618614651045338e-02 -9.823513561906725006e-03 7.591756668219430682e-02 5.900491826573339010e-02 -8.634658332156132377e-02
8.789162089717234005e-02 2.653473553732599854e-01 3.896253689521521624e-01 2.629911548184508674e-01 9.543661715393352007e-02 -5.029476911685846346e-02 -8.048226166672983739e-02 -4.604246888176197726e-03 7.861138789417373984e-02 5.848015527453928608e-02
-5.397229795650478751e-02 9.413576407430587767e-02 2.629911548184508674e-01 3.816549823794190277e-01 2.625711400377072069e-01 9.438871366765291815e-02 -5.427020456149951599e-02 -7.919031331274284380e-02 4.170789100756090370e-03 8.245342698428284600e-02
-8.066370538781281185e-02 -4.955783401868256444e-02 9.543661715393352007e-02 2.625711400377072069e-01 3.878162251016338824e-01 2.661712130548713473e-01 8.757840150511873867e-02 -6.133943513384405855e-02 -7.625865390715408365e-02 9.170541983634542677e-03
-1.018281131395014361e-02 -8.178618614651045338e-02 -5.029476911685846346e-02 9.438871366765291815e-02 2.661712130548713473e-01 4.011775073921298729e-01 2.638275700848400351e-01 7.748906582980319424e-02 -6.651916575332009196e-02 -7.642869529271228979e-02
7.558153156263761052e-02 -9.823513561906725006e-03 -8.048226166672983739e-02 -5.427020456149951599e-02 8.757840150511873867e-02 2.638275700848400351e-01 4.052164709793036890e-01 2.667210653429951117e-01 7.543201982672240180e-02 -6.737694238797094226e-02
6.320943014508952074e-02 7.591756668219430682e-02 -4.604246888176197726e-03 -7.919031331274284380e-02 -6.133943513384405855e-02 7.748906582980319424e-02 2.667210653429951117e-01 4.255070447016595092e-01 2.672589711430284343e-01 7.653053398049548817e-02
-8.452156262344949489e-02 5.900491826573339010e-02 7.861138789417373984e-02 4.170789100756090370e-03 -7.625865390715408365e-02 -6.651916575332009196e-02 7.543201982672240180e-02 2.672589711430284343e-01 4.078067683385505071e-01 2.642056202754736738e-01
-2.660072577210593758e-01 -8.634658332156132377e-02 5.848015527453928608e-02 8.245342698428284600e-02 9.170541983634542677e-03 -7.642869529271228979e-02 -6.737694238797094226e-02 7.653053398049548817e-02 2.642056202754736738e-01 4.027884624185581464e-01
3.691672573486904918e-01 2.634376476544947332e-01 9.331216628280926406e-02 -5.605340000665392369e-02 -7.881866084014660379e-02 2.188668124317555332e-03 8.001499217698315736e-02 5.424363143239462060e-02 -9.459210481704384554e-02 -2.601814657465496561e-01
2.634376476544947332e-01 4.113878984515169646e-01 2.689027976500633632e-01 8.542680303797166308e-02 -5.964788990374132738e-02 -7.784811215455465783e-02 6.422964192270008699e-03 8.114456485402132824e-02 5.133932504663558938e-02 -9.101918290496875674e-02
9.331216628280926406e-02 2.689027976500633632e-01 3.906404109120767965e-01 2.605354196551957768e-01 8.394114401349968280e-02 -6.091757600671792588e-02 -7.571219334487022667e-02 6.124434252021879709e-03 7.923003341745592232e-02 5.284777707512300360e-02
-5.605340000665392369e-02 8.542680303797166308e-02 2.605354196551957768e-01 4.020115466791188696e-01 2.681319906485314375e-01 8.135273798835521153e-02 -6.598275497108384291e-02 -7.959081923459319918e-02 7.980393093889578959e-03 8.267182762057891099e-02
-7.881866084014660379e-02 -5.964788990374132738e-02 8.394114401349968280e-02 2.681319906485314375e-01 4.118770032838425799e-01 2.657366567740440666e-01 7.637493876187285979e-02 -6.373665602670264274e-02 -7.371556271832198359e-02 6.179920124866554801e-03
2.188668124317555332e-03 -7.784811215455465783e-02 -6.091757600671792588e-02 8.135273798835521153e-02 2.657366567740440666e-01 4.113946959998315833e-01 2.653903708337905787e-01 8.418097798049761771e-02 -5.993402591378360622e-02 -7.998605590691640344e-02
8.001499217698315736e-02 6.422964192270008699e-03 -7.571219334487022667e-02 -6.598275497108384291e-02 7.637493876187285979e-02 2.653903708337905787e-01 4.040892941449126807e-01 2.664851275054208601e-01 8.300964454399417658e-02 -6.053564980879047597e-02
5.424363143239462060e-02 8.114456485402132824e-02 6.124434252021879709e-03 -7.959081923459319918e-02 -6.373665602670264274e-02 8.418097798049761771e-02 2.664851275054208601e-01 4.030200282575786552e-01 2.628377947522181901e-01 8.708127305172028154e-02
-9.459210481704384554e-02 5.133932504663558938e-02 7.923003341745592232e-02 7.980393093889578959e-03 -7.371556271832198359e-02 -5.993402591378360622e-02 8.300964454399417658e-02 2.628377947522181901e-01 3.974469523959140993e-01 2.686996640171672168e-01
-2.601814657465496561e-01 -9.101918290496875674e-02 5.284777707512300360e-02 8.267182762057891099e-02 6.179920124866554801e-03 -7.998605590691640344e-02 -6.053564980879047597e-02 8.708127305172028154e-02 2.686996640171672168e-01 3.989649125265153917e-01
3.950704623745388000e-01 2.652347765494263987e-01 9.139011959254467188e-02 -5.647391261581295729e-02 -8.137219600957310006e-02 -2.816619058207830290e-03 7.893186025941138773e-02 6.242004212146864961e-02 -7.951359005097663468e-02 -2.631970513375235243e-01
2.652347765494263987e-01 3.957627836205218630e-01 2.643900324189334405e-01 8.778417788753599404e-02 -5.719073024453118215e-02 -7.823575238407105836e-02 2.248590023753571122e-03 8.167956933974736267e-02 6.220584279044811399e-02 -8.513954169542817252e-02
9.139011959254467188e-02 2.643900324189334405e-01 3.929107972267138482e-01 2.655515175414857598e-01 8.937281945236788538e-02 -5.755721416665351975e-02 -7.798227320955535002e-02 7.507587013422592492e-05 7.755972555649066902e-02 5.533781571477623673e-02
-5.647391261581295729e-02 8.778417788753599404e-02 2.655515175414857598e-01 4.019021412847998964e-01 2.650861247632637641e-01 8.231570031377884178e-02 -6.259710328198514473e-02 -8.130446517296306685e-02 -1.929985921640334744e-03 7.831538034450921670e-02
-8.137219600957310006e-02 -5.719073024453118215e-02 8.937281945236788538e-02 2.650861247632637641e-01 3.966817796899226867e-01 2.635538507686197018e-01 8.167149021577337076e-02 -6.060112957909406101e-02 -7.848333911823734965e-02 3.245789593144539353e-03
-2.816619058207830290e-03 -7.823575238407105836e-02 -5.755721416665351975e-02 8.231570031377884178e-02 2.635538507686197018e-01 4.141898451233508860e-01 2.697069960358464136e-01 8.844066291057570139e-02 -5.581430237422271845e-02 -7.651473588471913168e-02
7.893186025941138773e-02 2.248590023753571122e-03 -7.798227320955535002e-02 -6.259710328198514473e-02 8.167149021577337076e-02 2.697069960358464136e-01 4.017068956472955588e-01 2.615317383950485075e-01 8.840971731712490844e-02 -5.682027693165238313e-02
6.242004212146864961e-02 8.167956933974736267e-02 7.507587013422592492e-05 -8.130446517296306685e-02 -6.060112957909406101e-02 8.844066291057570139e-02 2.615317383950485075e-01 3.787554043873960774e-01 2.629963152677299298e-01 8.637728357276909519e-02
-7.951359005097663468e-02 6.220584279044811399e-02 7.755972555649066902e-02 -1.929985921640334744e-03 -7.848333911823734965e-02 -5.581430237422271845e-02 8.840971731712490844e-02 2.629963152677299298e-01 4.093276357781503449e-01 2.695994737295253074e-01
-2.631970513375235243e-01 -8.513954169542817252e-02 5.533781571477623673e-02 7.831538034450921670e-02 3.245789593144539353e-03 -7.651473588471913168e-02 -5.682027693165238313e-02 8.637728357276909519e-02 2.695994737295253074e-01 4.136922548673052646e-01
4.108199976718470703e-01 2.625293948929333654e-01 8.548763328816633145e-02 -5.615710454068844476e-02 -7.723132155683413991e-02 -3.243081559572343411e-03 7.623959269033732389e-02 6.246590962803211244e-02 -8.152654058344281640e-02 -2.702931073103931325e-01
2.625293948929333654e-01 3.942177451572157487e-01 2.659002224523499547e-01 8.908748320231502094e-02 -5.916908245883736178e-02 -8.332399328690381912e-02 -7.936155451322514376e-03 7.678342539558664914e-02 6.459409514386690865e-02 -7.874816827633907002e-02
8.548763328816633145e-02 2.659002224523499547e-01 3.992112653196313032e-01 2.643722411514775605e-01 8.355977734922367950e-02 -5.786266469890583020e-02 -8.010409660548889477e-02 -4.126577106123479124e-03 7.943491981801080459e-02 6.292311460809332790e-02
-5.615710454068844476e-02 8.908748320231502094e-02 2.643722411514775605e-01 4.007623871737092114e-01 2.663065970163538965e-01 9.242002737666601964e-02 -5.141283866271784825e-02 -7.895664989451017801e-02 -4.611391431432046613e-03 7.639885021208786542e-02
-7.723132155683413991e-02 -5.916908245883736178e-02 8.355977734922367950e-02 2.663065970163538965e-01 4.011592593702234533e-01 2.646873710331905105e-01 9.245674270683583440e-02 -5.383955561382146315e-02 -8.117438607234700454e-02 -5.149043406704396572e-03
-3.243081559572343411e-03 -8.332399328690381912e-02 -5.786266469890583020e-02 9.242002737666601964e-02 2.646873710331905105e-01 3.781468099009102080e-01 2.597690770488720879e-01 8.970162372862647282e-02 -5.728877428688923523e-02 -7.982723494101254258e-02
7.623959269033732389e-02 -7.936155451322514376e-03 -8.010409660548889477e-02 -5.141283866271784825e-02 9.245674270683583440e-02 2.597690770488720879e-01 3.938775739827821698e-01 2.698795597620299302e-01 8.768279718993921001e-02 -6.040971232021058457e-02
