2.721455094210827319e-01 2.086537565336296640e-01 1.186539019095313174e-01 3.381480107195700135e-02 -4.122828439378634774e-02 -6.664520245980370960e-02 -4.386163748293731707e-02 2.870002564804607914e-02 1.153048521178302588e-01 2.076123961429449660e-01
2.086537565336296640e-01 3.025874208842898039e-01 2.143673960795531297e-01 1.190919364744352504e-01 2.806670099843408539e-02 -4.468799461236121900e-02 -6.789116150728559396e-02 -4.372167676121117147e-02 2.830649526308123831e-02 1.136195736250399518e-01
1.186539019095313174e-01 2.143673960795531297e-01 3.085445517998873788e-01 2.111735162953862488e-01 1.123322154997594829e-01 2.407227605291156411e-02 -4.607629558120489993e-02 -6.743199096547267124e-02 -4.166100172296144377e-02 3.091623645317537195e-02
3.381480107195700135e-02 1.190919364744352504e-01 2.111735162953862488e-01 2.830101102044134675e-01 2.093831177052998260e-01 1.141765076932363121e-01 2.689357035162175114e-02 -4.456964120251619144e-02 -6.571307783310856299e-02 -3.988403572860542423e-02
-4.122828439378634774e-02 2.806670099843408539e-02 1.123322154997594829e-01 2.093831177052998260e-01 3.062910512097937188e-01 2.152599906166969557e-01 1.185627516840924295e-01 2.551572478457059256e-02 -4.673113751239067054e-02 -6.781879943519750209e-02
-6.664520245980370960e-02 -4.468799461236121900e-02 2.407227605291156411e-02 1.141765076932363121e-01 2.152599906166969557e-01 3.161879789494540516e-01 2.140777848977002962e-01 1.124228870968730087e-01 2.217443649522906138e-02 -4.707915906104878645e-02
-4.386163748293731707e-02 -6.789116150728559396e-02 -4.607629558120489993e-02 2.689357035162175114e-02 1.185627516840924295e-01 2.140777848977002962e-01 2.933448190010347068e-01 2.090683625365626352e-01 1.118825454454997897e-01 2.550472060220696988e-02
2.870002564804607914e-02 -4.372167676121117147e-02 -6.743199096547267124e-02 -4.456964120251619144e-02 2.551572478457059256e-02 1.124228870968730087e-01 2.090683625365626352e-01 2.983951950886886140e-01 2.141306588626124829e-01 1.193271067936882701e-01
1.153048521178302588e-01 2.830649526308123831e-02 -4.166100172296144377e-02 -6.571307783310856299e-02 -4.673113751239067054e-02 2.217443649522906138e-02 1.118825454454997897e-01 2.141306588626124829e-01 3.122573783767840783e-01 2.155765018163502411e-01
2.076123961429449660e-01 1.136195736250399518e-01 3.091623645317537195e-02 -3.988403572860542423e-02 -6.781879943519750209e-02 -4.707915906104878645e-02 2.550472060220696988e-02 1.193271067936882701e-01 2.155765018163502411e-01 3.072359850645703938e-01
3.220725877084037458e-01 2.139269636161650334e-01 1.091854631183594021e-01 1.706471582472268711e-02 -4.829077706563060512e-02 -6.790816733078366974e-02 -4.460408877502726466e-02 2.614653412152952855e-02 1.164429324578893921e-01 2.147537859902229895e-01
2.139269636161650334e-01 3.018258400846127731e-01 2.135967460718395106e-01 1.142174755272104408e-01 2.760435266401588608e-02 -4.112630761989950756e-02 -6.522529070996316292e-02 -4.488588021648925314e-02 2.546362227936909556e-02 1.144978949480016939e-01
1.091854631183594021e-01 2.135967460718395106e-01 3.173865930798877022e-01 2.149978981059675331e-01 1.190560082901995637e-01 3.459533964903262204e-02 -3.720909787221006459e-02 -6.541609141726417720e-02 -4.854510152153396901e-02 1.769011591859665986e-02
1.706471582472268711e-02 1.142174755272104408e-01 2.149978981059675331e-01 3.022558653357952374e-01 2.093614032062700858e-01 1.161226711771529141e-01 3.419548597336541373e-02 -3.853232547262544494e-02 -6.789840663139953825e-02 -5.131131732313674171e-02
-4.829077706563060512e-02 2.760435266401588608e-02 1.190560082901995637e-01 2.093614032062700858e-01 2.738651810216284899e-01 2.041961218719878235e-01 1.164107091986738007e-01 3.391561143860859218e-02 -4.029261503192477223e-02 -6.861539757105000747e-02
-6.790816733078366974e-02 -4.112630761989950756e-02 3.459533964903262204e-02 1.161226711771529141e-01 2.041961218719878235e-01 2.800765526634669267e-01 2.117128935455655225e-01 1.199815799433879282e-01 3.004139788363904134e-02 -4.408095298403769124e-02
-4.460408877502726466e-02 -6.522529070996316292e-02 -3.720909787221006459e-02 3.419548597336541373e-02 1.164107091986738007e-01 2.117128935455655225e-01 3.126073811208066600e-01 2.152194136122497214e-01 1.163329535327746189e-01 2.615161373613040727e-02
2.614653412152952855e-02 -4.488588021648925314e-02 -6.541609141726417720e-02 -3.853232547262544494e-02 3.391561143860859218e-02 1.199815799433879282e-01 2.152194136122497214e-01 3.015897373946724302e-01 2.099242208565156864e-01 1.122819315482440905e-01
1.164429324578893921e-01 2.546362227936909556e-02 -4.854510152153396901e-02 -6.789840663139953825e-02 -4.029261503192477223e-02 3.004139788363904134e-02 1.163329535327746189e-01 2.099242208565156864e-01 2.901060438721402845e-01 2.105339858679843301e-01
2.147537859902229895e-01 1.144978949480016939e-01 1.769011591859665986e-02 -5.131131732313674171e-02 -6.861539757105000747e-02 -4.408095298403769124e-02 2.615161373613040727e-02 1.122819315482440905e-01 2.105339858679843301e-01 2.982142177185885257e-01
3.043300060265799467e-01 2.130602262212880071e-01 1.158012644273030134e-01 3.072749212938857832e-02 -4.104874119174713176e-02 -6.511885344368220641e-02 -4.387632358212538441e-02 2.566553426860591208e-02 1.144433500365675260e-01 2.143186885414476439e-01
2.130602262212880071e-01 3.011495593315184349e-01 2.103232687857658767e-01 1.166474038252373613e-01 3.007987048605899674e-02 -4.299849648297281168e-02 -6.867918987924309659e-02 -4.728343448649459380e-02 2.241800842495390161e-02 1.145454123950350317e-01
1.158012644273030134e-01 2.103232687857658767e-01 2.888580743862893541e-01 2.103000128437220173e-01 1.158758657403195919e-01 2.719149497351912304e-02 -4.588581471228769804e-02 -6.869749550332594767e-02 -4.659792164780992424e-02 2.561178466552008898e-02
3.072749212938857832e-02 1.166474038252373613e-01 2.103000128437220173e-01 2.920789344227721629e-01 2.121222654842780941e-01 1.149705211383660330e-01 2.471680234059308104e-02 -4.510160663110154150e-02 -6.763929710793674388e-02 -4.369414313575963049e-02
-4.104874119174713176e-02 3.007987048605899674e-02 1.158758657403195919e-01 2.121222654842780941e-01 3.142114749543989949e-01 2.142737294380587521e-01 1.159987158806398688e-01 2.705596927280486813e-02 -4.310485112844279765e-02 -6.603428527678230353e-02
-6.511885344368220641e-02 -4.299849648297281168e-02 2.719149497351912304e-02 1.149705211383660330e-01 2.142737294380587521e-01 3.001253017138865165e-01 2.126891260059882993e-01 1.152610741644995163e-01 3.060232840561576129e-02 -4.137807473514119871e-02
-4.387632358212538441e-02 -6.867918987924309659e-02 -4.588581471228769804e-02 2.471680234059308104e-02 1.159987158806398688e-01 2.126891260059882993e-01 3.017895475020586638e-01 2.095151326816730719e-01 1.166198243427676029e-01 2.951258495202118901e-02
2.566553426860591208e-02 -4.728343448649459380e-02 -6.869749550332594767e-02 -4.510160663110154150e-02 2.705596927280486813e-02 1.152610741644995163e-01 2.095151326816730719e-01 2.842851384601886577e-01 2.108187677332850618e-01 1.156963710594941103e-01
1.144433500365675260e-01 2.241800842495390161e-02 -4.659792164780992424e-02 -6.763929710793674388e-02 -4.310485112844279765e-02 3.060232840561576129e-02 1.166198243427676029e-01 2.108187677332850618e-01 3.004324142992544910e-01 2.131199803643595014e-01
2.143186885414476439e-01 1.145454123950350317e-01 2.561178466552008898e-02 -4.369414313575963049e-02 -6.603428527678230353e-02 -4.137807473514119871e-02 2.951258495202118901e-02 1.156963710594941103e-01 2.131199803643595014e-01 3.127395489030526110e-01
3.031877486422921431e-01 2.118851046191969623e-01 1.161155450108110609e-01 2.738695527940331054e-02 -4.398211104716645559e-02 -6.841940529034380714e-02 -4.665852289367006245e-02 2.358391784931529456e-02 1.145474944203944828e-01 2.121083900638502384e-01
2.118851046191969623e-01 2.968542390539462006e-01 2.132290996529010163e-01 1.160882294166191708e-01 2.825909916593037641e-02 -4.324084764192013403e-02 -6.703566077409932322e-02 -4.653074881212916625e-02 2.433786932928148905e-02 1.137398792920198964e-01
1.161155450108110609e-01 2.132290996529010163e-01 3.061416552931458535e-01 2.118450076968239615e-01 1.155939260950131775e-01 2.920575203051170576e-02 -4.126469420647729813e-02 -6.714512345084114320e-02 -4.600500307928837712e-02 2.613126547595711474e-02
2.738695527940331054e-02 1.160882294166191708e-01 2.118450076968239615e-01 2.959899176720547365e-01 2.111383281176291982e-01 1.170573226305265391e-01 3.195665928596936461e-02 -4.091926607118814840e-02 -6.668461488360606648e-02 -4.429925245240133591e-02
-4.398211104716645559e-02 2.825909916593037641e-02 1.155939260950131775e-01 2.111383281176291982e-01 2.922024551279905902e-01 2.112861442908020582e-01 1.174396524645778123e-01 3.102226915292401188e-02 -4.235891167072841634e-02 -6.686698627687862051e-02
-6.841940529034380714e-02 -4.324084764192013403e-02 2.920575203051170576e-02 1.170573226305265391e-01 2.112861442908020582e-01 3.002467976365205682e-01 2.109883137599453118e-01 1.161081649695169110e-01 2.712766379017243767e-02 -4.544990524965584339e-02
-4.665852289367006245e-02 -6.703566077409932322e-02 -4.126469420647729813e-02 3.195665928596936461e-02 1.174396524645778123e-01 2.109883137599453118e-01 2.899716495487397738e-01 2.113066907347892487e-01 1.146068318595251379e-01 2.504910640528244109e-02
2.358391784931529456e-02 -4.653074881212916625e-02 -6.714512345084114320e-02 -4.091926607118814840e-02 3.102226915292401188e-02 1.161081649695169110e-01 2.113066907347892487e-01 3.021649404583630627e-01 2.132763505943194304e-01 1.151897268014283326e-01
1.145474944203944828e-01 2.433786932928148905e-02 -4.600500307928837712e-02 -6.668461488360606648e-02 -4.235891167072841634e-02 2.712766379017243767e-02 1.146068318595251379e-01 2.132763505943194304e-01 3.120790855966190103e-01 2.143165275571919937e-01
2.121083900638502384e-01 1.137398792920198964e-01 2.613126547595711474e-02 -4.429925245240133591e-02 -6.686698627687862051e-02 -4.544990524965584339e-02 2.504910640528244109e-02 1.151897268014283326e-01 2.143165275571919937e-01 3.011615109703315030e-01
3.083586563237507017e-01 2.157492469910351762e-01 1.151673952303153836e-01 2.436923581340159212e-02 -4.577377482488151350e-02 -6.655964362184421668e-02 -4.419330159258819807e-02 2.525929218458232081e-02 1.125167248214824223e-01 2.126172634131265338e-01
2.157492469910351762e-01 3.123245479152772508e-01 2.112523699388524079e-01 1.125409949657722453e-01 2.635086474234787229e-02 -4.258120989946577450e-02 -6.696231395682586407e-02 -4.580709617616446350e-02 2.556428439688150644e-02 1.171475547508781384e-01
1.151673952303153836e-01 2.112523699388524079e-01 2.911820709240371396e-01 2.107541346867390364e-01 1.171830249173557714e-01 3.140560169234024590e-02 -4.143763350520682232e-02 -6.708649284394417600e-02 -4.535933042559203016e-02 2.530272179148564810e-02
2.436923581340159212e-02 1.125409949657722453e-01 2.107541346867390364e-01 2.976130958920052971e-01 2.136084621204348832e-01 1.183233670762103146e-01 3.036929573301868496e-02 -4.254356335909577347e-02 -6.705601206083985910e-02 -4.636087758348660104e-02
-4.577377482488151350e-02 2.635086474234787229e-02 1.171830249173557714e-01 2.136084621204348832e-01 3.080662636673403565e-01 2.109031563565067213e-01 1.144934998202569443e-01 2.731657632625762722e-02 -4.347290695826436235e-02 -6.828391436357109101e-02
-6.655964362184421668e-02 -4.258120989946577450e-02 3.140560169234024590e-02 1.183233670762103146e-01 2.109031563565067213e-01 2.846259276331510879e-01 2.093185803883579610e-01 1.153276752845340258e-01 2.957814274778984218e-02 -4.278356166542802291e-02
-4.419330159258819807e-02 -6.696231395682586407e-02 -4.143763350520682232e-02 3.036929573301868496e-02 1.144934998202569443e-01 2.093185803883579610e-01 2.958318632246471624e-01 2.133788857772333514e-01 1.183622472327697239e-01 2.860006370905198575e-02
2.525929218458232081e-02 -4.580709617616446350e-02 -6.708649284394417600e-02 -4.254356335909577347e-02 2.731657632625762722e-02 1.153276752845340258e-01 2.133788857772333514e-01 3.147161848149143681e-01 2.135022959542474119e-01 1.150182012877232485e-01
1.125167248214824223e-01 2.556428439688150644e-02 -4.535933042559203016e-02 -6.705601206083985910e-02 -4.347290695826436235e-02 2.957814274778984218e-02 1.183622472327697239e-01 2.135022959542474119e-01 2.898190163955760568e-01 2.094320220932072152e-01
2.126172634131265338e-01 1.171475547508781384e-01 2.530272179148564810e-02 -4.636087758348660104e-02 -6.828391436357109101e-02 -4.278356166542802291e-02 2.860006370905198575e-02 1.150182012877232485e-01 2.094320220932072152e-01 2.974623732093053530e-01
2.963723950943804586e-01 2.111618404698886176e-01 1.141506673315211273e-01 2.568326195275888457e-02 -4.582144923492947886e-02 -6.793638777234964343e-02 -4.574353902319640980e-02 2.561760957877717848e-02 1.158121102305417760e-01 2.130794759120482329e-01
2.111618404698886176e-01 2.955502859547632921e-01 2.110946233529166771e-01 1.147423458532702556e-01 2.507554507700519852e-02 -4.544997060019574653e-02 -6.830023897721836101e-02 -4.454182106086089499e-02 2.857630052532727366e-02 1.170646484425260092e-01
1.141506673315211273e-01 2.110946233529166771e-01 3.016067281926688715e-01 2.144995607114827951e-01 1.165408473132467371e-01 2.666101342113597061e-02 -4.429370630836169942e-02 -6.663176893042946358e-02 -4.300709730962733179e-02 2.819605440621406750e-02
2.568326195275888457e-02 1.147423458532702556e-01 2.144995607114827951e-01 3.131346213182160665e-01 2.135556822700012680e-01 1.150225571240302558e-01 2.830757047879247507e-02 -4.190678146162012119e-02 -6.597872568682115746e-02 -4.441060058523901843e-02
-4.582144923492947886e-02 2.507554507700519852e-02 1.165408473132467371e-01 2.135556822700012680e-01 2.985460298264278611e-01 2.097851304273771200e-01 1.155224397628812072e-01 3.077751884169278862e-02 -4.183575985080274090e-02 -6.748612353455993307e-02
-6.793638777234964343e-02 -4.544997060019574653e-02 2.666101342113597061e-02 1.150225571240302558e-01 2.097851304273771200e-01 2.862269491372921859e-01 2.105113957758767973e-01 1.175202709666853251e-01 2.973432509127868148e-02 -4.402080014630228855e-02
-4.574353902319640980e-02 -6.830023897721836101e-02 -4.429370630836169942e-02 2.830757047879247507e-02 1.155224397628812072e-01 2.105113957758767973e-01 3.004064857196930838e-01 2.129427063248215402e-01 1.161690530954832823e-01 2.542921033808192427e-02
2.561760957877717848e-02 -4.454182106086089499e-02 -6.663176893042946358e-02 -4.190678146162012119e-02 3.077751884169278862e-02 1.175202709666853251e-01 2.129427063248215402e-01 3.034894353470451445e-01 2.124284358764441938e-01 1.139957426037390281e-01
1.158121102305417760e-01 2.857630052532727366e-02 -4.300709730962733179e-02 -6.597872568682115746e-02 -4.183575985080274090e-02 2.973432509127868148e-02 1.161690530954832823e-01 2.124284358764441938e-01 2.976261412891967884e-01 2.122364624114438936e-01
2.130794759120482329e-01 1.170646484425260092e-01 2.819605440621406750e-02 -4.441060058523901843e-02 -6.748612353455993307e-02 -4.402080014630228855e-02 2.542921033808192427e-02 1.139957426037390281e-01 2.122364624114438936e-01 3.070409281203161922e-01
3.068221650941405643e-01 2.131488399250012766e-01 1.152425704382922800e-01 2.922586347634389611e-02 -4.231798830894275415e-02 -6.533823781079275972e-02 -4.413559452419917734e-02 2.524276117704029460e-02 1.144428857610955419e-01 2.146768158242612912e-01
2.131488399250012766e-01 2.967640468237526252e-01 2.095324345079042916e-01 1.153120571873448574e-01 2.857877275742815026e-02 -4.362129468456411863e-02 -6.888780097289332049e-02 -4.713933374402148185e-02 2.359701781662503980e-02 1.157161525599439134e-01
1.152425704382922800e-01 2.095324345079042916e-01 2.921346855417614741e-01 2.115458988605538049e-01 1.167235934451904267e-01 2.693178221024498942e-02 -4.598860237733157219e-02 -6.848052346701902215e-02 -4.573476179098225070e-02 2.617707546988318895e-02
2.922586347634389611e-02 1.153120571873448574e-01 2.115458988605538049e-01 2.952997646830638478e-01 2.131872795416007993e-01 1.146250594983883597e-01 2.501517857888418961e-02 -4.441621873880514937e-02 -6.691901281652543054e-02 -4.407491673426886664e-02
-4.231798830894275415e-02 2.857877275742815026e-02 1.167235934451904267e-01 2.131872795416007993e-01 3.188706215404528144e-01 2.127609233805548283e-01 1.152748584087946726e-01 2.780546819278208182e-02 -4.208476703723709744e-02 -6.632482075889124806e-02
-6.533823781079275972e-02 -4.362129468456411863e-02 2.693178221024498942e-02 1.146250594983883597e-01 2.127609233805548283e-01 2.886414495121391588e-01 2.116236972399136163e-01 1.158671742294986734e-01 3.199408138161899395e-02 -4.115276559740214252e-02
-4.413559452419917734e-02 -6.888780097289332049e-02 -4.598860237733157219e-02 2.501517857888418961e-02 1.152748584087946726e-01 2.116236972399136163e-01 3.050054989304371578e-01 2.104064564579761765e-01 1.175555949456263127e-01 2.899771104101166522e-02
2.524276117704029460e-02 -4.713933374402148185e-02 -6.848052346701902215e-02 -4.441621873880514937e-02 2.780546819278208182e-02 1.158671742294986734e-01 2.104064564579761765e-01 2.869664113768156111e-01 2.111037336347102444e-01 1.147325587148565196e-01
1.144428857610955419e-01 2.359701781662503980e-02 -4.573476179098225070e-02 -6.691901281652543054e-02 -4.208476703723709744e-02 3.199408138161899395e-02 1.175555949456263127e-01 2.111037336347102444e-01 2.977581289627926342e-01 2.122704529007754248e-01
2.146768158242612912e-01 1.157161525599439134e-01 2.617707546988318895e-02 -4.407491673426886664e-02 -6.632482075889124806e-02 -4.115276559740214252e-02 2.899771104101166522e-02 1.147325587148565196e-01 2.122704529007754248e-01 3.117372275346410593e-01
2.996838400343920794e-01 2.094816675171687903e-01 1.144811294567393556e-01 2.999281099493351921e-02 -4.075371576956790531e-02 -6.853200262507011531e-02 -4.845475760451180280e-02 2.359058286205803490e-02 1.171337645136201477e-01 2.133899025612145395e-01
2.094816675171687903e-01 2.834073365915990017e-01 2.107215290767378013e-01 1.184082734703195694e-01 3.380979060582213480e-02 -3.914194847399075222e-02 -6.560824512785681795e-02 -4.451884001787975026e-02 2.903503794932454918e-02 1.157990695166214445e-01
1.144811294567393556e-01 2.107215290767378013e-01 3.053972112963249108e-01 2.133894829708412599e-01 1.188903594530497793e-01 3.245665416459651842e-02 -4.072073160534678965e-02 -6.691428050145575845e-02 -4.342946556784063605e-02 2.806428638175893081e-02
2.999281099493351921e-02 1.184082734703195694e-01 2.133894829708412599e-01 2.998011580454504332e-01 2.094451032864614870e-01 1.154443091545033079e-01 2.971491252235663669e-02 -4.370582388083547182e-02 -6.689566635242535919e-02 -4.229929602519228587e-02
-4.075371576956790531e-02 3.380979060582213480e-02 1.188903594530497793e-01 2.094451032864614870e-01 2.757718075444107741e-01 2.077115649267141928e-01 1.146008758912164111e-01 2.648833412353921238e-02 -4.621800477213458547e-02 -6.744053491387064225e-02
-6.853200262507011531e-02 -3.914194847399075222e-02 3.245665416459651842e-02 1.154443091545033079e-01 2.077115649267141928e-01 3.037616636912144896e-01 2.144992681695015446e-01 1.171194879959530366e-01 2.134888166031932016e-02 -5.018099925145258489e-02
-4.845475760451180280e-02 -6.560824512785681795e-02 -4.072073160534678965e-02 2.971491252235663669e-02 1.146008758912164111e-01 2.144992681695015446e-01 3.079778105705412994e-01 2.152345685703326572e-01 1.113307899376257959e-01 1.908089496812533786e-02
2.359058286205803490e-02 -4.451884001787975026e-02 -6.691428050145575845e-02 -4.370582388083547182e-02 2.648833412353921238e-02 1.171194879959530366e-01 2.152345685703326572e-01 3.167925424062457695e-01 2.118813964449765552e-01 1.120611513771551382e-01
1.171337645136201477e-01 2.903503794932454918e-02 -4.342946556784063605e-02 -6.689566635242535919e-02 -4.621800477213458547e-02 2.134888166031932016e-02 1.113307899376257959e-01 2.118813964449765552e-01 2.967389742721167067e-01 2.138397705077036137e-01
2.133899025612145395e-01 1.157990695166214445e-01 2.806428638175893081e-02 -4.229929602519228587e-02 -6.744053491387064225e-02 -5.018099925145258489e-02 1.908089496812533786e-02 1.120611513771551382e-01 2.138397705077036137e-01 3.106676555477073665e-01
2.866588181477148778e-01 2.115001318328986746e-01 1.142040781422002105e-01 2.372199618528856441e-02 -4.654017383035855687e-02 -6.792673424213242772e-02 -4.466376386844174429e-02 2.881685225438605086e-02 1.156520849810978580e-01 2.107757063076142190e-01
2.115001318328986746e-01 3.147760457097253939e-01 2.129602261805040586e-01 1.143279461682566167e-01 2.344200487025200133e-02 -4.570913196261908867e-02 -6.773788433135718989e-02 -4.190831355030604638e-02 3.035840593188108075e-02 1.174822541821046451e-01
1.142040781422002105e-01 2.129602261805040586e-01 2.942455382733418778e-01 2.137761202523129067e-01 1.148215130835763403e-01 2.833425027936041507e-02 -4.277506421141039072e-02 -6.471236841378150140e-02 -4.185430427012507004e-02 2.893475740287274056e-02
2.372199618528856441e-02 1.143279461682566167e-01 2.137761202523129067e-01 3.176098967387741001e-01 2.120418749028964989e-01 1.165931859084335942e-01 2.925741026090092345e-02 -4.210760267532120960e-02 -6.729871899506462141e-02 -4.544539533605856940e-02
-4.654017383035855687e-02 2.344200487025200133e-02 1.148215130835763403e-01 2.120418749028964989e-01 2.895176294995421284e-01 2.102823442721736269e-01 1.152799153325604065e-01 2.875832192524187605e-02 -4.459574197757425890e-02 -6.822078477254955864e-02
-6.792673424213242772e-02 -4.570913196261908867e-02 2.833425027936041507e-02 1.165931859084335942e-01 2.102823442721736269e-01 2.901595038472423171e-01 2.106096781735389833e-01 1.156400009934208384e-01 2.624528430733160181e-02 -4.499041466580903231e-02
-4.466376386844174429e-02 -6.773788433135718989e-02 -4.277506421141039072e-02 2.925741026090092345e-02 1.152799153325604065e-01 2.106096781735389833e-01 3.049692509524133954e-01 2.139812759942733567e-01 1.161850808098164878e-01 2.568758669144957651e-02
2.881685225438605086e-02 -4.190831355030604638e-02 -6.471236841378150140e-02 -4.210760267532120960e-02 2.875832192524187605e-02 1.156400009934208384e-01 2.139812759942733567e-01 3.064514432660678800e-01 2.136972898783277564e-01 1.151759492620491043e-01
1.156520849810978580e-01 3.035840593188108075e-02 -4.185430427012507004e-02 -6.729871899506462141e-02 -4.459574197757425890e-02 2.624528430733160181e-02 1.161850808098164878e-01 2.136972898783277564e-01 3.006568436701748115e-01 2.104798332760494661e-01
2.107757063076142190e-01 1.174822541821046451e-01 2.893475740287274056e-02 -4.544539533605856940e-02 -6.822078477254955864e-02 -4.499041466580903231e-02 2.568758669144957651e-02 1.151759492620491043e-01 2.104798332760494661e-01 2.949550298949986660e-01
3.038462812926028267e-01 2.145829966524714916e-01 1.172479523749642982e-01 2.760562766614454988e-02 -4.487594668368034834e-02 -6.690110289090137052e-02 -4.439113119985790834e-02 2.331254366937772493e-02 1.117060762904505261e-01 2.120171220176713112e-01
2.145829966524714916e-01 3.082742055527605829e-01 2.129756903155778647e-01 1.141329846623673760e-01 2.543463066877881679e-02 -4.443319606836210189e-02 -6.776027630464895313e-02 -4.905772695954738194e-02 2.015107340563111749e-02 1.129165667607364559e-01
1.172479523749642982e-01 2.129756903155778647e-01 3.002062947354262046e-01 2.098047559027726716e-01 1.139228165585780411e-01 2.763889000481802027e-02 -4.265265834962135572e-02 -6.882764057583823369e-02 -4.805158527572396532e-02 2.402556750779798189e-02
2.760562766614454988e-02 1.141329846623673760e-01 2.098047559027726716e-01 2.868063662964487337e-01 2.125136727327863739e-01 1.180413601818545155e-01 3.167725678135636935e-02 -4.053453223032640884e-02 -6.581382987069923918e-02 -4.493883088030809630e-02
-4.487594668368034834e-02 2.543463066877881679e-02 1.139228165585780411e-01 2.125136727327863739e-01 3.156504548718508385e-01 2.138989163605472532e-01 1.178679344698720655e-01 3.181254736689628076e-02 -3.970117219075849913e-02 -6.636554267522937200e-02
-6.690110289090137052e-02 -4.443319606836210189e-02 2.763889000481802027e-02 1.180413601818545155e-01 2.138989163605472532e-01 2.956298538528520092e-01 2.085433761250182760e-01 1.153019526101623365e-01 3.217516837345581887e-02 -4.126664255566644263e-02
-4.439113119985790834e-02 -6.776027630464895313e-02 -4.265265834962135572e-02 3.167725678135636935e-02 1.178679344698720655e-01 2.085433761250182760e-01 2.758313733826752712e-01 2.074458220219286553e-01 1.167408413420064767e-01 2.984751469834909937e-02
2.331254366937772493e-02 -4.905772695954738194e-02 -6.882764057583823369e-02 -4.053453223032640884e-02 3.181254736689628076e-02 1.153019526101623365e-01 2.074458220219286553e-01 2.990835529194063591e-01 2.140629455403562087e-01 1.177456463645919632e-01
1.117060762904505261e-01 2.015107340563111749e-02 -4.805158527572396532e-02 -6.581382987069923918e-02 -3.970117219075849913e-02 3.217516837345581887e-02 1.167408413420064767e-01 2.140629455403562087e-01 3.068020482601012677e-01 2.141051387237905834e-01
2.120171220176713112e-01 1.129165667607364559e-01 2.402556750779798189e-02 -4.493883088030809630e-02 -6.636554267522937200e-02 -4.126664255566644263e-02 2.984751469834909937e-02 1.177456463645919632e-01 2.141051387237905834e-01 3.078695688358798477e-01
3.043820938322559511e-01 2.128630006574062927e-01 1.149348396527849342e-01 2.925863738833235639e-02 -4.123509874406472431e-02 -6.621986276454075449e-02 -4.864699964601031101e-02 2.126048574384411735e-02 1.136154859887836821e-01 2.144260646067457921e-01
2.128630006574062927e-01 3.007480832566253315e-01 2.102758984139486143e-01 1.165475086787332720e-01 3.181451180864137973e-02 -3.955278837251298418e-02 -6.811892703511396308e-02 -4.854246644714784592e-02 2.267413830568446031e-02 1.153154837036233227e-01
1.149348396527849342e-01 2.102758984139486143e-01 2.911531330807905493e-01 2.114768695761070627e-01 1.186971137825229838e-01 3.381012557581379585e-02 -3.992873783261953469e-02 -6.638977503337276098e-02 -4.591745840129408951e-02 2.587399256353086277e-02
2.925863738833235639e-02 1.165475086787332720e-01 2.114768695761070627e-01 2.934634847561232718e-01 2.108750370353426884e-01 1.167646274658835776e-01 3.123008929370786613e-02 -4.115136140676878274e-02 -6.719073210222216430e-02 -4.446281679174278467e-02
-4.123509874406472431e-02 3.181451180864137973e-02 1.186971137825229838e-01 2.108750370353426884e-01 3.000100936147688802e-01 2.098983000501245810e-01 1.166881113937887626e-01 2.947697181599063035e-02 -4.411306775761821009e-02 -6.752725668883960419e-02
-6.621986276454075449e-02 -3.955278837251298418e-02 3.381012557581379585e-02 1.167646274658835776e-01 2.098983000501245810e-01 2.795330068593544492e-01 2.106434596926533842e-01 1.151969298275985210e-01 2.646559344453251056e-02 -4.606725725861643417e-02
-4.864699964601031101e-02 -6.811892703511396308e-02 -3.992873783261953469e-02 3.123008929370786613e-02 1.166881113937887626e-01 2.106434596926533842e-01 3.136480501089115025e-01 2.131044885048574977e-01 1.153290110480311992e-01 2.174108528726974993e-02
2.126048574384411735e-02 -4.854246644714784592e-02 -6.638977503337276098e-02 -4.115136140676878274e-02 2.947697181599063035e-02 1.151969298275985210e-01 2.131044885048574977e-01 2.972247585410853210e-01 2.136717551450248442e-01 1.123228909136094328e-01
1.136154859887836821e-01 2.267413830568446031e-02 -4.591745840129408951e-02 -6.719073210222216430e-02 -4.411306775761821009e-02 2.646559344453251056e-02 1.153290110480311992e-01 2.136717551450248442e-01 3.103141989570874504e-01 2.129921743241216525e-01
2.144260646067457921e-01 1.153154837036233227e-01 2.587399256353086277e-02 -4.446281679174278467e-02 -6.752725668883960419e-02 -4.606725725861643417e-02 2.174108528726974993e-02 1.123228909136094328e-01 2.129921743241216525e-01 3.095230969929915199e-01
3.037260559788276248e-01 2.119690324564683093e-01 1.157675904367472391e-01 2.632577882228958818e-02 -4.342453250188689495e-02 -6.722694651098146124e-02 -4.430329290326173730e-02 2.807355388260859147e-02 1.164154686236363589e-01 2.115337919617724105e-01
2.119690324564683093e-01 3.050435967957564332e-01 2.155590481977961992e-01 1.173520209104653711e-01 2.963955999806550806e-02 -4.217753766345221089e-02 -6.617053543682233085e-02 -4.467522184724181250e-02 2.383902159372656288e-02 1.113519204322142853e-01
1.157675904367472391e-01 2.155590481977961992e-01 3.129601411860201132e-01 2.112577620994157690e-01 1.149348812196982483e-01 3.027608045303399609e-02 -4.049432340377952938e-02 -6.634126890202604598e-02 -4.716937985317765092e-02 2.315655082409544957e-02
2.632577882228958818e-02 1.173520209104653711e-01 2.112577620994157690e-01 2.826968380406802428e-01 2.072206486871628617e-01 1.157875556953945617e-01 3.184757154021704978e-02 -4.153524071402210638e-02 -6.848673838443875006e-02 -4.640616574069850175e-02
-4.342453250188689495e-02 2.963955999806550806e-02 1.149348812196982483e-01 2.072206486871628617e-01 2.885291396089388338e-01 2.122873387229212150e-01 1.193876901575117722e-01 2.950063975090205792e-02 -4.465498165917435730e-02 -6.743553109761134257e-02
-6.722694651098146124e-02 -4.217753766345221089e-02 3.027608045303399609e-02 1.157875556953945617e-01 2.122873387229212150e-01 3.043161936726355155e-01 2.137142285271446673e-01 1.146206995171130949e-01 2.451596415207470819e-02 -4.518239382091474715e-02
-4.430329290326173730e-02 -6.617053543682233085e-02 -4.049432340377952938e-02 3.184757154021704978e-02 1.193876901575117722e-01 2.137142285271446673e-01 3.078972524403713051e-01 2.107075136537102100e-01 1.134937960035108662e-01 2.642459263582846996e-02
2.807355388260859147e-02 -4.467522184724181250e-02 -6.634126890202604598e-02 -4.153524071402210638e-02 2.950063975090205792e-02 1.146206995171130949e-01 2.107075136537102100e-01 2.834520235801717414e-01 2.115705909901841042e-01 1.159741165725384215e-01
1.164154686236363589e-01 2.383902159372656288e-02 -4.716937985317765092e-02 -6.848673838443875006e-02 -4.465498165917435730e-02 2.451596415207470819e-02 1.134937960035108662e-01 2.115705909901841042e-01 3.197007916559703178e-01 2.136610813743867188e-01
2.115337919617724105e-01 1.113519204322142853e-01 2.315655082409544957e-02 -4.640616574069850175e-02 -6.743553109761134257e-02 -4.518239382091474715e-02 2.642459263582846996e-02 1.159741165725384215e-01 2.136610813743867188e-01 2.916779670406294267e-01
2.917976356648933622e-01 2.120640543732315864e-01 1.140403109807979071e-01 2.140522004074634985e-02 -4.737353998269337035e-02 -6.831460638563530141e-02 -4.138736638430472181e-02 3.268451469831921280e-02 1.171549620644202760e-01 2.097584133091432157e-01
2.120640543732315864e-01 3.173183515879731686e-01 2.157683630552986731e-01 1.152812562454096218e-01 2.399340264391448818e-02 -4.575487379774297730e-02 -6.548150411667189030e-02 -3.969948617652745843e-02 3.022038995430260597e-02 1.149706065215830714e-01
1.140403109807979071e-01 2.157683630552986731e-01 3.047964348921812783e-01 2.132742228843835242e-01 1.128785290704865663e-01 2.720264559830653378e-02 -4.242602054729079780e-02 -6.539932132227004036e-02 -4.423005644149792526e-02 2.532586440624598478e-02
2.140522004074634985e-02 1.152812562454096218e-01 2.132742228843835242e-01 3.119341134628193513e-01 2.095478874535275093e-01 1.161707610759182829e-01 2.941584186844499460e-02 -4.324735757031783479e-02 -6.870107098898842191e-02 -4.738572175558360133e-02
-4.737353998269337035e-02 2.399340264391448818e-02 1.128785290704865663e-01 2.095478874535275093e-01 2.742188187642169983e-01 2.105249216860698991e-01 1.153891971517111426e-01 2.791635270376516959e-02 -4.458444627948476152e-02 -6.765085638067649954e-02
-6.831460638563530141e-02 -4.575487379774297730e-02 2.720264559830653378e-02 1.161707610759182829e-01 2.105249216860698991e-01 3.155749132633118847e-01 2.127412806983377813e-01 1.160184863968254099e-01 2.538177105286522697e-02 -4.402731695086120611e-02
-4.138736638430472181e-02 -6.548150411667189030e-02 -4.242602054729079780e-02 2.941584186844499460e-02 1.153891971517111426e-01 2.127412806983377813e-01 2.954269462470425767e-01 2.130047062543744540e-01 1.148484990052828641e-01 2.954159406518930622e-02
3.268451469831921280e-02 -3.969948617652745843e-02 -6.539932132227004036e-02 -4.324735757031783479e-02 2.791635270376516959e-02 1.160184863968254099e-01 2.130047062543744540e-01 3.040883442205406517e-01 2.115271638969630774e-01 1.176081366776093179e-01
1.171549620644202760e-01 3.022038995430260597e-02 -4.423005644149792526e-02 -6.870107098898842191e-02 -4.458444627948476152e-02 2.538177105286522697e-02 1.148484990052828641e-01 2.115271638969630774e-01 2.958882403619997881e-01 2.107493469605019043e-01
2.097584133091432157e-01 1.149706065215830714e-01 2.532586440624598478e-02 -4.738572175558360133e-02 -6.765085638067649954e-02 -4.402731695086120611e-02 2.954159406518930622e-02 1.176081366776093179e-01 2.107493469605019043e-01 2.889562015350210511e-01
3.075669662508524471e-01 2.131474777132380261e-01 1.152241576840510318e-01 2.077668835376255546e-02 -4.927043464914845211e-02 -6.804232830791882847e-02 -3.882564638081572456e-02 3.277617020622731331e-02 1.168483974987141322e-01 2.102192975648791151e-01
2.131474777132380261e-01 3.057942990795958771e-01 2.144047318577746719e-01 1.121554865136983881e-01 1.947612558152200107e-02 -4.997481840053695501e-02 -6.659656307678539500e-02 -4.009592421759592545e-02 2.996266889531234295e-02 1.155105345938756412e-01
1.152241576840510318e-01 2.144047318577746719e-01 3.047581415865203702e-01 2.131190195707438617e-01 1.122393975101658170e-01 2.129991899519288745e-02 -4.656367244635564034e-02 -6.663528047858541248e-02 -4.386496686206617368e-02 2.680405826953886905e-02
2.077668835376255546e-02 1.121554865136983881e-01 2.131190195707438617e-01 3.183090246796068112e-01 2.143612180768552644e-01 1.152598520742541266e-01 2.498102556271773744e-02 -4.452662068206460211e-02 -6.792700889198594050e-02 -4.644827468385470670e-02
-4.927043464914845211e-02 1.947612558152200107e-02 1.122393975101658170e-01 2.143612180768552644e-01 3.005616293279878004e-01 2.135139488829122523e-01 1.146795650053021864e-01 2.960613903867977820e-02 -4.102370566307604605e-02 -6.584761353404391948e-02
-6.804232830791882847e-02 -4.997481840053695501e-02 2.129991899519288745e-02 1.152598520742541266e-01 2.135139488829122523e-01 3.054597828831267514e-01 2.099495832015849661e-01 1.166181585849124375e-01 3.252838801501861665e-02 -3.832099164418394793e-02
-3.882564638081572456e-02 -6.659656307678539500e-02 -4.656367244635564034e-02 2.498102556271773744e-02 1.146795650053021864e-01 2.099495832015849661e-01 2.880353105586224149e-01 2.108532932515828073e-01 1.190219714605834783e-01 3.522147876236389474e-02
3.277617020622731331e-02 -4.009592421759592545e-02 -6.663528047858541248e-02 -4.452662068206460211e-02 2.960613903867977820e-02 1.166181585849124375e-01 2.108532932515828073e-01 2.909870286202944634e-01 2.107249594250423796e-01 1.175387067073005859e-01
1.168483974987141322e-01 2.996266889531234295e-02 -4.386496686206617368e-02 -6.792700889198594050e-02 -4.102370566307604605e-02 3.252838801501861665e-02 1.190219714605834783e-01 2.107249594250423796e-01 2.999205372304702411e-01 2.095068091846481739e-01
2.102192975648791151e-01 1.155105345938756412e-01 2.680405826953886905e-02 -4.644827468385470670e-02 -6.584761353404391948e-02 -3.832099164418394793e-02 3.522147876236389474e-02 1.175387067073005859e-01 2.095068091846481739e-01 2.786072797829196590e-01
2.876486680071093094e-01 2.132037683390846927e-01 1.167901946663734564e-01 2.832725484096584173e-02 -4.430551770768774433e-02 -6.654471845122691964e-02 -4.338649383352601030e-02 2.633105100275686533e-02 1.124875658671240786e-01 2.106795451514390516e-01
2.132037683390846927e-01 3.219385388084630151e-01 2.136350722602183283e-01 1.158154791699097103e-01 2.569293515953677970e-02 -4.446762482522572529e-02 -6.763807197334001375e-02 -4.690899125684080961e-02 2.216309366800586766e-02 1.131103188196832809e-01
1.167901946663734564e-01 2.136350722602183283e-01 2.915540949843072327e-01 2.099200535185026806e-01 1.126035517529884178e-01 2.727226026062026104e-02 -4.333625204941109199e-02 -6.791788147590263613e-02 -4.657887644131462890e-02 2.526433643457893022e-02
2.832725484096584173e-02 1.158154791699097103e-01 2.099200535185026806e-01 2.936015245827953146e-01 2.114014132257531209e-01 1.179577936796070425e-01 3.014556365805243221e-02 -4.189425860172892035e-02 -6.671799300012970502e-02 -4.450700359284760765e-02
-4.430551770768774433e-02 2.569293515953677970e-02 1.126035517529884178e-01 2.114014132257531209e-01 3.042858404341286516e-01 2.148201292047153821e-01 1.175785227607069605e-01 2.974390555886869542e-02 -4.239139285549387015e-02 -6.690329047380272343e-02
-6.654471845122691964e-02 -4.446762482522572529e-02 2.727226026062026104e-02 1.179577936796070425e-01 2.148201292047153821e-01 3.089566405234344115e-01 2.102134484166654493e-01 1.145367533709093083e-01 2.909803146472630594e-02 -4.229945714237175192e-02
-4.338649383352601030e-02 -6.763807197334001375e-02 -4.333625204941109199e-02 3.014556365805243221e-02 1.175785227607069605e-01 2.102134484166654493e-01 2.777363305333442334e-01 2.079822070206015783e-01 1.153370900232367491e-01 2.966413951688934986e-02
2.633105100275686533e-02 -4.690899125684080961e-02 -6.791788147590263613e-02 -4.189425860172892035e-02 2.974390555886869542e-02 1.145367533709093083e-01 2.079822070206015783e-01 3.014314607785643085e-01 2.139032327971301939e-01 1.189418400874606707e-01
1.124875658671240786e-01 2.216309366800586766e-02 -4.657887644131462890e-02 -6.671799300012970502e-02 -4.239139285549387015e-02 2.909803146472630594e-02 1.153370900232367491e-01 2.139032327971301939e-01 3.028810429161281625e-01 2.137665220147660916e-01
2.106795451514390516e-01 1.131103188196832809e-01 2.526433643457893022e-02 -4.450700359284760765e-02 -6.690329047380272343e-02 -4.229945714237175192e-02 2.966413951688934986e-02 1.189418400874606707e-01 2.137665220147660916e-01 3.099658584317269705e-01
2.982565332516349255e-01 2.127182840924382035e-01 1.149125950125357842e-01 2.803706848406416902e-02 -4.211399049838791819e-02 -6.711098334725504322e-02 -4.797697494453002920e-02 2.321694132408022235e-02 1.140332961587312843e-01 2.130555819884585589e-01
2.127182840924382035e-01 3.084733110898428832e-01 2.117819317695975034e-01 1.168773978683544240e-01 3.141215596794706688e-02 -3.953156305067433152e-02 -6.695959197802972551e-02 -4.656849031017513962e-02 2.485259056386013299e-02 1.156711228838334105e-01
1.149125950125357842e-01 2.117819317695975034e-01 2.900729776288993866e-01 2.112997438080265744e-01 1.175395235830992979e-01 3.432999516245378857e-02 -3.906973198365770727e-02 -6.594805817748201904e-02 -4.523222276400045566e-02 2.633774878583854118e-02
2.803706848406416902e-02 1.168773978683544240e-01 2.112997438080265744e-01 2.982231580869232901e-01 2.098904644172095990e-01 1.179669983708529213e-01 3.209357115979290243e-02 -4.168764912081986823e-02 -6.776843101149924997e-02 -4.472327998148779848e-02
-4.211399049838791819e-02 3.141215596794706688e-02 1.175395235830992979e-01 2.098904644172095990e-01 2.862590265947419499e-01 2.097856498226283173e-01 1.161455663294640450e-01 2.812089186298601454e-02 -4.574018804417385314e-02 -6.808643125972599353e-02
-6.711098334725504322e-02 -3.953156305067433152e-02 3.432999516245378857e-02 1.179669983708529213e-01 2.097856498226283173e-01 2.920084919616139363e-01 2.116999482276099021e-01 1.152771410614823466e-01 2.365291702551174102e-02 -4.758665067955246408e-02
-4.797697494453002920e-02 -6.695959197802972551e-02 -3.906973198365770727e-02 3.209357115979290243e-02 1.161455663294640450e-01 2.116999482276099021e-01 3.071394782527451239e-01 2.142442576920579045e-01 1.143134670021447863e-01 2.169333104495875519e-02
2.321694132408022235e-02 -4.656849031017513962e-02 -6.594805817748201904e-02 -4.168764912081986823e-02 2.812089186298601454e-02 1.152771410614823466e-01 2.142442576920579045e-01 3.097861396974506132e-01 2.139257880986937255e-01 1.133379698115349193e-01
