9.981687522489320064e-02 6.100117717493379332e-02 6.901085650434478358e-02 8.071322188273874487e-02 1.065680366009675861e-01 1.204996048994872865e-01 1.013191988453371051e-01 1.265742402605086192e-01 1.324685705441586980e-01 1.020282180626301827e-01
5.738725124601055938e-02 1.065737222431728110e-01 2.010676001483565067e-01 7.195856268091793684e-02 4.530488319920310258e-02 4.390624947515209264e-02 6.674489621343428214e-02 1.841590096062801218e-01 1.448193547262068004e-01 7.807847046126611956e-02
7.285603688000424905e-02 1.056546064367534232e-01 5.974066451255308913e-02 9.474801502311601398e-02 1.333670458725272068e-01 1.041835582861585785e-01 8.339866141641655295e-02 8.454738017008250894e-02 1.464470516634853170e-01 1.150569797389031368e-01
1.396331288743291876e-01 1.771774164236112892e-01 9.082036057683745556e-02 6.539179011001516884e-02 4.766803052412883074e-02 1.108145204082967017e-01 1.771386345085154690e-01 8.764378017096136064e-02 4.899680590653718304e-02 5.471553249676737452e-02
1.487346957216846566e-01 6.457553687505906970e-02 4.241396082854372029e-02 5.092735632073373819e-02 7.816360753880625956e-02 7.844626171658458658e-02 1.364978148741001762e-01 1.196829285602251380e-01 1.381967083603164448e-01 1.423611292039461407e-01
7.135420781475385055e-02 2.926641417278429830e-02 2.490084784944965324e-02 4.101109766662681955e-02 1.199074484854985995e-01 1.770390418178141578e-01 1.013811322301030882e-01 1.671658179859374649e-01 1.532575837889930126e-01 1.147164081880389513e-01
2.575190698768238182e-02 3.613847224967011579e-02 4.783092586861585616e-02 8.465571278473507655e-02 1.675254118706381301e-01 1.916892365616613969e-01 1.483485221319557901e-01 1.741898173748290812e-01 7.420786218578288851e-02 4.966213198442934185e-02
1.158925612885879919e-01 9.250268773161354763e-02 5.880805954165693045e-02 4.557035099211471929e-02 6.267444657307712219e-02 1.225475115872645404e-01 1.157711705338787533e-01 9.174055004917634759e-02 1.219509220875200917e-01 1.725417396151101845e-01
5.035771680804042305e-02 7.074595216201765013e-02 8.933658133771749110e-02 9.541474806700564470e-02 1.010795260090114889e-01 1.585562358164429309e-01 1.839550767524448793e-01 9.436976723904540176e-02 7.493205847363920702e-02 8.125233733463507746e-02
8.383541764434258858e-02 7.315840577851485949e-02 6.837198139225482418e-02 8.390543175561518408e-02 1.168819517248167184e-01 1.332642619461711087e-01 9.618816425333043263e-02 9.746023915218991751e-02 1.340817887184039825e-01 1.128523576343602036e-01
6.074850886118631638e-02 6.219048176511070281e-02 8.912397516369527373e-02 1.596889903754692142e-01 8.399210123990627497e-02 7.978743637547487666e-02 1.129197068449717262e-01 1.320757380760807509e-01 1.377093709078844874e-01 8.176369039022067520e-02
1.123560135832548518e-01 7.772871999757052786e-02 1.232524252978791368e-01 1.141783917733475429e-01 1.466094507898361154e-01 1.301814979609283718e-01 7.150408190429259625e-02 6.477960986671779664e-02 8.735937275759400600e-02 7.205043606857906846e-02
7.442321106543725584e-02 1.248697166560790023e-01 1.562305753136862263e-01 1.318051987011010784e-01 1.204981179183075013e-01 7.582368223111544958e-02 7.944732472533097556e-02 8.578086015483769866e-02 8.814553581167779150e-02 6.297577742242697896e-02
9.977903408371137373e-02 1.518813804023827208e-01 1.545872816770522684e-01 1.198879677326133014e-01 6.513945331781358095e-02 7.143581050751526829e-02 1.176766787586322471e-01 1.016101384585559875e-01 5.944725384963674836e-02 5.855500121208662145e-02
1.245479022381816847e-01 1.277750147733930364e-01 8.310718765644650730e-02 8.939059713023432552e-02 1.169097469098876185e-01 1.230917260762759702e-01 8.683455863409172970e-02 1.028861020679990440e-01 7.843931216713248555e-02 6.701785234635759814e-02
7.406849172218359090e-02 6.076137096643992319e-02 1.112920679383620215e-01 1.575119905106611706e-01 1.092240421902849479e-01 1.555884723131309433e-01 1.040383733459441240e-01 6.540391136165868424e-02 8.523596817905076950e-02 7.687531147228382489e-02
1.088283137381151622e-01 1.314273652296187866e-01 1.686051799714600175e-01 8.778087905001054347e-02 5.224619191393545942e-02 3.929015405894399626e-02 8.587958091339888134e-02 1.270991482080896240e-01 1.150837835908120610e-01 8.375940332561575274e-02
1.015885168100942315e-01 9.803844060222111079e-02 8.522719443003537454e-02 1.488816660052220131e-01 1.451054877866419235e-01 1.173601110945223236e-01 9.685154001527840339e-02 6.842101426490623806e-02 5.975901787721966951e-02 7.876701111385896181e-02
1.111686613273715485e-01 8.170763825980173478e-02 1.211940331420748168e-01 9.587374055356873148e-02 1.045662865344995501e-01 6.217850191283640776e-02 7.254766995981395961e-02 1.216800283717081460e-01 1.092863635216440310e-01 1.197970764166811225e-01
1.064701670749079454e-01 1.570004069952492531e-01 1.121022022779880611e-01 7.059134060203647865e-02 5.950828413902295444e-02 5.519978872228328143e-02 7.107321246100471723e-02 8.973338881948930701e-02 1.367310251360362439e-01 1.415901837719819589e-01
1.147726288654990351e-01 1.141971518735648977e-01 8.556103301078804568e-02 9.941998872880569715e-02 1.405050667104547901e-01 1.391178445833032018e-01 7.896314957606218043e-02 6.834549755865042264e-02 5.078900561484333415e-02 1.083286334780286519e-01
1.065089528471068470e-01 9.901719540337544645e-02 1.092718739964518571e-01 1.106278872553933812e-01 6.743172244309914021e-02 6.786002488827524992e-02 1.432162937463263008e-01 1.356610853061629152e-01 8.015217730898710480e-02 8.025278680482178517e-02
1.119987397205431667e-01 1.252471585298470802e-01 7.350645893788093632e-02 6.698287811484113230e-02 1.068010757972575747e-01 1.363769437018765296e-01 1.141736826019444928e-01 8.867933547115272597e-02 9.980709212426755461e-02 7.642663500038895941e-02
4.761459632423743760e-02 1.030907938022994630e-01 1.688865170624832546e-01 1.268042461962719802e-01 1.508823880423654784e-01 1.184371774937647420e-01 8.457357143989030490e-02 9.724358570259379608e-02 5.820535336825258255e-02 4.426177056784123820e-02
1.507213527856105517e-01 1.190480847242235685e-01 8.827346004403179014e-02 7.152803259970055838e-02 6.924794178047605220e-02 9.422766142899784148e-02 8.543403730219871484e-02 9.781663140572545434e-02 1.281541669608660394e-01 9.554863096816951229e-02
8.392688503173292847e-02 4.894324072376169538e-02 5.406518707713597882e-02 8.390632239734116538e-02 1.358474754562316034e-01 1.358790359549210680e-01 1.276475099272454949e-01 1.129860981200925679e-01 1.052763151951618403e-01 1.115219301163759141e-01
9.951425044547665411e-02 6.877540662254785775e-02 9.142797410282893500e-02 1.056160597424422309e-01 1.137711914854105527e-01 7.191491197185798101e-02 6.560689747681970607e-02 1.028216160712897287e-01 1.070622197097359229e-01 1.734894723715906251e-01
6.962829730664832351e-02 4.354418837399927356e-02 4.399099100707065668e-02 6.730258926658336249e-02 1.310674762736219745e-01 1.782493005411453502e-01 1.281563563198732103e-01 1.278852087655166225e-01 8.333734161854285116e-02 1.268382505269985416e-01
1.204321532042437193e-01 1.580011046874894576e-01 5.323422934656376476e-02 3.912713922061129834e-02 5.030739361038995272e-02 1.052891018002096446e-01 1.480659301035441022e-01 1.202443514451080608e-01 9.541682512248404746e-02 1.098817714593561118e-01
1.026970919110922753e-01 1.239076057406190978e-01 1.157443393185734332e-01 1.026088271550957554e-01 1.236999951284375593e-01 9.586954339056497076e-02 7.575897241846758778e-02 7.884607837589611978e-02 8.469916640239665007e-02 9.616838015885659230e-02
1.177989843675845416e-01 1.210986648593453396e-01 1.099178066745547799e-01 1.831690972776187920e-01 1.032470164455977502e-01 6.996660449119393443e-02 6.961835767429713773e-02 7.338003835359724336e-02 7.813941042319981489e-02 7.366401943301073563e-02
1.654577567416805062e-01 1.004465150900701875e-01 1.139932729007640533e-01 1.167909101827833834e-01 9.457802621686388356e-02 8.372756022169712542e-02 6.723615350719266970e-02 8.247990115740644335e-02 8.454678920146804777e-02 9.074311478007372755e-02
8.134670405697251583e-02 6.622034584400704471e-02 6.711526031536571568e-02 9.351811837865593724e-02 1.811580412832604625e-01 1.521285148775838036e-01 7.778863379025890978e-02 6.907526579647360609e-02 8.388177447737477088e-02 1.277673411800473446e-01
1.385618324642763355e-01 1.053543368982833017e-01 1.255744650362687620e-01 8.246242405355322380e-02 6.974731117008073356e-02 6.091678198457844279e-02 5.811059627231382474e-02 7.420014321318388339e-02 1.228186247036589657e-01 1.622534842038025060e-01
9.470611952176063997e-02 9.415711027895790064e-02 8.754750343932328482e-02 1.010500616363707582e-01 1.126254400767512792e-01 1.737689893010144204e-01 1.062463677197886813e-01 9.038652011213949011e-02 6.426981440985642113e-02 7.524207350403713801e-02
1.491314919180600773e-01 1.427840748012318695e-01 8.305215704346133321e-02 9.491164889932648951e-02 1.429836578560116367e-01 1.110515121271208189e-01 6.476834501465708605e-02 6.386034397500699178e-02 7.346444344082275757e-02 7.399232492430106445e-02
5.660364317885015206e-02 7.444685384365470893e-02 1.062712514578737777e-01 8.959698240311951556e-02 1.105518455410245682e-01 1.813637233596989973e-01 1.169089525376640487e-01 9.896065662048977862e-02 5.891660063142750703e-02 1.063794904261972235e-01
3.939992634453233500e-02 4.042005958220663137e-02 8.425603935122616406e-02 1.660570065443226773e-01 1.260483859807425278e-01 6.337846478215135304e-02 7.467713960952804264e-02 1.622919578995730971e-01 1.649275382745125640e-01 7.854348163120461468e-02
6.668882230987908943e-02 8.976223214635263570e-02 9.703565675578673666e-02 8.144338716461985150e-02 8.231071442886152278e-02 1.005260722714562960e-01 1.727257505567122431e-01 1.300930355277887529e-01 9.021943900686781037e-02 8.919488983167510321e-02
8.203430749635852448e-02 1.039737560465856525e-01 1.255467784929462649e-01 7.320221066068421933e-02 6.617402109201679650e-02 1.031804965438969240e-01 9.143562674946736912e-02 1.310195604407142500e-01 1.492874041626278403e-01 7.414583831470242248e-02
5.885872370210069177e-02 6.643468083678052971e-02 1.016754072452093899e-01 1.407556920596005623e-01 9.984521423899503367e-02 1.106956292893647581e-01 1.570857594483245911e-01 1.415604326785364075e-01 6.655105849748751967e-02 5.653740200360047458e-02
7.771693789318050161e-02 9.233281737214688034e-02 1.037798682469822653e-01 1.689179363460387995e-01 1.300971645127651510e-01 7.351237592455178715e-02 6.870412784549199958e-02 1.002515481641167161e-01 9.297591242128820654e-02 9.171131127343777611e-02
8.235490779714946252e-02 1.143403849538166539e-01 8.305986195380776760e-02 6.030010382377856692e-02 9.156985331947029016e-02 7.142044011017634197e-02 1.105983314792735178e-01 1.506309799108751513e-01 1.356444326013083179e-01 1.000807040503441103e-01
2.475842991566280793e-02 4.407084613914676041e-02 9.506163991982757855e-02 1.595876834826844837e-01 1.643757415077009565e-01 1.035623005977411304e-01 1.286597290146893335e-01 1.616466025727425482e-01 7.521201687220131771e-02 4.306500997760309701e-02
8.832618427818011986e-02 8.636417668501095157e-02 1.131844028425629534e-01 1.245334576947562527e-01 5.830249969483537742e-02 4.354917105362655916e-02 8.840543413763446434e-02 1.868121363795480494e-01 1.509553195693815186e-01 5.956721766446402416e-02
1.469765766382269689e-01 1.072702663580168692e-01 9.796620022238745895e-02 6.105901540980500364e-02 7.710905406406506901e-02 7.832648222307812824e-02 6.700552505998300101e-02 9.360750205358753240e-02 1.571472450545124966e-01 1.135321329163377357e-01
8.091651609997173311e-02 6.247970857465220962e-02 1.266989971934910364e-01 1.505850290486672738e-01 1.044585397094427021e-01 7.814160780085063762e-02 6.498237409408931520e-02 8.448702743834535234e-02 1.484870510837445756e-01 9.876314895674527528e-02
7.420885754479739083e-02 8.672646778486098329e-02 7.207159961128489778e-02 9.118159344291065782e-02 1.491264949704343978e-01 1.669847091093466518e-01 1.176587151856744451e-01 1.166266505956667920e-01 6.423528549475157612e-02 6.117962626027234618e-02
1.006450050572469945e-01 1.239867514843210478e-01 1.439196540805331437e-01 9.095291837620625430e-02 1.022951162003059578e-01 1.168532232125096826e-01 1.087827910128894293e-01 7.245417031823073173e-02 7.052563978966244762e-02 6.958473046809438012e-02
1.478875632690476172e-01 8.608544691530981008e-02 5.979070044748732021e-02 5.574146991405321688e-02 8.036169171959871294e-02 7.363550916872269037e-02 7.460938040702361218e-02 1.523131688909402093e-01 1.504771828051430504e-01 1.190978864626738021e-01
6.575117122173364248e-02 5.340066654236481913e-02 1.056470321648038946e-01 1.574996769327860480e-01 1.609156008479981637e-01 8.357755328821667162e-02 6.970313088484665631e-02 1.173424957529523860e-01 1.194002336697103372e-01 6.676243869458733937e-02
9.307889660616749938e-02 1.485973233660342341e-01 1.217708961876692725e-01 1.113377949727723804e-01 5.910520135569118788e-02 5.635371890685349217e-02 6.836277472591748006e-02 8.651951117594638974e-02 1.508639162496585584e-01 1.040099664532894569e-01
8.781405748946738421e-02 8.912456637200959209e-02 8.293499565872586299e-02 8.481526522249341338e-02 1.372764113879282322e-01 1.465059299649981717e-01 9.352649805259108384e-02 1.038664387595394228e-01 7.905687420530270459e-02 9.507896288694436815e-02
1.552209692991366741e-01 1.644196283136425130e-01 1.079909388094925787e-01 1.043282998478332058e-01 7.628405196070414673e-02 9.272938382429510296e-02 6.536569915904955064e-02 6.498417083237346958e-02 6.990534582696247834e-02 9.877151212651047452e-02
1.103762235793801783e-01 7.877577246110062381e-02 4.533497683194732952e-02 1.316637388918520668e-01 1.644444828537033054e-01 1.203217740846669326e-01 5.823289212251394481e-02 4.746490074289094752e-02 1.107744953195387988e-01 1.326107431124059488e-01
7.769771483190436590e-02 6.179468816689506760e-02 8.860533116521700225e-02 7.558952106990012021e-02 1.017414519482511270e-01 1.203708557161426718e-01 1.294561754216540517e-01 1.613651783457118183e-01 9.157427232196564681e-02 9.180481101235815622e-02
7.886956207791878670e-02 1.417115194606076156e-01 1.077360560805953188e-01 8.019200125274020263e-02 1.205332677969518512e-01 1.628609298107204506e-01 8.712028610299396569e-02 5.867929582768247054e-02 8.071507602681414484e-02 8.158200556297540151e-02
9.053444272468451348e-02 7.630428987608894875e-02 8.963813562948956537e-02 1.058490154870696809e-01 1.016676701675843508e-01 5.752151786699660069e-02 7.223794486235143864e-02 1.091476628902862817e-01 1.509194608878946797e-01 1.461798596075538081e-01
8.376950271195562903e-02 6.081161448413122117e-02 1.131268312586454217e-01 9.427668991844746771e-02 1.174260528945794690e-01 1.070668300710571341e-01 7.369890457049518839e-02 8.459839241511984964e-02 1.441540790225078195e-01 1.210711026530608692e-01
8.874380375002960397e-02 1.074443763819711017e-01 7.308139619046899460e-02 1.087591591519635609e-01 1.537333035866620123e-01 8.848225349557883868e-02 8.659278278718597621e-02 8.234538324350321181e-02 1.131430082803135673e-01 9.767453313232338230e-02
1.837874114169150142e-01 1.473323300375285472e-01 5.346627285537798591e-02 7.443539845131651178e-02 7.690754910204042338e-02 5.606946448527968391e-02 1.131855868911184754e-01 1.119033439276549691e-01 7.055586162314810006e-02 1.123567812096204765e-01
7.327183402744924523e-02 7.192467271083530234e-02 7.461386858832154412e-02 1.435516987105202313e-01 1.734457534716751792e-01 1.180928753977439349e-01 9.226592374932590657e-02 6.790364510376425966e-02 8.879069726642779825e-02 9.613903097393675101e-02
1.008721348826534803e-01 6.779731018514825736e-02 1.522525474695493042e-01 1.524780649326143156e-01 1.083657184221460401e-01 9.931157265023805858e-02 7.611421088729360129e-02 4.838397123658121773e-02 8.039945183642110971e-02 1.140250174973545944e-01
4.081786957406338678e-02 2.343874485888425979e-02 2.444969880959421693e-02 8.029136605636802426e-02 2.490093284076810298e-01 1.271528442860550001e-01 1.054338120967301673e-01 1.158116088045368086e-01 1.425848781765029771e-01 9.100984892958421946e-02
9.479777418548412937e-02 1.306057010900992243e-01 1.026824958741862776e-01 7.356426170578395096e-02 1.012918871212656891e-01 1.172295883981199494e-01 1.013117571012094043e-01 9.326909631101255871e-02 9.035566823833798833e-02 9.489176997450116113e-02
6.133657160381088269e-02 8.976724076079878323e-02 1.590313730553213900e-01 1.273307993664206106e-01 8.611528053581556097e-02 8.653734407564056541e-02 8.916890741609859172e-02 1.144490580200862861e-01 1.021695136936916770e-01 8.409391147231576324e-02
1.047483938247875945e-01 8.843405068738958985e-02 8.629013675019192586e-02 8.402056768684496024e-02 1.354560501015613372e-01 1.137230814300584786e-01 6.402795302047414872e-02 9.953999561683019026e-02 1.019554328286411404e-01 1.218043380532208009e-01
1.293915129215148507e-01 8.358879844926692115e-02 7.319301767442266959e-02 9.312184861736462482e-02 1.213352421815362542e-01 1.374134128232052110e-01 8.111983238932551910e-02 8.664263029061439192e-02 8.631616728029306573e-02 1.078775373724565334e-01
1.342773497375542580e-01 9.695390063767582445e-02 9.616991077767025886e-02 9.895304372612392929e-02 1.149085924006134352e-01 8.717709459335716560e-02 1.068404468005861585e-01 9.385663907683564067e-02 9.779494008824833606e-02 7.306808216133511835e-02
7.145444877198470213e-02 9.647567498175091405e-02 8.258344821368951427e-02 1.253181597153812665e-01 8.984834783570166961e-02 8.980877128693265377e-02 9.982012479337420974e-02 1.513590623023113868e-01 1.091646216424589366e-01 8.416734045641485751e-02
7.344558920010538228e-02 1.287379223648482396e-01 1.045423076635825232e-01 7.140585869894744420e-02 6.645181363899688165e-02 7.952797452523832633e-02 1.192549406046834182e-01 1.665646301746165903e-01 1.032662864029354338e-01 8.680267672604566331e-02
4.364863651601136318e-02 5.016585323758674525e-02 7.462588633969592655e-02 1.253677748125984204e-01 1.893503280701260838e-01 7.484772254595609131e-02 8.966083412557993015e-02 1.727632836290372287e-01 1.034262653580480945e-01 7.614341536536040067e-02
7.051517526877613962e-02 8.664339517455763029e-02 1.142068744651146134e-01 1.442235942020335671e-01 1.632081107009998866e-01 7.003457262263251826e-02 7.158301187403690036e-02 9.164146350357493809e-02 9.454831061745981591e-02 9.339549157081386555e-02
9.857246029921790109e-02 1.130344706338814176e-01 9.205174046760281059e-02 1.592077408504579961e-01 1.360736089455973907e-01 1.240947712792427049e-01 8.498114070484050209e-02 8.877811127197735019e-02 4.311306435312551449e-02 6.009289119405657187e-02
7.974506563570780970e-02 9.320042624438128198e-02 1.081774965452563797e-01 1.016430654018424529e-01 8.507283772235295360e-02 1.293975471206916528e-01 1.610090182367758249e-01 1.094548209885556345e-01 6.494348531161289739e-02 6.735623679282318199e-02
8.928054374666422044e-02 6.622132291102188206e-02 1.025743285952281092e-01 1.035322102703456759e-01 8.082718528013367598e-02 6.774888188814348622e-02 5.621889891126723854e-02 1.542106953871151542e-01 1.385095078036935046e-01 1.408764252063872957e-01
6.797659031522242101e-02 1.407114082751616813e-01 2.050250650941202735e-01 6.009104928202852608e-02 5.169806952046429593e-02 8.069303528488717958e-02 1.397931768076095815e-01 1.689067986433198942e-01 5.011895147921911764e-02 3.498585529796718191e-02
1.942264376150191763e-01 1.280558442828392263e-01 6.194109337770099116e-02 9.993921204734224073e-02 1.909829294033151825e-01 9.551617494545106002e-02 5.592880986836535478e-02 3.329311087743780373e-02 4.842406748231056768e-02 9.169232010021843848e-02
8.702714628997725022e-02 7.659556420988421210e-02 1.199065724198946220e-01 2.018092294318122315e-01 1.491312429983036314e-01 8.745695757524463154e-02 5.451105262524853778e-02 8.475728676636909431e-02 7.798385936468144042e-02 6.082108831858423076e-02
6.300072056402636345e-02 5.089836439699933768e-02 4.761626836408540397e-02 7.025424894896778460e-02 1.335796421067045325e-01 1.510121373085076546e-01 1.039357763657536571e-01 9.163459672260315658e-02 1.527016765187587943e-01 1.353665687035932597e-01
6.669107272030520839e-02 9.111512334168961336e-02 9.948465226569015718e-02 1.582491322023296121e-01 8.989773759399904973e-02 1.667738672554732182e-01 1.395042802318793573e-01 1.019294671375178679e-01 5.536661255826347272e-02 3.098805469285259226e-02
1.125598677488280908e-01 6.632835243809251380e-02 6.449868566297131678e-02 8.111760391854483387e-02 1.438772357688987147e-01 1.229732007528233639e-01 1.040370869598973569e-01 1.026899527849718247e-01 1.017065740214038311e-01 1.002114399435682507e-01
1.566472001283537585e-01 8.245056485370991228e-02 7.993465553940400092e-02 1.043447979711249751e-01 8.276301406952578377e-02 1.776119207185881954e-01 1.225754378972549186e-01 3.821447602475994132e-02 4.195312099275967654e-02 1.135048118045187820e-01
1.027455068879380429e-01 1.285255426891541153e-01 1.398348339677295549e-01 7.503916902766935570e-02 7.016741540397562760e-02 9.524672630231509340e-02 1.658496362150800596e-01 9.627631292897104176e-02 4.877209921959783229e-02 7.754275735756928356e-02
6.756054599111305237e-02 1.123246017682892339e-01 1.708522181407220453e-01 1.159170237029301942e-01 8.401957456593039941e-02 6.708738287283043389e-02 1.018258260742205962e-01 1.182692355107951288e-01 9.511057846833613494e-02 6.703301290483296149e-02
1.495550981355707743e-01 7.138411806550323813e-02 9.336191866203441547e-02 1.183733716196318647e-01 1.061809768479724803e-01 7.878798814693520336e-02 9.156266488828636307e-02 6.083273229311486618e-02 9.126662425520506994e-02 1.386945070857455720e-01
1.685601718110043001e-01 1.049279125174141791e-01 8.431253975092031783e-02 5.883438358800487100e-02 7.500249571264396009e-02 1.114102169484338101e-01 1.444596458147613671e-01 5.056258745622919937e-02 6.603776458161794705e-02 1.358922818189701454e-01
7.437990427424405471e-02 1.346104598956765208e-01 9.665350099649572257e-02 7.067657917453287753e-02 6.183773373388037897e-02 7.456520076824732501e-02 9.038378659657322900e-02 1.230862652249545830e-01 2.050258740912501709e-01 6.878069524414530400e-02
8.485773063437507258e-02 8.028967849417330271e-02 1.507006199941908764e-01 1.439656269978092096e-01 7.015494479395398275e-02 7.291011880106010312e-02 1.699050763761388860e-01 1.316426878665551137e-01 5.368945886369044102e-02 4.188405717805283868e-02
9.790304399283868142e-02 7.526610167055547418e-02 4.754594931705403982e-02 6.488168908592598094e-02 9.872794734555399854e-02 1.311254461438882135e-01 8.685078206416745050e-02 7.062660670821500897e-02 1.493563539511598148e-01 1.777160797206414622e-01
1.105671745153628815e-01 1.646680321824057769e-01 1.734788464720288248e-01 8.321224581161831835e-02 6.580727356176939435e-02 5.921332396358920669e-02 6.794340605279901302e-02 7.278389211164434935e-02 9.499650388846089810e-02 1.073293014403212120e-01
1.271016068360453777e-01 9.812101268964602829e-02 6.328173703963366203e-02 8.523485869892241662e-02 1.857847437759086451e-01 1.364025909207421394e-01 5.993623929780150794e-02 7.736456455921100761e-02 7.871683396084117046e-02 8.805581222124819751e-02
7.061307137291601699e-02 8.840355063099286648e-02 1.371644725203386983e-01 1.288606819343307008e-01 7.647366542560329883e-02 8.402235661203873163e-02 1.423928389920131043e-01 9.841893187021681644e-02 9.811211738104479163e-02 7.553831326050525208e-02
1.116398498429489045e-01 1.078109532224645895e-01 1.265130480434311089e-01 7.746056919876340152e-02 7.614683997055889109e-02 1.028875265034883829e-01 9.297560067066813760e-02 9.796611628110542258e-02 9.573633327326948328e-02 1.108631629933017892e-01
1.164393968321310313e-01 9.679921432436285056e-02 9.230369362959514601e-02 8.483859853705236209e-02 1.261067287530547032e-01 9.897165812235506066e-02 5.778190061250688264e-02 9.515881496543437956e-02 1.356753042067297410e-01 9.592469001677800255e-02
3.224746371967217307e-02 2.834054283737487065e-02 8.023659324167158047e-02 1.931868056730541849e-01 1.307677800477935748e-01 8.194472376048675399e-02 1.074927713265599050e-01 1.611980941713487547e-01 1.263000852962497256e-01 5.828513992578848724e-02
8.669237178794808596e-02 5.916488578660258901e-02 1.266187290852752445e-01 1.055486072946339449e-01 1.199040912917191393e-01 1.029723026044923606e-01 7.305440750281368134e-02 1.027114027251459644e-01 1.400884144362774530e-01 8.324478748509166193e-02
1.538652791029796463e-01 7.459052451315686949e-02 1.060653324554228644e-01 1.568644626235728978e-01 1.047177260961563716e-01 9.692615832420972688e-02 5.402900444392826074e-02 6.524955302595450424e-02 7.593130932120405185e-02 1.117606500934149594e-01
5.549040360119042448e-02 1.160274584722451596e-01 9.596685475100885654e-02 1.725072184302122169e-01 9.484613852918466481e-02 7.591747619573345485e-02 1.168941271054598496e-01 1.055865387017968782e-01 8.361796433741033874e-02 8.314581987575801747e-02
9.971412011194955016e-02 1.203535016957454351e-01 1.507590668076689566e-01 8.312860687871037602e-02 8.135425942599332216e-02 8.436500519275375032e-02 6.218483981627209028e-02 1.174292113012193189e-01 1.057003399196026205e-01 9.501104885008490597e-02
