9.981687522489320064e-02 7.599610489846234107e-02 7.500282561288100502e-02 7.417852490642318219e-02 7.865907730037953460e-02 8.085996456964095191e-02 7.773211670446500410e-02 9.302734781552729482e-02 1.034883402901986132e-01 9.805721088096193416e-02
7.599610489846234107e-02 6.100117717493379332e-02 6.297493523751021560e-02 6.402515325307324423e-02 6.851212467122264060e-02 6.907006398356348165e-02 6.259211775976730729e-02 7.011036420470755093e-02 7.571053934526944529e-02 7.242711358196504690e-02
7.500282561288100502e-02 6.297493523751021560e-02 6.901085650434478358e-02 7.292218387545604252e-02 7.963361277864069998e-02 7.975477578135295453e-02 6.876708683966249736e-02 7.157818020414548343e-02 7.363312912591118975e-02 7.001659124833414793e-02
7.417852490642318219e-02 6.402515325307324423e-02 7.292218387545604252e-02 8.071322188273874487e-02 9.079235743381205981e-02 9.176424443003816656e-02 7.721207984327414786e-02 7.613686998068723566e-02 7.429960139733378377e-02 6.900780957904044388e-02
7.865907730037953460e-02 6.851212467122264060e-02 7.963361277864069998e-02 9.079235743381205981e-02 1.065680366009675861e-01 1.104078700438353294e-01 9.295058888434656885e-02 8.919577732472512566e-02 8.310628640303402426e-02 7.430492288850956695e-02
8.085996456964095191e-02 6.907006398356348165e-02 7.975477578135295453e-02 9.176424443003816656e-02 1.104078700438353294e-01 1.204996048994872865e-01 1.051137281271795898e-01 1.022524468136228049e-01 9.302576158824395203e-02 7.940351281232371772e-02
7.773211670446500410e-02 6.259211775976730729e-02 6.876708683966249736e-02 7.721207984327414786e-02 9.295058888434656885e-02 1.051137281271795898e-01 1.013191988453371051e-01 1.063377293827580949e-01 9.849818339401310296e-02 8.092847499804495248e-02
9.302734781552729482e-02 7.011036420470755093e-02 7.157818020414548343e-02 7.613686998068723566e-02 8.919577732472512566e-02 1.022524468136228049e-01 1.063377293827580949e-01 1.265742402605086192e-01 1.237461141118981478e-01 1.009783917194496117e-01
1.034883402901986132e-01 7.571053934526944529e-02 7.363312912591118975e-02 7.429960139733378377e-02 8.310628640303402426e-02 9.302576158824395203e-02 9.849818339401310296e-02 1.237461141118981478e-01 1.324685705441586980e-01 1.120246082997125303e-01
9.805721088096193416e-02 7.242711358196504690e-02 7.001659124833414793e-02 6.900780957904044388e-02 7.430492288850956695e-02 7.940351281232371772e-02 8.092847499804495248e-02 1.009783917194496117e-01 1.120246082997125303e-01 1.020282180626301827e-01
5.738725124601055938e-02 7.360797865413645780e-02 9.663357343588868664e-02 5.864661409843689721e-02 4.734326592063595185e-02 4.450071718248119201e-02 4.853500643458374258e-02 7.389714634210828303e-02 6.940746672394179639e-02 6.007887864195971678e-02
7.360797865413645780e-02 1.065737222431728110e-01 1.447592912317750558e-01 8.600378346548720465e-02 6.505968657870866978e-02 5.464110486305337466e-02 5.168958859101953351e-02 7.144139327385029548e-02 6.788743259744847713e-02 6.575890075081790298e-02
9.663357343588868664e-02 1.447592912317750558e-01 2.010676001483565067e-01 1.192584462306054693e-01 8.903118627469411295e-02 7.254191053607463024e-02 6.532846000558456545e-02 8.655338537462051174e-02 8.195549958132572477e-02 8.224666238067526725e-02
5.864661409843689721e-02 8.600378346548720465e-02 1.192584462306054693e-01 7.195856268091793684e-02 5.517060812148182058e-02 4.659356098089979109e-02 4.376814560743529092e-02 5.958910665275780894e-02 5.521967779796452258e-02 5.242517796483919107e-02
4.734326592063595185e-02 6.505968657870866978e-02 8.903118627469411295e-02 5.517060812148182058e-02 4.530488319920310258e-02 4.178917551981321810e-02 4.322671584400877842e-02 6.247953948177283751e-02 5.611672111751158515e-02 4.777490261068749466e-02
4.450071718248119201e-02 5.464110486305337466e-02 7.254191053607463024e-02 4.659356098089979109e-02 4.178917551981321810e-02 4.390624947515209264e-02 5.110131144531570441e-02 7.877673505419664768e-02 6.917867708618037625e-02 5.279084149148144389e-02
4.853500643458374258e-02 5.168958859101953351e-02 6.532846000558456545e-02 4.376814560743529092e-02 4.322671584400877842e-02 5.110131144531570441e-02 6.674489621343428214e-02 1.087385452248214729e-01 9.464894826901532054e-02 6.693031048623740431e-02
7.389714634210828303e-02 7.144139327385029548e-02 8.655338537462051174e-02 5.958910665275780894e-02 6.247953948177283751e-02 7.877673505419664768e-02 1.087385452248214729e-01 1.841590096062801218e-01 1.607042696963544570e-01 1.102260136109129429e-01
6.940746672394179639e-02 6.788743259744847713e-02 8.195549958132572477e-02 5.521967779796452258e-02 5.611672111751158515e-02 6.917867708618037625e-02 9.464894826901532054e-02 1.607042696963544570e-01 1.448193547262068004e-01 1.015820959778794830e-01
6.007887864195971678e-02 6.575890075081790298e-02 8.224666238067526725e-02 5.242517796483919107e-02 4.777490261068749466e-02 5.279084149148144389e-02 6.693031048623740431e-02 1.102260136109129429e-01 1.015820959778794830e-01 7.807847046126611956e-02
7.285603688000424905e-02 8.470283134535974701e-02 5.916973646684814403e-02 6.517804408292972307e-02 7.135997551095855929e-02 6.416768742861314601e-02 6.267644055373952638e-02 6.892576696676203096e-02 9.433182844641857523e-02 8.816081769020410464e-02
8.470283134535974701e-02 1.056546064367534232e-01 7.662210336482355721e-02 8.690525283995501060e-02 9.510300601362396689e-02 8.231489981806726364e-02 7.496203867986303560e-02 7.681175892492426993e-02 1.017160465031325123e-01 9.675524964752066359e-02
5.916973646684814403e-02 7.662210336482355721e-02 5.974066451255308913e-02 7.230569584060130006e-02 8.126613131032081605e-02 6.933532335715486550e-02 5.966504737177171641e-02 5.623391263834694176e-02 7.017228723948788771e-02 6.600758127490213845e-02
6.517804408292972307e-02 8.690525283995501060e-02 7.230569584060130006e-02 9.474801502311601398e-02 1.102403793243505181e-01 9.382387582006146420e-02 7.748931220446450552e-02 6.750158745869178079e-02 7.848448948799452429e-02 7.192023619127087264e-02
7.135997551095855929e-02 9.510300601362396689e-02 8.126613131032081605e-02 1.102403793243505181e-01 1.333670458725272068e-01 1.152238769799008855e-01 9.480557647852005942e-02 8.032875694899097030e-02 8.999701275803717593e-02 8.006677282565627385e-02
6.416768742861314601e-02 8.231489981806726364e-02 6.933532335715486550e-02 9.382387582006146420e-02 1.152238769799008855e-01 1.041835582861585785e-01 8.907826675469282529e-02 7.758390943071724610e-02 8.746280686472490684e-02 7.564188857699241653e-02
6.267644055373952638e-02 7.496203867986303560e-02 5.966504737177171641e-02 7.748931220446450552e-02 9.480557647852005942e-02 8.907826675469282529e-02 8.339866141641655295e-02 7.877066263126997203e-02 9.297471831712564305e-02 7.899239272055184891e-02
6.892576696676203096e-02 7.681175892492426993e-02 5.623391263834694176e-02 6.750158745869178079e-02 8.032875694899097030e-02 7.758390943071724610e-02 7.877066263126997203e-02 8.454738017008250894e-02 1.073210095085019022e-01 9.138821024866897180e-02
9.433182844641857523e-02 1.017160465031325123e-01 7.017228723948788771e-02 7.848448948799452429e-02 8.999701275803717593e-02 8.746280686472490684e-02 9.297471831712564305e-02 1.073210095085019022e-01 1.464470516634853170e-01 1.268911949530537320e-01
8.816081769020410464e-02 9.675524964752066359e-02 6.600758127490213845e-02 7.192023619127087264e-02 8.006677282565627385e-02 7.564188857699241653e-02 7.899239272055184891e-02 9.138821024866897180e-02 1.268911949530537320e-01 1.150569797389031368e-01
1.396331288743291876e-01 1.547555494096427842e-01 1.074354899771075844e-01 8.253736873176023559e-02 5.642594877317230750e-02 6.703910702124762921e-02 7.949230513741466220e-02 6.387615079501682280e-02 6.361027852458589482e-02 8.383311494439531220e-02
1.547555494096427842e-01 1.771774164236112892e-01 1.237355985148710924e-01 9.411015476613958375e-02 6.222908494827703724e-02 7.097025957657082662e-02 8.244294841472830926e-02 6.638402543689356228e-02 6.734465073127568480e-02 9.102033145170909667e-02
1.074354899771075844e-01 1.237355985148710924e-01 9.082036057683745556e-02 7.287078373472677395e-02 5.106796695179714740e-02 6.130533063632220836e-02 7.172597308526582061e-02 5.527839141139566370e-02 5.169883013619677725e-02 6.507493990034396436e-02
8.253736873176023559e-02 9.411015476613958375e-02 7.287078373472677395e-02 6.539179011001516884e-02 5.149207852408377306e-02 6.793201976465729208e-02 8.123674961610891088e-02 5.944806065777057114e-02 4.918083053325975063e-02 5.386768006308922940e-02
5.642594877317230750e-02 6.222908494827703724e-02 5.106796695179714740e-02 5.149207852408377306e-02 4.766803052412883074e-02 6.998522011204956483e-02 8.605263963539114269e-02 6.075587834906889806e-02 4.501387187264709044e-02 4.161073084099917163e-02
6.703910702124762921e-02 7.097025957657082662e-02 6.130533063632220836e-02 6.793201976465729208e-02 6.998522011204956483e-02 1.108145204082967017e-01 1.389753226687881760e-01 9.661123858082235061e-02 6.742589519066494175e-02 5.535421433900355320e-02
7.949230513741466220e-02 8.244294841472830926e-02 7.172597308526582061e-02 8.123674961610891088e-02 8.605263963539114269e-02 1.389753226687881760e-01 1.771386345085154690e-01 1.232965392532348881e-01 8.519588717385104260e-02 6.798298452829841521e-02
6.387615079501682280e-02 6.638402543689356228e-02 5.527839141139566370e-02 5.944806065777057114e-02 6.075587834906889806e-02 9.661123858082235061e-02 1.232965392532348881e-01 8.764378017096136064e-02 6.251111477732441968e-02 5.236101940491608153e-02
6.361027852458589482e-02 6.734465073127568480e-02 5.169883013619677725e-02 4.918083053325975063e-02 4.501387187264709044e-02 6.742589519066494175e-02 8.519588717385104260e-02 6.251111477732441968e-02 4.899680590653718304e-02 4.690227482568574968e-02
8.383311494439531220e-02 9.102033145170909667e-02 6.507493990034396436e-02 5.386768006308922940e-02 4.161073084099917163e-02 5.535421433900355320e-02 6.798298452829841521e-02 5.236101940491608153e-02 4.690227482568574968e-02 5.471553249676737452e-02
1.487346957216846566e-01 9.593510951888398197e-02 7.237478780019537816e-02 7.111808716001877251e-02 8.027401364905308034e-02 7.506547267373149535e-02 9.483785415489282000e-02 9.752084745177005964e-02 1.225044947208909080e-01 1.402923979331791027e-01
9.593510951888398197e-02 6.457553687505906970e-02 5.070137762969341433e-02 5.146865689785369569e-02 5.916852936000703556e-02 5.547797697726375432e-02 6.910898339268449486e-02 6.741072431861110104e-02 7.957679886908960998e-02 8.915836578863062245e-02
7.237478780019537816e-02 5.070137762969341433e-02 4.241396082854372029e-02 4.529071877170205707e-02 5.367664498524275796e-02 5.103735375750609315e-02 6.332713585416908930e-02 5.843066266841746847e-02 6.315289941253747485e-02 6.716378742115367007e-02
7.111808716001877251e-02 5.146865689785369569e-02 4.529071877170205707e-02 5.092735632073373819e-02 6.222771452262313568e-02 6.020390529468147567e-02 7.500720520334860919e-02 6.660336687718018678e-02 6.655560774597585327e-02 6.655114030841506600e-02
8.027401364905308034e-02 5.916852936000703556e-02 5.367664498524275796e-02 6.222771452262313568e-02 7.816360753880625956e-02 7.704100393513256539e-02 9.700025345045709679e-02 8.469011774182393093e-02 8.049680408051906877e-02 7.631977190814043244e-02
7.506547267373149535e-02 5.547797697726375432e-02 5.103735375750609315e-02 6.020390529468147567e-02 7.704100393513256539e-02 7.844626171658458658e-02 1.013252184876802520e-01 8.871484839839520464e-02 8.189518583541376129e-02 7.359568941688281185e-02
9.483785415489282000e-02 6.910898339268449486e-02 6.332713585416908930e-02 7.500720520334860919e-02 9.700025345045709679e-02 1.013252184876802520e-01 1.364978148741001762e-01 1.222211949344980675e-01 1.123748133429037788e-01 9.679169964899650425e-02
9.752084745177005964e-02 6.741072431861110104e-02 5.843066266841746847e-02 6.660336687718018678e-02 8.469011774182393093e-02 8.871484839839520464e-02 1.222211949344980675e-01 1.196829285602251380e-01 1.183911460762574475e-01 1.032745234988214911e-01
1.225044947208909080e-01 7.957679886908960998e-02 6.315289941253747485e-02 6.655560774597585327e-02 8.049680408051906877e-02 8.189518583541376129e-02 1.123748133429037788e-01 1.183911460762574475e-01 1.381967083603164448e-01 1.303413571406857874e-01
1.402923979331791027e-01 8.915836578863062245e-02 6.716378742115367007e-02 6.655114030841506600e-02 7.631977190814043244e-02 7.359568941688281185e-02 9.679169964899650425e-02 1.032745234988214911e-01 1.303413571406857874e-01 1.423611292039461407e-01
7.135420781475385055e-02 4.489768548812560212e-02 3.843354397682549606e-02 4.392620053459320856e-02 6.843897141543013596e-02 7.995125201449487795e-02 6.798070638340047989e-02 9.376715606241951828e-02 9.738082218320386063e-02 8.894557450297804757e-02
4.489768548812560212e-02 2.926641417278429830e-02 2.616914391998378595e-02 3.111999052778505193e-02 4.969512448665023424e-02 5.820426541108719709e-02 4.646784659030574194e-02 5.902131235025262490e-02 5.944545328784738014e-02 5.469291095380773848e-02
3.843354397682549606e-02 2.616914391998378595e-02 2.490084784944965324e-02 3.120095029975635675e-02 5.139367491848068070e-02 6.058718882092888058e-02 4.521716778027712325e-02 5.156748678706484651e-02 4.929063226947417303e-02 4.551536048303201493e-02
4.392620053459320856e-02 3.111999052778505193e-02 3.120095029975635675e-02 4.101109766662681955e-02 6.940239369311426709e-02 8.247070505030565379e-02 5.866253067663901311e-02 6.091709491968299445e-02 5.495648160768761004e-02 5.068930248009599626e-02
6.843897141543013596e-02 4.969512448665023424e-02 5.139367491848068070e-02 6.940239369311426709e-02 1.199074484854985995e-01 1.437449314263238576e-01 9.996906289850883420e-02 9.829386640397369534e-02 8.486569197038022760e-02 7.779354227643747732e-02
7.995125201449487795e-02 5.820426541108719709e-02 6.058718882092888058e-02 8.247070505030565379e-02 1.437449314263238576e-01 1.770390418178141578e-01 1.247015652831904992e-01 1.222108147091037766e-01 1.022545503773757691e-01 9.149496261239656314e-02
6.798070638340047989e-02 4.646784659030574194e-02 4.521716778027712325e-02 5.866253067663901311e-02 9.996906289850883420e-02 1.247015652831904992e-01 1.013811322301030882e-01 1.155942683759032530e-01 9.862169537593160062e-02 8.313293110158598287e-02
9.376715606241951828e-02 5.902131235025262490e-02 5.156748678706484651e-02 6.091709491968299445e-02 9.829386640397369534e-02 1.222108147091037766e-01 1.155942683759032530e-01 1.671658179859374649e-01 1.509384327304461870e-01 1.226068249273795929e-01
9.738082218320386063e-02 5.944545328784738014e-02 4.929063226947417303e-02 5.495648160768761004e-02 8.486569197038022760e-02 1.022545503773757691e-01 9.862169537593160062e-02 1.509384327304461870e-01 1.532575837889930126e-01 1.284607451160161284e-01
8.894557450297804757e-02 5.469291095380773848e-02 4.551536048303201493e-02 5.068930248009599626e-02 7.779354227643747732e-02 9.149496261239656314e-02 8.313293110158598287e-02 1.226068249273795929e-01 1.284607451160161284e-01 1.147164081880389513e-01
2.575190698768238182e-02 3.013092835740933256e-02 3.349420906219031935e-02 4.170171626972188350e-02 5.357411830094913063e-02 5.520432297096445479e-02 5.344075949691542982e-02 6.091628441810106875e-02 4.187758743425748498e-02 3.536348967725299469e-02
3.013092835740933256e-02 3.613847224967011579e-02 4.103690444929074255e-02 5.215079182643748978e-02 6.776686531217740450e-02 6.786127407865538697e-02 6.134042395984573570e-02 6.783121896213979707e-02 4.712950452773705806e-02 4.049745073605745538e-02
3.349420906219031935e-02 4.103690444929074255e-02 4.783092586861585616e-02 6.237603028332004002e-02 8.252934570419810656e-02 8.109464324290964476e-02 6.833257158543273868e-02 7.257236343629666631e-02 5.071823699832821858e-02 4.419261904695958448e-02
4.170171626972188350e-02 5.215079182643748978e-02 6.237603028332004002e-02 8.465571278473507655e-02 1.155628618738761548e-01 1.126619402903546729e-01 8.778828206970074044e-02 8.787649781299713969e-02 6.137200154155499077e-02 5.406875378827818990e-02
5.357411830094913063e-02 6.776686531217740450e-02 8.252934570419810656e-02 1.155628618738761548e-01 1.675254118706381301e-01 1.670891266542526843e-01 1.225403450061058747e-01 1.142064082905050321e-01 7.840684782869178360e-02 6.894276638032154070e-02
5.520432297096445479e-02 6.786127407865538697e-02 8.109464324290964476e-02 1.126619402903546729e-01 1.670891266542526843e-01 1.916892365616613969e-01 1.473728956378429766e-01 1.336698577533163013e-01 8.727925736984659677e-02 7.346790546312478853e-02
5.344075949691542982e-02 6.134042395984573570e-02 6.833257158543273868e-02 8.778828206970074044e-02 1.225403450061058747e-01 1.473728956378429766e-01 1.483485221319557901e-01 1.498517538701512608e-01 9.491206385871060747e-02 7.572189879999186024e-02
6.091628441810106875e-02 6.783121896213979707e-02 7.257236343629666631e-02 8.787649781299713969e-02 1.142064082905050321e-01 1.336698577533163013e-01 1.498517538701512608e-01 1.741898173748290812e-01 1.116416833173246581e-01 8.824645976204603670e-02
4.187758743425748498e-02 4.712950452773705806e-02 5.071823699832821858e-02 6.137200154155499077e-02 7.840684782869178360e-02 8.727925736984659677e-02 9.491206385871060747e-02 1.116416833173246581e-01 7.420786218578288851e-02 5.990625454512964188e-02
3.536348967725299469e-02 4.049745073605745538e-02 4.419261904695958448e-02 5.406875378827818990e-02 6.894276638032154070e-02 7.346790546312478853e-02 7.572189879999186024e-02 8.824645976204603670e-02 5.990625454512964188e-02 4.966213198442934185e-02
1.158925612885879919e-01 9.987537977586063986e-02 7.446302512232208515e-02 5.905615077788260031e-02 6.137316255087738037e-02 7.963096133706454305e-02 7.894019084517700513e-02 8.039343770972094683e-02 1.060090107300338536e-01 1.359043826706697322e-01
9.987537977586063986e-02 9.250268773161354763e-02 7.171922549788345425e-02 5.849318894368583932e-02 6.183712293149300210e-02 8.029859398084240873e-02 7.720869140515236595e-02 7.307741442626432271e-02 8.951285572490490228e-02 1.123336601160581788e-01
7.446302512232208515e-02 7.171922549788345425e-02 5.880805954165693045e-02 5.023047127084206975e-02 5.502308454528706538e-02 7.261427423905024436e-02 6.888603875735765936e-02 6.142148339751360431e-02 6.920293193928570008e-02 8.278379422974188606e-02
5.905615077788260031e-02 5.849318894368583932e-02 5.023047127084206975e-02 4.557035099211471929e-02 5.223940248499145400e-02 7.056075645238089888e-02 6.671323136710310964e-02 5.681218390360759374e-02 5.887968971141778474e-02 6.596525243957646056e-02
6.137316255087738037e-02 6.183712293149300210e-02 5.502308454528706538e-02 5.223940248499145400e-02 6.267444657307712219e-02 8.669118246338683442e-02 8.225319103229862538e-02 6.817363365047575396e-02 6.630442701775640657e-02 6.964599845256841393e-02
7.963096133706454305e-02 8.029859398084240873e-02 7.261427423905024436e-02 7.056075645238089888e-02 8.669118246338683442e-02 1.225475115872645404e-01 1.173430239840818068e-01 9.669915544953003317e-02 9.146701034571853850e-02 9.229032415867040318e-02
7.894019084517700513e-02 7.720869140515236595e-02 6.888603875735765936e-02 6.671323136710310964e-02 8.225319103229862538e-02 1.173430239840818068e-01 1.157711705338787533e-01 9.817018634630655938e-02 9.476079884102674156e-02 9.482314998079975632e-02
8.039343770972094683e-02 7.307741442626432271e-02 6.142148339751360431e-02 5.681218390360759374e-02 6.817363365047575396e-02 9.669915544953003317e-02 9.817018634630655938e-02 9.174055004917634759e-02 9.742217585449487738e-02 1.013698197057421868e-01
1.060090107300338536e-01 8.951285572490490228e-02 6.920293193928570008e-02 5.887968971141778474e-02 6.630442701775640657e-02 9.146701034571853850e-02 9.476079884102674156e-02 9.742217585449487738e-02 1.219509220875200917e-01 1.372744542640491894e-01
1.359043826706697322e-01 1.123336601160581788e-01 8.278379422974188606e-02 6.596525243957646056e-02 6.964599845256841393e-02 9.229032415867040318e-02 9.482314998079975632e-02 1.013698197057421868e-01 1.372744542640491894e-01 1.725417396151101845e-01
5.035771680804042305e-02 5.897156872857911569e-02 6.460248117075009788e-02 6.374167974584540874e-02 5.928613746539664747e-02 6.378792363110433183e-02 6.761482738111015967e-02 5.712407934838284462e-02 5.788428534344058907e-02 6.311535391957198704e-02
5.897156872857911569e-02 7.074595216201765013e-02 7.866748271765805489e-02 7.820486277821064869e-02 7.213571923671405206e-02 7.517164448427214596e-02 7.659630147870383210e-02 6.408644557380249740e-02 6.544939696186445610e-02 7.240174706381981296e-02
6.460248117075009788e-02 7.866748271765805489e-02 8.933658133771749110e-02 9.038455505161287207e-02 8.427078385166759944e-02 8.721337902866624359e-02 8.612982630672741391e-02 7.013078269742673010e-02 7.077813890783750395e-02 7.844072888238755314e-02
6.374167974584540874e-02 7.820486277821064869e-02 9.038455505161287207e-02 9.541474806700564470e-02 9.294673965444442965e-02 9.897665466216533370e-02 9.563223226883421635e-02 7.361021032650386098e-02 7.101532297657400794e-02 7.734918908127558224e-02
5.928613746539664747e-02 7.213571923671405206e-02 8.427078385166759944e-02 9.294673965444442965e-02 1.010795260090114889e-01 1.175915566367164156e-01 1.142481354297696095e-01 8.094955691333161063e-02 7.113215688156855621e-02 7.349635458375328168e-02
6.378792363110433183e-02 7.517164448427214596e-02 8.721337902866624359e-02 9.897665466216533370e-02 1.175915566367164156e-01 1.585562358164429309e-01 1.614145013572454712e-01 1.079493486067483327e-01 8.619618146364194100e-02 8.277504186716289070e-02
6.761482738111015967e-02 7.659630147870383210e-02 8.612982630672741391e-02 9.563223226883421635e-02 1.142481354297696095e-01 1.614145013572454712e-01 1.839550767524448793e-01 1.251026866825241668e-01 9.804249401162179467e-02 9.114790301523283123e-02
5.712407934838284462e-02 6.408644557380249740e-02 7.013078269742673010e-02 7.361021032650386098e-02 8.094955691333161063e-02 1.079493486067483327e-01 1.251026866825241668e-01 9.436976723904540176e-02 7.966290610713797071e-02 7.671918270564119513e-02
5.788428534344058907e-02 6.544939696186445610e-02 7.077813890783750395e-02 7.101532297657400794e-02 7.113215688156855621e-02 8.619618146364194100e-02 9.804249401162179467e-02 7.966290610713797071e-02 7.493205847363920702e-02 7.618432594311416728e-02
6.311535391957198704e-02 7.240174706381981296e-02 7.844072888238755314e-02 7.734918908127558224e-02 7.349635458375328168e-02 8.277504186716289070e-02 9.114790301523283123e-02 7.671918270564119513e-02 7.618432594311416728e-02 8.125233733463507746e-02
8.383541764434258858e-02 7.602015237285263127e-02 6.794747623786198676e-02 6.722195580674249216e-02 7.189260367369525173e-02 7.483003473158884866e-02 6.973030899271623340e-02 7.857255967227594340e-02 9.819624648034908088e-02 9.478338451075445092e-02
7.602015237285263127e-02 7.315840577851485949e-02 6.843798239439920217e-02 6.989030553450338579e-02 7.542142736987457463e-02 7.662643689391324120e-02 6.693709033041084222e-02 7.025267511812943733e-02 8.494921367481958474e-02 8.278896265967236601e-02
6.794747623786198676e-02 6.843798239439920217e-02 6.837198139225482418e-02 7.336540548455378064e-02 8.126814178547413225e-02 8.195779065219174764e-02 6.766714345313420975e-02 6.529924432917910693e-02 7.469115254923586189e-02 7.223611482221302393e-02
6.722195580674249216e-02 6.989030553450338579e-02 7.336540548455378064e-02 8.390543175561518408e-02 9.656728698852368176e-02 9.819290729667952411e-02 7.819369486389264601e-02 7.004489163047536437e-02 7.501310551055119513e-02 7.082146385310826575e-02
7.189260367369525173e-02 7.542142736987457463e-02 8.126814178547413225e-02 9.656728698852368176e-02 1.168819517248167184e-01 1.217397109860739041e-01 9.617100622104386709e-02 8.268916643594617644e-02 8.403436797583352380e-02 7.663305259271173397e-02
7.483003473158884866e-02 7.662643689391324120e-02 8.195779065219174764e-02 9.819290729667952411e-02 1.217397109860739041e-01 1.332642619461711087e-01 1.082185845004391689e-01 9.381504144129754197e-02 9.379274737020951158e-02 8.265491587768419857e-02
6.973030899271623340e-02 6.693709033041084222e-02 6.766714345313420975e-02 7.819369486389264601e-02 9.617100622104386709e-02 1.082185845004391689e-01 9.618816425333043263e-02 9.026238970213569524e-02 9.384431886372143761e-02 8.124416533567345444e-02
7.857255967227594340e-02 7.025267511812943733e-02 6.529924432917910693e-02 7.004489163047536437e-02 8.268916643594617644e-02 9.381504144129754197e-02 9.026238970213569524e-02 9.746023915218991751e-02 1.094250936599318880e-01 9.534669668093781469e-02
9.819624648034908088e-02 8.494921367481958474e-02 7.469115254923586189e-02 7.501310551055119513e-02 8.403436797583352380e-02 9.379274737020951158e-02 9.384431886372143761e-02 1.094250936599318880e-01 1.340817887184039825e-01 1.199737202515015894e-01
9.478338451075445092e-02 8.278896265967236601e-02 7.223611482221302393e-02 7.082146385310826575e-02 7.663305259271173397e-02 8.265491587768419857e-02 8.124416533567345444e-02 9.534669668093781469e-02 1.199737202515015894e-01 1.128523576343602036e-01
6.074850886118631638e-02 5.885084455589391361e-02 6.488681411372404506e-02 8.204656516502306651e-02 6.021117953095976583e-02 5.907316573404659821e-02 6.874732631243067604e-02 7.537321211378780750e-02 8.103295510664447476e-02 6.749172447452143897e-02
5.885084455589391361e-02 6.219048176511070281e-02 7.248024698824240275e-02 9.363344566144099490e-02 6.673461028390290095e-02 6.054926642145555538e-02 6.415808815154011580e-02 6.596638406963444001e-02 7.009208745348330383e-02 6.082672981192518286e-02
6.488681411372404506e-02 7.248024698824240275e-02 8.912397516369527373e-02 1.178541075139416666e-01 8.313501900622810581e-02 7.227431176835848181e-02 7.162942488928161766e-02 6.925331584213748060e-02 7.190157791169400625e-02 6.391581942723960352e-02
8.204656516502306651e-02 9.363344566144099490e-02 1.178541075139416666e-01 1.596889903754692142e-01 1.132513048099401815e-01 9.781197047625775354e-02 9.470943358971609105e-02 8.847491931189849224e-02 8.966626780382710993e-02 7.967691490606874927e-02
6.021117953095976583e-02 6.673461028390290095e-02 8.313501900622810581e-02 1.132513048099401815e-01 8.399210123990627497e-02 7.681729712295007340e-02 7.787692078376856619e-02 7.344501202252298744e-02 7.239583792879718260e-02 6.127798502236284778e-02
5.907316573404659821e-02 6.054926642145555538e-02 7.227431176835848181e-02 9.781197047625775354e-02 7.681729712295007340e-02 7.978743637547487666e-02 8.931186167323906799e-02 8.764864685295778446e-02 8.439948991628341834e-02 6.617718531924421388e-02
6.874732631243067604e-02 6.415808815154011580e-02 7.162942488928161766e-02 9.470943358971609105e-02 7.787692078376856619e-02 8.931186167323906799e-02 1.129197068449717262e-01 1.173050917538577403e-01 1.130979352197841320e-01 8.413223843097844545e-02
7.537321211378780750e-02 6.596638406963444001e-02 6.925331584213748060e-02 8.847491931189849224e-02 7.344501202252298744e-02 8.764864685295778446e-02 1.173050917538577403e-01 1.320757380760807509e-01 1.312144036921142343e-01 9.635803881450588637e-02
8.103295510664447476e-02 7.009208745348330383e-02 7.190157791169400625e-02 8.966626780382710993e-02 7.239583792879718260e-02 8.439948991628341834e-02 1.130979352197841320e-01 1.312144036921142343e-01 1.377093709078844874e-01 1.031745215420164369e-01
6.749172447452143897e-02 6.082672981192518286e-02 6.391581942723960352e-02 7.967691490606874927e-02 6.127798502236284778e-02 6.617718531924421388e-02 8.413223843097844545e-02 9.635803881450588637e-02 1.031745215420164369e-01 8.176369039022067520e-02
1.123560135832548518e-01 9.072911982958255239e-02 1.032071984485901373e-01 8.744639527416195324e-02 8.790889156855326292e-02 8.469904413328585568e-02 7.134713657132182862e-02 7.609865333608775706e-02 9.360007515444596082e-02 8.853084682898659796e-02
9.072911982958255239e-02 7.772871999757052786e-02 9.354097072418210423e-02 8.099695348796920324e-02 8.019241837300365716e-02 7.369989956133495002e-02 5.902722810560179223e-02 6.062320073388151320e-02 7.354282832135197734e-02 7.007736055784460905e-02
1.032071984485901373e-01 9.354097072418210423e-02 1.232524252978791368e-01 1.121220796966992672e-01 1.121285441021457885e-01 9.883266303182829116e-02 7.391882412641084810e-02 7.103298115374709343e-02 8.317343714047446823e-02 7.877253788132183854e-02
8.744639527416195324e-02 8.099695348796920324e-02 1.121220796966992672e-01 1.141783917733475429e-01 1.223382963161710052e-01 1.076511487209452222e-01 7.615365861464887254e-02 6.765632290225873091e-02 7.458241589184230746e-02 6.801545718633075777e-02
8.790889156855326292e-02 8.019241837300365716e-02 1.121285441021457885e-01 1.223382963161710052e-01 1.466094507898361154e-01 1.333683172797166805e-01 9.255682044148713650e-02 7.839063986575933729e-02 8.210163721752766763e-02 7.124186829769707519e-02
8.469904413328585568e-02 7.369989956133495002e-02 9.883266303182829116e-02 1.076511487209452222e-01 1.333683172797166805e-01 1.301814979609283718e-01 9.307116057448036606e-02 7.997324897359953111e-02 8.354834162917912366e-02 7.090681979479623864e-02
7.134713657132182862e-02 5.902722810560179223e-02 7.391882412641084810e-02 7.615365861464887254e-02 9.255682044148713650e-02 9.307116057448036606e-02 7.150408190429259625e-02 6.526526287557203598e-02 7.059328451217698752e-02 6.036026076885539493e-02
7.609865333608775706e-02 6.062320073388151320e-02 7.103298115374709343e-02 6.765632290225873091e-02 7.839063986575933729e-02 7.997324897359953111e-02 6.526526287557203598e-02 6.477960986671779664e-02 7.355042512139203792e-02 6.417701210968856929e-02
9.360007515444596082e-02 7.354282832135197734e-02 8.317343714047446823e-02 7.458241589184230746e-02 8.210163721752766763e-02 8.354834162917912366e-02 7.059328451217698752e-02 7.355042512139203792e-02 8.735937275759400600e-02 7.801166290067505782e-02
8.853084682898659796e-02 7.007736055784460905e-02 7.877253788132183854e-02 6.801545718633075777e-02 7.124186829769707519e-02 7.090681979479623864e-02 6.036026076885539493e-02 6.417701210968856929e-02 7.801166290067505782e-02 7.205043606857906846e-02
7.442321106543725584e-02 9.245838202399486727e-02 9.494291132383182730e-02 8.101933051160639665e-02 7.487243192376655254e-02 6.129695025702282946e-02 6.449568871634935030e-02 6.909537489128352028e-02 7.304965352182335447e-02 6.579438693365097235e-02
9.245838202399486727e-02 1.248697166560790023e-01 1.335927292110020703e-01 1.118153355504068747e-01 9.696158113813034551e-02 7.399087999104669855e-02 7.387641205585196436e-02 7.762138872412638335e-02 8.246701302958991953e-02 7.683747622599035321e-02
9.494291132383182730e-02 1.335927292110020703e-01 1.562305753136862263e-01 1.352876606982603702e-01 1.154653957491701688e-01 8.350700866678723022e-02 7.859564530552980155e-02 7.948334960008016092e-02 8.291657197281826486e-02 7.734062224891463666e-02
8.101933051160639665e-02 1.118153355504068747e-01 1.352876606982603702e-01 1.318051987011010784e-01 1.192320504386959745e-01 8.634289746576975788e-02 7.929272260920146309e-02 7.743176064199071285e-02 7.774100295367146474e-02 6.917617522913066530e-02
7.487243192376655254e-02 9.696158113813034551e-02 1.154653957491701688e-01 1.192320504386959745e-01 1.204981179183075013e-01 9.163103496901889300e-02 8.604027084316540064e-02 8.363094477694436868e-02 8.190881007618344700e-02 6.906457025267286054e-02
6.129695025702282946e-02 7.399087999104669855e-02 8.350700866678723022e-02 8.634289746576975788e-02 9.163103496901889300e-02 7.582368223111544958e-02 7.521491639693819731e-02 7.477102183587200357e-02 7.319009076532567715e-02 5.997233283064095505e-02
6.449568871634935030e-02 7.387641205585196436e-02 7.859564530552980155e-02 7.929272260920146309e-02 8.604027084316540064e-02 7.521491639693819731e-02 7.944732472533097556e-02 8.133244815069319567e-02 8.037623264406229540e-02 6.520510180808947176e-02
6.909537489128352028e-02 7.762138872412638335e-02 7.948334960008016092e-02 7.743176064199071285e-02 8.363094477694436868e-02 7.477102183587200357e-02 8.133244815069319567e-02 8.578086015483769866e-02 8.604623324890837976e-02 7.017112162230274008e-02
7.304965352182335447e-02 8.246701302958991953e-02 8.291657197281826486e-02 7.774100295367146474e-02 8.190881007618344700e-02 7.319009076532567715e-02 8.037623264406229540e-02 8.604623324890837976e-02 8.814553581167779150e-02 7.307726260780159078e-02
6.579438693365097235e-02 7.683747622599035321e-02 7.734062224891463666e-02 6.917617522913066530e-02 6.906457025267286054e-02 5.997233283064095505e-02 6.520510180808947176e-02 7.017112162230274008e-02 7.307726260780159078e-02 6.297577742242697896e-02
9.977903408371137373e-02 1.179456870884194597e-01 1.101623513886967609e-01 9.174446785620157807e-02 6.579637945054461756e-02 6.475172040146305596e-02 8.049266629183016164e-02 7.725278718785205667e-02 6.510673654047746672e-02 7.281264107688711906e-02
1.179456870884194597e-01 1.518813804023827208e-01 1.462911457645558189e-01 1.186341440405444536e-01 7.919128057107982510e-02 7.166375265026264652e-02 8.506556638370238455e-02 8.094681089475502800e-02 6.954574873028815385e-02 8.129635675194657463e-02
1.101623513886967609e-01 1.462911457645558189e-01 1.545872816770522684e-01 1.296524839363274728e-01 8.542881244254132977e-02 7.459416469405789896e-02 8.572284739541718990e-02 7.961433924875258028e-02 6.667941121233286750e-02 7.620769205083022246e-02
9.174446785620157807e-02 1.186341440405444536e-01 1.296524839363274728e-01 1.198879677326133014e-01 8.349585336868056706e-02 7.589067080461142645e-02 8.816753205159108542e-02 8.041550068243449867e-02 6.403520361279015083e-02 6.772270528459101158e-02
6.579637945054461756e-02 7.919128057107982510e-02 8.542881244254132977e-02 8.349585336868056706e-02 6.513945331781358095e-02 6.486586526533584529e-02 7.852255275712055616e-02 7.149159538660523894e-02 5.470361920797441047e-02 5.330028040223007413e-02
6.475172040146305596e-02 7.166375265026264652e-02 7.459416469405789896e-02 7.589067080461142645e-02 6.486586526533584529e-02 7.143581050751526829e-02 9.029433662808465655e-02 8.267625177260373714e-02 6.188102082981063179e-02 5.692792886841249733e-02
8.049266629183016164e-02 8.506556638370238455e-02 8.572284739541718990e-02 8.816753205159108542e-02 7.852255275712055616e-02 9.029433662808465655e-02 1.176766787586322471e-01 1.086217714467654361e-01 8.100219159710156380e-02 7.318507910469296274e-02
7.725278718785205667e-02 8.094681089475502800e-02 7.961433924875258028e-02 8.041550068243449867e-02 7.149159538660523894e-02 8.267625177260373714e-02 1.086217714467654361e-01 1.016101384585559875e-01 7.654606748530352889e-02 6.987685450019646971e-02
6.510673654047746672e-02 6.954574873028815385e-02 6.667941121233286750e-02 6.403520361279015083e-02 5.470361920797441047e-02 6.188102082981063179e-02 8.100219159710156380e-02 7.654606748530352889e-02 5.944725384963674836e-02 5.657013174221835194e-02
7.281264107688711906e-02 8.129635675194657463e-02 7.620769205083022246e-02 6.772270528459101158e-02 5.330028040223007413e-02 5.692792886841249733e-02 7.318507910469296274e-02 6.987685450019646971e-02 5.657013174221835194e-02 5.855500121208662145e-02
1.245479022381816847e-01 1.237754009844860836e-01 9.415513089182037110e-02 8.493350428244679506e-02 8.407716268901208045e-02 8.214257801070648513e-02 7.356857361246141314e-02 8.776362816656214927e-02 8.634955334366231638e-02 8.867124853754573821e-02
1.237754009844860836e-01 1.277750147733930364e-01 9.937831681037914699e-02 9.062063165969157230e-02 8.886964889944343193e-02 8.444280093189908409e-02 7.293838643242739339e-02 8.475900257591939546e-02 8.306838856746304178e-02 8.639356516753668447e-02
9.415513089182037110e-02 9.937831681037914699e-02 8.310718765644650730e-02 8.125639002476058026e-02 8.293835489677184314e-02 7.849157986578145230e-02 6.467201170898755069e-02 7.087829675189166734e-02 6.620346936773041646e-02 6.648609385168456620e-02
8.493350428244679506e-02 9.062063165969157230e-02 8.125639002476058026e-02 8.939059713023432552e-02 9.796985706237512637e-02 9.436448722868580330e-02 7.505760339024748762e-02 7.726955164091366124e-02 6.707164395102793719e-02 6.251819627171158189e-02
8.407716268901208045e-02 8.886964889944343193e-02 8.293835489677184314e-02 9.796985706237512637e-02 1.169097469098876185e-01 1.166505973872996316e-01 9.243485628194815507e-02 9.241441782265277793e-02 7.590033998036793683e-02 6.552778271637203777e-02
8.214257801070648513e-02 8.444280093189908409e-02 7.849157986578145230e-02 9.436448722868580330e-02 1.166505973872996316e-01 1.230917260762759702e-01 1.001816266746586442e-01 1.010183808537614136e-01 8.138700704290982579e-02 6.711977187715788273e-02
7.356857361246141314e-02 7.293838643242739339e-02 6.467201170898755069e-02 7.505760339024748762e-02 9.243485628194815507e-02 1.001816266746586442e-01 8.683455863409172970e-02 9.153193482942240111e-02 7.489821163745272181e-02 6.139605448255468917e-02
8.776362816656214927e-02 8.475900257591939546e-02 7.087829675189166734e-02 7.726955164091366124e-02 9.241441782265277793e-02 1.010183808537614136e-01 9.153193482942240111e-02 1.028861020679990440e-01 8.714611485390889867e-02 7.294581659993651379e-02
8.634955334366231638e-02 8.306838856746304178e-02 6.620346936773041646e-02 6.707164395102793719e-02 7.590033998036793683e-02 8.138700704290982579e-02 7.489821163745272181e-02 8.714611485390889867e-02 7.843931216713248555e-02 6.929325693518498253e-02
8.867124853754573821e-02 8.639356516753668447e-02 6.648609385168456620e-02 6.251819627171158189e-02 6.552778271637203777e-02 6.711977187715788273e-02 6.139605448255468917e-02 7.294581659993651379e-02 6.929325693518498253e-02 6.701785234635759814e-02
7.406849172218359090e-02 6.509705070811896976e-02 8.056216069484228859e-02 8.740890047398819362e-02 6.992900198656692989e-02 8.021972692285214701e-02 7.115625361198252286e-02 6.269075925103875790e-02 7.580245396169077443e-02 7.431770742880129677e-02
6.509705070811896976e-02 6.076137096643992319e-02 7.936233802628070433e-02 8.809987416989355224e-02 6.788065226332844204e-02 7.284588027432237212e-02 6.170086476723061347e-02 5.306744571178526049e-02 6.381914429694637847e-02 6.341118658642300177e-02
8.056216069484228859e-02 7.936233802628070433e-02 1.112920679383620215e-01 1.280925792451516609e-01 9.691163276068529009e-02 9.850534835688802560e-02 7.884369759242748632e-02 6.495815821779285515e-02 7.656208350200155444e-02 7.653863974050037489e-02
8.740890047398819362e-02 8.809987416989355224e-02 1.280925792451516609e-01 1.575119905106611706e-01 1.225744055007922939e-01 1.243198105625182431e-01 9.538281357429596874e-02 7.436325322929647486e-02 8.415325129148082395e-02 8.289571893585198636e-02
6.992900198656692989e-02 6.788065226332844204e-02 9.691163276068529009e-02 1.225744055007922939e-01 1.092240421902849479e-01 1.217726159286781212e-01 9.328795914523443922e-02 6.919162340555089219e-02 7.384773141167121080e-02 6.929767579404763622e-02
8.021972692285214701e-02 7.284588027432237212e-02 9.850534835688802560e-02 1.243198105625182431e-01 1.217726159286781212e-01 1.555884723131309433e-01 1.228110544265324233e-01 8.993859380765585609e-02 9.306627312108035899e-02 8.379493073315838481e-02
7.115625361198252286e-02 6.170086476723061347e-02 7.884369759242748632e-02 9.538281357429596874e-02 9.328795914523443922e-02 1.228110544265324233e-01 1.040383733459441240e-01 7.947947678763031543e-02 8.423099424216343167e-02 7.578090535847363529e-02
6.269075925103875790e-02 5.306744571178526049e-02 6.495815821779285515e-02 7.436325322929647486e-02 6.919162340555089219e-02 8.993859380765585609e-02 7.947947678763031543e-02 6.540391136165868424e-02 7.279687784371063897e-02 6.671370995890621436e-02
7.580245396169077443e-02 6.381914429694637847e-02 7.656208350200155444e-02 8.415325129148082395e-02 7.384773141167121080e-02 9.306627312108035899e-02 8.423099424216343167e-02 7.279687784371063897e-02 8.523596817905076950e-02 7.988083598177724010e-02
7.431770742880129677e-02 6.341118658642300177e-02 7.653863974050037489e-02 8.289571893585198636e-02 6.929767579404763622e-02 8.379493073315838481e-02 7.578090535847363529e-02 6.671370995890621436e-02 7.988083598177724010e-02 7.687531147228382489e-02
