2.158450164812633354e-01 2.058123554402469524e-01 1.208723722003034046e-01 5.039886192582296309e-02 -2.257737912336264113e-02 -3.768161580252818443e-02 -2.450581418173076662e-02 1.659655813702049995e-02 3.754130239634798083e-02 1.127022804526464986e-02 -8.868224098599998551e-02 -1.795236266673303216e-01
2.058123554402469524e-01 2.910795979015216028e-01 2.086206375714091954e-01 1.093408963111911075e-01 1.710172743428277700e-02 -3.095698205312709395e-02 -5.070166649662380398e-02 -2.614461311001843591e-02 2.906699054411613498e-02 5.928762198732669825e-02 -1.420744148761594536e-02 -9.281739072633901633e-02
1.208723722003034046e-01 2.086206375714091954e-01 3.608865488508524733e-01 1.911087020212955956e-01 7.828441932873371478e-02 7.664078366064502879e-03 -4.594120634900912548e-02 -4.659797411947855933e-02 6.857211212884205265e-04 5.681491244285537257e-02 3.557382529236632895e-02 -2.150698472480322421e-02
5.039886192582296309e-02 1.093408963111911075e-01 1.911087020212955956e-01 1.723623990266973938e-01 1.728321546770887895e-01 9.012185944342900046e-02 2.107230921020376499e-02 -3.577423738537825748e-02 -2.732120513803131326e-02 1.826775032253446715e-02 3.479429885592760091e-02 1.757540265092365564e-02
-2.257737912336264113e-02 1.710172743428277700e-02 7.828441932873371478e-02 1.728321546770887895e-01 4.337847733501616898e-01 2.049557167825401538e-01 1.121913750072966592e-01 -2.242738094739855047e-03 -4.306667076310394943e-02 -3.150902206260183802e-02 1.889905261303273520e-02 4.035656348687041706e-02
-3.768161580252818443e-02 -3.095698205312709395e-02 7.664078366064502879e-03 9.012185944342900046e-02 2.049557167825401538e-01 2.993164361169323717e-01 2.197357023694571365e-01 7.968357659788447012e-02 -1.735573781745586991e-02 -5.147983793267039976e-02 -2.166669007149124235e-02 2.296329363097518450e-02
-2.450581418173076662e-02 -5.070166649662380398e-02 -4.594120634900912548e-02 2.107230921020376499e-02 1.121913750072966592e-01 2.197357023694571365e-01 2.732662741444416010e-01 1.961868842244187672e-01 7.752122884949956549e-02 -2.274271374146848504e-02 -4.837676807499605852e-02 -2.053650931666231236e-02
1.659655813702049995e-02 -2.614461311001843591e-02 -4.659797411947855933e-02 -3.577423738537825748e-02 -2.242738094739855047e-03 7.968357659788447012e-02 1.961868842244187672e-01 4.163162443906501253e-01 2.038157624066762041e-01 6.782631167766833835e-02 -4.056829762902203901e-02 -5.529676420770389400e-02
3.754130239634798083e-02 2.906699054411613498e-02 6.857211212884205265e-04 -2.732120513803131326e-02 -4.306667076310394943e-02 -1.735573781745586991e-02 7.752122884949956549e-02 2.038157624066762041e-01 4.140914811939720996e-01 2.066185271238918375e-01 7.609357408303865644e-02 -2.654729547115060664e-02
1.127022804526464986e-02 5.928762198732669825e-02 5.681491244285537257e-02 1.826775032253446715e-02 -3.150902206260183802e-02 -5.147983793267039976e-02 -2.274271374146848504e-02 6.782631167766833835e-02 2.066185271238918375e-01 3.904430854034759424e-01 2.148759300646924664e-01 8.404504155347874983e-02
-8.868224098599998551e-02 -1.420744148761594536e-02 3.557382529236632895e-02 3.479429885592760091e-02 1.889905261303273520e-02 -2.166669007149124235e-02 -4.837676807499605852e-02 -4.056829762902203901e-02 7.609357408303865644e-02 2.148759300646924664e-01 2.898634733956065856e-01 2.037801698745274614e-01
-1.795236266673303216e-01 -9.281739072633901633e-02 -2.150698472480322421e-02 1.757540265092365564e-02 4.035656348687041706e-02 2.296329363097518450e-02 -2.053650931666231236e-02 -5.529676420770389400e-02 -2.654729547115060664e-02 8.404504155347874983e-02 2.037801698745274614e-01 4.427446697444354373e-01
2.130848868918721051e-01 1.730581849277006701e-01 8.315200738918401835e-02 -2.484425355966094623e-02 -5.492090139564807794e-02 -3.168081641155728184e-02 1.793162242732020129e-02 4.564144233131824102e-02 1.910398311539676652e-02 -5.668837950654360969e-02 -8.922456231798261972e-02 -2.030920677734061042e-01
1.730581849277006701e-01 4.772458131187453656e-01 2.165976742918187536e-01 7.695995023765825338e-02 -1.551246418491069277e-02 -3.804920524132021642e-02 -3.125571976822541509e-02 8.893057742038247039e-04 2.757073775259463733e-02 2.094087738190645101e-02 -7.885513685062180839e-03 -6.371522684974127715e-02
8.315200738918401835e-02 2.165976742918187536e-01 3.896902337438808983e-01 1.917078520799070651e-01 7.038123074586451200e-02 -1.282462149254582923e-03 -4.064717672642214480e-02 -3.347615334621910355e-02 9.343755878455475491e-03 3.857772806517179021e-02 3.194845392810431728e-02 2.223380155200861338e-02
-2.484425355966094623e-02 7.695995023765825338e-02 1.917078520799070651e-01 2.365534836358871018e-01 2.046228355571797497e-01 1.067351252702517794e-01 2.600584560851032512e-02 -4.233427353201023313e-02 -3.782636932891528941e-02 1.421165493969920625e-02 3.664503268862612240e-02 6.195440550345956976e-02
-5.492090139564807794e-02 -1.551246418491069277e-02 7.038123074586451200e-02 2.046228355571797497e-01 4.003395753427391179e-01 2.007580483290093420e-01 1.044199482488810116e-01 -9.655985118930224568e-04 -4.999456806891983823e-02 -2.974204880016676281e-02 6.360485269591833156e-03 4.265614090458694913e-02
-3.168081641155728184e-02 -3.804920524132021642e-02 -1.282462149254582923e-03 1.067351252702517794e-01 2.007580483290093420e-01 2.556289986148052584e-01 2.134774596577972694e-01 9.316292462452047118e-02 -2.358902705648914522e-02 -5.055671797607874662e-02 -2.995435035319449560e-02 -8.640725325135177604e-03
1.793162242732020129e-02 -3.125571976822541509e-02 -4.064717672642214480e-02 2.600584560851032512e-02 1.044199482488810116e-01 2.134774596577972694e-01 3.538842203878501125e-01 2.125648093605566613e-01 6.670346471646106112e-02 -3.122888765570629513e-02 -4.745058835473343894e-02 -5.617840675004163314e-02
4.564144233131824102e-02 8.893057742038247039e-04 -3.347615334621910355e-02 -4.233427353201023313e-02 -9.655985118930224568e-04 9.316292462452047118e-02 2.125648093605566613e-01 3.747571584501816488e-01 2.006457765576968311e-01 8.023971537031440726e-02 -4.963490816053976219e-03 -5.203342493179659300e-02
1.910398311539676652e-02 2.757073775259463733e-02 9.343755878455475491e-03 -3.782636932891528941e-02 -4.999456806891983823e-02 -2.358902705648914522e-02 6.670346471646106112e-02 2.006457765576968311e-01 4.435361725314002634e-01 2.057624444866691382e-01 8.380841451104888151e-02 2.303743622794094878e-02
-5.668837950654360969e-02 2.094087738190645101e-02 3.857772806517179021e-02 1.421165493969920625e-02 -2.974204880016676281e-02 -5.055671797607874662e-02 -3.122888765570629513e-02 8.023971537031440726e-02 2.057624444866691382e-01 3.445989543038604497e-01 1.785821334947711170e-01 1.151636885277332323e-01
-8.922456231798261972e-02 -7.885513685062180839e-03 3.194845392810431728e-02 3.664503268862612240e-02 6.360485269591833156e-03 -2.995435035319449560e-02 -4.745058835473343894e-02 -4.963490816053976219e-03 8.380841451104888151e-02 1.785821334947711170e-01 1.377857196488210811e-01 1.608343646458090248e-01
-2.030920677734061042e-01 -6.371522684974127715e-02 2.223380155200861338e-02 6.195440550345956976e-02 4.265614090458694913e-02 -8.640725325135177604e-03 -5.617840675004163314e-02 -5.203342493179659300e-02 2.303743622794094878e-02 1.151636885277332323e-01 1.608343646458090248e-01 3.728947833299615100e-01
4.503357654030137880e-01 2.090977960069436425e-01 7.625556861148416465e-02 -1.826979323045065107e-02 -4.304994046604401770e-02 -3.590449561449042537e-02 2.233603479032260060e-04 3.938535452345948845e-02 4.375466640032751181e-02 9.264526059801601529e-03 -6.849761680283519838e-02 -1.932064505179520442e-01
2.090977960069436425e-01 4.065200854584823942e-01 2.033436450533923079e-01 8.919565177769503417e-02 1.182078408483718153e-02 -3.930339124237154647e-02 -3.928986689174547575e-02 -2.908503914022419166e-03 3.796493589562452420e-02 5.138269759142397031e-02 3.286126548983719919e-02 -6.663949477256714271e-02
7.625556861148416465e-02 2.033436450533923079e-01 2.636971360477597948e-01 2.098132506016052445e-01 1.069880321801922052e-01 2.754228105784552877e-02 -3.992572587179661625e-02 -5.289271729666417815e-02 -2.062866082775336243e-02 3.283733850777699470e-02 6.414270363483115522e-02 4.600780160522954104e-02
-1.826979323045065107e-02 8.919565177769503417e-02 2.098132506016052445e-01 3.523978110544531139e-01 1.984472764150831126e-01 1.049173670795821578e-01 8.138059679757796497e-03 -5.538700826776735142e-02 -5.810058671707849648e-02 -1.557806413211801876e-02 3.395053950099453238e-02 6.503620997178707897e-02
-4.304994046604401770e-02 1.182078408483718153e-02 1.069880321801922052e-01 1.984472764150831126e-01 2.311061672574489800e-01 2.061603139154596365e-01 9.856462225703788160e-02 -1.231333602248874722e-03 -5.417395270550404152e-02 -4.595794337147341563e-02 -1.522043711887245861e-02 3.893655193391752645e-02
-3.590449561449042537e-02 -3.930339124237154647e-02 2.754228105784552877e-02 1.049173670795821578e-01 2.061603139154596365e-01 3.670015392143448629e-01 2.133107032821831284e-01 9.891340768701914477e-02 -2.629791519369058424e-03 -4.690197755077064184e-02 -5.353514039581948325e-02 -1.511792282587126612e-02
2.233603479032260060e-04 -3.928986689174547575e-02 -3.992572587179661625e-02 8.138059679757796497e-03 9.856462225703788160e-02 2.133107032821831284e-01 3.615645405093105280e-01 2.153181538266590311e-01 1.022402126623012386e-01 9.826417236827008142e-03 -4.578347126587895000e-02 -4.922915845979027039e-02
3.938535452345948845e-02 -2.908503914022419166e-03 -5.289271729666417815e-02 -5.538700826776735142e-02 -1.231333602248874722e-03 9.891340768701914477e-02 2.153181538266590311e-01 3.168090887667390776e-01 2.152998031824713276e-01 1.042485859122473102e-01 2.773086527418104977e-02 -4.077484394383716626e-02
4.375466640032751181e-02 3.796493589562452420e-02 -2.062866082775336243e-02 -5.810058671707849648e-02 -5.417395270550404152e-02 -2.629791519369058424e-03 1.022402126623012386e-01 2.152998031824713276e-01 3.168197712054423576e-01 1.983947440477158153e-01 1.151437795915829232e-01 2.613623151870574091e-02
9.264526059801601529e-03 5.138269759142397031e-02 3.283733850777699470e-02 -1.557806413211801876e-02 -4.595794337147341563e-02 -4.690197755077064184e-02 9.826417236827008142e-03 1.042485859122473102e-01 1.983947440477158153e-01 2.439065635844691049e-01 2.102816746217541222e-01 1.108347702047076250e-01
-6.849761680283519838e-02 3.286126548983719919e-02 6.414270363483115522e-02 3.395053950099453238e-02 -1.522043711887245861e-02 -5.353514039581948325e-02 -4.578347126587895000e-02 2.773086527418104977e-02 1.151437795915829232e-01 2.102816746217541222e-01 3.452087504683013508e-01 2.169434557238522632e-01
-1.932064505179520442e-01 -6.663949477256714271e-02 4.600780160522954104e-02 6.503620997178707897e-02 3.893655193391752645e-02 -1.511792282587126612e-02 -4.922915845979027039e-02 -4.077484394383716626e-02 2.613623151870574091e-02 1.108347702047076250e-01 2.169434557238522632e-01 3.446327810302290962e-01
3.927682707359996250e-01 1.777143802519458027e-01 4.801097546135560390e-02 -2.638699791152543037e-02 -2.075199554212272396e-02 -3.383674502924895883e-03 2.139660957908603306e-02 4.528519031473798861e-02 2.643548198147310790e-02 -7.104274190124865163e-02 -1.127372794272251122e-01 -2.118802211805233260e-01
1.777143802519458027e-01 4.812633726312417481e-01 1.969870957015099067e-01 9.397401438104081850e-02 -1.539434318117580136e-02 -3.325491386742489980e-02 -1.591274656686047367e-02 -1.665981602318000352e-03 1.459219096991136964e-02 2.438696079165617384e-02 1.383656673399414391e-03 -5.714540458148314322e-02
4.801097546135560390e-02 1.969870957015099067e-01 3.440654140968024688e-01 2.186127186011355139e-01 4.130561957638440029e-02 -2.653413058119202458e-02 -2.786816650777294846e-02 -2.730487410242358332e-02 -3.334340010276032936e-03 4.844793776642103422e-02 4.730047356782225709e-02 3.429972254284784083e-02
-2.638699791152543037e-02 9.397401438104081850e-02 2.186127186011355139e-01 2.386820087190063833e-01 1.744824168629036110e-01 8.451523215769618513e-02 7.667267942581410672e-03 -3.364894030393254104e-02 -2.398344193564224541e-02 3.234234005992416700e-02 4.777471164913315443e-02 5.815305162327405464e-02
-2.075199554212272396e-02 -1.539434318117580136e-02 4.130561957638440029e-02 1.744824168629036110e-01 4.443663746712111506e-01 2.196614091399864133e-01 7.395898199385306238e-02 -1.108525345340816669e-03 -1.724732599807797528e-02 -2.042855789756224325e-02 -5.883020967392551571e-03 7.900341388296667350e-03
-3.383674502924895883e-03 -3.325491386742489980e-02 -2.653413058119202458e-02 8.451523215769618513e-02 2.196614091399864133e-01 4.497092678554461820e-01 1.343082665790638064e-01 3.177953326283103341e-02 -7.923404698649647460e-04 -3.032316681611443160e-02 -2.545116826580615110e-02 -2.023835474054118747e-02
2.139660957908603306e-02 -1.591274656686047367e-02 -2.786816650777294846e-02 7.667267942581410672e-03 7.395898199385306238e-02 1.343082665790638064e-01 7.511350669477850905e-02 1.227214894836531900e-01 7.092632109555603581e-02 1.433660902454384801e-02 -1.785736724524079888e-02 -3.067216749707724760e-02
4.528519031473798861e-02 -1.665981602318000352e-03 -2.730487410242358332e-02 -3.364894030393254104e-02 -1.108525345340816669e-03 3.177953326283103341e-02 1.227214894836531900e-01 4.756635311183640136e-01 2.090511750135948810e-01 9.543639869496589601e-02 -1.922672013800322049e-03 -4.276828488297163000e-02
2.643548198147310790e-02 1.459219096991136964e-02 -3.334340010276032936e-03 -2.398344193564224541e-02 -1.724732599807797528e-02 -7.923404698649647460e-04 7.092632109555603581e-02 2.090511750135948810e-01 3.578935547983001508e-01 2.056639837996928621e-01 6.873425316409437213e-02 1.625416933191559110e-02
-7.104274190124865163e-02 2.438696079165617384e-02 4.844793776642103422e-02 3.234234005992416700e-02 -2.042855789756224325e-02 -3.032316681611443160e-02 1.433660902454384801e-02 9.543639869496589601e-02 2.056639837996928621e-01 2.912317166886466135e-01 1.767090844146868012e-01 1.373534327699211521e-01
-1.127372794272251122e-01 1.383656673399414391e-03 4.730047356782225709e-02 4.777471164913315443e-02 -5.883020967392551571e-03 -2.545116826580615110e-02 -1.785736724524079888e-02 -1.922672013800322049e-03 6.873425316409437213e-02 1.767090844146868012e-01 1.767603107458101119e-01 1.826402021307356738e-01
-2.118802211805233260e-01 -5.714540458148314322e-02 3.429972254284784083e-02 5.815305162327405464e-02 7.900341388296667350e-03 -2.023835474054118747e-02 -3.067216749707724760e-02 -4.276828488297163000e-02 1.625416933191559110e-02 1.373534327699211521e-01 1.826402021307356738e-01 2.724826712443936816e-01
4.352489259155686852e-01 2.163299525831310910e-01 9.333531735509152660e-02 5.597342518998914968e-03 -3.440752455883483441e-02 -4.265433372774905807e-02 -2.466874684035745557e-02 1.355299525402693661e-02 3.748999547913662439e-02 2.591863432387100583e-02 -5.325192461551098155e-02 -1.835096934592385653e-01
2.163299525831310910e-01 4.264426361853102532e-01 1.856778190543267870e-01 7.947476496254984868e-02 2.069489817447313362e-02 -1.927082320308207142e-02 -3.900162684407178226e-02 -2.791914986443266161e-02 7.790681549030393019e-03 5.432272678437456009e-02 3.631571140433830641e-02 -6.290926978600368258e-02
9.333531735509152660e-02 1.856778190543267870e-01 1.835108762872148525e-01 1.742045332786322231e-01 1.084960893428268819e-01 6.135121103108323593e-02 -3.950478965526224399e-03 -4.697039853870152437e-02 -3.729744426425743442e-02 2.929838679078815289e-02 5.529761243653422143e-02 2.672539753691060768e-02
5.597342518998914968e-03 7.947476496254984868e-02 1.742045332786322231e-01 2.786469875421526132e-01 2.041640987906517823e-01 1.382086326345679517e-01 5.132780893250266097e-02 -3.613893728302646630e-02 -5.588953079559806636e-02 -1.166591555059747105e-02 3.827300874065888564e-02 5.571918640337578110e-02
-3.440752455883483441e-02 2.069489817447313362e-02 1.084960893428268819e-01 2.041640987906517823e-01 2.335905862543928013e-01 2.060435034391826514e-01 1.033355300489562090e-01 9.519541196119319856e-03 -4.339296996224527303e-02 -3.978117103999643384e-02 1.748258849471008222e-03 4.258979774537563490e-02
-4.265433372774905807e-02 -1.927082320308207142e-02 6.135121103108323593e-02 1.382086326345679517e-01 2.060435034391826514e-01 3.507715438338651071e-01 1.927582223858804178e-01 7.973506427900835247e-02 -7.909543749873033242e-04 -4.745389902671762888e-02 -3.272119250303599791e-02 1.153277323425975186e-02
-2.466874684035745557e-02 -3.900162684407178226e-02 -3.950478965526224399e-03 5.132780893250266097e-02 1.033355300489562090e-01 1.927582223858804178e-01 2.263263089311894904e-01 2.030977291994652822e-01 1.098536180139582374e-01 -8.269648675319719519e-03 -5.522132939402557561e-02 -4.568576633020956373e-02
1.355299525402693661e-02 -2.791914986443266161e-02 -4.697039853870152437e-02 -3.613893728302646630e-02 9.519541196119319856e-03 7.973506427900835247e-02 2.030977291994652822e-01 4.073516415177264038e-01 2.195207465670320768e-01 7.919658878701177351e-02 -2.863834453459327897e-02 -6.426850609774557854e-02
3.748999547913662439e-02 7.790681549030393019e-03 -3.729744426425743442e-02 -5.588953079559806636e-02 -4.339296996224527303e-02 -7.909543749873033242e-04 1.098536180139582374e-01 2.195207465670320768e-01 3.725641459478967743e-01 1.984648768283317766e-01 6.777512785843753385e-02 -2.838211812934511580e-02
2.591863432387100583e-02 5.432272678437456009e-02 2.929838679078815289e-02 -1.166591555059747105e-02 -3.978117103999643384e-02 -4.745389902671762888e-02 -8.269648675319719519e-03 7.919658878701177351e-02 1.984648768283317766e-01 3.551999922589841319e-01 2.255447107777883431e-01 1.194478986773905294e-01
-5.325192461551098155e-02 3.631571140433830641e-02 5.529761243653422143e-02 3.827300874065888564e-02 1.748258849471008222e-03 -3.272119250303599791e-02 -5.522132939402557561e-02 -2.863834453459327897e-02 6.777512785843753385e-02 2.255447107777883431e-01 3.791820975904348079e-01 2.244815326159633473e-01
-1.835096934592385653e-01 -6.290926978600368258e-02 2.672539753691060768e-02 5.571918640337578110e-02 4.258979774537563490e-02 1.153277323425975186e-02 -4.568576633020956373e-02 -6.426850609774557854e-02 -2.838211812934511580e-02 1.194478986773905294e-01 2.244815326159633473e-01 3.511642577352702688e-01
1.450734999412027215e-01 1.597100244721301743e-01 9.442695515553521657e-02 1.288463768162696581e-02 -3.982844135519170159e-02 -4.120313215575355237e-02 8.617545936657897837e-03 3.546602952465845171e-02 3.403697738514023519e-02 -1.612188174710678032e-02 -9.362006024632542334e-02 -1.778731793618759383e-01
1.597100244721301743e-01 4.497182323524067105e-01 2.180790925789256041e-01 1.028003705197769874e-01 -9.246653815012731426e-03 -4.005431166921234742e-02 -2.641860677004184005e-02 1.114975527314081283e-02 4.100491023543009761e-02 4.318492107888630138e-02 3.437876843754247760e-03 -5.942516499186076273e-02
9.442695515553521657e-02 2.180790925789256041e-01 3.622159932639503754e-01 2.024207906148242087e-01 6.340128482532601806e-02 -1.701972527446156142e-03 -3.729611070927854599e-02 -1.936770823068732772e-02 1.871060653337770774e-02 4.318382533089995534e-02 2.911831220800827416e-02 -1.040921365769591211e-02
1.288463768162696581e-02 1.028003705197769874e-01 2.024207906148242087e-01 2.211310664463992104e-01 1.903511203481504377e-01 1.063472576078685200e-01 3.737788434789298016e-03 -4.494063795251453108e-02 -5.090987456804380029e-02 -2.141113292694161660e-02 2.897366387780989441e-02 4.349933835160411932e-02
-3.982844135519170159e-02 -9.246653815012731426e-03 6.340128482532601806e-02 1.903511203481504377e-01 4.215723494272576866e-01 2.096925458347334570e-01 7.488002347195893416e-02 -3.097120591420777710e-02 -7.451497478945985631e-02 -6.300176303151104606e-02 6.954888119216147586e-03 4.781940401859101353e-02
-4.120313215575355237e-02 -4.005431166921234742e-02 -1.701972527446156142e-03 1.063472576078685200e-01 2.096925458347334570e-01 3.061640125050659744e-01 2.019702575802532207e-01 8.025700105281474706e-02 -3.064594732433105484e-02 -6.140656107114108447e-02 -1.911956502127644397e-02 2.456878320993025056e-02
8.617545936657897837e-03 -2.641860677004184005e-02 -3.729611070927854599e-02 3.737788434789298016e-03 7.488002347195893416e-02 2.019702575802532207e-01 4.140316425706014325e-01 2.237512364022155309e-01 1.113209894371608027e-01 3.084760856362168957e-02 -3.115689035577329929e-02 -4.045276192133877985e-02
3.546602952465845171e-02 1.114975527314081283e-02 -1.936770823068732772e-02 -4.494063795251453108e-02 -3.097120591420777710e-02 8.025700105281474706e-02 2.237512364022155309e-01 3.686395019559550734e-01 2.058913029615760670e-01 1.026670517410433886e-01 -4.565821986450196122e-03 -4.550628064989450938e-02
3.403697738514023519e-02 4.100491023543009761e-02 1.871060653337770774e-02 -5.090987456804380029e-02 -7.451497478945985631e-02 -3.064594732433105484e-02 1.113209894371608027e-01 2.058913029615760670e-01 2.562076376013024959e-01 1.916529083185771476e-01 6.890098298870132865e-02 2.393597451797139543e-03
-1.612188174710678032e-02 4.318492107888630138e-02 4.318382533089995534e-02 -2.141113292694161660e-02 -6.300176303151104606e-02 -6.140656107114108447e-02 3.084760856362168957e-02 1.026670517410433886e-01 1.916529083185771476e-01 2.369813614325085582e-01 1.867471746553124590e-01 1.099538536770404140e-01
-9.362006024632542334e-02 3.437876843754247760e-03 2.911831220800827416e-02 2.897366387780989441e-02 6.954888119216147586e-03 -1.911956502127644397e-02 -3.115689035577329929e-02 -4.565821986450196122e-03 6.890098298870132865e-02 1.867471746553124590e-01 4.608778555940608590e-01 2.210251335163894715e-01
-1.778731793618759383e-01 -5.942516499186076273e-02 -1.040921365769591211e-02 4.349933835160411932e-02 4.781940401859101353e-02 2.456878320993025056e-02 -4.045276192133877985e-02 -4.550628064989450938e-02 2.393597451797139543e-03 1.099538536770404140e-01 2.210251335163894715e-01 3.573868469092753575e-01
3.583015770184507787e-01 2.032849833726702860e-01 9.027851158162986112e-02 -5.889778419096242329e-04 -1.363536671809234893e-02 -2.151386330740508168e-02 -6.965851743587195624e-03 3.675558655024645932e-02 4.300232368841315489e-02 1.849641641955190527e-02 -8.734045583894531339e-02 -2.127986068941798981e-01
2.032849833726702860e-01 4.247893993082892394e-01 1.801909916980902471e-01 7.409446452950903261e-02 1.896853653693338082e-02 -1.031262532164442525e-02 -1.712005181413787241e-02 -3.519238355815057159e-03 3.090785555737628199e-02 4.613511109857738879e-02 1.628345820503967686e-02 -8.724375744346717088e-02
9.027851158162986112e-02 1.801909916980902471e-01 1.355219794903105290e-01 1.555203380311508954e-01 4.807537853724845600e-02 1.477276470824183570e-02 -1.527664774320718587e-02 -2.984555004615150470e-02 1.826264592629915163e-03 3.180717586712377559e-02 4.017235748833863224e-02 -1.106904206004305502e-02
-5.889778419096242329e-04 7.409446452950903261e-02 1.555203380311508954e-01 4.290337884378171429e-01 1.254235219243940991e-01 5.223558932397049520e-02 -2.908367957082473414e-03 -4.194337881991094807e-02 -2.859638937212197890e-02 2.092266513561506487e-04 3.748709907131110575e-02 3.676716565198161202e-02
-1.363536671809234893e-02 1.896853653693338082e-02 4.807537853724845600e-02 1.254235219243940991e-01 7.081049081824275504e-02 1.292835509839307395e-01 6.087156898858667176e-02 -1.389669756600790847e-02 -2.580417339666839921e-02 -1.557315941354722733e-02 1.148948766443140014e-02 2.285113880638845602e-02
-2.151386330740508168e-02 -1.031262532164442525e-02 1.477276470824183570e-02 5.223558932397049520e-02 1.292835509839307395e-01 4.732565543596682911e-01 2.003808852893871340e-01 3.934145269603804562e-02 -2.450792551677846362e-02 -3.381500256781680425e-02 -1.363223488861579208e-02 1.281419107751404808e-02
-6.965851743587195624e-03 -1.712005181413787241e-02 -1.527664774320718587e-02 -2.908367957082473414e-03 6.087156898858667176e-02 2.003808852893871340e-01 4.598023456188252145e-01 1.712080213700047093e-01 6.113648704148542945e-02 -1.240503002849645785e-02 -2.576437973675070950e-02 -1.830319018003553205e-02
3.675558655024645932e-02 -3.519238355815057159e-03 -2.984555004615150470e-02 -4.194337881991094807e-02 -1.389669756600790847e-02 3.934145269603804562e-02 1.712080213700047093e-01 3.683258072897672708e-01 2.179466017619848817e-01 9.651370552366236866e-02 4.497614629309226730e-03 -4.866927282268146415e-02
4.300232368841315489e-02 3.090785555737628199e-02 1.826264592629915163e-03 -2.859638937212197890e-02 -2.580417339666839921e-02 -2.450792551677846362e-02 6.113648704148542945e-02 2.179466017619848817e-01 2.377897437150285342e-01 1.993557377400547448e-01 9.279916313684451190e-02 1.165686475757688953e-02
1.849641641955190527e-02 4.613511109857738879e-02 3.180717586712377559e-02 2.092266513561506487e-04 -1.557315941354722733e-02 -3.381500256781680425e-02 -1.240503002849645785e-02 9.651370552366236866e-02 1.993557377400547448e-01 3.855297778794379848e-01 2.032284309496754093e-01 9.794340563375629471e-02
-8.734045583894531339e-02 1.628345820503967686e-02 4.017235748833863224e-02 3.748709907131110575e-02 1.148948766443140014e-02 -1.363223488861579208e-02 -2.576437973675070950e-02 4.497614629309226730e-03 9.279916313684451190e-02 2.032284309496754093e-01 3.252214083536955624e-01 2.246495699644091848e-01
-2.127986068941798981e-01 -8.724375744346717088e-02 -1.106904206004305502e-02 3.676716565198161202e-02 2.285113880638845602e-02 1.281419107751404808e-02 -1.830319018003553205e-02 -4.866927282268146415e-02 1.165686475757688953e-02 9.794340563375629471e-02 2.246495699644091848e-01 3.316171277104779103e-01
1.636793120222345133e-01 1.841090793706121609e-01 1.108173302429984741e-01 3.398323079277879022e-02 -3.571513779272572631e-02 -3.854031516888914433e-02 3.133698881532624107e-03 3.456877303880322161e-02 4.305607685479086871e-02 3.074905987806578461e-03 -8.418520685721637975e-02 -1.722905245601734636e-01
1.841090793706121609e-01 3.935794103022980939e-01 2.233456060336632965e-01 1.170442676365665707e-01 -9.886633700796967905e-03 -4.434813529019367151e-02 -3.174047927889844106e-02 1.005428545892722222e-02 3.819585408545730920e-02 4.886909633972203598e-02 1.116498913385694305e-02 -5.104285840757769727e-02
1.108173302429984741e-01 2.233456060336632965e-01 3.810642783986117887e-01 2.034049646329263716e-01 5.536659601604387859e-02 -1.426352969556023143e-02 -4.062887497445029361e-02 -2.046254654868404077e-02 9.092227884011547592e-03 3.914897467437401107e-02 3.297884722951566205e-02 -1.535659516574272056e-03
3.398323079277879022e-02 1.170442676365665707e-01 2.034049646329263716e-01 2.228526152118256165e-01 1.903741494123865896e-01 1.009041639975047366e-01 1.461505673003907256e-03 -4.433637509093482643e-02 -4.969581765202280010e-02 -2.209309558441152274e-02 2.739306163186245799e-02 3.392453213873391354e-02
-3.571513779272572631e-02 -9.886633700796967905e-03 5.536659601604387859e-02 1.903741494123865896e-01 4.241390472122354427e-01 2.128633028040951836e-01 8.075809753878392117e-02 -2.594918894882395841e-02 -6.606031749460360147e-02 -6.218656818036749634e-02 1.442163327601605777e-03 3.349323457331161019e-02
-3.854031516888914433e-02 -4.434813529019367151e-02 -1.426352969556023143e-02 1.009041639975047366e-01 2.128633028040951836e-01 3.550737402771693141e-01 2.051128627458221054e-01 8.050496414416756508e-02 -1.051129503299347984e-02 -4.701961682397652609e-02 -2.001184567036242215e-02 9.463099246722417660e-03
3.133698881532624107e-03 -3.174047927889844106e-02 -4.062887497445029361e-02 1.461505673003907256e-03 8.075809753878392117e-02 2.051128627458221054e-01 3.789015098337947807e-01 2.203733111277618451e-01 1.242835172970600532e-01 5.231373056857672316e-02 -2.555728170870368021e-02 -3.688034264204709950e-02
3.456877303880322161e-02 1.005428545892722222e-02 -2.046254654868404077e-02 -4.433637509093482643e-02 -2.594918894882395841e-02 8.050496414416756508e-02 2.203733111277618451e-01 2.771658896012493822e-01 2.064568893427013441e-01 1.162307463627646198e-01 -2.141805642917123825e-04 -4.137129942096307023e-02
4.305607685479086871e-02 3.819585408545730920e-02 9.092227884011547592e-03 -4.969581765202280010e-02 -6.606031749460360147e-02 -1.051129503299347984e-02 1.242835172970600532e-01 2.064568893427013441e-01 3.130888484851743203e-01 2.015585586080896330e-01 5.330722531976751777e-02 -1.593040955063569283e-02
3.074905987806578461e-03 4.886909633972203598e-02 3.914897467437401107e-02 -2.209309558441152274e-02 -6.218656818036749634e-02 -4.701961682397652609e-02 5.231373056857672316e-02 1.162307463627646198e-01 2.015585586080896330e-01 2.172211926531263104e-01 1.692340363779676060e-01 8.947205023361717857e-02
-8.418520685721637975e-02 1.116498913385694305e-02 3.297884722951566205e-02 2.739306163186245799e-02 1.442163327601605777e-03 -2.001184567036242215e-02 -2.555728170870368021e-02 -2.141805642917123825e-04 5.330722531976751777e-02 1.692340363779676060e-01 4.684481324802133306e-01 2.226967325235528761e-01
-1.722905245601734636e-01 -5.104285840757769727e-02 -1.535659516574272056e-03 3.392453213873391354e-02 3.349323457331161019e-02 9.463099246722417660e-03 -3.688034264204709950e-02 -4.137129942096307023e-02 -1.593040955063569283e-02 8.947205023361717857e-02 2.226967325235528761e-01 4.047860235220644975e-01
2.343630736956771043e-01 2.039951746201978944e-01 1.243078889615392008e-01 2.473490588910154386e-02 -4.554653719573503734e-02 -3.784729025872844710e-02 2.796915816160340344e-03 4.819876730313198132e-02 3.104409037142908181e-02 -3.456063623915477806e-02 -8.697227464972551170e-02 -1.787743227294915083e-01
2.039951746201978944e-01 4.197711468924475442e-01 2.283234935830092960e-01 1.100338815236168027e-01 3.278386010497357644e-02 -2.404933698985470616e-02 -4.134989834935333397e-02 -3.655364563046220681e-03 3.080964041409935475e-02 3.833625740252250697e-02 1.240076769924355286e-03 -5.769464331921345807e-02
1.243078889615392008e-01 2.283234935830092960e-01 3.261341692097251554e-01 1.785442372774042052e-01 9.306296034044711507e-02 9.769253435207951586e-03 -4.531564447015969110e-02 -3.555478561796793918e-02 9.800676893802116874e-03 4.853844929644637873e-02 3.578206637121161826e-02 7.659757300971316990e-03
2.473490588910154386e-02 1.100338815236168027e-01 1.785442372774042052e-01 1.722513708509576247e-01 1.723141774682527272e-01 8.691928009659255494e-02 9.371942738470152509e-03 -5.045052523522105398e-02 -3.187634300874898907e-02 1.994959447849395384e-02 3.955085756396976848e-02 4.075912475557195297e-02
-4.554653719573503734e-02 3.278386010497357644e-02 9.306296034044711507e-02 1.723141774682527272e-01 2.835434463968082852e-01 2.078932849238275260e-01 1.038662516839743977e-01 -4.441204809373917178e-02 -6.406075157443044676e-02 -1.812935491474050587e-02 3.095720352592674571e-02 5.716151437851305778e-02
-3.784729025872844710e-02 -2.404933698985470616e-02 9.769253435207951586e-03 8.691928009659255494e-02 2.078932849238275260e-01 4.801266471431874794e-01 2.043173014924106468e-01 4.131882506024769919e-02 -3.632144952447985409e-02 -4.514935131269619262e-02 -1.446012362262249877e-02 1.425105166013986707e-02
2.796915816160340344e-03 -4.134989834935333397e-02 -4.531564447015969110e-02 9.371942738470152509e-03 1.038662516839743977e-01 2.043173014924106468e-01 3.567030280725507763e-01 2.041174783063639531e-01 9.143429067933547816e-02 -2.069056518333696471e-02 -4.266673198900101244e-02 -4.158603664123841637e-02
4.819876730313198132e-02 -3.655364563046220681e-03 -3.555478561796793918e-02 -5.045052523522105398e-02 -4.441204809373917178e-02 4.131882506024769919e-02 2.041174783063639531e-01 3.908737154767162325e-01 2.250178557612997343e-01 9.694028037290966515e-02 9.729785610639425869e-04 -5.091517614604210151e-02
3.104409037142908181e-02 3.080964041409935475e-02 9.800676893802116874e-03 -3.187634300874898907e-02 -6.406075157443044676e-02 -3.632144952447985409e-02 9.143429067933547816e-02 2.250178557612997343e-01 3.605028178764593250e-01 2.048848106920945766e-01 7.929190640309391469e-02 5.363793762351368177e-03
-3.456063623915477806e-02 3.833625740252250697e-02 4.853844929644637873e-02 1.994959447849395384e-02 -1.812935491474050587e-02 -4.514935131269619262e-02 -2.069056518333696471e-02 9.694028037290966515e-02 2.048848106920945766e-01 3.576111742830329066e-01 1.855622757427401737e-01 1.018392893111081110e-01
-8.697227464972551170e-02 1.240076769924355286e-03 3.578206637121161826e-02 3.955085756396976848e-02 3.095720352592674571e-02 -1.446012362262249877e-02 -4.266673198900101244e-02 9.729785610639425869e-04 7.929190640309391469e-02 1.855622757427401737e-01 1.584179099812060010e-01 1.697312002428930933e-01
-1.787743227294915083e-01 -5.769464331921345807e-02 7.659757300971316990e-03 4.075912475557195297e-02 5.716151437851305778e-02 1.425105166013986707e-02 -4.158603664123841637e-02 -5.091517614604210151e-02 5.363793762351368177e-03 1.018392893111081110e-01 1.697312002428930933e-01 4.597015001212292340e-01
3.998112570638988061e-01 2.112397510490386376e-01 6.956228730034598462e-02 -4.192506257005784720e-02 -5.887820792668989334e-02 -8.164404611834501571e-03 4.054829792787744552e-02 5.676341146953198247e-02 4.106982946988931016e-02 3.735811969091039960e-03 -8.336189983873071307e-02 -2.075024584268929106e-01
2.112397510490386376e-01 3.996563882981580829e-01 2.047754595825308499e-01 6.808443939059281858e-02 -3.771552549305382668e-02 -4.653505640263350118e-02 -1.511145590580025705e-02 2.719236386962721463e-02 4.668348230888102329e-02 5.865712145522424675e-02 2.392155958357918694e-02 -8.328707347813615880e-02
6.956228730034598462e-02 2.047754595825308499e-01 4.050140929873685680e-01 2.120778628793978937e-01 8.135588661372597508e-02 -3.302523929562270477e-02 -6.371847943796134228e-02 -4.854030608952142334e-02 -7.529331430536499031e-03 3.723176757272524812e-02 5.503888023846752187e-02 3.101988617128250553e-02
-4.192506257005784720e-02 6.808443939059281858e-02 2.120778628793978937e-01 3.682872507900991632e-01 2.154519116281372049e-01 8.041589278730386370e-02 -2.510843308025032666e-02 -5.844124419598096393e-02 -4.773084894729046068e-02 -2.951683010428390527e-02 1.571471570404318896e-02 5.280988367632484526e-02
-5.887820792668989334e-02 -3.771552549305382668e-02 8.135588661372597508e-02 2.154519116281372049e-01 3.959914588723590922e-01 2.078541431730524525e-01 8.968345861054476120e-02 6.465635192464490484e-03 -3.378061041823895300e-02 -5.521379913462687306e-02 -3.611183240011157924e-02 1.566645149550843427e-02
-8.164404611834501571e-03 -4.653505640263350118e-02 -3.302523929562270477e-02 8.041589278730386370e-02 2.078541431730524525e-01 3.386479081814535719e-01 2.196155830469633252e-01 1.233119114332397459e-01 4.520448595405935494e-02 -1.418132303542668678e-02 -4.074655189083323248e-02 -3.590985870635164667e-02
4.054829792787744552e-02 -1.511145590580025705e-02 -6.371847943796134228e-02 -2.510843308025032666e-02 8.968345861054476120e-02 2.196155830469633252e-01 3.419346547827087912e-01 2.110429363557964344e-01 1.074611459261938795e-01 5.045584377298928391e-02 -6.307418201970471996e-03 -4.768602363217711027e-02
5.676341146953198247e-02 2.719236386962721463e-02 -4.854030608952142334e-02 -5.844124419598096393e-02 6.465635192464490484e-03 1.233119114332397459e-01 2.110429363557964344e-01 2.287795791758528430e-01 1.527684768926141912e-01 1.134611890006289869e-01 5.328177484438863243e-02 -1.777991663338072958e-02
4.106982946988931016e-02 4.668348230888102329e-02 -7.529331430536499031e-03 -4.773084894729046068e-02 -3.378061041823895300e-02 4.520448595405935494e-02 1.074611459261938795e-01 1.527684768926141912e-01 1.602742716918167387e-01 1.799226449339472178e-01 1.122380849855187379e-01 3.937322028782822003e-02
3.735811969091039960e-03 5.865712145522424675e-02 3.723176757272524812e-02 -2.951683010428390527e-02 -5.521379913462687306e-02 -1.418132303542668678e-02 5.045584377298928391e-02 1.134611890006289869e-01 1.799226449339472178e-01 3.159977153075590461e-01 2.183436015987235690e-01 1.227432055632300817e-01
-8.336189983873071307e-02 2.392155958357918694e-02 5.503888023846752187e-02 1.571471570404318896e-02 -3.611183240011157924e-02 -4.074655189083323248e-02 -6.307418201970471996e-03 5.328177484438863243e-02 1.122380849855187379e-01 2.183436015987235690e-01 3.226118250854138614e-01 2.196696424034727535e-01
-2.075024584268929106e-01 -8.328707347813615880e-02 3.101988617128250553e-02 5.280988367632484526e-02 1.566645149550843427e-02 -3.590985870635164667e-02 -4.768602363217711027e-02 -1.777991663338072958e-02 3.937322028782822003e-02 1.227432055632300817e-01 2.196696424034727535e-01 3.229935977633336397e-01
4.193522199608195056e-01 2.219480077304702981e-01 4.508877434397774026e-02 -4.008543375880135873e-02 -5.052754342675888632e-02 -1.661769481659495932e-04 3.319737704339006945e-02 4.815380624488103944e-02 3.684276162191955917e-02 -7.212925666843467837e-03 -8.150777066563841267e-02 -2.051249375187375601e-01
2.219480077304702981e-01 4.012504870741777641e-01 1.713852113249315634e-01 3.405186415376532105e-02 -4.828488645653803563e-02 -4.221647606954071624e-02 -1.196129557678991991e-02 3.619595763815940115e-02 5.800665428711988120e-02 5.110404379208990239e-02 -5.004246684528697135e-03 -1.137613643249235362e-01
4.508877434397774026e-02 1.713852113249315634e-01 4.468621923812587937e-01 2.081006277177644970e-01 6.741222656029156879e-02 -3.768918366183821034e-02 -5.585669487737118799e-02 -3.725101078455472781e-02 -2.290442668911025700e-03 3.241260412670735058e-02 4.351314479634002530e-02 2.835093233636522270e-02
-4.008543375880135873e-02 3.405186415376532105e-02 2.081006277177644970e-01 4.692078239739995160e-01 1.833683222444772998e-01 5.587464554856093335e-02 -1.419745242660246098e-02 -3.712834866912384513e-02 -3.538528226274505195e-02 -1.668361094768710043e-02 1.550220017327932562e-02 4.491220163915755903e-02
-5.052754342675888632e-02 -4.828488645653803563e-02 6.741222656029156879e-02 1.833683222444772998e-01 3.149705416132654312e-01 2.217618233897970526e-01 1.270763668274901281e-01 3.778182346798463626e-02 -2.944345266637047459e-02 -5.517523040807435775e-02 -4.487160448051820405e-02 -4.360017198998372137e-04
-1.661769481659495932e-04 -4.221647606954071624e-02 -3.768918366183821034e-02 5.587464554856093335e-02 2.217618233897970526e-01 3.110076287549808916e-01 2.205197389782708184e-01 1.143460550402411180e-01 3.354266894112575836e-02 -2.594247749008393722e-02 -4.854235122766872856e-02 -4.006819909315437883e-02
3.319737704339006945e-02 -1.196129557678991991e-02 -5.585669487737118799e-02 -1.419745242660246098e-02 1.270763668274901281e-01 2.205197389782708184e-01 3.516051309901359057e-01 1.914712906277535875e-01 9.495031577596106664e-02 2.885192374135701204e-02 -1.884870126231465506e-02 -4.303525225052115544e-02
4.815380624488103944e-02 3.619595763815940115e-02 -3.725101078455472781e-02 -3.712834866912384513e-02 3.778182346798463626e-02 1.143460550402411180e-01 1.914712906277535875e-01 1.995602591460124420e-01 1.714184697950270342e-01 1.159252811345936884e-01 6.427026437090477273e-02 -4.768004680140956741e-05
3.684276162191955917e-02 5.800665428711988120e-02 -2.290442668911025700e-03 -3.538528226274505195e-02 -2.944345266637047459e-02 3.354266894112575836e-02 9.495031577596106664e-02 1.714184697950270342e-01 2.431952589349748728e-01 2.130624423262071354e-01 1.409891033295957441e-01 5.694596778115776359e-02
-7.212925666843467837e-03 5.110404379208990239e-02 3.241260412670735058e-02 -1.668361094768710043e-02 -5.517523040807435775e-02 -2.594247749008393722e-02 2.885192374135701204e-02 1.159252811345936884e-01 2.130624423262071354e-01 3.302618996083402925e-01 2.166556188664941485e-01 1.144484734943620463e-01
-8.150777066563841267e-02 -5.004246684528697135e-03 4.351314479634002530e-02 1.550220017327932562e-02 -4.487160448051820405e-02 -4.854235122766872856e-02 -1.884870126231465506e-02 6.427026437090477273e-02 1.409891033295957441e-01 2.166556188664941485e-01 2.710785329583750292e-01 1.889298886952742174e-01
