2.330124546443905764e-01 2.061145501628239285e-01 1.292539337643098252e-01 5.131914128731938918e-02 -3.496340065898047300e-02 -8.040490058385912908e-02 -6.184855978736686355e-02 2.670080877175411843e-02 1.400614063642213192e-01 2.288998899236807938e-01
2.061145501628239285e-01 2.709238266819515850e-01 2.194636823333453446e-01 1.521387397894445048e-01 4.180903296186283535e-02 -5.562074956142618043e-02 -9.157719228854291349e-02 -5.023648101533228355e-02 4.740421983201877770e-02 1.458056168847059741e-01
1.292539337643098252e-01 2.194636823333453446e-01 2.623478478597601748e-01 2.429167381696476502e-01 1.365672135210927174e-01 2.293584930600784527e-02 -6.036250774556830428e-02 -7.681277583282175581e-02 -3.191543744451176556e-02 5.160446795358181182e-02
5.131914128731938918e-02 1.521387397894445048e-01 2.429167381696476502e-01 3.486690259371572065e-01 2.453889176820263918e-01 1.311518619060404178e-01 1.789597902409000366e-02 -5.899524711010313560e-02 -7.726236276487399857e-02 -3.301003774188796674e-02
-3.496340065898047300e-02 4.180903296186283535e-02 1.365672135210927174e-01 2.453889176820263918e-01 2.899702723467653120e-01 2.316841778485867198e-01 1.341208048581817580e-01 2.633080349594967007e-02 -5.856538686624815360e-02 -7.881003257139412854e-02
-8.040490058385912908e-02 -5.562074956142618043e-02 2.293584930600784527e-02 1.311518619060404178e-01 2.316841778485867198e-01 3.048033179261616654e-01 2.486072346455146520e-01 1.389132639348453768e-01 1.819253564420893546e-02 -6.596366386763341527e-02
-6.184855978736686355e-02 -9.157719228854291349e-02 -6.036250774556830428e-02 1.789597902409000366e-02 1.341208048581817580e-01 2.486072346455146520e-01 3.320856578152402427e-01 2.438366053880914874e-01 1.265713478878642273e-01 1.046540358960277098e-02
2.670080877175411843e-02 -5.023648101533228355e-02 -7.681277583282175581e-02 -5.899524711010313560e-02 2.633080349594967007e-02 1.389132639348453768e-01 2.438366053880914874e-01 2.996520771548270567e-01 2.371265090109853091e-01 1.342688012348557947e-01
1.400614063642213192e-01 4.740421983201877770e-02 -3.191543744451176556e-02 -7.726236276487399857e-02 -5.856538686624815360e-02 1.819253564420893546e-02 1.265713478878642273e-01 2.371265090109853091e-01 3.196437136869052509e-01 2.556984286409070273e-01
2.288998899236807938e-01 1.458056168847059741e-01 5.160446795358181182e-02 -3.301003774188796674e-02 -7.881003257139412854e-02 -6.596366386763341527e-02 1.046540358960277098e-02 1.342688012348557947e-01 2.556984286409070273e-01 3.388918059468412070e-01
2.344341161399243756e-01 2.150172576882547482e-01 1.321056717493612476e-01 4.106986165529893235e-02 -4.401619196120800520e-02 -8.414990930478230546e-02 -6.419034833075429325e-02 2.332263279918094304e-02 1.371960869019236973e-01 2.201861793723840499e-01
2.150172576882547482e-01 3.030637033407045933e-01 2.391166306528836605e-01 1.512843235618843152e-01 3.245304028622344322e-02 -5.788999521158817024e-02 -9.097061920546528624e-02 -5.413413689926353800e-02 4.021369525313060744e-02 1.401432187284030462e-01
1.321056717493612476e-01 2.391166306528836605e-01 2.912249896386483461e-01 2.466384959822653933e-01 1.314841872168306391e-01 2.893801048343033061e-02 -4.886515987672965244e-02 -7.369270273009552452e-02 -4.014909685083187241e-02 4.300925303222812024e-02
4.106986165529893235e-02 1.512843235618843152e-01 2.466384959822653933e-01 3.342522961442417895e-01 2.333174008127488763e-01 1.383308133889377678e-01 4.033115176620649667e-02 -4.370329298927895512e-02 -7.981282634598942105e-02 -4.453450692058696231e-02
-4.401619196120800520e-02 3.245304028622344322e-02 1.314841872168306391e-01 2.333174008127488763e-01 2.654233799270351302e-01 2.255321266088151089e-01 1.423103748668887447e-01 3.985136335102771460e-02 -5.399739760393502952e-02 -8.154077542784798904e-02
-8.414990930478230546e-02 -5.788999521158817024e-02 2.893801048343033061e-02 1.383308133889377678e-01 2.255321266088151089e-01 2.935377501074018514e-01 2.408727568121054041e-01 1.388379559089514270e-01 1.861434631554733515e-02 -6.675533886861144406e-02
-6.419034833075429325e-02 -9.097061920546528624e-02 -4.886515987672965244e-02 4.033115176620649667e-02 1.423103748668887447e-01 2.408727568121054041e-01 3.086952950652012140e-01 2.375272093549074259e-01 1.267094650805038747e-01 9.316841565341489953e-03
2.332263279918094304e-02 -5.413413689926353800e-02 -7.369270273009552452e-02 -4.370329298927895512e-02 3.985136335102771460e-02 1.388379559089514270e-01 2.375272093549074259e-01 3.027957202538160697e-01 2.471378309602652867e-01 1.349827902607163010e-01
1.371960869019236973e-01 4.021369525313060744e-02 -4.014909685083187241e-02 -7.981282634598942105e-02 -5.399739760393502952e-02 1.861434631554733515e-02 1.267094650805038747e-01 2.471378309602652867e-01 3.504195374431354759e-01 2.577588442921495138e-01
2.201861793723840499e-01 1.401432187284030462e-01 4.300925303222812024e-02 -4.453450692058696231e-02 -8.154077542784798904e-02 -6.675533886861144406e-02 9.316841565341489953e-03 1.349827902607163010e-01 2.577588442921495138e-01 3.161532119398910434e-01
3.144398555774173820e-01 2.516344478416013830e-01 1.395150882590768804e-01 3.651444050688795739e-02 -4.586838691068297058e-02 -8.569534471299042333e-02 -5.136490436905948725e-02 3.300688114980716847e-02 1.341353287764524560e-01 2.306230177282831417e-01
2.516344478416013830e-01 3.233724995444381412e-01 2.299415695560982353e-01 1.409506691406128831e-01 3.524794728747495526e-02 -5.049738205355806808e-02 -7.845446001791367419e-02 -5.094066254303988850e-02 3.271179695702514101e-02 1.414214417353205633e-01
1.395150882590768804e-01 2.299415695560982353e-01 2.547582316617190701e-01 2.264291333940738060e-01 1.294367090766966044e-01 3.890871703049375574e-02 -4.407029286074895524e-02 -8.011415578449071484e-02 -5.044396548199307773e-02 3.488724496722991897e-02
3.651444050688795739e-02 1.409506691406128831e-01 2.264291333940738060e-01 3.196450489601827538e-01 2.345569394222775661e-01 1.507281965528988465e-01 3.176014451635920943e-02 -6.248701293285317121e-02 -9.012748628191299960e-02 -5.010609021018903875e-02
-4.586838691068297058e-02 3.524794728747495526e-02 1.294367090766966044e-01 2.345569394222775661e-01 2.674720513649032627e-01 2.391981527796435136e-01 1.275233394326643066e-01 2.050185665700512971e-02 -5.701246614997419748e-02 -7.598943821850431823e-02
-8.569534471299042333e-02 -5.049738205355806808e-02 3.890871703049375574e-02 1.507281965528988465e-01 2.391981527796435136e-01 3.407806499771918740e-01 2.389081169005129457e-01 1.358068944367309405e-01 2.478885252257232580e-02 -5.490558897456085385e-02
-5.136490436905948725e-02 -7.845446001791367419e-02 -4.407029286074895524e-02 3.176014451635920943e-02 1.275233394326643066e-01 2.389081169005129457e-01 2.820609159940566935e-01 2.387312945969005118e-01 1.382438966084825194e-01 3.267236534883713461e-02
3.300688114980716847e-02 -5.094066254303988850e-02 -8.011415578449071484e-02 -6.248701293285317121e-02 2.050185665700512971e-02 1.358068944367309405e-01 2.387312945969005118e-01 3.274502896166674448e-01 2.483389430863839897e-01 1.395638060648150547e-01
1.341353287764524560e-01 3.271179695702514101e-02 -5.044396548199307773e-02 -9.012748628191299960e-02 -5.701246614997419748e-02 2.478885252257232580e-02 1.382438966084825194e-01 2.483389430863839897e-01 3.023792408355647776e-01 2.261611132433830607e-01
2.306230177282831417e-01 1.414214417353205633e-01 3.488724496722991897e-02 -5.010609021018903875e-02 -7.598943821850431823e-02 -5.490558897456085385e-02 3.267236534883713461e-02 1.395638060648150547e-01 2.261611132433830607e-01 2.676412164678596550e-01
2.225812971766889248e-01 2.135383580076047061e-01 1.338592242922607423e-01 2.254100511696161685e-02 -6.507434415441751274e-02 -7.994941401941935144e-02 -3.149976418059396988e-02 5.185306434640114814e-02 1.296640931842625855e-01 2.157347749357885203e-01
2.135383580076047061e-01 3.118704189633883517e-01 2.585464114251944112e-01 1.351377115794389905e-01 1.800969861681487802e-03 -7.341407398112467786e-02 -7.809103753671223225e-02 -3.644333524555490311e-02 4.657058335832565954e-02 1.412059332908109366e-01
1.338592242922607423e-01 2.585464114251944112e-01 3.602487357871450024e-01 2.517090779914432641e-01 1.201379638157090146e-01 4.614997891588808882e-03 -6.249128199488217239e-02 -8.173580611945974184e-02 -3.645908333059334760e-02 3.975538485706538172e-02
2.254100511696161685e-02 1.351377115794389905e-01 2.517090779914432641e-01 3.126909392100536977e-01 2.402602521062169871e-01 1.342649799810989308e-01 2.883524535238069647e-02 -5.098570712307197439e-02 -7.098778322535642671e-02 -5.503755997296283509e-02
-6.507434415441751274e-02 1.800969861681487802e-03 1.201379638157090146e-01 2.402602521062169871e-01 3.207217512038542662e-01 2.498101366256217648e-01 1.389441276105637391e-01 3.742521523168658437e-02 -4.452583092794989983e-02 -8.968196606399424231e-02
-7.994941401941935144e-02 -7.341407398112467786e-02 4.614997891588808882e-03 1.342649799810989308e-01 2.498101366256217648e-01 3.180271472619330408e-01 2.282314512349529201e-01 1.409220278382599389e-01 3.432456188412732340e-02 -4.970732168207300794e-02
-3.149976418059396988e-02 -7.809103753671223225e-02 -6.249128199488217239e-02 2.883524535238069647e-02 1.389441276105637391e-01 2.282314512349529201e-01 2.528045128343877068e-01 2.271957825693952382e-01 1.274237957233188279e-01 4.523474898330233362e-02
5.185306434640114814e-02 -3.644333524555490311e-02 -8.173580611945974184e-02 -5.098570712307197439e-02 3.742521523168658437e-02 1.409220278382599389e-01 2.271957825693952382e-01 3.275475186996165133e-01 2.327865537650184447e-01 1.593047912758550066e-01
1.296640931842625855e-01 4.657058335832565954e-02 -3.645908333059334760e-02 -7.098778322535642671e-02 -4.452583092794989983e-02 3.432456188412732340e-02 1.274237957233188279e-01 2.327865537650184447e-01 2.529810278563119907e-01 2.330878139925532111e-01
2.157347749357885203e-01 1.412059332908109366e-01 3.975538485706538172e-02 -5.503755997296283509e-02 -8.968196606399424231e-02 -4.970732168207300794e-02 4.523474898330233362e-02 1.593047912758550066e-01 2.330878139925532111e-01 3.205266510066191454e-01
2.962438664551668155e-01 2.221943676241282528e-01 1.426334570713405359e-01 6.770513469010225327e-02 -2.520892118118200215e-02 -8.024500817696528232e-02 -5.455677270273856516e-02 3.186664417516940628e-02 1.452213198635133318e-01 2.399918123747950272e-01
2.221943676241282528e-01 2.327178105635980265e-01 1.878001623839778422e-01 1.354828565371272719e-01 4.365997925121534173e-02 -6.065610468939345440e-02 -8.953958855776457393e-02 -4.293418344476451071e-02 5.317673868072480409e-02 1.504601000552144296e-01
1.426334570713405359e-01 1.878001623839778422e-01 2.145596475602919440e-01 2.111179251497626308e-01 1.343403016958092389e-01 3.465002348623039737e-03 -8.048568370760060542e-02 -8.038878190809796431e-02 -2.224670526196401502e-02 6.754497706593158568e-02
6.770513469010225327e-02 1.354828565371272719e-01 2.111179251497626308e-01 3.074017271278008945e-01 2.660357219562693443e-01 1.194092131556171721e-01 -2.315818491629903150e-02 -8.188302891482271417e-02 -7.430437394217274949e-02 -1.039043773635579121e-02
-2.520892118118200215e-02 4.365997925121534173e-02 1.343403016958092389e-01 2.660357219562693443e-01 4.087363804160458747e-01 2.613766165565899469e-01 1.075758246516722860e-01 -6.761031802305542994e-03 -6.570575844088460959e-02 -6.589862038096314101e-02
-8.024500817696528232e-02 -6.065610468939345440e-02 3.465002348623039737e-03 1.194092131556171721e-01 2.613766165565899469e-01 3.378697150776505120e-01 2.440267634903576788e-01 1.313804266254928466e-01 3.012334548699573122e-02 -4.968252857752648161e-02
-5.455677270273856516e-02 -8.953958855776457393e-02 -8.048568370760060542e-02 -2.315818491629903150e-02 1.075758246516722860e-01 2.440267634903576788e-01 3.193653273422791816e-01 2.417153822916559280e-01 1.438619855149053106e-01 3.198337767016380673e-02
3.186664417516940628e-02 -4.293418344476451071e-02 -8.038878190809796431e-02 -8.188302891482271417e-02 -6.761031802305542994e-03 1.313804266254928466e-01 2.417153822916559280e-01 2.896136731302054734e-01 2.332296281516505199e-01 1.308571771942705353e-01
1.452213198635133318e-01 5.317673868072480409e-02 -2.224670526196401502e-02 -7.430437394217274949e-02 -6.570575844088460959e-02 3.012334548699573122e-02 1.438619855149053106e-01 2.332296281516505199e-01 3.004413415731127524e-01 2.345906470127634702e-01
2.399918123747950272e-01 1.504601000552144296e-01 6.754497706593158568e-02 -1.039043773635579121e-02 -6.589862038096314101e-02 -4.968252857752648161e-02 3.198337767016380673e-02 1.308571771942705353e-01 2.345906470127634702e-01 2.930505107538509124e-01
3.143802623573752619e-01 2.422141138031907448e-01 1.419165703415433410e-01 3.018529498182096621e-02 -5.228372878224384068e-02 -8.389641864476199418e-02 -5.262593125144774536e-02 3.205032552023254211e-02 1.386226979436669393e-01 2.367243796492185526e-01
2.422141138031907448e-01 3.084398030664713408e-01 2.486433129862968827e-01 1.371281081583053119e-01 3.799120357557464467e-02 -4.356275810217341560e-02 -7.694680792630284594e-02 -5.525244984272674464e-02 2.258592893658642464e-02 1.292160344724617160e-01
1.419165703415433410e-01 2.486433129862968827e-01 3.232746069471881811e-01 2.298932108296807830e-01 1.397639377910646075e-01 4.347432328232398585e-02 -4.263840678701268094e-02 -8.489166073574645754e-02 -6.334952069748213399e-02 2.168143902393866729e-02
3.018529498182096621e-02 1.371281081583053119e-01 2.298932108296807830e-01 2.555185381115013810e-01 2.183299391738252604e-01 1.397945017341003238e-01 4.249439888208077221e-02 -4.624811096435102464e-02 -8.328234409983388542e-02 -5.518482971550665861e-02
-5.228372878224384068e-02 3.799120357557464467e-02 1.397639377910646075e-01 2.183299391738252604e-01 2.842791663017046888e-01 2.401536426086148535e-01 1.446779118477165005e-01 3.444945950046476857e-02 -5.420617438643227093e-02 -8.416460073853174184e-02
-8.389641864476199418e-02 -4.356275810217341560e-02 4.347432328232398585e-02 1.397945017341003238e-01 2.401536426086148535e-01 3.135926754843259001e-01 2.416185368631812158e-01 1.369286287544601299e-01 2.699536182965826120e-02 -5.599721724359364716e-02
-5.262593125144774536e-02 -7.694680792630284594e-02 -4.263840678701268094e-02 4.249439888208077221e-02 1.446779118477165005e-01 2.416185368631812158e-01 2.949768222270098272e-01 2.332225239478886714e-01 1.352738944117950481e-01 3.035324279958782207e-02
3.205032552023254211e-02 -5.525244984272674464e-02 -8.489166073574645754e-02 -4.624811096435102464e-02 3.444945950046476857e-02 1.369286287544601299e-01 2.332225239478886714e-01 2.992042646682780971e-01 2.413653125222034734e-01 1.404190129881747739e-01
1.386226979436669393e-01 2.258592893658642464e-02 -6.334952069748213399e-02 -8.328234409983388542e-02 -5.420617438643227093e-02 2.699536182965826120e-02 1.352738944117950481e-01 2.413653125222034734e-01 3.127967863839085094e-01 2.403589581054668134e-01
2.367243796492185526e-01 1.292160344724617160e-01 2.168143902393866729e-02 -5.518482971550665861e-02 -8.416460073853174184e-02 -5.599721724359364716e-02 3.035324279958782207e-02 1.404190129881747739e-01 2.403589581054668134e-01 2.935370744522361464e-01
3.235681748905809285e-01 2.274408594542358664e-01 1.489537209161486686e-01 5.691014877548276896e-02 -3.440141114412462175e-02 -8.326202938516369390e-02 -6.080323876929924487e-02 1.814220934372987731e-02 1.363608705319995784e-01 2.468582747345178241e-01
2.274408594542358664e-01 2.394038235594886377e-01 2.105870614783487138e-01 1.350641540118227568e-01 4.437132401786710728e-02 -4.659144561059554157e-02 -8.163516105896020947e-02 -5.831086436228860581e-02 2.847213005764628879e-02 1.376745131234292374e-01
1.489537209161486686e-01 2.105870614783487138e-01 2.706821763178843820e-01 2.243770301531992084e-01 1.418783080279702458e-01 2.794631042730078702e-02 -6.180694858393874502e-02 -9.151515469814197612e-02 -4.887931521815636060e-02 4.979561431964368845e-02
5.691014877548276896e-02 1.350641540118227568e-01 2.243770301531992084e-01 2.819749069968382482e-01 2.443327766967730019e-01 1.364569677904977352e-01 1.603950477995735521e-02 -6.552931865116798371e-02 -7.960168356992639027e-02 -2.913802929726098251e-02
-3.440141114412462175e-02 4.437132401786710728e-02 1.418783080279702458e-01 2.443327766967730019e-01 3.416528231823495187e-01 2.550060929943257504e-01 1.304586451432193650e-01 1.879737866012716474e-02 -5.650419606694388058e-02 -7.340712502057945843e-02
-8.326202938516369390e-02 -4.659144561059554157e-02 2.794631042730078702e-02 1.364569677904977352e-01 2.550060929943257504e-01 3.272069945090065879e-01 2.353194025997237815e-01 1.348121470685635925e-01 2.955187476074912570e-02 -5.542427981691018524e-02
-6.080323876929924487e-02 -8.163516105896020947e-02 -6.180694858393874502e-02 1.603950477995735521e-02 1.304586451432193650e-01 2.353194025997237815e-01 2.798917391069513094e-01 2.338892214903150468e-01 1.378275580167790115e-01 2.574030876374027235e-02
1.814220934372987731e-02 -5.831086436228860581e-02 -9.151515469814197612e-02 -6.552931865116798371e-02 1.879737866012716474e-02 1.348121470685635925e-01 2.338892214903150468e-01 3.118042295134830222e-01 2.450119848017326407e-01 1.336869399149116511e-01
1.363608705319995784e-01 2.847213005764628879e-02 -4.887931521815636060e-02 -7.960168356992639027e-02 -5.650419606694388058e-02 2.955187476074912570e-02 1.378275580167790115e-01 2.450119848017326407e-01 3.157578338229356518e-01 2.416685218532715340e-01
2.468582747345178241e-01 1.376745131234292374e-01 4.979561431964368845e-02 -2.913802929726098251e-02 -7.340712502057945843e-02 -5.542427981691018524e-02 2.574030876374027235e-02 1.336869399149116511e-01 2.416685218532715340e-01 3.080572981004786604e-01
2.862337389009067534e-01 2.197401588116940641e-01 1.472145672702906971e-01 4.506244457809455844e-02 -4.895637026081318954e-02 -7.796819194402059006e-02 -3.143357541035075170e-02 5.442082108621207337e-02 1.507556877669197215e-01 2.299977764459295859e-01
2.197401588116940641e-01 2.584450660627820029e-01 2.377777249832289663e-01 1.381149601941323302e-01 2.768746279601888571e-02 -6.182848703524083250e-02 -7.821318401105745166e-02 -3.457377064814755319e-02 4.439585197567830210e-02 1.314958464292793616e-01
1.472145672702906971e-01 2.377777249832289663e-01 3.365911975111227084e-01 2.397709528788835309e-01 1.305039782491453360e-01 7.014215283955380770e-04 -7.885411772508325867e-02 -8.690143257934769550e-02 -4.454941488946295020e-02 4.189206404779696746e-02
4.506244457809455844e-02 1.381149601941323302e-01 2.397709528788835309e-01 2.764007342104936593e-01 2.349691381987863981e-01 1.193565938770014545e-01 -2.602488229392308991e-04 -6.771278436499605924e-02 -8.036893026604788326e-02 -3.861552965981612795e-02
-4.895637026081318954e-02 2.768746279601888571e-02 1.305039782491453360e-01 2.349691381987863981e-01 3.518063371218823066e-01 2.667055310495331510e-01 1.337550560116951004e-01 1.575494873056610193e-02 -5.857271096843427727e-02 -7.807251969409187420e-02
-7.796819194402059006e-02 -6.182848703524083250e-02 7.014215283955380770e-04 1.193565938770014545e-01 2.667055310495331510e-01 3.677590419674646727e-01 2.489867161967566633e-01 1.297141510469055348e-01 3.291826812939847163e-02 -4.130649065167012191e-02
-3.143357541035075170e-02 -7.821318401105745166e-02 -7.885411772508325867e-02 -2.602488229392308991e-04 1.337550560116951004e-01 2.489867161967566633e-01 2.868347634748720232e-01 2.162789758391596429e-01 1.385174316298550812e-01 5.215028966903993701e-02
5.442082108621207337e-02 -3.457377064814755319e-02 -8.690143257934769550e-02 -6.771278436499605924e-02 1.575494873056610193e-02 1.297141510469055348e-01 2.162789758391596429e-01 2.531231500213465546e-01 2.241092058211858196e-01 1.464145674757673377e-01
1.507556877669197215e-01 4.439585197567830210e-02 -4.454941488946295020e-02 -8.036893026604788326e-02 -5.857271096843427727e-02 3.291826812939847163e-02 1.385174316298550812e-01 2.241092058211858196e-01 2.979783393551472259e-01 2.395040076896478853e-01
2.299977764459295859e-01 1.314958464292793616e-01 4.189206404779696746e-02 -3.861552965981612795e-02 -7.807251969409187420e-02 -4.130649065167012191e-02 5.215028966903993701e-02 1.464145674757673377e-01 2.395040076896478853e-01 2.848276313739817600e-01
2.578828065665282887e-01 2.412234029336895180e-01 1.354820142031048502e-01 3.953516505503365530e-02 -4.265871959759825333e-02 -8.167231999713936430e-02 -5.925580194379200666e-02 2.329875925625303490e-02 1.291804280985058284e-01 2.161818195338716664e-01
2.412234029336895180e-01 3.621912979922550235e-01 2.407867007806236692e-01 1.471502560044612440e-01 3.396928497521964352e-02 -5.276426606051071860e-02 -8.738271958779234017e-02 -5.899344604300130190e-02 2.577740519094172400e-02 1.381969013365236254e-01
1.354820142031048502e-01 2.407867007806236692e-01 2.511797089868259558e-01 2.216937201694464954e-01 1.243501631771587179e-01 3.836592986227405078e-02 -3.877810900960536322e-02 -7.204680551683990963e-02 -4.914190096509708783e-02 3.606911194672875187e-02
3.953516505503365530e-02 1.471502560044612440e-01 2.216937201694464954e-01 3.087419970564510008e-01 2.307217624623214836e-01 1.512909124873114131e-01 4.750282461592390815e-02 -4.494934007496124290e-02 -8.637714397092140228e-02 -4.884751104828249924e-02
-4.265871959759825333e-02 3.396928497521964352e-02 1.243501631771587179e-01 2.307217624623214836e-01 2.701531007658061201e-01 2.377006249733406573e-01 1.415465608181676882e-01 3.411576655285292192e-02 -5.624520327390691854e-02 -7.878116740508725457e-02
-8.167231999713936430e-02 -5.276426606051071860e-02 3.836592986227405078e-02 1.512909124873114131e-01 2.377006249733406573e-01 3.152724383493601401e-01 2.365138889597322436e-01 1.317011650883596063e-01 1.973950807505537100e-02 -6.032839418637014200e-02
-5.925580194379200666e-02 -8.738271958779234017e-02 -3.877810900960536322e-02 4.750282461592390815e-02 1.415465608181676882e-01 2.365138889597322436e-01 2.838953467887035398e-01 2.282531966912625110e-01 1.331597793155672727e-01 2.091982601201312908e-02
2.329875925625303490e-02 -5.899344604300130190e-02 -7.204680551683990963e-02 -4.494934007496124290e-02 3.411576655285292192e-02 1.317011650883596063e-01 2.282531966912625110e-01 3.007057266238111204e-01 2.549411654188017962e-01 1.392170752860868443e-01
1.291804280985058284e-01 2.577740519094172400e-02 -4.914190096509708783e-02 -8.637714397092140228e-02 -5.624520327390691854e-02 1.973950807505537100e-02 1.331597793155672727e-01 2.549411654188017962e-01 3.621639513457621251e-01 2.498809864870137065e-01
2.161818195338716664e-01 1.381969013365236254e-01 3.606911194672875187e-02 -4.884751104828249924e-02 -7.878116740508725457e-02 -6.032839418637014200e-02 2.091982601201312908e-02 1.392170752860868443e-01 2.498809864870137065e-01 2.878136255244978514e-01
3.235185102774013055e-01 2.481538549381844538e-01 1.483237850672091407e-01 2.956925785940458032e-02 -6.245072501985575453e-02 -8.998072551571449640e-02 -5.297035390198085586e-02 3.001930361387677298e-02 1.342672537560550827e-01 2.243950509777518643e-01
2.481538549381844538e-01 2.963772169973493131e-01 2.324800066380853514e-01 1.274002945551482302e-01 1.507114113930616874e-02 -6.401952045037612171e-02 -8.202029824456417983e-02 -4.965952956057222145e-02 3.450999877124849569e-02 1.373822286120083558e-01
1.483237850672091407e-01 2.324800066380853514e-01 2.888894265838191089e-01 2.357652890142973579e-01 1.322587524034172235e-01 2.336539929107650515e-02 -5.292882722786931837e-02 -8.051047227551003105e-02 -4.736024366983656447e-02 4.200218294503239164e-02
2.956925785940458032e-02 1.274002945551482302e-01 2.357652890142973579e-01 3.285870970255316825e-01 2.560614079685218925e-01 1.451412127533496244e-01 3.289976544270248326e-02 -5.180307802658584704e-02 -8.154535887154035212e-02 -4.551754245825137546e-02
-6.245072501985575453e-02 1.507114113930616874e-02 1.322587524034172235e-01 2.560614079685218925e-01 3.293419499020514563e-01 2.422039737966671935e-01 1.327403888944294619e-01 3.373385649933165198e-02 -4.665986063068228162e-02 -7.595093061334813600e-02
-8.998072551571449640e-02 -6.401952045037612171e-02 2.336539929107650515e-02 1.451412127533496244e-01 2.422039737966671935e-01 2.820279115839043893e-01 2.147166275638526522e-01 1.346599912634778851e-01 4.189910722309546365e-02 -4.384712585025904441e-02
-5.297035390198085586e-02 -8.202029824456417983e-02 -5.292882722786931837e-02 3.289976544270248326e-02 1.327403888944294619e-01 2.147166275638526522e-01 2.582291200778624729e-01 2.310930322846472540e-01 1.489509357946333934e-01 3.717982183768832327e-02
3.001930361387677298e-02 -4.965952956057222145e-02 -8.051047227551003105e-02 -5.180307802658584704e-02 3.373385649933165198e-02 1.346599912634778851e-01 2.310930322846472540e-01 3.165613420757164009e-01 2.563758211516264929e-01 1.363298582040470275e-01
1.342672537560550827e-01 3.450999877124849569e-02 -4.736024366983656447e-02 -8.154535887154035212e-02 -4.665986063068228162e-02 4.189910722309546365e-02 1.489509357946333934e-01 2.563758211516264929e-01 3.303786025756154654e-01 2.250213964270805778e-01
2.243950509777518643e-01 1.373822286120083558e-01 4.200218294503239164e-02 -4.551754245825137546e-02 -7.595093061334813600e-02 -4.384712585025904441e-02 3.717982183768832327e-02 1.363298582040470275e-01 2.250213964270805778e-01 2.460888229007503480e-01
2.722896393978989638e-01 2.330326082200095683e-01 1.394680934208844536e-01 1.864519245300381295e-02 -6.873405884869508709e-02 -8.179438469903979603e-02 -3.066815816330110273e-02 5.372171892265957538e-02 1.362300682400996443e-01 2.252697084519637849e-01
2.330326082200095683e-01 3.156943469740586261e-01 2.575863211899795391e-01 1.296121005170354501e-01 8.769163341239887000e-03 -6.482617646334511152e-02 -7.460828434126723363e-02 -4.010478544489693570e-02 3.948400493137333572e-02 1.363520404985446577e-01
1.394680934208844536e-01 2.575863211899795391e-01 3.572808162355722295e-01 2.416879556277398700e-01 1.269337605489538334e-01 1.584816407004577266e-02 -5.873168379053750332e-02 -8.647324518117247005e-02 -4.811330575252133201e-02 2.976517513126574269e-02
1.864519245300381295e-02 1.296121005170354501e-01 2.416879556277398700e-01 2.837903592799820296e-01 2.365174197811045764e-01 1.366269825560241791e-01 3.028867130530281393e-02 -5.214063641003306715e-02 -7.527352179105215035e-02 -5.744050001366179936e-02
-6.873405884869508709e-02 8.769163341239887000e-03 1.269337605489538334e-01 2.365174197811045764e-01 3.280628361179826480e-01 2.522669721083860006e-01 1.392014203067117317e-01 3.489827256756831281e-02 -4.573215138270733671e-02 -8.722426156704615741e-02
-8.179438469903979603e-02 -6.482617646334511152e-02 1.584816407004577266e-02 1.366269825560241791e-01 2.522669721083860006e-01 3.162664325059848514e-01 2.280928006093816407e-01 1.393176230894034029e-01 3.765624257380684181e-02 -4.406514722768818670e-02
-3.066815816330110273e-02 -7.460828434126723363e-02 -5.873168379053750332e-02 3.028867130530281393e-02 1.392014203067117317e-01 2.280928006093816407e-01 2.571715486339278267e-01 2.281436223840581090e-01 1.340307738625678424e-01 4.979739077852863433e-02
5.372171892265957538e-02 -4.010478544489693570e-02 -8.647324518117247005e-02 -5.214063641003306715e-02 3.489827256756831281e-02 1.393176230894034029e-01 2.281436223840581090e-01 3.193838764225368498e-01 2.342797987154711103e-01 1.550637110364760929e-01
1.362300682400996443e-01 3.948400493137333572e-02 -4.811330575252133201e-02 -7.527352179105215035e-02 -4.573215138270733671e-02 3.765624257380684181e-02 1.340307738625678424e-01 2.342797987154711103e-01 2.593626956144194917e-01 2.258408365477846957e-01
2.252697084519637849e-01 1.363520404985446577e-01 2.976517513126574269e-02 -5.744050001366179936e-02 -8.722426156704615741e-02 -4.406514722768818670e-02 4.979739077852863433e-02 1.550637110364760929e-01 2.258408365477846957e-01 2.906974488176385929e-01
2.649098184977209391e-01 2.380999457202369052e-01 1.418064365828792528e-01 4.057802514434251384e-02 -4.151093619016174574e-02 -7.703814012019004343e-02 -4.183463512599003981e-02 3.880292171448451732e-02 1.359616610714664553e-01 2.219832855320853504e-01
2.380999457202369052e-01 3.582991950743530940e-01 2.603024145065589989e-01 1.496835139402211134e-01 3.929024847518026997e-02 -4.963421013495084022e-02 -7.980548273767518186e-02 -5.598001206144325587e-02 1.571116606737582924e-02 1.222654289808158407e-01
1.418064365828792528e-01 2.603024145065589989e-01 2.965137059841365108e-01 2.181409419502459979e-01 1.227444497645284460e-01 3.098859170452796657e-02 -4.845772301849581021e-02 -8.211404695001685294e-02 -6.295021209126934469e-02 2.091694075012861045e-02
4.057802514434251384e-02 1.496835139402211134e-01 2.181409419502459979e-01 2.460853181234983200e-01 2.068470561099784721e-01 1.394632046498475442e-01 3.664428539925120021e-02 -4.884415353546556204e-02 -8.581895806663142334e-02 -5.313782529694625889e-02
-4.151093619016174574e-02 3.929024847518026997e-02 1.227444497645284460e-01 2.068470561099784721e-01 2.754373783801312703e-01 2.579580227988753638e-01 1.466811283215353479e-01 3.126259908298043705e-02 -5.584802994294478518e-02 -7.978385834508550101e-02
-7.703814012019004343e-02 -4.963421013495084022e-02 3.098859170452796657e-02 1.394632046498475442e-01 2.579580227988753638e-01 3.833008521872225960e-01 2.516117724516410137e-01 1.301608619102176401e-01 2.274371387870938871e-02 -5.203999993261078372e-02
-4.183463512599003981e-02 -7.980548273767518186e-02 -4.845772301849581021e-02 3.664428539925120021e-02 1.466811283215353479e-01 2.516117724516410137e-01 2.680430573369005365e-01 2.064700151465815869e-01 1.281900326659073386e-01 4.041499090684685935e-02
3.880292171448451732e-02 -5.598001206144325587e-02 -8.211404695001685294e-02 -4.884415353546556204e-02 3.126259908298043705e-02 1.301608619102176401e-01 2.064700151465815869e-01 2.586205216494601444e-01 2.374367710869620951e-01 1.521617860872989114e-01
1.359616610714664553e-01 1.571116606737582924e-02 -6.295021209126934469e-02 -8.581895806663142334e-02 -5.584802994294478518e-02 2.274371387870938871e-02 1.281900326659073386e-01 2.374367710869620951e-01 3.374016899247388457e-01 2.581506622967691955e-01
2.219832855320853504e-01 1.222654289808158407e-01 2.091694075012861045e-02 -5.313782529694625889e-02 -7.978385834508550101e-02 -5.203999993261078372e-02 4.041499090684685935e-02 1.521617860872989114e-01 2.581506622967691955e-01 3.113884628418434608e-01
3.118452669021251067e-01 2.448637945545085182e-01 1.488104594266413394e-01 2.761808030919691084e-02 -6.024994378898847203e-02 -7.225612518286435304e-02 -4.035141586751679610e-02 3.458064579035730057e-02 1.291557198761582870e-01 2.380408109425375951e-01
2.448637945545085182e-01 3.128121277001012501e-01 2.563187971114804231e-01 1.187543770732579773e-01 2.752914213869972482e-02 -4.229075658869184406e-02 -7.607412197291124611e-02 -6.129258757225295590e-02 1.535237416843064640e-02 1.273543471917183978e-01
1.488104594266413394e-01 2.563187971114804231e-01 3.482035722149277035e-01 2.047403176773713307e-01 1.365684252408159161e-01 3.378739064362786676e-02 -5.222132268338893629e-02 -9.378419175132048091e-02 -6.390987915166754241e-02 2.042437115142004683e-02
2.761808030919691084e-02 1.187543770732579773e-01 2.047403176773713307e-01 1.939519115980337105e-01 2.183609468884515625e-01 1.237094853537857031e-01 3.624216888013391535e-02 -4.042441711701516560e-02 -6.613488706914523452e-02 -4.899826307460362906e-02
-6.024994378898847203e-02 2.752914213869972482e-02 1.365684252408159161e-01 2.183609468884515625e-01 3.972092590900829778e-01 2.547107030156324226e-01 1.500346735821881106e-01 3.770883714886320848e-02 -4.659801861623542873e-02 -8.937351041724420075e-02
-7.225612518286435304e-02 -4.229075658869184406e-02 3.378739064362786676e-02 1.237094853537857031e-01 2.547107030156324226e-01 2.667504417886331636e-01 2.166347275688847995e-01 1.287579323332487535e-01 3.664496781189301167e-02 -4.302114580130794730e-02
-4.035141586751679610e-02 -7.607412197291124611e-02 -5.222132268338893629e-02 3.624216888013391535e-02 1.500346735821881106e-01 2.166347275688847995e-01 2.679107795340559539e-01 2.281325473237417190e-01 1.391724981674046790e-01 4.578564334391344720e-02
3.458064579035730057e-02 -6.129258757225295590e-02 -9.378419175132048091e-02 -4.042441711701516560e-02 3.770883714886320848e-02 1.287579323332487535e-01 2.281325473237417190e-01 3.100274825434017334e-01 2.392679883712304778e-01 1.503382378094854921e-01
1.291557198761582870e-01 1.535237416843064640e-02 -6.390987915166754241e-02 -6.613488706914523452e-02 -4.659801861623542873e-02 3.664496781189301167e-02 1.391724981674046790e-01 2.392679883712304778e-01 2.793979355329465619e-01 2.349296208221930693e-01
2.380408109425375951e-01 1.273543471917183978e-01 2.042437115142004683e-02 -4.899826307460362906e-02 -8.937351041724420075e-02 -4.302114580130794730e-02 4.578564334391344720e-02 1.503382378094854921e-01 2.349296208221930693e-01 3.118912230956930598e-01
3.194193733609218544e-01 2.520208311332299833e-01 1.258342347742933687e-01 1.630938540457668728e-02 -5.441662062519956461e-02 -8.116197633213002860e-02 -5.977121391238388037e-02 2.327403259459205620e-02 1.342059963656599963e-01 2.434105743388639831e-01
2.520208311332299833e-01 3.352015498603653221e-01 2.349812944345119892e-01 1.385467236088134269e-01 3.717229262436543002e-02 -4.001175262336840316e-02 -8.084670332053411901e-02 -5.663995966990950648e-02 2.862917836116157799e-02 1.426348001068073468e-01
1.258342347742933687e-01 2.349812944345119892e-01 2.774759850086361834e-01 2.398718201618790236e-01 1.416680394266521814e-01 5.296672028471959004e-02 -3.112610471323741176e-02 -7.323395907888846645e-02 -5.637133921392849245e-02 1.827818520311973172e-02
1.630938540457668728e-02 1.385467236088134269e-01 2.398718201618790236e-01 3.261543076072849212e-01 2.330012214878201537e-01 1.456600372622518513e-01 5.048450462345158846e-02 -4.171246853874852056e-02 -8.789901902845528858e-02 -6.884596774306067646e-02
-5.441662062519956461e-02 3.717229262436543002e-02 1.416680394266521814e-01 2.330012214878201537e-01 2.480113658535832988e-01 2.061708286241727139e-01 1.344187706305554619e-01 3.804052499826041100e-02 -5.118542886983114965e-02 -8.594892626563285787e-02
-8.116197633213002860e-02 -4.001175262336840316e-02 5.296672028471959004e-02 1.456600372622518513e-01 2.061708286241727139e-01 2.547581529720467364e-01 2.309783544686760393e-01 1.413854941473544069e-01 2.905558524800773423e-02 -5.645043360890282524e-02
-5.977121391238388037e-02 -8.084670332053411901e-02 -3.112610471323741176e-02 5.048450462345158846e-02 1.344187706305554619e-01 2.309783544686760393e-01 3.270623378346049770e-01 2.569467718011049784e-01 1.406729136345696574e-01 2.347650867181067663e-02
2.327403259459205620e-02 -5.663995966990950648e-02 -7.323395907888846645e-02 -4.171246853874852056e-02 3.804052499826041100e-02 1.413854941473544069e-01 2.569467718011049784e-01 3.276440268522018973e-01 2.387026312013436069e-01 1.299285887193539768e-01
1.342059963656599963e-01 2.862917836116157799e-02 -5.637133921392849245e-02 -8.789901902845528858e-02 -5.118542886983114965e-02 2.905558524800773423e-02 1.406729136345696574e-01 2.387026312013436069e-01 2.863087348414878885e-01 2.287912513148674665e-01
2.434105743388639831e-01 1.426348001068073468e-01 1.827818520311973172e-02 -6.884596774306067646e-02 -8.594892626563285787e-02 -5.645043360890282524e-02 2.347650867181067663e-02 1.299285887193539768e-01 2.287912513148674665e-01 2.979641658088652001e-01
2.750860615979999757e-01 2.320441699057690099e-01 1.386665880424367558e-01 6.393323662559373399e-02 -2.323753922702832125e-02 -7.625223158956005720e-02 -7.064057768869540233e-02 1.407306416893304782e-02 1.346612080399823275e-01 2.286112398389926470e-01
2.320441699057690099e-01 2.929377513491148166e-01 2.104151072883160001e-01 1.483612726981838326e-01 5.137438348136114802e-02 -4.950065494755095941e-02 -9.809981070656698110e-02 -6.023297337654071743e-02 2.949353991573047673e-02 1.413512298035189685e-01
1.386665880424367558e-01 2.104151072883160001e-01 2.170928152703354985e-01 2.106062863562587206e-01 1.336032559487036475e-01 2.820004489412577045e-02 -5.777722353709496134e-02 -7.328778914246228404e-02 -4.087428360405043204e-02 5.002035446382094297e-02
6.393323662559373399e-02 1.483612726981838326e-01 2.106062863562587206e-01 3.037886610675553101e-01 2.504512794051697022e-01 1.376088972151418011e-01 1.888041775603827716e-02 -5.788697671787650101e-02 -8.328274469174129502e-02 -2.565571130451868576e-02
-2.323753922702832125e-02 5.137438348136114802e-02 1.336032559487036475e-01 2.504512794051697022e-01 3.377169970756259687e-01 2.479519443409304857e-01 1.372827688364274268e-01 1.948276700994677063e-02 -6.429595578826718949e-02 -6.993702550756733527e-02
-7.625223158956005720e-02 -4.950065494755095941e-02 2.820004489412577045e-02 1.376088972151418011e-01 2.479519443409304857e-01 3.015892858682905908e-01 2.424731647254803057e-01 1.235995713474062618e-01 2.081567268737797433e-02 -5.484071059256967473e-02
-7.064057768869540233e-02 -9.809981070656698110e-02 -5.777722353709496134e-02 1.888041775603827716e-02 1.372827688364274268e-01 2.424731647254803057e-01 3.290689519609135694e-01 2.279315511917590353e-01 1.371958288605973353e-01 1.585477494461808370e-02
1.407306416893304782e-02 -6.023297337654071743e-02 -7.328778914246228404e-02 -5.788697671787650101e-02 1.948276700994677063e-02 1.235995713474062618e-01 2.279315511917590353e-01 2.584600854074439735e-01 2.422948285322007178e-01 1.263564811782028063e-01
1.346612080399823275e-01 2.949353991573047673e-02 -4.087428360405043204e-02 -8.328274469174129502e-02 -6.429595578826718949e-02 2.081567268737797433e-02 1.371958288605973353e-01 2.422948285322007178e-01 3.826955353847433239e-01 2.567115328935974938e-01
2.286112398389926470e-01 1.413512298035189685e-01 5.002035446382094297e-02 -2.565571130451868576e-02 -6.993702550756733527e-02 -5.484071059256967473e-02 1.585477494461808370e-02 1.263564811782028063e-01 2.567115328935974938e-01 3.015638550179762234e-01
3.222647812355311503e-01 2.206099680877024460e-01 1.488263402148666814e-01 5.556747875969041822e-02 -2.871275674514366105e-02 -7.804177828595661170e-02 -8.020922053851883837e-02 -3.904677900318360290e-03 1.303315597878787202e-01 2.509317923655134397e-01
2.206099680877024460e-01 2.315842835317402926e-01 2.184156382927373574e-01 1.337298060641442243e-01 5.499581001856736207e-02 -3.066764515021818890e-02 -8.250967106982977362e-02 -6.672929811132879974e-02 1.011937286832670715e-02 1.251393776643174305e-01
1.488263402148666814e-01 2.184156382927373574e-01 3.065424296439244189e-01 2.260620410266782898e-01 1.536389948734883659e-01 4.578632652469911274e-02 -4.657802382510477235e-02 -8.486028398942307982e-02 -6.409606063437379986e-02 3.598987940453705209e-02
5.556747875969041822e-02 1.337298060641442243e-01 2.260620410266782898e-01 2.452375434820696365e-01 2.266885214182825514e-01 1.294688588640626747e-01 3.960753124608044906e-02 -4.065080135041650167e-02 -7.708768035974286614e-02 -3.517779000846824045e-02
-2.871275674514366105e-02 5.499581001856736207e-02 1.536389948734883659e-01 2.266885214182825514e-01 3.212918103469999953e-01 2.328191804771048701e-01 1.495518361983299571e-01 3.915462946679226786e-02 -5.264832176723001356e-02 -7.601076329800415810e-02
-7.804177828595661170e-02 -3.066764515021818890e-02 4.578632652469911274e-02 1.294688588640626747e-01 2.328191804771048701e-01 2.641877322635021175e-01 2.351448373103478817e-01 1.313672261336512881e-01 2.760662717633715485e-02 -5.918909828550798780e-02
-8.020922053851883837e-02 -8.250967106982977362e-02 -4.657802382510477235e-02 3.960753124608044906e-02 1.495518361983299571e-01 2.351448373103478817e-01 3.244876475234166335e-01 2.326616328159463731e-01 1.346571569871929941e-01 5.046976704808185665e-03
-3.904677900318360290e-03 -6.672929811132879974e-02 -8.486028398942307982e-02 -4.065080135041650167e-02 3.915462946679226786e-02 1.313672261336512881e-01 2.326616328159463731e-01 2.712799241954568785e-01 2.408697005382894052e-01 1.197173543014115604e-01
