2.812002584739952127e-01 2.443678803275191880e-01 1.587027924722806405e-01 3.796345268936441447e-02 -5.853877036591483701e-02 -9.180600414105816176e-02 -4.550008010592751506e-02 5.150350498566577673e-02 1.632323838873288024e-01 2.604000317427238032e-01
2.443678803275191880e-01 2.942763081516051593e-01 2.717216206081012331e-01 1.603871063438697675e-01 3.845945444081930870e-02 -6.359558052358407765e-02 -9.595736217006411994e-02 -5.177201408275758365e-02 4.042072278843968081e-02 1.561755630954118346e-01
1.587027924722806405e-01 2.717216206081012331e-01 3.278414701903538120e-01 2.617666270241398863e-01 1.589665448056408192e-01 2.535059531950549505e-02 -7.591631265653822624e-02 -1.023047041615199326e-01 -6.152229008962846468e-02 3.548833246341255576e-02
3.796345268936441447e-02 1.603871063438697675e-01 2.617666270241398863e-01 2.781789936115911521e-01 2.476246402862058160e-01 1.472964720867235844e-01 2.319659935592164809e-02 -6.505748614718286083e-02 -9.505570578910947643e-02 -6.074608684197799202e-02
-5.853877036591483701e-02 3.845945444081930870e-02 1.589665448056408192e-01 2.476246402862058160e-01 3.103289056944296131e-01 2.753636504155015374e-01 1.616645000596267923e-01 3.188956891228554580e-02 -6.295325556655320676e-02 -1.012697828714105575e-01
-9.180600414105816176e-02 -6.359558052358407765e-02 2.535059531950549505e-02 1.472964720867235844e-01 2.753636504155015374e-01 3.326931061072097573e-01 2.768205459791494016e-01 1.572097809926630008e-01 3.723872833018466999e-02 -5.694849515836863940e-02
-4.550008010592751506e-02 -9.595736217006411994e-02 -7.591631265653822624e-02 2.319659935592164809e-02 1.616645000596267923e-01 2.768205459791494016e-01 3.075271684617763013e-01 2.467641053543897234e-01 1.547504334282885086e-01 5.043687924274881107e-02
5.150350498566577673e-02 -5.177201408275758365e-02 -1.023047041615199326e-01 -6.505748614718286083e-02 3.188956891228554580e-02 1.572097809926630008e-01 2.467641053543897234e-01 2.674897369327116081e-01 2.380245286931462201e-01 1.670654910367468937e-01
1.632323838873288024e-01 4.042072278843968081e-02 -6.152229008962846468e-02 -9.505570578910947643e-02 -6.295325556655320676e-02 3.723872833018466999e-02 1.547504334282885086e-01 2.380245286931462201e-01 2.817793323765285796e-01 2.655313524504846479e-01
2.604000317427238032e-01 1.561755630954118346e-01 3.548833246341255576e-02 -6.074608684197799202e-02 -1.012697828714105575e-01 -5.694849515836863940e-02 5.043687924274881107e-02 1.670654910367468937e-01 2.655313524504846479e-01 3.186847199998002478e-01
2.681358376394749610e-01 2.385148171584804688e-01 1.536255950662386571e-01 3.173688528867159298e-02 -6.304494858719150718e-02 -9.738270101684357027e-02 -3.913018203223171676e-02 6.477302710166729649e-02 1.681260625694359079e-01 2.502854371644210874e-01
2.385148171584804688e-01 2.902553864410861717e-01 2.705441120897962293e-01 1.622411206956393404e-01 2.777651096051879723e-02 -7.282236872444602938e-02 -9.021928520042891975e-02 -3.505110845063459657e-02 5.769478966276446463e-02 1.608436928612572703e-01
1.536255950662386571e-01 2.705441120897962293e-01 3.379325656238650888e-01 2.815217057693772396e-01 1.512961468343422267e-01 1.918824102879108234e-02 -7.526628285142006325e-02 -9.549766498961050065e-02 -4.983707880688223457e-02 4.026730183498921506e-02
3.173688528867159298e-02 1.622411206956393404e-01 2.815217057693772396e-01 3.125533072923570854e-01 2.473096240010582147e-01 1.496719675815268991e-01 1.942045488703668041e-02 -7.206870466220469118e-02 -9.863572764547770544e-02 -6.426154657933083603e-02
-6.304494858719150718e-02 2.777651096051879723e-02 1.512961468343422267e-01 2.473096240010582147e-01 2.809563596183872747e-01 2.653719131952432253e-01 1.533713345549910789e-01 2.642026900466681177e-02 -6.386822742070324965e-02 -9.937241018965800587e-02
-9.738270101684357027e-02 -7.282236872444602938e-02 1.918824102879108234e-02 1.496719675815268991e-01 2.653719131952432253e-01 3.489839059228269091e-01 2.875363883604181159e-01 1.608701227987407167e-01 3.249537837321168909e-02 -6.169821090496385024e-02
-3.913018203223171676e-02 -9.021928520042891975e-02 -7.526628285142006325e-02 1.942045488703668041e-02 1.533713345549910789e-01 2.875363883604181159e-01 3.156240363317953657e-01 2.522362069292185538e-01 1.511028408530137035e-01 4.955825660863709403e-02
6.477302710166729649e-02 -3.505110845063459657e-02 -9.549766498961050065e-02 -7.206870466220469118e-02 2.642026900466681177e-02 1.608701227987407167e-01 2.522362069292185538e-01 2.760726279641524394e-01 2.377607413966696948e-01 1.688136973573455546e-01
1.681260625694359079e-01 5.769478966276446463e-02 -4.983707880688223457e-02 -9.863572764547770544e-02 -6.386822742070324965e-02 3.249537837321168909e-02 1.511028408530137035e-01 2.377607413966696948e-01 2.717485383720155689e-01 2.547228558974155010e-01
2.502854371644210874e-01 1.608436928612572703e-01 4.026730183498921506e-02 -6.426154657933083603e-02 -9.937241018965800587e-02 -6.169821090496385024e-02 4.955825660863709403e-02 1.688136973573455546e-01 2.547228558974155010e-01 2.977374347940359156e-01
3.031802980620573740e-01 2.627468035247049194e-01 1.661503772527044009e-01 5.006719513168916141e-02 -5.450556162419432915e-02 -9.578046764114683809e-02 -5.532315529797582343e-02 4.474926692103972647e-02 1.620276933718602375e-01 2.517697869658157561e-01
2.627468035247049194e-01 2.920895330733357387e-01 2.471239987395334181e-01 1.580059108137813473e-01 4.042867915404300960e-02 -6.322985048337612102e-02 -9.855504873713208380e-02 -5.250185717142079322e-02 4.726820382934957682e-02 1.623074823349511253e-01
1.661503772527044009e-01 2.471239987395334181e-01 2.744724054579242845e-01 2.452626650660635621e-01 1.578305153794763438e-01 2.775705516688063354e-02 -7.244836471567993319e-02 -9.769838862080504338e-02 -5.023358544565221379e-02 5.023324683961686438e-02
5.006719513168916141e-02 1.580059108137813473e-01 2.452626650660635621e-01 2.958008188878832323e-01 2.712592236005105240e-01 1.543873022466837330e-01 1.698954874808348073e-02 -7.681277172308213774e-02 -9.923051238072744251e-02 -4.698477990530779136e-02
-5.450556162419432915e-02 4.042867915404300960e-02 1.578305153794763438e-01 2.712592236005105240e-01 3.357983289376725300e-01 2.775341357859892888e-01 1.509562736935958494e-01 1.685036564195439152e-02 -7.338129411180764616e-02 -9.451990761081877079e-02
-9.578046764114683809e-02 -6.322985048337612102e-02 2.775705516688063354e-02 1.543873022466837330e-01 2.775341357859892888e-01 3.187479305232744919e-01 2.644371810668606493e-01 1.513377265191470089e-01 3.333382859336499193e-02 -5.662510568407574940e-02
-5.532315529797582343e-02 -9.855504873713208380e-02 -7.244836471567993319e-02 1.698954874808348073e-02 1.509562736935958494e-01 2.644371810668606493e-01 3.092616262835830576e-01 2.613992148551660399e-01 1.645939558293395555e-01 4.401250857704028241e-02
4.474926692103972647e-02 -5.250185717142079322e-02 -9.769838862080504338e-02 -7.681277172308213774e-02 1.685036564195439152e-02 1.513377265191470089e-01 2.613992148551660399e-01 2.981767956698698763e-01 2.598341291172872047e-01 1.582007831931864228e-01
1.620276933718602375e-01 4.726820382934957682e-02 -5.023358544565221379e-02 -9.923051238072744251e-02 -7.338129411180764616e-02 3.333382859336499193e-02 1.645939558293395555e-01 2.598341291172872047e-01 2.966660370156005144e-01 2.479723621037390746e-01
2.517697869658157561e-01 1.623074823349511253e-01 5.023324683961686438e-02 -4.698477990530779136e-02 -9.451990761081877079e-02 -5.662510568407574940e-02 4.401250857704028241e-02 1.582007831931864228e-01 2.479723621037390746e-01 2.758062260887992334e-01
3.106231388341795796e-01 2.739128067120758514e-01 1.603588016275246386e-01 2.803072271178255401e-02 -6.982473752309670267e-02 -1.060325186962318700e-01 -6.681490204752041362e-02 3.689921205118072700e-02 1.578768680460153062e-01 2.455642050043087277e-01
2.739128067120758514e-01 3.135013305919302495e-01 2.589948927508026744e-01 1.529402789598903467e-01 2.953844692175129627e-02 -6.009966816861921773e-02 -9.294289431723043449e-02 -5.647001520648042838e-02 4.638459244401388348e-02 1.613633195039827217e-01
1.603588016275246386e-01 2.589948927508026744e-01 2.970817952137387863e-01 2.620891821268868105e-01 1.583378588486784311e-01 4.904514959681107594e-02 -4.490005469870210486e-02 -9.169091545782835639e-02 -5.387490590020589665e-02 3.998201047388591500e-02
2.803072271178255401e-02 1.529402789598903467e-01 2.620891821268868105e-01 3.147426375385432573e-01 2.618721952808866771e-01 1.701668375432563440e-01 5.090777190928133522e-02 -5.846993985164855578e-02 -9.983021153572112227e-02 -6.207483552116462022e-02
-6.982473752309670267e-02 2.953844692175129627e-02 1.583378588486784311e-01 2.618721952808866771e-01 2.812949904554370439e-01 2.443021080141377088e-01 1.529199660993501020e-01 3.489829657306661725e-02 -6.495423295719160439e-02 -9.740813994981292745e-02
-1.060325186962318700e-01 -6.009966816861921773e-02 4.904514959681107594e-02 1.701668375432563440e-01 2.443021080141377088e-01 2.779480101755665844e-01 2.445152226380788163e-01 1.571749493534349840e-01 2.771384383139027102e-02 -6.720342975216944681e-02
-6.681490204752041362e-02 -9.294289431723043449e-02 -4.490005469870210486e-02 5.090777190928133522e-02 1.529199660993501020e-01 2.445152226380788163e-01 2.944898585296810145e-01 2.761396316762768088e-01 1.581991123158903445e-01 2.676303379017154482e-02
3.689921205118072700e-02 -5.647001520648042838e-02 -9.169091545782835639e-02 -5.846993985164855578e-02 3.489829657306661725e-02 1.571749493534349840e-01 2.761396316762768088e-01 3.503753881707338813e-01 2.823402733272726284e-01 1.537541093660876879e-01
1.578768680460153062e-01 4.638459244401388348e-02 -5.387490590020589665e-02 -9.983021153572112227e-02 -6.495423295719160439e-02 2.771384383139027102e-02 1.581991123158903445e-01 2.823402733272726284e-01 3.030787080698679747e-01 2.373963199068621355e-01
2.455642050043087277e-01 1.613633195039827217e-01 3.998201047388591500e-02 -6.207483552116462022e-02 -9.740813994981292745e-02 -6.720342975216944681e-02 2.676303379017154482e-02 1.537541093660876879e-01 2.373963199068621355e-01 2.568641424203255141e-01
2.833184777736603710e-01 2.482596394093871950e-01 1.527007239193530486e-01 3.685448162523576737e-02 -5.872858319226086088e-02 -9.959232156994612950e-02 -5.897634590886497580e-02 4.562834558145024977e-02 1.605463784234549274e-01 2.592839946905090009e-01
2.482596394093871950e-01 2.878300190860889618e-01 2.512406903389682311e-01 1.632863989740995225e-01 3.641807546502692783e-02 -6.245793577115968387e-02 -9.589398515661989864e-02 -4.936927208634839942e-02 5.372290048910430965e-02 1.694963639591238747e-01
1.527007239193530486e-01 2.512406903389682311e-01 2.977962156181527265e-01 2.733132987645785494e-01 1.572522595742468776e-01 3.554205857237210942e-02 -6.249297576482631955e-02 -9.442779997929193203e-02 -4.549849865242201752e-02 4.649081137234436362e-02
3.685448162523576737e-02 1.632863989740995225e-01 2.733132987645785494e-01 3.306518634216162322e-01 2.616550012846775575e-01 1.592968648883242300e-01 3.043160344476362675e-02 -7.087392874039341595e-02 -9.717775519297139342e-02 -6.085214289704206359e-02
-5.872858319226086088e-02 3.641807546502692783e-02 1.572522595742468776e-01 2.616550012846775575e-01 2.772477945401120580e-01 2.460007853909580988e-01 1.498547332857361192e-01 2.855574528340109816e-02 -6.373024291707432565e-02 -9.976952839632902137e-02
-9.959232156994612950e-02 -6.245793577115968387e-02 3.554205857237210942e-02 1.592968648883242300e-01 2.460007853909580988e-01 3.032462840983208285e-01 2.695922189100843913e-01 1.631147808720470327e-01 2.761829902673458570e-02 -7.073314827734838994e-02
-5.897634590886497580e-02 -9.589398515661989864e-02 -6.249297576482631955e-02 3.043160344476362675e-02 1.498547332857361192e-01 2.695922189100843913e-01 3.241383554433799885e-01 2.780440460127127644e-01 1.512899195252779827e-01 3.102067783510661231e-02
4.562834558145024977e-02 -4.936927208634839942e-02 -9.442779997929193203e-02 -7.087392874039341595e-02 2.855574528340109816e-02 1.631147808720470327e-01 2.780440460127127644e-01 3.206737416366357563e-01 2.519468893157278400e-01 1.602911198705926910e-01
1.605463784234549274e-01 5.372290048910430965e-02 -4.549849865242201752e-02 -9.717775519297139342e-02 -6.373024291707432565e-02 2.761829902673458570e-02 1.512899195252779827e-01 2.519468893157278400e-01 2.723616759304142154e-01 2.495191926858125187e-01
2.592839946905090009e-01 1.694963639591238747e-01 4.649081137234436362e-02 -6.085214289704206359e-02 -9.976952839632902137e-02 -7.073314827734838994e-02 3.102067783510661231e-02 1.602911198705926910e-01 2.495191926858125187e-01 3.027355724516173074e-01
2.717228641430158298e-01 2.596537449048648138e-01 1.587813472689207361e-01 4.097026849060407538e-02 -5.364482725877137842e-02 -9.754761376502013581e-02 -5.308191434316544832e-02 4.450602122643611269e-02 1.565812389452482523e-01 2.393835670482963307e-01
2.596537449048648138e-01 3.329475704610609377e-01 2.777186930335968640e-01 1.673472057123303602e-01 4.020633252069615027e-02 -6.245116760163445246e-02 -9.488640879867003830e-02 -5.815145128463030527e-02 3.807493830004891194e-02 1.565720933140396509e-01
1.587813472689207361e-01 2.777186930335968640e-01 3.004215220554731225e-01 2.486170753161073277e-01 1.491824743412619170e-01 4.080270550947955044e-02 -5.428851481702898218e-02 -9.549743665633567136e-02 -6.158268570967991018e-02 3.533389218603108506e-02
4.097026849060407538e-02 1.673472057123303602e-01 2.486170753161073277e-01 2.763024593799685014e-01 2.383733033164077419e-01 1.649080280897946005e-01 4.037733742799509695e-02 -6.269804051455221683e-02 -1.014677306109872668e-01 -6.014108724726330291e-02
-5.364482725877137842e-02 4.020633252069615027e-02 1.491824743412619170e-01 2.383733033164077419e-01 2.801066166020710901e-01 2.708581725765001336e-01 1.580465568511365548e-01 2.947170279823894956e-02 -6.856568623538764062e-02 -9.738372510500284407e-02
-9.754761376502013581e-02 -6.245116760163445246e-02 4.080270550947955044e-02 1.649080280897946005e-01 2.708581725765001336e-01 3.417296999352634757e-01 2.721068642107810631e-01 1.552400019168964085e-01 2.501520740435594567e-02 -6.887676781243798341e-02
-5.308191434316544832e-02 -9.488640879867003830e-02 -5.428851481702898218e-02 4.037733742799509695e-02 1.580465568511365548e-01 2.721068642107810631e-01 2.912656101804114162e-01 2.485426742144055956e-01 1.518132309239371147e-01 3.740809688566072710e-02
4.450602122643611269e-02 -5.815145128463030527e-02 -9.549743665633567136e-02 -6.269804051455221683e-02 2.947170279823894956e-02 1.552400019168964085e-01 2.485426742144055956e-01 3.001724675646064711e-01 2.675769256091244941e-01 1.678570987559699912e-01
1.565812389452482523e-01 3.807493830004891194e-02 -6.158268570967991018e-02 -1.014677306109872668e-01 -6.856568623538764062e-02 2.501520740435594567e-02 1.518132309239371147e-01 2.675769256091244941e-01 3.150388327579807246e-01 2.654701735918956196e-01
2.393835670482963307e-01 1.565720933140396509e-01 3.533389218603108506e-02 -6.014108724726330291e-02 -9.738372510500284407e-02 -6.887676781243798341e-02 3.740809688566072710e-02 1.678570987559699912e-01 2.654701735918956196e-01 2.902923569201520948e-01
3.019801637509586523e-01 2.617525679325251042e-01 1.643270008987865460e-01 4.210595473315148496e-02 -6.036730540856741906e-02 -9.793266396371036464e-02 -5.446874024294577621e-02 4.275713822075068171e-02 1.620246873381871455e-01 2.529636766591952246e-01
2.617525679325251042e-01 3.005940231299800702e-01 2.598944043194830744e-01 1.583182124223785348e-01 3.411978535558733705e-02 -6.686115389574212586e-02 -9.778789170416690713e-02 -5.726869667691636412e-02 3.757326586189422418e-02 1.554528055891620242e-01
1.643270008987865460e-01 2.598944043194830744e-01 2.970311281558701832e-01 2.539107284676889176e-01 1.551185218666007448e-01 2.814698264293238883e-02 -6.782193711405393177e-02 -9.920279027315073717e-02 -6.209321046997112736e-02 3.920040195724303067e-02
4.210595473315148496e-02 1.583182124223785348e-01 2.539107284676889176e-01 2.946652736479390411e-01 2.621985593347313515e-01 1.568246725755824689e-01 2.874585584291396503e-02 -6.544733558703973164e-02 -1.000642417756334723e-01 -5.557326593274627274e-02
-6.036730540856741906e-02 3.411978535558733705e-02 1.551185218666007448e-01 2.621985593347313515e-01 3.197992269941755117e-01 2.752861157837096506e-01 1.582960393138532207e-01 3.280514383828950220e-02 -6.228449757417413996e-02 -9.387407927943731967e-02
-9.793266396371036464e-02 -6.686115389574212586e-02 2.814698264293238883e-02 1.568246725755824689e-01 2.752861157837096506e-01 3.189069098824217630e-01 2.603484256242226680e-01 1.557246265947935804e-01 4.221804253141551305e-02 -5.329042010378592931e-02
-5.446874024294577621e-02 -9.778789170416690713e-02 -6.782193711405393177e-02 2.874585584291396503e-02 1.582960393138532207e-01 2.603484256242226680e-01 2.870367097275670076e-01 2.455130480814967653e-01 1.629394366373433378e-01 4.577794004062973876e-02
4.275713822075068171e-02 -5.726869667691636412e-02 -9.920279027315073717e-02 -6.544733558703973164e-02 3.280514383828950220e-02 1.557246265947935804e-01 2.455130480814967653e-01 2.830762987670143449e-01 2.597382324931383213e-01 1.606827261656357531e-01
1.620246873381871455e-01 3.757326586189422418e-02 -6.209321046997112736e-02 -1.000642417756334723e-01 -6.228449757417413996e-02 4.221804253141551305e-02 1.629394366373433378e-01 2.597382324931383213e-01 3.101864479390026297e-01 2.595650908277626900e-01
2.529636766591952246e-01 1.554528055891620242e-01 3.920040195724303067e-02 -5.557326593274627274e-02 -9.387407927943731967e-02 -5.329042010378592931e-02 4.577794004062973876e-02 1.606827261656357531e-01 2.595650908277626900e-01 2.867238180050716290e-01
2.994533535513519418e-01 2.497788721367130149e-01 1.593555486490423334e-01 4.038583263978201554e-02 -5.587104638341866547e-02 -9.414138051406721608e-02 -6.694735138211244108e-02 2.438260874264766911e-02 1.521461910093558356e-01 2.741651688396296027e-01
2.497788721367130149e-01 2.869987492860338607e-01 2.599535733211050248e-01 1.582233758012284164e-01 4.708583807479627126e-02 -5.040489370439926037e-02 -9.758937207639768741e-02 -7.295501336780388368e-02 2.440002896273964911e-02 1.567158243098830950e-01
1.593555486490423334e-01 2.599535733211050248e-01 3.094992273976233665e-01 2.555256399141593304e-01 1.675320984346097275e-01 4.444664434860441660e-02 -5.823650098846917811e-02 -1.040195929247780260e-01 -6.717180981916286153e-02 3.463665567699635017e-02
4.038583263978201554e-02 1.582233758012284164e-01 2.555256399141593304e-01 2.772096564048938117e-01 2.520959117862924259e-01 1.549553074056772006e-01 4.211824376327859276e-02 -5.240266127081955050e-02 -9.022566607357743185e-02 -5.980945098242269192e-02
-5.587104638341866547e-02 4.708583807479627126e-02 1.675320984346097275e-01 2.520959117862924259e-01 3.044593578275607282e-01 2.579694267667259622e-01 1.646464536506151433e-01 4.758185407999520472e-02 -5.496066939099275572e-02 -1.021477072430569955e-01
-9.414138051406721608e-02 -5.040489370439926037e-02 4.444664434860441660e-02 1.549553074056772006e-01 2.579694267667259622e-01 2.874262618111812495e-01 2.529221766283771267e-01 1.623167273443435754e-01 3.814456862931331349e-02 -6.512010149956440341e-02
-6.694735138211244108e-02 -9.758937207639768741e-02 -5.823650098846917811e-02 4.211824376327859276e-02 1.646464536506151433e-01 2.529221766283771267e-01 2.945536487814466864e-01 2.603957653941844086e-01 1.541630807135746517e-01 3.042366345126740201e-02
2.438260874264766911e-02 -7.295501336780388368e-02 -1.040195929247780260e-01 -5.240266127081955050e-02 4.758185407999520472e-02 1.623167273443435754e-01 2.603957653941844086e-01 3.044561286504817721e-01 2.558001225712041027e-01 1.585138562854597200e-01
1.521461910093558356e-01 2.440002896273964911e-02 -6.717180981916286153e-02 -9.022566607357743185e-02 -5.496066939099275572e-02 3.814456862931331349e-02 1.541630807135746517e-01 2.558001225712041027e-01 2.959179823065947179e-01 2.710167601694247752e-01
2.741651688396296027e-01 1.567158243098830950e-01 3.463665567699635017e-02 -5.980945098242269192e-02 -1.021477072430569955e-01 -6.512010149956440341e-02 3.042366345126740201e-02 1.585138562854597200e-01 2.710167601694247752e-01 3.400256339828387486e-01
3.028862776698222348e-01 2.551110447824902483e-01 1.559082233870010548e-01 3.261476170971629174e-02 -6.328379358579727665e-02 -9.907313235271406060e-02 -5.333693723565156863e-02 4.933411870762446916e-02 1.658691149538105980e-01 2.624520403903948806e-01
2.551110447824902483e-01 2.907462487441140331e-01 2.581847211154659205e-01 1.592678402961471007e-01 3.382012975299854979e-02 -6.390052228828846381e-02 -9.459938919398880319e-02 -4.945122730016100754e-02 4.583315393735332144e-02 1.596608133083343151e-01
1.559082233870010548e-01 2.581847211154659205e-01 3.126029429780053381e-01 2.722024270443529348e-01 1.580131016764939611e-01 3.226048758019871288e-02 -6.653451803963239541e-02 -9.750776310292644244e-02 -5.804673838828117161e-02 3.560337366932905812e-02
3.261476170971629174e-02 1.592678402961471007e-01 2.722024270443529348e-01 3.142157042830010516e-01 2.565382783935934996e-01 1.556748163376562855e-01 2.941904340521363931e-02 -6.688922178809576791e-02 -1.002913995378897638e-01 -6.472559040334142921e-02
-6.328379358579727665e-02 3.382012975299854979e-02 1.580131016764939611e-01 2.565382783935934996e-01 2.857904240700928078e-01 2.553490456383225027e-01 1.552857318170883238e-01 3.319622920459730508e-02 -6.004059980400138635e-02 -9.689791724863058842e-02
-9.907313235271406060e-02 -6.390052228828846381e-02 3.226048758019871288e-02 1.556748163376562855e-01 2.553490456383225027e-01 3.141384787233853504e-01 2.728111294844000057e-01 1.624610067968485505e-01 3.862967799894952148e-02 -5.863604799176350135e-02
-5.333693723565156863e-02 -9.459938919398880319e-02 -6.653451803963239541e-02 2.941904340521363931e-02 1.552857318170883238e-01 2.728111294844000057e-01 3.151052417097209846e-01 2.611348731122982159e-01 1.578884887147055660e-01 4.270743103924207196e-02
4.933411870762446916e-02 -4.945122730016100754e-02 -9.750776310292644244e-02 -6.688922178809576791e-02 3.319622920459730508e-02 1.624610067968485505e-01 2.611348731122982159e-01 2.885593238989144771e-01 2.456980329230682991e-01 1.594430015038021398e-01
1.658691149538105980e-01 4.583315393735332144e-02 -5.804673838828117161e-02 -1.002913995378897638e-01 -6.004059980400138635e-02 3.862967799894952148e-02 1.578884887147055660e-01 2.456980329230682991e-01 2.801447759060308185e-01 2.517000089512055894e-01
2.624520403903948806e-01 1.596608133083343151e-01 3.560337366932905812e-02 -6.472559040334142921e-02 -9.689791724863058842e-02 -5.863604799176350135e-02 4.270743103924207196e-02 1.594430015038021398e-01 2.517000089512055894e-01 2.958105820169134592e-01
3.022482433405902502e-01 2.628942667918195975e-01 1.635058862768710153e-01 4.708417803458319478e-02 -5.395988820159269145e-02 -9.203667815829477683e-02 -5.761495913723637535e-02 4.307747905106125430e-02 1.644733656833165802e-01 2.529999117638042638e-01
2.628942667918195975e-01 2.969643079449396650e-01 2.501209727130173643e-01 1.588261315816884289e-01 4.403092983753152667e-02 -5.941451562448823304e-02 -1.021726455755831986e-01 -5.236041376912819317e-02 4.632034662106997158e-02 1.611084418370687388e-01
1.635058862768710153e-01 2.501209727130173643e-01 2.772380781102427583e-01 2.453606770720703212e-01 1.611772453546894135e-01 3.046134049065091914e-02 -7.275176755806231355e-02 -9.451396309651804994e-02 -5.343850338907309844e-02 4.554793461521441239e-02
4.708417803458319478e-02 1.588261315816884289e-01 2.453606770720703212e-01 2.915045437116597915e-01 2.692516214529300789e-01 1.516259709729575467e-01 2.040235952196359920e-02 -7.146134672563937695e-02 -1.014587130342473470e-01 -5.134845019837680491e-02
-5.395988820159269145e-02 4.403092983753152667e-02 1.611772453546894135e-01 2.692516214529300789e-01 3.323947892543034910e-01 2.700798639014054814e-01 1.566016766275000749e-01 1.876048209568659947e-02 -7.583964164524685525e-02 -9.687872017806040126e-02
-9.203667815829477683e-02 -5.941451562448823304e-02 3.046134049065091914e-02 1.516259709729575467e-01 2.700798639014054814e-01 3.060477251682558464e-01 2.697145191590198388e-01 1.475140601967290244e-01 3.252185757039247060e-02 -5.520375613019622152e-02
-5.761495913723637535e-02 -1.021726455755831986e-01 -7.275176755806231355e-02 2.040235952196359920e-02 1.566016766275000749e-01 2.697145191590198388e-01 3.307572248787331581e-01 2.620968164125795918e-01 1.678830492968343413e-01 4.434989369809946153e-02
4.307747905106125430e-02 -5.236041376912819317e-02 -9.451396309651804994e-02 -7.146134672563937695e-02 1.876048209568659947e-02 1.475140601967290244e-01 2.620968164125795918e-01 2.798168564553210613e-01 2.522884184402908181e-01 1.543507969152805859e-01
1.644733656833165802e-01 4.632034662106997158e-02 -5.343850338907309844e-02 -1.014587130342473470e-01 -7.583964164524685525e-02 3.252185757039247060e-02 1.678830492968343413e-01 2.522884184402908181e-01 3.020654967781347122e-01 2.537375595611905954e-01
2.529999117638042638e-01 1.611084418370687388e-01 4.554793461521441239e-02 -5.134845019837680491e-02 -9.687872017806040126e-02 -5.520375613019622152e-02 4.434989369809946153e-02 1.543507969152805859e-01 2.537375595611905954e-01 2.809627343578180447e-01
2.933905147295973181e-01 2.472316509943989216e-01 1.468895292126576602e-01 2.486176671176423131e-02 -6.268183297016204081e-02 -9.179535677556344142e-02 -4.468178321241159101e-02 5.022930493886787473e-02 1.660439548688810718e-01 2.733171221397606709e-01
2.472316509943989216e-01 3.028418490045223788e-01 2.756157284495924786e-01 1.630905249366043641e-01 3.214353544668303864e-02 -6.812425498610291674e-02 -9.716703554132231913e-02 -5.268384396571236528e-02 3.449247408736265397e-02 1.525492548774595725e-01
1.468895292126576602e-01 2.756157284495924786e-01 3.396023452577818791e-01 2.774944652820799940e-01 1.536940281444151846e-01 2.451466572034393526e-02 -7.087702237674589623e-02 -9.775560215887237059e-02 -7.141763013953705830e-02 1.616199351505784310e-02
2.486176671176423131e-02 1.630905249366043641e-01 2.774944652820799940e-01 3.002753373431840123e-01 2.423907757210165548e-01 1.493902426868014000e-01 3.317145354767889187e-02 -5.485697717790175010e-02 -9.812605947864819211e-02 -7.743440243156127223e-02
-6.268183297016204081e-02 3.214353544668303864e-02 1.536940281444151846e-01 2.423907757210165548e-01 2.781555035900336037e-01 2.600832536774161374e-01 1.656659886181217900e-01 4.690211659199168548e-02 -4.705934743069482840e-02 -9.615580623207926891e-02
-9.179535677556344142e-02 -6.812425498610291674e-02 2.451466572034393526e-02 1.493902426868014000e-01 2.600832536774161374e-01 3.295851200365601530e-01 2.823774402299348285e-01 1.649705782295500800e-01 5.159641281033668786e-02 -4.718964754483090385e-02
-4.468178321241159101e-02 -9.716703554132231913e-02 -7.087702237674589623e-02 3.317145354767889187e-02 1.656659886181217900e-01 2.823774402299348285e-01 3.059084466592472129e-01 2.359732357734749264e-01 1.537256042010201607e-01 5.456634203523753890e-02
5.022930493886787473e-02 -5.268384396571236528e-02 -9.775560215887237059e-02 -5.485697717790175010e-02 4.690211659199168548e-02 1.649705782295500800e-01 2.359732357734749264e-01 2.396174409324595966e-01 2.205031024951912000e-01 1.623918748960809233e-01
1.660439548688810718e-01 3.449247408736265397e-02 -7.141763013953705830e-02 -9.812605947864819211e-02 -4.705934743069482840e-02 5.159641281033668786e-02 1.537256042010201607e-01 2.205031024951912000e-01 2.727505306454141021e-01 2.701472039561814142e-01
2.733171221397606709e-01 1.525492548774595725e-01 1.616199351505784310e-02 -7.743440243156127223e-02 -9.615580623207926891e-02 -4.718964754483090385e-02 5.456634203523753890e-02 1.623918748960809233e-01 2.701472039561814142e-01 3.378729118011963295e-01
3.085393064729332613e-01 2.575610393208130899e-01 1.627239633243463546e-01 3.850754708389608760e-02 -6.221869598499651932e-02 -1.005550092919396260e-01 -5.823532854312626905e-02 3.892824170054875327e-02 1.551480853847330144e-01 2.660991879506500180e-01
2.575610393208130899e-01 2.860424707200044381e-01 2.545015032063915328e-01 1.544572880987132302e-01 3.817686319014895746e-02 -5.705781509008940600e-02 -9.121006638799017407e-02 -6.182177669996478248e-02 3.774069041672227509e-02 1.618270334750601669e-01
1.627239633243463546e-01 2.545015032063915328e-01 3.035159524713115786e-01 2.582032462851611143e-01 1.630173981353924550e-01 4.113267406021428596e-02 -6.005854965815506791e-02 -1.055798206983951937e-01 -5.696815514652464607e-02 4.309594833792167873e-02
3.850754708389608760e-02 1.544572880987132302e-01 2.582032462851611143e-01 2.928104788358346089e-01 2.591264877092582797e-01 1.606242216897744712e-01 3.313978723344213756e-02 -6.676532245012556377e-02 -9.204152841257834394e-02 -5.642534512821163750e-02
-6.221869598499651932e-02 3.817686319014895746e-02 1.630173981353924550e-01 2.591264877092582797e-01 3.062049782242031726e-01 2.648346574216731142e-01 1.526365611689567414e-01 3.429369009678333302e-02 -5.987169517372011029e-02 -9.999049444593829938e-02
-1.005550092919396260e-01 -5.705781509008940600e-02 4.113267406021428596e-02 1.606242216897744712e-01 2.648346574216731142e-01 3.053407650364093895e-01 2.519457147239347883e-01 1.637856822223428821e-01 3.427278558767504757e-02 -6.573571813994943946e-02
-5.823532854312626905e-02 -9.121006638799017407e-02 -6.005854965815506791e-02 3.313978723344213756e-02 1.526365611689567414e-01 2.519457147239347883e-01 2.857855969450213696e-01 2.676666388095526594e-01 1.528185815764941946e-01 3.536519280428500334e-02
3.892824170054875327e-02 -6.182177669996478248e-02 -1.055798206983951937e-01 -6.676532245012556377e-02 3.429369009678333302e-02 1.637856822223428821e-01 2.676666388095526594e-01 3.339050520335665184e-01 2.631833820389264389e-01 1.633156946673713084e-01
1.551480853847330144e-01 3.774069041672227509e-02 -5.696815514652464607e-02 -9.204152841257834394e-02 -5.987169517372011029e-02 3.427278558767504757e-02 1.528185815764941946e-01 2.631833820389264389e-01 2.766068207462647477e-01 2.468894346155618980e-01
2.660991879506500180e-01 1.618270334750601669e-01 4.309594833792167873e-02 -5.642534512821163750e-02 -9.999049444593829938e-02 -6.573571813994943946e-02 3.536519280428500334e-02 1.633156946673713084e-01 2.468894346155618980e-01 3.012485785144554673e-01
2.961832809640123632e-01 2.539106709632962255e-01 1.570779120606659307e-01 3.235427748198989317e-02 -6.559152385686903286e-02 -9.792418670463740038e-02 -6.322123962293263455e-02 3.720830176656443611e-02 1.569087644842224183e-01 2.633564680029440996e-01
2.539106709632962255e-01 2.891219422597808286e-01 2.548776586122063481e-01 1.549765051744392275e-01 3.529249689299583659e-02 -5.766142072680149194e-02 -9.643518400796487200e-02 -5.817209742828335917e-02 4.540378894826904710e-02 1.667968151903809759e-01
1.570779120606659307e-01 2.548776586122063481e-01 3.060125997582585633e-01 2.666319321717228741e-01 1.646416153742689126e-01 4.007147899637921590e-02 -5.957596232728183672e-02 -9.798464546413104825e-02 -5.085421565791596599e-02 4.446453193694513417e-02
3.235427748198989317e-02 1.549765051744392275e-01 2.666319321717228741e-01 3.109890001241569779e-01 2.660143703027263440e-01 1.572912010031782271e-01 3.832527854124351957e-02 -6.093365885045443076e-02 -9.234245695799997433e-02 -6.124080326947410613e-02
-6.559152385686903286e-02 3.529249689299583659e-02 1.646416153742689126e-01 2.660143703027263440e-01 2.996236262848788190e-01 2.465680071042946064e-01 1.562556109083887423e-01 3.758187025405501647e-02 -6.125720764062993207e-02 -1.040963302751257702e-01
-9.792418670463740038e-02 -5.766142072680149194e-02 4.007147899637921590e-02 1.572912010031782271e-01 2.465680071042946064e-01 2.741763818334703728e-01 2.507686007955519658e-01 1.609991986755280047e-01 3.186699221245166413e-02 -6.670476375790770907e-02
-6.322123962293263455e-02 -9.643518400796487200e-02 -5.957596232728183672e-02 3.832527854124351957e-02 1.562556109083887423e-01 2.507686007955519658e-01 3.115531356294548582e-01 2.801347281874377870e-01 1.556956752525676668e-01 3.061580955745853150e-02
3.720830176656443611e-02 -5.817209742828335917e-02 -9.798464546413104825e-02 -6.093365885045443076e-02 3.758187025405501647e-02 1.609991986755280047e-01 2.801347281874377870e-01 3.319619516006445115e-01 2.594161550351811174e-01 1.580026732411740631e-01
1.569087644842224183e-01 4.540378894826904710e-02 -5.085421565791596599e-02 -9.234245695799997433e-02 -6.125720764062993207e-02 3.186699221245166413e-02 1.556956752525676668e-01 2.594161550351811174e-01 2.773742471339715188e-01 2.485101433039966778e-01
2.633564680029440996e-01 1.667968151903809759e-01 4.446453193694513417e-02 -6.124080326947410613e-02 -1.040963302751257702e-01 -6.670476375790770907e-02 3.061580955745853150e-02 1.580026732411740631e-01 2.485101433039966778e-01 3.030038344113794024e-01
3.058248353141433395e-01 2.548136747343235919e-01 1.641441042889676405e-01 4.866892164955086836e-02 -5.181476723144949614e-02 -9.728915379696675969e-02 -6.484478848530264572e-02 3.673221441147410393e-02 1.655583840081166769e-01 2.599825734759481088e-01
2.548136747343235919e-01 2.819270402971051359e-01 2.510733705801129201e-01 1.610195529759134159e-01 4.577488156160759714e-02 -5.634545375245243043e-02 -9.880074791861395700e-02 -5.723537491910240388e-02 3.842304553562058550e-02 1.548675791475747909e-01
1.641441042889676405e-01 2.510733705801129201e-01 2.938641271231038354e-01 2.559602842088848362e-01 1.618948967228520941e-01 3.642525312422074946e-02 -6.626108667173455369e-02 -9.742241290312708690e-02 -6.141579760289869044e-02 4.109822707251020724e-02
4.866892164955086836e-02 1.610195529759134159e-01 2.559602842088848362e-01 2.920189237008943284e-01 2.564769120053879137e-01 1.548164179115215922e-01 2.992725479289222446e-02 -6.542551415498504275e-02 -1.013797596583977112e-01 -5.245040929208295843e-02
-5.181476723144949614e-02 4.577488156160759714e-02 1.618948967228520941e-01 2.564769120053879137e-01 3.033155808975463996e-01 2.637541736187536401e-01 1.596881987791368696e-01 2.882155085633992392e-02 -6.839429107080245707e-02 -9.391426938308984618e-02
-9.728915379696675969e-02 -5.634545375245243043e-02 3.642525312422074946e-02 1.548164179115215922e-01 2.637541736187536401e-01 3.129225548537523660e-01 2.719492772008824666e-01 1.534281992456710542e-01 3.289577851468956232e-02 -6.132267756160138250e-02
-6.484478848530264572e-02 -9.880074791861395700e-02 -6.626108667173455369e-02 2.992725479289222446e-02 1.596881987791368696e-01 2.719492772008824666e-01 3.179810756679696260e-01 2.559254754787112507e-01 1.612204163187667127e-01 3.487690449994162306e-02
3.673221441147410393e-02 -5.723537491910240388e-02 -9.742241290312708690e-02 -6.542551415498504275e-02 2.882155085633992392e-02 1.534281992456710542e-01 2.559254754787112507e-01 2.810118730423271649e-01 2.560955213535844877e-01 1.534515305335124313e-01
1.655583840081166769e-01 3.842304553562058550e-02 -6.141579760289869044e-02 -1.013797596583977112e-01 -6.839429107080245707e-02 3.289577851468956232e-02 1.612204163187667127e-01 2.560955213535844877e-01 3.153017000458211982e-01 2.647361972887750659e-01
2.599825734759481088e-01 1.548675791475747909e-01 4.109822707251020724e-02 -5.245040929208295843e-02 -9.391426938308984618e-02 -6.132267756160138250e-02 3.487690449994162306e-02 1.534515305335124313e-01 2.647361972887750659e-01 2.958322890573416020e-01
3.001800479933881549e-01 2.720610033477564582e-01 1.579833792694284589e-01 2.633823932762463516e-02 -7.043905742579384399e-02 -9.863706132704287699e-02 -5.402357550598659020e-02 4.500103515772334306e-02 1.570591131584433420e-01 2.469907933272100231e-01
2.720610033477564582e-01 3.259909055934494537e-01 2.674855868954340021e-01 1.537220404298044463e-01 2.755617221736296474e-02 -6.497169819152556758e-02 -9.569571377918936750e-02 -5.585384100320622131e-02 4.279427092944776412e-02 1.612484798074889925e-01
1.579833792694284589e-01 2.674855868954340021e-01 3.006325018007055538e-01 2.568443448444887034e-01 1.563995806818221368e-01 3.892351464066022559e-02 -5.590009960077868545e-02 -9.523531567544687992e-02 -5.801850991781812295e-02 3.537277067842536926e-02
2.633823932762463516e-02 1.537220404298044463e-01 2.568443448444887034e-01 3.035100723257353472e-01 2.637255129487380279e-01 1.637186700213567880e-01 4.141052225662196495e-02 -6.075806211513737343e-02 -9.922116118571622234e-02 -6.581709178241565428e-02
-7.043905742579384399e-02 2.755617221736296474e-02 1.563995806818221368e-01 2.637255129487380279e-01 3.031241931634646725e-01 2.580347775370345209e-01 1.570429684230145728e-01 3.554320618910686985e-02 -6.227551223241117873e-02 -9.992075129554645052e-02
-9.863706132704287699e-02 -6.497169819152556758e-02 3.892351464066022559e-02 1.637186700213567880e-01 2.580347775370345209e-01 2.909288822454662582e-01 2.508699735379245621e-01 1.575988721240323964e-01 3.716791170806992006e-02 -5.736056127230293455e-02
-5.402357550598659020e-02 -9.569571377918936750e-02 -5.590009960077868545e-02 4.141052225662196495e-02 1.570429684230145728e-01 2.508699735379245621e-01 2.946928275284447230e-01 2.649007902894555677e-01 1.623518407411219666e-01 4.281490579718934264e-02
4.500103515772334306e-02 -5.585384100320622131e-02 -9.523531567544687992e-02 -6.075806211513737343e-02 3.554320618910686985e-02 1.575988721240323964e-01 2.649007902894555677e-01 3.172367753063110585e-01 2.662909625156574256e-01 1.617382060657591158e-01
1.570591131584433420e-01 4.279427092944776412e-02 -5.801850991781812295e-02 -9.922116118571622234e-02 -6.227551223241117873e-02 3.716791170806992006e-02 1.623518407411219666e-01 2.662909625156574256e-01 2.917735404311581071e-01 2.437184951137472966e-01
2.469907933272100231e-01 1.612484798074889925e-01 3.537277067842536926e-02 -6.581709178241565428e-02 -9.992075129554645052e-02 -5.736056127230293455e-02 4.281490579718934264e-02 1.617382060657591158e-01 2.437184951137472966e-01 2.719302536118745062e-01
3.000438543818240156e-01 2.623389828856790840e-01 1.565558303239145410e-01 3.619389997392459535e-02 -5.927974304816403112e-02 -9.388266306639034275e-02 -6.807310460842767863e-02 2.641196001137084692e-02 1.539839147647847073e-01 2.627383375577178604e-01
2.623389828856790840e-01 3.083267980766934979e-01 2.588377558063184036e-01 1.593768716994660994e-01 4.247214651750828851e-02 -5.447146584896868371e-02 -1.021183380887779046e-01 -6.948949540042398398e-02 3.061997939173819946e-02 1.605364879694918256e-01
1.565558303239145410e-01 2.588377558063184036e-01 2.909233439587594061e-01 2.531270399926442427e-01 1.631373405486301054e-01 4.359328468381855337e-02 -5.460772339067134634e-02 -9.541263067682835552e-02 -6.296474433010595950e-02 3.473832679682160862e-02
3.619389997392459535e-02 1.593768716994660994e-01 2.531270399926442427e-01 2.949651143051336133e-01 2.622296473028308261e-01 1.589851724862952342e-01 4.664852893661471100e-02 -5.201496600093144518e-02 -9.616388015312551940e-02 -6.328362110938572094e-02
-5.927974304816403112e-02 4.247214651750828851e-02 1.631373405486301054e-01 2.622296473028308261e-01 3.039095640783399666e-01 2.505197619118393892e-01 1.643754798663535355e-01 4.379135092854386652e-02 -5.964208600926738935e-02 -1.012789412727080340e-01
-9.388266306639034275e-02 -5.447146584896868371e-02 4.359328468381855337e-02 1.589851724862952342e-01 2.505197619118393892e-01 2.730194164974302229e-01 2.501030316956168176e-01 1.564995404875103580e-01 3.714557309073840408e-02 -6.127819716678130357e-02
-6.807310460842767863e-02 -1.021183380887779046e-01 -5.460772339067134634e-02 4.664852893661471100e-02 1.643754798663535355e-01 2.501030316956168176e-01 3.051004525418229973e-01 2.642729122721019230e-01 1.612007288028855512e-01 3.236822170346669719e-02
2.641196001137084692e-02 -6.948949540042398398e-02 -9.541263067682835552e-02 -5.201496600093144518e-02 4.379135092854386652e-02 1.564995404875103580e-01 2.642729122721019230e-01 3.032834449225583762e-01 2.616036939262255112e-01 1.556406345586580642e-01
