1.613202492327272253e-01 1.260073684678970074e-01 1.152570360400373417e-01 8.397472196539197686e-02 6.778873518861903980e-02 5.437353330952022362e-02 8.950178683873627472e-02 6.768341797998085607e-02 8.278189538686295257e-02 1.513112555902271228e-01
4.369515979688350787e-02 1.383071823449029125e-01 8.872663786256372587e-02 1.312431124580571429e-01 1.370894720347188844e-01 1.608427612947927465e-01 1.263216583459507159e-01 8.580616339446231478e-02 4.402416122246213814e-02 4.394369124520607767e-02
6.596996801117732678e-02 1.667656835391080616e-01 1.284033085051093093e-01 9.558969404975090067e-02 1.235738674167923268e-01 7.403328971727118901e-02 8.239451955363309710e-02 4.961690369401368372e-02 7.478895888786528390e-02 1.388638066252789460e-01
6.960013452874570794e-02 2.242181450823648239e-02 4.989444521611566957e-02 1.505259114129390285e-01 1.454897439806371873e-01 1.260407810242068771e-01 4.608458990134420286e-02 2.396801019948588407e-02 9.581727388872343654e-02 2.701572953395657839e-01
5.949435153664570791e-02 2.545921507313972931e-01 1.336369726612915976e-01 6.685188246064943662e-02 3.403845404284946280e-02 3.808146979151295214e-02 1.034187730396911586e-01 1.242104307547416547e-01 1.148941640887368582e-01 7.078135089248406564e-02
5.957231790234776558e-02 7.096812827755366593e-02 7.158013885707850688e-02 6.411974488310295817e-02 7.638026341965609145e-02 1.445989804093473219e-01 1.876255590817185459e-01 2.071687295042062005e-01 7.580754553636331883e-02 4.217859212862568735e-02
1.232320503355570918e-01 1.414468905656937614e-01 1.939971600586568035e-01 5.847729153359014498e-02 1.929915157392910613e-02 1.577507419275050310e-02 3.669104730163560979e-02 8.951612253609236847e-02 2.150191569324723107e-01 1.065460549696222725e-01
1.124216339644223683e-01 1.493099453490943362e-01 9.934428356455914100e-02 5.323942183203120987e-02 9.208744910553676166e-02 2.399312534936967611e-01 6.796901933626464665e-02 2.571557643813357844e-02 2.337379441592237969e-02 1.366076225003390598e-01
9.739693493500015120e-02 4.258165823850797171e-02 6.713709180298818580e-02 5.602491767513852194e-02 1.075665204862478880e-01 1.254344872329604399e-01 1.407320440139754880e-01 6.122890431085631358e-02 1.502347736562095470e-01 1.516626676481155622e-01
2.765842910174218239e-02 2.893681716978088736e-02 9.363389367105405536e-02 1.781906006437266876e-01 1.845080859964542408e-01 6.467934354139090458e-02 1.523526565247917686e-01 1.825976470891435277e-01 6.324390243754525465e-02 2.419862382437049791e-02
9.120680997771843379e-02 4.686569951360746583e-02 5.382388154970602079e-02 9.115616633673809255e-02 1.103816641962527267e-01 1.694512225808586792e-01 9.132628733832190426e-02 6.051855732506088159e-02 1.111729973648026559e-01 1.740967138169331185e-01
2.006469675653499429e-01 8.601886392631338807e-02 2.737004575981910603e-02 4.447789309528872581e-02 6.213691256732694485e-02 1.255033547708140351e-01 1.158223782037979821e-01 7.931664960581771839e-02 5.983720981040138720e-02 1.988697246950708042e-01
5.872415194315330073e-02 8.120921007871306774e-02 8.408327837051159104e-02 8.895919454106537838e-02 8.829261869934629248e-02 3.488853123778847681e-02 8.476355497344548184e-02 1.476870166084325864e-01 1.664840496025220273e-01 1.649083939450217418e-01
1.835263365085762488e-01 1.393720679036160870e-01 1.092039564779612171e-01 2.958875663658272481e-02 6.564023901680433870e-02 8.632473101245342895e-02 9.734494170652072120e-02 5.720323964118500387e-02 6.993100996338250108e-02 1.618647211329178603e-01
1.084160686383811162e-01 9.080356753945677262e-02 6.137032835103740924e-02 8.358542822078451895e-02 1.845546159509962036e-01 7.939882769968847898e-02 6.813391371696603249e-02 3.768865247008201108e-02 9.501463708153773391e-02 1.910339603310698409e-01
6.730902625810140927e-02 4.725341251406803278e-02 6.880768397079768672e-02 1.369102890809455741e-01 1.329478826894988086e-01 1.340108918622612000e-01 6.429073771723353703e-02 7.528966286326177482e-02 1.532821761629356294e-01 1.198982368808964721e-01
4.195137375804105367e-02 6.463885504919131275e-02 2.770607486288820809e-01 9.877995641801973203e-02 4.610162468330998575e-02 4.002392897389582538e-02 1.066522864481027760e-01 1.571650053510347811e-01 1.048374767885237036e-01 6.278874390099914438e-02
6.236509960740239944e-02 6.893101776301185923e-02 1.436621451558800777e-01 1.107419349815882137e-01 9.192579578252922656e-02 1.355016850197346134e-01 7.435230680709956075e-02 5.951128168332217583e-02 1.594403489108226768e-01 9.356838428860948798e-02
1.029532259107358572e-01 2.514015055644258090e-01 1.633912266948606695e-01 1.053415917528815887e-01 8.266342216290509248e-02 6.909455127433000721e-02 3.976733312187946678e-02 2.269685072756395805e-02 5.102856561033342758e-02 1.116617271800840749e-01
4.414161253508681187e-02 6.436674606341753757e-02 1.791657120423937599e-01 1.057929741173891658e-01 1.613463985633570297e-01 2.038086740878380376e-01 8.310517145160832564e-02 4.882583329821538198e-02 4.582607018346892408e-02 6.362080765722519238e-02
1.075399641957157926e-01 1.907178886995156697e-01 1.460100459808263140e-01 7.010357482096857273e-02 5.113549811919802096e-02 1.225454525850118992e-01 1.474451114053823841e-01 5.969986757899869989e-02 4.583734660797671168e-02 5.896525000640601144e-02
4.376330763173019722e-02 2.940446066708407580e-02 5.292395496778995456e-02 2.132509712922742995e-01 1.158517173371555187e-01 8.262935750688027436e-02 2.648970592188937268e-01 1.244502197716377406e-01 4.486829100986791663e-02 2.796066059668637221e-02
7.541920719012765173e-02 8.285199299082368629e-02 6.399674424232151826e-02 1.263873296736882090e-01 1.274556724552813880e-01 7.200908185258321492e-02 5.882943361062681342e-02 1.604652221733359752e-01 1.234839431951175598e-01 1.091013726160942332e-01
1.072405588610681193e-01 2.039315943630960193e-01 1.104819558010598640e-01 7.997600623748668536e-02 7.614826252530809692e-02 4.615142030455750277e-02 2.156786678675279983e-02 5.154585817836901396e-02 1.923624419096763016e-01 1.105940350326254512e-01
1.391225784708777780e-01 7.342837060854140452e-02 1.342255751115590812e-01 1.834412610282107337e-01 1.131577920981703816e-01 1.103962629401596257e-01 7.601715949722286092e-02 2.979649318906198163e-02 4.428862277649712326e-02 9.612588427969920302e-02
1.167354949593810143e-01 1.411007447926292957e-01 1.548122728527170366e-01 5.148018992748106676e-02 6.093465105031713874e-02 7.533609761038154162e-02 1.324539546675165269e-01 1.329770806611305645e-01 6.570238227189303948e-02 6.846713120655295581e-02
5.859203273655027439e-02 6.848731320054689264e-02 9.283105870342656107e-02 1.152751869045930688e-01 1.146032131550374644e-01 1.404402284428412639e-01 1.252392729084814971e-01 1.462945558544260227e-01 7.927409016723532820e-02 5.896304792686184876e-02
2.550315381166038883e-02 9.060128211021535941e-03 1.781793917103133978e-02 6.743894061154945274e-02 2.862824289873562855e-01 1.468047864227733368e-01 1.883029022553903697e-01 1.790283488740883333e-01 4.747386472228105891e-02 3.228750693284803547e-02
7.925604137069870714e-02 1.469874281060065124e-01 1.270232186071038050e-01 7.939907578564642243e-02 9.074863768377053330e-02 7.944632073330340494e-02 9.628296226048488338e-02 1.519766285192182265e-01 1.022965540316313343e-01 4.658313290213629554e-02
1.351836856739885573e-01 2.523757998199265828e-01 1.103373681596769296e-01 7.220836204848024575e-02 6.285652095645802295e-02 2.983665545831709967e-02 7.763261773657569031e-02 9.627492796093595206e-02 1.014975686100410418e-01 6.179649357560009632e-02
1.135638976428660074e-01 9.431844171423325873e-02 1.303289665812016329e-01 1.183367800806606890e-01 7.234784798431838360e-02 1.413782106823707752e-01 4.110512246898977845e-02 3.625043338680501714e-02 7.533559764254744995e-02 1.770347018160070007e-01
6.496561209627645106e-02 8.184298304127821111e-02 2.493817050910607513e-01 5.822774008559021552e-02 5.504568317484671847e-02 1.017852384766020635e-01 1.285916484349984568e-01 7.274048929617646375e-02 8.107101193440205411e-02 1.063478883687687393e-01
4.406384123711312717e-02 1.856968078165891767e-01 1.838538999191964562e-01 1.855527337277413369e-01 1.079361345833343838e-01 7.000718049816583022e-02 7.795301865578943556e-02 7.729872302860146815e-02 3.637995934472468967e-02 3.125770118874417192e-02
5.105525765090899309e-02 3.857512476430945136e-02 5.656120945026246044e-02 5.269509591921636010e-02 6.578446475750515665e-02 1.126941189263124254e-01 1.690890686913563146e-01 1.522580255911013813e-01 1.729245544437696958e-01 1.283630798052577127e-01
2.240350649001889294e-01 1.309390113349341300e-01 5.440127685916960887e-02 3.921237774314136060e-02 7.648124586091181731e-02 1.248113763556769340e-01 1.289610979716250549e-01 8.278924397088130438e-02 4.106202885835136263e-02 9.730727614511974766e-02
1.351239805371741431e-01 3.242757218088445081e-01 1.354286177399132984e-01 1.231220736092205059e-01 1.230505849616462533e-01 4.816838850246646375e-02 2.167862449813729581e-02 9.726607817491232655e-03 2.105036169492678633e-02 5.837503883017972073e-02
1.743987045297313854e-01 9.685953444770920018e-02 5.302504551778328135e-02 2.700873151724130644e-02 2.284660502276488619e-02 6.198317647535796227e-02 2.003889272010951628e-01 1.698365442672514491e-01 9.258493740647186221e-02 1.010677936145938371e-01
2.130246041273086213e-02 4.681363362714011100e-02 7.385795471738854090e-02 1.412199755388773847e-01 8.955817450495287546e-02 1.918405926856459054e-01 2.344002596900108815e-01 1.115454811241035349e-01 3.874564763483055729e-02 5.071582006431942652e-02
1.275825675553947380e-01 7.566516920335650265e-02 1.173527313016049234e-01 1.684597617424366256e-01 1.991192447511897501e-01 9.956326086029931854e-02 6.037985115815348858e-02 4.307716264357844965e-02 4.897483473195195919e-02 5.982541605203451490e-02
1.222831429343415044e-01 2.124245918922438581e-01 2.461691804405473916e-01 8.679822897369185442e-02 4.393312552082336009e-02 1.141573997339664914e-01 5.563289905326146423e-02 3.065127985010310252e-02 3.227962744389085287e-02 5.567052415713041880e-02
1.079255911567271742e-01 1.897481265638736869e-01 1.758302572735202518e-01 6.801318812005625880e-02 3.211949932164762100e-02 3.233173815515936328e-02 3.339688053298722065e-02 1.094204228922440875e-01 1.489822844897794596e-01 1.022320114940052094e-01
6.616508088167884216e-02 5.198111573224584170e-02 8.998891102839580436e-02 2.229091406818730636e-01 1.080708689624814423e-01 7.798763072466891044e-02 1.455158821356687393e-01 7.905357932091805484e-02 8.454848162956263291e-02 7.377930890250655738e-02
3.771727314543343174e-02 2.824300795781933132e-02 2.774087525609615287e-02 3.389700939808085872e-02 5.230138310558192505e-02 1.074751655769524972e-01 2.496597162278685889e-01 1.733980526255923804e-01 2.375871240644672477e-01 5.198039264210774224e-02
1.964722721949571094e-01 1.933418599311853558e-01 6.333020312860382361e-02 6.444906555909049595e-02 6.014074239022404456e-02 4.530343062207133065e-02 6.425886420106931285e-02 7.981447118243686911e-02 1.250288284313278986e-01 1.078602623590340093e-01
1.275594280266963421e-01 1.353796010143371586e-01 2.261415803169096184e-01 1.394418263538456104e-01 8.314911468208478762e-02 4.790341735694558789e-02 4.727085683070071653e-02 4.413486352044203309e-02 8.301117446186569160e-02 6.600813743617252316e-02
2.387514682902795449e-01 2.160203714531755970e-01 1.155559735180264336e-01 1.092253054837421661e-01 7.217491093532779622e-02 4.020403304334121269e-02 2.064380089614947789e-02 2.754620149502040594e-02 5.604331513222524791e-02 1.038346197527120762e-01
1.785733313830427660e-01 1.611062151456138514e-01 6.580143354699491409e-02 7.166812524541762985e-02 1.871497019098271875e-01 1.913535801647317514e-01 5.393911422079082640e-02 3.620654714049852119e-02 1.560956597026317075e-02 3.859238527281957931e-02
6.391624758676936469e-02 4.330543395219769998e-02 1.096319024002580245e-01 9.221945467910468153e-02 1.442279847872189602e-01 1.847775661214174636e-01 5.510749372889446607e-02 4.850663658851131488e-02 9.841773198601888595e-02 1.598895481696090692e-01
1.382361017807072316e-02 1.831818308741116341e-02 1.842703936781057636e-02 5.268037755999383648e-02 1.633255338921742461e-01 2.830225918334997592e-01 9.356903939755951971e-02 2.100118547148214221e-01 1.157905024808604105e-01 3.103126748779863261e-02
5.794869733312651983e-02 2.287626476530920869e-02 5.447822687650507451e-02 3.390426566730161406e-01 8.685161302160632202e-02 2.098419227646438484e-02 5.852414295346443709e-03 1.744891537535659884e-02 9.348112193869703712e-02 3.010358974445724312e-01
1.719511159735524208e-01 1.709443994009890999e-01 1.321107129870260355e-01 4.890461563286058189e-02 8.440965209895158472e-03 1.166044543007565930e-02 2.165443154892507729e-02 3.743823711546875876e-02 1.650173177895186138e-01 2.318777589116886029e-01
8.118740423435949483e-02 7.113993509261996862e-02 7.672167292501913538e-02 1.085304085255232309e-01 1.582717270284868250e-01 1.311581791095277616e-01 1.364722069944518668e-01 8.752210204532875903e-02 8.651623649844997210e-02 6.248012754623324949e-02
3.931277483553542035e-02 6.916186705511044586e-02 9.017700189908113562e-02 1.741740642504207848e-01 1.372014320760635564e-01 1.500458511016241059e-01 7.742546242714395954e-02 9.248676243956445442e-02 8.617962139020381163e-02 8.383516252525266554e-02
6.832082015568813338e-02 1.161597067369900260e-01 1.149032695821143174e-01 6.556776192026173011e-02 9.470975222804398075e-02 8.394017930375757830e-02 1.223811358331058224e-01 2.122218242859921222e-01 7.095760243681019375e-02 5.083794751723617888e-02
5.344625885849397379e-02 6.270690337873063847e-02 1.157291945923849541e-01 2.090055466739772494e-01 1.918698695538073318e-01 1.149453995629476644e-01 8.302225072804909900e-02 7.154579484067964679e-02 4.788316221395046146e-02 4.984561959697911271e-02
4.161146319694816742e-02 2.361125480413420186e-02 3.218572757569132525e-02 1.127923681489132329e-01 1.219804760691345219e-01 1.135275208594885010e-01 2.073366507217236088e-01 1.777783728512672967e-01 1.085673381187266112e-01 6.060882765397287986e-02
1.488108668570960191e-01 7.854736901857273246e-02 8.049031213428400888e-02 1.014423460860346959e-01 1.843439164157307797e-01 3.648944430785060894e-02 2.864145228934151036e-02 1.435594790373084795e-01 9.361019401214033808e-02 1.040646198416410734e-01
2.990712964874078783e-02 3.155457703080815496e-02 6.732833555395802139e-02 1.754196670797938951e-01 1.385536321394406079e-01 1.028274637362262683e-01 1.796523108784693068e-01 1.555052080882325660e-01 9.180636420380727802e-02 2.744531164052341557e-02
1.282790255809002355e-01 9.637522205221912830e-02 1.947045906450611819e-01 5.616047457495088741e-02 1.783237476216385786e-02 1.351447439251950502e-02 6.526979403351021447e-02 1.647506838958736619e-01 1.546744772269506019e-01 1.084388828358507639e-01
5.774274283607607611e-02 2.277659524984890771e-01 9.886235930246217718e-02 4.852542558863387478e-02 8.969398010041101932e-02 5.167937399646725660e-02 7.470849710962765289e-02 1.045025556352691676e-01 1.243354142125194517e-01 1.221836987200441149e-01
6.452236832236055153e-02 1.145295312824188422e-01 1.208551862226411588e-01 1.482123115094942656e-01 2.828691471674716906e-01 9.354949578701433899e-02 2.152177974877412733e-02 3.286929077973337054e-02 7.350893715365522385e-02 4.756195202643663522e-02
1.181719472371287744e-01 1.204697123191106334e-01 9.434193582729086258e-02 6.334702295599675681e-02 5.066886653640649552e-02 4.394718696836608096e-02 1.376587856668270993e-01 1.502846906828546325e-01 1.080919405657013721e-01 1.130179112403174868e-01
7.005811655269922333e-02 8.008181685186967214e-02 6.144499034641881519e-02 8.109744455425575704e-02 5.004853274267545560e-02 4.785999328832787891e-02 7.963072395318905594e-02 3.474754385864395334e-01 1.276245760349778158e-01 5.467836708914682042e-02
1.332355006373165396e-01 8.624231821046013380e-02 1.034137423787274274e-01 6.046382222640427767e-02 6.364834380988650120e-02 1.151362861734145648e-01 7.360722201564143252e-02 7.656876942521879947e-02 1.649437864602931736e-01 1.227402086626372957e-01
8.014351951635968752e-02 8.999531002615747399e-02 1.857951723278909728e-01 8.445750817408710642e-02 5.692365832072397713e-02 5.982445151506030068e-02 3.727780042387084797e-02 1.010008675464482558e-01 8.536338383439545652e-02 2.192183283150061501e-01
7.273816791684560579e-02 7.975616854436470837e-02 7.603863000662552940e-02 1.607269277097673754e-01 2.248276422155199017e-01 1.832897861353269819e-01 6.274113120080908323e-02 5.008070159662088988e-02 4.289821747447264411e-02 4.690262719964746752e-02
7.561215417679489903e-02 1.107677957283548786e-01 1.164758345493701608e-01 1.610745739099849472e-01 1.373587164311787512e-01 1.122782099371186643e-01 8.852734674256815262e-02 6.297745120795414375e-02 7.856274739654497963e-02 5.636516992013068661e-02
1.260470887623827974e-01 4.881458708774934208e-02 1.251784443741618680e-02 4.435347405542434951e-02 3.723684900742986192e-01 7.481881721225776272e-02 2.328481785579557609e-02 5.364984385970453240e-02 9.553881726046405121e-02 1.486062193945068555e-01
4.145027729859494803e-02 8.323289970358274670e-02 9.216973391180244279e-02 2.565552920011647253e-01 1.979311284064707854e-01 2.463537479501597960e-01 4.642682768460279497e-02 1.793126809999680271e-02 6.518119167032963152e-03 1.143070577659212501e-02
9.663267169084856223e-02 1.528913465303406438e-01 9.938681933279602809e-02 6.261598389005590404e-02 5.866022940062297353e-02 6.215134301300342945e-02 9.686943866494453215e-02 8.612450152829510819e-02 1.862699682769280995e-01 9.839769767216499652e-02
1.470422960675383528e-01 7.602119072444446513e-02 4.614115464132470534e-02 4.202148167485474789e-02 5.065953064583226390e-02 6.263536378499368062e-02 1.462541658823866553e-01 1.622073571049593987e-01 1.523844278955469589e-01 1.146330315781189380e-01
1.635776911388330535e-01 1.130750011140078115e-01 7.115480617863945145e-02 4.505367007894256481e-02 3.146202067974832040e-02 2.702513510940926511e-02 5.174939219477157903e-02 7.746507055218115889e-02 1.784394247895337293e-01 2.409977881639331632e-01
1.212769077420381703e-01 5.860489518131993536e-02 4.854012325375287734e-02 1.486181529810445268e-01 1.442392178998435914e-01 7.747763491320619478e-02 4.722329397732957790e-02 2.867741214697817551e-02 1.097247496364470720e-01 2.156176122680398544e-01
6.758890469655670641e-02 7.152541423427843936e-02 1.243248207093517188e-01 1.259866676575362721e-01 1.090998901283817130e-01 1.039265258048826940e-01 5.612557939354991671e-02 9.244227933185975021e-02 1.184850553839722764e-01 1.304948626596307837e-01
7.120532317048089421e-02 8.568051657959727119e-02 1.652463213016069077e-01 1.772315436325555271e-01 1.268030403737759881e-01 9.587210471934484723e-02 1.385051281983420424e-01 5.003457582445301755e-02 4.526851029020247108e-02 4.415293590964118609e-02
1.631854365757191283e-01 1.123628861254902245e-01 3.034553554316694185e-02 4.197667519510633188e-02 1.377869834970506246e-01 1.318777300147088438e-01 1.305534996821843263e-01 7.700951351237303455e-02 8.776537450650050143e-02 8.713636534770023701e-02
1.012375301740043310e-01 5.833627916342479236e-02 1.105314751822470826e-01 1.118413693271124304e-01 1.498922974853029999e-01 1.159501141581186501e-01 1.389990324781160136e-01 1.031784712002283833e-01 7.746014019972224940e-02 3.257329063172296341e-02
5.309170005130665893e-02 2.884683328578482864e-02 1.964343876820284773e-02 4.264656810059330727e-02 1.192487101315654746e-01 2.084376888018777685e-01 1.328511413276944886e-01 1.550837382875575599e-01 1.665276970703673531e-01 7.362248417504968501e-02
8.033944356141951848e-02 1.194784737249434542e-01 9.598099878539913254e-02 1.884272351914167143e-01 5.247201510857114892e-02 8.428206917803544862e-02 4.656850723657050828e-02 7.326480404978090444e-02 1.083661681708016633e-01 1.508202849930616318e-01
2.247441804660680817e-02 3.172109389693010539e-02 2.426459074897512752e-02 6.235265047867807886e-02 2.224542480644038644e-01 9.903473824088140920e-02 1.099400043388964743e-01 1.129861461391410971e-01 2.373165428301973745e-01 7.745556721528992772e-02
1.751337354642703015e-01 6.895067463128047580e-02 3.287662362609010402e-02 4.724281097701735904e-02 5.289388588012328835e-02 1.163899165794623630e-01 7.360934854853772025e-02 6.608767761469105939e-02 9.683895144048973447e-02 2.699763752380377468e-01
1.808037016587044354e-01 1.205688424018731275e-01 9.449241501540117660e-02 1.033687791866842176e-01 4.630968398505605488e-02 4.875729939096121179e-02 4.755636446258296179e-02 4.786956407760520338e-02 1.750574459166571173e-01 1.352159039044746880e-01
7.415371617381176506e-02 6.553834610110731429e-02 1.123186373243966196e-01 1.606294721818610771e-01 1.795883184337049299e-01 1.233907332861596401e-01 1.044011992516779563e-01 1.126963459141701041e-01 3.658858367068879014e-02 3.069464766242175485e-02
1.122741677249507880e-01 7.628575841457779783e-02 1.057057762484559793e-01 1.534014316681161505e-01 1.009299293651086254e-01 1.568340512720700353e-01 4.252840852550381079e-02 5.752974984440810402e-02 8.554419348960823344e-02 1.089665334472006419e-01
8.745015103850610483e-03 1.351003209667873614e-02 4.984249445607204926e-02 8.094650424302128611e-02 2.308639189561003113e-01 1.689500815202707729e-01 1.332024062374465023e-01 2.180156018568124021e-01 7.506305706165711245e-02 2.086088846809026204e-02
2.030093554655891253e-01 1.147278627053122946e-01 9.198662079746003362e-02 6.547601778233565206e-02 1.380801488378040898e-01 1.390850464674571740e-01 7.296862484421570705e-02 3.979485194606359466e-02 4.375603557050300463e-02 9.111543558325962966e-02
6.664476227391376295e-02 3.831474857233237163e-02 2.355942023095756316e-02 6.913111790594664297e-02 1.963084631593702278e-01 1.264942206337309472e-01 1.336209613775388161e-01 7.440564994308641877e-02 1.039211990576252576e-01 1.675994568454979017e-01
8.633403748202160555e-02 1.088043845300879220e-01 1.602175583092362576e-01 2.569479817314703207e-01 1.057748139179466584e-01 4.980618853847952610e-02 4.939890785339554752e-02 4.380962612207861540e-02 4.155029702360402144e-02 9.735620449167953216e-02
2.406014322124694904e-01 1.025942323975699150e-01 4.359029234159153554e-02 4.264524151371711785e-02 7.610946639766352773e-02 6.857559412904103147e-02 1.643222963232994771e-01 7.977713188756074825e-02 7.829145738461758264e-02 1.034928554124697198e-01
5.841506792102123258e-02 1.040302654675297617e-01 1.154969666091882896e-01 1.602498210591867811e-01 9.047797788628819671e-02 3.367829890905724155e-02 6.764332614566831436e-02 1.118737729940495751e-01 1.808965340658841292e-01 7.723796894212638098e-02
8.508066155625657045e-02 9.784094159263777291e-02 1.684772201788295731e-01 1.804430210635023513e-01 6.974079765886224969e-02 4.920269992985210755e-02 1.504469519596474680e-01 7.669635902593671672e-02 5.281507903794307318e-02 6.925626799653251953e-02
2.958323726808876133e-02 1.168099206696928544e-01 1.926786405134673641e-01 8.885105165934861771e-02 6.780749399113870923e-02 1.131602884344169169e-01 2.365688456873192569e-01 1.039190830470158311e-01 3.069655174163593916e-02 1.992488698787598170e-02
1.356949417563773075e-01 7.984327637545818313e-02 2.680387149838392991e-01 1.121848492389771468e-01 5.864905598486698513e-02 2.976985688957074078e-02 2.101494249728078079e-02 3.358573976499386327e-02 9.516045097301034650e-02 1.660581715356253540e-01
1.518079683910840416e-01 8.641555426093837367e-02 1.230177789335503286e-01 1.674924654301438443e-01 1.034877292964005019e-01 3.934041075001253052e-02 1.946884226435333098e-02 4.201569284774153701e-02 1.240147741250724467e-01 1.429387837007030648e-01
5.143415921975824645e-02 7.998797543585661751e-02 5.245292580318589720e-02 1.420636520967455962e-01 1.185485592816331035e-01 1.086458657573961262e-01 1.139500011431628101e-01 2.025418603380049476e-01 7.460128111004256379e-02 5.577371981421431341e-02
1.136197908051562039e-01 1.504204016126028942e-01 1.226574262017152694e-01 1.051036395939151241e-01 6.255028317862174059e-02 1.137717428296009803e-01 6.068236341777304144e-02 1.087502570661453699e-01 1.152285424512961842e-01 4.721555284317351109e-02
1.933961190421033260e-01 1.634942844735363388e-01 7.560073557740537575e-02 4.630973682866848518e-02 8.651635142276281609e-02 9.576442557258711685e-02 5.734972010728021236e-02 6.765106961102992922e-02 9.082542375739023621e-02 1.230921336072360178e-01
4.401106713931697556e-02 1.102105862299514599e-01 1.346581517748331736e-01 2.232550181962589808e-01 1.406816176799649543e-01 9.030814087580633920e-02 5.099864983491404768e-02 5.173912532599169584e-02 5.388765730925811070e-02 1.002499856337044359e-01
4.880111598492437031e-02 9.498415217040098724e-02 1.372698483880443188e-01 7.963224775469160410e-02 1.049871964694397974e-01 1.624327622480851718e-01 9.094131928857432379e-02 1.157420750709473450e-01 1.005556866587263704e-01 6.465359596616590543e-02
8.193810197880121993e-02 1.200396026616009637e-01 1.104129568457492272e-01 6.527529073667615034e-02 7.208489263634806909e-02 1.082815540209859650e-01 1.049910083313730230e-01 1.467833509168266770e-01 1.002841557911692827e-01 8.990908608046935258e-02
