1.613202492327272253e-01 1.362053059942879285e-01 1.199747332516462595e-01 9.706804374528801849e-02 8.477750300383093962e-02 7.546481918200391437e-02 9.728367491847689230e-02 8.954376375772366004e-02 1.064984891767100095e-01 1.509136780074485373e-01
1.362053059942879285e-01 1.260073684678970074e-01 1.161176584089914504e-01 9.444826816892237797e-02 8.137167644368697994e-02 7.060110829039506486e-02 8.858683666940284085e-02 7.877624542004879604e-02 8.989295969737579051e-02 1.243265183585512412e-01
1.199747332516462595e-01 1.161176584089914504e-01 1.152570360400373417e-01 9.635110831252310937e-02 8.351990195975619868e-02 7.186659527303954076e-02 8.881976955264195284e-02 7.646206034220488779e-02 8.304011879532890994e-02 1.101423257817156498e-01
9.706804374528801849e-02 9.444826816892237797e-02 9.635110831252310937e-02 8.397472196539197686e-02 7.436869527256873003e-02 6.459489042963241501e-02 7.994207377227599554e-02 6.776717785335006905e-02 7.130730269820562128e-02 9.128502108949422544e-02
8.477750300383093962e-02 8.137167644368697994e-02 8.351990195975619868e-02 7.436869527256873003e-02 6.778873518861903980e-02 5.995170258066198632e-02 7.494763350976228755e-02 6.330259796686883711e-02 6.559127208213808014e-02 8.199279106114107374e-02
7.546481918200391437e-02 7.060110829039506486e-02 7.186659527303954076e-02 6.459489042963241501e-02 5.995170258066198632e-02 5.437353330952022362e-02 6.911843270380590987e-02 5.869272581595568611e-02 6.069682591022625140e-02 7.497383366907828250e-02
9.728367491847689230e-02 8.858683666940284085e-02 8.881976955264195284e-02 7.994207377227599554e-02 7.494763350976228755e-02 6.911843270380590987e-02 8.950178683873627472e-02 7.676807313159367263e-02 7.993235360538750167e-02 9.855700384253418544e-02
8.954376375772366004e-02 7.877624542004879604e-02 7.646206034220488779e-02 6.776717785335006905e-02 6.330259796686883711e-02 5.869272581595568611e-02 7.676807313159367263e-02 6.768341797998085607e-02 7.267232882605947908e-02 9.146228347503479461e-02
1.064984891767100095e-01 8.989295969737579051e-02 8.304011879532890994e-02 7.130730269820562128e-02 6.559127208213808014e-02 6.069682591022625140e-02 7.993235360538750167e-02 7.267232882605947908e-02 8.278189538686295257e-02 1.086663191175010063e-01
1.509136780074485373e-01 1.243265183585512412e-01 1.101423257817156498e-01 9.128502108949422544e-02 8.199279106114107374e-02 7.497383366907828250e-02 9.855700384253418544e-02 9.146228347503479461e-02 1.086663191175010063e-01 1.513112555902271228e-01
4.369515979688350787e-02 7.713956639387151148e-02 6.073840810019364572e-02 6.934723360824276983e-02 6.551275802765825496e-02 6.664437954545968101e-02 6.066361436382414207e-02 5.330237844767442973e-02 4.104115380389369849e-02 4.308101426163098158e-02
7.713956639387151148e-02 1.383071823449029125e-01 1.090225967199315443e-01 1.237056056711852980e-01 1.142389777410063034e-01 1.129070935094782513e-01 1.015013960621492517e-01 8.948874776896487138e-02 6.983493193116320497e-02 7.457442071304767883e-02
6.073840810019364572e-02 1.090225967199315443e-01 8.872663786256372587e-02 1.042239163216428788e-01 9.761809177220731604e-02 9.558677547638144700e-02 8.383306692983950870e-02 7.238598475655326492e-02 5.569967196575852098e-02 5.890390780840288470e-02
6.934723360824276983e-02 1.237056056711852980e-01 1.042239163216428788e-01 1.312431124580571429e-01 1.277864603411296984e-01 1.256435957483638122e-01 1.069287399789589782e-01 8.913630760017027255e-02 6.646671400267908925e-02 6.840772837566605480e-02
6.551275802765825496e-02 1.142389777410063034e-01 9.761809177220731604e-02 1.277864603411296984e-01 1.370894720347188844e-01 1.416770208404115050e-01 1.195037465032098289e-01 9.623347266956208679e-02 6.859419221575832615e-02 6.730002043075977713e-02
6.664437954545968101e-02 1.129070935094782513e-01 9.558677547638144700e-02 1.256435957483638122e-01 1.416770208404115050e-01 1.608427612947927465e-01 1.385727351282812769e-01 1.100867850323634101e-01 7.595525846379491686e-02 7.148228311937740442e-02
6.066361436382414207e-02 1.015013960621492517e-01 8.383306692983950870e-02 1.069287399789589782e-01 1.195037465032098289e-01 1.385727351282812769e-01 1.263216583459507159e-01 1.022335332726252433e-01 7.055923118903978386e-02 6.595664795855879503e-02
5.330237844767442973e-02 8.948874776896487138e-02 7.238598475655326492e-02 8.913630760017027255e-02 9.623347266956208679e-02 1.100867850323634101e-01 1.022335332726252433e-01 8.580616339446231478e-02 6.041722224611210251e-02 5.739676703858728746e-02
4.104115380389369849e-02 6.983493193116320497e-02 5.569967196575852098e-02 6.646671400267908925e-02 6.859419221575832615e-02 7.595525846379491686e-02 7.055923118903978386e-02 6.041722224611210251e-02 4.402416122246213814e-02 4.314178147411190656e-02
4.308101426163098158e-02 7.457442071304767883e-02 5.890390780840288470e-02 6.840772837566605480e-02 6.730002043075977713e-02 7.148228311937740442e-02 6.595664795855879503e-02 5.739676703858728746e-02 4.314178147411190656e-02 4.394369124520607767e-02
6.596996801117732678e-02 1.006940125674516406e-01 8.500949831093400355e-02 6.959181220289398229e-02 7.473938895597546928e-02 5.867002930424473212e-02 6.351143937665258699e-02 5.200532931377940121e-02 6.632486614419222382e-02 9.234654999112465457e-02
1.006940125674516406e-01 1.667656835391080616e-01 1.421797005241892953e-01 1.134498250075710035e-01 1.173601666691110879e-01 8.870990452503393908e-02 9.286266899364400973e-02 7.449690075041554005e-02 9.382972012663276518e-02 1.314928254992249468e-01
8.500949831093400355e-02 1.421797005241892953e-01 1.284033085051093093e-01 1.061521924373151904e-01 1.114696049606848649e-01 8.311465569731199543e-02 8.501115683664228762e-02 6.604527938330084780e-02 8.040678843602877546e-02 1.105627436081125931e-01
6.959181220289398229e-02 1.134498250075710035e-01 1.061521924373151904e-01 9.558969404975090067e-02 1.055652309457582871e-01 7.910630445272420763e-02 8.006053857367559368e-02 6.025645811920449235e-02 7.037645707794240590e-02 9.362194836940446185e-02
7.473938895597546928e-02 1.173601666691110879e-01 1.114696049606848649e-01 1.055652309457582871e-01 1.235738674167923268e-01 9.407425152018072945e-02 9.553282417808443838e-02 7.084660964829722629e-02 8.076360441077995445e-02 1.048002965078572712e-01
5.867002930424473212e-02 8.870990452503393908e-02 8.311465569731199543e-02 7.910630445272420763e-02 9.407425152018072945e-02 7.403328971727118901e-02 7.691224062293372521e-02 5.758467203774539356e-02 6.595575389429161883e-02 8.515421677176461535e-02
6.351143937665258699e-02 9.286266899364400973e-02 8.501115683664228762e-02 8.006053857367559368e-02 9.553282417808443838e-02 7.691224062293372521e-02 8.239451955363309710e-02 6.284158594525554586e-02 7.310114708935001870e-02 9.469746568706163825e-02
5.200532931377940121e-02 7.449690075041554005e-02 6.604527938330084780e-02 6.025645811920449235e-02 7.084660964829722629e-02 5.758467203774539356e-02 6.284158594525554586e-02 4.961690369401368372e-02 5.964318288793553358e-02 7.852946934193363870e-02
6.632486614419222382e-02 9.382972012663276518e-02 8.040678843602877546e-02 7.037645707794240590e-02 8.076360441077995445e-02 6.595575389429161883e-02 7.310114708935001870e-02 5.964318288793553358e-02 7.478895888786528390e-02 1.006698208175440257e-01
9.234654999112465457e-02 1.314928254992249468e-01 1.105627436081125931e-01 9.362194836940446185e-02 1.048002965078572712e-01 8.515421677176461535e-02 9.469746568706163825e-02 7.852946934193363870e-02 1.006698208175440257e-01 1.388638066252789460e-01
6.960013452874570794e-02 3.656472475431721963e-02 3.835217815771216343e-02 5.207475166137826017e-02 4.889201721849102678e-02 4.967984993752865008e-02 3.909758166736943680e-02 3.868520950503506056e-02 8.130072259024841153e-02 1.363161313893300752e-01
3.656472475431721963e-02 2.242181450823648239e-02 2.965469676706665100e-02 4.589164938375735192e-02 4.391132085998368517e-02 4.214914958804830830e-02 2.864080648464335452e-02 2.269050338646231429e-02 4.220741729428803546e-02 6.888478322402719067e-02
3.835217815771216343e-02 2.965469676706665100e-02 4.989444521611566957e-02 8.499420243735564262e-02 8.235529163777886852e-02 7.619859815782020762e-02 4.620886665648874653e-02 2.857044069307775741e-02 4.341465287135942014e-02 6.706993279784627393e-02
5.207475166137826017e-02 4.589164938375735192e-02 8.499420243735564262e-02 1.505259114129390285e-01 1.467963255569603720e-01 1.344706379511603767e-01 7.846307802051155633e-02 4.349607187807016939e-02 5.831592752902346743e-02 8.635463030839446441e-02
4.889201721849102678e-02 4.391132085998368517e-02 8.235529163777886852e-02 1.467963255569603720e-01 1.454897439806371873e-01 1.341061306793202013e-01 7.784024641581697990e-02 4.222754420508871565e-02 5.499409568181580499e-02 8.045407588367659013e-02
4.967984993752865008e-02 4.214914958804830830e-02 7.619859815782020762e-02 1.344706379511603767e-01 1.341061306793202013e-01 1.260407810242068771e-01 7.422764804637349556e-02 4.162888243416059536e-02 5.655929829702197043e-02 8.391801639375867650e-02
3.909758166736943680e-02 2.864080648464335452e-02 4.620886665648874653e-02 7.846307802051155633e-02 7.784024641581697990e-02 7.422764804637349556e-02 4.608458990134420286e-02 2.915910878222088137e-02 4.517394391159828410e-02 6.991799718602671743e-02
3.868520950503506056e-02 2.269050338646231429e-02 2.857044069307775741e-02 4.349607187807016939e-02 4.222754420508871565e-02 4.162888243416059536e-02 2.915910878222088137e-02 2.396801019948588407e-02 4.534767545937123945e-02 7.399671910887647974e-02
8.130072259024841153e-02 4.220741729428803546e-02 4.341465287135942014e-02 5.831592752902346743e-02 5.499409568181580499e-02 5.655929829702197043e-02 4.517394391159828410e-02 4.534767545937123945e-02 9.581727388872343654e-02 1.601884555729505277e-01
1.363161313893300752e-01 6.888478322402719067e-02 6.706993279784627393e-02 8.635463030839446441e-02 8.045407588367659013e-02 8.391801639375867650e-02 6.991799718602671743e-02 7.399671910887647974e-02 1.601884555729505277e-01 2.701572953395657839e-01
5.949435153664570791e-02 1.175432525758658281e-01 8.530207473883927305e-02 6.042227846304711047e-02 4.126576787166294502e-02 3.869862300157021762e-02 5.863162663114776518e-02 6.353904236384717852e-02 6.405442790128862418e-02 5.769591206500984670e-02
1.175432525758658281e-01 2.545921507313972931e-01 1.809640220454726278e-01 1.209055476577072102e-01 7.543108073083473752e-02 6.319217772474462758e-02 8.946348319632792256e-02 9.542625603832524672e-02 9.865572577640113749e-02 9.771469615378280960e-02
8.530207473883927305e-02 1.809640220454726278e-01 1.336369726612915976e-01 9.156095870742855802e-02 5.838978021196654378e-02 5.011613443097089060e-02 7.192433003319338713e-02 7.657843488619292538e-02 7.786953940317468958e-02 7.427920499216904282e-02
6.042227846304711047e-02 1.209055476577072102e-01 9.156095870742855802e-02 6.685188246064943662e-02 4.547659826780613840e-02 4.194388323519802897e-02 6.270223405290684116e-02 6.709549245642631998e-02 6.654740749144030798e-02 5.890507420108676007e-02
4.126576787166294502e-02 7.543108073083473752e-02 5.838978021196654378e-02 4.547659826780613840e-02 3.403845404284946280e-02 3.443375844056068696e-02 5.395920024408198956e-02 5.822361137965625932e-02 5.656536363343327850e-02 4.640833532087879076e-02
3.869862300157021762e-02 6.319217772474462758e-02 5.011613443097089060e-02 4.194388323519802897e-02 3.443375844056068696e-02 3.808146979151295214e-02 6.212816348315527287e-02 6.757695736895914795e-02 6.475350834875019668e-02 5.004887888154366943e-02
5.863162663114776518e-02 8.946348319632792256e-02 7.192433003319338713e-02 6.270223405290684116e-02 5.395920024408198956e-02 6.212816348315527287e-02 1.034187730396911586e-01 1.130040687134939020e-01 1.077739030191213476e-01 8.124408484214580561e-02
6.353904236384717852e-02 9.542625603832524672e-02 7.657843488619292538e-02 6.709549245642631998e-02 5.822361137965625932e-02 6.757695736895914795e-02 1.130040687134939020e-01 1.242104307547416547e-01 1.187631393839521238e-01 8.927075542833215471e-02
6.405442790128862418e-02 9.865572577640113749e-02 7.786953940317468958e-02 6.654740749144030798e-02 5.656536363343327850e-02 6.475350834875019668e-02 1.077739030191213476e-01 1.187631393839521238e-01 1.148941640887368582e-01 8.762984104554338849e-02
5.769591206500984670e-02 9.771469615378280960e-02 7.427920499216904282e-02 5.890507420108676007e-02 4.640833532087879076e-02 5.004887888154366943e-02 8.124408484214580561e-02 8.927075542833215471e-02 8.762984104554338849e-02 7.078135089248406564e-02
5.957231790234776558e-02 6.472454129392682387e-02 6.454742369329927176e-02 6.027251212689985899e-02 6.314707597966467967e-02 8.011117105948634132e-02 8.480540406205494541e-02 8.950655163208781628e-02 6.059815960770210952e-02 4.920293270886843401e-02
6.472454129392682387e-02 7.096812827755366593e-02 7.104775747115116280e-02 6.636112129159275896e-02 6.918922038654218287e-02 8.674197311134311528e-02 8.971731420963463544e-02 9.329223652538058686e-02 6.387110758299680002e-02 5.275338274062660315e-02
6.454742369329927176e-02 7.104775747115116280e-02 7.158013885707850688e-02 6.722916192145761416e-02 7.043407419144670500e-02 8.840012482396811255e-02 9.049077028095663111e-02 9.276314197004177642e-02 6.338785189637741180e-02 5.245528845671223322e-02
6.027251212689985899e-02 6.636112129159275896e-02 6.722916192145761416e-02 6.411974488310295817e-02 6.847955185544278567e-02 8.740877827077377094e-02 8.945288375331714170e-02 8.993308791804739688e-02 6.041046988721768263e-02 4.931249696033780661e-02
6.314707597966467967e-02 6.918922038654218287e-02 7.043407419144670500e-02 6.847955185544278567e-02 7.638026341965609145e-02 1.015477905879274417e-01 1.054327357902263146e-01 1.034443648289711110e-01 6.697143612887347663e-02 5.275849385581707351e-02
8.011117105948634132e-02 8.674197311134311528e-02 8.840012482396811255e-02 8.740877827077377094e-02 1.015477905879274417e-01 1.445989804093473219e-01 1.556733623121242527e-01 1.504516290795680500e-01 9.287422635128537995e-02 6.935221456716327004e-02
8.480540406205494541e-02 8.971731420963463544e-02 9.049077028095663111e-02 8.945288375331714170e-02 1.054327357902263146e-01 1.556733623121242527e-01 1.876255590817185459e-01 1.871986594092620582e-01 1.104068368319214288e-01 7.722669110960211913e-02
8.950655163208781628e-02 9.329223652538058686e-02 9.276314197004177642e-02 8.993308791804739688e-02 1.034443648289711110e-01 1.504516290795680500e-01 1.871986594092620582e-01 2.071687295042062005e-01 1.217193071738494892e-01 8.328315360923943533e-02
6.059815960770210952e-02 6.387110758299680002e-02 6.338785189637741180e-02 6.041046988721768263e-02 6.697143612887347663e-02 9.287422635128537995e-02 1.104068368319214288e-01 1.217193071738494892e-01 7.580754553636331883e-02 5.449651658330701559e-02
4.920293270886843401e-02 5.275338274062660315e-02 5.245528845671223322e-02 4.931249696033780661e-02 5.275849385581707351e-02 6.935221456716327004e-02 7.722669110960211913e-02 8.328315360923943533e-02 5.449651658330701559e-02 4.217859212862568735e-02
1.232320503355570918e-01 1.243353315473161025e-01 1.373111640842448467e-01 7.689407724586569404e-02 4.570568629219446538e-02 4.082082615031414757e-02 5.824964230296697520e-02 8.633450142098486602e-02 1.313344025520517822e-01 1.048453922205343641e-01
1.243353315473161025e-01 1.414468905656937614e-01 1.624410313962176278e-01 8.903272161618161484e-02 5.025792501778070243e-02 4.105692058931925681e-02 5.415144030255261004e-02 7.624486411175772360e-02 1.128590790189533399e-01 9.556899622534462124e-02
1.373111640842448467e-01 1.624410313962176278e-01 1.939971600586568035e-01 1.058772576419802075e-01 5.883526909434369512e-02 4.663137186923365513e-02 5.967088817506902010e-02 8.214071745415403580e-02 1.197388223008968994e-01 1.026961621175588035e-01
7.689407724586569404e-02 8.903272161618161484e-02 1.058772576419802075e-01 5.847729153359014498e-02 3.299621520737025526e-02 2.683890663778018548e-02 3.519388381832563167e-02 4.921394728377813388e-02 7.214917784107002796e-02 5.989903733911187272e-02
4.570568629219446538e-02 5.025792501778070243e-02 5.883526909434369512e-02 3.299621520737025526e-02 1.929915157392910613e-02 1.664475207626631148e-02 2.298348152434857503e-02 3.318806590942403184e-02 4.929155240170486618e-02 3.864257210915685026e-02
4.082082615031414757e-02 4.105692058931925681e-02 4.663137186923365513e-02 2.683890663778018548e-02 1.664475207626631148e-02 1.577507419275050310e-02 2.343033119522204555e-02 3.526506090936037952e-02 5.324493471905723807e-02 3.888906901041157271e-02
5.824964230296697520e-02 5.415144030255261004e-02 5.967088817506902010e-02 3.519388381832563167e-02 2.298348152434857503e-02 2.343033119522204555e-02 3.669104730163560979e-02 5.677231742197408337e-02 8.665869863596054046e-02 6.056493478347918513e-02
8.633450142098486602e-02 7.624486411175772360e-02 8.214071745415403580e-02 4.921394728377813388e-02 3.318806590942403184e-02 3.526506090936037952e-02 5.677231742197408337e-02 8.951612253609236847e-02 1.378134019130770049e-01 9.425488926398284395e-02
1.313344025520517822e-01 1.128590790189533399e-01 1.197388223008968994e-01 7.214917784107002796e-02 4.929155240170486618e-02 5.324493471905723807e-02 8.665869863596054046e-02 1.378134019130770049e-01 2.150191569324723107e-01 1.462165643793879310e-01
1.048453922205343641e-01 9.556899622534462124e-02 1.026961621175588035e-01 5.989903733911187272e-02 3.864257210915685026e-02 3.888906901041157271e-02 6.056493478347918513e-02 9.425488926398284395e-02 1.462165643793879310e-01 1.065460549696222725e-01
1.124216339644223683e-01 1.275350010456592631e-01 1.001804913400104885e-01 6.391552127519319060e-02 6.294030792839228061e-02 8.796173366239334879e-02 5.213085743871543470e-02 4.143761889527008968e-02 4.930664096464788121e-02 1.226000510034503943e-01
1.275350010456592631e-01 1.493099453490943362e-01 1.187376427319701555e-01 7.585873397234477178e-02 7.442723105227466718e-02 1.034864772500736496e-01 6.075676730843140166e-02 4.745027635871966465e-02 5.544789216577673818e-02 1.369926479557903309e-01
1.001804913400104885e-01 1.187376427319701555e-01 9.934428356455914100e-02 6.753515391359335429e-02 7.141902773563903184e-02 1.026203346238226954e-01 5.840959636071014344e-02 4.234673248247398936e-02 4.523968033308954639e-02 1.078846808456093848e-01
6.391552127519319060e-02 7.585873397234477178e-02 6.753515391359335429e-02 5.323942183203120987e-02 6.529472866725576086e-02 9.949003939690009846e-02 5.444351311813203087e-02 3.533976325748518221e-02 3.195153227135846818e-02 7.037962291363990264e-02
6.294030792839228061e-02 7.442723105227466718e-02 7.141902773563903184e-02 6.529472866725576086e-02 9.208744910553676166e-02 1.469830991624117844e-01 7.839634923531066391e-02 4.683767325919006852e-02 3.599267163260896907e-02 7.175747812461819031e-02
8.796173366239334879e-02 1.034864772500736496e-01 1.026203346238226954e-01 9.949003939690009846e-02 1.469830991624117844e-01 2.399312534936967611e-01 1.270727354546871135e-01 7.399818473889610559e-02 5.357272510060073073e-02 1.022135671884609465e-01
5.213085743871543470e-02 6.075676730843140166e-02 5.840959636071014344e-02 5.444351311813203087e-02 7.839634923531066391e-02 1.270727354546871135e-01 6.796901933626464665e-02 4.042290574999818364e-02 3.059658126911376369e-02 6.029644520074028263e-02
4.143761889527008968e-02 4.745027635871966465e-02 4.234673248247398936e-02 3.533976325748518221e-02 4.683767325919006852e-02 7.399818473889610559e-02 4.042290574999818364e-02 2.571557643813357844e-02 2.211441483358319443e-02 4.725983412294387787e-02
4.930664096464788121e-02 5.544789216577673818e-02 4.523968033308954639e-02 3.195153227135846818e-02 3.599267163260896907e-02 5.357272510060073073e-02 3.059658126911376369e-02 2.211441483358319443e-02 2.337379441592237969e-02 5.529899452651021452e-02
1.226000510034503943e-01 1.369926479557903309e-01 1.078846808456093848e-01 7.037962291363990264e-02 7.175747812461819031e-02 1.022135671884609465e-01 6.029644520074028263e-02 4.725983412294387787e-02 5.529899452651021452e-02 1.366076225003390598e-01
9.739693493500015120e-02 6.267542494363188832e-02 7.223441539194620786e-02 6.010184091812428853e-02 7.561830519184574440e-02 7.932844691802265480e-02 8.809848572523731880e-02 6.970920241146608132e-02 1.163992340032000278e-01 1.198619558242424998e-01
6.267542494363188832e-02 4.258165823850797171e-02 5.182196435453873679e-02 4.461571039939550565e-02 5.746512021652666613e-02 6.001320896770516444e-02 6.450178653228223757e-02 4.721129195665674239e-02 7.397535336478971990e-02 7.548210927023982220e-02
7.223441539194620786e-02 5.182196435453873679e-02 6.713709180298818580e-02 6.001392180480992489e-02 7.931349168385701254e-02 8.277258119368982592e-02 8.651151535299861361e-02 5.842136075120418076e-02 8.476780328229631400e-02 8.516066965399693434e-02
6.010184091812428853e-02 4.461571039939550565e-02 6.001392180480992489e-02 5.602491767513852194e-02 7.638375062916727409e-02 8.042522136040183844e-02 8.298194598802127731e-02 5.273930923452652131e-02 7.146055038688055305e-02 7.021004187613369418e-02
7.561830519184574440e-02 5.746512021652666613e-02 7.931349168385701254e-02 7.638375062916727409e-02 1.075665204862478880e-01 1.146889257518389771e-01 1.177937310210093319e-01 7.166327072211035876e-02 9.178374060277255664e-02 8.807664669087424125e-02
7.932844691802265480e-02 6.001320896770516444e-02 8.277258119368982592e-02 8.042522136040183844e-02 1.146889257518389771e-01 1.254344872329604399e-01 1.304730444519416055e-01 7.858957057429934168e-02 9.893641714705964096e-02 9.339063844669644177e-02
8.809848572523731880e-02 6.450178653228223757e-02 8.651151535299861361e-02 8.298194598802127731e-02 1.177937310210093319e-01 1.304730444519416055e-01 1.407320440139754880e-01 8.707750563333982452e-02 1.127745905234545376e-01 1.060257170485478656e-01
6.970920241146608132e-02 4.721129195665674239e-02 5.842136075120418076e-02 5.273930923452652131e-02 7.166327072211035876e-02 7.858957057429934168e-02 8.707750563333982452e-02 6.122890431085631358e-02 9.003216947225205213e-02 8.677369045211096032e-02
1.163992340032000278e-01 7.397535336478971990e-02 8.476780328229631400e-02 7.146055038688055305e-02 9.178374060277255664e-02 9.893641714705964096e-02 1.127745905234545376e-01 9.003216947225205213e-02 1.502347736562095470e-01 1.482950439541204091e-01
1.198619558242424998e-01 7.548210927023982220e-02 8.516066965399693434e-02 7.021004187613369418e-02 8.807664669087424125e-02 9.339063844669644177e-02 1.060257170485478656e-01 8.677369045211096032e-02 1.482950439541204091e-01 1.516626676481155622e-01
2.765842910174218239e-02 2.730416920505812639e-02 4.580101386497292815e-02 5.996801757666714999e-02 6.153647074673051359e-02 4.043897619267233789e-02 5.887204660803528611e-02 6.331048453603366211e-02 3.846216265233630416e-02 2.511804952396807025e-02
2.730416920505812639e-02 2.893681716978088736e-02 5.105776049423108032e-02 6.836910004501278726e-02 6.862327212071056559e-02 4.047786125726555301e-02 5.259022442615218090e-02 5.506540081529953667e-02 3.407565487198287862e-02 2.330094801755488304e-02
4.580101386497292815e-02 5.105776049423108032e-02 9.363389367105405536e-02 1.275341827286691765e-01 1.264231438561645438e-01 6.915142156396851536e-02 8.155743127119104152e-02 8.314574784347375513e-02 5.230453976151321765e-02 3.721469843133354966e-02
5.996801757666714999e-02 6.836910004501278726e-02 1.275341827286691765e-01 1.781906006437266876e-01 1.773036097638376329e-01 9.338133396452226453e-02 1.040750135610509775e-01 1.039728255126834422e-01 6.581906929995637312e-02 4.768037874602196191e-02
6.153647074673051359e-02 6.862327212071056559e-02 1.264231438561645438e-01 1.773036097638376329e-01 1.845080859964542408e-01 9.955554644374856044e-02 1.142855418581834037e-01 1.143174722506136859e-01 7.131611483224428727e-02 5.032694360349820872e-02
4.043897619267233789e-02 4.047786125726555301e-02 6.915142156396851536e-02 9.338133396452226453e-02 9.955554644374856044e-02 6.467934354139090458e-02 9.061409382763017939e-02 9.478721466057958567e-02 5.696425822550628404e-02 3.688674056807682983e-02
5.887204660803528611e-02 5.259022442615218090e-02 8.155743127119104152e-02 1.040750135610509775e-01 1.142855418581834037e-01 9.061409382763017939e-02 1.523526565247917686e-01 1.648483396281033575e-01 9.675451842703716721e-02 5.892337527717109169e-02
6.331048453603366211e-02 5.506540081529953667e-02 8.314574784347375513e-02 1.039728255126834422e-01 1.143174722506136859e-01 9.478721466057958567e-02 1.648483396281033575e-01 1.825976470891435277e-01 1.069900248040136781e-01 6.450364803499529509e-02
3.846216265233630416e-02 3.407565487198287862e-02 5.230453976151321765e-02 6.581906929995637312e-02 7.131611483224428727e-02 5.696425822550628404e-02 9.675451842703716721e-02 1.069900248040136781e-01 6.324390243754525465e-02 3.856596308346910834e-02
2.511804952396807025e-02 2.330094801755488304e-02 3.721469843133354966e-02 4.768037874602196191e-02 5.032694360349820872e-02 3.688674056807682983e-02 5.892337527717109169e-02 6.450364803499529509e-02 3.856596308346910834e-02 2.419862382437049791e-02
9.120680997771843379e-02 6.361168181057794135e-02 6.092117364765794324e-02 6.900321016729832335e-02 6.880581552203490769e-02 8.237343354870112211e-02 6.932414539416040244e-02 6.818581536366305484e-02 9.858279909994374646e-02 1.248573193545713944e-01
6.361168181057794135e-02 4.686569951360746583e-02 4.795758406532661666e-02 5.707813744038681136e-02 5.824607044145746482e-02 6.946554657938536215e-02 5.532421707954231216e-02 5.007079698079310720e-02 6.839633065255606992e-02 8.533065800786607258e-02
6.092117364765794324e-02 4.795758406532661666e-02 5.382388154970602079e-02 6.817454998814997946e-02 7.167526543208910250e-02 8.552943599639976913e-02 6.427928605153607200e-02 5.239882016347197080e-02 6.572092554218904314e-02 7.975647068835560460e-02
6.900321016729832335e-02 5.707813744038681136e-02 6.817454998814997946e-02 9.115616633673809255e-02 9.848588888751580450e-02 1.182639058665538589e-01 8.581192490714986687e-02 6.479835194713082225e-02 7.536990884648002431e-02 8.878417798895238411e-02
6.880581552203490769e-02 5.824607044145746482e-02 7.167526543208910250e-02 9.848588888751580450e-02 1.103816641962527267e-01 1.348677806523393696e-01 9.642700660306022242e-02 6.963711597558869260e-02 7.685003322514019630e-02 8.814208303127878119e-02
8.237343354870112211e-02 6.946554657938536215e-02 8.552943599639976913e-02 1.182639058665538589e-01 1.348677806523393696e-01 1.694512225808586792e-01 1.214915212442167491e-01 8.676849425388744041e-02 9.402944359576118072e-02 1.063100371100849373e-01
6.932414539416040244e-02 5.532421707954231216e-02 6.427928605153607200e-02 8.581192490714986687e-02 9.642700660306022242e-02 1.214915212442167491e-01 9.132628733832190426e-02 6.937644517968885594e-02 7.973226899044380533e-02 9.183395520638973353e-02
6.818581536366305484e-02 5.007079698079310720e-02 5.239882016347197080e-02 6.479835194713082225e-02 6.963711597558869260e-02 8.676849425388744041e-02 6.937644517968885594e-02 6.051855732506088159e-02 7.795299778531800117e-02 9.327326319192150161e-02
9.858279909994374646e-02 6.839633065255606992e-02 6.572092554218904314e-02 7.536990884648002431e-02 7.685003322514019630e-02 9.402944359576118072e-02 7.973226899044380533e-02 7.795299778531800117e-02 1.111729973648026559e-01 1.373323798050730127e-01
1.248573193545713944e-01 8.533065800786607258e-02 7.975647068835560460e-02 8.878417798895238411e-02 8.814208303127878119e-02 1.063100371100849373e-01 9.183395520638973353e-02 9.327326319192150161e-02 1.373323798050730127e-01 1.740967138169331185e-01
2.006469675653499429e-01 1.281887464324324988e-01 6.559660260304447932e-02 6.774946870294107359e-02 7.019778845462809613e-02 9.417724992797628369e-02 9.322083114499338241e-02 8.974645612986939525e-02 9.929501142638497146e-02 1.942134764736406227e-01
1.281887464324324988e-01 8.601886392631338807e-02 4.621497505483546098e-02 5.063199217416396170e-02 5.409541321655780832e-02 7.340202674416887452e-02 7.175249381097872914e-02 6.584917884341789929e-02 6.690376594286159828e-02 1.238793524772417026e-01
6.559660260304447932e-02 4.621497505483546098e-02 2.737004575981910603e-02 3.321177551675502659e-02 3.726647354953280256e-02 5.154832802737653596e-02 4.979372871967660541e-02 4.305883630788598371e-02 3.848665175396870364e-02 6.449817546540187463e-02
6.774946870294107359e-02 5.063199217416396170e-02 3.321177551675502659e-02 4.447789309528872581e-02 5.201329432446370055e-02 7.307881681209044133e-02 7.001827016755066135e-02 5.780040570968182634e-02 4.581639719662780608e-02 6.825460280111092515e-02
7.019778845462809613e-02 5.409541321655780832e-02 3.726647354953280256e-02 5.201329432446370055e-02 6.213691256732694485e-02 8.804517743074712077e-02 8.421369298381639612e-02 6.832597293306504060e-02 5.137519650222841655e-02 7.191902075771250402e-02
9.417724992797628369e-02 7.340202674416887452e-02 5.154832802737653596e-02 7.307881681209044133e-02 8.804517743074712077e-02 1.255033547708140351e-01 1.201526083659750221e-01 9.697040105587352576e-02 7.147408392099785512e-02 9.746308230325725908e-02
9.322083114499338241e-02 7.175249381097872914e-02 4.979372871967660541e-02 7.001827016755066135e-02 8.421369298381639612e-02 1.201526083659750221e-01 1.158223782037979821e-01 9.420697407730155293e-02 7.027607320643786126e-02 9.699674096743213236e-02
8.974645612986939525e-02 6.584917884341789929e-02 4.305883630788598371e-02 5.780040570968182634e-02 6.832597293306504060e-02 9.697040105587352576e-02 9.420697407730155293e-02 7.931664960581771839e-02 6.318463699420191759e-02 9.346349469726283887e-02
9.929501142638497146e-02 6.690376594286159828e-02 3.848665175396870364e-02 4.581639719662780608e-02 5.137519650222841655e-02 7.147408392099785512e-02 7.027607320643786126e-02 6.318463699420191759e-02 5.983720981040138720e-02 1.026243032469579541e-01
1.942134764736406227e-01 1.238793524772417026e-01 6.449817546540187463e-02 6.825460280111092515e-02 7.191902075771250402e-02 9.746308230325725908e-02 9.699674096743213236e-02 9.346349469726283887e-02 1.026243032469579541e-01 1.988697246950708042e-01
5.872415194315330073e-02 6.603971028068897353e-02 6.421891856011230360e-02 6.446569019470570205e-02 6.412459428793210181e-02 4.146529256715636436e-02 6.334655144279643935e-02 8.208887385930392633e-02 9.002904527269130208e-02 9.440040021836614004e-02
6.603971028068897353e-02 8.120921007871306774e-02 8.162218227377499025e-02 8.266772318894802241e-02 8.151108702895203117e-02 5.029824007273347997e-02 7.198129942973108264e-02 8.791840410397912253e-02 9.251755477387607618e-02 9.805177190792413455e-02
6.421891856011230360e-02 8.162218227377499025e-02 8.408327837051159104e-02 8.599782499464349306e-02 8.483036710847692563e-02 5.154551966807408708e-02 7.199796933935330434e-02 8.552492942136646903e-02 8.753775477627677437e-02 9.241722424977803774e-02
6.446569019470570205e-02 8.266772318894802241e-02 8.599782499464349306e-02 8.895919454106537838e-02 8.818865047437558780e-02 5.354364043503178489e-02 7.456604198807340045e-02 8.776324513803901439e-02 8.827896841960919394e-02 9.217569374255754622e-02
6.412459428793210181e-02 8.151108702895203117e-02 8.483036710847692563e-02 8.818865047437558780e-02 8.829261869934629248e-02 5.422267493005843153e-02 7.662819815686319758e-02 9.074095418661731749e-02 9.048087271485959204e-02 9.288865944859048263e-02
4.146529256715636436e-02 5.029824007273347997e-02 5.154551966807408708e-02 5.354364043503178489e-02 5.422267493005843153e-02 3.488853123778847681e-02 5.230458438073502803e-02 6.424234776990890572e-02 6.408026630940300006e-02 6.342608108967720537e-02
6.334655144279643935e-02 7.198129942973108264e-02 7.199796933935330434e-02 7.456604198807340045e-02 7.662819815686319758e-02 5.230458438073502803e-02 8.476355497344548184e-02 1.088092605072716601e-01 1.088662072137133452e-01 1.036287637949704910e-01
8.208887385930392633e-02 8.791840410397912253e-02 8.552492942136646903e-02 8.776324513803901439e-02 9.074095418661731749e-02 6.424234776990890572e-02 1.088092605072716601e-01 1.476870166084325864e-01 1.510005936138615612e-01 1.414649874794139950e-01
9.002904527269130208e-02 9.251755477387607618e-02 8.753775477627677437e-02 8.827896841960919394e-02 9.048087271485959204e-02 6.408026630940300006e-02 1.088662072137133452e-01 1.510005936138615612e-01 1.664840496025220273e-01 1.597652336090832348e-01
9.440040021836614004e-02 9.805177190792413455e-02 9.241722424977803774e-02 9.217569374255754622e-02 9.288865944859048263e-02 6.342608108967720537e-02 1.036287637949704910e-01 1.414649874794139950e-01 1.597652336090832348e-01 1.649083939450217418e-01
1.835263365085762488e-01 1.527331646716648672e-01 1.267678978540268397e-01 6.264775402846081698e-02 8.420692500258744606e-02 9.320089175129664394e-02 1.000135480571861940e-01 8.353673200325462123e-02 1.030532832558317263e-01 1.655237924442236053e-01
1.527331646716648672e-01 1.393720679036160870e-01 1.197406729099439182e-01 5.910059133641323154e-02 7.915998910091273655e-02 8.688929530656895606e-02 9.184785942967557681e-02 7.415028973850237848e-02 8.704499952857892853e-02 1.351986424424080624e-01
1.267678978540268397e-01 1.197406729099439182e-01 1.092039564779612171e-01 5.531215526542100636e-02 7.609102770125224235e-02 8.397912569517052006e-02 8.816125093869744966e-02 6.903273984493210613e-02 7.682637740733636034e-02 1.139303738222335050e-01
6.264775402846081698e-02 5.910059133641323154e-02 5.531215526542100636e-02 2.958875663658272481e-02 4.291996107406719635e-02 4.818413793974934273e-02 5.066780933257891001e-02 3.885307087271194088e-02 4.135955146927769444e-02 5.849487445038967226e-02
8.420692500258744606e-02 7.915998910091273655e-02 7.609102770125224235e-02 4.291996107406719635e-02 6.564023901680433870e-02 7.489902500495033977e-02 7.894016160455248621e-02 5.948592620157981681e-02 6.083070027015557296e-02 8.205855602101772006e-02
9.320089175129664394e-02 8.688929530656895606e-02 8.397912569517052006e-02 4.818413793974934273e-02 7.489902500495033977e-02 8.632473101245342895e-02 9.133217698698217757e-02 6.865413788113289284e-02 6.956915023970240697e-02 9.256086293186149838e-02
1.000135480571861940e-01 9.184785942967557681e-02 8.816125093869744966e-02 5.066780933257891001e-02 7.894016160455248621e-02 9.133217698698217757e-02 9.734494170652072120e-02 7.362289729691993967e-02 7.513610210497936870e-02 1.002922824775019928e-01
8.353673200325462123e-02 7.415028973850237848e-02 6.903273984493210613e-02 3.885307087271194088e-02 5.948592620157981681e-02 6.865413788113289284e-02 7.362289729691993967e-02 5.720323964118500387e-02 6.076387198907943349e-02 8.382689375029023227e-02
1.030532832558317263e-01 8.704499952857892853e-02 7.682637740733636034e-02 4.135955146927769444e-02 6.083070027015557296e-02 6.956915023970240697e-02 7.513610210497936870e-02 6.076387198907943349e-02 6.993100996338250108e-02 1.026582565109846606e-01
1.655237924442236053e-01 1.351986424424080624e-01 1.139303738222335050e-01 5.849487445038967226e-02 8.205855602101772006e-02 9.256086293186149838e-02 1.002922824775019928e-01 8.382689375029023227e-02 1.026582565109846606e-01 1.618647211329178603e-01
1.084160686383811162e-01 9.568371920528132013e-02 7.020127723912822360e-02 6.782717764594331511e-02 9.054963280844580131e-02 6.351212759631022498e-02 6.689091597133883793e-02 5.871523679223410175e-02 9.866959390039239941e-02 1.413801761956653413e-01
9.568371920528132013e-02 9.080356753945677262e-02 7.089172442768232330e-02 7.252744850932699161e-02 9.913422089672402349e-02 6.743334076240771469e-02 6.707893014452132041e-02 5.436760815222370369e-02 8.586980938097829585e-02 1.207136545452870413e-01
7.020127723912822360e-02 7.089172442768232330e-02 6.137032835103740924e-02 6.851177083191392625e-02 9.717562328571230368e-02 6.443305678602471998e-02 6.051227916478443131e-02 4.438888532913903839e-02 6.387947472737118271e-02 8.642545984002145132e-02
6.782717764594331511e-02 7.252744850932699161e-02 6.851177083191392625e-02 8.358542822078451895e-02 1.227962818302689163e-01 8.016682080558401591e-02 7.225566020116908073e-02 4.863359869839275346e-02 6.348584029874057566e-02 8.182973438568273694e-02
9.054963280844580131e-02 9.913422089672402349e-02 9.717562328571230368e-02 1.227962818302689163e-01 1.845546159509962036e-01 1.200821018100599186e-01 1.067890686249769183e-01 6.942162808736351831e-02 8.657347943561234660e-02 1.086164287935366263e-01
6.351212759631022498e-02 6.743334076240771469e-02 6.443305678602471998e-02 8.016682080558401591e-02 1.200821018100599186e-01 7.939882769968847898e-02 7.200084242104549948e-02 4.793122097728986369e-02 6.142603534185378522e-02 7.779116740926504681e-02
6.689091597133883793e-02 6.707893014452132041e-02 6.051227916478443131e-02 7.225566020116908073e-02 1.067890686249769183e-01 7.200084242104549948e-02 6.813391371696603249e-02 4.793076165288250728e-02 6.526780036238183369e-02 8.465429969892990236e-02
5.871523679223410175e-02 5.436760815222370369e-02 4.438888532913903839e-02 4.863359869839275346e-02 6.942162808736351831e-02 4.793122097728986369e-02 4.793076165288250728e-02 3.768865247008201108e-02 5.703963210266872752e-02 7.712103512147090723e-02
9.866959390039239941e-02 8.586980938097829585e-02 6.387947472737118271e-02 6.348584029874057566e-02 8.657347943561234660e-02 6.142603534185378522e-02 6.526780036238183369e-02 5.703963210266872752e-02 9.501463708153773391e-02 1.329012539254857406e-01
1.413801761956653413e-01 1.207136545452870413e-01 8.642545984002145132e-02 8.182973438568273694e-02 1.086164287935366263e-01 7.779116740926504681e-02 8.465429969892990236e-02 7.712103512147090723e-02 1.329012539254857406e-01 1.910339603310698409e-01
6.730902625810140927e-02 5.432818216311961768e-02 5.820839373633725222e-02 7.328528941387987827e-02 6.996871240293159322e-02 7.306788237623446092e-02 5.818673422496126874e-02 6.848266117539097975e-02 9.859687495038474414e-02 8.857626401165588637e-02
5.432818216311961768e-02 4.725341251406803278e-02 5.458878403004355229e-02 7.189238485517374100e-02 6.857652244136791531e-02 6.899022304837240660e-02 5.083542685094841196e-02 5.507841322430864078e-02 7.634352958616004436e-02 6.894315180984328384e-02
5.820839373633725222e-02 5.458878403004355229e-02 6.880768397079768672e-02 9.507057783481268065e-02 9.109370042202299955e-02 8.899197818483739475e-02 6.076547362486102444e-02 5.971969990535698491e-02 7.851763769063821452e-02 7.104089443978056639e-02
7.328528941387987827e-02 7.189238485517374100e-02 9.507057783481268065e-02 1.369102890809455741e-01 1.326122349099698450e-01 1.281863683552338096e-01 8.375179586460049230e-02 7.694765168519454579e-02 9.688600415648103426e-02 8.737438045276346710e-02
6.996871240293159322e-02 6.857652244136791531e-02 9.109370042202299955e-02 1.326122349099698450e-01 1.329478826894988086e-01 1.306325499926874745e-01 8.466980400488625935e-02 7.617315084476972142e-02 9.411157588119437034e-02 8.393243547574494312e-02
7.306788237623446092e-02 6.899022304837240660e-02 8.899197818483739475e-02 1.281863683552338096e-01 1.306325499926874745e-01 1.340108918622612000e-01 8.896553949370474002e-02 8.199689182471102400e-02 1.023035239065706176e-01 9.011461540919031565e-02
5.818673422496126874e-02 5.083542685094841196e-02 6.076547362486102444e-02 8.375179586460049230e-02 8.466980400488625935e-02 8.896553949370474002e-02 6.429073771723353703e-02 6.522806267598994789e-02 8.573950580942454880e-02 7.505514527078457898e-02
6.848266117539097975e-02 5.507841322430864078e-02 5.971969990535698491e-02 7.694765168519454579e-02 7.617315084476972142e-02 8.199689182471102400e-02 6.522806267598994789e-02 7.528966286326177482e-02 1.052371144487777022e-01 9.199981225629591530e-02
9.859687495038474414e-02 7.634352958616004436e-02 7.851763769063821452e-02 9.688600415648103426e-02 9.411157588119437034e-02 1.023035239065706176e-01 8.573950580942454880e-02 1.052371144487777022e-01 1.532821761629356294e-01 1.345208851728098010e-01
8.857626401165588637e-02 6.894315180984328384e-02 7.104089443978056639e-02 8.737438045276346710e-02 8.393243547574494312e-02 9.011461540919031565e-02 7.505514527078457898e-02 9.199981225629591530e-02 1.345208851728098010e-01 1.198982368808964721e-01
