2.044411337818525798e-01 2.222374542873034042e-01 9.007818598367503538e-02 3.646643440780301948e-02 9.057986909792840532e-03 -8.960727831282813347e-04 -8.815288325412409809e-03 -2.053425675336066625e-02 -1.819077145198357004e-02 -3.972460514068929666e-02 -8.429933846132833808e-02 -2.282614439679781504e-01
2.222374542873034042e-01 3.247194176459460291e-01 1.410085973890165545e-01 9.276253071742024403e-02 3.063108763805394430e-02 1.206246273235467292e-02 1.034251272239844737e-03 -1.043615215433079876e-02 -1.452477784681897172e-02 -3.605749453063405996e-02 -7.482651188089296801e-02 -1.938194743221460514e-01
9.007818598367503538e-02 1.410085973890165545e-01 9.234708143644365652e-02 1.471221183717605352e-01 4.828550259246534859e-02 2.224522775284872023e-02 1.311844595026043052e-02 1.154424172511336194e-02 -1.327343425689907729e-04 -1.074773406457513354e-02 -2.673887688818494396e-02 -7.338999852357602771e-02
3.646643440780301948e-02 9.276253071742024403e-02 1.471221183717605352e-01 4.196560045571509634e-01 1.345477041355068737e-01 6.169394432327167388e-02 4.097197650532324875e-02 4.695055402362688368e-02 1.581451845179225602e-02 7.368527209700185751e-03 2.081443928930361981e-03 -6.205254634855236415e-03
9.057986909792840532e-03 3.063108763805394430e-02 4.828550259246534859e-02 1.345477041355068737e-01 4.599522557612832629e-02 2.561810561468792075e-02 2.434813539136489180e-02 3.657102244689455078e-02 1.196488056069452098e-02 5.997638860726415069e-03 3.964804937018939594e-03 4.655330212526216302e-03
-8.960727831282813347e-04 1.206246273235467292e-02 2.224522775284872023e-02 6.169394432327167388e-02 2.561810561468792075e-02 2.484005805987685167e-02 4.076029969957377375e-02 7.729442396097160883e-02 2.402123455454014192e-02 1.082705668964170295e-02 7.074479645908940753e-03 1.141913837090763328e-02
-8.815288325412409809e-03 1.034251272239844737e-03 1.311844595026043052e-02 4.097197650532324875e-02 2.434813539136489180e-02 4.076029969957377375e-02 8.616443874510809620e-02 1.751726331016756899e-01 5.326197924583801757e-02 2.215870799969666544e-02 1.243069095645335173e-02 1.917613895690811060e-02
-2.053425675336066625e-02 -1.043615215433079876e-02 1.154424172511336194e-02 4.695055402362688368e-02 3.657102244689455078e-02 7.729442396097160883e-02 1.751726331016756899e-01 3.643553435604183210e-01 1.100133115829287078e-01 4.447480306023350594e-02 2.317372778630583802e-02 3.416471454629044224e-02
-1.819077145198357004e-02 -1.452477784681897172e-02 -1.327343425689907729e-04 1.581451845179225602e-02 1.196488056069452098e-02 2.402123455454014192e-02 5.326197924583801757e-02 1.100133115829287078e-01 3.417348612739738722e-02 1.620448096348291178e-02 1.308129789976138907e-02 2.678735812781115819e-02
-3.972460514068929666e-02 -3.605749453063405996e-02 -1.074773406457513354e-02 7.368527209700185751e-03 5.997638860726415069e-03 1.082705668964170295e-02 2.215870799969666544e-02 4.447480306023350594e-02 1.620448096348291178e-02 1.392938844813100888e-02 2.183268788095846583e-02 5.625205361745436172e-02
-8.429933846132833808e-02 -7.482651188089296801e-02 -2.673887688818494396e-02 2.081443928930361981e-03 3.964804937018939594e-03 7.074479645908940753e-03 1.243069095645335173e-02 2.317372778630583802e-02 1.308129789976138907e-02 2.183268788095846583e-02 4.487550405366040607e-02 1.228269963589866121e-01
-2.282614439679781504e-01 -1.938194743221460514e-01 -7.338999852357602771e-02 -6.205254634855236415e-03 4.655330212526216302e-03 1.141913837090763328e-02 1.917613895690811060e-02 3.416471454629044224e-02 2.678735812781115819e-02 5.625205361745436172e-02 1.228269963589866121e-01 3.445029180078857389e-01
6.448229172713411395e-02 1.146416333201994431e-01 7.313758576688912660e-02 8.824455077184643892e-02 5.225171029295777592e-02 3.682905481263756831e-02 7.260354265668876768e-03 -1.990066482030001388e-02 -5.013414038111317639e-02 -3.655804778234626740e-02 -5.356231352635174026e-02 -7.579076573625129210e-02
1.146416333201994431e-01 2.150922699619828848e-01 1.395747921971690064e-01 1.713781981385951725e-01 1.056816602235639002e-01 8.651056663571360383e-02 3.888089229051518159e-02 -1.219392388252854217e-02 -5.971125344228420118e-02 -5.159241557527961125e-02 -8.509812477304905254e-02 -1.268918477891827767e-01
7.313758576688912660e-02 1.395747921971690064e-01 1.096591491206955205e-01 1.640706952378302996e-01 9.685396419583278127e-02 7.800644066661804876e-02 4.246207492848025344e-02 3.967089345331945363e-03 -2.703613684831896596e-02 -2.852012761449380235e-02 -5.172837683104780648e-02 -7.924152259420320921e-02
8.824455077184643892e-02 1.713781981385951725e-01 1.640706952378302996e-01 3.035466809875491112e-01 1.733849669012225148e-01 1.371293849968966971e-01 8.358908316141094863e-02 2.618233752312659757e-02 -1.182302566657401910e-02 -2.645500756143830817e-02 -5.830659960255479835e-02 -9.329378385213954461e-02
5.225171029295777592e-02 1.056816602235639002e-01 9.685396419583278127e-02 1.733849669012225148e-01 1.176869242436121149e-01 1.175555522084394539e-01 9.062342684179816588e-02 4.845577949490528780e-02 3.301637571224299433e-02 1.027911942027935751e-03 -2.462447143217861428e-02 -4.982792244017345690e-02
3.682905481263756831e-02 8.651056663571360383e-02 7.800644066661804876e-02 1.371293849968966971e-01 1.175555522084394539e-01 1.611615922523713662e-01 1.528910700418336932e-01 1.051486008734115879e-01 1.086273724735131174e-01 3.668810977506307969e-02 4.770650253161626622e-03 -2.212381138933225411e-02
7.260354265668876768e-03 3.888089229051518159e-02 4.246207492848025344e-02 8.358908316141094863e-02 9.062342684179816588e-02 1.528910700418336932e-01 1.714583533094396761e-01 1.364220533556924075e-01 1.647816923181205095e-01 6.663383611887747915e-02 3.758400486822963821e-02 1.771898548505758397e-02
-1.990066482030001388e-02 -1.219392388252854217e-02 3.967089345331945363e-03 2.618233752312659757e-02 4.845577949490528780e-02 1.051486008734115879e-01 1.364220533556924075e-01 1.341755500859778960e-01 2.111583851355308961e-01 8.251948807059837632e-02 5.680568592146319207e-02 4.692562609762492704e-02
-5.013414038111317639e-02 -5.971125344228420118e-02 -2.703613684831896596e-02 -1.182302566657401910e-02 3.301637571224299433e-02 1.086273724735131174e-01 1.647816923181205095e-01 2.111583851355308961e-01 5.014056697236078941e-01 1.606522683537684459e-01 1.010316122681569340e-01 8.988401016223071527e-02
-3.655804778234626740e-02 -5.159241557527961125e-02 -2.852012761449380235e-02 -2.645500756143830817e-02 1.027911942027935751e-03 3.668810977506307969e-02 6.663383611887747915e-02 8.251948807059837632e-02 1.606522683537684459e-01 6.548227104102584406e-02 5.402376373935200565e-02 5.655089868285690519e-02
-5.356231352635174026e-02 -8.509812477304905254e-02 -5.172837683104780648e-02 -5.830659960255479835e-02 -2.462447143217861428e-02 4.770650253161626622e-03 3.758400486822963821e-02 5.680568592146319207e-02 1.010316122681569340e-01 5.402376373935200565e-02 5.958396983373671213e-02 7.270130970445694285e-02
-7.579076573625129210e-02 -1.268918477891827767e-01 -7.924152259420320921e-02 -9.329378385213954461e-02 -4.982792244017345690e-02 -2.212381138933225411e-02 1.771898548505758397e-02 4.692562609762492704e-02 8.988401016223071527e-02 5.655089868285690519e-02 7.270130970445694285e-02 9.626527771286713664e-02
3.399764623327920787e-02 4.745174262779816576e-02 8.016640572597373560e-02 7.706390062893204995e-02 3.362677169097023216e-02 3.672013007178964901e-03 -2.329469179006397883e-02 -3.189547463981792785e-02 -5.223532114893901512e-02 -4.685300875718621805e-02 -5.450470540642313177e-02 -4.202187032197478994e-02
4.745174262779816576e-02 7.967186140677148809e-02 1.464046413285382264e-01 1.446292416641292711e-01 7.490367540065409613e-02 3.843555518277538136e-02 7.890258430784374138e-03 -1.447391592588398966e-02 -3.674966746814969931e-02 -3.859681751779876074e-02 -5.162297859098478880e-02 -4.671884191401022568e-02
8.016640572597373560e-02 1.464046413285382264e-01 2.869746380661492013e-01 2.868554558871074800e-01 1.518258313318503472e-01 9.277362968921243347e-02 4.717042696055556705e-02 4.953461422269114789e-04 -3.298612478909020151e-02 -4.403593744540167110e-02 -6.790756736026007379e-02 -6.933381971332625016e-02
7.706390062893204995e-02 1.446292416641292711e-01 2.868554558871074800e-01 4.161964832006107562e-01 1.968072038812388458e-01 1.194010751769523232e-01 7.370970717429306540e-02 1.992744873793360350e-02 -1.056272342601030471e-02 -2.829843409057943709e-02 -5.361617141448889179e-02 -6.127786386987490314e-02
3.362677169097023216e-02 7.490367540065409613e-02 1.518258313318503472e-01 1.968072038812388458e-01 1.146900155710002811e-01 9.170715340618584843e-02 8.153730384285266808e-02 4.383818436635410210e-02 3.430964435181118460e-02 1.453177920806947125e-02 -1.073487357249307966e-05 -1.538955813845167310e-02
3.672013007178964901e-03 3.843555518277538136e-02 9.277362968921243347e-02 1.194010751769523232e-01 9.170715340618584843e-02 1.102191164318869349e-01 1.334795584356944231e-01 9.253035458673865288e-02 9.900811653669999712e-02 6.692361477846145434e-02 5.702558912615394993e-02 2.625662895874572578e-02
-2.329469179006397883e-02 7.890258430784374138e-03 4.717042696055556705e-02 7.370970717429306540e-02 8.153730384285266808e-02 1.334795584356944231e-01 1.927933956552220496e-01 1.469421389136526535e-01 1.693211013781867891e-01 1.199765745951932860e-01 1.120854412637556780e-01 6.558074928461787856e-02
-3.189547463981792785e-02 -1.447391592588398966e-02 4.953461422269114789e-04 1.992744873793360350e-02 4.383818436635410210e-02 9.253035458673865288e-02 1.469421389136526535e-01 1.330608843800724916e-01 1.773361761052302255e-01 1.209917097437363254e-01 1.096842754175419710e-01 6.721900093962746014e-02
-5.223532114893901512e-02 -3.674966746814969931e-02 -3.298612478909020151e-02 -1.056272342601030471e-02 3.430964435181118460e-02 9.900811653669999712e-02 1.693211013781867891e-01 1.773361761052302255e-01 2.860167815498534383e-01 1.876318846936936291e-01 1.617604633823355731e-01 9.944400618933645075e-02
-4.685300875718621805e-02 -3.859681751779876074e-02 -4.403593744540167110e-02 -2.829843409057943709e-02 1.453177920806947125e-02 6.692361477846145434e-02 1.199765745951932860e-01 1.209917097437363254e-01 1.876318846936936291e-01 1.429376207844175461e-01 1.339165720598698706e-01 8.428872618846068587e-02
-5.450470540642313177e-02 -5.162297859098478880e-02 -6.790756736026007379e-02 -5.361617141448889179e-02 -1.073487357249307966e-05 5.702558912615394993e-02 1.120854412637556780e-01 1.096842754175419710e-01 1.617604633823355731e-01 1.339165720598698706e-01 1.399077186327110645e-01 9.149360442494856860e-02
-4.202187032197478994e-02 -4.671884191401022568e-02 -6.933381971332625016e-02 -6.127786386987490314e-02 -1.538955813845167310e-02 2.625662895874572578e-02 6.558074928461787856e-02 6.721900093962746014e-02 9.944400618933645075e-02 8.428872618846068587e-02 9.149360442494856860e-02 6.353383808802531840e-02
3.662615580013667271e-01 2.270720943318305929e-01 1.809912993422565231e-01 1.246584121741003415e-01 7.516992964454285997e-02 4.070031067542501102e-02 1.327185160360646460e-02 -1.810240011381700990e-03 -1.535140794138150841e-02 -4.232248090038678162e-02 -7.973911131302224842e-02 -1.935344589434977725e-01
2.270720943318305929e-01 1.926736795966240701e-01 1.759632419111084312e-01 1.237280901186554316e-01 7.680321206479659435e-02 4.602387774889345889e-02 2.326947500614504408e-02 2.242262346301451131e-02 9.831856628051301866e-03 -6.093812246216308293e-03 -4.669260485270494698e-02 -1.267860106512752605e-01
1.809912993422565231e-01 1.759632419111084312e-01 1.857910787616914861e-01 1.348891735346937348e-01 8.622179062449905618e-02 5.532040923041094821e-02 3.372835353922559731e-02 4.382613645219099463e-02 2.988669939528033892e-02 1.924750689426101696e-02 -3.000147084115908219e-02 -1.031656289687420403e-01
1.246584121741003415e-01 1.237280901186554316e-01 1.348891735346937348e-01 1.030718986251311503e-01 6.955821179376094066e-02 4.896994039064140464e-02 3.562133973479190974e-02 5.524853466385415413e-02 4.263838515197765355e-02 3.803502533057429025e-02 -8.908252281822747615e-03 -6.579880849498880024e-02
7.516992964454285997e-02 7.680321206479659435e-02 8.622179062449905618e-02 6.955821179376094066e-02 5.148623450099698573e-02 4.138815460211602015e-02 3.627512338492236421e-02 6.424872891795273266e-02 5.279136775185375163e-02 5.265013227557752140e-02 9.430238492852524926e-03 -3.204796196606756603e-02
4.070031067542501102e-02 4.602387774889345889e-02 5.532040923041094821e-02 4.896994039064140464e-02 4.138815460211602015e-02 3.938287482317707339e-02 4.100128866318423354e-02 7.964564664111127568e-02 6.759445410764602924e-02 7.042721322771083869e-02 2.599607210354962922e-02 -6.557439757649394588e-03
1.327185160360646460e-02 2.326947500614504408e-02 3.372835353922559731e-02 3.562133973479190974e-02 3.627512338492236421e-02 4.100128866318423354e-02 4.908504847389539433e-02 1.013967610340933551e-01 8.731952754368410563e-02 9.178845268955908299e-02 4.276132215292303973e-02 1.554283395304804222e-02
-1.810240011381700990e-03 2.242262346301451131e-02 4.382613645219099463e-02 5.524853466385415413e-02 6.424872891795273266e-02 7.964564664111127568e-02 1.013967610340933551e-01 2.157712061623717759e-01 1.868507091132995679e-01 1.956706878202285060e-01 9.756319428479148792e-02 5.107097671987688436e-02
-1.535140794138150841e-02 9.831856628051301866e-03 2.988669939528033892e-02 4.263838515197765355e-02 5.279136775185375163e-02 6.759445410764602924e-02 8.731952754368410563e-02 1.868507091132995679e-01 1.837645949341318585e-01 2.260980994042338377e-01 1.058300499364732555e-01 5.808361436413315981e-02
-4.232248090038678162e-02 -6.093812246216308293e-03 1.924750689426101696e-02 3.803502533057429025e-02 5.265013227557752140e-02 7.042721322771083869e-02 9.178845268955908299e-02 1.956706878202285060e-01 2.260980994042338377e-01 3.966861304978818170e-01 1.675736690619856750e-01 9.184497277423719908e-02
-7.973911131302224842e-02 -4.669260485270494698e-02 -3.000147084115908219e-02 -8.908252281822747615e-03 9.430238492852524926e-03 2.599607210354962922e-02 4.276132215292303973e-02 9.756319428479148792e-02 1.058300499364732555e-01 1.675736690619856750e-01 8.876329713783473463e-02 7.796205451078630499e-02
-1.935344589434977725e-01 -1.267860106512752605e-01 -1.031656289687420403e-01 -6.579880849498880024e-02 -3.204796196606756603e-02 -6.557439757649394588e-03 1.554283395304804222e-02 5.107097671987688436e-02 5.808361436413315981e-02 9.184497277423719908e-02 7.796205451078630499e-02 1.272623984848973155e-01
1.168423724764865584e-01 8.074387369796579006e-02 4.212769738227271910e-02 7.716865868304453868e-02 5.963734824956330033e-02 2.273880636207824962e-02 -6.843928259562712460e-03 -4.151480612823223171e-02 -7.135605802064132197e-02 -7.025530895667581044e-02 -7.423201309502804046e-02 -1.636793879580025202e-01
8.074387369796579006e-02 6.357790005226097996e-02 4.277666439611223920e-02 9.807133634043131709e-02 7.706579440809530057e-02 3.767872382225616323e-02 1.338636145871211630e-02 -9.705861055272659368e-03 -3.361238270300662828e-02 -3.800607300217415108e-02 -4.538161157794227268e-02 -1.055008707982817012e-01
4.212769738227271910e-02 4.277666439611223920e-02 4.376423979270339937e-02 1.319770850696238007e-01 8.868707431133074359e-02 4.675691257429743369e-02 2.880238996123908254e-02 1.812086138028873999e-02 2.303621185074622782e-03 -6.844312960182974762e-03 -1.667487535440294322e-02 -4.643854792195491882e-02
7.716865868304453868e-02 9.807133634043131709e-02 1.319770850696238007e-01 4.646604739854717225e-01 2.624837900055900231e-01 1.354559181696367298e-01 9.153448740993191945e-02 7.488808529896831545e-02 4.114640433519405061e-02 1.160412969867502010e-02 -1.762417623969628200e-02 -6.929621040569462764e-02
5.963734824956330033e-02 7.706579440809530057e-02 8.868707431133074359e-02 2.624837900055900231e-01 2.260840992173068220e-01 1.289528055843008891e-01 9.533146558052331410e-02 8.788110156913431226e-02 6.166647172574346580e-02 2.878509078861738596e-02 -5.000999767092751194e-03 -4.723800544190435990e-02
2.273880636207824962e-02 3.767872382225616323e-02 4.675691257429743369e-02 1.354559181696367298e-01 1.289528055843008891e-01 8.119914651303528075e-02 6.787267806348949717e-02 7.343699579284118650e-02 6.503356275884611404e-02 3.727647157892164526e-02 9.763607244366496324e-03 -8.145950232811635314e-03
-6.843928259562712460e-03 1.338636145871211630e-02 2.880238996123908254e-02 9.153448740993191945e-02 9.533146558052331410e-02 6.787267806348949717e-02 7.023649781173635365e-02 9.585192307805417977e-02 1.066964458151669071e-01 6.638118914044827124e-02 3.073499850512050394e-02 3.047534386741142243e-02
-4.151480612823223171e-02 -9.705861055272659368e-03 1.812086138028873999e-02 7.488808529896831545e-02 8.788110156913431226e-02 7.343699579284118650e-02 9.585192307805417977e-02 1.626557130378004090e-01 2.107141529268507230e-01 1.283849173610386030e-01 6.504047231626727821e-02 8.164079998580872632e-02
-7.135605802064132197e-02 -3.361238270300662828e-02 2.303621185074622782e-03 4.114640433519405061e-02 6.166647172574346580e-02 6.503356275884611404e-02 1.066964458151669071e-01 2.107141529268507230e-01 3.378469833052608062e-01 1.950462448783602809e-01 9.552616105290735737e-02 1.217924614927466676e-01
-7.025530895667581044e-02 -3.800607300217415108e-02 -6.844312960182974762e-03 1.160412969867502010e-02 2.878509078861738596e-02 3.727647157892164526e-02 6.638118914044827124e-02 1.283849173610386030e-01 1.950462448783602809e-01 1.330169452007386455e-01 7.633914433092721386e-02 1.136758155585771563e-01
-7.423201309502804046e-02 -4.538161157794227268e-02 -1.667487535440294322e-02 -1.762417623969628200e-02 -5.000999767092751194e-03 9.763607244366496324e-03 3.073499850512050394e-02 6.504047231626727821e-02 9.552616105290735737e-02 7.633914433092721386e-02 6.000622315253931888e-02 1.124906386102102751e-01
-1.636793879580025202e-01 -1.055008707982817012e-01 -4.643854792195491882e-02 -6.929621040569462764e-02 -4.723800544190435990e-02 -8.145950232811635314e-03 3.047534386741142243e-02 8.164079998580872632e-02 1.217924614927466676e-01 1.136758155585771563e-01 1.124906386102102751e-01 2.401094054546592527e-01
1.219208226983970467e-01 1.558006323059215048e-01 9.881539767693331422e-02 7.378103689954282340e-02 6.543618078455322451e-02 3.837989707123396627e-02 -7.943024717318921193e-03 -6.158616872399515912e-02 -5.568819677666797530e-02 -8.372242702206413034e-02 -1.059353010094244846e-01 -7.716744177108833536e-02
1.558006323059215048e-01 2.149964331715920329e-01 1.401041484345324772e-01 1.095377157456430134e-01 1.048614878451948895e-01 7.551571592394010213e-02 4.491077950150560230e-03 -5.825373707137805612e-02 -5.717210935075588141e-02 -8.879816344526796079e-02 -1.149911716959441665e-01 -9.063731079353080922e-02
9.881539767693331422e-02 1.401041484345324772e-01 1.020919661008494878e-01 9.278954487517650229e-02 1.026412672516179569e-01 8.643182894277418038e-02 2.026227320428214060e-02 -1.840468716638556795e-02 -2.919016858992536101e-02 -5.274053054427006726e-02 -7.068245799853087319e-02 -5.672009938069946106e-02
7.378103689954282340e-02 1.095377157456430134e-01 9.278954487517650229e-02 1.058809724199730878e-01 1.401031431388916060e-01 1.355659187338172922e-01 4.698550387518468652e-02 2.288485006509870245e-02 -7.137103171672667945e-03 -3.154636535652856344e-02 -4.801201314614912674e-02 -4.079864850427647460e-02
6.543618078455322451e-02 1.048614878451948895e-01 1.026412672516179569e-01 1.401031431388916060e-01 2.241947413851057280e-01 2.461762785212374127e-01 9.396891382951705340e-02 7.979525186854757868e-02 1.986357573231577883e-02 -1.062349533007017795e-02 -2.976596838776371379e-02 -3.179228983766786004e-02
3.837989707123396627e-02 7.551571592394010213e-02 8.643182894277418038e-02 1.355659187338172922e-01 2.461762785212374127e-01 3.731176849409089114e-01 1.411810926011219935e-01 1.370907877190774005e-01 5.449101251049125183e-02 2.763267424048609922e-02 1.136140449851608114e-02 -8.319163588615357055e-03
-7.943024717318921193e-03 4.491077950150560230e-03 2.026227320428214060e-02 4.698550387518468652e-02 9.396891382951705340e-02 1.411810926011219935e-01 8.151507129004381680e-02 1.420281158719298997e-01 6.337937845650483404e-02 4.489121840272360109e-02 3.739570863563022873e-02 1.586923653363230685e-02
-6.158616872399515912e-02 -5.825373707137805612e-02 -1.840468716638556795e-02 2.288485006509870245e-02 7.979525186854757868e-02 1.370907877190774005e-01 1.420281158719298997e-01 3.629620215456963450e-01 1.642589462136882505e-01 1.209552985548084936e-01 1.084790259313156702e-01 5.816015674763930915e-02
-5.568819677666797530e-02 -5.717210935075588141e-02 -2.919016858992536101e-02 -7.137103171672667945e-03 1.986357573231577883e-02 5.449101251049125183e-02 6.337937845650483404e-02 1.642589462136882505e-01 9.016890576723188278e-02 8.688558353855745098e-02 8.930325913419037698e-02 4.996750309212540098e-02
-8.372242702206413034e-02 -8.879816344526796079e-02 -5.274053054427006726e-02 -3.154636535652856344e-02 -1.062349533007017795e-02 2.763267424048609922e-02 4.489121840272360109e-02 1.209552985548084936e-01 8.688558353855745098e-02 1.122811862905851998e-01 1.278393039770055195e-01 7.331208274560571669e-02
-1.059353010094244846e-01 -1.149911716959441665e-01 -7.068245799853087319e-02 -4.801201314614912674e-02 -2.976596838776371379e-02 1.136140449851608114e-02 3.739570863563022873e-02 1.084790259313156702e-01 8.930325913419037698e-02 1.278393039770055195e-01 1.531327214443457263e-01 8.989438142200129045e-02
-7.716744177108833536e-02 -9.063731079353080922e-02 -5.672009938069946106e-02 -4.079864850427647460e-02 -3.179228983766786004e-02 -8.319163588615357055e-03 1.586923653363230685e-02 5.816015674763930915e-02 4.996750309212540098e-02 7.331208274560571669e-02 8.989438142200129045e-02 5.773747294527074164e-02
2.895799058069128407e-01 1.959742333823226157e-01 1.049862216499456713e-01 7.738299361325950976e-02 3.391230423944779915e-02 9.663255804317226472e-03 -1.478645654426076830e-02 -4.097435898049413272e-02 -5.429556973744500969e-02 -1.287865837386689694e-01 -1.662299950058920006e-01 -2.072886918303567527e-01
1.959742333823226157e-01 1.590166583427982672e-01 1.057868960036353334e-01 1.074690838285909528e-01 6.653782080677764221e-02 5.169736981494319622e-02 2.462993806148308998e-02 6.724340415598419052e-04 -2.512975304811503746e-02 -7.995994180070001289e-02 -1.104790028699533522e-01 -1.387054857452142964e-01
1.049862216499456713e-01 1.057868960036353334e-01 1.019887121748056791e-01 1.411145979519441984e-01 1.011408327301016874e-01 9.264224886840428941e-02 6.359226576570271849e-02 4.421075427149294412e-02 7.730878322569512823e-03 -2.199852133535760978e-02 -4.648140114883021756e-02 -6.877955881758443524e-02
7.738299361325950976e-02 1.074690838285909528e-01 1.411145979519441984e-01 2.371299127235533544e-01 1.795323263743441866e-01 1.700713355569196117e-01 1.246683910394656841e-01 1.011118551263671256e-01 4.104082838481422357e-02 2.345327083751851116e-02 -5.844049506572752961e-03 -3.685692862941421233e-02
3.391230423944779915e-02 6.653782080677764221e-02 1.011408327301016874e-01 1.795323263743441866e-01 1.611181421935010960e-01 1.743874130758848728e-01 1.286071025747990981e-01 1.049457354248034407e-01 4.787762684075138470e-02 4.314676901873967796e-02 2.227451123572303515e-02 -3.090195366094464647e-03
9.663255804317226472e-03 5.169736981494319622e-02 9.264224886840428941e-02 1.700713355569196117e-01 1.743874130758848728e-01 2.327747580182253917e-01 1.749342736835755863e-01 1.416225686884489687e-01 6.682700022630702619e-02 6.813180099986644589e-02 4.784333264605628022e-02 2.117708284372602640e-02
-1.478645654426076830e-02 2.462993806148308998e-02 6.359226576570271849e-02 1.246683910394656841e-01 1.286071025747990981e-01 1.749342736835755863e-01 1.457675216168320131e-01 1.244686053944372428e-01 6.220363717064264497e-02 7.097364865793638622e-02 5.720930822710613983e-02 3.641339130081494568e-02
-4.097435898049413272e-02 6.724340415598419052e-04 4.421075427149294412e-02 1.011118551263671256e-01 1.049457354248034407e-01 1.416225686884489687e-01 1.244686053944372428e-01 1.160168691030142724e-01 6.398136774850546327e-02 8.445681892543779878e-02 7.631358508724339629e-02 5.737226422590013808e-02
-5.429556973744500969e-02 -2.512975304811503746e-02 7.730878322569512823e-03 4.104082838481422357e-02 4.787762684075138470e-02 6.682700022630702619e-02 6.220363717064264497e-02 6.398136774850546327e-02 4.340308230901344932e-02 7.161551128909506014e-02 7.330731031375338491e-02 6.154230606454694913e-02
-1.287865837386689694e-01 -7.995994180070001289e-02 -2.199852133535760978e-02 2.345327083751851116e-02 4.314676901873967796e-02 6.813180099986644589e-02 7.097364865793638622e-02 8.445681892543779878e-02 7.161551128909506014e-02 1.409188021312962613e-01 1.552893337757029202e-01 1.366002347076200885e-01
-1.662299950058920006e-01 -1.104790028699533522e-01 -4.648140114883021756e-02 -5.844049506572752961e-03 2.227451123572303515e-02 4.784333264605628022e-02 5.720930822710613983e-02 7.631358508724339629e-02 7.330731031375338491e-02 1.552893337757029202e-01 1.839898906346738860e-01 1.704459186049157027e-01
-2.072886918303567527e-01 -1.387054857452142964e-01 -6.877955881758443524e-02 -3.685692862941421233e-02 -3.090195366094464647e-03 2.117708284372602640e-02 3.641339130081494568e-02 5.737226422590013808e-02 6.154230606454694913e-02 1.366002347076200885e-01 1.704459186049157027e-01 1.882957449453727672e-01
3.871051529225086885e-01 3.068712025415052946e-01 1.097931402622557145e-01 6.541934918300043589e-02 3.440297632824490526e-02 8.712351106609343004e-03 -5.037299722715597727e-03 -1.722114819282240250e-02 -4.553528238532551786e-02 -7.345579228890829204e-02 -1.065552235941747555e-01 -2.020041615450403616e-01
3.068712025415052946e-01 3.779229357726340277e-01 1.298590758879578089e-01 8.294944265101839020e-02 5.731724343012700729e-02 3.063531096130870865e-02 1.770729006964474883e-02 -2.078486925417371255e-03 -2.791355647316002761e-02 -5.762590365559144834e-02 -9.165098939464100258e-02 -1.713168845480854963e-01
1.097931402622557145e-01 1.298590758879578089e-01 5.253651901700234772e-02 5.125899655004584332e-02 5.592785248059672226e-02 4.352474209511893871e-02 3.753213217869316720e-02 1.955021054188139928e-02 1.319646692519457938e-02 -1.775388626982829510e-03 -2.262445693651574108e-02 -5.702475717654113818e-02
6.541934918300043589e-02 8.294944265101839020e-02 5.125899655004584332e-02 9.078608448229083527e-02 1.316579337797253446e-01 1.146772380742618336e-01 1.047701180302791635e-01 6.445441103989670018e-02 6.770393216676448556e-02 4.775196284947833686e-02 1.326937929856844209e-02 -2.167934711075274190e-02
3.440297632824490526e-02 5.731724343012700729e-02 5.592785248059672226e-02 1.316579337797253446e-01 2.124699140500310723e-01 1.898296480811893505e-01 1.712762526871305369e-01 1.056897284804453607e-01 1.148101237349420101e-01 8.953726861336473719e-02 4.248502089313621610e-02 5.281224348369592883e-03
8.712351106609343004e-03 3.063531096130870865e-02 4.352474209511893871e-02 1.146772380742618336e-01 1.898296480811893505e-01 1.951522372267753824e-01 1.875556332642979440e-01 1.126178201572995558e-01 1.196010486956799040e-01 9.449567930009765415e-02 4.976368275537546015e-02 1.945845841039607269e-02
-5.037299722715597727e-03 1.770729006964474883e-02 3.753213217869316720e-02 1.047701180302791635e-01 1.712762526871305369e-01 1.875556332642979440e-01 2.124332023222609833e-01 1.289353540605226445e-01 1.368979431301338978e-01 1.081326472487944279e-01 5.901935599738482308e-02 2.916670464818676978e-02
-1.722114819282240250e-02 -2.078486925417371255e-03 1.955021054188139928e-02 6.445441103989670018e-02 1.056897284804453607e-01 1.126178201572995558e-01 1.289353540605226445e-01 8.598856453040640280e-02 9.781795802983750399e-02 7.953725531125763193e-02 4.590370495353551100e-02 2.820374567601456606e-02
-4.553528238532551786e-02 -2.791355647316002761e-02 1.319646692519457938e-02 6.770393216676448556e-02 1.148101237349420101e-01 1.196010486956799040e-01 1.368979431301338978e-01 9.781795802983750399e-02 1.202096344593363564e-01 1.017284254540693766e-01 6.335303559266694529e-02 4.818060555734299255e-02
-7.345579228890829204e-02 -5.762590365559144834e-02 -1.775388626982829510e-03 4.775196284947833686e-02 8.953726861336473719e-02 9.449567930009765415e-02 1.081326472487944279e-01 7.953725531125763193e-02 1.017284254540693766e-01 9.128865050514139989e-02 6.354647326032822341e-02 6.040211997132816091e-02
-1.065552235941747555e-01 -9.165098939464100258e-02 -2.262445693651574108e-02 1.326937929856844209e-02 4.248502089313621610e-02 4.976368275537546015e-02 5.901935599738482308e-02 4.590370495353551100e-02 6.335303559266694529e-02 6.354647326032822341e-02 5.542851817356678201e-02 7.109765144173496587e-02
-2.020041615450403616e-01 -1.713168845480854963e-01 -5.702475717654113818e-02 -2.167934711075274190e-02 5.281224348369592883e-03 1.945845841039607269e-02 2.916670464818676978e-02 2.820374567601456606e-02 4.818060555734299255e-02 6.040211997132816091e-02 7.109765144173496587e-02 1.186785865380455551e-01
8.065162850580837040e-02 8.257860025659220782e-02 1.020955883767442340e-01 8.644662511588696585e-02 2.861763255379404236e-02 -2.615174567677547648e-02 -5.522604818276049404e-02 -8.554661315856276760e-02 -7.717934879995806685e-02 -6.522956554183553801e-02 -7.666633181502933991e-02 -6.233295366111678282e-02
8.257860025659220782e-02 9.738986090474668900e-02 1.397857003719397695e-01 1.371529871101085096e-01 7.422030528330331167e-02 1.006398343534210815e-02 -3.161779022999039457e-02 -6.469792151985212514e-02 -6.145935011191572955e-02 -5.390678335689351452e-02 -6.605769368650847573e-02 -5.781891470603445216e-02
1.020955883767442340e-01 1.397857003719397695e-01 2.371765928330257511e-01 2.620351699873318951e-01 1.651628829573172641e-01 7.084182091491902922e-02 -1.210291981055839489e-05 -4.534790243781457175e-02 -5.040495455761627441e-02 -4.806142477054746454e-02 -6.368366600403957412e-02 -6.273504499288264091e-02
8.644662511588696585e-02 1.371529871101085096e-01 2.620351699873318951e-01 4.063198758027772306e-01 2.502057313924303528e-01 1.356244176577458271e-01 5.008110852973529648e-02 6.800492452136869606e-03 -1.098806646762783695e-02 -1.892466321549973046e-02 -3.372580366505461419e-02 -4.355238504066445693e-02
2.861763255379404236e-02 7.422030528330331167e-02 1.651628829573172641e-01 2.502057313924303528e-01 2.269306429519571122e-01 1.612832236137881070e-01 9.638211706365820697e-02 7.825270209100851360e-02 5.078176363147493544e-02 3.064383256732228222e-02 2.250486479334431675e-02 1.445813802594209411e-03
-2.615174567677547648e-02 1.006398343534210815e-02 7.084182091491902922e-02 1.356244176577458271e-01 1.612832236137881070e-01 1.583641143402828022e-01 1.269191738168485295e-01 1.362962369843522259e-01 9.931040116257340566e-02 6.913203272708509650e-02 6.732670686823702400e-02 4.017710424057324703e-02
-5.522604818276049404e-02 -3.161779022999039457e-02 -1.210291981055839489e-05 5.008110852973529648e-02 9.638211706365820697e-02 1.269191738168485295e-01 1.364492911377837292e-01 1.780211240344930779e-01 1.278262278284879316e-01 8.617843306059458364e-02 8.472144084375005102e-02 5.722181235133770583e-02
-8.554661315856276760e-02 -6.469792151985212514e-02 -4.534790243781457175e-02 6.800492452136869606e-03 7.825270209100851360e-02 1.362962369843522259e-01 1.780211240344930779e-01 2.795589108082426333e-01 1.958137238664861557e-01 1.243372278177119206e-01 1.178155886291982063e-01 8.143322060094825010e-02
-7.717934879995806685e-02 -6.145935011191572955e-02 -5.040495455761627441e-02 -1.098806646762783695e-02 5.078176363147493544e-02 9.931040116257340566e-02 1.278262278284879316e-01 1.958137238664861557e-01 1.557822131174366742e-01 1.047068751744024417e-01 1.025220596559043296e-01 7.184409887504519809e-02
-6.522956554183553801e-02 -5.390678335689351452e-02 -4.806142477054746454e-02 -1.892466321549973046e-02 3.064383256732228222e-02 6.913203272708509650e-02 8.617843306059458364e-02 1.243372278177119206e-01 1.047068751744024417e-01 7.854970847307403414e-02 8.206789164943556480e-02 5.907525561798752933e-02
-7.666633181502933991e-02 -6.605769368650847573e-02 -6.368366600403957412e-02 -3.372580366505461419e-02 2.250486479334431675e-02 6.732670686823702400e-02 8.472144084375005102e-02 1.178155886291982063e-01 1.025220596559043296e-01 8.206789164943556480e-02 9.088342087213704956e-02 6.730134419739002005e-02
-6.233295366111678282e-02 -5.781891470603445216e-02 -6.273504499288264091e-02 -4.355238504066445693e-02 1.445813802594209411e-03 4.017710424057324703e-02 5.722181235133770583e-02 8.143322060094825010e-02 7.184409887504519809e-02 5.907525561798752933e-02 6.730134419739002005e-02 5.194374025272772977e-02
3.700964839025096959e-02 3.225952716116108066e-02 6.742921259978426618e-02 4.283310484793606543e-02 3.421976074145090252e-02 2.386952700457604590e-02 -4.885178160821777339e-03 -3.301158697847220158e-02 -7.561426870303003533e-02 -8.162475696960644345e-02 -5.952960062148603126e-02 -5.173430087728889126e-02
3.225952716116108066e-02 4.554134341406541192e-02 1.218276823037403450e-01 7.378650575745182572e-02 5.833620372514677910e-02 5.252545780586111157e-02 1.903217242685038835e-02 -6.876338671594550006e-03 -3.302406535465095966e-02 -3.930610989362061380e-02 -3.178848447322619314e-02 -3.285000967766990576e-02
6.742921259978426618e-02 1.218276823037403450e-01 3.564774294979087821e-01 2.058086519343989840e-01 1.535131331279031841e-01 1.426176487087444378e-01 6.687170490758886920e-02 1.437076451175177579e-02 -2.308851519237806876e-02 -3.776935953143813890e-02 -3.810458853183792960e-02 -5.102020001441589375e-02
4.283310484793606543e-02 7.378650575745182572e-02 2.058086519343989840e-01 1.484054498625917429e-01 1.377421804539817329e-01 1.392511594196992886e-01 6.776276717569322539e-02 2.238610873187743197e-02 -2.897308148028741523e-03 -1.615144998857966432e-02 -2.100675524942893085e-02 -3.178130473206875611e-02
3.421976074145090252e-02 5.833620372514677910e-02 1.535131331279031841e-01 1.377421804539817329e-01 1.694558509865244089e-01 1.882480792077337595e-01 9.506981382434145922e-02 4.052375158775804731e-02 1.993614997806882061e-02 4.076049841714658034e-03 -8.321008881535595786e-03 -2.190991728250910736e-02
2.386952700457604590e-02 5.252545780586111157e-02 1.426176487087444378e-01 1.392511594196992886e-01 1.882480792077337595e-01 2.280730206235039303e-01 1.225294543047612539e-01 6.582386064444988027e-02 5.964323397788685865e-02 4.117523163033099537e-02 1.603591565158173776e-02 -3.493644528778637372e-03
-4.885178160821777339e-03 1.903217242685038835e-02 6.687170490758886920e-02 6.776276717569322539e-02 9.506981382434145922e-02 1.225294543047612539e-01 7.919363454562676485e-02 6.395615932286514982e-02 9.090036453320780863e-02 7.605711618547177089e-02 4.495224026011247070e-02 2.740069006290021467e-02
-3.301158697847220158e-02 -6.876338671594550006e-03 1.437076451175177579e-02 2.238610873187743197e-02 4.052375158775804731e-02 6.582386064444988027e-02 6.395615932286514982e-02 8.549800429754472741e-02 1.587552077835815145e-01 1.343624947868550246e-01 8.526253974641546940e-02 6.392101266301059015e-02
-7.561426870303003533e-02 -3.302406535465095966e-02 -2.308851519237806876e-02 -2.897308148028741523e-03 1.993614997806882061e-02 5.964323397788685865e-02 9.090036453320780863e-02 1.587552077835815145e-01 3.362363565417392786e-01 2.718573192461615218e-01 1.696277032550409236e-01 1.311036105872874225e-01
-8.162475696960644345e-02 -3.930610989362061380e-02 -3.776935953143813890e-02 -1.615144998857966432e-02 4.076049841714658034e-03 4.117523163033099537e-02 7.605711618547177089e-02 1.343624947868550246e-01 2.718573192461615218e-01 3.043302291315748698e-01 1.871561987302205188e-01 1.408308650712002397e-01
-5.952960062148603126e-02 -3.178848447322619314e-02 -3.810458853183792960e-02 -2.100675524942893085e-02 -8.321008881535595786e-03 1.603591565158173776e-02 4.495224026011247070e-02 8.526253974641546940e-02 1.696277032550409236e-01 1.871561987302205188e-01 1.276981695530698679e-01 9.983965897173047166e-02
-5.173430087728889126e-02 -3.285000967766990576e-02 -5.102020001441589375e-02 -3.178130473206875611e-02 -2.190991728250910736e-02 -3.493644528778637372e-03 2.740069006290021467e-02 6.392101266301059015e-02 1.311036105872874225e-01 1.408308650712002397e-01 9.983965897173047166e-02 8.208086315559798285e-02
2.468518475058264217e-01 2.380457080978027884e-01 2.090574916041085252e-01 7.773184177189530752e-02 3.930774513659937575e-02 2.614251834434315816e-02 9.906025147395349992e-03 -4.712823550708721346e-03 -2.466857716328474392e-02 -4.746033702380082070e-02 -1.133187177797326944e-01 -1.178644447052011046e-01
2.380457080978027884e-01 2.810258559830939862e-01 2.574889715687423974e-01 9.341051918891760120e-02 4.994221183510459683e-02 4.195489609637279710e-02 3.028671383293699698e-02 1.294591231033332540e-02 -4.483315112641909558e-03 -3.658487273023469655e-02 -1.027546936070162092e-01 -1.120618381802918340e-01
2.090574916041085252e-01 2.574889715687423974e-01 3.025316793640007718e-01 1.068649472538448497e-01 5.804899042171535184e-02 5.395562612607094494e-02 4.630511972806165832e-02 2.692754003300645849e-02 1.175439771164279827e-02 -2.683751497481411119e-02 -9.102368460069926170e-02 -1.008287708738985072e-01
7.773184177189530752e-02 9.341051918891760120e-02 1.068649472538448497e-01 4.049882141654791157e-02 2.747340815856198076e-02 3.485666967942375322e-02 3.859586186597945001e-02 2.658114348948323324e-02 2.191389304192268433e-02 -8.887150202638392088e-05 -2.447343920655450922e-02 -3.445239694737994851e-02
3.930774513659937575e-02 4.994221183510459683e-02 5.804899042171535184e-02 2.747340815856198076e-02 3.215026342236665391e-02 6.051665051723695288e-02 8.086446119258999810e-02 5.894966028952858955e-02 5.728206818688899582e-02 2.580322193543737458e-02 1.195552124199406041e-02 -9.553978416991897038e-03
2.614251834434315816e-02 4.195489609637279710e-02 5.395562612607094494e-02 3.485666967942375322e-02 6.051665051723695288e-02 1.328560270666240273e-01 1.870429622757904808e-01 1.333348295294493613e-01 1.289214170581678143e-01 6.803092455137225991e-02 5.602666109271364769e-02 9.233536602971114532e-03
9.906025147395349992e-03 3.028671383293699698e-02 4.630511972806165832e-02 3.859586186597945001e-02 8.086446119258999810e-02 1.870429622757904808e-01 2.811373927918406901e-01 1.968182944326287986e-01 1.848632970517439800e-01 1.009178695181480456e-01 9.157706676700119730e-02 2.632150399982545463e-02
-4.712823550708721346e-03 1.294591231033332540e-02 2.692754003300645849e-02 2.658114348948323324e-02 5.894966028952858955e-02 1.333348295294493613e-01 1.968182944326287986e-01 1.751903254603947857e-01 1.896815463915326461e-01 1.018002560900470033e-01 9.261142099405222927e-02 3.110261788745330783e-02
-2.466857716328474392e-02 -4.483315112641909558e-03 1.175439771164279827e-02 2.191389304192268433e-02 5.728206818688899582e-02 1.289214170581678143e-01 1.848632970517439800e-01 1.896815463915326461e-01 2.455237513273220429e-01 1.328751696438388863e-01 1.241790821890637470e-01 4.749532450189921512e-02
-4.746033702380082070e-02 -3.658487273023469655e-02 -2.683751497481411119e-02 -8.887150202638392088e-05 2.580322193543737458e-02 6.803092455137225991e-02 1.009178695181480456e-01 1.018002560900470033e-01 1.328751696438388863e-01 7.993929658873230593e-02 8.723146310308491080e-02 4.375834544183659913e-02
-1.133187177797326944e-01 -1.027546936070162092e-01 -9.102368460069926170e-02 -2.447343920655450922e-02 1.195552124199406041e-02 5.602666109271364769e-02 9.157706676700119730e-02 9.261142099405222927e-02 1.241790821890637470e-01 8.723146310308491080e-02 1.180463327635649651e-01 7.613891510661632833e-02
