5.392070534870673226e-01 2.667927520415294129e-01 9.249765186539399275e-02 -7.630392837701966552e-04 -4.015726145923334545e-02 -5.193483173978698242e-03 3.454686325699884292e-02 2.485795865259989718e-02 -2.526349322772736272e-02 -3.777481140929598441e-02 5.588051951416160568e-02 2.754317616225583354e-01
2.667927520415294129e-01 3.476243120107637696e-01 1.947164077391823622e-01 1.097220616218739925e-01 -3.529858129438352005e-02 -7.038047065599520313e-02 3.730708670951017082e-03 6.496375261505030196e-02 2.859511990441111068e-02 -6.560701521341529008e-02 -5.710865970779803458e-02 1.605534705627952724e-02
9.249765186539399275e-02 1.947164077391823622e-01 1.752953773691825479e-01 2.046559333363746902e-01 6.292252940020243157e-02 -6.607714005180523320e-02 -4.554978255972287615e-02 3.171614615309201884e-02 4.126678328948747698e-02 -2.575156240358167717e-02 -5.483514489008943504e-02 -5.860249171878527397e-02
-7.630392837701966552e-04 1.097220616218739925e-01 2.046559333363746902e-01 4.805960178962696006e-01 2.793787715100921609e-01 -1.734050455557550451e-03 -8.048041165657571216e-02 -2.577523815020688058e-02 3.263482159074326122e-02 1.998626581441215536e-02 -2.769110649559251847e-02 -6.775540113124307873e-02
-4.015726145923334545e-02 -3.529858129438352005e-02 6.292252940020243157e-02 2.793787715100921609e-01 5.125525692350062501e-01 2.524729302431488742e-01 2.968979140609350614e-02 -5.913148590638982183e-02 -3.367475415606117906e-02 3.724568955172185419e-02 4.093387021790314412e-02 2.246729948485980122e-02
-5.193483173978698242e-03 -7.038047065599520313e-02 -6.607714005180523320e-02 -1.734050455557550451e-03 2.524729302431488742e-01 4.540026618348646514e-01 2.554213679124078817e-01 5.336633724455658312e-02 -5.149312171686177414e-02 -2.710832099071920631e-02 2.978067701017390184e-02 6.309006429522541481e-02
3.454686325699884292e-02 3.730708670951017082e-03 -4.554978255972287615e-02 -8.048041165657571216e-02 2.968979140609350614e-02 2.554213679124078817e-01 4.442940350855018039e-01 2.576426080438047883e-01 4.752733397216849648e-02 -8.695371675569321668e-02 -5.474295108229579321e-02 -6.003832971650129892e-04
2.485795865259989718e-02 6.496375261505030196e-02 3.171614615309201884e-02 -2.577523815020688058e-02 -5.913148590638982183e-02 5.336633724455658312e-02 2.576426080438047883e-01 4.256282461122342653e-01 2.498433207611989171e-01 2.739444724230017704e-03 -6.889656292353851796e-02 -7.317395912261465130e-02
-2.526349322772736272e-02 2.859511990441111068e-02 4.126678328948747698e-02 3.263482159074326122e-02 -3.367475415606117906e-02 -5.149312171686177414e-02 4.752733397216849648e-02 2.498433207611989171e-01 4.953752675629713442e-01 2.916026138435623971e-01 6.550185626279672602e-02 -4.175836037645583310e-02
-3.777481140929598441e-02 -6.560701521341529008e-02 -2.575156240358167717e-02 1.998626581441215536e-02 3.724568955172185419e-02 -2.710832099071920631e-02 -8.695371675569321668e-02 2.739444724230017704e-03 2.916026138435623971e-01 5.062774722201790478e-01 2.020054873251624361e-01 9.027077607431743811e-02
5.588051951416160568e-02 -5.710865970779803458e-02 -5.483514489008943504e-02 -2.769110649559251847e-02 4.093387021790314412e-02 2.978067701017390184e-02 -5.474295108229579321e-02 -6.889656292353851796e-02 6.550185626279672602e-02 2.020054873251624361e-01 1.584122858976317605e-01 1.877452550605202553e-01
2.754317616225583354e-01 1.605534705627952724e-02 -5.860249171878527397e-02 -6.775540113124307873e-02 2.246729948485980122e-02 6.309006429522541481e-02 -6.003832971650129892e-04 -7.317395912261465130e-02 -4.175836037645583310e-02 9.027077607431743811e-02 1.877452550605202553e-01 4.607347012883570292e-01
5.257481408578579263e-01 2.538246190118219059e-01 3.542509585810373063e-02 -6.204338432356400201e-02 -1.997531886490415409e-02 3.537831058855099575e-02 4.934919580409234674e-02 5.454032540545576332e-03 -6.147948410534613550e-02 -7.393894061575127796e-02 2.568543769376187280e-02 2.685923743128204588e-01
2.538246190118219059e-01 4.359651867549609872e-01 2.587813702529175308e-01 2.351265002982262306e-02 -8.471447423463435156e-02 -6.507552178381915964e-02 5.645159590201261415e-03 5.228972755620057283e-02 3.614412235853780436e-02 -3.233137398565313902e-02 -7.239933461538386461e-02 8.393151091468811428e-03
3.542509585810373063e-02 2.587813702529175308e-01 4.589803527340594602e-01 2.549572479626784904e-01 3.982620499754000419e-03 -7.752239848886044449e-02 -5.431636505755689515e-02 1.837596126107701386e-02 6.308346573000950253e-02 3.948172929313832624e-02 -3.871500285316800682e-02 -7.696031700892921878e-02
-6.204338432356400201e-02 2.351265002982262306e-02 2.549572479626784904e-01 5.468328116940165406e-01 2.804473941829203620e-01 8.274583892403594709e-02 -3.312617542768529766e-02 -5.847574430447331079e-02 -1.796203236410000639e-02 3.221827967080162503e-02 4.091213177459531586e-02 -1.390181740966708185e-02
-1.997531886490415409e-02 -8.471447423463435156e-02 3.982620499754000419e-03 2.804473941829203620e-01 3.880764649980025238e-01 2.231538227387814821e-01 9.639191471470386074e-02 -2.288710654905628042e-02 -6.907675740289856425e-02 -4.288584629663928088e-02 3.123968092670221033e-02 5.763950881000784454e-02
3.537831058855099575e-02 -6.507552178381915964e-02 -7.752239848886044449e-02 8.274583892403594709e-02 2.231538227387814821e-01 2.578812261749864887e-01 2.373044371274475317e-01 1.148863973092713320e-01 -1.904326372975506665e-02 -7.475137746409249440e-02 -3.235681956849842389e-02 5.069551912432011809e-02
4.934919580409234674e-02 5.645159590201261415e-03 -5.431636505755689515e-02 -3.312617542768529766e-02 9.639191471470386074e-02 2.373044371274475317e-01 4.079342790631295124e-01 2.830189055315459612e-01 1.018761100210188314e-01 -3.766863739171273651e-02 -7.173924432558478892e-02 -4.024322732546208037e-03
5.454032540545576332e-03 5.228972755620057283e-02 1.837596126107701386e-02 -5.847574430447331079e-02 -2.288710654905628042e-02 1.148863973092713320e-01 2.830189055315459612e-01 4.020126308724098485e-01 2.377520899810648125e-01 9.269081443718381330e-02 -3.048336352420228171e-02 -5.892659266114858019e-02
-6.147948410534613550e-02 3.614412235853780436e-02 6.308346573000950253e-02 -1.796203236410000639e-02 -6.907675740289856425e-02 -1.904326372975506665e-02 1.018761100210188314e-01 2.377520899810648125e-01 3.047493292358626760e-01 2.511704109242488547e-01 1.132096746796607961e-01 -4.784148460904424915e-02
-7.393894061575127796e-02 -3.233137398565313902e-02 3.948172929313832624e-02 3.221827967080162503e-02 -4.288584629663928088e-02 -7.475137746409249440e-02 -3.766863739171273651e-02 9.269081443718381330e-02 2.511704109242488547e-01 3.857837538014140533e-01 2.728626177742598524e-01 6.096909866342511974e-02
2.568543769376187280e-02 -7.239933461538386461e-02 -3.871500285316800682e-02 4.091213177459531586e-02 3.123968092670221033e-02 -3.235681956849842389e-02 -7.173924432558478892e-02 -3.048336352420228171e-02 1.132096746796607961e-01 2.728626177742598524e-01 4.281230995450546750e-01 2.471344077958091967e-01
2.685923743128204588e-01 8.393151091468811428e-03 -7.696031700892921878e-02 -1.390181740966708185e-02 5.763950881000784454e-02 5.069551912432011809e-02 -4.024322732546208037e-03 -5.892659266114858019e-02 -4.784148460904424915e-02 6.096909866342511974e-02 2.471344077958091967e-01 4.579127242682825560e-01
5.303783132915117493e-01 2.531296825092574920e-01 3.155154829255697041e-02 -6.124970433689645027e-02 -4.837714689187903871e-02 1.363869798973290498e-02 5.507604526653037819e-02 4.529204625024426528e-02 -3.314774292739260109e-02 -7.380597445915301758e-02 2.524207388977741176e-02 2.744762925752762817e-01
2.531296825092574920e-01 4.828599432099404121e-01 2.717023626506155365e-01 9.085996683312154432e-02 -4.259242686961176028e-02 -7.111956677459040088e-02 -2.451733271821010529e-02 3.248714945681580035e-02 4.062022291068068808e-02 -2.910574972797059373e-02 -8.306913619956274308e-02 -2.250200214688552122e-02
3.155154829255697041e-02 2.717023626506155365e-01 3.722785381940047489e-01 2.374007398032961791e-01 8.324684522804028097e-02 -4.148169720143053685e-02 -7.136336936035499179e-02 -3.811331727224290256e-02 4.177359180216992651e-02 4.943361589759617813e-02 -3.806059722936916412e-02 -9.600461175836083605e-02
-6.124970433689645027e-02 9.085996683312154432e-02 2.374007398032961791e-01 3.320518670227932678e-01 2.626821543157869532e-01 1.104416608722606219e-01 -2.355342949803427427e-02 -7.620496294182484143e-02 -1.814586301400044482e-02 6.755240623347633089e-02 5.038248987105148347e-02 -3.946492217644277656e-02
-4.837714689187903871e-02 -4.259242686961176028e-02 8.324684522804028097e-02 2.626821543157869532e-01 4.391476225728645488e-01 2.760277929011578646e-01 1.049407703571566819e-01 -2.308040986937866940e-02 -5.985065876587226247e-02 3.181882512974063427e-03 5.768360029165194025e-02 3.755944164265968138e-02
1.363869798973290498e-02 -7.111956677459040088e-02 -4.148169720143053685e-02 1.104416608722606219e-01 2.760277929011578646e-01 3.499038700867199148e-01 2.239763454915870144e-01 1.050441018917320918e-01 -3.024834642355107156e-02 -6.977860639886276917e-02 -8.568282586428485614e-03 5.255144155894439506e-02
5.507604526653037819e-02 -2.451733271821010529e-02 -7.136336936035499179e-02 -2.355342949803427427e-02 1.049407703571566819e-01 2.239763454915870144e-01 2.701902027805376250e-01 2.462254402742747317e-01 8.662428476062397631e-02 -7.844542500716428224e-02 -8.065566933281603790e-02 9.325547562072699151e-03
4.529204625024426528e-02 3.248714945681580035e-02 -3.811331727224290256e-02 -7.620496294182484143e-02 -2.308040986937866940e-02 1.050441018917320918e-01 2.462254402742747317e-01 4.434630468747602916e-01 2.731533573097631451e-01 2.308051858015431126e-02 -8.214242314865895234e-02 -4.848464609281449150e-02
-3.314774292739260109e-02 4.062022291068068808e-02 4.177359180216992651e-02 -1.814586301400044482e-02 -5.985065876587226247e-02 -3.024834642355107156e-02 8.662428476062397631e-02 2.731533573097631451e-01 4.695366823503808185e-01 2.641371331259227406e-01 6.501880565390563693e-02 -4.845191258121790689e-02
-7.380597445915301758e-02 -2.910574972797059373e-02 4.943361589759617813e-02 6.755240623347633089e-02 3.181882512974063427e-03 -6.977860639886276917e-02 -7.844542500716428224e-02 2.308051858015431126e-02 2.641371331259227406e-01 4.566778364679400237e-01 2.551081557405315836e-01 6.423561367468505479e-02
2.524207388977741176e-02 -8.306913619956274308e-02 -3.806059722936916412e-02 5.038248987105148347e-02 5.768360029165194025e-02 -8.568282586428485614e-03 -8.065566933281603790e-02 -8.214242314865895234e-02 6.501880565390563693e-02 2.551081557405315836e-01 3.526935087177576200e-01 2.492921946246478559e-01
2.744762925752762817e-01 -2.250200214688552122e-02 -9.600461175836083605e-02 -3.946492217644277656e-02 3.755944164265968138e-02 5.255144155894439506e-02 9.325547562072699151e-03 -4.848464609281449150e-02 -4.845191258121790689e-02 6.423561367468505479e-02 2.492921946246478559e-01 5.008185684307430163e-01
9.956952532919995102e-02 1.027080127941695231e-01 9.143228128010369438e-02 3.921579565408613716e-02 -3.992062836433201561e-02 -1.644808019281843517e-02 4.436901844551247726e-02 2.110548027737646840e-02 -6.796270119544550736e-02 -6.190203987279038755e-02 7.624903025571819204e-02 1.789643076197035554e-01
1.027080127941695231e-01 1.804253442468531365e-01 2.232893102424177989e-01 1.439558022357482203e-01 -4.079320704243526163e-02 -6.510291841728399476e-02 3.115084792276586259e-02 5.213372424520662518e-02 -3.382213420198484921e-02 -6.865755855618799197e-02 -1.844222803425830384e-03 9.476205236275359045e-02
9.143228128010369438e-02 2.232893102424177989e-01 3.631584222624947289e-01 2.799377667508217704e-01 2.693970760180928320e-02 -8.948705308235987976e-02 -1.686856170137136790e-02 5.290381683862339229e-02 2.254105055158685603e-02 -3.316148586747143939e-02 -3.885384897230527435e-02 3.196412036162619291e-02
3.921579565408613716e-02 1.439558022357482203e-01 2.799377667508217704e-01 4.659764537009159491e-01 2.331358757978064244e-01 -1.498692614952428989e-02 -5.737812526014045289e-02 -2.195805535982503064e-03 4.137221571255216002e-02 2.274125537108367262e-02 -2.580491397538467457e-02 -2.184866971450938333e-02
-3.992062836433201561e-02 -4.079320704243526163e-02 2.693970760180928320e-02 2.331358757978064244e-01 5.485396825833050993e-01 2.819559771005774595e-01 1.566746380876103163e-03 -8.121480741189604502e-02 -8.973296957573168725e-03 4.417255408342779521e-02 2.334613421691364085e-02 -3.757569315177858305e-02
-1.644808019281843517e-02 -6.510291841728399476e-02 -8.948705308235987976e-02 -1.498692614952428989e-02 2.819559771005774595e-01 4.810093600781558676e-01 2.295941852722023779e-01 2.349106277225533959e-02 -5.386722381919795133e-02 -3.381130166697422779e-02 1.765970408358778776e-02 2.411167924338182555e-02
4.436901844551247726e-02 3.115084792276586259e-02 -1.686856170137136790e-02 -5.737812526014045289e-02 1.566746380876103163e-03 2.295941852722023779e-01 4.595254050199699680e-01 2.798289725891982549e-01 2.285120164607643348e-02 -7.450869289191283662e-02 -3.240660664896729409e-02 5.508922198334434417e-02
2.110548027737646840e-02 5.213372424520662518e-02 5.290381683862339229e-02 -2.195805535982503064e-03 -8.121480741189604502e-02 2.349106277225533959e-02 2.798289725891982549e-01 5.101858147625977224e-01 2.321861738775887196e-01 3.946463327182759412e-02 -4.199886801968644862e-02 -1.612783828765678232e-02
-6.796270119544550736e-02 -3.382213420198484921e-02 2.254105055158685603e-02 4.137221571255216002e-02 -8.973296957573168725e-03 -5.386722381919795133e-02 2.285120164607643348e-02 2.321861738775887196e-01 4.065961287770720745e-01 2.747147742271338622e-01 5.575714551619666282e-02 -1.068073826757486300e-01
-6.190203987279038755e-02 -6.865755855618799197e-02 -3.316148586747143939e-02 2.274125537108367262e-02 4.417255408342779521e-02 -3.381130166697422779e-02 -7.450869289191283662e-02 3.946463327182759412e-02 2.747147742271338622e-01 4.691863637083271144e-01 2.402865229740113739e-01 -2.511674465165992381e-02
7.624903025571819204e-02 -1.844222803425830384e-03 -3.885384897230527435e-02 -2.580491397538467457e-02 2.334613421691364085e-02 1.765970408358778776e-02 -3.240660664896729409e-02 -4.199886801968644862e-02 5.575714551619666282e-02 2.402865229740113739e-01 4.908325264005000133e-01 3.015381099414587984e-01
1.789643076197035554e-01 9.476205236275359045e-02 3.196412036162619291e-02 -2.184866971450938333e-02 -3.757569315177858305e-02 2.411167924338182555e-02 5.508922198334434417e-02 -1.612783828765678232e-02 -1.068073826757486300e-01 -2.511674465165992381e-02 3.015381099414587984e-01 5.249949731306196021e-01
2.367743808479043643e-01 2.296179373728933493e-01 1.319303679052374889e-01 -3.291407373474674464e-02 -7.185429586139387148e-02 -1.003064558921489728e-03 5.357777780536049361e-02 1.802937180952484536e-02 -5.973995213081326888e-02 -5.231792705322586834e-02 7.773552706748153296e-02 2.250141259203324307e-01
2.296179373728933493e-01 3.899472673950054036e-01 2.780404284946220717e-01 4.681885694339829596e-02 -9.793771006512194677e-02 -6.996288686473617346e-02 2.669373569153923875e-02 6.363691107952298975e-02 -3.051439314051778481e-03 -7.290496099345220027e-02 -5.913004390937812160e-02 7.563847298464845825e-02
1.319303679052374889e-01 2.780404284946220717e-01 4.059335113154170505e-01 2.432591593136744501e-01 1.383577214387184638e-02 -7.022954739151235359e-02 -3.352003324479339852e-02 3.927026405837243800e-02 3.891737098248992943e-02 -2.337851578697520971e-02 -6.927232445204012379e-02 -1.225289409773936723e-02
-3.291407373474674464e-02 4.681885694339829596e-02 2.432591593136744501e-01 5.503965707929940887e-01 2.960384689997964669e-01 5.842148864501662403e-02 -6.658427291497498457e-02 -5.251670849767089977e-02 3.002281074376680209e-02 5.691252170677105898e-02 9.719535536052890945e-03 -4.672850374104543791e-02
-7.185429586139387148e-02 -9.793771006512194677e-02 1.383577214387184638e-02 2.960384689997964669e-01 4.091651977826721853e-01 2.195631978925721983e-01 6.040969933587764934e-02 -4.840962420779617442e-02 -4.420879309799796014e-02 2.026642385025916732e-02 5.278368913972868171e-02 5.130817670594629495e-03
-1.003064558921489728e-03 -6.996288686473617346e-02 -7.022954739151235359e-02 5.842148864501662403e-02 2.195631978925721983e-01 3.364283647391288490e-01 2.784677662420909083e-01 8.795992023569819407e-02 -8.131383716663853622e-02 -8.284841046965471523e-02 1.519987515371308030e-02 5.816592423659527888e-02
5.357777780536049361e-02 2.669373569153923875e-02 -3.352003324479339852e-02 -6.658427291497498457e-02 6.040969933587764934e-02 2.784677662420909083e-01 5.023254478529204370e-01 2.682579157830085048e-01 1.569686663966927964e-02 -8.400083444068565108e-02 -4.568334652771603721e-02 3.454747040163591576e-02
1.802937180952484536e-02 6.363691107952298975e-02 3.927026405837243800e-02 -5.251670849767089977e-02 -4.840962420779617442e-02 8.795992023569819407e-02 2.682579157830085048e-01 3.986157538377465004e-01 2.609497923913947082e-01 8.859385890863991087e-02 -4.141201492242709004e-02 -5.218898531348027670e-02
-5.973995213081326888e-02 -3.051439314051778481e-03 3.891737098248992943e-02 3.002281074376680209e-02 -4.420879309799796014e-02 -8.131383716663853622e-02 1.569686663966927964e-02 2.609497923913947082e-01 4.949357697976134451e-01 2.826256476267876017e-01 6.411963114737670444e-02 -7.418622878803690646e-02
-5.231792705322586834e-02 -7.290496099345220027e-02 -2.337851578697520971e-02 5.691252170677105898e-02 2.026642385025916732e-02 -8.284841046965471523e-02 -8.400083444068565108e-02 8.859385890863991087e-02 2.826256476267876017e-01 3.417031177303401224e-01 2.153644462287491457e-01 5.374802601661993195e-02
7.773552706748153296e-02 -5.913004390937812160e-02 -6.927232445204012379e-02 9.719535536052890945e-03 5.278368913972868171e-02 1.519987515371308030e-02 -4.568334652771603721e-02 -4.141201492242709004e-02 6.411963114737670444e-02 2.153644462287491457e-01 4.136273101486825921e-01 3.089172927490784759e-01
2.250141259203324307e-01 7.563847298464845825e-02 -1.225289409773936723e-02 -4.672850374104543791e-02 5.130817670594629495e-03 5.816592423659527888e-02 3.454747040163591576e-02 -5.218898531348027670e-02 -7.418622878803690646e-02 5.374802601661993195e-02 3.089172927490784759e-01 5.201473077595776262e-01
5.204266061895213014e-01 2.118631158265546488e-01 -1.336545022227004359e-02 -5.049842600938564408e-02 -3.640022146643429740e-02 1.143548246487770780e-02 5.204397854390705597e-02 4.192070675281359821e-02 -2.287893732357069304e-02 -7.941287348899477017e-02 3.006110709548538706e-02 3.000495368861223477e-01
2.118631158265546488e-01 5.152023804338026203e-01 3.078839846262907409e-01 7.602667665942028363e-02 -3.843910539954470407e-02 -4.929979522516526186e-02 -2.622306174023178275e-03 3.413008030078304444e-02 3.139111230821432091e-02 -2.286710483858853810e-02 -5.240754458319771270e-02 -2.056452876112963707e-03
-1.336545022227004359e-02 3.078839846262907409e-01 4.641557919200077764e-01 1.753550233930939450e-01 6.015377357488364135e-02 -1.356908364462589174e-02 -4.826889878823174829e-02 -3.763746961599191698e-02 1.113236338982661298e-02 5.025109879723987927e-02 -8.352695503789173831e-03 -9.400494381838571389e-02
-5.049842600938564408e-02 7.602667665942028363e-02 1.753550233930939450e-01 1.587673785623234801e-01 2.050224522150513595e-01 1.222675528806413670e-01 -7.751306602129657240e-03 -6.914873077239154509e-02 -4.346666334795516728e-02 4.707163329681292308e-02 4.428202337744423234e-02 -3.487753626346790092e-02
-3.640022146643429740e-02 -3.843910539954470407e-02 6.015377357488364135e-02 2.050224522150513595e-01 4.746419897793419107e-01 3.137250001298651503e-01 8.996215735734203189e-02 -5.174847340482193608e-02 -7.423833226306403299e-02 1.269701863401951139e-02 5.761742327898557864e-02 2.481470516090315825e-02
1.143548246487770780e-02 -4.929979522516526186e-02 -1.356908364462589174e-02 1.222675528806413670e-01 3.137250001298651503e-01 3.961938807445755661e-01 2.017068126446291132e-01 7.562379882802716669e-02 -9.659738436756689153e-03 -4.000147998816318273e-02 -4.828739967796650406e-03 3.330336941154968255e-02
5.204397854390705597e-02 -2.622306174023178275e-03 -4.826889878823174829e-02 -7.751306602129657240e-03 8.996215735734203189e-02 2.017068126446291132e-01 2.649787378681587313e-01 2.567382658320432887e-01 1.418309490970692255e-01 -5.778549303393375192e-02 -9.091260393016242780e-02 -3.374614792140211671e-03
4.192070675281359821e-02 3.413008030078304444e-02 -3.763746961599191698e-02 -6.914873077239154509e-02 -5.174847340482193608e-02 7.562379882802716669e-02 2.567382658320432887e-01 4.218638009801005118e-01 2.794539944182893310e-01 1.927282362744704367e-02 -9.142923344905243277e-02 -4.270591232999793041e-02
-2.287893732357069304e-02 3.139111230821432091e-02 1.113236338982661298e-02 -4.346666334795516728e-02 -7.423833226306403299e-02 -9.659738436756689153e-03 1.418309490970692255e-01 2.794539944182893310e-01 4.020870544902124255e-01 2.430822932997629970e-01 4.848508715653668255e-02 -4.347701386477132585e-02
-7.941287348899477017e-02 -2.286710483858853810e-02 5.025109879723987927e-02 4.707163329681292308e-02 1.269701863401951139e-02 -4.000147998816318273e-02 -5.778549303393375192e-02 1.927282362744704367e-02 2.430822932997629970e-01 5.557427469763357442e-01 2.961873834411218320e-01 4.541754781041251743e-02
3.006110709548538706e-02 -5.240754458319771270e-02 -8.352695503789173831e-03 4.428202337744423234e-02 5.761742327898557864e-02 -4.828739967796650406e-03 -9.091260393016242780e-02 -9.142923344905243277e-02 4.848508715653668255e-02 2.961873834411218320e-01 3.535500153865178685e-01 2.090771392003646090e-01
3.000495368861223477e-01 -2.056452876112963707e-03 -9.400494381838571389e-02 -3.487753626346790092e-02 2.481470516090315825e-02 3.330336941154968255e-02 -3.374614792140211671e-03 -4.270591232999793041e-02 -4.347701386477132585e-02 4.541754781041251743e-02 2.090771392003646090e-01 4.723896166691579079e-01
5.176314977439593346e-01 2.853318905494370838e-01 5.199432066140980552e-02 -4.694083641622874559e-02 -6.999862024175466935e-02 1.706757333305942981e-02 6.771272300822425705e-02 1.573558713542197798e-02 -6.365541558158611946e-02 -3.637453193809827429e-02 7.417611833872193861e-02 2.325831212077714150e-01
2.853318905494370838e-01 4.125173099162586787e-01 2.485081305114696937e-01 9.933556867012427460e-02 -6.609726644859138106e-03 -4.577740574203899987e-02 -7.595904425361165238e-03 3.649673099650396074e-02 1.684057533916535898e-02 -5.225240121619287303e-02 -5.818547137138321140e-02 6.992608990581902773e-02
5.199432066140980552e-02 2.485081305114696937e-01 3.862300122224644472e-01 2.313349811020947999e-01 1.151636912150444114e-01 -5.387915397235819998e-02 -8.511820649555315588e-02 4.074365392946266602e-03 6.823884685604014733e-02 4.358619863586435210e-03 -7.365374804127378106e-02 -5.608215511030795186e-02
-4.694083641622874559e-02 9.933556867012427460e-02 2.313349811020947999e-01 2.286018565294642702e-01 2.250841040743731813e-01 5.600714024364400467e-02 -7.227240220002451032e-02 -4.546167982334545915e-02 4.123489683214755230e-02 4.003874419587329092e-02 -1.715314689374992582e-02 -5.863574541802183543e-02
-6.999862024175466935e-02 -6.609726644859138106e-03 1.151636912150444114e-01 2.250841040743731813e-01 4.775715111326291895e-01 2.772190399370444425e-01 2.393279939449353619e-02 -6.974621384891832587e-02 -2.253473534862590610e-02 4.340030230641965525e-02 4.302342000803049960e-02 -2.044047632780505996e-02
1.706757333305942981e-02 -4.577740574203899987e-02 -5.387915397235819998e-02 5.600714024364400467e-02 2.772190399370444425e-01 4.958183250836724065e-01 2.576151414843104170e-01 4.070647840297878656e-02 -6.722422292401622479e-02 -3.298786314115374763e-02 2.898186677621427190e-02 4.451740418990769721e-02
6.771272300822425705e-02 -7.595904425361165238e-03 -8.511820649555315588e-02 -7.227240220002451032e-02 2.393279939449353619e-02 2.576151414843104170e-01 4.149977065874895787e-01 2.453825267475127914e-01 3.156448369087004602e-02 -6.632774518677589382e-02 -4.922778077389652895e-02 2.955757160732357461e-02
1.573558713542197798e-02 3.649673099650396074e-02 4.074365392946266602e-03 -4.546167982334545915e-02 -6.974621384891832587e-02 4.070647840297878656e-02 2.453825267475127914e-01 4.722588438192382720e-01 2.773112416608107811e-01 2.946998578580059536e-02 -8.164276296631284291e-02 -5.182534103972531725e-02
-6.365541558158611946e-02 1.684057533916535898e-02 6.823884685604014733e-02 4.123489683214755230e-02 -2.253473534862590610e-02 -6.722422292401622479e-02 3.156448369087004602e-02 2.773112416608107811e-01 4.982259479733083252e-01 2.369882013772346419e-01 5.278443827279735712e-02 -4.580518679441747398e-02
-3.637453193809827429e-02 -5.225240121619287303e-02 4.358619863586435210e-03 4.003874419587329092e-02 4.340030230641965525e-02 -3.298786314115374763e-02 -6.632774518677589382e-02 2.946998578580059536e-02 2.369882013772346419e-01 3.822183747425821898e-01 2.872116501015784529e-01 1.116985487898464746e-01
7.417611833872193861e-02 -5.818547137138321140e-02 -7.365374804127378106e-02 -1.715314689374992582e-02 4.302342000803049960e-02 2.898186677621427190e-02 -4.922778077389652895e-02 -8.164276296631284291e-02 5.278443827279735712e-02 2.872116501015784529e-01 4.635004729816444846e-01 2.417141430466080987e-01
2.325831212077714150e-01 6.992608990581902773e-02 -5.608215511030795186e-02 -5.863574541802183543e-02 -2.044047632780505996e-02 4.451740418990769721e-02 2.955757160732357461e-02 -5.182534103972531725e-02 -4.580518679441747398e-02 1.116985487898464746e-01 2.417141430466080987e-01 2.504281412672619278e-01
3.741496933142484105e-01 2.655439095714238196e-01 9.763129464762315690e-02 -6.310197694255106904e-02 -7.593227618764658571e-02 3.248268361583473568e-03 5.613735194560243169e-02 -2.222734041456193160e-02 -8.181495086596606015e-02 -4.213249479494915462e-02 9.204852999016135962e-02 2.499656224059504661e-01
2.655439095714238196e-01 3.560591916809122126e-01 2.502602569708441971e-01 5.970809087060169329e-02 -7.153552102331775520e-02 -6.077883067894011837e-02 3.974880040885080124e-02 3.920899494658390549e-02 -3.206003526713872842e-02 -7.657970639041394856e-02 -3.104068264965070129e-02 1.146254290833777084e-01
9.763129464762315690e-02 2.502602569708441971e-01 4.288828892042344521e-01 2.766042537969846116e-01 5.904587336057014885e-02 -6.259760386962588685e-02 -3.055044675083479905e-02 5.513275418452952270e-02 5.085062226107250893e-02 -2.298791096666705225e-02 -6.999286595807359401e-02 -2.797088769429914232e-02
-6.310197694255106904e-02 5.970809087060169329e-02 2.766042537969846116e-01 4.757655559110520738e-01 2.557548467936944236e-01 5.698166885498301415e-02 -7.118203164935832383e-02 -1.898573077276732857e-02 4.843271712056787526e-02 5.330887846585706524e-02 -4.564875670903797283e-03 -6.675519692605459687e-02
-7.593227618764658571e-02 -7.153552102331775520e-02 5.904587336057014885e-02 2.557548467936944236e-01 3.777658913244374972e-01 2.550905005646583179e-01 2.187733582923550094e-02 -8.826972059454563091e-02 -4.844922968451784856e-02 4.092229629927628121e-02 6.265982700620420509e-02 -6.115899672013412093e-04
3.248268361583473568e-03 -6.077883067894011837e-02 -6.259760386962588685e-02 5.698166885498301415e-02 2.550905005646583179e-01 4.839297209751416973e-01 2.670415586603583913e-01 -2.841041853893279401e-02 -9.600291753816803109e-02 -3.561087407671917338e-02 4.272452895841390152e-02 5.308984813475257913e-02
5.613735194560243169e-02 3.974880040885080124e-02 -3.055044675083479905e-02 -7.118203164935832383e-02 2.187733582923550094e-02 2.670415586603583913e-01 5.638407732270478423e-01 2.667347402941062651e-01 4.123119912660502817e-02 -5.762925339446071937e-02 -5.564613631532161486e-02 9.277597271244894875e-03
-2.222734041456193160e-02 3.920899494658390549e-02 5.513275418452952270e-02 -1.898573077276732857e-02 -8.826972059454563091e-02 -2.841041853893279401e-02 2.667347402941062651e-01 4.482524708398704094e-01 2.569901918892724124e-01 9.037525404247179206e-02 -3.983290941069167479e-02 -6.884780767673839841e-02
-8.181495086596606015e-02 -3.206003526713872842e-02 5.085062226107250893e-02 4.843271712056787526e-02 -4.844922968451784856e-02 -9.600291753816803109e-02 4.123119912660502817e-02 2.569901918892724124e-01 3.595992095129349475e-01 2.454901367853333793e-01 9.589232666324967735e-02 -4.453226935584618518e-02
-4.213249479494915462e-02 -7.657970639041394856e-02 -2.298791096666705225e-02 5.330887846585706524e-02 4.092229629927628121e-02 -3.561087407671917338e-02 -5.762925339446071937e-02 9.037525404247179206e-02 2.454901367853333793e-01 3.558423903517217712e-01 2.728285341766107930e-01 9.891611874532461879e-02
9.204852999016135962e-02 -3.104068264965070129e-02 -6.999286595807359401e-02 -4.564875670903797283e-03 6.265982700620420509e-02 4.272452895841390152e-02 -5.564613631532161486e-02 -3.983290941069167479e-02 9.589232666324967735e-02 2.728285341766107930e-01 4.357795853369914596e-01 2.594476789660595806e-01
2.499656224059504661e-01 1.146254290833777084e-01 -2.797088769429914232e-02 -6.675519692605459687e-02 -6.115899672013412093e-04 5.308984813475257913e-02 9.277597271244894875e-03 -6.884780767673839841e-02 -4.453226935584618518e-02 9.891611874532461879e-02 2.594476789660595806e-01 3.401326283214567980e-01
5.346159627814628390e-01 2.762148410696237955e-01 -1.665536642031014217e-02 -9.379470186498078954e-02 -4.063694354687151511e-02 7.293969955876781347e-03 3.188999239971631455e-02 3.151044630357075979e-03 -3.956178615509315516e-02 -2.150680462105888577e-02 7.222984667744476728e-02 2.435877009120141767e-01
2.762148410696237955e-01 5.148991735288683813e-01 2.345765906258244771e-01 4.425960740617156108e-02 -2.158689445815996713e-02 -5.046400588062129045e-02 -7.960540030995610916e-03 5.357653382408144455e-02 2.917603228512715557e-02 -6.338683928297537962e-02 -8.226990603453093742e-02 1.012193250173914864e-02
-1.665536642031014217e-02 2.345765906258244771e-01 4.489191972838770250e-01 2.913050437279725013e-01 1.008231747505000803e-01 -4.640570885272542884e-03 -4.153428783946630509e-02 -1.243135120660118081e-02 2.653861049367910868e-02 2.248393733391794783e-02 -2.511850792594442355e-02 -6.128844879673418095e-02
-9.379470186498078954e-02 4.425960740617156108e-02 2.913050437279725013e-01 4.340003533624182674e-01 1.788032412249251635e-01 7.738011802304844977e-02 -1.643063780972327248e-02 -5.732601694636445949e-02 -1.222562347389268694e-02 5.843087850954867268e-02 4.729391602704817454e-02 -2.799207560039802464e-02
-4.063694354687151511e-02 -2.158689445815996713e-02 1.008231747505000803e-01 1.788032412249251635e-01 1.293026272407049870e-01 1.722842705685748155e-01 9.141922221952200611e-02 -3.218796003697227404e-02 -4.861682691588654903e-02 1.656592637424699963e-02 4.862085734964539940e-02 2.222407103053012506e-02
7.293969955876781347e-03 -5.046400588062129045e-02 -4.640570885272542884e-03 7.738011802304844977e-02 1.722842705685748155e-01 4.386894541609472897e-01 3.036404652400920834e-01 3.682619781212774501e-02 -8.190946820077796287e-02 -3.640753005056219377e-02 4.095884566269496208e-02 5.906230739391719886e-02
3.188999239971631455e-02 -7.960540030995610916e-03 -4.153428783946630509e-02 -1.643063780972327248e-02 9.141922221952200611e-02 3.036404652400920834e-01 4.899682622588840131e-01 2.207551156384197077e-01 2.442930364973499094e-02 -5.354671044716029227e-02 -3.670156309463794286e-02 9.174663998974631751e-03
3.151044630357075979e-03 5.357653382408144455e-02 -1.243135120660118081e-02 -5.732601694636445949e-02 -3.218796003697227404e-02 3.682619781212774501e-02 2.207551156384197077e-01 4.155848124625537432e-01 2.846894316979069472e-01 5.155777850551869490e-02 -8.067420462123649216e-02 -8.379444095744603693e-02
-3.956178615509315516e-02 2.917603228512715557e-02 2.653861049367910868e-02 -1.222562347389268694e-02 -4.861682691588654903e-02 -8.190946820077796287e-02 2.442930364973499094e-02 2.846894316979069472e-01 5.106528187534407071e-01 2.517253131797966281e-01 5.101757369449404916e-02 -4.755468548843293231e-02
-2.150680462105888577e-02 -6.338683928297537962e-02 2.248393733391794783e-02 5.843087850954867268e-02 1.656592637424699963e-02 -3.640753005056219377e-02 -5.354671044716029227e-02 5.155777850551869490e-02 2.517253131797966281e-01 3.958298596165569783e-01 2.605876198729084048e-01 1.319451089454814485e-01
7.222984667744476728e-02 -8.226990603453093742e-02 -2.511850792594442355e-02 4.729391602704817454e-02 4.862085734964539940e-02 4.095884566269496208e-02 -3.670156309463794286e-02 -8.067420462123649216e-02 5.101757369449404916e-02 2.605876198729084048e-01 3.405381945933572130e-01 2.526295020259988755e-01
2.435877009120141767e-01 1.012193250173914864e-02 -6.128844879673418095e-02 -2.799207560039802464e-02 2.222407103053012506e-02 5.906230739391719886e-02 9.174663998974631751e-03 -8.379444095744603693e-02 -4.755468548843293231e-02 1.319451089454814485e-01 2.526295020259988755e-01 3.469992839569098209e-01
3.627296016661827882e-01 2.697481545884759524e-01 3.897400955753821394e-02 -8.443000742724285357e-02 -3.895835712475768930e-02 5.057119107165219951e-02 5.671183384809710959e-02 2.296168060046875625e-02 -4.882223803259518047e-02 -7.007395840762647987e-02 5.954459984624226737e-02 2.438389442426983911e-01
2.697481545884759524e-01 4.679443017326270216e-01 2.459462683589753174e-01 1.710465117788231154e-02 -6.104931934006294775e-02 -1.640361927792100341e-02 4.071149688304204206e-02 6.281274897321413586e-02 1.139815979613205063e-02 -7.853698287720546622e-02 -5.808522845423021858e-02 9.590639285887295196e-02
3.897400955753821394e-02 2.459462683589753174e-01 4.980471007788592752e-01 2.779619397773047118e-01 3.251112806914130404e-02 -8.154609683482334781e-02 -5.289459013578129420e-02 -1.544382631004062763e-04 3.909875798825002136e-02 2.741369165208336345e-02 -3.439714617404861924e-02 -5.495972625899294556e-02
-8.443000742724285357e-02 1.710465117788231154e-02 2.779619397773047118e-01 4.524407246301284657e-01 2.286525447122216004e-01 2.212893746635662129e-02 -5.213024210543051873e-02 -5.972998667779271659e-02 -3.653610209855968384e-03 5.934286035777765894e-02 3.222616324921899478e-02 -6.030121362744435970e-02
-3.895835712475768930e-02 -6.104931934006294775e-02 3.251112806914130404e-02 2.286525447122216004e-01 4.595348805855139496e-01 2.962302453518321776e-01 8.730601195895740241e-02 -3.303902830458206596e-02 -5.457184359249256378e-02 -6.487750448432545898e-03 3.915334745406313932e-02 2.260222566958321189e-02
5.057119107165219951e-02 -1.640361927792100341e-02 -8.154609683482334781e-02 2.212893746635662129e-02 2.962302453518321776e-01 4.817879184714559671e-01 2.093590317768949383e-01 8.362490729867096129e-02 -1.632185427188360613e-02 -6.062940538798421153e-02 -1.774481080529161092e-02 4.954752421476076030e-02
5.671183384809710959e-02 4.071149688304204206e-02 -5.289459013578129420e-02 -5.213024210543051873e-02 8.730601195895740241e-02 2.093590317768949383e-01 1.932468260721255104e-01 2.074823516400937651e-01 1.155159404241379861e-01 -2.159269997282611472e-02 -6.444156292895605875e-02 -8.389010730291950740e-03
2.296168060046875625e-02 6.281274897321413586e-02 -1.544382631004062763e-04 -5.972998667779271659e-02 -3.303902830458206596e-02 8.362490729867096129e-02 2.074823516400937651e-01 3.914219762404305136e-01 2.918826998235785619e-01 8.235428346606844807e-02 -7.097605144751045758e-02 -7.096775911788413826e-02
-4.882223803259518047e-02 1.139815979613205063e-02 3.909875798825002136e-02 -3.653610209855968384e-03 -5.457184359249256378e-02 -1.632185427188360613e-02 1.155159404241379861e-01 2.918826998235785619e-01 4.436999318045368734e-01 2.386130468167070862e-01 4.111923652711264865e-02 -6.281548259482311325e-02
-7.007395840762647987e-02 -7.853698287720546622e-02 2.741369165208336345e-02 5.934286035777765894e-02 -6.487750448432545898e-03 -6.062940538798421153e-02 -2.159269997282611472e-02 8.235428346606844807e-02 2.386130468167070862e-01 3.875506744059936670e-01 2.740901716438059466e-01 8.383337190885907508e-02
5.954459984624226737e-02 -5.808522845423021858e-02 -3.439714617404861924e-02 3.222616324921899478e-02 3.915334745406313932e-02 -1.774481080529161092e-02 -6.444156292895605875e-02 -7.097605144751045758e-02 4.111923652711264865e-02 2.740901716438059466e-01 4.795336800791509813e-01 2.739157805299298754e-01
2.438389442426983911e-01 9.590639285887295196e-02 -5.495972625899294556e-02 -6.030121362744435970e-02 2.260222566958321189e-02 4.954752421476076030e-02 -8.389010730291950740e-03 -7.096775911788413826e-02 -6.281548259482311325e-02 8.383337190885907508e-02 2.739157805299298754e-01 3.820623835329526319e-01
4.814553484104725500e-01 2.560697870300657208e-01 -3.688156840049043508e-03 -6.991924251192134510e-02 -1.573288108107906424e-02 4.259750021949685467e-02 1.380699749458241636e-02 -4.396541687986356417e-02 -8.086967429506503047e-02 -6.736626273511539531e-02 2.812192323276120620e-02 2.499868133147811200e-01
2.560697870300657208e-01 4.994753061600132327e-01 2.627843452272670133e-01 2.912755078715397253e-02 -6.597882299015517260e-02 -2.195434155610098692e-02 4.453001247569437354e-02 4.056496089243234737e-02 8.590765218232380290e-03 -4.247270078729035309e-02 -6.738781605178972844e-02 3.406808498702676435e-02
-3.688156840049043508e-03 2.627843452272670133e-01 4.920105907852616589e-01 2.430845052577070842e-01 3.078578836877572666e-02 -6.054914715044178858e-02 -1.869384327620814135e-02 3.748527062649176234e-02 6.557201611222143733e-02 5.012984951454560467e-02 -1.281611172574302973e-02 -7.374569885978618511e-02
-6.991924251192134510e-02 2.912755078715397253e-02 2.430845052577070842e-01 4.086688930575471668e-01 2.709474837437753081e-01 2.553863342774810585e-02 -8.663531128244748858e-02 -5.231879367870694020e-02 5.037029067368706259e-03 4.679962925427351428e-02 4.111660046693104559e-02 -3.777467910700228748e-02
-1.573288108107906424e-02 -6.597882299015517260e-02 3.078578836877572666e-02 2.709474837437753081e-01 5.297339907386999780e-01 2.471123146196040343e-01 -7.382265376538304710e-03 -7.170259976769842447e-02 -6.905531653952620696e-02 -2.800341316094558108e-02 2.585538480961703869e-02 3.605287280062771660e-02
4.259750021949685467e-02 -2.195434155610098692e-02 -6.054914715044178858e-02 2.553863342774810585e-02 2.471123146196040343e-01 4.640220000085978347e-01 2.806686363447991051e-01 7.922053550977919967e-02 -1.977333730125710454e-02 -5.017320105083337284e-02 -3.176567371297251557e-02 3.380867698426953671e-02
1.380699749458241636e-02 4.453001247569437354e-02 -1.869384327620814135e-02 -8.663531128244748858e-02 -7.382265376538304710e-03 2.806686363447991051e-01 4.994984647507469955e-01 2.284177243703933713e-01 1.173930078517579773e-01 3.252975198029591647e-02 -3.362265270626196845e-02 -3.756556381319479249e-02
-4.396541687986356417e-02 4.056496089243234737e-02 3.748527062649176234e-02 -5.231879367870694020e-02 -7.170259976769842447e-02 7.922053550977919967e-02 2.284177243703933713e-01 1.999863791862961371e-01 1.782367562888957924e-01 1.124542504254547604e-01 2.999486192566874418e-02 -6.076690612806578268e-02
-8.086967429506503047e-02 8.590765218232380290e-03 6.557201611222143733e-02 5.037029067368706259e-03 -6.905531653952620696e-02 -1.977333730125710454e-02 1.173930078517579773e-01 1.782367562888957924e-01 2.365001566089603435e-01 2.020929335465982413e-01 1.224433261559115527e-01 -3.966696922219596633e-02
-6.736626273511539531e-02 -4.247270078729035309e-02 5.012984951454560467e-02 4.679962925427351428e-02 -2.800341316094558108e-02 -5.017320105083337284e-02 3.252975198029591647e-02 1.124542504254547604e-01 2.020929335465982413e-01 2.588021945279608271e-01 2.583806098761193271e-01 7.360337721692128410e-02
2.812192323276120620e-02 -6.738781605178972844e-02 -1.281611172574302973e-02 4.111660046693104559e-02 2.585538480961703869e-02 -3.176567371297251557e-02 -3.362265270626196845e-02 2.999486192566874418e-02 1.224433261559115527e-01 2.583806098761193271e-01 5.129688826329481532e-01 2.726539851929983271e-01
