1.339587431904097903e-01 1.355482402859891633e-01 1.539153818113588590e-01 1.273707181405084043e-01 6.772002732253204482e-02 8.371520583515017905e-03 -5.781733751574111291e-02 -1.106046173412784106e-01 -1.361493403312136197e-01 -1.238142689812300745e-01
1.355482402859891633e-01 1.496652219626827818e-01 1.824179170609786238e-01 1.633746238687349694e-01 1.068249298406052372e-01 5.838393908675369726e-02 -1.145265285320536119e-02 -7.289635343292064085e-02 -1.106588272524876571e-01 -1.136401685005846846e-01
1.539153818113588590e-01 1.824179170609786238e-01 2.375782496814742017e-01 2.248938009631136492e-01 1.637459618156976160e-01 1.206058077275710405e-01 3.785195987040770871e-02 -4.113568469845874098e-02 -9.738205202141370087e-02 -1.171114208201071011e-01
1.273707181405084043e-01 1.633746238687349694e-01 2.248938009631136492e-01 2.295424752996519380e-01 1.843264382308826277e-01 1.626574681334573835e-01 9.007505970336096568e-02 1.411721418012056375e-02 -4.816355327674388953e-02 -8.351404310990157009e-02
6.772002732253204482e-02 1.068249298406052372e-01 1.637459618156976160e-01 1.843264382308826277e-01 1.728879175925329692e-01 1.858192161963808098e-01 1.409731166127679292e-01 8.405407008414331194e-02 2.644341995640123524e-02 -2.270585541898088172e-02
8.371520583515017905e-03 5.838393908675369726e-02 1.206058077275710405e-01 1.626574681334573835e-01 1.858192161963808098e-01 2.439945080947462652e-01 2.249145884595315503e-01 1.805804077961308263e-01 1.189557544969506858e-01 4.557218284912552958e-02
-5.781733751574111291e-02 -1.145265285320536119e-02 3.785195987040770871e-02 9.007505970336096568e-02 1.409731166127679292e-01 2.249145884595315503e-01 2.445943865188019706e-01 2.289413408027746732e-01 1.815147907405912087e-01 1.045906464864289342e-01
-1.106046173412784106e-01 -7.289635343292064085e-02 -4.113568469845874098e-02 1.411721418012056375e-02 8.405407008414331194e-02 1.805804077961308263e-01 2.289413408027746732e-01 2.460357079868008834e-01 2.179961081377413123e-01 1.459526240054518920e-01
-1.361493403312136197e-01 -1.106588272524876571e-01 -9.738205202141370087e-02 -4.816355327674388953e-02 2.644341995640123524e-02 1.189557544969506858e-01 1.815147907405912087e-01 2.179961081377413123e-01 2.137311006491695309e-01 1.571622779331596775e-01
-1.238142689812300745e-01 -1.136401685005846846e-01 -1.171114208201071011e-01 -8.351404310990157009e-02 -2.270585541898088172e-02 4.557218284912552958e-02 1.045906464864289342e-01 1.459526240054518920e-01 1.571622779331596775e-01 1.280116890237306404e-01
1.610790649751837333e-01 1.823899004400285628e-01 1.803030590036073244e-01 1.132309571320145869e-01 1.025330811809214010e-01 4.418075345687046129e-02 -1.417858865059614011e-02 -8.620466988181145485e-02 -1.293694198559497688e-01 -1.246723519108549338e-01
1.823899004400285628e-01 2.250936506394227155e-01 2.330531979650747321e-01 1.539724384188796424e-01 1.534758081060104973e-01 8.859588240146273885e-02 3.786346504427953730e-02 -3.079754154013689821e-02 -9.469858997687341517e-02 -1.208165443574902298e-01
1.803030590036073244e-01 2.330531979650747321e-01 2.525280188978299978e-01 1.716302079924924562e-01 1.789098280650108230e-01 1.142215129076436103e-01 7.328650097451039347e-02 1.308980936093316269e-02 -6.064465980026852165e-02 -1.068178400931471539e-01
1.132309571320145869e-01 1.539724384188796424e-01 1.716302079924924562e-01 1.230753841692160677e-01 1.364667337513805756e-01 9.542828440150721847e-02 7.758698248016102084e-02 4.635191689891093869e-02 -9.146159864540228529e-03 -5.607557558060859842e-02
1.025330811809214010e-01 1.534758081060104973e-01 1.789098280650108230e-01 1.364667337513805756e-01 1.639779194859168343e-01 1.269180847518412703e-01 1.249874296797306855e-01 1.084878007283526513e-01 4.254120018533409653e-02 -3.123549480131496137e-02
4.418075345687046129e-02 8.859588240146273885e-02 1.142215129076436103e-01 9.542828440150721847e-02 1.269180847518412703e-01 1.135848005702004559e-01 1.358784358974303164e-01 1.473988394133239899e-01 9.532598840692911579e-02 1.642087049620134451e-02
-1.417858865059614011e-02 3.786346504427953730e-02 7.328650097451039347e-02 7.758698248016102084e-02 1.249874296797306855e-01 1.358784358974303164e-01 1.978145134139614458e-01 2.496516963175007264e-01 1.958501808004472211e-01 8.251486095127515130e-02
-8.620466988181145485e-02 -3.079754154013689821e-02 1.308980936093316269e-02 4.635191689891093869e-02 1.084878007283526513e-01 1.473988394133239899e-01 2.496516963175007264e-01 3.515898934084562555e-01 3.012010388770193225e-01 1.564095742460474558e-01
-1.293694198559497688e-01 -9.469858997687341517e-02 -6.064465980026852165e-02 -9.146159864540228529e-03 4.254120018533409653e-02 9.532598840692911579e-02 1.958501808004472211e-01 3.012010388770193225e-01 2.868628956679213360e-01 1.708198723758410642e-01
-1.246723519108549338e-01 -1.208165443574902298e-01 -1.068178400931471539e-01 -5.607557558060859842e-02 -3.123549480131496137e-02 1.642087049620134451e-02 8.251486095127515130e-02 1.564095742460474558e-01 1.708198723758410642e-01 1.243938587718915051e-01
1.658649935211616577e-01 1.621824555860740258e-01 1.459190640095109348e-01 1.194587703027041037e-01 1.062453821827586270e-01 5.081116939991614512e-02 -9.307274594562833792e-03 -8.810608256079943690e-02 -1.578107021977341595e-01 -1.597106881998279493e-01
1.621824555860740258e-01 1.761118285626410152e-01 1.701636954092279608e-01 1.495499612015619706e-01 1.468861336289392083e-01 9.270580593902963407e-02 4.592585218076837561e-02 -2.774827462800778799e-02 -1.055118187598398094e-01 -1.346802322890936765e-01
1.459190640095109348e-01 1.701636954092279608e-01 1.747114628752087229e-01 1.610828532559333559e-01 1.666655214065826951e-01 1.167201032276256878e-01 8.274483306716151620e-02 1.833627870482166730e-02 -5.955088198508831643e-02 -1.060309601761467990e-01
1.194587703027041037e-01 1.495499612015619706e-01 1.610828532559333559e-01 1.571749114084085575e-01 1.708733053669704016e-01 1.283901575983349974e-01 1.078720618146930821e-01 5.665247064361528251e-02 -1.477800446020288878e-02 -7.244359100605245183e-02
1.062453821827586270e-01 1.468861336289392083e-01 1.666655214065826951e-01 1.708733053669704016e-01 1.968438177663330846e-01 1.579728270421842939e-01 1.500794540674635635e-01 1.067554103014203004e-01 3.321915002535551914e-02 -4.465807201724170117e-02
5.081116939991614512e-02 9.270580593902963407e-02 1.167201032276256878e-01 1.283901575983349974e-01 1.579728270421842939e-01 1.412082776248108629e-01 1.557846080249126741e-01 1.393380921834780628e-01 8.871523575605275158e-02 1.004416217024210398e-02
-9.307274594562833792e-03 4.592585218076837561e-02 8.274483306716151620e-02 1.078720618146930821e-01 1.500794540674635635e-01 1.557846080249126741e-01 2.054280558102727083e-01 2.209787979261957358e-01 1.866578858509802263e-01 8.556873668993403292e-02
-8.810608256079943690e-02 -2.774827462800778799e-02 1.833627870482166730e-02 5.665247064361528251e-02 1.067554103014203004e-01 1.393380921834780628e-01 2.209787979261957358e-01 2.801805572568397684e-01 2.766794193122087409e-01 1.675794957419290965e-01
-1.578107021977341595e-01 -1.055118187598398094e-01 -5.955088198508831643e-02 -1.477800446020288878e-02 3.321915002535551914e-02 8.871523575605275158e-02 1.866578858509802263e-01 2.766794193122087409e-01 3.168047992867283336e-01 2.232580365737316108e-01
-1.597106881998279493e-01 -1.346802322890936765e-01 -1.060309601761467990e-01 -7.244359100605245183e-02 -4.465807201724170117e-02 1.004416217024210398e-02 8.556873668993403292e-02 1.675794957419290965e-01 2.232580365737316108e-01 1.856712958875958441e-01
3.687727358636080921e-01 2.920564431934012939e-01 2.065918365643710786e-01 8.693427938563774715e-02 1.958159756551033914e-02 -2.574830179088170856e-02 -6.844682246573946527e-02 -1.222426184554872147e-01 -1.701045867637241138e-01 -1.943992145516938164e-01
2.920564431934012939e-01 2.776329442027983818e-01 2.412470086194049568e-01 1.410379869912205264e-01 9.286486325941750719e-02 4.431220208131989025e-02 1.349070348510012993e-02 -2.077010439138132422e-02 -6.921610925780856405e-02 -1.261974747675703168e-01
2.065918365643710786e-01 2.412470086194049568e-01 2.561966561728634684e-01 1.804997070691995997e-01 1.525299193317324609e-01 1.040388621930344037e-01 8.576755474400077350e-02 7.134124075491990458e-02 2.583067691466443133e-02 -5.713966029250157341e-02
8.693427938563774715e-02 1.410379869912205264e-01 1.804997070691995997e-01 1.487008017787165570e-01 1.442679215432265405e-01 1.108369882606223406e-01 1.060284619966359310e-01 1.085848014844739418e-01 7.928541095930938254e-02 5.630686763676872805e-03
1.958159756551033914e-02 9.286486325941750719e-02 1.525299193317324609e-01 1.442679215432265405e-01 1.558903141497114397e-01 1.286093151811681934e-01 1.320062778118897828e-01 1.456911285128526523e-01 1.231693024063183067e-01 4.692440588338622071e-02
-2.574830179088170856e-02 4.431220208131989025e-02 1.040388621930344037e-01 1.108369882606223406e-01 1.286093151811681934e-01 1.124560714056574984e-01 1.214285477747202302e-01 1.399363827981709718e-01 1.258390963069542234e-01 6.285588617536239098e-02
-6.844682246573946527e-02 1.349070348510012993e-02 8.576755474400077350e-02 1.060284619966359310e-01 1.320062778118897828e-01 1.214285477747202302e-01 1.382605545370651501e-01 1.657604499314551116e-01 1.555655275311609298e-01 8.944755392751886636e-02
-1.222426184554872147e-01 -2.077010439138132422e-02 7.134124075491990458e-02 1.085848014844739418e-01 1.456911285128526523e-01 1.399363827981709718e-01 1.657604499314551116e-01 2.073026274192348861e-01 2.015796978644595894e-01 1.266159652286609760e-01
-1.701045867637241138e-01 -6.921610925780856405e-02 2.583067691466443133e-02 7.928541095930938254e-02 1.231693024063183067e-01 1.258390963069542234e-01 1.555655275311609298e-01 2.015796978644595894e-01 2.079018630978428650e-01 1.451689676487708525e-01
-1.943992145516938164e-01 -1.261974747675703168e-01 -5.713966029250157341e-02 5.630686763676872805e-03 4.692440588338622071e-02 6.285588617536239098e-02 8.944755392751886636e-02 1.266159652286609760e-01 1.451689676487708525e-01 1.268854313724994964e-01
6.089675021792365084e-02 1.032953404451627949e-01 1.199623721018168165e-01 1.038910667430613111e-01 2.394504614110590582e-02 -3.617190843217359814e-02 -7.904683151235192273e-02 -7.652051643791663027e-02 -6.104050899785624235e-02 -4.621946235187386620e-02
1.032953404451627949e-01 1.915260429623903693e-01 2.386085296699709535e-01 2.277966462968356587e-01 8.285899869587867728e-02 -9.831680777858928938e-03 -7.480009650809653354e-02 -8.488652103880520161e-02 -7.593049241096372359e-02 -6.717424531379760644e-02
1.199623721018168165e-01 2.386085296699709535e-01 3.191813689401805099e-01 3.260565276519012956e-01 1.436362548583954568e-01 4.432387055062088355e-02 -2.388629152431184094e-02 -5.161935599388267626e-02 -5.959334030164905455e-02 -6.648014970911302057e-02
1.038910667430613111e-01 2.277966462968356587e-01 3.260565276519012956e-01 3.693091160506952741e-01 1.897937428460451104e-01 1.143781239659630578e-01 6.517594152272514207e-02 1.911829012457444410e-02 -1.290181953619132411e-02 -4.200906805416001338e-02
2.394504614110590582e-02 8.285899869587867728e-02 1.436362548583954568e-01 1.897937428460451104e-01 1.294467398803128555e-01 1.304250642826806361e-01 1.339385174188557626e-01 9.292152842555428949e-02 5.087991886868593189e-02 1.211006655990627158e-02
-3.617190843217359814e-02 -9.831680777858928938e-03 4.432387055062088355e-02 1.143781239659630578e-01 1.304250642826806361e-01 1.998663107239663783e-01 2.515408189705781172e-01 1.965210547192946522e-01 1.277732217391686631e-01 6.447410369763524607e-02
-7.904683151235192273e-02 -7.480009650809653354e-02 -2.388629152431184094e-02 6.517594152272514207e-02 1.339385174188557626e-01 2.515408189705781172e-01 3.441446003506670737e-01 2.763895801854371337e-01 1.855790263185392031e-01 1.028540099592096663e-01
-7.652051643791663027e-02 -8.488652103880520161e-02 -5.161935599388267626e-02 1.911829012457444410e-02 9.292152842555428949e-02 1.965210547192946522e-01 2.763895801854371337e-01 2.311652796244327290e-01 1.581357801328063251e-01 9.079145746092311120e-02
-6.104050899785624235e-02 -7.593049241096372359e-02 -5.959334030164905455e-02 -1.290181953619132411e-02 5.087991886868593189e-02 1.277732217391686631e-01 1.855790263185392031e-01 1.581357801328063251e-01 1.112181376630884677e-01 6.646728378221053446e-02
-4.621946235187386620e-02 -6.717424531379760644e-02 -6.648014970911302057e-02 -4.200906805416001338e-02 1.211006655990627158e-02 6.447410369763524607e-02 1.028540099592096663e-01 9.079145746092311120e-02 6.646728378221053446e-02 4.324565358634299000e-02
1.963905720909089603e-01 1.966299736944364107e-01 1.753047946895565923e-01 1.322304389999073848e-01 8.045694635057222543e-02 3.499135071256426199e-02 -2.503284928049516467e-02 -1.007720732398952324e-01 -1.441140655353387867e-01 -1.637828358420013730e-01
1.966299736944364107e-01 2.195582876149743123e-01 2.112990953087728052e-01 1.728966397932123478e-01 1.232755386444365497e-01 8.719166172674236437e-02 3.134794135649350555e-02 -3.183082755226293581e-02 -9.318886117945442138e-02 -1.403792524315642942e-01
1.753047946895565923e-01 2.112990953087728052e-01 2.182679493599772036e-01 1.884431961365753416e-01 1.450909816111742856e-01 1.195687603993376841e-01 7.246239347593336211e-02 2.561894124608106449e-02 -4.367653768559952299e-02 -1.074206166751868058e-01
1.322304389999073848e-01 1.728966397932123478e-01 1.884431961365753416e-01 1.733528916454593338e-01 1.428699461564194029e-01 1.303722581414697435e-01 9.727345397581241282e-02 7.096186709751559074e-02 4.943996522955208632e-03 -6.397921693193893422e-02
8.045694635057222543e-02 1.232755386444365497e-01 1.450909816111742856e-01 1.428699461564194029e-01 1.291740859141621289e-01 1.315896601641509123e-01 1.151235925307070168e-01 1.110817801140775440e-01 5.306002869358194401e-02 -1.616198494690154752e-02
3.499135071256426199e-02 8.719166172674236437e-02 1.195687603993376841e-01 1.303722581414697435e-01 1.315896601641509123e-01 1.518302724566167328e-01 1.521333238936536103e-01 1.725093859718721534e-01 1.144027062937307687e-01 3.458480250482474233e-02
-2.503284928049516467e-02 3.134794135649350555e-02 7.246239347593336211e-02 9.727345397581241282e-02 1.151235925307070168e-01 1.521333238936536103e-01 1.748210081320273612e-01 2.235594769596955522e-01 1.726837322932128216e-01 9.098732433755966909e-02
-1.007720732398952324e-01 -3.183082755226293581e-02 2.561894124608106449e-02 7.096186709751559074e-02 1.110817801140775440e-01 1.725093859718721534e-01 2.235594769596955522e-01 3.170576175181568646e-01 2.675039869282340166e-01 1.714491200351419276e-01
-1.441140655353387867e-01 -9.318886117945442138e-02 -4.367653768559952299e-02 4.943996522955208632e-03 5.306002869358194401e-02 1.144027062937307687e-01 1.726837322932128216e-01 2.675039869282340166e-01 2.518161865518439568e-01 1.863863381075601677e-01
-1.637828358420013730e-01 -1.403792524315642942e-01 -1.074206166751868058e-01 -6.397921693193893422e-02 -1.616198494690154752e-02 3.458480250482474233e-02 9.098732433755966909e-02 1.714491200351419276e-01 1.863863381075601677e-01 1.677311287158744502e-01
3.202170749289809937e-01 1.891762894757091362e-01 1.609823287112461254e-01 1.221546500250746958e-01 7.673910413428243482e-02 2.918153990914775994e-02 -2.865422997600413496e-02 -1.002344790422524945e-01 -1.739804654509065074e-01 -2.929353332088707185e-01
1.891762894757091362e-01 1.251178958034874222e-01 1.237353987442250947e-01 1.094919286871554737e-01 8.650227986898281762e-02 6.219112194082936085e-02 3.388951677053833600e-02 -1.641406556510704301e-02 -7.692591940540836892e-02 -1.589323749228205018e-01
1.609823287112461254e-01 1.237353987442250947e-01 1.449486179181917467e-01 1.456703679341594393e-01 1.315678008234165974e-01 1.160349053368529559e-01 1.002108799406976475e-01 4.666072490167863518e-02 -2.833339141975860925e-02 -1.148750036032131633e-01
1.221546500250746958e-01 1.094919286871554737e-01 1.456703679341594393e-01 1.601648247965195282e-01 1.556225096736488789e-01 1.489943937972784682e-01 1.448004423246954109e-01 9.392108514365966887e-02 1.473002270714977163e-02 -6.707085800153447797e-02
7.673910413428243482e-02 8.650227986898281762e-02 1.315678008234165974e-01 1.556225096736488789e-01 1.621408597654150352e-01 1.653869818346297427e-01 1.723526498279058794e-01 1.278968981228559842e-01 5.187658259045493936e-02 -1.834954524986695187e-02
2.918153990914775994e-02 6.219112194082936085e-02 1.160349053368529559e-01 1.489943937972784682e-01 1.653869818346297427e-01 1.812821379640652819e-01 2.013595516244061079e-01 1.633628428451538717e-01 9.033129680125165373e-02 3.235199334323633769e-02
-2.865422997600413496e-02 3.388951677053833600e-02 1.002108799406976475e-01 1.448004423246954109e-01 1.723526498279058794e-01 2.013595516244061079e-01 2.406686032711337075e-01 2.106906318581492910e-01 1.394689275927078198e-01 9.515926643268426965e-02
-1.002344790422524945e-01 -1.641406556510704301e-02 4.666072490167863518e-02 9.392108514365966887e-02 1.278968981228559842e-01 1.633628428451538717e-01 2.106906318581492910e-01 2.059972434620898074e-01 1.624511427111488548e-01 1.521560505872759095e-01
-1.739804654509065074e-01 -7.692591940540836892e-02 -2.833339141975860925e-02 1.473002270714977163e-02 5.187658259045493936e-02 9.033129680125165373e-02 1.394689275927078198e-01 1.624511427111488548e-01 1.637270966219623036e-01 1.995268703145749167e-01
-2.929353332088707185e-01 -1.589323749228205018e-01 -1.148750036032131633e-01 -6.707085800153447797e-02 -1.834954524986695187e-02 3.235199334323633769e-02 9.515926643268426965e-02 1.521560505872759095e-01 1.995268703145749167e-01 2.957356454681545621e-01
4.365925746556252873e-01 2.388428918477735752e-01 2.356087570304949697e-01 1.382499248258087510e-01 8.440557151350445986e-02 4.385148977991217001e-02 1.561709853726251903e-03 -7.049825510405559326e-02 -1.468987802060677805e-01 -2.552868368250382214e-01
2.388428918477735752e-01 1.414348973156749900e-01 1.519551221809945507e-01 9.562424339603155243e-02 6.785927948622291761e-02 5.174153604906553405e-02 4.258718442750510785e-02 6.801133360921668425e-03 -5.395615563827297484e-02 -1.299788200876920985e-01
2.356087570304949697e-01 1.519551221809945507e-01 1.795238257694443396e-01 1.206164247124523053e-01 9.600143105824096579e-02 8.869796746819971767e-02 9.904328852277127782e-02 6.926124669429090108e-02 -1.598701016131265015e-02 -1.137559448763753589e-01
1.382499248258087510e-01 9.562424339603155243e-02 1.206164247124523053e-01 8.632563258725969857e-02 7.528774584632852429e-02 7.799714358051293428e-02 9.837076492733681787e-02 8.523303097051057597e-02 1.793235430832625446e-02 -5.542098177053823849e-02
8.440557151350445986e-02 6.785927948622291761e-02 9.600143105824096579e-02 7.528774584632852429e-02 7.420432890908024159e-02 8.687933534704884997e-02 1.213470909591703728e-01 1.198089373493890636e-01 5.250766152190815272e-02 -1.643766697616019443e-02
4.385148977991217001e-02 5.174153604906553405e-02 8.869796746819971767e-02 7.799714358051293428e-02 8.687933534704884997e-02 1.130029623588301724e-01 1.696320417321111607e-01 1.798400534958839447e-01 9.907725203679844383e-02 2.147958045788922465e-02
1.561709853726251903e-03 4.258718442750510785e-02 9.904328852277127782e-02 9.837076492733681787e-02 1.213470909591703728e-01 1.696320417321111607e-01 2.686100435181696389e-01 2.965869617390266555e-01 1.799634902870788644e-01 7.431436187135344318e-02
-7.049825510405559326e-02 6.801133360921668425e-03 6.926124669429090108e-02 8.523303097051057597e-02 1.198089373493890636e-01 1.798400534958839447e-01 2.965869617390266555e-01 3.494906920830836983e-01 2.288008881501354119e-01 1.268665642461899168e-01
-1.468987802060677805e-01 -5.395615563827297484e-02 -1.598701016131265015e-02 1.793235430832625446e-02 5.250766152190815272e-02 9.907725203679844383e-02 1.799634902870788644e-01 2.288008881501354119e-01 1.768348534269982564e-01 1.400786219040643377e-01
-2.552868368250382214e-01 -1.299788200876920985e-01 -1.137559448763753589e-01 -5.542098177053823849e-02 -1.643766697616019443e-02 2.147958045788922465e-02 7.431436187135344318e-02 1.268665642461899168e-01 1.400786219040643377e-01 1.739801893758338991e-01
6.842914019289655925e-02 1.174831022241480949e-01 9.065522631096242789e-02 8.303423345796327737e-02 6.100268263487878401e-02 -1.520701189569890859e-02 -8.578770160834991998e-02 -1.013921190369004577e-01 -7.635277656767855414e-02 -6.811937037351166457e-02
1.174831022241480949e-01 2.105998167329987403e-01 1.698947849547784994e-01 1.705536039380052826e-01 1.511202501892394134e-01 8.976851952715211511e-03 -1.106556503424004356e-01 -1.465711947814410943e-01 -1.168432752117113671e-01 -1.102742385876585712e-01
9.065522631096242789e-02 1.698947849547784994e-01 1.494513080943354610e-01 1.705058122154738953e-01 1.789471558950925523e-01 5.036862785964812961e-02 -4.452588097979971737e-02 -8.544522412023156099e-02 -7.673922333497283643e-02 -7.914488047833337370e-02
8.303423345796327737e-02 1.705536039380052826e-01 1.705058122154738953e-01 2.312223109855655601e-01 2.864464980076849576e-01 1.315122374622810786e-01 4.075347887792772628e-02 -2.225686470072669315e-02 -4.300923592345601287e-02 -6.041138163802002581e-02
6.100268263487878401e-02 1.511202501892394134e-01 1.789471558950925523e-01 2.864464980076849576e-01 4.125060082921110372e-01 2.371205922447395531e-01 1.661719412537015217e-01 7.915134946631671720e-02 1.541416644092790875e-02 -2.342525955549767600e-02
-1.520701189569890859e-02 8.976851952715211511e-03 5.036862785964812961e-02 1.315122374622810786e-01 2.371205922447395531e-01 1.860083044830532495e-01 2.014753128039946661e-01 1.514559151601831688e-01 8.063117539274157475e-02 4.360499018120850279e-02
-8.578770160834991998e-02 -1.106556503424004356e-01 -4.452588097979971737e-02 4.075347887792772628e-02 1.661719412537015217e-01 2.014753128039946661e-01 3.005768429204888070e-01 2.655137300000038891e-01 1.638353806431468718e-01 1.156635962456958461e-01
-1.013921190369004577e-01 -1.465711947814410943e-01 -8.544522412023156099e-02 -2.225686470072669315e-02 7.915134946631671720e-02 1.514559151601831688e-01 2.655137300000038891e-01 2.558220670748631020e-01 1.654129070073091234e-01 1.240840094253366638e-01
-7.635277656767855414e-02 -1.168432752117113671e-01 -7.673922333497283643e-02 -4.300923592345601287e-02 1.541416644092790875e-02 8.063117539274157475e-02 1.638353806431468718e-01 1.654129070073091234e-01 1.119616853076030039e-01 8.802925715762213721e-02
-6.811937037351166457e-02 -1.102742385876585712e-01 -7.914488047833337370e-02 -6.041138163802002581e-02 -2.342525955549767600e-02 4.360499018120850279e-02 1.156635962456958461e-01 1.240840094253366638e-01 8.802925715762213721e-02 7.342251591608556227e-02
1.093215945661297622e-01 1.729122085136443054e-01 1.137297754104426573e-01 7.763460422675802497e-02 5.111460850472084039e-02 2.094127288058428293e-02 -8.632602463694176442e-03 -4.898884920129968623e-02 -1.243985834352753228e-01 -1.595962515751496447e-01
1.729122085136443054e-01 3.592118610335903184e-01 2.599356664320422450e-01 2.009143483318346357e-01 1.612759628990141081e-01 1.127181989849569410e-01 9.355165680864696576e-02 1.961008443698246395e-02 -7.128916617262742728e-02 -1.607256710510660547e-01
1.137297754104426573e-01 2.599356664320422450e-01 2.005041364948077498e-01 1.630571655308967749e-01 1.375605404662386122e-01 1.039554324783566325e-01 1.000323223513039095e-01 4.631771038920463185e-02 -5.537807854471448951e-03 -7.722936712570178941e-02
7.763460422675802497e-02 2.009143483318346357e-01 1.630571655308967749e-01 1.407045249414414223e-01 1.246138673118253326e-01 1.002066519751693974e-01 1.060069641351942399e-01 6.412567921342016142e-02 3.626963993050989765e-02 -2.504109838838819435e-02
5.111460850472084039e-02 1.612759628990141081e-01 1.375605404662386122e-01 1.246138673118253326e-01 1.163994198010151748e-01 9.946108950271075055e-02 1.137088306617878020e-01 8.032571952487918554e-02 7.109626324496830241e-02 1.656837268441134839e-02
2.094127288058428293e-02 1.127181989849569410e-01 1.039554324783566325e-01 1.002066519751693974e-01 9.946108950271075055e-02 9.213195591271619578e-02 1.149790104967524651e-01 9.272473556613605727e-02 1.035880606346539778e-01 5.913419085432233824e-02
-8.632602463694176442e-03 9.355165680864696576e-02 1.000323223513039095e-01 1.060069641351942399e-01 1.137088306617878020e-01 1.149790104967524651e-01 1.569465508283946764e-01 1.409471507766479337e-01 1.806908781956477195e-01 1.325330666518664269e-01
-4.898884920129968623e-02 1.961008443698246395e-02 4.631771038920463185e-02 6.412567921342016142e-02 8.032571952487918554e-02 9.272473556613605727e-02 1.409471507766479337e-01 1.446182609221829951e-01 2.108003324831801972e-01 1.795476206230976757e-01
-1.243985834352753228e-01 -7.128916617262742728e-02 -5.537807854471448951e-03 3.626963993050989765e-02 7.109626324496830241e-02 1.035880606346539778e-01 1.806908781956477195e-01 2.108003324831801972e-01 3.438939610536120850e-01 3.213450517623182012e-01
-1.595962515751496447e-01 -1.607256710510660547e-01 -7.722936712570178941e-02 -2.504109838838819435e-02 1.656837268441134839e-02 5.913419085432233824e-02 1.325330666518664269e-01 1.795476206230976757e-01 3.213450517623182012e-01 3.362677344461106888e-01
1.083984936034625562e-01 9.556013207173782997e-02 9.874299919076669207e-02 1.203505534901445628e-01 1.049244274334902860e-01 9.503669723920171730e-02 2.323463008545433722e-02 -7.506207462701931787e-02 -1.460801670600996027e-01 -1.109540556152409790e-01
9.556013207173782997e-02 9.159284209088530693e-02 9.994784839484369132e-02 1.261266071357424190e-01 1.146261163627579627e-01 1.141046235585458091e-01 5.278731697785600530e-02 -2.140545631870413232e-02 -9.198815464564706612e-02 -8.528196931576900730e-02
9.874299919076669207e-02 9.994784839484369132e-02 1.135884033935316145e-01 1.468574280948765631e-01 1.362364817515396009e-01 1.413552180121462332e-01 7.870659150877634680e-02 1.070115397514628114e-02 -6.869226723075566587e-02 -7.923119475741631501e-02
1.203505534901445628e-01 1.261266071357424190e-01 1.468574280948765631e-01 1.944374134158857181e-01 1.831009547221378320e-01 1.944561260590987606e-01 1.177112682610529926e-01 4.171142004232832046e-02 -6.118173937729114858e-02 -8.909526717255708550e-02
1.049244274334902860e-01 1.146261163627579627e-01 1.362364817515396009e-01 1.831009547221378320e-01 1.790353735588186002e-01 1.977211537511052997e-01 1.300706644674022860e-01 7.203978711751993225e-02 -2.519639597611246853e-02 -6.843730410962167721e-02
9.503669723920171730e-02 1.141046235585458091e-01 1.413552180121462332e-01 1.944561260590987606e-01 1.977211537511052997e-01 2.336384542074558812e-01 1.733179186819779061e-01 1.395355394179671193e-01 3.687903514592250076e-02 -4.210363704500418025e-02
2.323463008545433722e-02 5.278731697785600530e-02 7.870659150877634680e-02 1.177112682610529926e-01 1.300706644674022860e-01 1.733179186819779061e-01 1.665442316986987248e-01 2.051436853314849151e-01 1.471203699456204994e-01 3.612066731737300501e-02
-7.506207462701931787e-02 -2.140545631870413232e-02 1.070115397514628114e-02 4.171142004232832046e-02 7.203978711751993225e-02 1.395355394179671193e-01 2.051436853314849151e-01 3.636263508588446491e-01 3.520768852033483443e-01 1.610831275390020578e-01
-1.460801670600996027e-01 -9.198815464564706612e-02 -6.869226723075566587e-02 -6.118173937729114858e-02 -2.519639597611246853e-02 3.687903514592250076e-02 1.471203699456204994e-01 3.520768852033483443e-01 4.111732044434893707e-01 2.208494829954851801e-01
-1.109540556152409790e-01 -8.528196931576900730e-02 -7.923119475741631501e-02 -8.909526717255708550e-02 -6.843730410962167721e-02 -4.210363704500418025e-02 3.612066731737300501e-02 1.610831275390020578e-01 2.208494829954851801e-01 1.379652327289278280e-01
4.505615130662901646e-02 8.399422762582575697e-02 9.320454872437443361e-02 5.835406014976278477e-02 -1.899644298932043340e-02 -6.414878882137615979e-02 -8.356795254146143215e-02 -6.086648905110903646e-02 -5.773395522159720239e-02 -6.399978923660123997e-02
8.399422762582575697e-02 1.739511662253977742e-01 2.184139944315089399e-01 1.834107119431396260e-01 2.595421597693006732e-02 -7.533265984746537192e-02 -1.209814467510647584e-01 -9.383708077790872681e-02 -9.336355019787061227e-02 -1.082238527365485120e-01
9.320454872437443361e-02 2.184139944315089399e-01 3.162604519566799555e-01 3.276515754711930573e-01 1.295521955369929590e-01 -1.172618707628051912e-02 -7.926951000224269350e-02 -7.397824823635759661e-02 -8.237345657969670498e-02 -1.039596605280314473e-01
5.835406014976278477e-02 1.834107119431396260e-01 3.276515754711930573e-01 4.419549256817588145e-01 2.714830229836678877e-01 1.293849926539294426e-01 5.583694749635335214e-02 1.115378756865514909e-02 -1.171801825588865073e-02 -3.527503778333430234e-02
-1.899644298932043340e-02 2.595421597693006732e-02 1.295521955369929590e-01 2.714830229836678877e-01 2.553500909713860567e-01 2.066742162370917013e-01 1.744781538034881341e-01 1.014281997863881735e-01 7.666995072561866298e-02 6.599468361623095358e-02
-6.414878882137615979e-02 -7.533265984746537192e-02 -1.172618707628051912e-02 1.293849926539294426e-01 2.066742162370917013e-01 2.275510568044021298e-01 2.268081644411679698e-01 1.444192248266279177e-01 1.209194839467956778e-01 1.192277140946991082e-01
-8.356795254146143215e-02 -1.209814467510647584e-01 -7.926951000224269350e-02 5.583694749635335214e-02 1.744781538034881341e-01 2.268081644411679698e-01 2.459878964587725592e-01 1.612699578874007833e-01 1.386879424745270650e-01 1.410270511301230378e-01
-6.086648905110903646e-02 -9.383708077790872681e-02 -7.397824823635759661e-02 1.115378756865514909e-02 1.014281997863881735e-01 1.444192248266279177e-01 1.612699578874007833e-01 1.089114467612592868e-01 9.585059701932553688e-02 9.920360630792840473e-02
-5.773395522159720239e-02 -9.336355019787061227e-02 -8.237345657969670498e-02 -1.171801825588865073e-02 7.666995072561866298e-02 1.209194839467956778e-01 1.386879424745270650e-01 9.585059701932553688e-02 8.668514347267973486e-02 9.140576474451052313e-02
-6.399978923660123997e-02 -1.082238527365485120e-01 -1.039596605280314473e-01 -3.527503778333430234e-02 6.599468361623095358e-02 1.192277140946991082e-01 1.410270511301230378e-01 9.920360630792840473e-02 9.140576474451052313e-02 9.829167036103411692e-02
2.698570492832768064e-01 1.887011449673831609e-01 8.897367253774099427e-02 9.170623179580299211e-02 9.999501725462411894e-02 7.839108245958026355e-02 4.458872491724828746e-02 -4.089347886147644273e-02 -1.842414431779302864e-01 -2.924845656089278823e-01
1.887011449673831609e-01 1.480187401439720940e-01 7.915709957319636003e-02 9.604675142963201018e-02 1.161301598384396894e-01 1.038664730278454074e-01 8.702823092495701185e-02 1.660265045868729999e-02 -8.300565717056877790e-02 -1.781515981019542172e-01
8.897367253774099427e-02 7.915709957319636003e-02 4.828660163331181809e-02 6.675104681381668903e-02 8.607402592859246526e-02 8.180563951240574228e-02 7.780250859417542353e-02 3.738391107374267053e-02 -9.228660573493776414e-03 -6.729994625820276410e-02
9.170623179580299211e-02 9.604675142963201018e-02 6.675104681381668903e-02 1.025477166684027053e-01 1.381568039317128960e-01 1.357847320873854513e-01 1.373159732026420499e-01 8.432156019351370879e-02 3.693863114298246569e-02 -4.333284873392674597e-02
9.999501725462411894e-02 1.161301598384396894e-01 8.607402592859246526e-02 1.381568039317128960e-01 1.907901224605708101e-01 1.902479044937306907e-01 1.963500318100657449e-01 1.288643163089264188e-01 7.751389554332796528e-02 -2.629982562197192078e-02
7.839108245958026355e-02 1.038664730278454074e-01 8.180563951240574228e-02 1.357847320873854513e-01 1.902479044937306907e-01 1.959895704434318764e-01 2.081639629481333853e-01 1.437437789654062714e-01 1.034590012273221699e-01 3.537167834418197647e-03
4.458872491724828746e-02 8.702823092495701185e-02 7.780250859417542353e-02 1.373159732026420499e-01 1.963500318100657449e-01 2.081639629481333853e-01 2.329430522958812477e-01 1.731223803753929869e-01 1.508147910955684456e-01 5.410980244539009137e-02
-4.089347886147644273e-02 1.660265045868729999e-02 3.738391107374267053e-02 8.432156019351370879e-02 1.288643163089264188e-01 1.437437789654062714e-01 1.731223803753929869e-01 1.525488052016293894e-01 1.774546142780764058e-01 1.291200304830320000e-01
-1.842414431779302864e-01 -8.300565717056877790e-02 -9.228660573493776414e-03 3.693863114298246569e-02 7.751389554332796528e-02 1.034590012273221699e-01 1.508147910955684456e-01 1.774546142780764058e-01 2.840034785519352512e-01 2.900943805567869349e-01
-2.924845656089278823e-01 -1.781515981019542172e-01 -6.729994625820276410e-02 -4.333284873392674597e-02 -2.629982562197192078e-02 3.537167834418197647e-03 5.410980244539009137e-02 1.291200304830320000e-01 2.900943805567869349e-01 3.750148633175882651e-01
3.117964654366373045e-01 2.246590542237711374e-01 1.599194887396829523e-01 5.585507880494484934e-02 -3.355620955891330803e-02 -1.014149635695671126e-01 -1.181114385375024028e-01 -8.556734475471716728e-02 -1.686599797677972024e-01 -2.576120526696694668e-01
2.246590542237711374e-01 1.989793422842595083e-01 2.004465717956258053e-01 1.459048588965120019e-01 4.778702115467931000e-02 -6.501471301668920733e-03 -3.568968668775114594e-02 -4.080524718284534585e-02 -1.006836415461013490e-01 -1.685581087517068755e-01
1.599194887396829523e-01 2.004465717956258053e-01 2.882336218611221135e-01 2.863542023163008765e-01 1.590103608563703808e-01 1.124868471695077837e-01 6.247624870069862918e-02 8.280937852775163352e-03 -3.417750175413728636e-02 -8.986491842370374072e-02
5.585507880494484934e-02 1.459048588965120019e-01 2.863542023163008765e-01 3.434698436931674093e-01 2.216399646320377226e-01 1.944563377595717180e-01 1.383490574000824369e-01 5.256952682140442201e-02 3.829813507361459063e-02 9.026101470909748611e-03
-3.355620955891330803e-02 4.778702115467931000e-02 1.590103608563703808e-01 2.216399646320377226e-01 1.637756971301994047e-01 1.637698231041146701e-01 1.279193439034082003e-01 5.804352533238423678e-02 6.703349194305113778e-02 6.668949076883246008e-02
-1.014149635695671126e-01 -6.501471301668920733e-03 1.124868471695077837e-01 1.944563377595717180e-01 1.637698231041146701e-01 1.840800528831508798e-01 1.532497135205614924e-01 7.620022296630514502e-02 1.026719971937605780e-01 1.213145753435209695e-01
-1.181114385375024028e-01 -3.568968668775114594e-02 6.247624870069862918e-02 1.383490574000824369e-01 1.279193439034082003e-01 1.532497135205614924e-01 1.333717340961407816e-01 6.979268164597836333e-02 1.009083090703201679e-01 1.264978818293103491e-01
-8.556734475471716728e-02 -4.080524718284534585e-02 8.280937852775163352e-03 5.256952682140442201e-02 5.804352533238423678e-02 7.620022296630514502e-02 6.979268164597836333e-02 3.952986378148342500e-02 6.272434946471969197e-02 8.378774398446817151e-02
-1.686599797677972024e-01 -1.006836415461013490e-01 -3.417750175413728636e-02 3.829813507361459063e-02 6.703349194305113778e-02 1.026719971937605780e-01 1.009083090703201679e-01 6.272434946471969197e-02 1.094461361202560962e-01 1.545720025592506874e-01
-2.576120526696694668e-01 -1.685581087517068755e-01 -8.986491842370374072e-02 9.026101470909748611e-03 6.668949076883246008e-02 1.213145753435209695e-01 1.264978818293103491e-01 8.378774398446817151e-02 1.545720025592506874e-01 2.273172427135833618e-01
2.049795637000284276e-01 2.234483417056731813e-01 1.415093846469860361e-01 9.054476882291616346e-02 4.840696442622743900e-02 -1.047971331233500669e-02 -7.033551619063845017e-02 -1.346612696683099353e-01 -1.456435345404194504e-01 -1.810112629654778149e-01
2.234483417056731813e-01 2.740011948203828762e-01 1.977347612354236339e-01 1.634656622732031106e-01 1.384108551021170641e-01 3.888755637993835529e-02 -2.523922588707836964e-02 -8.991036873133351204e-02 -1.209777076579032773e-01 -1.751078381335178236e-01
1.415093846469860361e-01 1.977347612354236339e-01 1.678598253155572095e-01 1.699607435772867159e-01 1.756301501823859246e-01 7.554534086693467931e-02 3.526219009851742914e-02 -9.199173841618342017e-04 -4.021622378425598193e-02 -9.050896008204334375e-02
9.054476882291616346e-02 1.634656622732031106e-01 1.699607435772867159e-01 2.103581883525283414e-01 2.488353918900777506e-01 1.263987177077692536e-01 1.003841883005891916e-01 8.450060017366368970e-02 2.993859433941886000e-02 -2.647175357365256360e-02
4.840696442622743900e-02 1.384108551021170641e-01 1.756301501823859246e-01 2.488353918900777506e-01 3.228052086150578481e-01 1.751561962706704167e-01 1.600209395690564140e-01 1.611184301813391173e-01 9.208702892213030400e-02 2.908723715929371900e-02
-1.047971331233500669e-02 3.888755637993835529e-02 7.554534086693467931e-02 1.263987177077692536e-01 1.751561962706704167e-01 1.042216814812143705e-01 1.090228274211197668e-01 1.232163541417266306e-01 8.347341562258814296e-02 5.217338972884656700e-02
-7.033551619063845017e-02 -2.523922588707836964e-02 3.526219009851742914e-02 1.003841883005891916e-01 1.600209395690564140e-01 1.090228274211197668e-01 1.353490493979321863e-01 1.713154365282900105e-01 1.312120574719361499e-01 1.073730817129132237e-01
-1.346612696683099353e-01 -8.991036873133351204e-02 -9.199173841618342017e-04 8.450060017366368970e-02 1.611184301813391173e-01 1.232163541417266306e-01 1.713154365282900105e-01 2.332686483298754831e-01 1.894537470395201428e-01 1.706018278616895645e-01
-1.456435345404194504e-01 -1.209777076579032773e-01 -4.021622378425598193e-02 2.993859433941886000e-02 9.208702892213030400e-02 8.347341562258814296e-02 1.312120574719361499e-01 1.894537470395201428e-01 1.661263662831883869e-01 1.637588966452841743e-01
-1.810112629654778149e-01 -1.751078381335178236e-01 -9.050896008204334375e-02 -2.647175357365256360e-02 2.908723715929371900e-02 5.217338972884656700e-02 1.073730817129132237e-01 1.706018278616895645e-01 1.637588966452841743e-01 1.810302737042341625e-01
2.999733313722179329e-01 2.350310074909362501e-01 1.550461631375129878e-01 1.157632642475200369e-01 6.989556026080293027e-02 -6.130777888957389052e-03 -7.797850338355633015e-02 -1.217969866216537661e-01 -1.915963343662448193e-01 -2.169570637154734638e-01
2.350310074909362501e-01 1.937304547637875296e-01 1.370311944024283357e-01 1.177984706189897229e-01 9.546663732366432453e-02 3.637585676996717837e-02 -2.829247512434585055e-02 -7.707444936481575026e-02 -1.386812811449328331e-01 -1.653605864881406984e-01
1.550461631375129878e-01 1.370311944024283357e-01 1.109390793453296220e-01 1.168604943594194201e-01 1.232633220735120383e-01 8.543817453410136598e-02 3.096504264394392067e-02 -2.248324292825077189e-02 -7.340913518868177889e-02 -1.018006222063042310e-01
1.157632642475200369e-01 1.177984706189897229e-01 1.168604943594194201e-01 1.548789353831721005e-01 1.977747136451167842e-01 1.716670931938809319e-01 1.107096672368088758e-01 3.413855330198316274e-02 -2.130960879323764642e-02 -6.214432968048051731e-02
6.989556026080293027e-02 9.546663732366432453e-02 1.232633220735120383e-01 1.977747136451167842e-01 2.869002298820507169e-01 2.748730855810235241e-01 2.054254482631471257e-01 1.014760220572532706e-01 4.094143071443952925e-02 -1.499227415282111849e-02
-6.130777888957389052e-03 3.637585676996717837e-02 8.543817453410136598e-02 1.716670931938809319e-01 2.748730855810235241e-01 2.910807601178126980e-01 2.382505808898512101e-01 1.401894617216375705e-01 9.543742759344900350e-02 4.282182680984854967e-02
-7.797850338355633015e-02 -2.829247512434585055e-02 3.096504264394392067e-02 1.107096672368088758e-01 2.054254482631471257e-01 2.382505808898512101e-01 2.178537966792718494e-01 1.475644403139945993e-01 1.277690661265001582e-01 8.940522256101578191e-02
-1.217969866216537661e-01 -7.707444936481575026e-02 -2.248324292825077189e-02 3.413855330198316274e-02 1.014760220572532706e-01 1.401894617216375705e-01 1.475644403139945993e-01 1.195425420447154413e-01 1.267477095886018756e-01 1.092921345315130410e-01
