4.579538231456996011e-01 2.462555222529795862e-01 9.312951416847070618e-03 -6.324451183921840636e-02 -1.092377303349914563e-02 4.353393934525567888e-02 1.698608276728215058e-02 -7.088226005791894990e-02 -2.115633225174606141e-02 2.645165027826473225e-01
2.462555222529795862e-01 4.993214516211985643e-01 2.555689126725144700e-01 -6.978216325421879307e-03 -6.739301481885924539e-02 -3.231450041403170249e-03 4.608218784818944591e-02 -5.814174203809713976e-03 -6.545021825746560884e-02 5.159129402397133121e-03
9.312951416847070618e-03 2.555689126725144700e-01 5.121145887915891093e-01 2.490933610753669480e-01 9.190583767325611469e-03 -6.151711652105817940e-02 -1.187886787965347288e-02 4.644983929312465620e-02 8.464027210682853811e-03 -6.872021042894346787e-02
-6.324451183921840636e-02 -6.978216325421879307e-03 2.490933610753669480e-01 4.870338559747008356e-01 2.546621187229104466e-01 1.419544959554184735e-02 -6.678151149634331540e-02 1.098796084435432144e-03 4.505175835829580699e-02 6.780663440227054604e-04
-1.092377303349914563e-02 -6.739301481885924539e-02 9.190583767325611469e-03 2.546621187229104466e-01 4.847864999757534599e-01 2.469802289927956751e-01 9.969891853606478727e-03 -6.591399814598157547e-02 -2.293006605419555845e-03 4.784595802213430227e-02
4.353393934525567888e-02 -3.231450041403170249e-03 -6.151711652105817940e-02 1.419544959554184735e-02 2.469802289927956751e-01 4.812122346064151013e-01 2.606286426634403242e-01 -1.467056520864792185e-02 -6.682788594167161922e-02 6.407464362657365811e-03
1.698608276728215058e-02 4.608218784818944591e-02 -1.187886787965347288e-02 -6.678151149634331540e-02 9.969891853606478727e-03 2.606286426634403242e-01 5.211236609305582856e-01 2.455695314515443095e-01 -6.669385063618958956e-03 -6.354175565355135724e-02
-7.088226005791894990e-02 -5.814174203809713976e-03 4.644983929312465620e-02 1.098796084435432144e-03 -6.591399814598157547e-02 -1.467056520864792185e-02 2.455695314515443095e-01 5.249200482449286609e-01 2.583347340490801392e-01 1.012331538613738674e-03
-2.115633225174606141e-02 -6.545021825746560884e-02 8.464027210682853811e-03 4.505175835829580699e-02 -2.293006605419555845e-03 -6.682788594167161922e-02 -6.669385063618958956e-03 2.583347340490801392e-01 4.594887007372828736e-01 2.503666454838684996e-01
2.645165027826473225e-01 5.159129402397133121e-03 -6.872021042894346787e-02 6.780663440227054604e-04 4.784595802213430227e-02 6.407464362657365811e-03 -6.354175565355135724e-02 1.012331538613738674e-03 2.503666454838684996e-01 5.720451359718805584e-01
4.566050161085117853e-01 2.504087854130691015e-01 9.314963362461687940e-04 -6.331783232718538046e-02 -1.469845517208321966e-03 4.427233438614999045e-02 4.192710839888287924e-03 -6.456401938233991000e-02 -1.267722606060207695e-02 2.571456020832713074e-01
2.504087854130691015e-01 5.136664823856487150e-01 2.519369816828260777e-01 2.096088457876374260e-03 -6.474100764222040505e-02 1.146995750832251540e-02 4.477992595496418232e-02 -6.612960632193126166e-03 -6.560153238096207151e-02 1.302207162951709088e-02
9.314963362461687940e-04 2.519369816828260777e-01 5.003859915706103667e-01 2.502722984978283383e-01 1.578337089953497745e-03 -6.540094996773948566e-02 -4.243475531258969133e-03 4.409937137697891862e-02 7.793749880828725052e-03 -6.516222595578372023e-02
-6.331783232718538046e-02 2.096088457876374260e-03 2.502722984978283383e-01 4.760170502748421462e-01 2.540415662588021428e-01 -2.127352431684836898e-02 -6.570293897459951460e-02 7.722645163344069377e-03 4.529384051223488833e-02 -8.877586665919857262e-03
-1.469845517208321966e-03 -6.474100764222040505e-02 1.578337089953497745e-03 2.540415662588021428e-01 5.567059274133223656e-01 2.560996977857303847e-01 3.149610408228990278e-03 -6.514647082481869744e-02 -6.238835243280879683e-03 4.410639336545946199e-02
4.427233438614999045e-02 1.146995750832251540e-02 -6.540094996773948566e-02 -2.127352431684836898e-02 2.560996977857303847e-01 4.728692980030388959e-01 2.502562214215114933e-01 9.715353408375194261e-03 -6.307299738245772391e-02 -3.408566090362112350e-03
4.192710839888287924e-03 4.477992595496418232e-02 -4.243475531258969133e-03 -6.570293897459951460e-02 3.149610408228990278e-03 2.502562214215114933e-01 4.970653109745055698e-01 2.510397602287011143e-01 6.589363467700523266e-03 -6.379703168543708613e-02
-6.456401938233991000e-02 -6.612960632193126166e-03 4.409937137697891862e-02 7.722645163344069377e-03 -6.514647082481869744e-02 9.715353408375194261e-03 2.510397602287011143e-01 4.918582506761022266e-01 2.517083194883842356e-01 -3.650805963995348846e-03
-1.267722606060207695e-02 -6.560153238096207151e-02 7.793749880828725052e-03 4.529384051223488833e-02 -6.238835243280879683e-03 -6.307299738245772391e-02 6.589363467700523266e-03 2.517083194883842356e-01 4.933826271524521800e-01 2.500353207641722308e-01
2.571456020832713074e-01 1.302207162951709088e-02 -6.516222595578372023e-02 -8.877586665919857262e-03 4.410639336545946199e-02 -3.408566090362112350e-03 -6.379703168543708613e-02 -3.650805963995348846e-03 2.500353207641722308e-01 5.414440454409573666e-01
5.206481602291762600e-01 2.544632423495152285e-01 8.735945602523749812e-03 -6.711747326683514814e-02 9.029181054211698337e-03 4.285360557105829388e-02 -7.448276059693595755e-03 -6.270831842009175205e-02 8.627701408290401261e-03 2.504414869064262028e-01
2.544632423495152285e-01 4.943076154136626377e-01 2.458851553558415171e-01 9.862106727900749048e-03 -6.577925210624098462e-02 8.166624494355674384e-05 4.547387993299806946e-02 3.995411274914716787e-03 -6.582007496813106762e-02 -8.056593107585465624e-03
8.735945602523749812e-03 2.458851553558415171e-01 4.581365488687829668e-01 2.647893556144587102e-01 -2.335550186681771209e-02 -6.536842345527721365e-02 1.269503426747314867e-02 4.405455193245650519e-02 -1.012473239570595152e-02 -6.297390692467141893e-02
-6.711747326683514814e-02 9.862106727900749048e-03 2.647893556144587102e-01 5.623489689410556824e-01 2.469819384966655540e-01 -1.220693022689247481e-02 -6.489516341966380941e-02 1.338895465360799477e-03 4.543606540234274016e-02 -8.531578966309928723e-04
9.029181054211698337e-03 -6.577925210624098462e-02 -2.335550186681771209e-02 2.469819384966655540e-01 4.941059361474103850e-01 2.554632967088644735e-01 3.154755906775839717e-03 -6.545412822523324903e-02 -3.264523510618935233e-03 4.483809656034029589e-02
4.285360557105829388e-02 8.166624494355674384e-05 -6.536842345527721365e-02 -1.220693022689247481e-02 2.554632967088644735e-01 5.072341791719452431e-01 2.500340008764863065e-01 7.823496402490583493e-03 -6.270911337303927691e-02 -5.009664278520859632e-03
-7.448276059693595755e-03 4.547387993299806946e-02 1.269503426747314867e-02 -6.489516341966380941e-02 3.154755906775839717e-03 2.500340008764863065e-01 4.809674164212385250e-01 2.524041133405022230e-01 2.967024070536972494e-03 -6.417311336062370142e-02
-6.270831842009175205e-02 3.995411274914716787e-03 4.405455193245650519e-02 1.338895465360799477e-03 -6.545412822523324903e-02 7.823496402490583493e-03 2.524041133405022230e-01 5.013856919677903701e-01 2.492578920513948415e-01 2.016887952836082798e-03
8.627701408290401261e-03 -6.582007496813106762e-02 -1.012473239570595152e-02 4.543606540234274016e-02 -3.264523510618935233e-03 -6.270911337303927691e-02 2.967024070536972494e-03 2.492578920513948415e-01 5.026077676175779718e-01 2.523373746872237811e-01
2.504414869064262028e-01 -8.056593107585465624e-03 -6.297390692467141893e-02 -8.531578966309928723e-04 4.483809656034029589e-02 -5.009664278520859632e-03 -6.417311336062370142e-02 2.016887952836082798e-03 2.523373746872237811e-01 4.782577152213577376e-01
5.090702434048173242e-01 2.479292920511619036e-01 -3.294437807034623043e-03 -6.170058175081925139e-02 -3.494650386229149544e-03 4.320214348183960829e-02 -3.885975242205844202e-03 -6.422295846616873916e-02 4.655399614674888414e-03 2.540800785917577409e-01
2.479292920511619036e-01 4.920300509792248089e-01 2.536867792951575384e-01 -5.785721958042964151e-03 -6.578560090003314487e-02 8.757175630347252548e-03 4.265779924542988100e-02 -3.975268019492581711e-03 -6.199451179311447901e-02 -1.816023349040117932e-03
-3.294437807034623043e-03 2.536867792951575384e-01 5.246532898802651612e-01 2.489182717246587462e-01 8.442235909015830680e-03 -6.230773157401004597e-02 2.476045981757627520e-03 4.365617746607339950e-02 -1.241330987286239432e-03 -6.490424439020800462e-02
-6.170058175081925139e-02 -5.785721958042964151e-03 2.489182717246587462e-01 4.703537525128890229e-01 2.560347099230515511e-01 -8.873448146522184068e-03 -6.456499452296365904e-02 1.897688977334667645e-04 4.313111803339354094e-02 5.082009539834747396e-03
-3.494650386229149544e-03 -6.578560090003314487e-02 8.442235909015830680e-03 2.560347099230515511e-01 5.173026748365570082e-01 2.453781667221762719e-01 -1.317375675135186094e-02 -6.307007246533991029e-02 6.109093292446974091e-03 4.466778151241800054e-02
4.320214348183960829e-02 8.757175630347252548e-03 -6.230773157401004597e-02 -8.873448146522184068e-03 2.453781667221762719e-01 5.285192291142414289e-01 2.591854531289090047e-01 7.707145794784046183e-03 -6.663585659275639284e-02 -1.011859916244459839e-02
-3.885975242205844202e-03 4.265779924542988100e-02 2.476045981757627520e-03 -6.456499452296365904e-02 -1.317375675135186094e-02 2.591854531289090047e-01 4.710433343410008744e-01 2.466871741872724844e-01 3.879099490031440341e-03 -6.116435043955605055e-02
-6.422295846616873916e-02 -3.975268019492581711e-03 4.365617746607339950e-02 1.897688977334667645e-04 -6.307007246533991029e-02 7.707145794784046183e-03 2.466871741872724844e-01 5.112009713035433611e-01 2.548222207246031434e-01 8.786841431010640469e-03
4.655399614674888414e-03 -6.199451179311447901e-02 -1.241330987286239432e-03 4.313111803339354094e-02 6.109093292446974091e-03 -6.663585659275639284e-02 3.879099490031440341e-03 2.548222207246031434e-01 4.811545582550613154e-01 2.473565773438533566e-01
2.540800785917577409e-01 -1.816023349040117932e-03 -6.490424439020800462e-02 5.082009539834747396e-03 4.466778151241800054e-02 -1.011859916244459839e-02 -6.116435043955605055e-02 8.786841431010640469e-03 2.473565773438533566e-01 4.946718953724040246e-01
4.963719376012610818e-01 2.561298051441562307e-01 -6.728121511672490937e-03 -6.719056664308917237e-02 -1.201977182118226005e-03 4.620181237698534060e-02 5.684344901231201674e-03 -6.442005257812297159e-02 -7.194696151234281599e-03 2.467580592795795280e-01
2.561298051441562307e-01 5.191180667718343633e-01 2.484646949531011673e-01 -1.221841128011668526e-02 -6.811191696269397466e-02 -3.975344501533081137e-03 4.717511339781756824e-02 4.044030288596451098e-03 -6.793066253393439946e-02 -1.423158059046323275e-02
-6.728121511672490937e-03 2.484646949531011673e-01 5.049429267972382895e-01 2.574661285819432877e-01 8.431896466662869294e-03 -6.694154457827099225e-02 -8.329501197443273108e-03 4.517169810818275760e-02 8.032402351747324962e-03 -6.262656818848175155e-02
-6.719056664308917237e-02 -1.221841128011668526e-02 2.574661285819432877e-01 5.082101619876746579e-01 2.506234214904843327e-01 1.865748055821503035e-02 -6.312832958621267254e-02 -1.180603136514239357e-02 4.443321315353496170e-02 1.494225324590382764e-02
-1.201977182118226005e-03 -6.811191696269397466e-02 8.431896466662869294e-03 2.506234214904843327e-01 4.473338334991070475e-01 2.579906488382063823e-01 8.438461059060663877e-03 -6.992834044814746908e-02 -3.277423735542918035e-03 4.940267415539746632e-02
4.620181237698534060e-02 -3.975344501533081137e-03 -6.694154457827099225e-02 1.865748055821503035e-02 2.579906488382063823e-01 5.250948348450155123e-01 2.486445768842327486e-01 -3.564565462446735752e-04 -6.391187461751816901e-02 -4.405545506631016080e-03
5.684344901231201674e-03 4.717511339781756824e-02 -8.329501197443273108e-03 -6.312832958621267254e-02 8.438461059060663877e-03 2.486445768842327486e-01 4.667188872091759810e-01 2.596582563637785390e-01 1.310980816119551064e-04 -7.129453031539427499e-02
-6.442005257812297159e-02 4.044030288596451098e-03 4.517169810818275760e-02 -1.180603136514239357e-02 -6.992834044814746908e-02 -3.564565462446735752e-04 2.596582563637785390e-01 5.386309111919831416e-01 2.485614427824766048e-01 5.350739186052205082e-03
-7.194696151234281599e-03 -6.793066253393439946e-02 8.032402351747324962e-03 4.443321315353496170e-02 -3.277423735542918035e-03 -6.391187461751816901e-02 1.310980816119551064e-04 2.485614427824766048e-01 4.527216481069210041e-01 2.624611957417025687e-01
2.467580592795795280e-01 -1.423158059046323275e-02 -6.262656818848175155e-02 1.494225324590382764e-02 4.940267415539746632e-02 -4.405545506631016080e-03 -7.129453031539427499e-02 5.350739186052205082e-03 2.624611957417025687e-01 5.408567919897839804e-01
5.179941579061272394e-01 2.504241205994679476e-01 -1.644031467775762534e-02 -6.322876969880297793e-02 5.604550159121930719e-03 4.393853335247384362e-02 -3.810288356860009641e-03 -6.433121336766116360e-02 1.782738193223167705e-02 2.556798997279801089e-01
2.504241205994679476e-01 5.093693913779009375e-01 2.513069563175386878e-01 -3.981584211769667592e-03 -6.462225225504576731e-02 -1.560301720440197999e-04 4.454514270013414101e-02 -3.777344615011352796e-03 -6.407810039235367627e-02 4.112022391359942616e-04
-1.644031467775762534e-02 2.513069563175386878e-01 5.201701582258102530e-01 2.525697513237144531e-01 6.191067830015793694e-03 -6.386519635952854490e-02 -6.264753346013450172e-03 4.436216306986338204e-02 -8.833471111325836428e-04 -6.587539808745067338e-02
-6.322876969880297793e-02 -3.981584211769667592e-03 2.525697513237144531e-01 4.700803789457182469e-01 2.523303927291392079e-01 4.813079887574426771e-03 -6.518871858440947187e-02 2.407032686136269684e-03 4.389589275604412200e-02 2.123780795948593952e-03
5.604550159121930719e-03 -6.462225225504576731e-02 6.191067830015793694e-03 2.523303927291392079e-01 5.188849880826871264e-01 2.502964817722668212e-01 4.657433829116401289e-03 -6.384855318014825976e-02 3.334191205786655315e-03 4.510147731884882327e-02
4.393853335247384362e-02 -1.560301720440197999e-04 -6.386519635952854490e-02 4.813079887574426771e-03 2.502964817722668212e-01 4.679855844921484986e-01 2.554096469962868210e-01 -8.340149069902935697e-03 -6.418114678479629187e-02 1.299646253678966076e-03
-3.810288356860009641e-03 4.454514270013414101e-02 -6.264753346013450172e-03 -6.518871858440947187e-02 4.657433829116401289e-03 2.554096469962868210e-01 5.325863427692660856e-01 2.492894510550357767e-01 -1.151817474612090893e-02 -6.526373613475044966e-02
-6.433121336766116360e-02 -3.777344615011352796e-03 4.436216306986338204e-02 2.407032686136269684e-03 -6.384855318014825976e-02 -8.340149069902935697e-03 2.492894510550357767e-01 4.988880230274486127e-01 2.534395618810981743e-01 6.757023970032353943e-03
1.782738193223167705e-02 -6.407810039235367627e-02 -8.833471111325836428e-04 4.389589275604412200e-02 3.334191205786655315e-03 -6.418114678479629187e-02 -1.151817474612090893e-02 2.534395618810981743e-01 5.101055289173248575e-01 2.507710881243358503e-01
2.556798997279801089e-01 4.112022391359942616e-04 -6.587539808745067338e-02 2.123780795948593952e-03 4.510147731884882327e-02 1.299646253678966076e-03 -6.526373613475044966e-02 6.757023970032353943e-03 2.507710881243358503e-01 4.539354462555678649e-01
5.236641840807418902e-01 2.453044959915163803e-01 -6.961503507071093409e-03 -6.268477821972236186e-02 1.188985222090971350e-02 4.388251741280153190e-02 -1.127177178243587985e-02 -6.563457283977167100e-02 1.585691499268113841e-02 2.632956563772068104e-01
2.453044959915163803e-01 5.164630480394645229e-01 2.566438976507585679e-01 -1.295781693114454042e-03 -6.725172389698222397e-02 4.824995143050086858e-04 4.577211888822921987e-02 -3.552965518549733911e-03 -6.664220845186710762e-02 -1.335365023881132304e-02
-6.961503507071093409e-03 2.566438976507585679e-01 4.771424937742466676e-01 2.487990318083927455e-01 -1.388146139193716100e-02 -6.277770997880822990e-02 8.340723598636957253e-03 4.377580717227855245e-02 -5.810892645037216142e-03 -6.777423093953813260e-02
-6.268477821972236186e-02 -1.295781693114454042e-03 2.487990318083927455e-01 5.463560842007448848e-01 2.584978487809745928e-01 -1.096961967163215430e-03 -6.811203391661097006e-02 3.016106193829897614e-03 4.893318495657091038e-02 7.998713067305963931e-03
1.188985222090971350e-02 -6.725172389698222397e-02 -1.388146139193716100e-02 2.584978487809745928e-01 4.742014799996059349e-01 2.473596828758231891e-01 1.272869695000532209e-03 -6.249708520262057393e-02 -2.801526967953861091e-03 4.389852435109712486e-02
4.388251741280153190e-02 4.824995143050086858e-04 -6.277770997880822990e-02 -1.096961967163215430e-03 2.473596828758231891e-01 5.153111062248240115e-01 2.562054268186858552e-01 -5.395037898839649508e-03 -6.889465013926329706e-02 -8.415891353749482828e-03
-1.127177178243587985e-02 4.577211888822921987e-02 8.340723598636957253e-03 -6.811203391661097006e-02 1.272869695000532209e-03 2.562054268186858552e-01 4.938221433078819889e-01 2.472029176284719909e-01 4.213124626075305697e-03 -6.160213610874672174e-02
-6.563457283977167100e-02 -3.552965518549733911e-03 4.377580717227855245e-02 3.016106193829897614e-03 -6.249708520262057393e-02 -5.395037898839649508e-03 2.472029176284719909e-01 5.117087962517060662e-01 2.589284568844108514e-01 1.997684858400520028e-02
1.585691499268113841e-02 -6.664220845186710762e-02 -5.810892645037216142e-03 4.893318495657091038e-02 -2.801526967953861091e-03 -6.889465013926329706e-02 4.213124626075305697e-03 2.589284568844108514e-01 4.645969405470400382e-01 2.443753669062592726e-01
2.632956563772068104e-01 -1.335365023881132304e-02 -6.777423093953813260e-02 7.998713067305963931e-03 4.389852435109712486e-02 -8.415891353749482828e-03 -6.160213610874672174e-02 1.997684858400520028e-02 2.443753669062592726e-01 4.767337235737331147e-01
4.918017223959866291e-01 2.489785621082132305e-01 1.292370726730427376e-02 -6.197537015204067357e-02 -6.051347587914352941e-03 4.425693644884730327e-02 -2.575480596858839479e-03 -6.411211591907969853e-02 -9.768197174097241128e-03 2.536878774388010571e-01
2.489785621082132305e-01 4.831809738292199841e-01 2.522969325984264488e-01 7.988842456537739375e-03 -6.608990376184487037e-02 3.393334434378810285e-03 4.347660380315546830e-02 -1.238676482223326127e-03 -6.298709328860224721e-02 4.257961639668023622e-03
1.292370726730427376e-02 2.522969325984264488e-01 4.914289295513230016e-01 2.505513722320402703e-01 -2.137197997581640960e-03 -6.333598200758100427e-02 9.680544132732563783e-03 4.339820909810723770e-02 -1.894962980683399974e-03 -6.371842730030136126e-02
-6.197537015204067357e-02 7.988842456537739375e-03 2.505513722320402703e-01 5.010397677796355476e-01 2.541357207034548593e-01 -1.393132736493577287e-02 -6.295700984568711189e-02 5.530429012178100442e-03 4.310042623851090965e-02 -6.731078323355508750e-03
-6.051347587914352941e-03 -6.608990376184487037e-02 -2.137197997581640960e-03 2.541357207034548593e-01 5.160842207448879115e-01 2.475579180350183373e-01 -1.539523464435426162e-02 -6.399315535296073998e-02 7.451059916905740897e-04 4.383569392343719673e-02
4.425693644884730327e-02 3.393334434378810285e-03 -6.333598200758100427e-02 -1.393132736493577287e-02 2.475579180350183373e-01 5.249240902947920340e-01 2.559902501901852867e-01 4.135074709388725581e-03 -6.493120342471647710e-02 -9.403712912618946611e-04
-2.575480596858839479e-03 4.347660380315546830e-02 9.680544132732563783e-03 -6.295700984568711189e-02 -1.539523464435426162e-02 2.559902501901852867e-01 4.914239235340832623e-01 2.488421711717021811e-01 1.430098123791588224e-02 -6.253750617407925760e-02
-6.411211591907969853e-02 -1.238676482223326127e-03 4.339820909810723770e-02 5.530429012178100442e-03 -6.399315535296073998e-02 4.135074709388725581e-03 2.488421711717021811e-01 4.767763425430291413e-01 2.533945979145988403e-01 -2.284012819657411583e-03
-9.768197174097241128e-03 -6.298709328860224721e-02 -1.894962980683399974e-03 4.310042623851090965e-02 7.451059916905740897e-04 -6.493120342471647710e-02 1.430098123791588224e-02 2.533945979145988403e-01 5.056577274757332319e-01 2.484640983791522040e-01
2.536878774388010571e-01 4.257961639668023622e-03 -6.371842730030136126e-02 -6.731078323355508750e-03 4.383569392343719673e-02 -9.403712912618946611e-04 -6.253750617407925760e-02 -2.284012819657411583e-03 2.484640983791522040e-01 5.176823018513097008e-01
4.738994204461379756e-01 2.537651936529529695e-01 -6.699025626944944689e-03 -6.398354192492067272e-02 2.826504341484550355e-03 4.350888033825923984e-02 -5.019152160571111777e-03 -6.460289823634560169e-02 -4.117582975812321411e-03 2.516364525861353174e-01
2.537651936529529695e-01 5.020631919182204639e-01 2.503229303992148269e-01 -2.346900182862077244e-02 -6.500061084459896055e-02 5.412697511784256635e-03 4.439438701522911701e-02 -2.534551544310121186e-03 -6.454898077287773983e-02 1.725221617302125782e-02
-6.699025626944944689e-03 2.503229303992148269e-01 5.480786330988343114e-01 2.565111969920157997e-01 1.922368148595467565e-03 -6.564055675263771872e-02 9.892115233957699070e-04 4.579156838060510770e-02 6.094594333407227227e-03 -6.585886197502047179e-02
-6.398354192492067272e-02 -2.346900182862077244e-02 2.565111969920157997e-01 4.830329709633774393e-01 2.504533934574577070e-01 1.350263472226694364e-02 -6.416057985065544422e-02 -1.010042315398690035e-02 4.296655829990893294e-02 3.745702039786984530e-03
2.826504341484550355e-03 -6.500061084459896055e-02 1.922368148595467565e-03 2.504533934574577070e-01 4.838614750159818123e-01 2.513782442027995834e-01 -3.627665014613375150e-03 -6.363073825624762647e-02 -5.320170070637570379e-03 4.503764302939973485e-02
4.350888033825923984e-02 5.412697511784256635e-03 -6.564055675263771872e-02 1.350263472226694364e-02 2.513782442027995834e-01 5.054628697855136910e-01 2.516445415899054017e-01 5.037314577654886799e-03 -6.451369701347442476e-02 4.144670560031754082e-03
-5.019152160571111777e-03 4.439438701522911701e-02 9.892115233957699070e-04 -6.416057985065544422e-02 -3.627665014613375150e-03 2.516445415899054017e-01 5.060563787525419466e-01 2.495138494343500934e-01 1.274627209497092295e-02 -6.537319838417267326e-02
-6.460289823634560169e-02 -2.534551544310121186e-03 4.579156838060510770e-02 -1.010042315398690035e-02 -6.363073825624762647e-02 5.037314577654886799e-03 2.495138494343500934e-01 4.597349871929901077e-01 2.576107273475576331e-01 -1.233109086257216935e-02
-4.117582975812321411e-03 -6.454898077287773983e-02 6.094594333407227227e-03 4.296655829990893294e-02 -5.320170070637570379e-03 -6.451369701347442476e-02 1.274627209497092295e-02 2.576107273475576331e-01 5.382741527317304042e-01 2.495444145160192750e-01
2.516364525861353174e-01 1.725221617302125782e-02 -6.585886197502047179e-02 3.745702039786984530e-03 4.503764302939973485e-02 4.144670560031754082e-03 -6.537319838417267326e-02 -1.233109086257216935e-02 2.495444145160192750e-01 4.995359200946645206e-01
5.280066669510797839e-01 2.516758164659289587e-01 5.692120294184721888e-03 -6.368684378141084568e-02 6.466717189344032939e-03 4.415039237066539779e-02 -7.737721340890098623e-03 -6.596000370919481715e-02 -5.498115124953817726e-03 2.520255181718267234e-01
2.516758164659289587e-01 4.760307568559402625e-01 2.517580057639558500e-01 -1.195518420750680839e-03 -6.355674367062749686e-02 -2.186637278653467877e-04 4.362979662512544987e-02 7.269181498482750730e-04 -6.362315921292310827e-02 -7.044223178012871435e-03
5.692120294184721888e-03 2.517580057639558500e-01 5.049933888273238081e-01 2.506643149453049446e-01 -1.628883240756087009e-02 -6.407478789348604320e-02 1.001353769928244909e-02 4.548172898459749286e-02 -4.332899751876614219e-04 -6.454765065673739866e-02
-6.368684378141084568e-02 -1.195518420750680839e-03 2.506643149453049446e-01 5.249238964144788966e-01 2.521200939451456735e-01 8.610328070365116937e-04 -6.412749131749628795e-02 -6.415668996971751487e-04 4.413001589374060396e-02 4.486201262683560224e-03
6.466717189344032939e-03 -6.355674367062749686e-02 -1.628883240756087009e-02 2.521200939451456735e-01 4.963691112997244970e-01 2.514076809585810146e-01 -9.183526942353602718e-04 -6.544921746353905834e-02 -9.470903175103679086e-03 4.313638390549539431e-02
4.415039237066539779e-02 -2.186637278653467877e-04 -6.407478789348604320e-02 8.610328070365116937e-04 2.514076809585810146e-01 4.915035128562040279e-01 2.505434783706528279e-01 7.050200342788678258e-05 -6.419492629605738632e-02 -3.258569304291400459e-03
-7.737721340890098623e-03 4.362979662512544987e-02 1.001353769928244909e-02 -6.412749131749628795e-02 -9.183526942353602718e-04 2.505434783706528279e-01 5.227242251681307739e-01 2.547664189244288058e-01 1.720435926558331469e-02 -6.351521022269444872e-02
-6.596000370919481715e-02 7.269181498482750730e-04 4.548172898459749286e-02 -6.415668996971751487e-04 -6.544921746353905834e-02 7.050200342788678258e-05 2.547664189244288058e-01 4.531640444944062818e-01 2.520154781431988011e-01 7.258821625893200485e-03
-5.498115124953817726e-03 -6.362315921292310827e-02 -4.332899751876614219e-04 4.413001589374060396e-02 -9.470903175103679086e-03 -6.419492629605738632e-02 1.720435926558331469e-02 2.520154781431988011e-01 5.122631536927291229e-01 2.516881380655977551e-01
2.520255181718267234e-01 -7.044223178012871435e-03 -6.454765065673739866e-02 4.486201262683560224e-03 4.313638390549539431e-02 -3.258569304291400459e-03 -6.351521022269444872e-02 7.258821625893200485e-03 2.516881380655977551e-01 4.900212434399910943e-01
4.858084992434547611e-01 2.552399329310505727e-01 -1.972856209335786121e-02 -6.519914626301617777e-02 4.858431454404746330e-03 4.374593516412995237e-02 -4.654769696689643049e-04 -6.226422763845577274e-02 6.138486774877428137e-03 2.481059651206036221e-01
2.552399329310505727e-01 5.403231626327129611e-01 2.498762340642017021e-01 -1.278352344037930050e-03 -6.331808478888101277e-02 4.939814094546505011e-03 4.545638721483701017e-02 3.818775221883844578e-03 -6.527840329185266577e-02 4.906306487536104405e-04
-1.972856209335786121e-02 2.498762340642017021e-01 4.978216279112354092e-01 2.543832169550235278e-01 1.044672374534531822e-02 -6.641261250498264879e-02 -1.058666155158739103e-02 4.253624537932909622e-02 8.064469699344038733e-03 -6.273699970912172130e-02
-6.519914626301617777e-02 -1.278352344037930050e-03 2.543832169550235278e-01 4.747593928252043516e-01 2.488667733737567334e-01 -7.031424896364097191e-03 -6.278852951616636924e-02 -4.476357586326692312e-03 4.385099466382012812e-02 3.810795016628246591e-04
4.858431454404746330e-03 -6.331808478888101277e-02 1.044672374534531822e-02 2.488667733737567334e-01 5.245252620302933710e-01 2.555526311559059849e-01 7.673627424186055777e-03 -6.418276901511472954e-02 -1.937261654534620098e-03 4.318203667745260099e-02
4.374593516412995237e-02 4.939814094546505011e-03 -6.641261250498264879e-02 -7.031424896364097191e-03 2.555526311559059849e-01 4.870948730825481188e-01 2.465374562887193144e-01 1.576643194064595091e-02 -6.310813857630913348e-02 -4.516593061549485297e-03
-4.654769696689643049e-04 4.545638721483701017e-02 -1.058666155158739103e-02 -6.278852951616636924e-02 7.673627424186055777e-03 2.465374562887193144e-01 4.706094472260796691e-01 2.571960148137072411e-01 -4.708768256429044993e-03 -6.546427339646054833e-02
-6.226422763845577274e-02 3.818775221883844578e-03 4.253624537932909622e-02 -4.476357586326692312e-03 -6.418276901511472954e-02 1.576643194064595091e-02 2.571960148137072411e-01 5.168650690170366602e-01 2.474199401131902398e-01 -8.073049348020434196e-03
6.138486774877428137e-03 -6.527840329185266577e-02 8.064469699344038733e-03 4.385099466382012812e-02 -1.937261654534620098e-03 -6.310813857630913348e-02 -4.708768256429044993e-03 2.474199401131902398e-01 5.082216389756395447e-01 2.536996180612425267e-01
2.481059651206036221e-01 4.906306487536104405e-04 -6.273699970912172130e-02 3.810795016628246591e-04 4.318203667745260099e-02 -4.516593061549485297e-03 -6.546427339646054833e-02 -8.073049348020434196e-03 2.536996180612425267e-01 4.939710270557987615e-01
5.104725628564386053e-01 2.543810279721079315e-01 -6.573013439756247855e-04 -6.698492867334693290e-02 -1.005805047115929281e-02 4.283371187587074053e-02 6.663966510364495791e-03 -6.159286029666591333e-02 -8.260122751955534248e-03 2.490564048233840921e-01
2.543810279721079315e-01 4.934830819699109195e-01 2.492255795703234855e-01 5.402021233755843581e-03 -6.195709622765660507e-02 -8.162530207452198955e-03 4.319222809996674239e-02 8.775113541446610821e-03 -6.512810599624282992e-02 -4.026397826085802330e-03
-6.573013439756247855e-04 2.492255795703234855e-01 5.045000658535965243e-01 2.549691069268498200e-01 1.768511987789818038e-02 -6.390231568084459024e-02 -6.669664992241440549e-03 4.325814597416381690e-02 4.553076558634154211e-03 -6.368035492508478113e-02
-6.698492867334693290e-02 5.402021233755843581e-03 2.549691069268498200e-01 4.706932547157128832e-01 2.476400399050284196e-01 9.589963092017324275e-03 -6.408719307020346867e-02 -6.141741651409914765e-03 4.649475425799301509e-02 -2.606963538814406297e-04
-1.005805047115929281e-02 -6.195709622765660507e-02 1.768511987789818038e-02 2.476400399050284196e-01 4.867203018699473027e-01 2.563832069017191184e-01 -5.592153876343850666e-03 -6.639136307226747857e-02 5.580168144570156127e-03 4.440445491305036047e-02
4.283371187587074053e-02 -8.162530207452198955e-03 -6.390231568084459024e-02 9.589963092017324275e-03 2.563832069017191184e-01 5.167176198238401241e-01 2.482281808535113099e-01 3.084417518478590461e-04 -6.304911045681524384e-02 5.834592146434526387e-03
6.663966510364495791e-03 4.319222809996674239e-02 -6.669664992241440549e-03 -6.408719307020346867e-02 -5.592153876343850666e-03 2.482281808535113099e-01 4.926816666667214739e-01 2.538642399436397135e-01 -3.561091471841904693e-03 -6.430275864328469093e-02
-6.159286029666591333e-02 8.775113541446610821e-03 4.325814597416381690e-02 -6.141741651409914765e-03 -6.639136307226747857e-02 3.084417518478590461e-04 2.538642399436397135e-01 5.031592758089651340e-01 2.490868625318815033e-01 -1.120757130582166090e-02
-8.260122751955534248e-03 -6.512810599624282992e-02 4.553076558634154211e-03 4.649475425799301509e-02 5.580168144570156127e-03 -6.304911045681524384e-02 -3.561091471841904693e-03 2.490868625318815033e-01 5.180489765602073193e-01 2.527188914564775235e-01
2.490564048233840921e-01 -4.026397826085802330e-03 -6.368035492508478113e-02 -2.606963538814406297e-04 4.440445491305036047e-02 5.834592146434526387e-03 -6.430275864328469093e-02 -1.120757130582166090e-02 2.527188914564775235e-01 5.035231938746513869e-01
5.104070604279540291e-01 2.507760278754053163e-01 2.680360961351445186e-03 -6.427963923166482574e-02 -4.828273749081183480e-03 4.601144244658451898e-02 5.655855594580540616e-03 -6.573462320280598625e-02 -2.133770635415972727e-02 2.546659419878954944e-01
2.507760278754053163e-01 4.964931616336768494e-01 2.543042650903675206e-01 8.929652812087235728e-03 -6.523748724773580088e-02 6.332659711765616312e-04 4.672969408109654138e-02 1.525316349977667678e-02 -6.168901549156023678e-02 -1.060770147507229637e-02
2.680360961351445186e-03 2.543042650903675206e-01 4.889234562628852476e-01 2.484875464668328815e-01 5.839969453762149793e-03 -6.356810371615898014e-02 -4.160775654887563686e-03 4.372654949901633864e-02 1.032464363470956929e-02 -6.781598860616945557e-02
-6.427963923166482574e-02 8.929652812087235728e-03 2.484875464668328815e-01 4.888655137422588393e-01 2.544360089399999580e-01 -9.986316522996085965e-03 -6.713854282242000260e-02 -1.058319559201065761e-02 4.483879581586563967e-02 1.226592412361688939e-03
-4.828273749081183480e-03 -6.523748724773580088e-02 5.839969453762149793e-03 2.544360089399999580e-01 5.158452431675084604e-01 2.485874362705267071e-01 1.065063128055660033e-03 -6.337948259668975404e-02 -6.975612608944886661e-03 4.722193303786262342e-02
4.601144244658451898e-02 6.332659711765616312e-04 -6.356810371615898014e-02 -9.986316522996085965e-03 2.485874362705267071e-01 5.108808842227521296e-01 2.576458640777934406e-01 2.815699073300681476e-02 -6.673953489471202982e-02 -7.112555257944172538e-03
5.655855594580540616e-03 4.672969408109654138e-02 -4.160775654887563686e-03 -6.713854282242000260e-02 1.065063128055660033e-03 2.576458640777934406e-01 4.506595902398973230e-01 2.482666613115717402e-01 1.243292287131289239e-02 -7.062436984647224580e-02
-6.573462320280598625e-02 1.525316349977667678e-02 4.372654949901633864e-02 -1.058319559201065761e-02 -6.337948259668975404e-02 2.815699073300681476e-02 2.482666613115717402e-01 4.846272331874062478e-01 2.635375543860601910e-01 -1.733763916555411053e-02
-2.133770635415972727e-02 -6.168901549156023678e-02 1.032464363470956929e-02 4.483879581586563967e-02 -6.975612608944886661e-03 -6.673953489471202982e-02 1.243292287131289239e-02 2.635375543860601910e-01 5.270860185416490484e-01 2.473472474116312769e-01
2.546659419878954944e-01 -1.060770147507229637e-02 -6.781598860616945557e-02 1.226592412361688939e-03 4.722193303786262342e-02 -7.112555257944172538e-03 -7.062436984647224580e-02 -1.733763916555411053e-02 2.473472474116312769e-01 5.262118385740111037e-01
4.888870331055952256e-01 2.467222021242213847e-01 -2.535586474700767239e-03 -6.188207167614080684e-02 -1.208498348315450652e-02 4.806098611090479228e-02 -2.924794499666125841e-03 -6.702357552168466959e-02 8.434680936518411387e-03 2.551464335754869417e-01
2.467222021242213847e-01 5.080707075412034257e-01 2.571972366080077510e-01 9.293966068342813039e-03 -6.780316816808461267e-02 1.060555905547528373e-03 4.474724944180685782e-02 -5.059685708024774624e-03 -6.152384026846189485e-02 5.374020017090654598e-03
-2.535586474700767239e-03 2.571972366080077510e-01 4.973423570070061306e-01 2.439127967235206196e-01 2.368166183187303542e-02 -6.788071496914271918e-02 1.589028843716815305e-03 4.611669918504206905e-02 -3.513476206980818087e-03 -6.654932434852217638e-02
-6.188207167614080684e-02 9.293966068342813039e-03 2.439127967235206196e-01 4.491936007568417266e-01 2.677215149208430067e-01 -9.247443438641483535e-03 -6.892406757260466366e-02 9.481096309532028102e-03 4.391970357423455318e-02 -7.750290411849037470e-03
-1.208498348315450652e-02 -6.780316816808461267e-02 2.368166183187303542e-02 2.677215149208430067e-01 5.239529579479471622e-01 2.458161559418761966e-01 -2.714767142997692728e-02 -6.065594959325631280e-02 1.659114031843460929e-02 4.399007021192791883e-02
4.806098611090479228e-02 1.060555905547528373e-03 -6.788071496914271918e-02 -9.247443438641483535e-03 2.458161559418761966e-01 5.426235743254554933e-01 2.584358353001560138e-01 -8.158360895707039706e-03 -6.885383990070520488e-02 2.086422089090414836e-03
-2.924794499666125841e-03 4.474724944180685782e-02 1.589028843716815305e-03 -6.892406757260466366e-02 -2.714767142997692728e-02 2.584358353001560138e-01 4.935126199212524489e-01 2.470901068398251854e-01 -1.741822617925820830e-03 -6.327727241502509314e-02
-6.702357552168466959e-02 -5.059685708024774624e-03 4.611669918504206905e-02 9.481096309532028102e-03 -6.065594959325631280e-02 -8.158360895707039706e-03 2.470901068398251854e-01 5.126780652978886188e-01 2.572665653101263716e-01 2.994894253815267096e-03
8.434680936518411387e-03 -6.152384026846189485e-02 -3.513476206980818087e-03 4.391970357423455318e-02 1.659114031843460929e-02 -6.885383990070520488e-02 -1.741822617925820830e-03 2.572665653101263716e-01 4.888247431348395899e-01 2.471774274591865550e-01
2.551464335754869417e-01 5.374020017090654598e-03 -6.654932434852217638e-02 -7.750290411849037470e-03 4.399007021192791883e-02 2.086422089090414836e-03 -6.327727241502509314e-02 2.994894253815267096e-03 2.471774274591865550e-01 4.949143409619616851e-01
4.865143160008482126e-01 2.489225310273947833e-01 -2.049273834057294477e-02 -6.740207634692818583e-02 1.460117215420260461e-02 4.742976114301068746e-02 -1.304024484215065074e-02 -6.565909396676686272e-02 8.045867773586082294e-03 2.551463131066717960e-01
2.489225310273947833e-01 5.713913017066530875e-01 2.653827979594494124e-01 9.137875340389619433e-03 -7.104788144166493402e-02 -1.029802423350935706e-02 4.634901666399663528e-02 2.739870578018499536e-03 -6.498123232115211867e-02 -7.846269996132106822e-03
-2.049273834057294477e-02 2.653827979594494124e-01 4.355393616703542303e-01 2.502987004737295962e-01 2.399434698589018432e-04 -6.403389847878510066e-02 9.247141902963807412e-04 4.454329453186939292e-02 7.741650329613246513e-03 -6.692141247138246041e-02
-6.740207634692818583e-02 9.137875340389619433e-03 2.502987004737295962e-01 5.414869087616880350e-01 2.573625876545959645e-01 5.392708648298086618e-03 -6.565699338035078936e-02 3.264987352405642439e-03 4.623936458125638138e-02 -3.015695427993965016e-03
1.460117215420260461e-02 -7.104788144166493402e-02 2.399434698589018432e-04 2.573625876545959645e-01 4.675769831465969029e-01 2.493873371231451475e-01 4.581645459362671674e-04 -6.377904445193541272e-02 -8.795146376554069390e-03 4.499881539690855914e-02
4.742976114301068746e-02 -1.029802423350935706e-02 -6.403389847878510066e-02 5.392708648298086618e-03 2.493873371231451475e-01 5.061393406407891371e-01 2.522390688818958449e-01 -1.050744803539046743e-02 -6.664584933679047751e-02 5.646464655612849944e-03
-1.304024484215065074e-02 4.634901666399663528e-02 9.247141902963807412e-04 -6.565699338035078936e-02 4.581645459362671674e-04 2.522390688818958449e-01 5.235159825399091638e-01 2.528398885061099444e-01 1.289367844357428017e-02 -6.375746410918890772e-02
-6.565909396676686272e-02 2.739870578018499536e-03 4.454329453186939292e-02 3.264987352405642439e-03 -6.377904445193541272e-02 -1.050744803539046743e-02 2.528398885061099444e-01 4.699432375059361400e-01 2.525317350175091957e-01 3.201034576924256803e-03
8.045867773586082294e-03 -6.498123232115211867e-02 7.741650329613246513e-03 4.623936458125638138e-02 -8.795146376554069390e-03 -6.664584933679047751e-02 1.289367844357428017e-02 2.525317350175091957e-01 5.045339105559258908e-01 2.494697433543314746e-01
2.551463131066717960e-01 -7.846269996132106822e-03 -6.692141247138246041e-02 -3.015695427993965016e-03 4.499881539690855914e-02 5.646464655612849944e-03 -6.375746410918890772e-02 3.201034576924256803e-03 2.494697433543314746e-01 4.933586574712998662e-01
5.281273265193272559e-01 2.599205584320520845e-01 1.320741150999548384e-02 -6.565344232507751288e-02 -7.338031847067794447e-03 4.559911416922783622e-02 8.203351559837002496e-03 -6.294098289769198273e-02 -3.783449372606473814e-03 2.456514153897803032e-01
2.599205584320520845e-01 4.742047931342076028e-01 2.457940350185047196e-01 9.438216048023029270e-03 -6.254581491915889302e-02 2.024921492107106639e-03 4.436213518156734148e-02 5.264334393973818700e-03 -6.626216562655565245e-02 -1.659034030746567301e-02
1.320741150999548384e-02 2.457940350185047196e-01 4.856697545686478601e-01 2.558985043219937916e-01 -1.794939799703474618e-03 -6.588024994235362752e-02 3.565039704816945574e-04 4.562256402638232428e-02 -6.006774941423056145e-03 -6.474185883914854167e-02
-6.565344232507751288e-02 9.438216048023029270e-03 2.558985043219937916e-01 5.106139711479239507e-01 2.479998865387551543e-01 -1.201324798736429916e-02 -6.328364058741627052e-02 -1.476770347262993614e-03 4.443300769741694717e-02 5.110572306192288396e-03
-7.338031847067794447e-03 -6.254581491915889302e-02 -1.794939799703474618e-03 2.479998865387551543e-01 5.037745632310762778e-01 2.541651857554162453e-01 1.732443395102014217e-03 -6.714362283822050692e-02 6.094451906917022245e-03 4.598337035747114554e-02
4.559911416922783622e-02 2.024921492107106639e-03 -6.588024994235362752e-02 -1.201324798736429916e-02 2.541651857554162453e-01 5.223565791878852504e-01 2.503190289266308821e-01 1.322521986328424083e-02 -6.619482153311817552e-02 -1.285182408015629434e-02
8.203351559837002496e-03 4.436213518156734148e-02 3.565039704816945574e-04 -6.328364058741627052e-02 1.732443395102014217e-03 2.503190289266308821e-01 4.414614945623634434e-01 2.612272689509874124e-01 -9.157219135440656382e-03 -6.972277075982941108e-02
