3.813413341305902371e-01 3.028735531073127873e-01 7.260426581308573879e-02 -8.786061163681496700e-02 -7.572301939033407314e-02 3.034169014735670772e-02 7.910403089973110091e-02 5.658210366920034609e-03 -8.766732736459653674e-02 -6.580643475197513192e-02 1.021932615353841611e-01 2.997067246508398619e-01
3.028735531073127873e-01 4.478998762187018645e-01 3.190975621753425751e-01 6.435931243993803230e-02 -9.480314878389257960e-02 -7.546000551929363254e-02 3.593527836328338360e-02 8.050839214278204814e-02 7.880342126121422583e-03 -8.730798821008761701e-02 -6.801993384598081782e-02 9.022176156443348360e-02
7.260426581308573879e-02 3.190975621753425751e-01 4.345911300205541061e-01 3.045563723367567532e-01 7.614713726371050151e-02 -8.074951035524784160e-02 -7.580569765841085883e-02 2.782798647063489117e-02 7.916806772744411358e-02 1.690195507576213590e-02 -8.199801338513894311e-02 -8.489347535361056740e-02
-8.786061163681496700e-02 6.435931243993803230e-02 3.045563723367567532e-01 4.177482317623680830e-01 3.108507261114161757e-01 8.347981290936488941e-02 -8.598400107657939995e-02 -8.065529068417158498e-02 2.548217640108697835e-02 8.297312657102119682e-02 1.915284663720850933e-02 -8.224145317139684719e-02
-7.572301939033407314e-02 -9.480314878389257960e-02 7.614713726371050151e-02 3.108507261114161757e-01 4.207122895252583539e-01 3.054450474165006368e-01 7.399736402658782519e-02 -8.681298596633937881e-02 -7.791117726297938639e-02 2.595336621285665446e-02 7.992288468571182025e-02 2.574157529583358944e-02
3.034169014735670772e-02 -7.546000551929363254e-02 -8.074951035524784160e-02 8.347981290936488941e-02 3.054450474165006368e-01 4.154435963480784810e-01 3.097256298935679997e-01 7.743129500020710931e-02 -8.341993092518168451e-02 -8.135333205430891890e-02 2.255455287936699790e-02 8.402968428019805258e-02
7.910403089973110091e-02 3.593527836328338360e-02 -7.580569765841085883e-02 -8.598400107657939995e-02 7.399736402658782519e-02 3.097256298935679997e-01 4.355729880266701048e-01 3.116700274132473414e-01 7.799904092768691899e-02 -8.511314783079824975e-02 -8.024793701404647761e-02 1.736423909137491117e-02
5.658210366920034609e-03 8.050839214278204814e-02 2.782798647063489117e-02 -8.065529068417158498e-02 -8.681298596633937881e-02 7.743129500020710931e-02 3.116700274132473414e-01 4.131590535903499894e-01 3.015624388758729735e-01 8.547152385856779389e-02 -7.488875116601792503e-02 -8.811860267428464621e-02
-8.766732736459653674e-02 7.880342126121422583e-03 7.916806772744411358e-02 2.548217640108697835e-02 -7.791117726297938639e-02 -8.341993092518168451e-02 7.799904092768691899e-02 3.015624388758729735e-01 4.113791855392329166e-01 3.121913974196965924e-01 8.663870414204778714e-02 -7.825985204448882016e-02
-6.580643475197513192e-02 -8.730798821008761701e-02 1.690195507576213590e-02 8.297312657102119682e-02 2.595336621285665446e-02 -8.135333205430891890e-02 -8.511314783079824975e-02 8.547152385856779389e-02 3.121913974196965924e-01 4.219031202130400504e-01 3.009308722581472972e-01 9.202812266236959360e-02
1.021932615353841611e-01 -6.801993384598081782e-02 -8.199801338513894311e-02 1.915284663720850933e-02 7.992288468571182025e-02 2.255455287936699790e-02 -8.024793701404647761e-02 -7.488875116601792503e-02 8.663870414204778714e-02 3.009308722581472972e-01 3.914947377712619803e-01 3.049703924762423579e-01
2.997067246508398619e-01 9.022176156443348360e-02 -8.489347535361056740e-02 -8.224145317139684719e-02 2.574157529583358944e-02 8.402968428019805258e-02 1.736423909137491117e-02 -8.811860267428464621e-02 -7.825985204448882016e-02 9.202812266236959360e-02 3.049703924762423579e-01 4.087544568538827860e-01
3.997911893874318556e-01 3.059338766831601886e-01 9.041795704500570074e-02 -8.329812156507337972e-02 -8.330379784363481366e-02 1.498826650450030100e-02 7.973839264739088217e-02 2.276743860323391169e-02 -7.473090384143089848e-02 -8.765726873948975761e-02 7.436677588989316912e-02 3.036556643559422675e-01
3.059338766831601886e-01 4.179449718521628387e-01 3.066873052665618493e-01 7.071028839462883964e-02 -8.879704697885043574e-02 -8.306203982753332382e-02 2.865316905945551607e-02 8.450334805717527042e-02 3.419421903212083169e-02 -7.602556860085360468e-02 -8.743713684903360595e-02 8.251525674498706719e-02
9.041795704500570074e-02 3.066873052665618493e-01 4.151013603307655564e-01 3.103475105632558240e-01 7.846049907546162605e-02 -7.709238139827898073e-02 -7.583120741915672092e-02 2.326313044210583797e-02 8.107392476769646750e-02 2.627929764251062811e-02 -8.044342568279791439e-02 -7.616821262606741916e-02
-8.329812156507337972e-02 7.071028839462883964e-02 3.103475105632558240e-01 4.461643254270021286e-01 3.114497846544086457e-01 8.732595423224652487e-02 -8.565899357523526492e-02 -8.522793973316517002e-02 6.713680805926405988e-03 7.811961632032639324e-02 3.011723036529195124e-02 -7.714556898311614175e-02
-8.330379784363481366e-02 -8.879704697885043574e-02 7.846049907546162605e-02 3.114497846544086457e-01 3.886694574525204060e-01 2.934009974575528812e-01 8.111607969182524358e-02 -7.437467413999687693e-02 -8.902048038247509232e-02 8.875222878326828255e-03 8.171974772827206301e-02 2.446172945417388750e-02
1.498826650450030100e-02 -8.306203982753332382e-02 -7.709238139827898073e-02 8.732595423224652487e-02 2.934009974575528812e-01 4.150228452372594079e-01 3.200954530773983397e-01 8.644615063977313663e-02 -7.483610425377638931e-02 -8.412575598842697566e-02 2.179057201865286855e-02 8.083816934989479508e-02
7.973839264739088217e-02 2.865316905945551607e-02 -7.583120741915672092e-02 -8.565899357523526492e-02 8.111607969182524358e-02 3.200954530773983397e-01 4.421911145847815527e-01 2.995349261475603875e-01 9.648449313134978278e-02 -6.845653358528512589e-02 -8.188390755276639399e-02 1.919001749422174358e-02
2.276743860323391169e-02 8.450334805717527042e-02 2.326313044210583797e-02 -8.522793973316517002e-02 -7.437467413999687693e-02 8.644615063977313663e-02 2.995349261475603875e-01 3.629100705046394704e-01 2.915408040340983220e-01 9.838951663949163651e-02 -7.530917897291286578e-02 -8.322017503476737688e-02
-7.473090384143089848e-02 3.419421903212083169e-02 8.107392476769646750e-02 6.713680805926405988e-03 -8.902048038247509232e-02 -7.483610425377638931e-02 9.648449313134978278e-02 2.915408040340983220e-01 4.085023562237229955e-01 3.152827790696072219e-01 7.094558879419828046e-02 -9.791393281634563905e-02
-8.765726873948975761e-02 -7.602556860085360468e-02 2.627929764251062811e-02 7.811961632032639324e-02 8.875222878326828255e-03 -8.412575598842697566e-02 -6.845653358528512589e-02 9.838951663949163651e-02 3.152827790696072219e-01 4.316814165822941418e-01 3.060162436715753165e-01 6.326779746042360264e-02
7.436677588989316912e-02 -8.743713684903360595e-02 -8.044342568279791439e-02 3.011723036529195124e-02 8.171974772827206301e-02 2.179057201865286855e-02 -8.188390755276639399e-02 -7.530917897291286578e-02 7.094558879419828046e-02 3.060162436715753165e-01 4.357803612883481836e-01 3.170572419533528308e-01
3.036556643559422675e-01 8.251525674498706719e-02 -7.616821262606741916e-02 -7.714556898311614175e-02 2.446172945417388750e-02 8.083816934989479508e-02 1.919001749422174358e-02 -8.322017503476737688e-02 -9.791393281634563905e-02 6.326779746042360264e-02 3.170572419533528308e-01 4.362405311290550869e-01
4.183019753226761561e-01 3.112837025323625939e-01 9.017931135191709080e-02 -8.366521062825527100e-02 -8.546497732865662722e-02 1.739110472688430026e-02 8.386576337884388277e-02 2.922944159422736360e-02 -7.945109477463503656e-02 -8.279656095997003917e-02 7.532179269959982104e-02 3.008673850424943841e-01
3.112837025323625939e-01 4.053807627855666729e-01 2.997959474999493668e-01 7.832689640039948442e-02 -8.114768183137567592e-02 -8.125635190133129182e-02 1.769222587539206679e-02 7.919311005031146045e-02 2.541799601419117774e-02 -7.994359812357404449e-02 -8.646344471470654436e-02 8.705874511543419680e-02
9.017931135191709080e-02 2.997959474999493668e-01 4.119334236205732802e-01 3.124771173142077973e-01 8.221626732686251882e-02 -8.049956510302411217e-02 -8.543326227326514255e-02 1.757119652293666345e-02 8.307045923117553632e-02 1.976402672014467010e-02 -8.340942365245629375e-02 -7.176736064432237550e-02
-8.366521062825527100e-02 7.832689640039948442e-02 3.124771173142077973e-01 4.359784826596646568e-01 3.085855043727840918e-01 8.294887580780899161e-02 -7.933122890898812452e-02 -8.142895067035937906e-02 1.997986503295760483e-02 7.866295242022458556e-02 2.482278864704377808e-02 -7.980828739742244771e-02
-8.546497732865662722e-02 -8.114768183137567592e-02 8.221626732686251882e-02 3.085855043727840918e-01 3.999491275727269368e-01 2.988458322818673407e-01 9.336162807609446612e-02 -7.050085300075516204e-02 -8.533671481238613854e-02 1.734779145874464426e-02 8.347392666460669297e-02 1.861566690997219081e-02
1.739110472688430026e-02 -8.125635190133129182e-02 -8.049956510302411217e-02 8.294887580780899161e-02 2.988458322818673407e-01 4.071568214094359872e-01 3.118436521871127409e-01 8.664949564386992265e-02 -8.621612204500120336e-02 -8.035162006244422894e-02 2.506130694101753320e-02 7.903364248232502831e-02
8.386576337884388277e-02 1.769222587539206679e-02 -8.543326227326514255e-02 -7.933122890898812452e-02 9.336162807609446612e-02 3.118436521871127409e-01 4.162856912924375319e-01 2.999088739041885221e-01 7.749602948334047281e-02 -8.077341978663737931e-02 -7.998645367714485310e-02 2.852935051810834982e-02
2.922944159422736360e-02 7.919311005031146045e-02 1.757119652293666345e-02 -8.142895067035937906e-02 -7.050085300075516204e-02 8.664949564386992265e-02 2.999088739041885221e-01 4.070496109930969442e-01 3.145083565615360288e-01 7.974779867385929644e-02 -8.755147728695489295e-02 -7.532001641500316036e-02
-7.945109477463503656e-02 2.541799601419117774e-02 8.307045923117553632e-02 1.997986503295760483e-02 -8.533671481238613854e-02 -8.621612204500120336e-02 7.749602948334047281e-02 3.145083565615360288e-01 4.449706109654424369e-01 3.056877919635386798e-01 7.282939989937517455e-02 -8.750234756632926936e-02
-8.279656095997003917e-02 -7.994359812357404449e-02 1.976402672014467010e-02 7.866295242022458556e-02 1.734779145874464426e-02 -8.035162006244422894e-02 -8.077341978663737931e-02 7.974779867385929644e-02 3.056877919635386798e-01 3.968989369049412130e-01 3.069355431116139732e-01 7.814243757828270853e-02
7.532179269959982104e-02 -8.646344471470654436e-02 -8.340942365245629375e-02 2.482278864704377808e-02 8.347392666460669297e-02 2.506130694101753320e-02 -7.998645367714485310e-02 -8.755147728695489295e-02 7.282939989937517455e-02 3.069355431116139732e-01 4.484263397534587470e-01 3.142516656834865030e-01
3.008673850424943841e-01 8.705874511543419680e-02 -7.176736064432237550e-02 -7.980828739742244771e-02 1.861566690997219081e-02 7.903364248232502831e-02 2.852935051810834982e-02 -7.532001641500316036e-02 -8.750234756632926936e-02 7.814243757828270853e-02 3.142516656834865030e-01 4.076682167199753293e-01
4.035247783375452979e-01 3.053694944284665591e-01 7.107942125570113068e-02 -8.251861826146211776e-02 -8.073036856817004947e-02 2.119269839615476464e-02 8.134523900696324916e-02 2.236052081846613346e-02 -8.252121435911058400e-02 -8.292743135030636314e-02 9.007626410304177267e-02 3.056757497215715769e-01
3.053694944284665591e-01 4.418987001805677606e-01 3.174137774011871471e-01 8.153541856366490481e-02 -8.128796579038283232e-02 -8.335417494600332045e-02 1.512711093168105786e-02 7.985979528845116304e-02 2.372881220612805750e-02 -7.813967549388392553e-02 -7.626572249124217995e-02 8.219931106361835771e-02
7.107942125570113068e-02 3.174137774011871471e-01 4.225536758328822251e-01 2.985080129929418291e-01 9.018045599595012063e-02 -7.165484820079968953e-02 -8.625736358296613726e-02 1.239151987264824027e-02 8.079176150201938800e-02 3.184066730930582706e-02 -7.897135285997951282e-02 -8.932820799021581881e-02
-8.251861826146211776e-02 8.153541856366490481e-02 2.985080129929418291e-01 3.866618758205496720e-01 3.041338291164815133e-01 9.455649405463070756e-02 -7.199673613537557748e-02 -8.526866521630543927e-02 1.738066720167079360e-02 8.254015959851661310e-02 1.882893491973089070e-02 -8.466628511784007882e-02
-8.073036856817004947e-02 -8.128796579038283232e-02 9.018045599595012063e-02 3.041338291164815133e-01 4.215378246648338045e-01 3.089024237957280206e-01 8.663654522232876187e-02 -8.316432781805929708e-02 -8.148359723512269004e-02 2.249551846917639472e-02 7.969999626392199055e-02 1.853157015921038167e-02
2.119269839615476464e-02 -8.335417494600332045e-02 -7.165484820079968953e-02 9.455649405463070756e-02 3.089024237957280206e-01 3.990776225387916432e-01 2.989669233296580186e-01 8.301372212181962196e-02 -7.871680162400021552e-02 -8.150626442555997109e-02 2.631929488634732195e-02 8.325474924408073074e-02
8.134523900696324916e-02 1.512711093168105786e-02 -8.625736358296613726e-02 -7.199673613537557748e-02 8.663654522232876187e-02 2.989669233296580186e-01 4.155188432867439330e-01 3.152147072533384442e-01 7.867114541033129460e-02 -8.859530367930269767e-02 -7.563255038745994585e-02 3.157339591503405263e-02
2.236052081846613346e-02 7.985979528845116304e-02 1.239151987264824027e-02 -8.526866521630543927e-02 -8.316432781805929708e-02 8.301372212181962196e-02 3.152147072533384442e-01 4.334907875615381934e-01 3.039849045519287252e-01 7.530709019158289552e-02 -8.564216414912634301e-02 -7.840709058317581193e-02
-8.252121435911058400e-02 2.372881220612805750e-02 8.079176150201938800e-02 1.738066720167079360e-02 -8.148359723512269004e-02 -7.871680162400021552e-02 7.867114541033129460e-02 3.039849045519287252e-01 4.052434651649393649e-01 3.094904473522457344e-01 7.616511662398305071e-02 -8.671043805929584680e-02
-8.292743135030636314e-02 -7.813967549388392553e-02 3.184066730930582706e-02 8.254015959851661310e-02 2.249551846917639472e-02 -8.150626442555997109e-02 -8.859530367930269767e-02 7.530709019158289552e-02 3.094904473522457344e-01 4.411040014264538955e-01 3.117043802044676126e-01 7.409192153311768003e-02
9.007626410304177267e-02 -7.626572249124217995e-02 -7.897135285997951282e-02 1.882893491973089070e-02 7.969999626392199055e-02 2.631929488634732195e-02 -7.563255038745994585e-02 -8.564216414912634301e-02 7.616511662398305071e-02 3.117043802044676126e-01 4.168979115228845789e-01 3.052309848937655445e-01
3.056757497215715769e-01 8.219931106361835771e-02 -8.932820799021581881e-02 -8.466628511784007882e-02 1.853157015921038167e-02 8.325474924408073074e-02 3.157339591503405263e-02 -7.840709058317581193e-02 -8.671043805929584680e-02 7.409192153311768003e-02 3.052309848937655445e-01 4.124905136622502022e-01
4.355400828693952175e-01 3.104072773618217762e-01 7.772643899449689642e-02 -8.447641490465575276e-02 -7.586962272149029574e-02 2.663838085421016411e-02 7.871343491699633876e-02 1.514946083986297778e-02 -8.239684272075703531e-02 -8.345400008997092001e-02 7.882338427761251265e-02 3.113271358264126931e-01
3.104072773618217762e-01 4.158466065056325434e-01 3.039647298828907496e-01 8.257004793842631640e-02 -8.312002976814451827e-02 -8.302680214640806300e-02 2.139239751324066574e-02 8.270023790978368872e-02 2.154343734280663239e-02 -8.095931887956485384e-02 -8.461061924311623350e-02 7.530126937782991026e-02
7.772643899449689642e-02 3.039647298828907496e-01 4.119749324296596016e-01 3.101414774997137691e-01 7.560458337928700756e-02 -8.651492357459224236e-02 -7.905630027644421076e-02 2.848804958378545193e-02 8.151424200131221487e-02 2.366117477992214085e-02 -8.008106270270724802e-02 -8.591155248005623302e-02
-8.447641490465575276e-02 8.257004793842631640e-02 3.101414774997137691e-01 4.312704361830793642e-01 3.087842559519947683e-01 7.902456057803182443e-02 -8.150452097281002395e-02 -7.915408544040938854e-02 2.254552894915715783e-02 8.193177816557747906e-02 2.439885438053163505e-02 -7.943165439476287948e-02
-7.586962272149029574e-02 -8.312002976814451827e-02 7.560458337928700756e-02 3.087842559519947683e-01 4.172552773685098138e-01 3.075641488399001311e-01 8.343333346821994734e-02 -8.382568178050514573e-02 -8.294227838891407578e-02 1.541203445299099001e-02 8.001678835294347147e-02 3.062553466231487942e-02
2.663838085421016411e-02 -8.302680214640806300e-02 -8.651492357459224236e-02 7.902456057803182443e-02 3.075641488399001311e-01 4.146185390258004255e-01 3.051716245610657241e-01 7.892988909078887949e-02 -8.049371103507964309e-02 -8.534091528170073548e-02 1.734305856905010365e-02 8.332399377423885256e-02
7.871343491699633876e-02 2.139239751324066574e-02 -7.905630027644421076e-02 -8.150452097281002395e-02 8.343333346821994734e-02 3.051716245610657241e-01 4.171772385251133475e-01 3.113252541149690855e-01 8.502768509364944105e-02 -7.705204760027828392e-02 -8.271906253482061433e-02 1.482875848964147411e-02
1.514946083986297778e-02 8.270023790978368872e-02 2.848804958378545193e-02 -7.915408544040938854e-02 -8.382568178050514573e-02 7.892988909078887949e-02 3.113252541149690855e-01 4.262406285548699936e-01 3.038473787730799902e-01 9.046762793116321089e-02 -7.512669053665511909e-02 -8.717761860701250809e-02
-8.239684272075703531e-02 2.154343734280663239e-02 8.151424200131221487e-02 2.254552894915715783e-02 -8.294227838891407578e-02 -8.049371103507964309e-02 8.502768509364944105e-02 3.038473787730799902e-01 3.898034587688414820e-01 3.012926214954928517e-01 9.101637498795828174e-02 -7.352803379627574631e-02
-8.345400008997092001e-02 -8.095931887956485384e-02 2.366117477992214085e-02 8.193177816557747906e-02 1.541203445299099001e-02 -8.534091528170073548e-02 -7.705204760027828392e-02 9.046762793116321089e-02 3.012926214954928517e-01 4.168692419323807852e-01 3.097947379233979004e-01 8.670519628157574710e-02
7.882338427761251265e-02 -8.461061924311623350e-02 -8.008106270270724802e-02 2.439885438053163505e-02 8.001678835294347147e-02 1.734305856905010365e-02 -8.271906253482061433e-02 -7.512669053665511909e-02 9.101637498795828174e-02 3.097947379233979004e-01 4.083050404097030572e-01 3.024603053454253399e-01
3.113271358264126931e-01 7.530126937782991026e-02 -8.591155248005623302e-02 -7.943165439476287948e-02 3.062553466231487942e-02 8.332399377423885256e-02 1.482875848964147411e-02 -8.717761860701250809e-02 -7.352803379627574631e-02 8.670519628157574710e-02 3.024603053454253399e-01 4.150985174270537259e-01
4.189827382664887967e-01 3.065841633731828386e-01 8.480939308925616871e-02 -7.979833793336890690e-02 -8.280948969221138545e-02 1.617543143511979836e-02 7.924950886254070181e-02 2.458018770533099140e-02 -8.081968092447706919e-02 -8.013511322009780891e-02 8.483211204633014924e-02 3.087869339162800930e-01
3.065841633731828386e-01 4.062611226673784048e-01 3.028560495799621499e-01 8.764226538993660776e-02 -7.528833787297584124e-02 -8.606154424132164693e-02 1.687751666609061882e-02 8.295261253231581144e-02 1.786413599031139859e-02 -8.603057566375148235e-02 -7.723233370590568136e-02 8.718214199047186197e-02
8.480939308925616871e-02 3.028560495799621499e-01 4.123907141940185150e-01 3.105510035082846843e-01 8.599534385760573829e-02 -8.085251735037235488e-02 -8.134868898772321111e-02 2.384569177867543188e-02 7.932866160777816977e-02 1.543903421752024739e-02 -8.304054967222640471e-02 -7.811997107350969471e-02
-7.979833793336890690e-02 8.764226538993660776e-02 3.105510035082846843e-01 4.176985767570266517e-01 3.019525133952767337e-01 8.555344296796560388e-02 -7.797550252978394103e-02 -8.110599087592335055e-02 2.699543160874342401e-02 8.295648847238820678e-02 1.621483212127864532e-02 -8.549251802748708551e-02
-8.280948969221138545e-02 -7.528833787297584124e-02 8.599534385760573829e-02 3.019525133952767337e-01 4.007642436370124073e-01 3.083915803700534863e-01 8.367521628390478527e-02 -8.559448496929225603e-02 -7.647277193263307682e-02 3.020819646734912781e-02 8.003450267295689202e-02 1.615931861496458510e-02
1.617543143511979836e-02 -8.606154424132164693e-02 -8.085251735037235488e-02 8.555344296796560388e-02 3.083915803700534863e-01 4.280325956815235755e-01 3.075149919813756627e-01 7.217216906801726672e-02 -9.016664898615690815e-02 -7.671833116025539301e-02 3.105000274981788155e-02 8.310671688352355702e-02
7.924950886254070181e-02 1.687751666609061882e-02 -8.134868898772321111e-02 -7.797550252978394103e-02 8.367521628390478527e-02 3.075149919813756627e-01 4.131844590840310083e-01 3.096047833918150749e-01 7.135485486561390922e-02 -8.850016540402401433e-02 -7.634194738798902313e-02 2.620426780522532029e-02
2.458018770533099140e-02 8.295261253231581144e-02 2.384569177867543188e-02 -8.110599087592335055e-02 -8.559448496929225603e-02 7.217216906801726672e-02 3.096047833918150749e-01 4.446885670504179267e-01 3.127076334305990413e-01 7.160744106559682742e-02 -8.790695123093920926e-02 -8.128336484176383603e-02
-8.081968092447706919e-02 1.786413599031139859e-02 7.932866160777816977e-02 2.699543160874342401e-02 -7.647277193263307682e-02 -9.016664898615690815e-02 7.135485486561390922e-02 3.127076334305990413e-01 4.181514184428675729e-01 3.057357247609137074e-01 8.215278555861627030e-02 -7.715006486137179764e-02
-8.013511322009780891e-02 -8.603057566375148235e-02 1.543903421752024739e-02 8.295648847238820678e-02 3.020819646734912781e-02 -7.671833116025539301e-02 -8.850016540402401433e-02 7.160744106559682742e-02 3.057357247609137074e-01 4.230709310144443736e-01 3.094076632073657906e-01 8.771851904096095165e-02
8.483211204633014924e-02 -7.723233370590568136e-02 -8.304054967222640471e-02 1.621483212127864532e-02 8.003450267295689202e-02 3.105000274981788155e-02 -7.634194738798902313e-02 -8.790695123093920926e-02 8.215278555861627030e-02 3.094076632073657906e-01 4.062216213392446651e-01 3.020034159256541617e-01
3.087869339162800930e-01 8.718214199047186197e-02 -7.811997107350969471e-02 -8.549251802748708551e-02 1.615931861496458510e-02 8.310671688352355702e-02 2.620426780522532029e-02 -8.128336484176383603e-02 -7.715006486137179764e-02 8.771851904096095165e-02 3.020034159256541617e-01 4.105530118655767446e-01
4.120366105457874961e-01 3.036285565806804421e-01 9.032278189712995842e-02 -8.138762338870061952e-02 -7.625249219494843744e-02 2.699337969305744267e-02 7.892298846824047365e-02 1.229034424907581892e-02 -8.433934434622965270e-02 -7.751041995398794127e-02 8.541946196913166589e-02 3.092734781530757093e-01
3.036285565806804421e-01 4.007101740401554091e-01 3.031018343139019189e-01 7.596981349235223946e-02 -9.159269378846304765e-02 -7.915514934420694870e-02 3.159392601160908309e-02 8.301894350173766313e-02 1.165001760397946055e-02 -8.795236857889325577e-02 -7.705160471828485791e-02 8.763623046639154590e-02
9.032278189712995842e-02 3.031018343139019189e-01 4.180665972294190791e-01 3.136134626508563228e-01 6.112632343099915627e-02 -9.376900865915988037e-02 -7.127011709326810940e-02 3.852885380240270163e-02 7.938366612572957115e-02 9.888306450494739955e-03 -8.509825597201509106e-02 -7.579336763871441507e-02
-8.138762338870061952e-02 7.596981349235223946e-02 3.136134626508563228e-01 4.559401892270700807e-01 3.130868482064897984e-01 7.045218081556113565e-02 -8.776308882471925421e-02 -7.524902331396363109e-02 2.845641044247777807e-02 8.131614003206606711e-02 2.050528465740523304e-02 -8.015516961194485424e-02
-7.625249219494843744e-02 -9.159269378846304765e-02 6.112632343099915627e-02 3.130868482064897984e-01 4.215970908509981685e-01 3.059025001698021384e-01 7.975217589311979494e-02 -8.442447279299780671e-02 -8.104888175987487453e-02 1.915976646337223810e-02 8.053453470814254944e-02 3.042013038617819368e-02
2.699337969305744267e-02 -7.915514934420694870e-02 -9.376900865915988037e-02 7.045218081556113565e-02 3.059025001698021384e-01 4.166856291824567737e-01 3.084192972976168567e-01 7.756031668293415782e-02 -8.309636365177107409e-02 -8.396878191605883224e-02 1.777255446641140546e-02 8.285222573839218230e-02
7.892298846824047365e-02 3.159392601160908309e-02 -7.127011709326810940e-02 -8.776308882471925421e-02 7.975217589311979494e-02 3.084192972976168567e-01 4.248639758225449814e-01 3.103321655952859803e-01 8.182607318728693513e-02 -7.938610948989206773e-02 -8.329814131753288109e-02 1.352626257868793508e-02
1.229034424907581892e-02 8.301894350173766313e-02 3.852885380240270163e-02 -7.524902331396363109e-02 -8.442447279299780671e-02 7.756031668293415782e-02 3.103321655952859803e-01 4.204361350817124032e-01 3.041545739887319133e-01 8.985168620099667769e-02 -7.298733628170538112e-02 -8.769077831582025584e-02
-8.433934434622965270e-02 1.165001760397946055e-02 7.938366612572957115e-02 2.845641044247777807e-02 -8.104888175987487453e-02 -8.309636365177107409e-02 8.182607318728693513e-02 3.041545739887319133e-01 4.002323865087104027e-01 3.047601253615163097e-01 9.284209176584649892e-02 -7.291800907370887819e-02
-7.751041995398794127e-02 -8.795236857889325577e-02 9.888306450494739955e-03 8.131614003206606711e-02 1.915976646337223810e-02 -8.396878191605883224e-02 -7.938610948989206773e-02 8.985168620099667769e-02 3.047601253615163097e-01 4.113049364288576260e-01 3.041278705178904196e-01 9.042697532924207082e-02
8.541946196913166589e-02 -7.705160471828485791e-02 -8.509825597201509106e-02 2.050528465740523304e-02 8.053453470814254944e-02 1.777255446641140546e-02 -8.329814131753288109e-02 -7.298733628170538112e-02 9.284209176584649892e-02 3.041278705178904196e-01 3.985916990542865967e-01 3.040886043874146960e-01
3.092734781530757093e-01 8.763623046639154590e-02 -7.579336763871441507e-02 -8.015516961194485424e-02 3.042013038617819368e-02 8.285222573839218230e-02 1.352626257868793508e-02 -8.769077831582025584e-02 -7.291800907370887819e-02 9.042697532924207082e-02 3.040886043874146960e-01 4.195345760280128067e-01
4.301950652846991408e-01 3.151027596258978436e-01 7.973460963329780105e-02 -8.390513130126969754e-02 -7.959340628828287523e-02 1.492440379915624393e-02 7.618501055812113010e-02 2.399302199625345106e-02 -7.403258374931617758e-02 -8.590524279912686856e-02 6.592966351993921614e-02 3.095210459814763393e-01
3.151027596258978436e-01 4.365649235095612757e-01 3.021324613479273724e-01 8.273441913719599416e-02 -7.754603878975602216e-02 -8.915976624748876700e-02 1.487344575157967773e-02 8.528780202354285800e-02 3.471282714328452479e-02 -7.665248189875094320e-02 -9.836258929459991418e-02 6.042520991639304534e-02
7.973460963329780105e-02 3.021324613479273724e-01 3.876562645998664625e-01 3.059621965747091332e-01 9.059632816361370966e-02 -7.058965234359848573e-02 -8.105355133466475570e-02 1.606674802389516932e-02 7.813016602272178368e-02 2.978598453906070725e-02 -7.325048595545899377e-02 -8.796869040507623860e-02
-8.390513130126969754e-02 8.273441913719599416e-02 3.059621965747091332e-01 4.373262867137480692e-01 3.087991722269202710e-01 9.172094516415382759e-02 -7.995059881733534990e-02 -8.720066673864446116e-02 1.394784730278996257e-02 8.386520711302608566e-02 3.412992489096129678e-02 -7.643522644332395588e-02
-7.959340628828287523e-02 -7.754603878975602216e-02 9.059632816361370966e-02 3.087991722269202710e-01 3.814316567515896317e-01 2.948739902775692201e-01 8.617289993830382078e-02 -7.536562970693963526e-02 -8.275103902224413555e-02 1.325620489424474829e-02 7.845546583554696696e-02 2.904840266406880089e-02
1.492440379915624393e-02 -8.915976624748876700e-02 -7.058965234359848573e-02 9.172094516415382759e-02 2.948739902775692201e-01 4.174521233273383869e-01 3.153722473465537801e-01 8.275288417707886424e-02 -8.308193706705097048e-02 -8.681687718429570433e-02 1.819913302264595384e-02 8.438154283553610246e-02
7.618501055812113010e-02 1.487344575157967773e-02 -8.105355133466475570e-02 -7.995059881733534990e-02 8.617289993830382078e-02 3.153722473465537801e-01 4.263806503014199167e-01 3.044796626048196231e-01 8.302302075532994041e-02 -7.657724864640062801e-02 -8.064408718265167475e-02 1.785257208877609122e-02
2.399302199625345106e-02 8.528780202354285800e-02 1.606674802389516932e-02 -8.720066673864446116e-02 -7.536562970693963526e-02 8.275288417707886424e-02 3.044796626048196231e-01 4.043392847151303648e-01 3.032864739219713335e-01 9.370472486121560196e-02 -7.285033160420989473e-02 -8.682552499518750300e-02
-7.403258374931617758e-02 3.471282714328452479e-02 7.813016602272178368e-02 1.394784730278996257e-02 -8.275103902224413555e-02 -8.308193706705097048e-02 8.302302075532994041e-02 3.032864739219713335e-01 4.084525376829045706e-01 3.087648740520682056e-01 8.582191435145794522e-02 -8.380194032562021667e-02
-8.590524279912686856e-02 -7.665248189875094320e-02 2.978598453906070725e-02 8.386520711302608566e-02 1.325620489424474829e-02 -8.681687718429570433e-02 -7.657724864640062801e-02 9.370472486121560196e-02 3.087648740520682056e-01 4.123298676202700741e-01 3.010802450657264484e-01 8.019288971921070819e-02
6.592966351993921614e-02 -9.836258929459991418e-02 -7.325048595545899377e-02 3.412992489096129678e-02 7.845546583554696696e-02 1.819913302264595384e-02 -8.064408718265167475e-02 -7.285033160420989473e-02 8.582191435145794522e-02 3.010802450657264484e-01 4.084002256814011078e-01 3.137041170870714657e-01
3.095210459814763393e-01 6.042520991639304534e-02 -8.796869040507623860e-02 -7.643522644332395588e-02 2.904840266406880089e-02 8.438154283553610246e-02 1.785257208877609122e-02 -8.682552499518750300e-02 -8.380194032562021667e-02 8.019288971921070819e-02 3.137041170870714657e-01 4.494711138120299210e-01
4.178093352299347973e-01 3.094098468076830755e-01 7.536598457577387000e-02 -8.237078394944268023e-02 -8.259226543763995010e-02 1.850589136777880395e-02 8.071066056381931419e-02 2.489198340251919800e-02 -7.969996699425793696e-02 -8.401574828567393016e-02 8.102494969820410453e-02 3.071943709260082089e-01
3.094098468076830755e-01 4.329284529704583440e-01 3.103477801846158957e-01 8.559988781656280299e-02 -7.592745629883805580e-02 -8.468068687037422215e-02 1.502894143239359021e-02 8.110651129939341897e-02 2.724933163769117928e-02 -7.818628503183279455e-02 -8.423043363861486277e-02 7.691090623737992238e-02
7.536598457577387000e-02 3.103477801846158957e-01 4.107130399101210361e-01 3.020715924252945217e-01 9.328486596506679884e-02 -7.253213721866200170e-02 -8.540249113696649075e-02 1.328336783090448489e-02 8.061416796493346693e-02 2.955523442753631158e-02 -7.806164460895766155e-02 -8.696769861263285717e-02
-8.237078394944268023e-02 8.559988781656280299e-02 3.020715924252945217e-01 3.979304988309729785e-01 3.031846174882634748e-01 9.106068800640575167e-02 -7.661651727331691974e-02 -8.533534077095576709e-02 1.816140618533160569e-02 8.295478146276497045e-02 2.274555587817664315e-02 -8.322938849157782149e-02
-8.259226543763995010e-02 -7.592745629883805580e-02 9.328486596506679884e-02 3.031846174882634748e-01 4.083995980879857601e-01 3.072891074625647700e-01 8.391213637354885679e-02 -8.197395103399054972e-02 -8.118153176198200649e-02 2.280913826474753950e-02 8.052822413224905440e-02 1.842526915997479142e-02
1.850589136777880395e-02 -8.468068687037422215e-02 -7.253213721866200170e-02 9.106068800640575167e-02 3.072891074625647700e-01 4.161753951062867607e-01 3.061608288055921445e-01 8.156431720194545765e-02 -8.194299149467755561e-02 -8.132410261708525323e-02 2.489687804890059961e-02 8.231772384977883994e-02
8.071066056381931419e-02 1.502894143239359021e-02 -8.540249113696649075e-02 -7.661651727331691974e-02 8.391213637354885679e-02 3.061608288055921445e-01 4.151053606579078181e-01 3.087130581506494220e-01 8.068472675280782824e-02 -8.381437391784132829e-02 -7.881634111857134528e-02 2.644963882126431451e-02
2.489198340251919800e-02 8.110651129939341897e-02 1.328336783090448489e-02 -8.533534077095576709e-02 -8.197395103399054972e-02 8.156431720194545765e-02 3.087130581506494220e-01 4.223997781091005654e-01 3.071789110210056406e-01 7.940363147342588412e-02 -8.440166793499209730e-02 -8.003000025958825758e-02
-7.969996699425793696e-02 2.724933163769117928e-02 8.061416796493346693e-02 1.816140618533160569e-02 -8.118153176198200649e-02 -8.194299149467755561e-02 8.068472675280782824e-02 3.071789110210056406e-01 4.145498056096227346e-01 3.080606386385387196e-01 7.821214877842637414e-02 -8.495312544434241442e-02
-8.401574828567393016e-02 -7.818628503183279455e-02 2.955523442753631158e-02 8.295478146276497045e-02 2.280913826474753950e-02 -8.132410261708525323e-02 -8.381437391784132829e-02 7.940363147342588412e-02 3.080606386385387196e-01 4.255721361003493852e-01 3.092445304232875891e-01 7.781139307830232943e-02
8.102494969820410453e-02 -8.423043363861486277e-02 -7.806164460895766155e-02 2.274555587817664315e-02 8.052822413224905440e-02 2.489687804890059961e-02 -7.881634111857134528e-02 -8.440166793499209730e-02 7.821214877842637414e-02 3.092445304232875891e-01 4.196889644145560538e-01 3.077095384366568265e-01
3.071943709260082089e-01 7.691090623737992238e-02 -8.696769861263285717e-02 -8.322938849157782149e-02 1.842526915997479142e-02 8.231772384977883994e-02 2.644963882126431451e-02 -8.003000025958825758e-02 -8.495312544434241442e-02 7.781139307830232943e-02 3.077095384366568265e-01 4.187276349726961611e-01
4.022813361535925170e-01 3.063766812910365678e-01 8.356348277144322323e-02 -7.885265620970402511e-02 -7.304410272260991599e-02 2.493865196166255432e-02 7.454637761190685552e-02 1.485569527834519274e-02 -7.710646433016826728e-02 -8.191719693369929611e-02 8.183315111012545717e-02 3.100724678403141144e-01
3.063766812910365678e-01 4.396090382635134408e-01 3.094518041164990851e-01 7.963266521380303609e-02 -9.095511569271409746e-02 -8.460609744109379160e-02 2.753282525986304810e-02 8.788452923554113116e-02 2.708922547826984537e-02 -8.153182420603709291e-02 -8.448008601060660872e-02 7.258470699149557892e-02
8.356348277144322323e-02 3.094518041164990851e-01 3.928612181121831082e-01 3.024174758095148907e-01 7.195722817530486592e-02 -8.306918106657149026e-02 -7.306813901284898993e-02 2.720536825947500459e-02 7.728426984311449754e-02 2.388138131753764909e-02 -7.813775857514503043e-02 -8.608803786616822662e-02
-7.885265620970402511e-02 7.963266521380303609e-02 3.024174758095148907e-01 4.477803704118463735e-01 3.178781819447156209e-01 7.709630341144035892e-02 -8.863993022854160797e-02 -8.407412794340110573e-02 1.814689338961118781e-02 8.449890751546511314e-02 2.307499282410542529e-02 -8.149369595006047962e-02
-7.304410272260991599e-02 -9.095511569271409746e-02 7.195722817530486592e-02 3.178781819447156209e-01 4.186084688369414719e-01 3.017117739662090181e-01 7.783032751733527654e-02 -7.990989832507508495e-02 -8.146461399884147303e-02 1.229242096838757507e-02 7.580589206796189972e-02 3.349499704119607291e-02
2.493865196166255432e-02 -8.460609744109379160e-02 -8.306918106657149026e-02 7.709630341144035892e-02 3.017117739662090181e-01 4.124486496126724688e-01 3.087864843189373487e-01 8.911856587791902595e-02 -7.167470684085827659e-02 -8.992393968108439162e-02 1.456685548573272843e-02 8.678712004977889860e-02
7.454637761190685552e-02 2.753282525986304810e-02 -7.306813901284898993e-02 -8.863993022854160797e-02 7.783032751733527654e-02 3.087864843189373487e-01 4.225996615724515459e-01 3.099497872498515605e-01 9.118522333078277198e-02 -7.569629672299491019e-02 -8.007566108895948498e-02 1.364393531404371751e-02
1.485569527834519274e-02 8.788452923554113116e-02 2.720536825947500459e-02 -8.407412794340110573e-02 -7.990989832507508495e-02 8.911856587791902595e-02 3.099497872498515605e-01 4.002760752866810767e-01 2.920840196487430873e-01 9.537501971591019756e-02 -7.012577134743615270e-02 -9.096722628966742719e-02
-7.710646433016826728e-02 2.708922547826984537e-02 7.728426984311449754e-02 1.814689338961118781e-02 -8.146461399884147303e-02 -7.167470684085827659e-02 9.118522333078277198e-02 2.920840196487430873e-01 3.841901709485726624e-01 3.127813436816754833e-01 8.508071174169976048e-02 -8.447064460258232876e-02
-8.191719693369929611e-02 -8.153182420603709291e-02 2.388138131753764909e-02 8.449890751546511314e-02 1.229242096838757507e-02 -8.992393968108439162e-02 -7.569629672299491019e-02 9.537501971591019756e-02 3.127813436816754833e-01 4.436446839662848141e-01 3.034687204312166431e-01 7.823714873398075753e-02
8.183315111012545717e-02 -8.448008601060660872e-02 -7.813775857514503043e-02 2.307499282410542529e-02 7.580589206796189972e-02 1.456685548573272843e-02 -8.007566108895948498e-02 -7.012577134743615270e-02 8.508071174169976048e-02 3.034687204312166431e-01 3.890222774926016536e-01 3.075385557642817402e-01
3.100724678403141144e-01 7.258470699149557892e-02 -8.608803786616822662e-02 -8.149369595006047962e-02 3.349499704119607291e-02 8.678712004977889860e-02 1.364393531404371751e-02 -9.096722628966742719e-02 -8.447064460258232876e-02 7.823714873398075753e-02 3.075385557642817402e-01 4.466780493426565912e-01
4.604425619897224431e-01 3.225356667134112731e-01 7.519701687446805893e-02 -8.392687731531868478e-02 -8.354889479060931268e-02 1.398078704296185602e-02 7.909484744713250748e-02 3.058320850951420922e-02 -7.364064880072600239e-02 -8.402480052546046352e-02 6.500399421705210790e-02 3.064298012105985403e-01
3.225356667134112731e-01 4.291130085835547225e-01 2.944806314243039180e-01 9.633890062900034301e-02 -6.114797964024881738e-02 -8.798113235011034705e-02 4.131669502573933131e-03 7.920761865586810335e-02 3.915027336503910937e-02 -7.306091793423583058e-02 -1.014414880156614546e-01 5.839848140780544428e-02
7.519701687446805893e-02 2.944806314243039180e-01 3.746148723689661786e-01 3.032469843264835596e-01 1.045849107165051639e-01 -6.700384021415953240e-02 -8.894811903930810448e-02 6.755347108870016389e-03 8.072191626721361701e-02 2.994761762360060794e-02 -7.557670521057030522e-02 -8.680958241120997898e-02
-8.392687731531868478e-02 9.633890062900034301e-02 3.032469843264835596e-01 4.140844443632130667e-01 3.033258248546495950e-01 8.924171342328687806e-02 -7.942884917816306345e-02 -8.582496036694847730e-02 1.874790959770707144e-02 8.249016277612344905e-02 2.842398378002377810e-02 -7.972291210622722835e-02
-8.354889479060931268e-02 -6.114797964024881738e-02 1.045849107165051639e-01 3.033258248546495950e-01 3.850472643057992195e-01 2.999961378471750484e-01 8.733104982857678444e-02 -7.397908774555264633e-02 -8.120837362146607341e-02 2.104517881845998153e-02 8.130561665205776611e-02 2.010958097251132337e-02
1.398078704296185602e-02 -8.798113235011034705e-02 -6.700384021415953240e-02 8.924171342328687806e-02 2.999961378471750484e-01 4.287281208998091619e-01 3.155983140506271600e-01 8.268006172832600975e-02 -8.853542943178027702e-02 -8.057914958998951827e-02 2.527761752168344866e-02 8.130461745753195246e-02
7.909484744713250748e-02 4.131669502573933131e-03 -8.894811903930810448e-02 -7.942884917816306345e-02 8.733104982857678444e-02 3.155983140506271600e-01 4.117628084399876376e-01 2.979973995093522232e-01 7.832040001826529041e-02 -7.935653336617207176e-02 -8.013666403804328708e-02 2.200488003922785110e-02
3.058320850951420922e-02 7.920761865586810335e-02 6.755347108870016389e-03 -8.582496036694847730e-02 -7.397908774555264633e-02 8.268006172832600975e-02 2.979973995093522232e-01 4.104938818989542493e-01 3.152607427843464039e-01 8.082254502238066241e-02 -8.613962985962184127e-02 -8.107263200607134346e-02
-7.364064880072600239e-02 3.915027336503910937e-02 8.072191626721361701e-02 1.874790959770707144e-02 -8.120837362146607341e-02 -8.853542943178027702e-02 7.832040001826529041e-02 3.152607427843464039e-01 4.397357146563068975e-01 3.054755059066089351e-01 7.675185221356214949e-02 -8.244323384507389052e-02
-8.402480052546046352e-02 -7.306091793423583058e-02 2.994761762360060794e-02 8.249016277612344905e-02 2.104517881845998153e-02 -8.057914958998951827e-02 -7.935653336617207176e-02 8.082254502238066241e-02 3.054755059066089351e-01 3.995134299662282396e-01 3.051533576115949553e-01 8.617324982177432258e-02
6.500399421705210790e-02 -1.014414880156614546e-01 -7.557670521057030522e-02 2.842398378002377810e-02 8.130561665205776611e-02 2.527761752168344866e-02 -8.013666403804328708e-02 -8.613962985962184127e-02 7.675185221356214949e-02 3.051533576115949553e-01 4.291197040220677827e-01 3.118459127216243743e-01
