1.554211803232695699e-01 1.402923767063349036e-01 1.080291364433400014e-01 7.384705122009142808e-02 4.844959815241478562e-02 2.597835793600117987e-02 6.033588554747083442e-04 -2.497347446885184175e-02 -5.209279400582911973e-02 -8.621938544128579518e-02 -1.112060112954267876e-01 -1.713991879166802956e-01
1.402923767063349036e-01 1.739306866035067733e-01 1.564613765658875444e-01 1.156879371246869181e-01 8.402474307146376442e-02 6.176361169207500446e-02 3.789279523796948435e-02 7.613308837164441990e-03 -2.392825027826544354e-02 -5.834969485638517167e-02 -8.031593032644582242e-02 -1.257769998105879861e-01
1.080291364433400014e-01 1.564613765658875444e-01 1.740916509360030950e-01 1.449057573780779540e-01 1.132652699424614579e-01 8.942557197657360901e-02 6.714276334176173811e-02 3.839936326236023656e-02 9.709667854459817088e-03 -2.103609650412613385e-02 -4.803963230986231514e-02 -8.591272818133718903e-02
7.384705122009142808e-02 1.156879371246869181e-01 1.449057573780779540e-01 1.493122208570676901e-01 1.353315498496679425e-01 1.150518492505102908e-01 8.981313000319557371e-02 6.074406750576481773e-02 3.744418658345721740e-02 1.497126985796776166e-02 -1.626745990375486409e-02 -5.159236907957216733e-02
4.844959815241478562e-02 8.402474307146376442e-02 1.132652699424614579e-01 1.353315498496679425e-01 1.567753080841932378e-01 1.524542353707866449e-01 1.219635201107642508e-01 8.358473240157596185e-02 5.941066884653455060e-02 4.297372206139091211e-02 1.069743610996477280e-02 -2.263768672998706447e-02
2.597835793600117987e-02 6.176361169207500446e-02 8.942557197657360901e-02 1.150518492505102908e-01 1.524542353707866449e-01 1.842148050379770474e-01 1.601808970773573315e-01 1.110317190562203765e-01 8.091561482438019981e-02 6.636504795077763363e-02 3.478134636527580037e-02 6.569881905570928646e-03
6.033588554747083442e-04 3.789279523796948435e-02 6.714276334176173811e-02 8.981313000319557371e-02 1.219635201107642508e-01 1.601808970773573315e-01 1.673800978810963680e-01 1.281018342598886084e-01 1.008508225923257229e-01 8.916330000558263247e-02 5.653936631750246938e-02 3.518731415454891265e-02
-2.497347446885184175e-02 7.613308837164441990e-03 3.839936326236023656e-02 6.074406750576481773e-02 8.358473240157596185e-02 1.110317190562203765e-01 1.281018342598886084e-01 1.202806555978067071e-01 1.115405086052252692e-01 1.100954600964397512e-01 7.521986598104279942e-02 5.798267318377086504e-02
-5.209279400582911973e-02 -2.392825027826544354e-02 9.709667854459817088e-03 3.744418658345721740e-02 5.941066884653455060e-02 8.091561482438019981e-02 1.008508225923257229e-01 1.115405086052252692e-01 1.282339480366936346e-01 1.441602784499646517e-01 1.043407093943662517e-01 8.622708831623937531e-02
-8.621938544128579518e-02 -5.834969485638517167e-02 -2.103609650412613385e-02 1.497126985796776166e-02 4.297372206139091211e-02 6.636504795077763363e-02 8.916330000558263247e-02 1.100954600964397512e-01 1.441602784499646517e-01 1.887710374149852988e-01 1.492442150595079675e-01 1.311626425078980529e-01
-1.112060112954267876e-01 -8.031593032644582242e-02 -4.803963230986231514e-02 -1.626745990375486409e-02 1.069743610996477280e-02 3.478134636527580037e-02 5.653936631750246938e-02 7.521986598104279942e-02 1.043407093943662517e-01 1.492442150595079675e-01 1.549350358406525463e-01 1.678107042235983948e-01
-1.713991879166802956e-01 -1.257769998105879861e-01 -8.591272818133718903e-02 -5.159236907957216733e-02 -2.263768672998706447e-02 6.569881905570928646e-03 3.518731415454891265e-02 5.798267318377086504e-02 8.622708831623937531e-02 1.311626425078980529e-01 1.678107042235983948e-01 2.466533733867496969e-01
1.885496959839954023e-01 1.452337344501936078e-01 1.196574270705340337e-01 8.494134837570067875e-02 6.516255743715890225e-02 3.052325502163516155e-02 -6.851890830825363606e-03 -4.120468654980560808e-02 -6.835100395972909526e-02 -9.067579186427071614e-02 -1.042444335753310580e-01 -1.628497687099979552e-01
1.452337344501936078e-01 1.385027746730821407e-01 1.310747549036762882e-01 9.915727841294055822e-02 8.177724669329558549e-02 5.073840008838301913e-02 1.850491766893683915e-02 -1.565197125186893259e-02 -4.601121332097572042e-02 -6.692071836762240877e-02 -7.629255710821350456e-02 -1.176441370947150095e-01
1.196574270705340337e-01 1.310747549036762882e-01 1.515716879436462272e-01 1.280011598712468279e-01 1.157940613617292058e-01 8.098687165116076614e-02 4.734563608129987999e-02 1.099013177945613526e-02 -2.732266031475847831e-02 -5.342472145584065135e-02 -6.315860558501840138e-02 -9.514156769013119852e-02
8.494134837570067875e-02 9.915727841294055822e-02 1.280011598712468279e-01 1.313118324364605516e-01 1.410041509233790347e-01 1.104705111584767807e-01 7.456809044416030929e-02 4.228064775691534050e-02 4.885403599178229569e-03 -2.423642963639583217e-02 -4.002020900736573406e-02 -6.625499697760561801e-02
6.516255743715890225e-02 8.177724669329558549e-02 1.157940613617292058e-01 1.410041509233790347e-01 1.952159160565181129e-01 1.771403400961652497e-01 1.268478855273282302e-01 8.793468378266769414e-02 4.750153605561416997e-02 1.235591150860783360e-02 -1.582545762693410643e-02 -4.462578868960817569e-02
3.052325502163516155e-02 5.073840008838301913e-02 8.098687165116076614e-02 1.104705111584767807e-01 1.771403400961652497e-01 2.183571664217359709e-01 1.785414288800406257e-01 1.298189380301071338e-01 8.601494247378277391e-02 5.217201196248185541e-02 1.800083804223120976e-02 -7.060882781335819057e-03
-6.851890830825363606e-03 1.850491766893683915e-02 4.734563608129987999e-02 7.456809044416030929e-02 1.268478855273282302e-01 1.785414288800406257e-01 2.072293643442790212e-01 1.746696988408661666e-01 1.212866282593863254e-01 8.302651643877345666e-02 4.591175819298511096e-02 2.906843064192593182e-02
-4.120468654980560808e-02 -1.565197125186893259e-02 1.099013177945613526e-02 4.228064775691534050e-02 8.793468378266769414e-02 1.298189380301071338e-01 1.746696988408661666e-01 2.053019079811101710e-01 1.628434383515429129e-01 1.182603008637080760e-01 7.199264786331791011e-02 5.952592752073056909e-02
-6.835100395972909526e-02 -4.601121332097572042e-02 -2.732266031475847831e-02 4.885403599178229569e-03 4.750153605561416997e-02 8.601494247378277391e-02 1.212866282593863254e-01 1.628434383515429129e-01 1.680362434196682464e-01 1.393136095070606206e-01 9.224595103070057367e-02 8.418628034175823505e-02
-9.067579186427071614e-02 -6.692071836762240877e-02 -5.342472145584065135e-02 -2.423642963639583217e-02 1.235591150860783360e-02 5.217201196248185541e-02 8.302651643877345666e-02 1.182603008637080760e-01 1.393136095070606206e-01 1.383341063956189110e-01 1.034428446018318820e-01 1.052245679833294228e-01
-1.042444335753310580e-01 -7.629255710821350456e-02 -6.315860558501840138e-02 -4.002020900736573406e-02 -1.582545762693410643e-02 1.800083804223120976e-02 4.591175819298511096e-02 7.199264786331791011e-02 9.224595103070057367e-02 1.034428446018318820e-01 9.417768011959307128e-02 1.130483147611191508e-01
-1.628497687099979552e-01 -1.176441370947150095e-01 -9.514156769013119852e-02 -6.625499697760561801e-02 -4.462578868960817569e-02 -7.060882781335819057e-03 2.906843064192593182e-02 5.952592752073056909e-02 8.418628034175823505e-02 1.052245679833294228e-01 1.130483147611191508e-01 1.634116242242940609e-01
1.320517324860823183e-01 1.184611222995214375e-01 1.040738425171979370e-01 7.521381099762819433e-02 6.119769725212111794e-02 3.257513239106927388e-02 1.686405200635669732e-02 -1.109356959779300364e-02 -4.538809723096610960e-02 -7.908646657973698868e-02 -1.136007636814970467e-01 -1.564325688474910991e-01
1.184611222995214375e-01 1.394063953468919759e-01 1.433132167499782950e-01 1.107112190815730812e-01 9.342212792855715542e-02 5.768426370964784000e-02 5.062552353005463079e-02 2.475081287733569071e-02 -1.054882680539625042e-02 -4.624410788006026035e-02 -7.608667826623688457e-02 -1.128173754087983399e-01
1.040738425171979370e-01 1.433132167499782950e-01 1.777456724111396991e-01 1.511427632186185532e-01 1.309130008178069626e-01 8.097381648155548006e-02 7.631102710495382691e-02 5.253659989115622153e-02 1.985906109505285871e-02 -1.644701623488321884e-02 -4.928809928786170858e-02 -8.514266377429494104e-02
7.521381099762819433e-02 1.107112190815730812e-01 1.511427632186185532e-01 1.610594161897982990e-01 1.566420430057306745e-01 9.681028411514265575e-02 9.074676345681820244e-02 6.789637842919798993e-02 4.185223618759154052e-02 1.291502062027680663e-02 -1.939710171183002888e-02 -5.475803187217354040e-02
6.119769725212111794e-02 9.342212792855715542e-02 1.309130008178069626e-01 1.566420430057306745e-01 1.836595109552361105e-01 1.206462781779328308e-01 1.180764054264055313e-01 9.140121512642032653e-02 6.420442397014100577e-02 3.738187020355325518e-02 3.866762800191218125e-03 -3.634363973356243005e-02
3.257513239106927388e-02 5.768426370964784000e-02 8.097381648155548006e-02 9.681028411514265575e-02 1.206462781779328308e-01 9.445607240931214177e-02 1.079489610354621709e-01 9.081551316628040660e-02 6.858542404824378991e-02 4.714193987999799884e-02 2.280405325742718842e-02 -7.230530997174609148e-03
1.686405200635669732e-02 5.062552353005463079e-02 7.631102710495382691e-02 9.074676345681820244e-02 1.180764054264055313e-01 1.079489610354621709e-01 1.485844459268234607e-01 1.380828369329532845e-01 1.122603815413874551e-01 8.389809977613846281e-02 5.484749550967132903e-02 2.218077212726372871e-02
-1.109356959779300364e-02 2.475081287733569071e-02 5.253659989115622153e-02 6.789637842919798993e-02 9.140121512642032653e-02 9.081551316628040660e-02 1.380828369329532845e-01 1.503067454367081612e-01 1.394397653486423305e-01 1.146473831461189696e-01 8.289915596195038261e-02 5.413323028505674650e-02
-4.538809723096610960e-02 -1.054882680539625042e-02 1.985906109505285871e-02 4.185223618759154052e-02 6.420442397014100577e-02 6.858542404824378991e-02 1.122603815413874551e-01 1.394397653486423305e-01 1.637264093721713387e-01 1.574660116806481103e-01 1.220618816273375262e-01 9.121500120245661092e-02
-7.908646657973698868e-02 -4.624410788006026035e-02 -1.644701623488321884e-02 1.291502062027680663e-02 3.738187020355325518e-02 4.714193987999799884e-02 8.389809977613846281e-02 1.146473831461189696e-01 1.574660116806481103e-01 1.953262643986362068e-01 1.723303293528491154e-01 1.339149384105757234e-01
-1.136007636814970467e-01 -7.608667826623688457e-02 -4.928809928786170858e-02 -1.939710171183002888e-02 3.866762800191218125e-03 2.280405325742718842e-02 5.484749550967132903e-02 8.289915596195038261e-02 1.220618816273375262e-01 1.723303293528491154e-01 2.119653763016322023e-01 1.902481008043663824e-01
-1.564325688474910991e-01 -1.128173754087983399e-01 -8.514266377429494104e-02 -5.475803187217354040e-02 -3.634363973356243005e-02 -7.230530997174609148e-03 2.218077212726372871e-02 5.413323028505674650e-02 9.121500120245661092e-02 1.339149384105757234e-01 1.902481008043663824e-01 2.417119587655680579e-01
9.477454500988724551e-02 8.443344144617341562e-02 1.018433571654844272e-01 6.985816477481945896e-02 5.544430569993324259e-02 3.041521900854369728e-02 -3.271742395554530329e-03 -3.654937128953630876e-02 -5.642400608619021346e-02 -7.851463773668787560e-02 -9.232158408159713003e-02 -1.214524694730848148e-01
8.443344144617341562e-02 1.013780062364596918e-01 1.487046933342300870e-01 1.008705651662100133e-01 7.798195303837249237e-02 5.361364076680590757e-02 2.377723019348048847e-02 -6.931982689336511211e-03 -3.105356803874039992e-02 -5.091466586237849978e-02 -6.372967062430351382e-02 -9.035449634450629097e-02
1.018433571654844272e-01 1.487046933342300870e-01 2.567744189207600281e-01 1.757444177058001267e-01 1.312019751509752585e-01 9.467921130707167288e-02 5.851262257862677868e-02 2.247091170547822411e-02 -1.413612750712080202e-02 -4.190410700545699890e-02 -6.007814283964271751e-02 -9.295759942511577778e-02
6.985816477481945896e-02 1.008705651662100133e-01 1.757444177058001267e-01 1.542114667004593209e-01 1.414632089827756456e-01 1.102220341287797611e-01 7.448904349719658036e-02 4.535888088468610635e-02 1.437097115414773425e-02 -1.165393110432856941e-02 -3.408539409473072129e-02 -6.235126503461737441e-02
5.544430569993324259e-02 7.798195303837249237e-02 1.312019751509752585e-01 1.414632089827756456e-01 1.808489449920853698e-01 1.593687991662831038e-01 1.149769671286077349e-01 8.119350845615810885e-02 4.725398808527862815e-02 1.913462112400004730e-02 -1.300545106820309715e-02 -4.518490350291549246e-02
3.041521900854369728e-02 5.361364076680590757e-02 9.467921130707167288e-02 1.102220341287797611e-01 1.593687991662831038e-01 1.697007315668908889e-01 1.403393758612548614e-01 1.131389805393678144e-01 7.669849616516193069e-02 5.037078370473042216e-02 1.697636373784203526e-02 -1.129330254143193907e-02
-3.271742395554530329e-03 2.377723019348048847e-02 5.851262257862677868e-02 7.448904349719658036e-02 1.149769671286077349e-01 1.403393758612548614e-01 1.533609817683845855e-01 1.545992323570650750e-01 1.149991380120023443e-01 8.448944123003525319e-02 5.077951298022480298e-02 3.175251508835066211e-02
-3.654937128953630876e-02 -6.931982689336511211e-03 2.247091170547822411e-02 4.535888088468610635e-02 8.119350845615810885e-02 1.131389805393678144e-01 1.545992323570650750e-01 2.106582674764935215e-01 1.750411214765721368e-01 1.314753389283618845e-01 8.673797800030913496e-02 7.288759378017710400e-02
-5.642400608619021346e-02 -3.105356803874039992e-02 -1.413612750712080202e-02 1.437097115414773425e-02 4.725398808527862815e-02 7.669849616516193069e-02 1.149991380120023443e-01 1.750411214765721368e-01 1.890220224019176776e-01 1.603009362878606847e-01 1.088219219508574920e-01 9.519907313127576320e-02
-7.851463773668787560e-02 -5.091466586237849978e-02 -4.190410700545699890e-02 -1.165393110432856941e-02 1.913462112400004730e-02 5.037078370473042216e-02 8.448944123003525319e-02 1.314753389283618845e-01 1.603009362878606847e-01 1.774299912999783291e-01 1.364953879300397910e-01 1.274594837403233982e-01
-9.232158408159713003e-02 -6.372967062430351382e-02 -6.007814283964271751e-02 -3.408539409473072129e-02 -1.300545106820309715e-02 1.697636373784203526e-02 5.077951298022480298e-02 8.673797800030913496e-02 1.088219219508574920e-01 1.364953879300397910e-01 1.339994740487403524e-01 1.435918357450214899e-01
-1.214524694730848148e-01 -9.035449634450629097e-02 -9.295759942511577778e-02 -6.235126503461737441e-02 -4.518490350291549246e-02 -1.129330254143193907e-02 3.175251508835066211e-02 7.288759378017710400e-02 9.519907313127576320e-02 1.274594837403233982e-01 1.435918357450214899e-01 1.778411495779421148e-01
1.843532828818927050e-01 1.796847526092243408e-01 1.153183854826709265e-01 9.443466526540736372e-02 5.942374331380486513e-02 2.936395278675979492e-02 1.713813423001535070e-03 -2.141190747501340794e-02 -4.362660807874665925e-02 -7.965017886472713915e-02 -9.838025672910868935e-02 -1.464155765264177345e-01
1.796847526092243408e-01 2.252013007825418578e-01 1.562151690478882360e-01 1.310736991438585242e-01 8.748108671783497159e-02 5.788629352811829054e-02 3.667279327274176187e-02 9.156562838888481284e-03 -1.777904465196632547e-02 -5.251178294896526044e-02 -7.715381449782154899e-02 -1.264868542057095702e-01
1.153183854826709265e-01 1.562151690478882360e-01 1.480661591418483969e-01 1.485325478432508173e-01 1.036439296524165471e-01 7.303874899554414768e-02 5.632689063401362384e-02 3.214412569418137466e-02 9.609242333745259337e-03 -1.659408921542736975e-02 -4.434278445372467903e-02 -8.110992937005051528e-02
9.443466526540736372e-02 1.310736991438585242e-01 1.485325478432508173e-01 1.830336489850887816e-01 1.374010614512845563e-01 1.033263168526063758e-01 8.657268649726590493e-02 5.803627050698001444e-02 3.504424665930299526e-02 1.349111842483029927e-02 -2.471980344365817123e-02 -6.441209622711195626e-02
5.942374331380486513e-02 8.748108671783497159e-02 1.036439296524165471e-01 1.374010614512845563e-01 1.212504188461518695e-01 1.083835275743543769e-01 1.046690250336024253e-01 7.422317045262277757e-02 5.073751768244219584e-02 3.770309222726599130e-02 2.187218291028502400e-03 -3.198403682483828142e-02
2.936395278675979492e-02 5.788629352811829054e-02 7.303874899554414768e-02 1.033263168526063758e-01 1.083835275743543769e-01 1.279329378707641518e-01 1.471200994966185560e-01 1.087639592613852124e-01 7.584985731617581439e-02 6.555364439031841073e-02 3.075623048162149514e-02 5.819797748992802059e-04
1.713813423001535070e-03 3.667279327274176187e-02 5.632689063401362384e-02 8.657268649726590493e-02 1.046690250336024253e-01 1.471200994966185560e-01 2.001363294675413962e-01 1.561174719162338187e-01 1.109515619295669275e-01 9.957408331291273118e-02 6.061491221602718221e-02 3.253349592385860328e-02
-2.141190747501340794e-02 9.156562838888481284e-03 3.214412569418137466e-02 5.803627050698001444e-02 7.422317045262277757e-02 1.087639592613852124e-01 1.561174719162338187e-01 1.412751745380277091e-01 1.159985511624587601e-01 1.166416201996230834e-01 7.412309629292482271e-02 4.962816626759902761e-02
-4.362660807874665925e-02 -1.777904465196632547e-02 9.609242333745259337e-03 3.504424665930299526e-02 5.073751768244219584e-02 7.584985731617581439e-02 1.109515619295669275e-01 1.159985511624587601e-01 1.310717830758830194e-01 1.630163945913410684e-01 1.032689419850692514e-01 7.104029625977531515e-02
-7.965017886472713915e-02 -5.251178294896526044e-02 -1.659408921542736975e-02 1.349111842483029927e-02 3.770309222726599130e-02 6.555364439031841073e-02 9.957408331291273118e-02 1.166416201996230834e-01 1.630163945913410684e-01 2.541217184223472647e-01 1.661737933078767382e-01 1.164115425772799806e-01
-9.838025672910868935e-02 -7.715381449782154899e-02 -4.434278445372467903e-02 -2.471980344365817123e-02 2.187218291028502400e-03 3.075623048162149514e-02 6.061491221602718221e-02 7.412309629292482271e-02 1.032689419850692514e-01 1.661737933078767382e-01 1.364240984210303154e-01 1.201194026441587265e-01
-1.464155765264177345e-01 -1.264868542057095702e-01 -8.110992937005051528e-02 -6.441209622711195626e-02 -3.198403682483828142e-02 5.819797748992802059e-04 3.253349592385860328e-02 4.962816626759902761e-02 7.104029625977531515e-02 1.164115425772799806e-01 1.201194026441587265e-01 1.471331475668820610e-01
1.656259347264484871e-01 1.448407375033149425e-01 1.243492693110061775e-01 8.288927150953442902e-02 5.858595434305963190e-02 3.341442754585292885e-02 4.807765376589176812e-03 -2.556100444889814610e-02 -5.514879297580613238e-02 -7.973973814780539737e-02 -1.194545599479102382e-01 -1.498656537460074378e-01
1.448407375033149425e-01 1.677953633853890014e-01 1.685487644083561443e-01 1.140609116796463540e-01 8.358761148551868692e-02 5.946718446322619978e-02 3.571632682179427809e-02 6.790180100480242877e-03 -2.248691694794265755e-02 -4.898709288118154037e-02 -8.241731424141249263e-02 -1.123636440868707037e-01
1.243492693110061775e-01 1.685487644083561443e-01 2.162252481954815009e-01 1.568362261976870287e-01 1.179282866534639984e-01 8.857276977797565176e-02 6.544144172937559067e-02 3.823972328432267975e-02 1.054394350978638852e-02 -2.212005424818954541e-02 -5.826492683003326595e-02 -8.866716891355461150e-02
8.288927150953442902e-02 1.140609116796463540e-01 1.568362261976870287e-01 1.424522608079797914e-01 1.256046203218636192e-01 1.035455847368189075e-01 8.229912283159594721e-02 5.744079417702190049e-02 3.702716715825556115e-02 8.503829951461863365e-03 -2.427242041756489874e-02 -5.461556606505173217e-02
5.858595434305963190e-02 8.358761148551868692e-02 1.179282866534639984e-01 1.256046203218636192e-01 1.400081674559849332e-01 1.317659794355463543e-01 1.126007514358973866e-01 8.323810198324887999e-02 6.324774388541809511e-02 3.642319639024725608e-02 6.121252585674165185e-03 -2.862023653729474024e-02
3.341442754585292885e-02 5.946718446322619978e-02 8.857276977797565176e-02 1.035455847368189075e-01 1.317659794355463543e-01 1.475766872576603772e-01 1.405585870197379461e-01 1.101812821559929878e-01 8.789766814143093465e-02 6.051022502001493497e-02 3.499257133362418393e-02 -1.769045256620619191e-04
4.807765376589176812e-03 3.571632682179427809e-02 6.544144172937559067e-02 8.229912283159594721e-02 1.126007514358973866e-01 1.405585870197379461e-01 1.601818790788249458e-01 1.412740245473938505e-01 1.199205649001344048e-01 8.655999147567355889e-02 6.266033685559987965e-02 2.962688206739702568e-02
-2.556100444889814610e-02 6.790180100480242877e-03 3.823972328432267975e-02 5.744079417702190049e-02 8.323810198324887999e-02 1.101812821559929878e-01 1.412740245473938505e-01 1.568604890054340062e-01 1.529145433704414136e-01 1.147089591283623755e-01 8.751803181385713060e-02 5.630433308256448804e-02
-5.514879297580613238e-02 -2.248691694794265755e-02 1.054394350978638852e-02 3.702716715825556115e-02 6.324774388541809511e-02 8.789766814143093465e-02 1.199205649001344048e-01 1.529145433704414136e-01 1.859215961045493082e-01 1.537796650556797207e-01 1.228380572028678897e-01 8.581786060003174232e-02
-7.973973814780539737e-02 -4.898709288118154037e-02 -2.212005424818954541e-02 8.503829951461863365e-03 3.642319639024725608e-02 6.051022502001493497e-02 8.655999147567355889e-02 1.147089591283623755e-01 1.537796650556797207e-01 1.608605810471518960e-01 1.503693631946556031e-01 1.129432212336314995e-01
-1.194545599479102382e-01 -8.241731424141249263e-02 -5.826492683003326595e-02 -2.427242041756489874e-02 6.121252585674165185e-03 3.499257133362418393e-02 6.266033685559987965e-02 8.751803181385713060e-02 1.228380572028678897e-01 1.503693631946556031e-01 1.840517026837526771e-01 1.579902746072209818e-01
-1.498656537460074378e-01 -1.123636440868707037e-01 -8.866716891355461150e-02 -5.461556606505173217e-02 -2.862023653729474024e-02 -1.769045256620619191e-04 2.962688206739702568e-02 5.630433308256448804e-02 8.581786060003174232e-02 1.129432212336314995e-01 1.579902746072209818e-01 1.724400902513423817e-01
2.238047022334513914e-01 1.560952300757700584e-01 1.120187351326344671e-01 8.876899161920048797e-02 6.272051430646269354e-02 3.142376903989168441e-02 -6.012068350453621387e-04 -3.472532322492194456e-02 -6.916626342921294857e-02 -8.982221641930188127e-02 -1.235502864283267860e-01 -1.679011234586489931e-01
1.560952300757700584e-01 1.331403592827056781e-01 1.127269201888589922e-01 1.012421692010265217e-01 7.947661025210926711e-02 5.229625166217263116e-02 2.704488874614280336e-02 -3.665565516208880298e-03 -3.658841726745236389e-02 -5.812341032615760128e-02 -8.245954493508872440e-02 -1.114594645487547164e-01
1.120187351326344671e-01 1.127269201888589922e-01 1.229108783282266693e-01 1.305987160590874330e-01 1.124609884815280236e-01 8.009781069222071670e-02 5.508246408899497570e-02 2.612714600276131588e-02 -6.929856696838840834e-03 -3.453551404881968767e-02 -5.804230669945885379e-02 -7.868416566809463553e-02
8.876899161920048797e-02 1.012421692010265217e-01 1.305987160590874330e-01 1.690030853662378152e-01 1.630078485139226374e-01 1.207641408051897958e-01 8.811775377606040349e-02 5.780975748140912418e-02 2.558296021314300853e-02 -9.163961839637781159e-03 -3.733414228611846297e-02 -5.912622264307025588e-02
6.272051430646269354e-02 7.947661025210926711e-02 1.124609884815280236e-01 1.630078485139226374e-01 1.960417814119243540e-01 1.630755589184728627e-01 1.235260699220560726e-01 8.801244737823452069e-02 5.889571575510445245e-02 2.327219518280978366e-02 -6.235234432550750515e-03 -3.271944100700947822e-02
3.142376903989168441e-02 5.229625166217263116e-02 8.009781069222071670e-02 1.207641408051897958e-01 1.630755589184728627e-01 1.810724954795800978e-01 1.578415956679711518e-01 1.182372226293229300e-01 8.727771027150182936e-02 5.235150349505995893e-02 2.664559901903683359e-02 -8.881266375889997587e-04
-6.012068350453621387e-04 2.704488874614280336e-02 5.508246408899497570e-02 8.811775377606040349e-02 1.235260699220560726e-01 1.578415956679711518e-01 1.772413506191382049e-01 1.509209085400447792e-01 1.196399978894297500e-01 7.883057630344197930e-02 5.392169012027812902e-02 2.807173151466072630e-02
-3.472532322492194456e-02 -3.665565516208880298e-03 2.612714600276131588e-02 5.780975748140912418e-02 8.801244737823452069e-02 1.182372226293229300e-01 1.509209085400447792e-01 1.663343767299628739e-01 1.548159090967543006e-01 1.093401395219511657e-01 8.098139857575026301e-02 5.521642465559199742e-02
-6.916626342921294857e-02 -3.658841726745236389e-02 -6.929856696838840834e-03 2.558296021314300853e-02 5.889571575510445245e-02 8.727771027150182936e-02 1.196399978894297500e-01 1.548159090967543006e-01 1.852464645655551023e-01 1.471117922129025479e-01 1.168065652255195624e-01 8.625999664794936628e-02
-8.982221641930188127e-02 -5.812341032615760128e-02 -3.453551404881968767e-02 -9.163961839637781159e-03 2.327219518280978366e-02 5.235150349505995893e-02 7.883057630344197930e-02 1.093401395219511657e-01 1.471117922129025479e-01 1.432511518218131386e-01 1.302079137226087313e-01 1.044158789432904078e-01
-1.235502864283267860e-01 -8.245954493508872440e-02 -5.804230669945885379e-02 -3.733414228611846297e-02 -6.235234432550750515e-03 2.664559901903683359e-02 5.392169012027812902e-02 8.098139857575026301e-02 1.168065652255195624e-01 1.302079137226087313e-01 1.449321090494177233e-01 1.333758451353065089e-01
-1.679011234586489931e-01 -1.114594645487547164e-01 -7.868416566809463553e-02 -5.912622264307025588e-02 -3.271944100700947822e-02 -8.881266375889997587e-04 2.807173151466072630e-02 5.521642465559199742e-02 8.625999664794936628e-02 1.044158789432904078e-01 1.333758451353065089e-01 1.570212451119873953e-01
1.697611653422379796e-01 1.364602891804236051e-01 1.029289458953118047e-01 9.145325294717321363e-02 5.651282988886527359e-02 2.988756057285524292e-02 -3.060329261766071580e-03 -3.928393697221385650e-02 -6.551928878578516802e-02 -7.376587727888389567e-02 -1.242411951254311087e-01 -1.591941808888163723e-01
1.364602891804236051e-01 1.363368534909618068e-01 1.196721251224780180e-01 1.184675752299404472e-01 8.008081524665422446e-02 5.632697474295390860e-02 2.284480538223171431e-02 -1.046492993316308628e-02 -3.945402263542023558e-02 -5.049816395691328341e-02 -8.645982965356971417e-02 -1.134873115908323626e-01
1.029289458953118047e-01 1.196721251224780180e-01 1.323531628145206418e-01 1.539595294589718444e-01 1.091198247780658104e-01 8.127537177836480220e-02 4.670942011947524369e-02 1.991701168909638595e-02 -9.992091749557530447e-03 -2.876290524007787258e-02 -5.817158534282001331e-02 -7.924237096712152817e-02
9.145325294717321363e-02 1.184675752299404472e-01 1.539595294589718444e-01 2.221451258813847973e-01 1.709508689773373280e-01 1.305934545971965399e-01 8.263320410672722605e-02 5.720497260392101713e-02 2.393895607881588519e-02 -8.083774961579052662e-03 -3.995347404207674064e-02 -6.442350610285162149e-02
5.651282988886527359e-02 8.008081524665422446e-02 1.091198247780658104e-01 1.709508689773373280e-01 1.781256947321515904e-01 1.612669611190321317e-01 1.077626438309040591e-01 8.357454284612073070e-02 5.501757292603032951e-02 2.065613560851024821e-02 -2.352288589520475960e-03 -2.853687398042452708e-02
2.988756057285524292e-02 5.632697474295390860e-02 8.127537177836480220e-02 1.305934545971965399e-01 1.612669611190321317e-01 1.894837326908183350e-01 1.410098474068126051e-01 1.195459186917909727e-01 8.792145092821408714e-02 4.717713565257618952e-02 3.155219511512916825e-02 3.581366343645978750e-03
-3.060329261766071580e-03 2.284480538223171431e-02 4.670942011947524369e-02 8.263320410672722605e-02 1.077626438309040591e-01 1.410098474068126051e-01 1.350915060031284420e-01 1.429980628617890104e-01 1.142132215845143572e-01 6.426853222788005138e-02 5.282953463380419407e-02 3.096322122433364105e-02
-3.928393697221385650e-02 -1.046492993316308628e-02 1.991701168909638595e-02 5.720497260392101713e-02 8.357454284612073070e-02 1.195459186917909727e-01 1.429980628617890104e-01 2.048650684134547539e-01 1.812162972129186533e-01 1.026223854719426065e-01 8.770316333924600694e-02 6.504828404572582379e-02
-6.551928878578516802e-02 -3.945402263542023558e-02 -9.992091749557530447e-03 2.393895607881588519e-02 5.501757292603032951e-02 8.792145092821408714e-02 1.142132215845143572e-01 1.812162972129186533e-01 1.927929750751352644e-01 1.190154736599546709e-01 1.110335827832652500e-01 8.894523822180666617e-02
-7.376587727888389567e-02 -5.049816395691328341e-02 -2.876290524007787258e-02 -8.083774961579052662e-03 2.065613560851024821e-02 4.717713565257618952e-02 6.426853222788005138e-02 1.026223854719426065e-01 1.190154736599546709e-01 9.272642440023956545e-02 1.080249358390037717e-01 9.609398360012785800e-02
-1.242411951254311087e-01 -8.645982965356971417e-02 -5.817158534282001331e-02 -3.995347404207674064e-02 -2.352288589520475960e-03 3.155219511512916825e-02 5.282953463380419407e-02 8.770316333924600694e-02 1.110335827832652500e-01 1.080249358390037717e-01 1.603945835313009827e-01 1.584399977166812967e-01
-1.591941808888163723e-01 -1.134873115908323626e-01 -7.924237096712152817e-02 -6.442350610285162149e-02 -2.853687398042452708e-02 3.581366343645978750e-03 3.096322122433364105e-02 6.504828404572582379e-02 8.894523822180666617e-02 9.609398360012785800e-02 1.584399977166812967e-01 1.859237076246673115e-01
1.612246411638922350e-01 1.448702097539572020e-01 9.644118759555947440e-02 7.857995070665674264e-02 5.345767910550693752e-02 2.749772248272623273e-02 7.622634462678877509e-03 -2.289325936123220301e-02 -5.396143372729218790e-02 -8.972178385082182905e-02 -1.234881545369862776e-01 -1.552648147055423478e-01
1.448702097539572020e-01 1.546703463008129997e-01 1.176301206255980503e-01 1.107212683042452794e-01 8.226755303392807583e-02 5.193415482445434828e-02 3.940658863207513463e-02 6.795361323692386893e-03 -2.896655899891646332e-02 -6.462539584874946175e-02 -9.358835335493129182e-02 -1.234689177481014949e-01
9.644118759555947440e-02 1.176301206255980503e-01 1.170645120203565870e-01 1.390675168067867784e-01 1.100486580884071780e-01 7.028345043707540096e-02 6.141689661969989417e-02 3.461498107171243760e-02 3.688297887856890975e-03 -2.617596881295115863e-02 -5.254805268335067253e-02 -7.600659468241940941e-02
7.857995070665674264e-02 1.107212683042452794e-01 1.390675168067867784e-01 2.110051807880344854e-01 1.780621806632980975e-01 1.120549105787145144e-01 9.884831613115234450e-02 6.912749006770287086e-02 3.673892675408708952e-02 6.894220081481632588e-03 -2.563871883672664068e-02 -5.431568553036469904e-02
5.345767910550693752e-02 8.226755303392807583e-02 1.100486580884071780e-01 1.780621806632980975e-01 1.768175696927731799e-01 1.228908974583461100e-01 1.171813194661723706e-01 8.596453261397229983e-02 5.480807082148038412e-02 3.122172187698912804e-02 2.366072695778096042e-03 -2.816382108179388624e-02
2.749772248272623273e-02 5.193415482445434828e-02 7.028345043707540096e-02 1.120549105787145144e-01 1.228908974583461100e-01 1.141164182822749229e-01 1.355023077682979415e-01 1.044052651483962091e-01 6.862736773649029398e-02 4.704773498614067684e-02 2.479448351204279616e-02 -1.991020550124861059e-03
7.622634462678877509e-03 3.940658863207513463e-02 6.141689661969989417e-02 9.884831613115234450e-02 1.171813194661723706e-01 1.355023077682979415e-01 2.014956816181853738e-01 1.653364542332279863e-01 1.116190995724626045e-01 8.172566844659634455e-02 5.639726271522362694e-02 2.610798483752798868e-02
-2.289325936123220301e-02 6.795361323692386893e-03 3.461498107171243760e-02 6.912749006770287086e-02 8.596453261397229983e-02 1.044052651483962091e-01 1.653364542332279863e-01 1.571405562604977768e-01 1.205491602606888202e-01 1.010990697260533422e-01 7.971809256304124292e-02 5.266605581537834452e-02
-5.396143372729218790e-02 -2.896655899891646332e-02 3.688297887856890975e-03 3.673892675408708952e-02 5.480807082148038412e-02 6.862736773649029398e-02 1.116190995724626045e-01 1.205491602606888202e-01 1.200302062023386324e-01 1.258907456418338067e-01 1.126305194581457003e-01 8.181699333248654282e-02
-8.972178385082182905e-02 -6.462539584874946175e-02 -2.617596881295115863e-02 6.894220081481632588e-03 3.122172187698912804e-02 4.704773498614067684e-02 8.172566844659634455e-02 1.010990697260533422e-01 1.258907456418338067e-01 1.708479664694572131e-01 1.736509560557243925e-01 1.277256666719473743e-01
-1.234881545369862776e-01 -9.358835335493129182e-02 -5.254805268335067253e-02 -2.563871883672664068e-02 2.366072695778096042e-03 2.479448351204279616e-02 5.639726271522362694e-02 7.971809256304124292e-02 1.126305194581457003e-01 1.736509560557243925e-01 2.216660692028712687e-01 1.764813587781180193e-01
-1.552648147055423478e-01 -1.234689177481014949e-01 -7.600659468241940941e-02 -5.431568553036469904e-02 -2.816382108179388624e-02 -1.991020550124861059e-03 2.610798483752798868e-02 5.266605581537834452e-02 8.181699333248654282e-02 1.277256666719473743e-01 1.764813587781180193e-01 1.939208519985063939e-01
2.249534927974843057e-01 1.812772752840542401e-01 1.300188976582794809e-01 8.755392349538348995e-02 6.179306914508862769e-02 3.271255037602716770e-02 2.074720299193636396e-03 -2.681444475146683992e-02 -4.896207887464728431e-02 -8.872033542784560356e-02 -1.132493246485435645e-01 -1.624452624940306289e-01
1.812772752840542401e-01 1.960320591552162928e-01 1.588973905120759367e-01 1.112084758246788818e-01 8.441979415289768696e-02 5.745924163673784418e-02 3.084634156416388856e-02 7.124479048100451108e-03 -2.151974575537438789e-02 -5.851622037629369139e-02 -8.212537539709902079e-02 -1.216886593374191250e-01
1.300188976582794809e-01 1.588973905120759367e-01 1.678629030895968377e-01 1.335316259811830109e-01 1.107714308691580829e-01 8.280552331972849955e-02 5.631372166497962406e-02 3.802961552365211745e-02 6.169693997064360294e-03 -2.825517887607377487e-02 -5.573006777695341946e-02 -8.817018472808429985e-02
8.755392349538348995e-02 1.112084758246788818e-01 1.335316259811830109e-01 1.306741612555794296e-01 1.255023146831089065e-01 1.035490294812305423e-01 7.704799025623360054e-02 6.218739213720297920e-02 3.245096634300941030e-02 7.581270587471166528e-03 -2.332172480723799374e-02 -5.528070634177597448e-02
6.179306914508862769e-02 8.441979415289768696e-02 1.107714308691580829e-01 1.255023146831089065e-01 1.456270772496879307e-01 1.358601555585967069e-01 1.093687199718892944e-01 9.361768232197764661e-02 6.023389420285037155e-02 4.290110517900222464e-02 7.815328387646789526e-03 -2.825898523598801421e-02
3.271255037602716770e-02 5.745924163673784418e-02 8.280552331972849955e-02 1.035490294812305423e-01 1.358601555585967069e-01 1.526718496946007919e-01 1.398661966256732891e-01 1.268235322291893785e-01 8.382730611150207567e-02 7.000297938530386510e-02 3.558176052943022583e-02 9.504834414581918474e-04
2.074720299193636396e-03 3.084634156416388856e-02 5.631372166497962406e-02 7.704799025623360054e-02 1.093687199718892944e-01 1.398661966256732891e-01 1.625895488205946482e-01 1.670459855516000514e-01 1.095239756660183889e-01 9.202532789505360467e-02 5.754283247688649072e-02 2.784059779773412693e-02
-2.681444475146683992e-02 7.124479048100451108e-03 3.802961552365211745e-02 6.218739213720297920e-02 9.361768232197764661e-02 1.268235322291893785e-01 1.670459855516000514e-01 2.114127961912871667e-01 1.472606474937855348e-01 1.273197488988889181e-01 8.454059326820152764e-02 5.421227085479220220e-02
-4.896207887464728431e-02 -2.151974575537438789e-02 6.169693997064360294e-03 3.245096634300941030e-02 6.023389420285037155e-02 8.382730611150207567e-02 1.095239756660183889e-01 1.472606474937855348e-01 1.322502933617131782e-01 1.387636511934355610e-01 9.959327822468819202e-02 7.068237681712971621e-02
-8.872033542784560356e-02 -5.851622037629369139e-02 -2.825517887607377487e-02 7.581270587471166528e-03 4.290110517900222464e-02 7.000297938530386510e-02 9.202532789505360467e-02 1.273197488988889181e-01 1.387636511934355610e-01 1.849585111798451864e-01 1.465628820052637393e-01 1.131035638998908466e-01
-1.132493246485435645e-01 -8.212537539709902079e-02 -5.573006777695341946e-02 -2.332172480723799374e-02 7.815328387646789526e-03 3.558176052943022583e-02 5.754283247688649072e-02 8.454059326820152764e-02 9.959327822468819202e-02 1.465628820052637393e-01 1.392000998802328526e-01 1.268028010775683057e-01
-1.624452624940306289e-01 -1.216886593374191250e-01 -8.817018472808429985e-02 -5.528070634177597448e-02 -2.825898523598801421e-02 9.504834414581918474e-04 2.784059779773412693e-02 5.421227085479220220e-02 7.068237681712971621e-02 1.131035638998908466e-01 1.268028010775683057e-01 1.517672073241597974e-01
1.411079709350373801e-01 1.260163151446604402e-01 9.679819323868649183e-02 7.586950135567287201e-02 5.064490005013476404e-02 3.303445836959805620e-02 1.055048553665961265e-02 -1.837512367660202109e-02 -5.186128745129616607e-02 -8.536265420730587694e-02 -1.124319755182819486e-01 -1.674359854819225668e-01
1.260163151446604402e-01 1.513480445545056785e-01 1.374209433701489569e-01 1.189858796868898810e-01 8.528710362755369256e-02 6.722553185380095164e-02 4.726973134634259582e-02 1.446560147490391982e-02 -2.076800770629586707e-02 -5.594108150693248571e-02 -7.928048901633688583e-02 -1.204237061463550584e-01
9.679819323868649183e-02 1.374209433701489569e-01 1.521614039518140726e-01 1.481861701724382363e-01 1.109067089972885500e-01 8.979498629343191096e-02 7.132984268065953315e-02 4.114562204562287329e-02 1.234762957353377488e-02 -1.934490247378431102e-02 -4.579041976912186923e-02 -7.925331047918873772e-02
7.586950135567287201e-02 1.189858796868898810e-01 1.481861701724382363e-01 1.721757813237499435e-01 1.416349955736128652e-01 1.193161253554225198e-01 9.676707181696660165e-02 6.435914101626007133e-02 4.034518392957203020e-02 1.291378796910360935e-02 -1.923261464735587928e-02 -5.348638952915127365e-02
5.064490005013476404e-02 8.528710362755369256e-02 1.109067089972885500e-01 1.416349955736128652e-01 1.459689569936407083e-01 1.420179113063249343e-01 1.190543318243547921e-01 7.992618423696182250e-02 5.688220331743993469e-02 3.555934919523576210e-02 5.125592850277466486e-03 -2.658279542687394525e-02
3.303445836959805620e-02 6.722553185380095164e-02 8.979498629343191096e-02 1.193161253554225198e-01 1.420179113063249343e-01 1.735943756999085430e-01 1.584626341849554032e-01 1.079009334223582500e-01 7.945150473747161768e-02 5.850146481790718944e-02 2.821796287780497722e-02 -1.610427884971354874e-03
1.055048553665961265e-02 4.726973134634259582e-02 7.132984268065953315e-02 9.676707181696660165e-02 1.190543318243547921e-01 1.584626341849554032e-01 1.692251353972152872e-01 1.261495850890437809e-01 1.017650978817376123e-01 8.294754217924718565e-02 5.171300289610480244e-02 2.705154563038601745e-02
-1.837512367660202109e-02 1.446560147490391982e-02 4.114562204562287329e-02 6.435914101626007133e-02 7.992618423696182250e-02 1.079009334223582500e-01 1.261495850890437809e-01 1.159969087689457085e-01 1.141377142485222457e-01 1.070206447301042252e-01 7.389628922781638076e-02 5.442343194020934222e-02
-5.186128745129616607e-02 -2.076800770629586707e-02 1.234762957353377488e-02 4.034518392957203020e-02 5.688220331743993469e-02 7.945150473747161768e-02 1.017650978817376123e-01 1.141377142485222457e-01 1.446390529786958368e-01 1.567046282669925794e-01 1.143096638957682154e-01 9.158840263015438632e-02
-8.536265420730587694e-02 -5.594108150693248571e-02 -1.934490247378431102e-02 1.291378796910360935e-02 3.555934919523576210e-02 5.850146481790718944e-02 8.294754217924718565e-02 1.070206447301042252e-01 1.567046282669925794e-01 2.020496771278317283e-01 1.611080879878940275e-01 1.348178100818387404e-01
-1.124319755182819486e-01 -7.928048901633688583e-02 -4.579041976912186923e-02 -1.923261464735587928e-02 5.125592850277466486e-03 2.821796287780497722e-02 5.171300289610480244e-02 7.389628922781638076e-02 1.143096638957682154e-01 1.611080879878940275e-01 1.748011837540187907e-01 1.791412116660866527e-01
-1.674359854819225668e-01 -1.204237061463550584e-01 -7.925331047918873772e-02 -5.348638952915127365e-02 -2.658279542687394525e-02 -1.610427884971354874e-03 2.705154563038601745e-02 5.442343194020934222e-02 9.158840263015438632e-02 1.348178100818387404e-01 1.791412116660866527e-01 2.569315085146354205e-01
