7.069909789604572614e-02 1.206414912027989894e-01 1.427437998284571408e-01 1.059725167742125856e-01 6.818783244639983754e-02 6.070988854100722865e-02 9.852709484892452352e-02 9.586440816898489370e-02 5.886109865969457039e-02 6.174686666497858356e-02 6.249767362617355410e-02 5.354823134232269966e-02
8.414325435474619141e-02 9.754245384797290142e-02 4.968456744980650347e-02 7.964438456444555836e-02 6.490963662529405931e-02 6.838386937616536265e-02 6.042006482479066881e-02 7.077970871021921351e-02 9.441321095764546034e-02 6.451082445852925062e-02 7.382538725169229821e-02 1.917426375786926984e-01
8.228396445522434544e-02 6.603572277613066477e-02 9.799601134652818901e-02 1.116053689553826722e-01 1.054110124787640129e-01 6.541569475827738178e-02 6.793506940474793032e-02 6.596489233178709499e-02 6.400622043136433570e-02 8.194769766530426991e-02 1.164491543210949970e-01 7.494919107539402270e-02
1.655072775814430408e-01 1.229059534087123817e-01 1.163146320466386940e-01 8.184202616674822461e-02 6.097548635561399200e-02 5.694872743677173443e-02 2.655641442690904325e-02 1.668534256748374980e-02 3.137014452168949974e-02 6.289191954975774379e-02 1.082244056714632141e-01 1.497776702667688864e-01
4.973919292322111219e-02 5.300260992435137930e-02 8.777109618025033533e-02 7.497509286494201397e-02 8.616986308393190241e-02 8.477944900137591999e-02 1.844824585498603953e-01 1.217363364975624779e-01 1.064284584445564924e-01 5.239259413781952035e-02 3.928473310346722314e-02 5.923811528866140819e-02
1.832076621014479267e-01 9.460960320777626886e-02 7.538377135058713097e-02 5.223792910520354271e-02 2.947809412868212034e-02 1.473906286128058400e-02 1.788386722526449230e-02 2.989566769031159685e-02 5.208521867140517014e-02 9.226582365053036250e-02 1.578208447917124335e-01 2.003924552157985151e-01
6.044790420332285877e-03 1.010592530379266114e-02 1.546878046367511708e-02 3.922608552220385736e-02 4.672708367826260145e-02 9.160902872843246225e-02 2.003843139785534966e-01 3.734595894413249573e-01 1.465527070222423234e-01 4.885175724245278961e-02 1.561578490333535851e-02 5.954153295392186629e-03
7.042276302544814293e-02 6.255549842461771703e-02 1.255549198912268571e-01 1.001024299323381161e-01 4.591842303106768997e-02 3.436590254408827816e-02 5.009506375870095146e-02 6.610514677405568418e-02 6.007465778657748723e-02 1.184707942436047240e-01 1.518662883013003062e-01 1.144681122869740941e-01
1.525278559974669879e-01 7.118160331760035875e-02 5.264965958322054274e-02 6.504272257809023960e-02 4.872214969755954417e-02 4.733424353384003969e-02 6.415796945040445898e-02 1.139778916783041884e-01 7.321440969568379642e-02 5.463553188167205588e-02 7.422346074875710298e-02 1.823325018374006845e-01
4.492023582219136640e-02 5.788106477079133644e-02 6.246227351380142373e-02 6.800893162070920095e-02 4.066630877464863514e-02 3.658011454512918870e-02 4.369987965737440888e-02 8.112787834721538194e-02 1.606029054386287624e-01 1.816466346998022729e-01 1.498961048883724889e-01 7.250766792133550576e-02
9.949373606449538054e-02 1.125105150614521127e-01 9.463780364680665635e-02 1.058251635772248234e-01 1.144847240645673891e-01 1.164424920211347692e-01 4.540331203904384577e-02 6.423381095119228001e-02 5.079676759580057516e-02 6.364756494519401009e-02 5.908075787189728811e-02 7.344335216119088350e-02
1.561102088453785175e-01 1.767624010750624419e-01 1.132102639120044774e-01 1.269661426231786794e-01 6.709998338293715614e-02 3.389763239678617035e-02 3.168129675832744713e-02 1.844354848615546022e-02 1.628345005485707514e-02 3.398146740708072461e-02 8.445331787177662308e-02 1.411102871864550190e-01
1.044075497617580339e-01 6.610900564454599837e-02 9.919980352243751298e-02 1.430735654454211581e-01 7.620568756682190303e-02 6.612477315113360343e-02 5.693477078185750495e-02 5.473326258273233241e-02 6.210416485138997578e-02 1.078780931197885345e-01 8.951074529742689134e-02 7.371857827468686342e-02
9.688292812643191365e-02 8.300068530171143821e-02 1.724723564730661074e-01 1.423123446536844749e-01 9.581594363398877878e-02 6.829065874965151162e-02 5.676374606615636892e-02 3.831182053253121000e-02 5.752651906644947605e-02 7.413129115316834106e-02 4.891104124019614308e-02 6.558066500296431955e-02
2.598278548465893928e-02 3.287244678437974132e-02 6.866071533990188158e-02 7.700367356757470416e-02 1.385206291432380388e-01 2.003211329113667172e-01 1.658692557570190240e-01 1.198882285909375345e-01 6.574772024139990956e-02 5.310715124980423807e-02 2.581650536959430656e-02 2.620975556012507257e-02
2.264449978329178270e-01 2.452702910887839816e-01 1.039123835514101507e-01 2.572910459809430936e-02 3.003549353086196541e-02 3.901289440180844004e-02 2.396198252249244834e-02 2.352402362757828602e-02 3.427457488672475128e-02 5.478362244599425945e-02 8.671937342124591552e-02 1.063312580920879880e-01
4.282047812469357007e-02 8.008639374776446718e-02 1.880938134376226034e-01 1.008946296047799895e-01 7.091289944501574793e-02 8.125621494068316353e-02 1.333309966076785535e-01 1.628545140172897865e-01 4.964467031755788462e-02 2.889629256187986606e-02 2.490948417279799723e-02 3.629961302223639469e-02
5.834117137124469887e-02 3.248739641657311106e-02 3.609045005102269610e-02 6.339104861349453834e-02 5.572682714929583919e-02 9.206050439650161066e-02 9.501952249715749088e-02 9.565641229518354050e-02 9.044540816204726941e-02 1.405810660173794358e-01 1.424209238246801346e-01 9.777926920541976652e-02
2.904196186076877378e-02 4.103912493811913420e-02 4.399491846835987957e-02 7.283358985371109207e-02 1.343956700633075763e-01 1.569333101538830655e-01 2.026563622750206795e-01 1.720026249191975165e-01 7.011111911813253106e-02 3.190997181612315048e-02 2.688442599315528370e-02 1.819692054022143540e-02
6.367197645451325161e-02 4.163621412948284584e-02 4.404853444172900090e-02 5.007068624204925877e-02 3.899141259083867966e-02 4.545214356035390257e-02 1.022925377874233654e-01 2.063465689398872316e-01 1.554817295789845399e-01 1.020133466334494365e-01 6.833483243247263916e-02 8.166001720881603532e-02
1.651184772250507971e-01 2.354219391466758071e-01 2.142273879114665047e-01 7.538664267966102561e-02 4.141046508438012141e-02 3.196783054973813265e-02 2.091728043515678204e-02 2.650927163190168814e-02 2.733109743575208583e-02 4.133156090916621089e-02 4.775499062391704019e-02 7.262305636713410617e-02
1.384079727940149274e-01 5.825121291339190044e-02 3.327449713837392353e-02 3.753306990576738694e-02 5.037363895021380877e-02 8.314165781611010386e-02 1.004998713448028158e-01 1.458443732037139062e-01 9.603168342659049173e-02 1.011958871585737080e-01 6.926479934340044886e-02 8.618133600504671032e-02
5.389555568643057681e-02 2.005771411714386832e-02 1.849774912402702559e-02 3.647541684942546408e-02 6.723123175006154306e-02 1.342549751638782984e-01 1.723572195127823503e-01 1.354267673659059756e-01 1.316811492774944137e-01 9.652063438639990611e-02 8.626464000039636704e-02 4.733694676605430113e-02
5.583550325442496187e-02 9.947116376144024552e-02 1.138145022394189410e-01 1.310528706806497190e-01 1.053141993721028180e-01 1.106877527287877527e-01 7.821745682839001401e-02 8.178653957536484442e-02 5.040123153990911514e-02 6.214427373763441176e-02 5.110084059643514587e-02 6.017366568544225969e-02
4.099203003042961591e-02 6.508936368037629427e-02 5.578865456594872541e-02 6.522757434083897854e-02 9.573925034599228834e-02 8.117945605264460796e-02 1.564164089709648708e-01 2.179182125857614394e-01 9.452923462084361628e-02 4.891743606559161017e-02 3.892676356078518529e-02 3.927561517982308681e-02
7.842866298108140677e-02 1.196001934016640844e-01 1.162937973451037277e-01 1.005168528229006542e-01 1.781467218073888303e-01 8.205240117187395654e-02 4.094983888264358551e-02 5.516971871539479155e-02 7.399640417823637184e-02 4.688462013051897942e-02 5.600528025268672327e-02 5.195550831050717300e-02
9.730759914500121399e-02 8.215426793885001466e-02 1.098077566692379492e-01 1.022494829666934779e-01 1.096923293791298715e-01 6.872520510839916219e-02 3.082566372600007570e-02 2.115828128834933500e-02 4.530716066011545445e-02 1.051313544039058495e-01 1.254602709177714270e-01 1.021806277965461307e-01
2.842085682312403896e-02 2.010434216183685369e-02 3.468928891413138732e-02 6.485451580289228191e-02 7.131710202054156178e-02 1.667198863012282484e-01 1.675944732771035006e-01 1.365129857254872570e-01 1.228605609896890744e-01 1.041008379484927304e-01 5.319369874052586739e-02 2.963145129494738211e-02
4.983501640078034922e-02 3.028133443470008498e-02 4.779641749845749132e-02 7.715843966703084256e-02 1.422597309987842507e-01 1.462597705783643953e-01 9.695032951287474443e-02 1.376778323310346996e-01 1.283543436272573945e-01 4.259384614735026164e-02 4.333632180619757801e-02 5.749661699716813318e-02
4.056259174114163618e-02 3.461516977539234180e-02 6.488534005135916660e-02 1.306031661398286414e-01 9.802017763135900674e-02 1.394110720482489019e-01 8.868364211086360305e-02 6.757667828899545370e-02 8.088002430444557467e-02 9.075119318817381764e-02 1.029884374076787124e-01 6.102250731251323418e-02
5.387483906019643887e-02 6.224959894683362860e-02 6.394384749713614979e-02 9.889961420416039373e-02 9.104424787502170269e-02 8.250008228577047908e-02 8.617575989958393967e-02 9.369147915898785872e-02 1.355137807716406684e-01 9.266244454148174492e-02 8.111622805386567436e-02 5.832807770532172364e-02
1.393223404161954282e-01 1.072631927579559691e-01 4.615417292707160724e-02 1.870617125800747710e-02 8.754738054160601107e-03 1.336520466947510762e-02 2.384806329733865637e-02 2.782100882222184740e-02 8.652320561012903644e-02 1.677158881135502599e-01 2.203355023313805505e-01 1.401905117425136238e-01
4.693662505623554665e-02 5.771296539592510322e-02 8.195537734679247954e-02 8.465668539394126391e-02 9.876034244032995402e-02 1.252883083415243515e-01 1.540291809578119009e-01 1.361348561357534903e-01 7.460865152912037057e-02 6.858285485583251462e-02 4.101727118259777122e-02 3.031688136413528134e-02
2.046251276947491093e-01 1.920402538815214055e-01 1.425877947482181440e-01 6.943972716620344654e-02 2.032029002979069895e-02 2.746076628392656732e-02 1.823295389954227713e-02 3.421999589962002042e-02 5.123908353670372784e-02 6.061701503157759102e-02 6.273014966572726392e-02 1.164868421624200290e-01
1.906700111265274833e-01 1.319963167457814390e-01 6.710878049606566753e-02 2.229220917686354497e-02 1.154647538582097288e-02 8.644096349704503621e-03 1.116287202192537374e-02 2.609287930042149956e-02 5.709841675728832833e-02 9.612429655298532216e-02 1.753872157933085152e-01 2.018764302933075405e-01
5.885510806025934932e-02 6.788031903945858370e-02 8.398142441671288538e-02 1.261360479307613858e-01 1.567804192172207178e-01 2.045727230196529023e-01 1.643114799294978501e-01 4.914563011181311003e-02 1.818584536011446512e-02 1.731660016618093156e-02 2.320108302341454889e-02 2.963331972491366206e-02
5.720230333851933358e-02 3.746881329334732919e-02 4.191797060372588757e-02 3.631937868378734557e-02 7.152706003015234237e-02 1.319114904326784687e-01 1.266014673838375404e-01 1.824508602459657403e-01 1.301026639401324236e-01 6.689976103221838277e-02 4.832275252863764414e-02 6.927547848699769362e-02
5.572932709260031842e-02 4.143312556576409650e-02 5.707859577988669969e-02 8.845993444246982862e-02 5.854149061377000862e-02 3.609802339363290397e-02 8.245457102730642529e-02 1.640575000183622789e-01 2.439061892354989491e-01 8.212341679513573967e-02 3.875026278094925725e-02 5.136756325462370903e-02
1.353556132559655123e-01 5.011611101391341000e-02 1.813830335402551869e-02 1.341377019696426455e-02 1.263245492994726285e-02 2.689430520375399314e-02 3.436305111908258964e-02 9.341989118020438410e-02 1.847094956788286613e-01 1.490940594000534913e-01 1.390416389881117265e-01 1.428213056791492463e-01
1.355501697991136068e-01 1.032311731665768173e-01 1.120492766990257710e-01 8.835568927828713059e-02 7.562585351169817671e-02 5.959861023882077197e-02 6.837600896759944702e-02 8.930980694202979298e-02 6.210747272275649045e-02 4.216796993760323770e-02 7.667782568138359345e-02 8.695014305510498365e-02
2.007411355487233318e-01 9.380062118465044840e-02 5.621370781703632913e-02 3.608237698347759731e-02 2.463312853342290026e-02 2.696688850386642911e-02 3.538411443613012630e-02 3.033287905513694371e-02 4.521504787151232885e-02 1.096377346198270097e-01 1.745540819163408086e-01 1.664382835298756635e-01
8.274500606735576969e-02 8.214185775629649633e-02 7.504223332737688934e-02 6.218697554919417475e-02 1.002003704168487053e-01 1.052229766244257014e-01 1.080986099731472416e-01 5.942347215300712582e-02 7.442852081827613930e-02 7.750338840251254358e-02 9.662604917889081046e-02 7.638053973266839547e-02
2.083435654314729976e-02 1.140339362381549357e-02 1.178097703248744479e-02 1.192478625748431484e-02 2.978861137347261004e-02 3.978016290166815072e-02 1.015341147209121442e-01 1.683508998812412172e-01 2.447098385939705523e-01 1.315791419827497533e-01 1.699120492957547912e-01 5.840166779329623858e-02
1.126264688802301739e-01 5.387310549118884406e-02 5.546721973262302985e-02 7.911978994053964209e-02 1.012615383446225648e-01 1.043955155872386686e-01 8.385163646354740208e-02 3.997533089739536971e-02 4.262197685176484507e-02 5.491435905207486118e-02 1.043493093855682591e-01 1.675437493732065963e-01
5.707408998308812625e-02 4.901498941144229876e-02 4.952230731462203828e-02 5.413502409763151085e-02 5.400434279098291490e-02 6.627835050344305090e-02 5.649171841822381301e-02 1.379244768678273281e-01 1.628502047441973410e-01 1.311109215264179562e-01 1.240169118276360782e-01 5.757666251448765454e-02
3.609892337623572811e-02 8.026274053251099272e-02 1.062853018670680966e-01 1.210937244263117774e-01 1.690139725430973017e-01 1.518523765191577279e-01 1.079761376464030975e-01 1.225360212484547517e-01 3.811855276493368583e-02 1.663010374716535761e-02 1.946781636290474682e-02 3.066432896575696163e-02
2.880697018934217507e-02 3.298586689232913677e-02 4.981925331780645561e-02 6.741618554460025725e-02 6.493525796902349656e-02 8.436139678495752081e-02 8.606941325610983906e-02 1.207699841320812179e-01 2.306849152282156312e-01 1.401680398784864445e-01 5.615197339459183923e-02 3.783074341245602074e-02
6.964082509143484923e-02 1.421195948954760702e-01 1.198430442231958881e-01 1.051063940991051049e-01 1.076845928386710866e-01 8.342768131415834176e-02 1.423127246196765339e-01 7.188530579392611586e-02 3.231355215919018420e-02 4.018163721910588543e-02 4.722904651682514887e-02 3.825560122923489514e-02
8.283778291896512491e-02 2.019108816513390248e-01 1.459815901859551901e-01 4.880940895254740064e-02 1.283055421435116278e-02 8.067561917555142112e-03 2.157315006190745413e-02 7.066483282312907566e-02 1.854377557663727527e-01 1.088391615759333048e-01 5.534554303064988245e-02 5.770177690129488224e-02
1.019759021936849364e-01 8.362132191035216711e-02 5.351203857023052735e-02 4.358992828894485416e-02 8.804195312801649242e-02 8.281573881439366347e-02 8.500368742703458269e-02 1.285778923782156802e-01 8.602444238214136674e-02 7.620999762731833771e-02 8.008825720281190219e-02 9.053884007685553126e-02
1.229436473156159948e-01 1.073671928929463976e-01 1.309374297779005714e-01 1.315245874558193251e-01 1.180046561089395096e-01 1.115962946597389427e-01 4.643072584693274524e-02 2.772743204944632181e-02 3.005589614592183573e-02 4.174484412428471763e-02 5.107252424351718667e-02 8.059476937893672588e-02
6.244406458177042402e-02 9.116647730252411264e-02 7.538461465626219993e-02 7.390029683548206274e-02 5.319859907869009530e-02 2.790120422379760087e-02 3.864911749384688372e-02 8.953247949375457704e-02 1.791361186561680197e-01 1.694868407762246676e-01 9.222051248681512048e-02 4.697967441466430194e-02
1.219552120135869722e-01 6.263795453567887195e-02 4.100857799665730968e-02 2.238606591166488261e-02 1.968511749909480912e-02 2.641989128976348147e-02 5.318689864401224265e-02 6.345279028314804171e-02 1.389583986092759738e-01 2.045230011507482848e-01 1.449198883044930108e-01 1.008662037618762858e-01
7.709387977677036041e-02 8.953550729976977873e-02 1.586659072847706187e-01 1.702214420866689504e-01 1.721284576953085454e-01 1.092370895292326394e-01 5.946437102017896464e-02 4.229953852462926822e-02 2.377738138342169391e-02 2.419924637756038985e-02 3.269832873364119513e-02 4.067885028804799769e-02
1.003874668232643819e-01 1.046003807985932260e-01 9.777540553765992626e-02 1.147419248161822142e-01 9.224732705629730412e-02 8.735508439707494188e-02 4.457460214121385794e-02 5.190926904518954055e-02 6.587111356995380140e-02 9.670383721409073208e-02 7.251637435418750721e-02 7.131721424629292039e-02
8.622017418826613544e-02 1.048750194834712629e-01 1.057914988185865018e-01 1.086904568053094489e-01 1.277720589103149285e-01 7.373093214731585299e-02 7.324570723150644613e-02 5.725946661989922415e-02 5.414375714840520548e-02 5.508558376807257129e-02 6.145391856266925468e-02 9.173142631618352860e-02
2.566529738722612974e-02 1.256106499272291455e-02 1.331222440459902193e-02 3.230352586880143317e-02 4.620298871788389855e-02 1.088685373847935040e-01 1.619387670907693477e-01 1.806861044326000254e-01 1.644082869426401472e-01 1.339637385347056397e-01 6.698194961616803222e-02 5.310751462709002724e-02
1.643819055296920906e-01 1.305908659961104723e-01 1.371502756454009986e-01 1.417717910255612002e-01 1.340972774491351882e-01 7.138725124994127480e-02 3.152549082246502293e-02 2.162135680002006538e-02 1.609801510734792246e-02 3.041908703208146686e-02 4.504944823738468718e-02 7.590723510485961056e-02
1.015414778268513840e-01 1.100261657173003255e-01 9.293782468457273405e-02 6.312550687295795382e-02 5.825243874025873986e-02 1.019095236257758219e-01 9.552038576152384330e-02 8.801769055846472845e-02 7.605857728537049334e-02 7.755190197679301400e-02 5.962732819250531058e-02 7.543117875762586633e-02
5.347378230291072870e-02 5.207237207378884181e-02 8.004048997079499239e-02 1.251896656659058915e-01 1.334258110846485712e-01 1.587694485953443091e-01 1.069351339473547102e-01 9.735317385266403778e-02 6.631338612161273571e-02 3.961639341502799783e-02 4.199950480187720353e-02 4.481083816807000797e-02
8.587167514169877225e-02 4.111767612397686233e-02 3.932569540797264951e-02 3.541221660770238477e-02 1.895990498914148364e-02 2.434353184578410406e-02 7.817774315317432832e-02 8.603076146499923083e-02 1.391447401581120680e-01 1.719642797626894093e-01 1.853819876474905870e-01 9.426978769725800900e-02
1.336495295435534414e-01 1.145203424275893500e-01 9.963045692097542705e-02 1.109329963275968584e-01 1.009484228052904137e-01 7.657371466507285895e-02 4.842773603835656693e-02 4.458086646414936155e-02 5.168059968489280287e-02 4.537207613930985955e-02 5.421884424000001507e-02 1.194644147432129822e-01
1.217404206697938474e-01 1.265614495956088326e-01 1.228293433612288876e-01 7.535528020633000534e-02 6.047920668422547552e-02 2.870951138503973626e-02 2.903767601709292268e-02 4.347605120250860877e-02 9.792476243245694378e-02 9.700509053237657553e-02 8.547793831440958501e-02 1.114032695989284893e-01
4.010520591199405460e-02 6.662662776645558727e-02 8.557359287457824704e-02 1.882755104494092113e-01 1.069106777926564777e-01 6.592946344163375105e-02 7.637004971237884576e-02 1.357100296923136051e-01 8.222087578307829547e-02 8.614139891446317976e-02 3.943267476508752201e-02 2.670389289595139631e-02
9.755761962399576992e-02 9.778177665637763361e-02 1.311738308033832956e-01 1.090184065394801533e-01 6.081966484113315863e-02 6.790531233950586332e-02 4.906640118431138120e-02 7.877891434592210196e-02 6.474698159889322180e-02 7.875043086266179937e-02 7.654739631948991041e-02 8.785326488484604401e-02
8.565001880651920696e-02 2.852781933006376391e-02 1.640544825223072545e-02 1.045463719722781321e-02 9.791457507689766901e-03 2.468167956487152259e-02 4.491572778107669889e-02 6.387251309408592537e-02 1.064997058253604745e-01 2.266625979598970719e-01 2.104101806384684470e-01 1.721282140425088591e-01
1.090970078625290163e-01 1.661734653211371926e-01 1.583157114506232310e-01 9.384502174005396324e-02 5.333042591365244611e-02 3.419312204581412273e-02 6.617409318277218955e-02 6.804998148796079227e-02 6.005939970811523254e-02 4.844471185223687276e-02 5.349586515559173056e-02 8.882119427951334911e-02
4.941536642437654309e-02 5.081958688282368908e-02 7.564115244352122291e-02 7.934099937829376670e-02 7.634027180834269954e-02 5.396092194990651653e-02 7.851243207574570837e-02 1.206188267365641276e-01 1.244857696038494110e-01 1.060579214940114701e-01 1.233653874535944883e-01 6.144136374897049557e-02
6.252343278340437294e-02 5.985414714167514028e-02 3.573680077736200722e-02 3.435770760489274822e-02 2.644787834211238808e-02 3.237181578915798025e-02 7.038879409317042035e-02 1.113157370374136534e-01 1.863348351223206578e-01 1.664631342175645345e-01 1.429839793665036995e-01 7.122173772442237649e-02
5.237362376090782395e-02 4.645979198139023325e-02 6.717794766898058101e-02 1.600760005491467797e-01 9.070386610182570863e-02 5.651637879433217548e-02 5.222523596701109105e-02 5.690717409329177495e-02 7.726839376252210567e-02 1.530868496684399949e-01 1.025825322950142393e-01 8.462220535713763092e-02
1.024676763762102649e-01 6.918183891968296417e-02 8.392088928264093695e-02 7.301991804747777481e-02 8.272056736142180400e-02 3.769517944600930121e-02 3.265140834577786449e-02 4.164887927416238006e-02 8.005577584684599179e-02 1.236226072758934286e-01 1.446702499392898411e-01 1.283450098845873577e-01
2.618720997534140435e-02 4.884726429567457645e-02 9.518226660282820550e-02 1.409907528806250698e-01 2.382872895036026450e-01 2.320280952743546954e-01 8.554107734274986330e-02 5.309450382504785071e-02 2.710874295319698479e-02 2.534331246322815007e-02 1.376870663534011247e-02 1.362077824801043169e-02
6.406346278776532677e-02 1.243795745781837159e-01 1.845152345541684613e-01 1.341977368541505677e-01 9.309672015516709531e-02 9.588501527201169494e-02 6.943033483195273914e-02 3.682378461046989515e-02 4.484994751617844833e-02 4.354882249636352065e-02 6.747644171624035681e-02 4.173292462734869146e-02
7.018179622827329378e-02 9.194821388189160227e-02 1.171604634933498118e-01 1.565135284815067085e-01 1.152428274491349991e-01 1.391345174377105753e-01 1.044294386761790427e-01 5.561787706713327423e-02 3.376161424976640429e-02 3.398930640419566690e-02 3.430252553467070392e-02 4.771789109618781305e-02
1.894535976949362349e-02 4.016618247523798257e-02 4.504650775361199178e-02 8.466421600058202102e-02 1.220467497084278818e-01 1.441145327137482723e-01 2.347090831182702120e-01 1.694378308848452641e-01 6.621463693838029740e-02 3.956115094934158083e-02 1.882515045526751696e-02 1.626859923279340425e-02
3.644063307057936185e-02 5.975371529053835618e-02 9.184662003803210906e-02 1.136494166992060434e-01 1.249259176688237716e-01 1.754225352614248168e-01 2.170512307698332366e-01 9.610031781520789185e-02 4.128981029669306912e-02 1.874525707909552308e-02 1.161192313103347022e-02 1.316262287953260009e-02
1.874246921068100646e-01 1.934689478064475776e-01 1.697843447273580386e-01 1.338134719812910656e-01 4.633220569120250626e-02 2.791422647198845211e-02 2.186167081928239164e-02 9.976531009133659395e-03 1.424331511060887914e-02 3.756446520131756506e-02 5.992246540625997819e-02 9.769366366830010973e-02
5.322697422985876725e-02 5.996455245405703932e-02 2.468469991951970435e-02 1.452464371936739058e-02 1.527442902912756056e-02 4.518083439423076220e-02 9.328458517687270024e-02 2.379421875924463137e-01 1.512651665197720374e-01 1.310384948649428449e-01 1.171969120501245992e-01 5.641652004968037565e-02
8.615521598291420169e-02 8.923048484279086368e-02 7.013743821599838224e-02 6.288161475986159266e-02 5.317276237849083431e-02 5.509579455330259473e-02 9.034894559539506653e-02 1.175989955373012708e-01 8.436802603318087346e-02 1.317215792396865259e-01 9.784626046243424802e-02 6.144288239864337947e-02
3.478207815085115895e-02 3.586761234338712440e-02 3.725467203031644636e-02 2.616624026822429727e-02 3.000998742795620705e-02 3.403509133594584402e-02 5.145925057370613620e-02 1.687713992988849332e-01 2.396797620453104960e-01 1.645539572288345354e-01 1.059132495558425258e-01 7.150669974074019830e-02
9.116139544325457811e-02 1.081128422146030998e-01 8.915676247957063372e-02 4.982021582238480018e-02 4.468442091224675283e-02 5.201153159482139327e-02 1.062538455009045535e-01 1.353606894264355875e-01 9.377634685179221663e-02 6.809172814489038161e-02 6.170992679544796966e-02 9.986029481364820659e-02
4.080121241008659305e-02 2.943627725797835423e-02 2.125285904856515085e-02 3.215989857956735171e-02 8.104584239320236638e-02 8.262017040386580857e-02 9.121264868403222703e-02 1.108995478284637570e-01 1.488892563652398915e-01 1.491657056108286195e-01 1.156628266703484675e-01 9.685375474782143002e-02
6.578055065247732924e-02 2.687935647167499081e-02 2.844108392779261946e-02 1.183157584868273389e-02 8.684389726574651830e-03 1.091060175675952031e-02 2.165700949745600484e-02 6.495620841518806587e-02 1.594478745089322747e-01 2.118376946032676511e-01 2.206883202745602846e-01 1.688853343166342169e-01
4.044502132151782392e-02 5.597435464812332978e-02 6.737311151210118032e-02 7.289779728474396481e-02 1.037869567697942974e-01 1.042712351443139951e-01 8.966503370717389398e-02 1.052367601556450372e-01 1.076720906548062628e-01 8.580361337814471079e-02 1.049800022736993854e-01 6.189402314993611154e-02
3.463609685387830650e-02 1.615204911051264583e-02 1.596122879340872852e-02 1.402607490125146184e-02 4.174744146834429709e-02 1.163390240526378794e-01 1.317179932493091898e-01 1.334477613681820662e-01 8.732963008007402217e-02 1.114120126035109543e-01 2.092222047243796346e-01 8.800848279451090050e-02
7.503957770072861022e-02 1.528824813546861283e-01 1.217551635052093462e-01 1.149309182320435718e-01 1.086547794423092933e-01 7.566984410770252745e-02 4.719689849637719037e-02 6.632563847410513636e-02 7.652364759288596274e-02 5.749463088222989127e-02 6.781779211845033462e-02 3.570862809327214615e-02
2.006754025214435924e-02 4.432932230905559101e-02 7.632424288185726824e-02 2.243399121198922930e-01 1.875766811014248359e-01 1.004636633671760759e-01 8.655969198915548779e-02 8.813334761388341709e-02 9.502560898022933966e-02 3.656165407134197992e-02 2.725312636661919585e-02 1.336520894722019286e-02
1.007070059971844345e-01 1.099616434195895831e-01 9.619594871733336272e-02 5.665099069552015365e-02 5.253234806981302296e-02 6.191612422906333374e-02 5.900854182094834866e-02 6.601999913122162666e-02 8.777941271747158325e-02 1.275905879704787860e-01 7.845655636034917779e-02 1.031808408710267466e-01
2.140331685126850916e-02 3.119598659818449346e-02 5.618777173637995448e-02 9.804297475377218851e-02 9.875760539231503987e-02 1.625229161833221525e-01 1.595461017484391952e-01 1.602636201886105116e-01 9.874909403503449867e-02 5.132332547150092461e-02 4.425953792510585461e-02 1.774774911606660788e-02
5.131968475761805593e-02 5.882116400847428594e-02 6.885152531815975918e-02 8.549704509668333563e-02 1.955827892399456536e-01 2.002282496672684875e-01 1.442817026267320391e-01 5.438364606124877071e-02 3.852773204171502930e-02 2.649960062883841699e-02 2.669447656981116523e-02 4.931238398350543117e-02
7.017970460403137600e-02 5.245629372154783643e-02 4.117409483942197079e-02 8.869574386470598093e-02 1.960078514932662719e-01 1.222540723248608241e-01 9.353795856188366897e-02 7.551359446255877239e-02 5.208591608878550272e-02 5.665980209265238099e-02 8.803730619565364179e-02 6.339766175063168974e-02
2.482619491482321028e-01 8.651763329736006369e-02 3.729163743036457979e-02 4.624780878754454483e-02 3.420866455699187597e-02 4.601684943717283816e-02 9.836614053555474413e-02 1.020585004940824936e-01 8.077105948821654280e-02 5.288446570351185150e-02 4.926777822419008135e-02 1.181075128967785937e-01
5.056308256704122178e-02 6.860229748862047006e-02 7.825785214782056409e-02 1.134477070029812767e-01 1.213625173536820867e-01 1.060166459683405948e-01 1.091246363282977472e-01 1.207997567275944928e-01 5.661102755574638767e-02 6.564281036988059426e-02 6.383110841689047799e-02 4.574055807310397487e-02
8.471461476842560845e-02 7.786501117629752999e-02 7.222886066375462655e-02 7.393360973917728618e-02 6.669672743622076516e-02 8.863869789448161618e-02 9.183404460298089100e-02 1.173075843697594517e-01 1.383493611605144669e-01 8.631564734161230323e-02 5.240504625269412631e-02 4.971079459408127982e-02
9.020147280723075922e-02 6.330021053384404794e-02 5.976424962977969213e-02 7.836014397050357350e-02 1.355213290801647319e-01 1.465335880350572828e-01 6.256708383731533762e-02 5.361640697216599194e-02 9.134278076732543772e-02 8.143242463785818619e-02 7.388947019154937235e-02 6.347083953720580873e-02
7.621190417698001096e-02 6.293042209105831342e-02 6.592041779135913993e-02 6.751758897718565522e-02 6.348977266917184281e-02 8.550925234100581473e-02 6.860402167116194661e-02 8.856511612937745248e-02 7.559582079243873376e-02 1.022446194015997345e-01 1.020017083114930778e-01 1.414093556471682778e-01
6.776409589236800923e-02 6.400063589544173481e-02 1.008812766410389500e-01 1.223141940891929597e-01 2.341789931748486375e-01 1.138031779540950028e-01 5.678118675370856516e-02 4.308918136273919008e-02 4.634101868453675832e-02 5.830457942850537922e-02 5.440546651267685885e-02 3.813619361084787801e-02
8.062494032371045338e-02 7.338036573419859376e-02 9.925641666107432037e-02 1.010170806549459399e-01 4.557211964749032646e-02 3.503705733725502591e-02 4.759928367862253928e-02 7.101930948956178269e-02 1.163815805651283869e-01 1.854174834913024650e-01 9.207558969033627361e-02 5.261877272637426745e-02
1.763213934109284300e-02 4.809495986422788333e-02 6.308642612915744963e-02 9.015159339196809896e-02 1.401379000545373288e-01 1.284654212126613571e-01 9.556357348815566755e-02 2.140486175459051510e-01 1.097448786651157165e-01 5.790004235729462323e-02 2.101860128641047307e-02 1.415584666347331419e-02
1.164634249192435661e-01 1.778872743678789059e-01 1.139204544403928515e-01 3.437005974375446915e-02 4.450251273832189769e-02 5.602186079106181993e-02 6.108277098500952684e-02 6.311869047678531075e-02 7.478158054787684139e-02 8.771699017348631722e-02 8.608336215688161541e-02 8.405101865930691973e-02
