4.532240566786965297e-01 3.165088168889207965e-01 6.787882291237085086e-03 -1.140771930823325647e-01 -3.094818537091410457e-03 8.342558721421342027e-02 -8.091776259466474525e-03 -8.288307215298984509e-02 1.880715678422894502e-03 1.137366182536867359e-01 -7.445763203709790563e-03 -3.163615839776850458e-01
3.165088168889207965e-01 5.247541300746769721e-01 3.177381613326003551e-01 -2.223697093654025247e-03 -1.147103984985071157e-01 9.950158620848364652e-03 8.242697773601709299e-02 -1.015382556665397895e-02 -8.345044177369978500e-02 1.488319008755310292e-02 1.146356657441458399e-01 -7.516876035592193715e-03
6.787882291237085086e-03 3.177381613326003551e-01 4.851275205510516830e-01 3.172308523715633433e-01 5.277015581604649341e-03 -1.150124344258751652e-01 6.809678925299718355e-03 8.356258979515646113e-02 1.696070432423796900e-03 -8.363489027102974371e-02 -1.517201014169163378e-03 1.144328984140380867e-01
-1.140771930823325647e-01 -2.223697093654025247e-03 3.172308523715633433e-01 4.979523689859586821e-01 3.177308506709588531e-01 -1.625578847872005683e-02 -1.132975164762413389e-01 1.246780840880773455e-02 8.354428413531833630e-02 -1.650733357946117599e-02 -8.373728696229545965e-02 1.070446340869751593e-02
-3.094818537091410457e-03 -1.147103984985071157e-01 5.277015581604649341e-03 3.177308506709588531e-01 5.164607054105352368e-01 3.170542356694083796e-01 -1.790456538968752953e-02 -1.144628637229557211e-01 1.832540367487142836e-03 8.336873719514174830e-02 1.144544509674024282e-03 -8.319704610676596779e-02
8.342558721421342027e-02 9.950158620848364652e-03 -1.150124344258751652e-01 -1.625578847872005683e-02 3.170542356694083796e-01 5.202622640639663620e-01 3.170147247286928538e-01 -3.770355974030125627e-03 -1.147016330702751163e-01 9.529739111721691538e-03 8.367647000600719753e-02 -3.031366790360538917e-03
-8.091776259466474525e-03 8.242697773601709299e-02 6.809678925299718355e-03 -1.132975164762413389e-01 -1.790456538968752953e-02 3.170147247286928538e-01 5.093383944569089827e-01 3.177134926073288401e-01 1.012096012299459370e-02 -1.157521009289098207e-01 -1.220382061087962704e-02 8.365434519462564000e-02
-8.288307215298984509e-02 -1.015382556665397895e-02 8.356258979515646113e-02 1.246780840880773455e-02 -1.144628637229557211e-01 -3.770355974030125627e-03 3.177134926073288401e-01 4.742146496594054073e-01 3.168649669406963243e-01 -5.215756738854275716e-03 -1.140890485457377312e-01 7.491770453118551387e-04
1.880715678422894502e-03 -8.345044177369978500e-02 1.696070432423796900e-03 8.354428413531833630e-02 1.832540367487142836e-03 -1.147016330702751163e-01 1.012096012299459370e-02 3.168649669406963243e-01 5.161492333338462135e-01 3.180596548531277046e-01 5.181444499114491384e-03 -1.147736421757007130e-01
1.137366182536867359e-01 1.488319008755310292e-02 -8.363489027102974371e-02 -1.650733357946117599e-02 8.336873719514174830e-02 9.529739111721691538e-03 -1.157521009289098207e-01 -5.215756738854275716e-03 3.180596548531277046e-01 5.001742310488702659e-01 3.164864123977992327e-01 3.062077509016792112e-03
-7.445763203709790563e-03 1.146356657441458399e-01 -1.517201014169163378e-03 -8.373728696229545965e-02 1.144544509674024282e-03 8.367647000600719753e-02 -1.220382061087962704e-02 -1.140890485457377312e-01 5.181444499114491384e-03 3.164864123977992327e-01 4.742086397766136496e-01 3.178763373766961275e-01
-3.163615839776850458e-01 -7.516876035592193715e-03 1.144328984140380867e-01 1.070446340869751593e-02 -8.319704610676596779e-02 -3.031366790360538917e-03 8.365434519462564000e-02 7.491770453118551387e-04 -1.147736421757007130e-01 3.062077509016792112e-03 3.178763373766961275e-01 5.281338059594723466e-01
5.295419844003322885e-01 3.170386406386323519e-01 -2.663224585843788472e-03 -1.147210908369844240e-01 5.575788855146996542e-03 8.349990940491380798e-02 -7.914704489022831397e-04 -8.343924882191865178e-02 -8.622665500087368928e-03 1.145588355529890412e-01 1.417511487863548809e-03 -3.171228480651018256e-01
3.170386406386323519e-01 4.940466262217450555e-01 3.173233890511274469e-01 1.648111676896223468e-02 -1.153381408259420565e-01 -1.130043282551921463e-02 8.370812414352993280e-02 1.326770104764856718e-02 -8.242011445279485982e-02 -1.199352603920797802e-02 1.146675490179783208e-01 4.064451621693009747e-03
-2.663224585843788472e-03 3.173233890511274469e-01 4.780302605774484626e-01 3.174767602885575357e-01 -3.988794147257534659e-03 -1.146370193224517109e-01 7.000224417742141212e-04 8.348564707958439080e-02 5.798475092497098506e-03 -8.371624291206627988e-02 3.142315731551520441e-03 1.144024033034084925e-01
-1.147210908369844240e-01 1.648111676896223468e-02 3.174767602885575357e-01 5.077350241955331800e-01 3.175929054861829082e-01 7.289222620780364762e-05 -1.147928854688252398e-01 -5.161841431151876700e-03 8.312143493328560950e-02 1.985771848352884360e-03 -8.325006740847765152e-02 5.680148143582542004e-03
5.575788855146996542e-03 -1.153381408259420565e-01 -3.988794147257534659e-03 3.175929054861829082e-01 5.066019824568994689e-01 3.174283444851089264e-01 2.392855932968663852e-03 -1.144406865999858108e-01 -8.717627532790379885e-03 8.374664089245303922e-02 -7.363670051673092132e-04 -8.363179851573207535e-02
8.349990940491380798e-02 -1.130043282551921463e-02 -1.146370193224517109e-01 7.289222620780364762e-05 3.174283444851089264e-01 4.857504219225464159e-01 3.176605115511024202e-01 1.285425588266374784e-02 -1.140053108199781118e-01 -4.348459122839598567e-03 8.329580898632885089e-02 -3.047074207739193345e-03
-7.914704489022831397e-04 8.370812414352993280e-02 7.000224417742141212e-04 -1.147928854688252398e-01 2.392855932968663852e-03 3.176605115511024202e-01 5.024471831709879099e-01 3.174552203768349345e-01 6.715188272170495749e-03 -1.151695806367693531e-01 6.012907546014480652e-03 8.353313197120712519e-02
-8.343924882191865178e-02 1.326770104764856718e-02 8.348564707958439080e-02 -5.161841431151876700e-03 -1.144406865999858108e-01 1.285425588266374784e-02 3.174552203768349345e-01 4.738239416712930474e-01 3.168097742185050913e-01 1.153627464124242679e-03 -1.140988856622321412e-01 5.468036810068946721e-03
-8.622665500087368928e-03 -8.242011445279485982e-02 5.798475092497098506e-03 8.312143493328560950e-02 -8.717627532790379885e-03 -1.140053108199781118e-01 6.715188272170495749e-03 3.168097742185050913e-01 5.143770131053686523e-01 3.181571723638810800e-01 -2.266394172295778733e-02 -1.141172686651407142e-01
1.145588355529890412e-01 -1.199352603920797802e-02 -8.371624291206627988e-02 1.985771848352884360e-03 8.374664089245303922e-02 -4.348459122839598567e-03 -1.151695806367693531e-01 1.153627464124242679e-03 3.181571723638810800e-01 5.098394599438926811e-01 3.166903818813912586e-01 -4.813840875998766367e-03
1.417511487863548809e-03 1.146675490179783208e-01 3.142315731551520441e-03 -8.325006740847765152e-02 -7.363670051673092132e-04 8.329580898632885089e-02 6.012907546014480652e-03 -1.140988856622321412e-01 -2.266394172295778733e-02 3.166903818813912586e-01 5.275504980879497374e-01 3.172532594429545716e-01
-3.171228480651018256e-01 4.064451621693009747e-03 1.144024033034084925e-01 5.680148143582542004e-03 -8.363179851573207535e-02 -3.047074207739193345e-03 8.353313197120712519e-02 5.468036810068946721e-03 -1.141172686651407142e-01 -4.813840875998766367e-03 3.172532594429545716e-01 4.702556042459951069e-01
4.819754500884076975e-01 3.177439913425572637e-01 -6.621742113640236016e-03 -1.147588011240865680e-01 2.457008899411075673e-03 8.379961309840171235e-02 -3.339673424494569304e-03 -8.393920537049649744e-02 2.610939996794490320e-04 1.149244399102897218e-01 6.547908632019932770e-03 -3.168985417772244295e-01
3.177439913425572637e-01 5.381540606872865506e-01 3.158125817278532033e-01 -1.681097514925976311e-02 -1.139278252736958125e-01 1.773718178366967112e-03 8.294074042215936193e-02 5.187560032964703798e-03 -8.261379053831764685e-02 -1.010940061700723626e-03 1.135293390942803404e-01 1.871611730969460763e-02
-6.621742113640236016e-03 3.158125817278532033e-01 4.926508750261255898e-01 3.191948831430085898e-01 1.156334840094686185e-02 -1.150461998971316624e-01 -7.425340776655115979e-03 8.329178305166423657e-02 9.138860212345889522e-03 -8.384706924868293165e-02 -1.608208841604422817e-02 1.131065423528347241e-01
-1.147588011240865680e-01 -1.681097514925976311e-02 3.191948831430085898e-01 5.112418304600624408e-01 3.162353943839034676e-01 5.103520175133539893e-03 -1.138211962054599957e-01 -1.002431238611344727e-02 8.239358977913510684e-02 3.698147999583884567e-03 -8.205672862625183750e-02 -1.354027956132372069e-02
2.457008899411075673e-03 -1.139278252736958125e-01 1.156334840094686185e-02 3.162353943839034676e-01 4.682072745002803793e-01 3.175633456321113046e-01 1.067271847292815094e-02 -1.142932573809207070e-01 -8.957617582637978845e-03 8.395521878226712420e-02 1.423880951723161328e-02 -8.269647607942089140e-02
8.379961309840171235e-02 1.773718178366967112e-03 -1.150461998971316624e-01 5.103520175133539893e-03 3.175633456321113046e-01 5.138519566901409430e-01 3.174876999302666536e-01 3.897439301022014111e-03 -1.144359596661953804e-01 4.336506812939253629e-03 8.352241841187729721e-02 2.546892448146549637e-03
-3.339673424494569304e-03 8.294074042215936193e-02 -7.425340776655115979e-03 -1.138211962054599957e-01 1.067271847292815094e-02 3.174876999302666536e-01 4.798603651021070560e-01 3.171047117726007447e-01 9.499352748878871211e-03 -1.152780737496457708e-01 -1.643742022317343579e-02 8.281575463406558313e-02
-8.393920537049649744e-02 5.187560032964703798e-03 8.329178305166423657e-02 -1.002431238611344727e-02 -1.142932573809207070e-01 3.897439301022014111e-03 3.171047117726007447e-01 4.952555408178882512e-01 3.177378902243784831e-01 -1.068407407801635206e-02 -1.155911763672431702e-01 3.887649747668014705e-03
2.610939996794490320e-04 -8.261379053831764685e-02 9.138860212345889522e-03 8.239358977913510684e-02 -8.957617582637978845e-03 -1.144359596661953804e-01 9.499352748878871211e-03 3.177378902243784831e-01 5.132630375535668366e-01 3.178075880509892981e-01 1.622850384639728735e-02 -1.136390589533032708e-01
1.149244399102897218e-01 -1.010940061700723626e-03 -8.384706924868293165e-02 3.698147999583884567e-03 8.395521878226712420e-02 4.336506812939253629e-03 -1.152780737496457708e-01 -1.068407407801635206e-02 3.178075880509892981e-01 4.907485686459622243e-01 3.168697104694100930e-01 2.296871867555809119e-03
6.547908632019932770e-03 1.135293390942803404e-01 -1.608208841604422817e-02 -8.205672862625183750e-02 1.423880951723161328e-02 8.352241841187729721e-02 -1.643742022317343579e-02 -1.155911763672431702e-01 1.622850384639728735e-02 3.168697104694100930e-01 4.696794194971293801e-01 3.162374898275625568e-01
-3.168985417772244295e-01 1.871611730969460763e-02 1.131065423528347241e-01 -1.354027956132372069e-02 -8.269647607942089140e-02 2.546892448146549637e-03 8.281575463406558313e-02 3.887649747668014705e-03 -1.136390589533032708e-01 2.296871867555809119e-03 3.162374898275625568e-01 5.451116209310269412e-01
5.098415059167753505e-01 3.167123345469845530e-01 -1.016238616564739752e-02 -1.137955838564449762e-01 8.645170759336361782e-03 8.281382283109284259e-02 1.999510289882642979e-03 -8.286373494656340544e-02 -8.220379943876861967e-03 1.135463123041194622e-01 1.922865479402170730e-02 -3.188909328272063748e-01
3.167123345469845530e-01 4.944707519715377253e-01 3.185110142206396544e-01 2.916466816185245628e-03 -1.156528537863832917e-01 -6.500978592434356919e-03 8.362329783418895324e-02 3.717056619624270995e-03 -8.333818818426222408e-02 -7.849438645775825424e-03 1.138523332462815507e-01 -6.037100000523389597e-03
-1.016238616564739752e-02 3.185110142206396544e-01 5.144139480850822288e-01 3.165056563126537048e-01 -9.162954212444198582e-03 -1.137329534086778116e-01 -3.086726494936692031e-03 8.274453718620743137e-02 8.259413538619447825e-03 -8.240554776195593845e-02 -1.401597145152310570e-02 1.157417693320023505e-01
-1.137955838564449762e-01 2.916466816185245628e-03 3.165056563126537048e-01 4.900431916282286249e-01 3.189861008629161221e-01 1.450185809423482422e-02 -1.146553251478841240e-01 -7.928048754514268812e-03 8.313713207581532871e-02 9.911000180584116775e-03 -8.266948497906420612e-02 3.059132912882617586e-03
8.645170759336361782e-03 -1.156528537863832917e-01 -9.162954212444198582e-03 3.189861008629161221e-01 5.117171368453928837e-01 3.158868341777535393e-01 5.252147050957421855e-03 -1.135844304579607805e-01 -9.021265016086828584e-03 8.227371180035961129e-02 1.182987576315064869e-02 -8.437511777957765191e-02
8.281382283109284259e-02 -6.500978592434356919e-03 -1.137329534086778116e-01 1.450185809423482422e-02 3.158868341777535393e-01 4.594689043719537014e-01 3.173086157142822050e-01 1.190871255811929048e-02 -1.143081737525761393e-01 -1.114431508511535412e-02 8.297121111052416231e-02 -4.511537267785245726e-03
1.999510289882642979e-03 8.362329783418895324e-02 -3.086726494936692031e-03 -1.146553251478841240e-01 5.252147050957421855e-03 3.173086157142822050e-01 5.248623993725446413e-01 3.173054960136714731e-01 -2.759783305761325575e-03 -1.145571744231618783e-01 -5.594297209631886314e-04 8.359400385218113128e-02
-8.286373494656340544e-02 3.717056619624270995e-03 8.274453718620743137e-02 -7.928048754514268812e-03 -1.135844304579607805e-01 1.190871255811929048e-02 3.173054960136714731e-01 4.714306176969218498e-01 3.172260195360622204e-01 1.921316137356848114e-02 -1.140389973632093823e-01 2.537566448285282807e-03
-8.220379943876861967e-03 -8.333818818426222408e-02 8.259413538619447825e-03 8.313713207581532871e-02 -9.021265016086828584e-03 -1.143081737525761393e-01 -2.759783305761325575e-03 3.172260195360622204e-01 5.097321235062541867e-01 3.181863916022894534e-01 -7.676101997022631400e-03 -1.143669444213992331e-01
1.135463123041194622e-01 -7.849438645775825424e-03 -8.240554776195593845e-02 9.911000180584116775e-03 8.227371180035961129e-02 -1.114431508511535412e-02 -1.145571744231618783e-01 1.921316137356848114e-02 3.181863916022894534e-01 4.723090991893447166e-01 3.161977553820963238e-01 -1.075861672146469390e-02
1.922865479402170730e-02 1.138523332462815507e-01 -1.401597145152310570e-02 -8.266948497906420612e-02 1.182987576315064869e-02 8.297121111052416231e-02 -5.594297209631886314e-04 -1.140389973632093823e-01 -7.676101997022631400e-03 3.161977553820963238e-01 5.478704315174017792e-01 3.157889160401127215e-01
-3.188909328272063748e-01 -6.037100000523389597e-03 1.157417693320023505e-01 3.059132912882617586e-03 -8.437511777957765191e-02 -4.511537267785245726e-03 8.359400385218113128e-02 2.537566448285282807e-03 -1.143669444213992331e-01 -1.075861672146469390e-02 3.157889160401127215e-01 4.938398898985832397e-01
4.863240267610898782e-01 3.175870270343960633e-01 1.060824977660082807e-03 -1.148675978506494555e-01 -5.113939851950932182e-03 8.362691062824660626e-02 9.656373019127192231e-03 -8.366801396325609930e-02 -3.655316024052000876e-03 1.141894302415473739e-01 -8.936113242388190117e-03 -3.173991227845099905e-01
3.175870270343960633e-01 5.020716054346984203e-01 3.172850417492928399e-01 -1.012308793580117029e-02 -1.149814100980598719e-01 7.254661191822801489e-03 8.426543271250067080e-02 -8.804801586756122109e-03 -8.352278232887185017e-02 3.309859120234040671e-04 1.146301135538115717e-01 -1.001497703782307236e-05
1.060824977660082807e-03 3.172850417492928399e-01 5.167466602552791555e-01 3.176832154078743642e-01 3.536650081200619702e-03 -1.148462888341231919e-01 -1.041538727090929317e-02 8.374271041425541962e-02 5.587646044929918225e-03 -8.302470479695692185e-02 3.486399230595660891e-03 1.144444407459881408e-01
-1.148675978506494555e-01 -1.012308793580117029e-02 3.176832154078743642e-01 4.894023401439734355e-01 3.174626862972246277e-01 2.880905032839925668e-03 -1.145987033119812426e-01 3.461809953158872730e-03 8.306411524439358263e-02 4.039071780959890487e-03 -8.364346938042767354e-02 -6.222140215095200468e-03
-5.113939851950932182e-03 -1.149814100980598719e-01 3.536650081200619702e-03 3.174626862972246277e-01 5.005133779077257650e-01 3.176642476079316602e-01 1.036705121314535939e-02 -1.148586570018332309e-01 -4.575155463175337514e-03 8.321232325839138244e-02 -5.427027702587707697e-03 -8.357038227343217829e-02
8.362691062824660626e-02 7.254661191822801489e-03 -1.148462888341231919e-01 2.880905032839925668e-03 3.176642476079316602e-01 4.901222364267593945e-01 3.176114798841525033e-01 -7.657720798497003566e-03 -1.141867122147280644e-01 -1.673802471443628119e-03 8.348399160660237295e-02 4.565878684419549458e-03
9.656373019127192231e-03 8.426543271250067080e-02 -1.041538727090929317e-02 -1.145987033119812426e-01 1.036705121314535939e-02 3.176114798841525033e-01 4.958557426844933946e-01 3.171844603588940270e-01 1.968797737409034437e-03 -1.142782403392179208e-01 9.805745796445407281e-03 8.377671413485451857e-02
-8.366801396325609930e-02 -8.804801586756122109e-03 8.374271041425541962e-02 3.461809953158872730e-03 -1.148586570018332309e-01 -7.657720798497003566e-03 3.171844603588940270e-01 5.274923877529977823e-01 3.168843305724451387e-01 -1.256524788816945973e-03 -1.145680467695309596e-01 -4.802209808944841660e-03
-3.655316024052000876e-03 -8.352278232887185017e-02 5.587646044929918225e-03 8.306411524439358263e-02 -4.575155463175337514e-03 -1.141867122147280644e-01 1.968797737409034437e-03 3.168843305724451387e-01 4.589794819942286108e-01 3.165539952460567630e-01 -1.582625150414872228e-03 -1.143518332400367821e-01
1.141894302415473739e-01 3.309859120234040671e-04 -8.302470479695692185e-02 4.039071780959890487e-03 8.321232325839138244e-02 -1.673802471443628119e-03 -1.142782403392179208e-01 -1.256524788816945973e-03 3.165539952460567630e-01 5.441137882352461430e-01 3.165981207122248176e-01 -8.108010343642849116e-03
-8.936113242388190117e-03 1.146301135538115717e-01 3.486399230595660891e-03 -8.364346938042767354e-02 -5.427027702587707697e-03 8.348399160660237295e-02 9.805745796445407281e-03 -1.145680467695309596e-01 -1.582625150414872228e-03 3.165981207122248176e-01 4.761026469913913761e-01 3.178311345799847976e-01
-3.173991227845099905e-01 -1.001497703782307236e-05 1.144444407459881408e-01 -6.222140215095200468e-03 -8.357038227343217829e-02 4.565878684419549458e-03 8.377671413485451857e-02 -4.802209808944841660e-03 -1.143518332400367821e-01 -8.108010343642849116e-03 3.178311345799847976e-01 5.122757054121384046e-01
4.691919835331925803e-01 3.167485919557651020e-01 7.689197508269039749e-03 -1.150364684042583380e-01 -3.730751222990051370e-03 8.344615233257854370e-02 6.751721237860679094e-04 -8.353012192118386414e-02 -4.076178324372020309e-03 1.149984977911823053e-01 -9.274087195375188553e-03 -3.168942381721290280e-01
3.167485919557651020e-01 4.969096816263057770e-01 3.179830761062242828e-01 -1.617443740264510460e-02 -1.146263537764400653e-01 -4.454279769383758317e-03 8.356837821384610621e-02 -9.110134241855365363e-04 -8.360480231891739833e-02 7.247154968779278596e-03 1.139675210359837043e-01 -1.876711584596875426e-02
7.689197508269039749e-03 3.179830761062242828e-01 5.159526307322008787e-01 3.171318188171843300e-01 8.167665601753412458e-04 -1.146891631072683437e-01 2.982412282847075879e-03 8.347382410281647958e-02 7.555371557857334074e-04 -8.359939732129798018e-02 7.883254766407967601e-03 1.142366420384887393e-01
-1.150364684042583380e-01 -1.617443740264510460e-02 3.171318188171843300e-01 5.138565544906972260e-01 3.168918509506097880e-01 1.782844540133788486e-02 -1.148857201522711369e-01 -8.013939938622829939e-03 8.349888019654684579e-02 1.459187009922062982e-03 -8.370280013188076407e-02 2.536321221073551194e-03
-3.730751222990051370e-03 -1.146263537764400653e-01 8.167665601753412458e-04 3.168918509506097880e-01 4.579233219588649262e-01 3.162964848471302437e-01 2.836972927073523523e-03 -1.141450882566254488e-01 -3.901658770345010560e-03 8.348229587823356723e-02 -5.049603709833517216e-03 -8.313640174839714847e-02
8.344615233257854370e-02 -4.454279769383758317e-03 -1.146891631072683437e-01 1.782844540133788486e-02 3.162964848471302437e-01 5.092263435345372180e-01 3.177905831216727428e-01 -8.889975962785586980e-03 -1.152536154924011236e-01 1.374206769844076720e-02 8.281380811141880738e-02 -1.600662454265597626e-02
6.751721237860679094e-04 8.356837821384610621e-02 2.982412282847075879e-03 -1.148857201522711369e-01 2.836972927073523523e-03 3.177905831216727428e-01 5.143401453885503294e-01 3.172635541728435760e-01 1.887854287122141608e-03 -1.147416714088744516e-01 5.619160540391804001e-03 8.348473839359835114e-02
-8.353012192118386414e-02 -9.110134241855365363e-04 8.347382410281647958e-02 -8.013939938622829939e-03 -1.141450882566254488e-01 -8.889975962785586980e-03 3.172635541728435760e-01 4.858966763626585417e-01 3.178304716290334397e-01 -9.503231962268741256e-03 -1.141831536530174968e-01 1.136445264179830779e-02
-4.076178324372020309e-03 -8.360480231891739833e-02 7.555371557857334074e-04 8.349888019654684579e-02 -3.901658770345010560e-03 -1.152536154924011236e-01 1.887854287122141608e-03 3.178304716290334397e-01 5.160976258697287378e-01 3.168912111717989699e-01 -1.561193089920837745e-02 -1.140645079297354508e-01
1.149984977911823053e-01 7.247154968779278596e-03 -8.359939732129798018e-02 1.459187009922062982e-03 8.348229587823356723e-02 1.374206769844076720e-02 -1.147416714088744516e-01 -9.503231962268741256e-03 3.168912111717989699e-01 5.163369987771168068e-01 3.174728976393722535e-01 -8.959182237570174900e-03
-9.274087195375188553e-03 1.139675210359837043e-01 7.883254766407967601e-03 -8.370280013188076407e-02 -5.049603709833517216e-03 8.281380811141880738e-02 5.619160540391804001e-03 -1.141831536530174968e-01 -1.561193089920837745e-02 3.174728976393722535e-01 5.081036206661022625e-01 3.178631142225735173e-01
-3.168942381721290280e-01 -1.876711584596875426e-02 1.142366420384887393e-01 2.536321221073551194e-03 -8.313640174839714847e-02 -1.600662454265597626e-02 8.348473839359835114e-02 1.136445264179830779e-02 -1.140645079297354508e-01 -8.959182237570174900e-03 3.178631142225735173e-01 4.961644170600086334e-01
5.169050419120801987e-01 3.172973715557533270e-01 -3.239438563330330600e-03 -1.150079655650120825e-01 1.826498758469728180e-03 8.357610132680688697e-02 6.432785678192948740e-03 -8.382187312990901917e-02 5.558484343927286644e-06 1.148180547534044249e-01 2.132216990442159857e-03 -3.174978296024107971e-01
3.172973715557533270e-01 4.942098201901096721e-01 3.176295463039891520e-01 2.816050072351802824e-02 -1.142700133457938971e-01 -1.262564649005598096e-02 8.212190881892011962e-02 7.217135932919459956e-03 -8.279283926082461886e-02 -4.424582858297349680e-03 1.137987524444819265e-01 -7.798744066272997322e-03
-3.239438563330330600e-03 3.176295463039891520e-01 4.763122298146483802e-01 3.169456302623661625e-01 -3.261315653408930352e-04 -1.143921752795320768e-01 -6.644536873442444605e-03 8.384680863095916870e-02 -1.493636320258111272e-03 -8.379817566579009225e-02 1.484628136016219978e-03 1.146823700035445592e-01
-1.150079655650120825e-01 2.816050072351802824e-02 3.169456302623661625e-01 4.812388892570287346e-01 3.167684045959512362e-01 -2.753205378023035723e-04 -1.141645695138504835e-01 5.747987184490422480e-03 8.253040550580499624e-02 -8.170222136114794337e-03 -8.248523964353697557e-02 1.977695435339578423e-02
1.826498758469728180e-03 -1.142700133457938971e-01 -3.261315653408930352e-04 3.167684045959512362e-01 5.365262203313507783e-01 3.170445717915158501e-01 -6.713201352752068245e-04 -1.146508114005067441e-01 7.424873706120842590e-03 8.350353682855006510e-02 -5.439947120493002393e-03 -8.299623363859059966e-02
8.357610132680688697e-02 -1.262564649005598096e-02 -1.143921752795320768e-01 -2.753205378023035723e-04 3.170445717915158501e-01 4.625630445257541412e-01 3.165496407040843119e-01 4.209113962674794485e-03 -1.141665714893127376e-01 -5.948679536581001973e-04 8.289205151950633510e-02 -9.260516849563752567e-03
6.432785678192948740e-03 8.212190881892011962e-02 -6.644536873442444605e-03 -1.141645695138504835e-01 -6.713201352752068245e-04 3.165496407040843119e-01 5.226673339169816135e-01 3.178793234658195410e-01 -2.206730075905676686e-02 -1.148485719934409927e-01 1.589773956551801537e-02 8.218136869199393901e-02
-8.382187312990901917e-02 7.217135932919459956e-03 8.384680863095916870e-02 5.747987184490422480e-03 -1.146508114005067441e-01 4.209113962674794485e-03 3.178793234658195410e-01 5.043476186544010309e-01 3.173981318993777667e-01 2.904830912465962336e-03 -1.143415106690215677e-01 5.841752029454679550e-03
5.558484343927286644e-06 -8.279283926082461886e-02 -1.493636320258111272e-03 8.253040550580499624e-02 7.424873706120842590e-03 -1.141665714893127376e-01 -2.206730075905676686e-02 3.173981318993777667e-01 5.177497755590929618e-01 3.176371607541733644e-01 -1.256463303898857839e-02 -1.137995584075273126e-01
1.148180547534044249e-01 -4.424582858297349680e-03 -8.379817566579009225e-02 -8.170222136114794337e-03 8.350353682855006510e-02 -5.948679536581001973e-04 -1.148485719934409927e-01 2.904830912465962336e-03 3.176371607541733644e-01 4.815038031553457998e-01 3.171098854220437691e-01 -1.814572673224518207e-03
2.132216990442159857e-03 1.137987524444819265e-01 1.484628136016219978e-03 -8.248523964353697557e-02 -5.439947120493002393e-03 8.289205151950633510e-02 1.589773956551801537e-02 -1.143415106690215677e-01 -1.256463303898857839e-02 3.171098854220437691e-01 5.407901463716867640e-01 3.162629897172901661e-01
-3.174978296024107971e-01 -7.798744066272997322e-03 1.146823700035445592e-01 1.977695435339578423e-02 -8.299623363859059966e-02 -9.260516849563752567e-03 8.218136869199393901e-02 5.841752029454679550e-03 -1.137995584075273126e-01 -1.814572673224518207e-03 3.162629897172901661e-01 4.651860763115783226e-01
4.968307667892950530e-01 3.184560733029734858e-01 7.580314096548790986e-03 -1.152397587196678647e-01 -1.351236830560036822e-02 8.282814609066410649e-02 1.505804907136789640e-02 -8.214962277288807846e-02 -6.238580164580273535e-03 1.135964932543974126e-01 1.382281263225905964e-02 -3.167436544474758753e-01
3.184560733029734858e-01 5.002229202362362681e-01 3.168556188159796783e-01 6.076603471415347596e-03 -1.136348489529192540e-01 -1.177977669961144391e-02 8.223094388979970693e-02 1.342222476498714998e-02 -8.398876428969999364e-02 -9.931987048144155089e-03 1.147765915706783074e-01 7.787996986701451602e-03
7.580314096548790986e-03 3.168556188159796783e-01 4.862514207293364699e-01 3.181454936902738395e-01 1.813793669795603358e-02 -1.140998420425577975e-01 -1.564163860849410864e-02 8.264693347048725214e-02 3.333526252922981454e-03 -8.286748728059759039e-02 -5.768140436952617911e-03 1.143216316103460584e-01
-1.152397587196678647e-01 6.076603471415347596e-03 3.181454936902738395e-01 4.915370773011543126e-01 3.166532452571995115e-01 1.134585206092277726e-02 -1.138610210330600614e-01 -9.192389571016715277e-03 8.411434358879943396e-02 4.401574422116293420e-03 -8.407417310867734694e-02 5.027782341494400203e-04
-1.351236830560036822e-02 -1.136348489529192540e-01 1.813793669795603358e-02 3.166532452571995115e-01 4.748133052812369970e-01 3.175047960411244707e-01 1.398373461083177172e-02 -1.145463103918257231e-01 3.467052962786101693e-03 8.323320293674577042e-02 -1.952912177380429146e-03 -8.308277574797168219e-02
8.282814609066410649e-02 -1.177977669961144391e-02 -1.140998420425577975e-01 1.134585206092277726e-02 3.175047960411244707e-01 5.028405606176327147e-01 3.177310867691132690e-01 -2.297416186577840892e-03 -1.147714992545943447e-01 4.568018407654453675e-03 8.385271806279570583e-02 -8.998218122496782351e-03
1.505804907136789640e-02 8.223094388979970693e-02 -1.564163860849410864e-02 -1.138610210330600614e-01 1.398373461083177172e-02 3.177310867691132690e-01 4.810128847536503938e-01 3.171250658161391955e-01 -1.143336185958590198e-02 -1.140932349618339892e-01 6.046361512289979631e-03 8.260447517209834611e-02
-8.214962277288807846e-02 1.342222476498714998e-02 8.264693347048725214e-02 -9.192389571016715277e-03 -1.145463103918257231e-01 -2.297416186577840892e-03 3.171250658161391955e-01 5.328172141718400256e-01 3.165185115343754352e-01 -1.297517839697456474e-02 -1.146282476290681335e-01 1.469692744648410515e-02
-6.238580164580273535e-03 -8.398876428969999364e-02 3.333526252922981454e-03 8.411434358879943396e-02 3.467052962786101693e-03 -1.147714992545943447e-01 -1.143336185958590198e-02 3.165185115343754352e-01 5.031972744339572312e-01 3.181462035251546583e-01 4.253673349507245544e-03 -1.152649765181888303e-01
1.135964932543974126e-01 -9.931987048144155089e-03 -8.286748728059759039e-02 4.401574422116293420e-03 8.323320293674577042e-02 4.568018407654453675e-03 -1.140932349618339892e-01 -1.297517839697456474e-02 3.181462035251546583e-01 4.965670671029467909e-01 3.175368318280284985e-01 -1.298343040990513828e-02
1.382281263225905964e-02 1.147765915706783074e-01 -5.768140436952617911e-03 -8.407417310867734694e-02 -1.952912177380429146e-03 8.385271806279570583e-02 6.046361512289979631e-03 -1.146282476290681335e-01 4.253673349507245544e-03 3.175368318280284985e-01 5.072396603574218510e-01 3.172359053953514030e-01
-3.167436544474758753e-01 7.787996986701451602e-03 1.143216316103460584e-01 5.027782341494400203e-04 -8.308277574797168219e-02 -8.998218122496782351e-03 8.260447517209834611e-02 1.469692744648410515e-02 -1.152649765181888303e-01 -1.298343040990513828e-02 3.172359053953514030e-01 5.266698482252747393e-01
4.971235941582707873e-01 3.169040367593474183e-01 -1.086084227357057320e-02 -1.146128396211368722e-01 5.876767004869189875e-03 8.362988344431521170e-02 2.218195977291368554e-03 -8.390664347915076371e-02 -1.453864632361080624e-03 1.150958320309506538e-01 -3.439390613530641724e-03 -3.180801083328545498e-01
3.169040367593474183e-01 5.253717096865316849e-01 3.176362467414807766e-01 3.536611876993425198e-04 -1.149908561553000946e-01 -5.591148067271326308e-03 8.327549551854909748e-02 -1.064430510527631345e-03 -8.331539537344788415e-02 -2.779728103929780987e-03 1.144705854899594200e-01 6.465055363369633795e-03
-1.086084227357057320e-02 3.176362467414807766e-01 4.903628643681940957e-01 3.171498234854420728e-01 5.094086601403056969e-03 -1.140192180637230601e-01 -1.073771070306222229e-02 8.396206529170788246e-02 9.726223781367558316e-03 -8.371379323540514839e-02 -6.975457298326199693e-03 1.148203284252497791e-01
-1.146128396211368722e-01 3.536611876993425198e-04 3.171498234854420728e-01 4.941800188024475515e-01 3.181834819636135681e-01 9.417711191814889110e-03 -1.146838141086413826e-01 2.473896747863054205e-03 8.357613780731054653e-02 -5.062447160666542004e-04 -8.353943751874720602e-02 -6.288679562294150621e-05
5.876767004869189875e-03 -1.149908561553000946e-01 5.094086601403056969e-03 3.181834819636135681e-01 5.008448857751172101e-01 3.167127822400009340e-01 8.287616717780279044e-03 -1.149502663316601669e-01 -7.591414600608300395e-03 8.368389670832995786e-02 4.300082507404008776e-03 -8.371768065748935728e-02
8.362988344431521170e-02 -5.591148067271326308e-03 -1.140192180637230601e-01 9.417711191814889110e-03 3.167127822400009340e-01 4.718240178687808095e-01 3.175259934124376460e-01 -4.814845266378695032e-03 -1.148558714763822097e-01 3.039619609993551245e-03 8.362299483320106974e-02 -3.123975121230227001e-03
2.218195977291368554e-03 8.327549551854909748e-02 -1.073771070306222229e-02 -1.146838141086413826e-01 8.287616717780279044e-03 3.175259934124376460e-01 5.245793230318296363e-01 3.170015816377711459e-01 -3.528303138451539724e-03 -1.144018235250557625e-01 4.362083154424018817e-03 8.334427369622622594e-02
-8.390664347915076371e-02 -1.064430510527631345e-03 8.396206529170788246e-02 2.473896747863054205e-03 -1.149502663316601669e-01 -4.814845266378695032e-03 3.170015816377711459e-01 4.955410173614601121e-01 3.179133441970821705e-01 3.555697861814843472e-03 -1.151399632897000258e-01 -3.057280064189457462e-03
-1.453864632361080624e-03 -8.331539537344788415e-02 9.726223781367558316e-03 8.357613780731054653e-02 -7.591414600608300395e-03 -1.148558714763822097e-01 -3.528303138451539724e-03 3.179133441970821705e-01 4.934650701929640393e-01 3.173057752071189452e-01 -3.170092615469687590e-03 -1.145352790559527462e-01
1.150958320309506538e-01 -2.779728103929780987e-03 -8.371379323540514839e-02 -5.062447160666542004e-04 8.368389670832995786e-02 3.039619609993551245e-03 -1.144018235250557625e-01 3.555697861814843472e-03 3.173057752071189452e-01 5.101432639953034087e-01 3.178640423767850609e-01 -1.324408206056018611e-03
-3.439390613530641724e-03 1.144705854899594200e-01 -6.975457298326199693e-03 -8.353943751874720602e-02 4.300082507404008776e-03 8.362299483320106974e-02 4.362083154424018817e-03 -1.151399632897000258e-01 -3.170092615469687590e-03 3.178640423767850609e-01 4.956143787630091224e-01 3.173379669707329653e-01
-3.180801083328545498e-01 6.465055363369633795e-03 1.148203284252497791e-01 -6.288679562294150621e-05 -8.371768065748935728e-02 -3.123975121230227001e-03 8.334427369622622594e-02 -3.057280064189457462e-03 -1.145352790559527462e-01 -1.324408206056018611e-03 3.173379669707329653e-01 5.009498559960917641e-01
4.940592407388244567e-01 3.176454000102352793e-01 -5.654605398407825875e-04 -1.148154205730723687e-01 4.153933401083460125e-03 8.361325921524413729e-02 -2.720454259253717207e-03 -8.374418904916727802e-02 8.082656658198850153e-03 1.146532643452500277e-01 8.014147056459976562e-04 -3.175549550911561103e-01
3.176454000102352793e-01 4.929016394841170268e-01 3.174918823243642052e-01 -9.647388092023643710e-03 -1.144136688390693657e-01 8.360753412726313477e-03 8.340128888698911114e-02 -3.585253083211910070e-03 -8.317755079201993862e-02 6.714915691952390471e-03 1.149109225881424501e-01 -8.336847600245876969e-03
-5.654605398407825875e-04 3.174918823243642052e-01 5.192573096099091234e-01 3.171866205700859531e-01 -1.001873146513117090e-02 -1.145214220763195456e-01 4.351484658861344904e-03 8.366992982999987838e-02 -8.511084024074015708e-03 -8.354118116710773645e-02 -2.381158616509768122e-05 1.147268273539115285e-01
-1.148154205730723687e-01 -9.647388092023643710e-03 3.171866205700859531e-01 5.054813137796830835e-01 3.178104337893935538e-01 -2.715590148909358299e-03 -1.149165489835086706e-01 -2.796497091565630297e-03 8.390931280386050573e-02 1.527107969724074248e-03 -8.372154877896063885e-02 -2.307770638069213572e-03
4.153933401083460125e-03 -1.144136688390693657e-01 -1.001873146513117090e-02 3.178104337893935538e-01 5.037270779361068263e-01 3.175575530458442097e-01 2.399691127505535881e-03 -1.147066998622073286e-01 5.047417655240011777e-03 8.346965962798894023e-02 3.380644209255930649e-03 -8.348693783379079747e-02
8.361325921524413729e-02 8.360753412726313477e-03 -1.145214220763195456e-01 -2.715590148909358299e-03 3.175575530458442097e-01 4.998892462902368439e-01 3.175834601904984900e-01 5.249961912936261348e-03 -1.151442462774480840e-01 -3.997902143575866700e-03 8.362342621405351173e-02 3.777131469513740798e-03
-2.720454259253717207e-03 8.340128888698911114e-02 4.351484658861344904e-03 -1.149165489835086706e-01 2.399691127505535881e-03 3.175834601904984900e-01 4.869282916185777577e-01 3.175314859417215363e-01 -7.489915760502761227e-03 -1.145741701938623874e-01 -2.934097918183564430e-03 8.349797244116291539e-02
-8.374418904916727802e-02 -3.585253083211910070e-03 8.366992982999987838e-02 -2.796497091565630297e-03 -1.147066998622073286e-01 5.249961912936261348e-03 3.175314859417215363e-01 5.129381795825613821e-01 3.174932863373978176e-01 -3.369942463203395248e-04 -1.148576718677887659e-01 2.656388089837483785e-04
8.082656658198850153e-03 -8.317755079201993862e-02 -8.511084024074015708e-03 8.390931280386050573e-02 5.047417655240011777e-03 -1.151442462774480840e-01 -7.489915760502761227e-03 3.174932863373978176e-01 5.070994279622578205e-01 3.172823995570615008e-01 1.032641289747752295e-02 -1.146353942460079378e-01
1.146532643452500277e-01 6.714915691952390471e-03 -8.354118116710773645e-02 1.527107969724074248e-03 8.346965962798894023e-02 -3.997902143575866700e-03 -1.145741701938623874e-01 -3.369942463203395248e-04 3.172823995570615008e-01 4.751535784790726913e-01 3.172558743436105222e-01 5.280675167282313301e-03
8.014147056459976562e-04 1.149109225881424501e-01 -2.381158616509768122e-05 -8.372154877896063885e-02 3.380644209255930649e-03 8.362342621405351173e-02 -2.934097918183564430e-03 -1.148576718677887659e-01 1.032641289747752295e-02 3.172558743436105222e-01 5.055764231887392990e-01 3.177907745262240069e-01
-3.175549550911561103e-01 -8.336847600245876969e-03 1.147268273539115285e-01 -2.307770638069213572e-03 -8.348693783379079747e-02 3.777131469513740798e-03 8.349797244116291539e-02 2.656388089837483785e-04 -1.146353942460079378e-01 5.280675167282313301e-03 3.177907745262240069e-01 4.969882713299395016e-01
5.060079858005706033e-01 3.168567511485702037e-01 2.117147371941106165e-03 -1.150254801094801466e-01 -1.140716033942733645e-02 8.292262393296553902e-02 3.389030219481456788e-03 -8.322232748165364624e-02 5.467792092685342005e-03 1.151035493202146043e-01 -4.649629723282872572e-03 -3.182969442376682445e-01
3.168567511485702037e-01 4.746580403621469824e-01 3.172512855201635174e-01 -1.373440727316658019e-02 -1.155643345436952324e-01 5.636753552666819850e-03 8.401643266171184010e-02 -1.260977116645938673e-02 -8.254019709014104311e-02 4.712951383863539859e-03 1.137982945732085305e-01 -3.238596624674387574e-03
2.117147371941106165e-03 3.172512855201635174e-01 5.411721669965769976e-01 3.164019273354792272e-01 5.138091484752802147e-03 -1.133299460428306288e-01 2.791538149778804035e-03 8.207195078489000484e-02 -8.632687530625092476e-03 -8.336166924389191990e-02 7.254379294330180923e-03 1.149617568669326073e-01
-1.150254801094801466e-01 -1.373440727316658019e-02 3.164019273354792272e-01 4.836311360189343711e-01 3.172168634406452026e-01 9.503048447782280056e-03 -1.155888297110496954e-01 2.325452827894670775e-03 8.403241433520038106e-02 7.701517728123470977e-03 -8.408498038703736410e-02 -1.298638744452413479e-02
-1.140716033942733645e-02 -1.155643345436952324e-01 5.138091484752802147e-03 3.172168634406452026e-01 4.779536455523163418e-01 3.166714546309012390e-01 -7.169006722590569314e-03 -1.131790713886022814e-01 1.242243637141028298e-02 8.384122155165407708e-02 -1.186468721854166096e-02 -8.465172117475119884e-02
8.292262393296553902e-02 5.636753552666819850e-03 -1.133299460428306288e-01 9.503048447782280056e-03 3.166714546309012390e-01 5.276946863484693884e-01 3.178733731561192988e-01 -2.168549691792494294e-02 -1.139722629164557910e-01 1.660736671737707022e-03 8.305391455823303570e-02 5.322432703110896099e-03
3.389030219481456788e-03 8.401643266171184010e-02 2.791538149778804035e-03 -1.155888297110496954e-01 -7.169006722590569314e-03 3.178733731561192988e-01 5.003528310718319272e-01 3.168384455624613794e-01 -3.765943464513860431e-03 -1.148667536281579304e-01 3.609580612699043664e-03 8.405721290609437235e-02
-8.322232748165364624e-02 -1.260977116645938673e-02 8.207195078489000484e-02 2.325452827894670775e-03 -1.131790713886022814e-01 -2.168549691792494294e-02 3.168384455624613794e-01 5.342811494963214392e-01 3.168620398539395144e-01 5.709320741583321160e-03 -1.144636683623449364e-01 -1.239998702089123092e-02
5.467792092685342005e-03 -8.254019709014104311e-02 -8.632687530625092476e-03 8.403241433520038106e-02 1.242243637141028298e-02 -1.139722629164557910e-01 -3.765943464513860431e-03 3.168620398539395144e-01 4.598484723577654920e-01 3.165197797962271409e-01 1.173533100387255494e-02 -1.135537680872159144e-01
1.151035493202146043e-01 4.712951383863539859e-03 -8.336166924389191990e-02 7.701517728123470977e-03 8.384122155165407708e-02 1.660736671737707022e-03 -1.148667536281579304e-01 5.709320741583321160e-03 3.165197797962271409e-01 5.144655464617369223e-01 3.182617748684114511e-01 4.117464390107485744e-03
-4.649629723282872572e-03 1.137982945732085305e-01 7.254379294330180923e-03 -8.408498038703736410e-02 -1.186468721854166096e-02 8.305391455823303570e-02 3.609580612699043664e-03 -1.144636683623449364e-01 1.173533100387255494e-02 3.182617748684114511e-01 4.798782582120922346e-01 3.165184564301909420e-01
