5.032757161453245143e-01 3.202846741273743802e-01 -5.355872899897248969e-03 -1.211314455494090780e-01 1.525125825643793140e-03 9.762980344654718923e-02 1.696893689500972996e-02 -1.190640351930189883e-01 -9.746274043529370296e-03 3.178921462547302790e-01
3.202846741273743802e-01 4.986927130058098623e-01 3.182667999643038481e-01 4.996202020584787715e-04 -1.194897779768738788e-01 5.962149788426152411e-03 9.748569886035843290e-02 4.395541101289281855e-03 -1.211841356330841390e-01 -5.088818441744661844e-03
-5.355872899897248969e-03 3.182667999643038481e-01 5.136754627259565442e-01 3.199927932939830022e-01 -3.962589382382974978e-03 -1.211113712500585665e-01 -1.886027447567740697e-02 9.589079806566529196e-02 1.009773545135186912e-02 -1.192905030179628179e-01
-1.211314455494090780e-01 4.996202020584787715e-04 3.199927932939830022e-01 4.813083842220105546e-01 3.181266155044258914e-01 1.055672758405249963e-03 -1.196095648034890546e-01 -6.386487823508906619e-03 9.731671245947409732e-02 4.239941502447272699e-03
1.525125825643793140e-03 -1.194897779768738788e-01 -3.962589382382974978e-03 3.181266155044258914e-01 5.294434459211394550e-01 3.196401325515747516e-01 2.179048121584726411e-02 -1.193027104368712676e-01 -7.508196783590713116e-03 9.614962833926822550e-02
9.762980344654718923e-02 5.962149788426152411e-03 -1.211113712500585665e-01 1.055672758405249963e-03 3.196401325515747516e-01 4.551338709227689128e-01 3.152792850466491492e-01 1.788515810047817955e-02 -1.197524465706072266e-01 -1.024115848302043462e-02
1.696893689500972996e-02 9.748569886035843290e-02 -1.886027447567740697e-02 -1.196095648034890546e-01 2.179048121584726411e-02 3.152792850466491492e-01 4.815667541833281162e-01 3.208471019847985439e-01 -1.028452746601135961e-02 -1.214917613372418215e-01
-1.190640351930189883e-01 4.395541101289281855e-03 9.589079806566529196e-02 -6.386487823508906619e-03 -1.193027104368712676e-01 1.788515810047817955e-02 3.208471019847985439e-01 5.249508074155903037e-01 3.176646648400748285e-01 -7.183669056549827486e-03
-9.746274043529370296e-03 -1.211841356330841390e-01 1.009773545135186912e-02 9.731671245947409732e-02 -7.508196783590713116e-03 -1.197524465706072266e-01 -1.028452746601135961e-02 3.176646648400748285e-01 4.937852385649527664e-01 3.203740651862262423e-01
3.178921462547302790e-01 -5.088818441744661844e-03 -1.192905030179628179e-01 4.239941502447272699e-03 9.614962833926822550e-02 -1.024115848302043462e-02 -1.214917613372418215e-01 -7.183669056549827486e-03 3.203740651862262423e-01 5.181676068931231338e-01
5.214992759607599560e-01 3.190727745529983173e-01 -1.784104708790985871e-02 -1.196834125168514534e-01 1.831677987370884577e-03 9.648763065976988240e-02 4.697602708045938227e-03 -1.195497662353808693e-01 -1.503636226861444943e-02 3.189756564156639440e-01
3.190727745529983173e-01 4.960324287984330116e-01 3.195090097516507521e-01 2.549364487825088194e-03 -1.206517029303392913e-01 -2.686384768762594376e-03 9.726639656501862019e-02 6.571079328496017349e-03 -1.202068941305282357e-01 -1.638957277330554269e-03
-1.784104708790985871e-02 3.195090097516507521e-01 5.260909855316409089e-01 3.181029978311793460e-01 3.766175019736811222e-03 -1.195625092239818998e-01 -9.176386416271133800e-03 9.589224672808591143e-02 1.550049049936100959e-02 -1.200828460558351213e-01
-1.196834125168514534e-01 2.549364487825088194e-03 3.181029978311793460e-01 4.636521093994939724e-01 3.189056207394552200e-01 1.413026519867572120e-02 -1.198921274059844416e-01 -1.322462051197382041e-02 9.618318136562264975e-02 4.850209568413584721e-03
1.831677987370884577e-03 -1.206517029303392913e-01 3.766175019736811222e-03 3.189056207394552200e-01 5.144717368798350510e-01 3.193389693686642383e-01 -8.621739585328513315e-05 -1.204241035382066227e-01 -4.070638872439949832e-03 9.733418121617748442e-02
9.648763065976988240e-02 -2.686384768762594376e-03 -1.195625092239818998e-01 1.413026519867572120e-02 3.193389693686642383e-01 4.773795410317749344e-01 3.187697305966400996e-01 1.664668841156947618e-02 -1.195943964799777576e-01 -4.294189644560839070e-03
4.697602708045938227e-03 9.726639656501862019e-02 -9.176386416271133800e-03 -1.198921274059844416e-01 -8.621739585328513315e-05 3.187697305966400996e-01 5.047288255796070766e-01 3.197575309472741600e-01 -1.751902883855538731e-03 -1.208826372466987042e-01
-1.195497662353808693e-01 6.571079328496017349e-03 9.589224672808591143e-02 -1.322462051197382041e-02 -1.204241035382066227e-01 1.664668841156947618e-02 3.197575309472741600e-01 4.773869958745873276e-01 3.182140468485350482e-01 -7.431385015843616770e-04
-1.503636226861444943e-02 -1.202068941305282357e-01 1.550049049936100959e-02 9.618318136562264975e-02 -4.070638872439949832e-03 -1.195943964799777576e-01 -1.751902883855538731e-03 3.182140468485350482e-01 5.260488282307214103e-01 3.195094324555652898e-01
3.189756564156639440e-01 -1.638957277330554269e-03 -1.200828460558351213e-01 4.850209568413584721e-03 9.733418121617748442e-02 -4.294189644560839070e-03 -1.208826372466987042e-01 -7.431385015843616770e-04 3.195094324555652898e-01 4.927092727131485717e-01
5.110258138673651196e-01 3.186660257406931374e-01 -1.839348448468556413e-02 -1.197705899014404329e-01 1.003901493177601287e-02 9.612233632205140210e-02 -1.182656629977804456e-02 -1.206287697564967926e-01 1.156133764424053731e-03 3.194832544273662478e-01
3.186660257406931374e-01 5.213590897651162459e-01 3.189007352003834228e-01 -7.424394485318865783e-03 -1.205744951124729375e-01 9.757182332208218928e-03 9.719561440877352854e-02 9.729789838070568644e-04 -1.204223285588529591e-01 -1.100348733290665293e-02
-1.839348448468556413e-02 3.189007352003834228e-01 5.087549065008381000e-01 3.192697796437638513e-01 9.402008571702483858e-04 -1.205148529748682057e-01 -3.547661106390160267e-04 9.714433037418845895e-02 1.089208583038189793e-02 -1.196651459601855705e-01
-1.197705899014404329e-01 -7.424394485318865783e-03 3.192697796437638513e-01 4.910312219373771936e-01 3.193244694469608014e-01 -5.973528423599267292e-03 -1.205223429336249041e-01 -6.030570827919010980e-03 9.665520698984852999e-02 1.107034657626867688e-02
1.003901493177601287e-02 -1.205744951124729375e-01 9.402008571702483858e-04 3.193244694469608014e-01 5.111507943967266154e-01 3.189892449310089972e-01 -2.001778068572510581e-03 -1.204893440528024134e-01 -8.548707838366921899e-03 9.673213843764214004e-02
9.612233632205140210e-02 9.757182332208218928e-03 -1.205148529748682057e-01 -5.973528423599267292e-03 3.189892449310089972e-01 5.055679076319457010e-01 3.194068212992947631e-01 1.520649464148784644e-02 -1.194410128314441766e-01 -1.593627627491394153e-02
-1.182656629977804456e-02 9.719561440877352854e-02 -3.547661106390160267e-04 -1.205223429336249041e-01 -2.001778068572510581e-03 3.194068212992947631e-01 4.798733587082633090e-01 3.183425508647977908e-01 1.758384252996648967e-02 -1.194768443109856804e-01
-1.206287697564967926e-01 9.729789838070568644e-04 9.714433037418845895e-02 -6.030570827919010980e-03 -1.204893440528024134e-01 1.520649464148784644e-02 3.183425508647977908e-01 4.826804660006572267e-01 3.192798701398019690e-01 9.908947591349238221e-03
1.156133764424053731e-03 -1.204223285588529591e-01 1.089208583038189793e-02 9.665520698984852999e-02 -8.548707838366921899e-03 -1.194410128314441766e-01 1.758384252996648967e-02 3.192798701398019690e-01 4.913351565002152532e-01 3.191002591270494237e-01
3.194832544273662478e-01 -1.100348733290665293e-02 -1.196651459601855705e-01 1.107034657626867688e-02 9.673213843764214004e-02 -1.593627627491394153e-02 -1.194768443109856804e-01 9.908947591349238221e-03 3.191002591270494237e-01 4.972212846914899065e-01
4.734526988639707890e-01 3.192563929926141020e-01 1.593308854635250293e-02 -1.203381687270078521e-01 -6.134782745301774372e-03 9.706365560712751361e-02 1.794055331844299998e-03 -1.202892383011438249e-01 -9.039903416323484542e-03 3.179983977247702320e-01
3.192563929926141020e-01 5.014401977306067737e-01 3.193485560742141405e-01 -1.929242524065574206e-03 -1.204175921083015383e-01 2.512323596674836609e-03 9.691445580521018677e-02 -7.577202873603099478e-03 -1.206468483054528446e-01 -1.948060346505369259e-03
1.593308854635250293e-02 3.193485560742141405e-01 4.870657608796822302e-01 3.190863956499630505e-01 -1.542006260483270649e-04 -1.203737399348496495e-01 3.609131959908063424e-03 9.682879861267068566e-02 3.292468905018545999e-03 -1.197758076585780651e-01
-1.203381687270078521e-01 -1.929242524065574206e-03 3.190863956499630505e-01 5.146284524485711387e-01 3.191089972626677262e-01 -6.991559073276773159e-03 -1.200980093437441221e-01 1.001614260766751051e-02 9.755406263841970294e-02 -2.843318520018305387e-03
-6.134782745301774372e-03 -1.204175921083015383e-01 -1.542006260483270649e-04 3.191089972626677262e-01 4.959547318089244095e-01 3.194885040693862255e-01 -2.397154817685929681e-03 -1.206616016024149030e-01 -8.242144890792038950e-03 9.664235077321903233e-02
9.706365560712751361e-02 2.512323596674836609e-03 -1.203737399348496495e-01 -6.991559073276773159e-03 3.194885040693862255e-01 5.081841511400402300e-01 3.187737807088404374e-01 -9.983823456132119231e-03 -1.208142818344143665e-01 3.575750810090488549e-03
1.794055331844299998e-03 9.691445580521018677e-02 3.609131959908063424e-03 -1.200980093437441221e-01 -2.397154817685929681e-03 3.187737807088404374e-01 5.091667433010231836e-01 3.198140452057595118e-01 1.551815131921615090e-02 -1.199365861609083955e-01
-1.202892383011438249e-01 -7.577202873603099478e-03 9.682879861267068566e-02 1.001614260766751051e-02 -1.206616016024149030e-01 -9.983823456132119231e-03 3.198140452057595118e-01 4.905016241052729820e-01 3.184414211212597268e-01 9.264286402586308089e-04
-9.039903416323484542e-03 -1.206468483054528446e-01 3.292468905018545999e-03 9.755406263841970294e-02 -8.242144890792038950e-03 -1.208142818344143665e-01 1.551815131921615090e-02 3.184414211212597268e-01 4.750000029829191117e-01 3.184106960507058215e-01
3.179983977247702320e-01 -1.948060346505369259e-03 -1.197758076585780651e-01 -2.843318520018305387e-03 9.664235077321903233e-02 3.575750810090488549e-03 -1.199365861609083955e-01 9.264286402586308089e-04 3.184106960507058215e-01 5.446056367389957575e-01
5.054056911123693263e-01 3.197742843515853917e-01 -3.200763301723170344e-04 -1.209725892790379648e-01 -9.909333085867635255e-03 9.720769507367678364e-02 -8.043607537673184982e-03 -1.194614614967838967e-01 6.534491058555734824e-03 3.187342805753786701e-01
3.197742843515853917e-01 4.927586554970282418e-01 3.187404733187635952e-01 3.917084478027371523e-03 -1.196589827034756082e-01 -4.685623483212480317e-03 9.728153834686753543e-02 -9.385202504919148633e-03 -1.208843872890595639e-01 2.759293865980215824e-03
-3.200763301723170344e-04 3.187404733187635952e-01 5.052170181338807575e-01 3.198345984773694473e-01 1.284805240976836203e-02 -1.207541409983984987e-01 1.035909524845206667e-02 9.616762988860920458e-02 -5.668920105790920330e-03 -1.199905604690203187e-01
-1.209725892790379648e-01 3.917084478027371523e-03 3.198345984773694473e-01 4.818079744612749349e-01 3.179762378768100084e-01 4.128977592066372312e-03 -1.202357236614731706e-01 8.913555104402118984e-03 9.750835865797559399e-02 -1.523452229625174353e-03
-9.909333085867635255e-03 -1.196589827034756082e-01 1.284805240976836203e-02 3.179762378768100084e-01 4.874403295700308059e-01 3.199207289118765063e-01 -2.682573291098119123e-02 -1.185478726806427630e-01 1.439842265910478564e-02 9.652311627622625623e-02
9.720769507367678364e-02 -4.685623483212480317e-03 -1.207541409983984987e-01 4.128977592066372312e-03 3.199207289118765063e-01 5.372150561247657219e-01 3.160012138248118330e-01 -2.144134242633788379e-02 -1.199414429058130727e-01 5.501635147921088084e-03
-8.043607537673184982e-03 9.728153834686753543e-02 1.035909524845206667e-02 -1.202357236614731706e-01 -2.682573291098119123e-02 3.160012138248118330e-01 5.257013988871555021e-01 3.202518052637605139e-01 3.767419645691296153e-03 -1.207985340954788878e-01
-1.194614614967838967e-01 -9.385202504919148633e-03 9.616762988860920458e-02 8.913555104402118984e-03 -1.185478726806427630e-01 -2.144134242633788379e-02 3.202518052637605139e-01 4.875714219263959648e-01 3.183552536081365458e-01 1.484367746215249292e-02
6.534491058555734824e-03 -1.208843872890595639e-01 -5.668920105790920330e-03 9.750835865797559399e-02 1.439842265910478564e-02 -1.199414429058130727e-01 3.767419645691296153e-03 3.183552536081365458e-01 4.885138965750233098e-01 3.196166931648563025e-01
3.187342805753786701e-01 2.759293865980215824e-03 -1.199905604690203187e-01 -1.523452229625174353e-03 9.652311627622625623e-02 5.501635147921088084e-03 -1.207985340954788878e-01 1.484367746215249292e-02 3.196166931648563025e-01 4.883685577120819854e-01
5.044597200219290700e-01 3.184129824407662679e-01 6.642422121749404218e-03 -1.200444560544987882e-01 -8.724522348443782688e-03 9.726252143117231075e-02 7.407252447513897053e-03 -1.205738769460519277e-01 7.976461458356834053e-03 3.199676348124185221e-01
3.184129824407662679e-01 4.770019453119171970e-01 3.194804355911056160e-01 2.893269061768833934e-03 -1.207953477840664758e-01 5.342630376024887565e-03 9.736237384115416227e-02 -7.136890877231569404e-03 -1.195355664545165730e-01 5.659459854921914876e-03
6.642422121749404218e-03 3.194804355911056160e-01 5.150353847603275081e-01 3.188247104520869901e-01 -9.663750099273575502e-04 -1.200307623561247539e-01 -3.917256694364705527e-05 9.662262548671439466e-02 -1.158044232372129265e-02 -1.207640659369462605e-01
-1.200444560544987882e-01 2.893269061768833934e-03 3.188247104520869901e-01 4.855062134734681178e-01 3.196142938000331446e-01 -4.172627320561533848e-03 -1.208235076204306063e-01 5.929427579020511360e-03 9.673217133805467327e-02 -5.541206331711760399e-04
-8.724522348443782688e-03 -1.207953477840664758e-01 -9.663750099273575502e-04 3.196142938000331446e-01 5.142301134464372092e-01 3.184930685792603522e-01 -3.438936841596110586e-03 -1.195467249905979717e-01 1.382544893272741326e-02 9.740494613186920225e-02
9.726252143117231075e-02 5.342630376024887565e-03 -1.200307623561247539e-01 -4.172627320561533848e-03 3.184930685792603522e-01 5.024751843023663733e-01 3.200405777235347804e-01 -5.996616674565416298e-03 -1.207653625217763455e-01 -4.451909235397868286e-03
7.407252447513897053e-03 9.736237384115416227e-02 -3.917256694364705527e-05 -1.208235076204306063e-01 -3.438936841596110586e-03 3.200405777235347804e-01 4.945252666483071491e-01 3.179982951818806081e-01 -1.326091305934849751e-02 -1.205429842158354664e-01
-1.205738769460519277e-01 -7.136890877231569404e-03 9.662262548671439466e-02 5.929427579020511360e-03 -1.195467249905979717e-01 -5.996616674565416298e-03 3.179982951818806081e-01 5.330453414554443548e-01 3.193529927914278699e-01 4.641815612123199875e-03
7.976461458356834053e-03 -1.195355664545165730e-01 -1.158044232372129265e-02 9.673217133805467327e-02 1.382544893272741326e-02 -1.207653625217763455e-01 -1.326091305934849751e-02 3.193529927914278699e-01 4.807512521076878209e-01 3.183038517886699337e-01
3.199676348124185221e-01 5.659459854921914876e-03 -1.207640659369462605e-01 -5.541206331711760399e-04 9.740494613186920225e-02 -4.451909235397868286e-03 -1.205429842158354664e-01 4.641815612123199875e-03 3.183038517886699337e-01 4.929695784721144225e-01
5.238910412295061381e-01 3.169654295592149174e-01 -1.750772612058941122e-02 -1.198382003773149768e-01 1.160755581716070919e-02 9.709781391270383422e-02 -4.413573858570186796e-03 -1.209522740750409719e-01 4.688926051844073684e-03 3.202112676278623948e-01
3.169654295592149174e-01 5.298461285544247001e-01 3.194263437906381120e-01 -3.565338791053623141e-03 -1.205798133087981616e-01 -6.742918446318814027e-04 9.706715446046897122e-02 1.047697509333790980e-02 -1.201623132325706222e-01 -2.456084205260350081e-02
-1.750772612058941122e-02 3.194263437906381120e-01 4.865549745217095379e-01 3.191132038797118708e-01 4.402536136739571351e-03 -1.204162985841560063e-01 -9.855485414242469086e-03 9.633149112231241540e-02 8.556219311657245474e-03 -1.189450544140946975e-01
-1.198382003773149768e-01 -3.565338791053623141e-03 3.191132038797118708e-01 5.073375903797621156e-01 3.193108349081187347e-01 -3.446817391991208613e-04 -1.204247386323126917e-01 -7.646013197884830165e-03 9.714632805088357914e-02 1.500466561375379294e-02
1.160755581716070919e-02 -1.205798133087981616e-01 4.402536136739571351e-03 3.193108349081187347e-01 4.928995601649445724e-01 3.193278306582489900e-01 1.501393098005018335e-02 -1.196087043613736078e-01 -9.615741496485509521e-03 9.570815854348403706e-02
9.709781391270383422e-02 -6.742918446318814027e-04 -1.204162985841560063e-01 -3.446817391991208613e-04 3.193278306582489900e-01 4.939358018597380107e-01 3.189212109905960602e-01 8.967491241911934238e-03 -1.205219355931362868e-01 -1.347230856799826529e-02
-4.413573858570186796e-03 9.706715446046897122e-02 -9.855485414242469086e-03 -1.204247386323126917e-01 1.501393098005018335e-02 3.189212109905960602e-01 4.766885679894569128e-01 3.187361379308735754e-01 6.453892130142257350e-03 -1.197083996453000287e-01
-1.209522740750409719e-01 1.047697509333790980e-02 9.633149112231241540e-02 -7.646013197884830165e-03 -1.196087043613736078e-01 8.967491241911934238e-03 3.187361379308735754e-01 5.110620248960542344e-01 3.197398815537228489e-01 6.576164867864872643e-03
4.688926051844073684e-03 -1.201623132325706222e-01 8.556219311657245474e-03 9.714632805088357914e-02 -9.615741496485509521e-03 -1.205219355931362868e-01 6.453892130142257350e-03 3.197398815537228489e-01 4.811729212552086632e-01 3.181855790247397620e-01
3.202112676278623948e-01 -2.456084205260350081e-02 -1.189450544140946975e-01 1.500466561375379294e-02 9.570815854348403706e-02 -1.347230856799826529e-02 -1.197083996453000287e-01 6.576164867864872643e-03 3.181855790247397620e-01 4.966113891491957810e-01
4.658405777299856609e-01 3.183237406021678373e-01 -4.962836500758635062e-04 -1.191841730939930122e-01 -1.737651665262552117e-02 9.740823159280832810e-02 1.233094880245245648e-02 -1.200348652190503240e-01 -1.973118179275062944e-03 3.185792412313654953e-01
3.183237406021678373e-01 5.100006227493344424e-01 3.192621095423657795e-01 -3.083483575010736652e-03 -1.215515707925318711e-01 1.116461635832857735e-02 9.786078486708828239e-02 -5.801749386759692123e-03 -1.205084428492214088e-01 6.095422691889267747e-03
-4.962836500758635062e-04 3.192621095423657795e-01 5.188480646957532860e-01 3.177142433227730378e-01 2.129231158486355815e-02 -1.210021915322975206e-01 -1.613191306191855134e-02 9.689968632638729096e-02 8.432839207500916756e-03 -1.201955946806977094e-01
-1.191841730939930122e-01 -3.083483575010736652e-03 3.177142433227730378e-01 4.507123102460478536e-01 3.183163599569296398e-01 -2.555147944429275470e-03 -1.199073701664815500e-01 1.750053260874604583e-03 9.650082193975573208e-02 -3.344778605264159179e-03
-1.737651665262552117e-02 -1.215515707925318711e-01 2.129231158486355815e-02 3.183163599569296398e-01 5.197402210888584229e-01 3.186409691860493387e-01 -3.778796595989517351e-03 -1.196858158542143946e-01 9.450546619150776428e-03 9.636938225845717576e-02
9.740823159280832810e-02 1.116461635832857735e-02 -1.210021915322975206e-01 -2.555147944429275470e-03 3.186409691860493387e-01 5.084888813312260503e-01 3.193883917575628395e-01 -4.659357104657810451e-04 -1.206734755727594810e-01 -3.978147327338820566e-04
1.233094880245245648e-02 9.786078486708828239e-02 -1.613191306191855134e-02 -1.199073701664815500e-01 -3.778796595989517351e-03 3.193883917575628395e-01 4.796106826643028453e-01 3.183542002001470417e-01 -3.455077654960492933e-03 -1.196597409846148624e-01
-1.200348652190503240e-01 -5.801749386759692123e-03 9.689968632638729096e-02 1.750053260874604583e-03 -1.196858158542143946e-01 -4.659357104657810451e-04 3.183542002001470417e-01 5.308680397750029645e-01 3.192618334279640480e-01 -1.147990447658904858e-02
-1.973118179275062944e-03 -1.205084428492214088e-01 8.432839207500916756e-03 9.650082193975573208e-02 9.450546619150776428e-03 -1.206734755727594810e-01 -3.455077654960492933e-03 3.192618334279640480e-01 4.814931947001046542e-01 3.188024516107862416e-01
3.185792412313654953e-01 6.095422691889267747e-03 -1.201955946806977094e-01 -3.344778605264159179e-03 9.636938225845717576e-02 -3.978147327338820566e-04 -1.196597409846148624e-01 -1.147990447658904858e-02 3.188024516107862416e-01 5.343974050193784908e-01
4.698675189983668732e-01 3.195228760486960029e-01 9.792174240634572008e-03 -1.205808320701814013e-01 5.328020128015345438e-04 9.728701350434594552e-02 4.657170949241295783e-04 -1.205354996898863329e-01 1.166271008030576699e-02 3.173787851621462375e-01
3.195228760486960029e-01 5.110426827068306199e-01 3.189418438797166910e-01 -1.519450346948197483e-03 -1.202003246723569729e-01 -2.558348881282765733e-03 9.684724249805221064e-02 1.629535687225078591e-03 -1.202613519271679698e-01 1.451850919181421271e-02
9.792174240634572008e-03 3.189418438797166910e-01 4.803570415777512204e-01 3.192489768750923496e-01 -8.995552502486549307e-04 -1.206099828142384311e-01 -8.343104640475603601e-06 9.733485654965952361e-02 -1.009448665776297750e-02 -1.192363011831485686e-01
-1.205808320701814013e-01 -1.519450346948197483e-03 3.192489768750923496e-01 5.218896310751792722e-01 3.187705958598096578e-01 -2.672269252291010685e-03 -1.200984655476803747e-01 3.121484129392938529e-03 9.644525788620222917e-02 -1.331897915683631119e-02
5.328020128015345438e-04 -1.202003246723569729e-01 -8.995552502486549307e-04 3.187705958598096578e-01 4.878494118677766389e-01 3.195429706331890385e-01 6.942402754731537111e-03 -1.209516182067888745e-01 5.118326299544633320e-03 9.702769988865406203e-02
9.728701350434594552e-02 -2.558348881282765733e-03 -1.206099828142384311e-01 -2.672269252291010685e-03 3.195429706331890385e-01 5.010682893048122866e-01 3.189828548382890316e-01 -6.346855732231111887e-03 -1.195051340540883439e-01 1.517914718372950431e-02
4.657170949241295783e-04 9.684724249805221064e-02 -8.343104640475603601e-06 -1.200984655476803747e-01 6.942402754731537111e-03 3.189828548382890316e-01 4.986827847999740770e-01 3.197430606788663754e-01 -1.340400710349671370e-02 -1.200752948129707176e-01
-1.205354996898863329e-01 1.629535687225078591e-03 9.733485654965952361e-02 3.121484129392938529e-03 -1.209516182067888745e-01 -6.346855732231111887e-03 3.197430606788663754e-01 5.178048709095084412e-01 3.176326742614598575e-01 -1.812235314806317360e-02
1.166271008030576699e-02 -1.202613519271679698e-01 -1.009448665776297750e-02 9.644525788620222917e-02 5.118326299544633320e-03 -1.195051340540883439e-01 -1.340400710349671370e-02 3.176326742614598575e-01 5.213399329978380958e-01 3.203741451327526968e-01
3.173787851621462375e-01 1.451850919181421271e-02 -1.192363011831485686e-01 -1.331897915683631119e-02 9.702769988865406203e-02 1.517914718372950431e-02 -1.200752948129707176e-01 -1.812235314806317360e-02 3.203741451327526968e-01 4.900978357619632519e-01
4.716253498023289525e-01 3.188382058729859470e-01 1.157513200717327773e-02 -1.204240710804413972e-01 -1.440144870885680167e-03 9.712584892661085822e-02 -3.497872628558362437e-03 -1.205615163144003327e-01 7.975256846752230844e-03 3.183424552858341583e-01
3.188382058729859470e-01 5.025695744691314193e-01 3.196573569324805408e-01 -6.938517402181994254e-03 -1.204363744145149906e-01 4.777253143909307616e-03 9.691237238576239088e-02 -5.010234404905986039e-05 -1.201821910108724634e-01 1.330939689624495263e-02
1.157513200717327773e-02 3.196573569324805408e-01 4.930935612424140468e-01 3.188904337123943389e-01 -2.995978628465937980e-03 -1.202507329431283523e-01 5.917009395780245366e-03 9.728511532936227890e-02 -9.362118072457879109e-03 -1.196967522019103392e-01
-1.204240710804413972e-01 -6.938517402181994254e-03 3.188904337123943389e-01 5.208792725075456209e-01 3.191174273742535261e-01 -7.744136070700857050e-03 -1.202022655330288320e-01 -1.783596036332319454e-04 9.689370726864299233e-02 -7.475560691020814372e-03
-1.440144870885680167e-03 -1.204363744145149906e-01 -2.995978628465937980e-03 3.191174273742535261e-01 4.884774712601200330e-01 3.193530448544363853e-01 1.447557432486614153e-03 -1.205958320680066143e-01 3.555296864756155896e-03 9.697907203848496471e-02
9.712584892661085822e-02 4.777253143909307616e-03 -1.202507329431283523e-01 -7.744136070700857050e-03 3.193530448544363853e-01 5.179130349381864118e-01 3.188809649946214853e-01 -1.977437328015540369e-04 -1.201161256824623963e-01 7.759570388987497083e-03
-3.497872628558362437e-03 9.691237238576239088e-02 5.917009395780245366e-03 -1.202022655330288320e-01 1.447557432486614153e-03 3.188809649946214853e-01 4.823328952790456592e-01 3.193848966449671090e-01 -1.065761172275457060e-03 -1.206405733252206569e-01
-1.205615163144003327e-01 -5.010234404905986039e-05 9.728511532936227890e-02 -1.783596036332319454e-04 -1.205958320680066143e-01 -1.977437328015540369e-04 3.193848966449671090e-01 5.102535891512923749e-01 3.186606376416383779e-01 -1.541237095162072308e-02
7.975256846752230844e-03 -1.201821910108724634e-01 -9.362118072457879109e-03 9.689370726864299233e-02 3.555296864756155896e-03 -1.201161256824623963e-01 -1.065761172275457060e-03 3.186606376416383779e-01 5.138955468088785006e-01 3.198109336833030447e-01
3.183424552858341583e-01 1.330939689624495263e-02 -1.196967522019103392e-01 -7.475560691020814372e-03 9.697907203848496471e-02 7.759570388987497083e-03 -1.206405733252206569e-01 -1.541237095162072308e-02 3.198109336833030447e-01 4.989597045410616993e-01
5.190285662495164321e-01 3.192177208274400435e-01 -6.741196683763582727e-03 -1.204995883931852252e-01 4.431757412246133641e-03 9.665869826912616702e-02 -9.397150220092076456e-03 -1.202910944750579109e-01 -1.275102626143236398e-03 3.189203443104004498e-01
3.192177208274400435e-01 4.902401386924376547e-01 3.192511009191716376e-01 5.216177941795262230e-03 -1.203709327557049152e-01 1.030543626737417777e-02 9.652955800316005697e-02 -6.999967275255681264e-03 -1.205605107009308785e-01 -2.171273195803400877e-03
-6.741196683763582727e-03 3.192511009191716376e-01 5.110354567979129570e-01 3.193622813267713023e-01 -8.136752894231151501e-03 -1.197598569174434802e-01 9.685951448791800533e-03 9.702102446723208373e-02 1.459126783411318282e-03 -1.202188186943394937e-01
-1.204995883931852252e-01 5.216177941795262230e-03 3.193622813267713023e-01 4.865314215539413012e-01 3.189010499184190550e-01 -1.365754202500071846e-02 -1.198764539642071802e-01 5.257395670094155288e-03 9.719905051371158233e-02 2.195842544346089404e-03
4.431757412246133641e-03 -1.203709327557049152e-01 -8.136752894231151501e-03 3.189010499184190550e-01 5.350200047143029991e-01 3.177277187964073768e-01 -1.522355666843667153e-02 -1.202509936444609573e-01 -9.279526996840204746e-04 9.690324039112081789e-02
9.665869826912616702e-02 1.030543626737417777e-02 -1.197598569174434802e-01 -1.365754202500071846e-02 3.177277187964073768e-01 5.027931346643271793e-01 3.204070778245146078e-01 1.084520205362644527e-02 -1.203281688539676042e-01 -1.599702481939003357e-02
-9.397150220092076456e-03 9.652955800316005697e-02 9.685951448791800533e-03 -1.198764539642071802e-01 -1.522355666843667153e-02 3.204070778245146078e-01 4.986617426080197646e-01 3.183225527045668857e-01 1.297075485086904290e-02 -1.191345241117310050e-01
-1.202910944750579109e-01 -6.999967275255681264e-03 9.702102446723208373e-02 5.257395670094155288e-03 -1.202509936444609573e-01 1.084520205362644527e-02 3.183225527045668857e-01 4.757316136718678923e-01 3.189120070433084653e-01 1.820542575805789848e-02
-1.275102626143236398e-03 -1.205605107009308785e-01 1.459126783411318282e-03 9.719905051371158233e-02 -9.279526996840204746e-04 -1.203281688539676042e-01 1.297075485086904290e-02 3.189120070433084653e-01 4.911926408091110696e-01 3.193993285206707666e-01
3.189203443104004498e-01 -2.171273195803400877e-03 -1.202188186943394937e-01 2.195842544346089404e-03 9.690324039112081789e-02 -1.599702481939003357e-02 -1.191345241117310050e-01 1.820542575805789848e-02 3.193993285206707666e-01 4.897652802385564774e-01
4.717093833119466728e-01 3.195486486791274117e-01 1.519508965691179422e-02 -1.189871502997572744e-01 -9.201956758995653504e-03 9.613609423856320224e-02 -5.251311440136337792e-04 -1.193793628974939292e-01 1.349159386674389678e-02 3.185921750325648727e-01
3.195486486791274117e-01 5.264155621856557721e-01 3.180531583257294459e-01 1.082559495186821361e-02 -1.198432497370869598e-01 -7.136982525174554934e-03 9.727481214678593280e-02 -2.524429734452536891e-03 -1.205155244658676073e-01 -6.165029103610742203e-03
1.519508965691179422e-02 3.180531583257294459e-01 4.461407831571788662e-01 3.168106987687442366e-01 1.627461901068413125e-02 -1.192043354901068108e-01 -9.642512703173541748e-04 9.603670014973331170e-02 -8.498480078339872013e-03 -1.195281146260415567e-01
-1.189871502997572744e-01 1.082559495186821361e-02 3.168106987687442366e-01 5.177145411526181684e-01 3.209291679049978696e-01 -1.306916425273232929e-02 -1.207642159831003870e-01 2.064825150804331516e-02 9.597753795767982599e-02 -1.302114930881430668e-02
-9.201956758995653504e-03 -1.198432497370869598e-01 1.627461901068413125e-02 3.209291679049978696e-01 4.872368292962987457e-01 3.179761849332808366e-01 -4.982092364697781987e-03 -1.189632670157632771e-01 8.169657655444379635e-03 9.627982135363721827e-02
9.613609423856320224e-02 -7.136982525174554934e-03 -1.192043354901068108e-01 -1.306916425273232929e-02 3.179761849332808366e-01 5.260752194528436343e-01 3.192558522060631176e-01 -2.748300036429884505e-02 -1.193872511266855230e-01 1.305510321767846052e-02
-5.251311440136337792e-04 9.727481214678593280e-02 -9.642512703173541748e-04 -1.207642159831003870e-01 -4.982092364697781987e-03 3.192558522060631176e-01 5.083267253543994890e-01 3.190975576869490293e-01 -1.288063869787843194e-03 -1.206158478160480885e-01
-1.193793628974939292e-01 -2.524429734452536891e-03 9.603670014973331170e-02 2.064825150804331516e-02 -1.189632670157632771e-01 -2.748300036429884505e-02 3.190975576869490293e-01 5.267584271693291909e-01 3.181279210251328760e-01 -2.856384666713809167e-03
1.349159386674389678e-02 -1.205155244658676073e-01 -8.498480078339872013e-03 9.597753795767982599e-02 8.169657655444379635e-03 -1.193872511266855230e-01 -1.288063869787843194e-03 3.181279210251328760e-01 4.704367848613771885e-01 3.196062740859610396e-01
3.185921750325648727e-01 -6.165029103610742203e-03 -1.195281146260415567e-01 -1.302114930881430668e-02 9.627982135363721827e-02 1.305510321767846052e-02 -1.206158478160480885e-01 -2.856384666713809167e-03 3.196062740859610396e-01 5.191857440583511618e-01
4.811411546274347861e-01 3.191369267380538277e-01 -5.810626949133877554e-03 -1.203264126941898521e-01 3.845568313599225744e-03 9.680556285708255548e-02 -5.572934964454904702e-03 -1.204142625949276985e-01 1.103702647107638983e-03 3.190835585205354930e-01
3.191369267380538277e-01 5.196044269562596352e-01 3.188301658479453238e-01 -6.476528320770520014e-03 -1.203250340594837625e-01 9.549365047674843870e-03 9.706783801407922740e-02 -2.046510055380023133e-03 -1.204972148026874773e-01 2.480465359069502704e-03
-5.810626949133877554e-03 3.188301658479453238e-01 5.019631134181266052e-01 3.195010985451550711e-01 1.431495697943632435e-03 -1.207578482842292383e-01 -1.640475080451217482e-03 9.726973356350750166e-02 6.927577057340867164e-03 -1.206043301879552998e-01
-1.203264126941898521e-01 -6.476528320770520014e-03 3.195010985451550711e-01 4.949744280744196034e-01 3.191001368991307485e-01 -7.691352233521181817e-03 -1.203789256599809565e-01 -8.163849438285401394e-04 9.705783765031963939e-02 -9.675125976762745904e-04
3.845568313599225744e-03 -1.203250340594837625e-01 1.431495697943632435e-03 3.191001368991307485e-01 5.117972736424285518e-01 3.192706527089690383e-01 -5.082240683148383153e-04 -1.205598963930790968e-01 -5.256646014439172315e-03 9.730524037632889978e-02
9.680556285708255548e-02 9.549365047674843870e-03 -1.207578482842292383e-01 -7.691352233521181817e-03 3.192706527089690383e-01 5.023988319838722516e-01 3.191589855958711919e-01 9.292935798023989336e-03 -1.200610062606793371e-01 -4.032449673445229719e-03
-5.572934964454904702e-03 9.706783801407922740e-02 -1.640475080451217482e-03 -1.203789256599809565e-01 -5.082240683148383153e-04 3.191589855958711919e-01 4.860314207153597632e-01 3.190285506638553814e-01 9.752815685128438106e-03 -1.206329489365034480e-01
-1.204142625949276985e-01 -2.046510055380023133e-03 9.726973356350750166e-02 -8.163849438285401394e-04 -1.205598963930790968e-01 9.292935798023989336e-03 3.190285506638553814e-01 4.917570312082109596e-01 3.193330818373301128e-01 -3.565428487223111509e-03
1.103702647107638983e-03 -1.204972148026874773e-01 6.927577057340867164e-03 9.705783765031963939e-02 -5.256646014439172315e-03 -1.200610062606793371e-01 9.752815685128438106e-03 3.193330818373301128e-01 5.012350326727670335e-01 3.192511429750264917e-01
3.190835585205354930e-01 2.480465359069502704e-03 -1.206043301879552998e-01 -9.675125976762745904e-04 9.730524037632889978e-02 -4.032449673445229719e-03 -1.206329489365034480e-01 -3.565428487223111509e-03 3.192511429750264917e-01 5.090972867011034353e-01
5.029325262048509604e-01 3.188088589164799203e-01 -1.740841396492449206e-02 -1.202703159088616830e-01 2.616639860069271475e-03 9.685737812079413256e-02 -1.506799017172592414e-03 -1.203280879727572084e-01 7.371890317804995728e-03 3.195257342545304025e-01
3.188088589164799203e-01 5.228625610938806290e-01 3.189739184061884392e-01 1.537533960477001750e-03 -1.202004757722188455e-01 9.873993307405577735e-03 9.720335639030061592e-02 -1.279123083230428691e-03 -1.204735039070153058e-01 -6.698105329227505705e-03
-1.740841396492449206e-02 3.189739184061884392e-01 5.048224064927808730e-01 3.186561789483322027e-01 9.127211176320780550e-03 -1.212791254672925811e-01 -1.078981460392549468e-02 9.716244385826949825e-02 7.728888332992614116e-03 -1.200657610454947399e-01
-1.202703159088616830e-01 1.537533960477001750e-03 3.186561789483322027e-01 4.682600326132151936e-01 3.186647252648434625e-01 -8.564834023491358500e-03 -1.202330890184257206e-01 1.441974577184549668e-03 9.698001633742520111e-02 2.722273473165080348e-03
2.616639860069271475e-03 -1.202004757722188455e-01 9.127211176320780550e-03 3.186647252648434625e-01 5.313704975792798990e-01 3.187148947587245540e-01 -8.871873337142578350e-04 -1.201626799011528690e-01 2.462981336741370837e-03 9.701837941883274807e-02
9.685737812079413256e-02 9.873993307405577735e-03 -1.212791254672925811e-01 -8.564834023491358500e-03 3.187148947587245540e-01 4.937728157387493710e-01 3.189558930036639484e-01 9.950370655878695153e-03 -1.205984209420679076e-01 -1.328923690788451177e-02
-1.506799017172592414e-03 9.720335639030061592e-02 -1.078981460392549468e-02 -1.202330890184257206e-01 -8.871873337142578350e-04 3.189558930036639484e-01 4.816727616368822185e-01 3.191273697780841467e-01 -5.442679701194537076e-05 -1.204811858498135990e-01
-1.203280879727572084e-01 -1.279123083230428691e-03 9.716244385826949825e-02 1.441974577184549668e-03 -1.201626799011528690e-01 9.950370655878695153e-03 3.191273697780841467e-01 5.139132957119012524e-01 3.192424202623287410e-01 5.619687267278973206e-03
7.371890317804995728e-03 -1.204735039070153058e-01 7.728888332992614116e-03 9.698001633742520111e-02 2.462981336741370837e-03 -1.205984209420679076e-01 -5.442679701194537076e-05 3.192424202623287410e-01 4.847422007073075578e-01 3.189200777191525393e-01
3.195257342545304025e-01 -6.698105329227505705e-03 -1.200657610454947399e-01 2.722273473165080348e-03 9.701837941883274807e-02 -1.328923690788451177e-02 -1.204811858498135990e-01 5.619687267278973206e-03 3.189200777191525393e-01 4.956509022211518234e-01
4.990398105679706986e-01 3.176239863543058317e-01 -1.791592983941480560e-02 -1.201862954578157283e-01 6.089043326366458744e-03 9.763126332296481746e-02 -1.340175820573163978e-03 -1.211239599460995214e-01 -8.027974768211390555e-04 3.202171208104062083e-01
3.176239863543058317e-01 5.390969467539888926e-01 3.188185660414755151e-01 -2.672101859858803594e-03 -1.205231452458998820e-01 -9.190174233360010742e-03 9.667229676929767201e-02 1.162452261656205833e-02 -1.194962120981614973e-01 -1.074772868384296816e-02
-1.791592983941480560e-02 3.188185660414755151e-01 4.864585879582509209e-01 3.191007493845265941e-01 1.551909046243929099e-02 -1.192402906929011519e-01 -1.423209294138256739e-02 9.597331531940347937e-02 1.449955316584602624e-02 -1.200972789542069236e-01
-1.201862954578157283e-01 -2.672101859858803594e-03 3.191007493845265941e-01 4.927459019520596395e-01 3.193228331207567106e-01 1.289591804058572849e-02 -1.203049365993907466e-01 -9.612061558601833061e-03 9.694029359090625131e-02 3.369994461763487111e-03
6.089043326366458744e-03 -1.205231452458998820e-01 1.551909046243929099e-02 3.193228331207567106e-01 4.810149916172277162e-01 3.184397945027906962e-01 9.821025652842050105e-03 -1.198712783156662687e-01 -6.842813088257125240e-03 9.706880883896276679e-02
9.763126332296481746e-02 -9.190174233360010742e-03 -1.192402906929011519e-01 1.289591804058572849e-02 3.184397945027906962e-01 4.928190318537239989e-01 3.198450245121982061e-01 2.392323911357754039e-03 -1.209869545938796337e-01 5.631342930364338639e-03
-1.340175820573163978e-03 9.667229676929767201e-02 -1.423209294138256739e-02 -1.203049365993907466e-01 9.821025652842050105e-03 3.198450245121982061e-01 4.997815169548177616e-01 3.187622048881931791e-01 -1.629195037069646780e-04 -1.200355635427972079e-01
-1.211239599460995214e-01 1.162452261656205833e-02 9.597331531940347937e-02 -9.612061558601833061e-03 -1.198712783156662687e-01 2.392323911357754039e-03 3.187622048881931791e-01 4.950632104621032759e-01 3.197631111825984807e-01 -8.290175948421553420e-03
-8.027974768211390555e-04 -1.194962120981614973e-01 1.449955316584602624e-02 9.694029359090625131e-02 -6.842813088257125240e-03 -1.209869545938796337e-01 -1.629195037069646780e-04 3.197631111825984807e-01 5.144262295587089806e-01 3.184617889110835653e-01
3.202171208104062083e-01 -1.074772868384296816e-02 -1.200972789542069236e-01 3.369994461763487111e-03 9.706880883896276679e-02 5.631342930364338639e-03 -1.200355635427972079e-01 -8.290175948421553420e-03 3.184617889110835653e-01 4.995537723211626036e-01
4.963776147759765278e-01 3.194277105308713227e-01 -9.223258649978477094e-03 -1.203199035402543471e-01 2.178437893068008516e-03 9.676104929296061585e-02 -7.729342415168365121e-03 -1.201652839396905037e-01 -5.216976666694782619e-03 3.192733274830565904e-01
3.194277105308713227e-01 4.987058059661724219e-01 3.191864647032661151e-01 4.493684043518166027e-03 -1.201502750187653512e-01 8.105557445157906410e-03 9.653129549773215023e-02 -4.848649989633925170e-03 -1.204291366310617506e-01 1.265459508617677864e-02
-9.223258649978477094e-03 3.191864647032661151e-01 5.157856605592079369e-01 3.189021505354129316e-01 -2.060003223618516420e-03 -1.201174460435975588e-01 5.642922469599334981e-03 9.705411231673222172e-02 6.856362723046969046e-03 -1.208867980938040376e-01
-1.203199035402543471e-01 4.493684043518166027e-03 3.189021505354129316e-01 4.721098925301353555e-01 3.187844279365774636e-01 -6.807042182754036858e-03 -1.200189742374500323e-01 8.114224762377352396e-04 9.688849638700512690e-02 -8.225061603643236616e-03
2.178437893068008516e-03 -1.201502750187653512e-01 -2.060003223618516420e-03 3.187844279365774636e-01 5.352685678566369010e-01 3.178994947706839103e-01 -1.769728926417508605e-02 -1.202214789541205531e-01 7.262231818212110980e-04 9.697905162976708238e-02
9.676104929296061585e-02 8.105557445157906410e-03 -1.201174460435975588e-01 -6.807042182754036858e-03 3.178994947706839103e-01 4.984088730275002543e-01 3.206505403337785998e-01 1.446867103627434009e-02 -1.201820703548510672e-01 -3.513472176240857101e-03
-7.729342415168365121e-03 9.653129549773215023e-02 5.642922469599334981e-03 -1.200189742374500323e-01 -1.769728926417508605e-02 3.206505403337785998e-01 5.057441838879050966e-01 3.178206328256291124e-01 7.308018470782651037e-03 -1.200706731701704222e-01
