4.094669068875445572e-01 2.989716980612916464e-01 4.362064439389275183e-02 -1.030130010393006529e-01 -3.043673290419571936e-02 7.948676036071766760e-02 1.519343477037230807e-02 -8.729988975819241714e-02 1.873353858928882704e-02 1.149249123130516720e-01 -4.178572343410167506e-02 -3.202878448775836606e-01
2.989716980612916464e-01 4.492886767431520934e-01 3.252959671096570804e-01 1.995695146090121358e-02 -1.193435189043064448e-01 1.888160064558403167e-03 8.680456298305258556e-02 -4.044085581410031965e-02 -7.181707499117280513e-02 5.422535334348903280e-02 9.649821844642103574e-02 -6.157679699884697350e-02
4.362064439389275183e-02 3.252959671096570804e-01 5.109104758065047269e-01 3.117355007676675394e-01 -1.031386341616149453e-03 -1.106512118580743054e-01 1.258651131557705569e-02 7.501628852382401236e-02 -3.313578586844614926e-02 -7.169334868395546567e-02 4.029934218445258010e-02 1.083543488497350354e-01
-1.030130010393006529e-01 1.995695146090121358e-02 3.117355007676675394e-01 4.629252680688943911e-01 3.208177345891505272e-01 -6.284557928062452919e-03 -1.165808981946946515e-01 4.813011156164632293e-02 7.078789812192437525e-02 -5.145556033317827405e-02 -6.833224641344949613e-02 4.477436601623015211e-02
-3.043673290419571936e-02 -1.193435189043064448e-01 -1.031386341616149453e-03 3.208177345891505272e-01 5.453429841155983393e-01 3.130008729797673084e-01 -3.918598672892547458e-02 -9.749982590522027204e-02 4.513509843301936886e-02 6.628270975941266685e-02 -3.910002071203577678e-02 -7.535777230594345455e-02
7.948676036071766760e-02 1.888160064558403167e-03 -1.106512118580743054e-01 -6.284557928062452919e-03 3.130008729797673084e-01 4.977625685611043460e-01 3.201974334233310682e-01 -6.072666501109094672e-02 -1.047552553901218847e-01 4.923351240115554639e-02 7.502109946181219347e-02 -3.010429869144874357e-02
1.519343477037230807e-02 8.680456298305258556e-02 1.258651131557705569e-02 -1.165808981946946515e-01 -3.918598672892547458e-02 3.201974334233310682e-01 5.927446219381091730e-01 2.975772328500688180e-01 -5.566495436223591053e-02 -9.997332125153575444e-02 3.264904403487625673e-02 7.907025315150784106e-02
-8.729988975819241714e-02 -4.044085581410031965e-02 7.501628852382401236e-02 4.813011156164632293e-02 -9.749982590522027204e-02 -6.072666501109094672e-02 2.975772328500688180e-01 5.597326793652526167e-01 3.242357487048899700e-01 -2.807361347591438502e-02 -1.199913325474631087e-01 -1.974483435689199096e-03
1.873353858928882704e-02 -7.181707499117280513e-02 -3.313578586844614926e-02 7.078789812192437525e-02 4.513509843301936886e-02 -1.047552553901218847e-01 -5.566495436223591053e-02 3.242357487048899700e-01 5.078333533664447508e-01 3.124507124975954286e-01 6.471731399662962979e-03 -1.101162400652725692e-01
1.149249123130516720e-01 5.422535334348903280e-02 -7.169334868395546567e-02 -5.145556033317827405e-02 6.628270975941266685e-02 4.923351240115554639e-02 -9.997332125153575444e-02 -2.807361347591438502e-02 3.124507124975954286e-01 5.205033887871527432e-01 3.206543228180309679e-01 1.819127578826834624e-02
-4.178572343410167506e-02 9.649821844642103574e-02 4.029934218445258010e-02 -6.833224641344949613e-02 -3.910002071203577678e-02 7.502109946181219347e-02 3.264904403487625673e-02 -1.199913325474631087e-01 6.471731399662962979e-03 3.206543228180309679e-01 4.478182680481785916e-01 3.119006245571145364e-01
-3.202878448775836606e-01 -6.157679699884697350e-02 1.083543488497350354e-01 4.477436601623015211e-02 -7.535777230594345455e-02 -3.010429869144874357e-02 7.907025315150784106e-02 -1.974483435689199096e-03 -1.101162400652725692e-01 1.819127578826834624e-02 3.119006245571145364e-01 4.956708083120480168e-01
5.088036485573985690e-01 3.180007142932778086e-01 -5.644451088511274334e-02 -1.018893862568565484e-01 2.516515980872149894e-02 7.564324806614447505e-02 -1.465106175668638364e-02 -7.743289833262123611e-02 3.096782149824148928e-02 1.089534036534710593e-01 -4.830365387438548264e-02 -3.164896463623496636e-01
3.180007142932778086e-01 5.610391747080295533e-01 3.048711153318553468e-01 -5.341177610872327453e-02 -1.139874617715788546e-01 2.603849341947747295e-02 8.625369351930818607e-02 -1.239901325303320936e-02 -8.454585277420559319e-02 9.541899655186779350e-03 1.158833420071499892e-01 5.437472275267829849e-03
-5.644451088511274334e-02 3.048711153318553468e-01 5.784715299273524014e-01 3.185973530586789781e-01 4.608788578302441472e-03 -1.155578064281458650e-01 -1.715716423724235329e-02 8.139427792229562975e-02 3.280301860223100007e-03 -8.088354808021862297e-02 -2.966847869291505419e-03 1.104993642669125226e-01
-1.018893862568565484e-01 -5.341177610872327453e-02 3.185973530586789781e-01 4.724788295652171954e-01 3.138665465165991209e-01 1.857076404136524805e-02 -1.100969236329077394e-01 -1.839035538305728440e-02 8.315945222451522068e-02 1.988587114068442185e-02 -8.429179883290940922e-02 -3.665548134357038412e-02
2.516515980872149894e-02 -1.139874617715788546e-01 4.608788578302441472e-03 3.138665465165991209e-01 4.767102032970952363e-01 3.197944668371251464e-01 2.382784438356731066e-02 -1.140398847756638467e-01 5.605188653094982923e-04 8.284474555234708215e-02 -4.880162658483989946e-03 -8.344542035909779942e-02
7.564324806614447505e-02 2.603849341947747295e-02 -1.155578064281458650e-01 1.857076404136524805e-02 3.197944668371251464e-01 4.984480313481218783e-01 3.149447474023129856e-01 4.320813900780909669e-03 -1.141765992490279685e-01 -8.890225244485530642e-03 8.407418841819672140e-02 2.498385427826356128e-02
-1.465106175668638364e-02 8.625369351930818607e-02 -1.715716423724235329e-02 -1.100969236329077394e-01 2.382784438356731066e-02 3.149447474023129856e-01 4.533659218977856842e-01 3.163053123809340672e-01 -6.405844223623461710e-03 -1.142827824028348482e-01 1.083124988803102831e-02 8.505590384443192931e-02
-7.743289833262123611e-02 -1.239901325303320936e-02 8.139427792229562975e-02 -1.839035538305728440e-02 -1.140398847756638467e-01 4.320813900780909669e-03 3.163053123809340672e-01 5.597726384363389540e-01 3.155362562733295961e-01 -1.090329515395415880e-02 -1.138820368078244105e-01 -1.605738174945392505e-02
3.096782149824148928e-02 -8.454585277420559319e-02 3.280301860223100007e-03 8.315945222451522068e-02 5.605188653094982923e-04 -1.141765992490279685e-01 -6.405844223623461710e-03 3.155362562733295961e-01 4.655730483140202991e-01 3.176178853099437260e-01 8.763776129950811428e-03 -1.123467341500515027e-01
1.089534036534710593e-01 9.541899655186779350e-03 -8.088354808021862297e-02 1.988587114068442185e-02 8.284474555234708215e-02 -8.890225244485530642e-03 -1.142827824028348482e-01 -1.090329515395415880e-02 3.176178853099437260e-01 5.270698969639188158e-01 3.181088204382979123e-01 2.539026499049218746e-02
-4.830365387438548264e-02 1.158833420071499892e-01 -2.966847869291505419e-03 -8.429179883290940922e-02 -4.880162658483989946e-03 8.407418841819672140e-02 1.083124988803102831e-02 -1.138820368078244105e-01 8.763776129950811428e-03 3.181088204382979123e-01 4.607696480555958374e-01 3.108625148616366296e-01
-3.164896463623496636e-01 5.437472275267829849e-03 1.104993642669125226e-01 -3.665548134357038412e-02 -8.344542035909779942e-02 2.498385427826356128e-02 8.505590384443192931e-02 -1.605738174945392505e-02 -1.123467341500515027e-01 2.539026499049218746e-02 3.108625148616366296e-01 4.374974289290863294e-01
5.727433810679423143e-01 3.144124236554147744e-01 6.551795993173829651e-03 -1.146385834844197704e-01 -2.661391299704699703e-02 7.240639799521678133e-02 1.642808769529698065e-02 -7.763030609920060221e-02 -2.437560496767035914e-02 1.120238867153096340e-01 5.356265687009658522e-02 -3.121098647961586536e-01
3.144124236554147744e-01 4.043301173210730459e-01 3.092957339360713487e-01 2.154297782192449509e-02 -1.032684545683819899e-01 -4.818301287853159198e-02 8.117666675214069150e-02 1.591230667470994176e-02 -8.120101905268226061e-02 7.109425355659349140e-04 1.126653956905443038e-01 -1.931681915481615192e-04
6.551795993173829651e-03 3.092957339360713487e-01 5.512496097269706796e-01 3.239239931441098008e-01 1.753131974605818405e-02 -1.157366787807163760e-01 6.923796294143616872e-03 8.191671477914641564e-02 -2.507793514783279720e-03 -8.071248661284062542e-02 -1.198688170654377619e-02 1.108890288695947718e-01
-1.146385834844197704e-01 2.154297782192449509e-02 3.239239931441098008e-01 4.511061255573236561e-01 3.000036028737186333e-01 7.185636072067158597e-02 -1.125171253081204970e-01 -2.488953429125280448e-02 8.172995544727706951e-02 7.673481547891251690e-03 -8.141780618161206795e-02 -6.449807616347511333e-03
-2.661391299704699703e-02 -1.032684545683819899e-01 1.753131974605818405e-02 3.000036028737186333e-01 4.171946906191561499e-01 3.264903028798602502e-01 -2.350075446203032936e-02 -1.165242525450183447e-01 1.893263702135930537e-02 8.155948054608860853e-02 -5.931824554226848047e-03 -8.089888555456248298e-02
7.240639799521678133e-02 -4.818301287853159198e-02 -1.157366787807163760e-01 7.185636072067158597e-02 3.264903028798602502e-01 5.163328141380016945e-01 3.008264472467736539e-01 -2.889102237391788161e-02 -1.024579789280545550e-01 3.010658136771349191e-02 7.823104320373104603e-02 -2.917148049702032037e-02
1.642808769529698065e-02 8.117666675214069150e-02 6.923796294143616872e-03 -1.125171253081204970e-01 -2.350075446203032936e-02 3.008264472467736539e-01 5.904070943316784836e-01 3.208911247791274013e-01 -2.910583509561789212e-02 -1.152625521809013259e-01 1.768653522524538200e-03 8.446949043809420798e-02
-7.763030609920060221e-02 1.591230667470994176e-02 8.191671477914641564e-02 -2.488953429125280448e-02 -1.165242525450183447e-01 -2.889102237391788161e-02 3.208911247791274013e-01 4.485950264902254236e-01 3.117740735500968974e-01 6.229126954560181527e-03 -1.090519627288572685e-01 1.004446883089479998e-03
-2.437560496767035914e-02 -8.120101905268226061e-02 -2.507793514783279720e-03 8.172995544727706951e-02 1.893263702135930537e-02 -1.024579789280545550e-01 -2.910583509561789212e-02 3.117740735500968974e-01 5.763508354470349149e-01 3.176148270016680986e-01 -6.641650597241696014e-03 -1.159803448449656660e-01
1.120238867153096340e-01 7.109425355659349140e-04 -8.071248661284062542e-02 7.673481547891251690e-03 8.155948054608860853e-02 3.010658136771349191e-02 -1.152625521809013259e-01 6.229126954560181527e-03 3.176148270016680986e-01 4.314358395970047666e-01 3.113391000282640375e-01 1.843506745376349149e-02
5.356265687009658522e-02 1.126653956905443038e-01 -1.198688170654377619e-02 -8.141780618161206795e-02 -5.931824554226848047e-03 7.823104320373104603e-02 1.768653522524538200e-03 -1.090519627288572685e-01 -6.641650597241696014e-03 3.113391000282640375e-01 5.315630594799680697e-01 3.229589123985374677e-01
-3.121098647961586536e-01 -1.931681915481615192e-04 1.108890288695947718e-01 -6.449807616347511333e-03 -8.089888555456248298e-02 -2.917148049702032037e-02 8.446949043809420798e-02 1.004446883089479998e-03 -1.159803448449656660e-01 1.843506745376349149e-02 3.229589123985374677e-01 5.086914062236014278e-01
4.935440834767385598e-01 3.135959902010860278e-01 9.056447159504113064e-04 -1.120689480260765453e-01 -2.801089830378384205e-03 8.148547839808747972e-02 1.471947062714957198e-02 -8.882893953715675917e-02 -1.187094366269073747e-02 1.199655025225779409e-01 1.362185476831818259e-02 -3.191882921526311145e-01
3.135959902010860278e-01 4.378675109466951820e-01 3.133781440589493705e-01 3.602256554969154694e-04 -1.111757975406716115e-01 5.124241128552201735e-03 8.113875028680184176e-02 -3.978952315407477403e-02 -8.133312967721771647e-02 4.093663035602931877e-02 1.137643033528279723e-01 -2.455719569711055719e-02
9.056447159504113064e-04 3.133781440589493705e-01 5.846489096607124791e-01 3.142862617376416812e-01 -2.683946698500914302e-02 -1.117353560976622195e-01 4.479853936251972438e-03 8.096388320855191223e-02 -8.118262657429218924e-06 -8.185305382829789755e-02 -5.816488330205936245e-03 1.111371600563972606e-01
-1.120689480260765453e-01 3.602256554969154694e-04 3.142862617376416812e-01 4.400363090599175298e-01 3.176500557597899399e-01 2.586961764930256757e-02 -1.111018614836125490e-01 2.186390678845651775e-02 8.057136132081384183e-02 -2.012743365376319649e-02 -8.135859627905137059e-02 2.683086961856743016e-03
-2.801089830378384205e-03 -1.111757975406716115e-01 -2.683946698500914302e-02 3.176500557597899399e-01 5.656603025283981623e-01 3.154098488619393459e-01 -1.971009698888821077e-02 -1.091631945741112913e-01 6.497840539741194833e-03 8.017425635174958709e-02 2.849461908586253291e-03 -7.969626478020756799e-02
8.148547839808747972e-02 5.124241128552201735e-03 -1.117353560976622195e-01 2.586961764930256757e-02 3.154098488619393459e-01 4.113289590590710754e-01 3.107295117996478062e-01 -2.058738913097053758e-02 -1.107958775959538150e-01 1.513838555565629254e-02 8.077953129670824295e-02 2.138776331214415054e-03
1.471947062714957198e-02 8.113875028680184176e-02 4.479853936251972438e-03 -1.111018614836125490e-01 -1.971009698888821077e-02 3.107295117996478062e-01 6.259965157022865379e-01 3.043695795318167585e-01 -3.129426160432301207e-02 -1.078451320908017930e-01 9.234650912534317704e-03 7.974835901648893999e-02
-8.882893953715675917e-02 -3.978952315407477403e-02 8.096388320855191223e-02 2.186390678845651775e-02 -1.091631945741112913e-01 -2.058738913097053758e-02 3.043695795318167585e-01 4.646497867254993364e-01 3.236355049723491639e-01 2.014250421544889341e-02 -1.159327366399657555e-01 -3.479599262701570106e-02
-1.187094366269073747e-02 -8.133312967721771647e-02 -8.118262657429218924e-06 8.057136132081384183e-02 6.497840539741194833e-03 -1.107958775959538150e-01 -3.129426160432301207e-02 3.236355049723491639e-01 5.109326522702977158e-01 3.140319728711615799e-01 6.186203863438777435e-03 -1.114371014993830594e-01
1.199655025225779409e-01 4.093663035602931877e-02 -8.185305382829789755e-02 -2.012743365376319649e-02 8.017425635174958709e-02 1.513838555565629254e-02 -1.078451320908017930e-01 2.014250421544889341e-02 3.140319728711615799e-01 4.881364928431827788e-01 3.172518118964398615e-01 3.476968688936984270e-02
1.362185476831818259e-02 1.137643033528279723e-01 -5.816488330205936245e-03 -8.135859627905137059e-02 2.849461908586253291e-03 8.077953129670824295e-02 9.234650912534317704e-03 -1.159327366399657555e-01 6.186203863438777435e-03 3.172518118964398615e-01 4.493847957222423251e-01 3.153023292599563820e-01
-3.191882921526311145e-01 -2.455719569711055719e-02 1.111371600563972606e-01 2.683086961856743016e-03 -7.969626478020756799e-02 2.138776331214415054e-03 7.974835901648893999e-02 -3.479599262701570106e-02 -1.114371014993830594e-01 3.476968688936984270e-02 3.153023292599563820e-01 5.278136820048739963e-01
6.026411975704545343e-01 3.159229328104010692e-01 1.562792821229077450e-02 -1.107179249989821701e-01 -1.561156090624402082e-02 7.756579071933597525e-02 3.092210534815248435e-02 -8.716628414876625985e-02 -4.012572527120179811e-02 1.086062056659998082e-01 1.042170414043860557e-02 -3.033137517626633417e-01
3.159229328104010692e-01 4.354757987047094270e-01 3.115672795092143676e-01 4.087887272849967391e-02 -1.119658307374599426e-01 -3.318923783921853832e-02 7.585459600723071238e-02 1.477360983165304856e-03 -7.547692482340237485e-02 -1.248977579087585943e-02 1.096274677537281694e-01 5.424517934793428309e-02
1.562792821229077450e-02 3.115672795092143676e-01 4.740010989811668796e-01 3.191149640164553380e-01 1.647514093875986291e-03 -1.139892039881680585e-01 -1.495118047613666450e-02 8.782831663110376996e-02 2.177661485932887164e-02 -8.338594497036665165e-02 1.165645541246951820e-02 1.183697422020657808e-01
-1.107179249989821701e-01 4.087887272849967391e-02 3.191149640164553380e-01 4.894533623725498273e-01 3.172108397599631702e-01 2.355833738571308858e-02 -1.108840567901614449e-01 1.758979440527590893e-02 8.110820872427149109e-02 -9.074449179876206001e-03 -7.684739550804842168e-02 -1.825927554841521444e-02
-1.561156090624402082e-02 -1.119658307374599426e-01 1.647514093875986291e-03 3.172108397599631702e-01 5.056437927203223381e-01 3.155750795589197244e-01 1.007211892985474325e-02 -1.180874798602656178e-01 -2.272251543214356614e-02 8.323837883907134194e-02 -9.070170026119662651e-03 -8.785188417869993494e-02
7.756579071933597525e-02 -3.318923783921853832e-02 -1.139892039881680585e-01 2.355833738571308858e-02 3.155750795589197244e-01 4.325529906770065880e-01 3.131427634527723103e-01 -2.899886970721498800e-02 -1.138739073068141539e-01 1.955652763384471346e-02 7.551699025433031287e-02 8.849842098990258824e-03
3.092210534815248435e-02 7.585459600723071238e-02 -1.495118047613666450e-02 -1.108840567901614449e-01 1.007211892985474325e-02 3.131427634527723103e-01 5.895414968785583909e-01 3.120559134788880584e-01 3.527403690514494677e-03 -1.080351422601573824e-01 2.360417773362113308e-02 8.931598688724860791e-02
-8.716628414876625985e-02 1.477360983165304856e-03 8.782831663110376996e-02 1.758979440527590893e-02 -1.180874798602656178e-01 -2.899886970721498800e-02 3.120559134788880584e-01 4.801013602075698272e-01 3.159633718249633683e-01 3.271452081292760064e-05 -1.133688571558218450e-01 -3.919566401468984468e-02
-4.012572527120179811e-02 -7.547692482340237485e-02 2.177661485932887164e-02 8.110820872427149109e-02 -2.272251543214356614e-02 -1.138739073068141539e-01 3.527403690514494677e-03 3.159633718249633683e-01 4.504811079990210243e-01 3.109933200530855535e-01 -2.311904349560705077e-02 -1.233916825118746285e-01
1.086062056659998082e-01 -1.248977579087585943e-02 -8.338594497036665165e-02 -9.074449179876206001e-03 8.323837883907134194e-02 1.955652763384471346e-02 -1.080351422601573824e-01 3.271452081292760064e-05 3.109933200530855535e-01 6.167135760693998048e-01 3.076130077936329865e-01 2.281995632771345595e-02
1.042170414043860557e-02 1.096274677537281694e-01 1.165645541246951820e-02 -7.684739550804842168e-02 -9.070170026119662651e-03 7.551699025433031287e-02 2.360417773362113308e-02 -1.133688571558218450e-01 -2.311904349560705077e-02 3.076130077936329865e-01 3.911707881828622724e-01 3.146821916552793308e-01
-3.033137517626633417e-01 5.424517934793428309e-02 1.183697422020657808e-01 -1.825927554841521444e-02 -8.785188417869993494e-02 8.849842098990258824e-03 8.931598688724860791e-02 -3.919566401468984468e-02 -1.233916825118746285e-01 2.281995632771345595e-02 3.146821916552793308e-01 5.322234296364061201e-01
4.634750004515458821e-01 3.128512864001452565e-01 4.922330565147933767e-02 -1.087823016362668149e-01 -2.693923965257052563e-02 8.213439165973934752e-02 2.915369793277725052e-02 -8.197693300518767157e-02 -4.633480959107344477e-03 1.145793429493381921e-01 -2.771356053985702186e-03 -3.176163668667739692e-01
3.128512864001452565e-01 4.506931696599517645e-01 3.168453159788684470e-01 1.974635136996913398e-02 -1.160997028921061658e-01 1.427650903071997534e-04 8.478964380978400162e-02 -9.613200558577015935e-04 -8.417795888789099401e-02 2.463798703803320861e-02 1.132113340715931171e-01 -1.354362932364728579e-02
4.922330565147933767e-02 3.168453159788684470e-01 4.769260399733511457e-01 3.165307847216638493e-01 -4.466729413117454320e-03 -1.133010364697982497e-01 -5.567218002341438321e-03 8.194260353330028168e-02 -1.934784775616756741e-02 -7.692009458557057255e-02 2.460585076747980743e-02 1.115906209311862685e-01
-1.087823016362668149e-01 1.974635136996913398e-02 3.165307847216638493e-01 5.092770974504882142e-01 3.181309168270547438e-01 -1.736025990208128061e-02 -1.168824960449795641e-01 1.443748691150914878e-02 8.137062262165534188e-02 -3.184790902083785985e-02 -8.050619099792906408e-02 1.913995082660613009e-02
-2.693923965257052563e-02 -1.160997028921061658e-01 -4.466729413117454320e-03 3.181309168270547438e-01 5.237769702074228650e-01 3.164037411364881702e-01 1.070896885171382547e-02 -1.131644426531893954e-01 1.907323072146641443e-02 7.813658322476196849e-02 -1.634822629166398159e-02 -8.145825310182470969e-02
8.213439165973934752e-02 1.427650903071997534e-04 -1.133010364697982497e-01 -1.736025990208128061e-02 3.164037411364881702e-01 4.881405216508246658e-01 3.186365727233237966e-01 -7.765107913154592131e-03 -1.138547699660368978e-01 2.660526599489611288e-02 8.294749826346559107e-02 -8.883116780646203858e-03
2.915369793277725052e-02 8.478964380978400162e-02 -5.567218002341438321e-03 -1.168824960449795641e-01 1.070896885171382547e-02 3.186365727233237966e-01 4.842324604242225217e-01 3.148233054172248080e-01 -3.747447966210580572e-02 -1.063848747923912957e-01 2.204951906814439644e-02 8.040763565839090243e-02
-8.197693300518767157e-02 -9.613200558577015935e-04 8.194260353330028168e-02 1.443748691150914878e-02 -1.131644426531893954e-01 -7.765107913154592131e-03 3.148233054172248080e-01 5.682432770792364973e-01 3.116255232578539758e-01 -4.770484232659740614e-02 -1.134115950927885308e-01 1.447438264385381319e-02
-4.633480959107344477e-03 -8.417795888789099401e-02 -1.934784775616756741e-02 8.137062262165534188e-02 1.907323072146641443e-02 -1.138547699660368978e-01 -3.747447966210580572e-02 3.116255232578539758e-01 5.320975690127456303e-01 3.196660194187642690e-01 7.429139097733064231e-03 -1.148759304409669446e-01
1.145793429493381921e-01 2.463798703803320861e-02 -7.692009458557057255e-02 -3.184790902083785985e-02 7.813658322476196849e-02 2.660526599489611288e-02 -1.063848747923912957e-01 -4.770484232659740614e-02 3.196660194187642690e-01 5.159680937379782506e-01 3.144548479763066284e-01 1.135691362922485251e-02
-2.771356053985702186e-03 1.132113340715931171e-01 2.460585076747980743e-02 -8.050619099792906408e-02 -1.634822629166398159e-02 8.294749826346559107e-02 2.204951906814439644e-02 -1.134115950927885308e-01 7.429139097733064231e-03 3.144548479763066284e-01 4.414389448035359598e-01 3.160059081656573232e-01
-3.176163668667739692e-01 -1.354362932364728579e-02 1.115906209311862685e-01 1.913995082660613009e-02 -8.145825310182470969e-02 -8.883116780646203858e-03 8.040763565839090243e-02 1.447438264385381319e-02 -1.148759304409669446e-01 1.135691362922485251e-02 3.160059081656573232e-01 5.457308555487081492e-01
5.797409598870062464e-01 3.093601436153461948e-01 -6.503414146007918326e-03 -1.115586126565017849e-01 5.877826089908051548e-03 8.227787787971016509e-02 -1.482107216449412949e-03 -8.324209034539631347e-02 -1.108292733885953008e-02 1.162258653589323260e-01 -1.798333319271142559e-03 -3.175047252279122878e-01
3.093601436153461948e-01 5.339125965465705281e-01 3.158826384591256753e-01 8.997075482183480855e-03 -1.129993088530286405e-01 -1.421214376497185149e-02 8.101502694864617937e-02 4.639328543127858862e-02 -7.637941949612088444e-02 -3.005151634278841605e-02 1.115858962121357018e-01 7.154049014957938879e-02
-6.503414146007918326e-03 3.158826384591256753e-01 4.257433883544375353e-01 3.141465752248372989e-01 1.697846964865243335e-02 -1.124407924973345602e-01 -1.332839122627213491e-02 7.747727329979013644e-02 1.490772784110476305e-02 -8.226582176205464447e-02 -5.809135701896563000e-04 1.128125133771630123e-01
-1.115586126565017849e-01 8.997075482183480855e-03 3.141465752248372989e-01 5.539127301474996434e-01 3.170393002482110312e-01 -1.215221865245315683e-02 -1.135561900587665485e-01 -3.113335052078801402e-02 8.014076787492814546e-02 8.321890725629997251e-03 -8.123812293015716945e-02 -3.197775362105888253e-02
5.877826089908051548e-03 -1.129993088530286405e-01 1.697846964865243335e-02 3.170393002482110312e-01 4.465545449228206509e-01 3.172134595009619140e-01 3.467402918363798880e-02 -1.041521193750914037e-01 -2.353440167927952145e-02 8.148109090669794496e-02 7.515890242730088530e-03 -7.984840282143552959e-02
8.227787787971016509e-02 -1.421214376497185149e-02 -1.124407924973345602e-01 -1.215221865245315683e-02 3.172134595009619140e-01 5.377308099156782317e-01 3.153608002008917444e-01 3.794153234873015590e-02 -1.130399633654702307e-01 3.196349044958568574e-04 8.203910502617060840e-02 2.098446793010368822e-02
-1.482107216449412949e-03 8.101502694864617937e-02 -1.332839122627213491e-02 -1.135561900587665485e-01 3.467402918363798880e-02 3.153608002008917444e-01 3.927100726731880265e-01 3.024475496662802909e-01 2.982451384870506150e-02 -1.122723323553969643e-01 -8.249451611475635410e-03 8.023598238682344563e-02
-8.324209034539631347e-02 4.639328543127858862e-02 7.747727329979013644e-02 -3.113335052078801402e-02 -1.041521193750914037e-01 3.794153234873015590e-02 3.024475496662802909e-01 4.992646781169601811e-01 3.265010380719625127e-01 -5.030871563994925716e-02 -1.160609867737976419e-01 1.141750111993109634e-02
-1.108292733885953008e-02 -7.637941949612088444e-02 1.490772784110476305e-02 8.014076787492814546e-02 -2.353440167927952145e-02 -1.130399633654702307e-01 2.982451384870506150e-02 3.265010380719625127e-01 5.397506667727713925e-01 3.083667124575890650e-01 -9.605189358366241284e-03 -1.111208494819663495e-01
1.162258653589323260e-01 -3.005151634278841605e-02 -8.226582176205464447e-02 8.321890725629997251e-03 8.148109090669794496e-02 3.196349044958568574e-04 -1.122723323553969643e-01 -5.030871563994925716e-02 3.083667124575890650e-01 5.475032725031522274e-01 3.193456258606772735e-01 1.869303021174021154e-02
-1.798333319271142559e-03 1.115858962121357018e-01 -5.809135701896563000e-04 -8.123812293015716945e-02 7.515890242730088530e-03 8.203910502617060840e-02 -8.249451611475635410e-03 -1.160609867737976419e-01 -9.605189358366241284e-03 3.193456258606772735e-01 4.331364034949717334e-01 3.110912388633582104e-01
-3.175047252279122878e-01 7.154049014957938879e-02 1.128125133771630123e-01 -3.197775362105888253e-02 -7.984840282143552959e-02 2.098446793010368822e-02 8.023598238682344563e-02 1.141750111993109634e-02 -1.111208494819663495e-01 1.869303021174021154e-02 3.110912388633582104e-01 5.100398766649744120e-01
5.333725716455577359e-01 3.098002455373014552e-01 -5.383556285086161380e-02 -1.144477565878910391e-01 -5.841195639859621432e-03 8.279289123588012833e-02 5.950582011695281295e-03 -8.488133171864906124e-02 1.278287580121335344e-02 1.200055723639854299e-01 -3.051422135642373884e-02 -3.159506952794657875e-01
3.098002455373014552e-01 5.596697299176951468e-01 3.228927247833518477e-01 2.530145955831571147e-02 -1.103818488431649730e-01 -2.433844778807368534e-02 8.012725267741094282e-02 -8.349857106910996141e-03 -7.786756244204562361e-02 -2.206789912107481530e-02 1.116002273670478329e-01 2.363312366888188458e-03
-5.383556285086161380e-02 3.228927247833518477e-01 4.906114043206227238e-01 3.036487163898866637e-01 5.509835942018222188e-02 -1.037413765399855525e-01 -3.462638191698354934e-02 8.784215542916083697e-02 1.623622494076071288e-02 -8.223708339513052801e-02 -5.981775893522517200e-03 1.154316554955144569e-01
-1.144477565878910391e-01 2.530145955831571147e-02 3.036487163898866637e-01 3.890598595251695269e-01 3.119683532624500932e-01 3.579869829138301179e-02 -1.145570107636654789e-01 1.847019767578061272e-02 7.900342072477564703e-02 8.581936264157187522e-03 -8.078658291672374814e-02 1.192054193515546326e-02
-5.841195639859621432e-03 -1.103818488431649730e-01 5.509835942018222188e-02 3.119683532624500932e-01 5.123474426973256834e-01 3.197589261263917293e-01 -1.865498407895414129e-02 -1.088892473911078906e-01 2.073875190290842482e-02 8.645528476192854139e-02 -3.331520135274284450e-02 -7.981768373094422220e-02
8.279289123588012833e-02 -2.433844778807368534e-02 -1.037413765399855525e-01 3.579869829138301179e-02 3.197589261263917293e-01 4.766208156797489548e-01 3.162893669179674405e-01 -4.871499961842983006e-02 -1.082506720735993549e-01 1.707586676396021744e-03 7.765092351841273999e-02 -1.445349797341866777e-02
5.950582011695281295e-03 8.012725267741094282e-02 -3.462638191698354934e-02 -1.145570107636654789e-01 -1.865498407895414129e-02 3.162893669179674405e-01 5.820583419166144301e-01 3.048015533327048665e-01 -2.565690360366465472e-02 -1.166071473070597053e-01 3.822866675123315350e-02 8.008578100915297870e-02
-8.488133171864906124e-02 -8.349857106910996141e-03 8.784215542916083697e-02 1.847019767578061272e-02 -1.088892473911078906e-01 -4.871499961842983006e-02 3.048015533327048665e-01 5.463131226218276293e-01 3.182735577177889796e-01 3.742375650667562059e-02 -1.221541034853653729e-01 -1.746410325607879177e-02
1.278287580121335344e-02 -7.786756244204562361e-02 1.623622494076071288e-02 7.900342072477564703e-02 2.073875190290842482e-02 -1.082506720735993549e-01 -2.565690360366465472e-02 3.182735577177889796e-01 4.108439572365036874e-01 3.110123628601696444e-01 -1.783057842593365264e-02 -1.062835239769088641e-01
1.200055723639854299e-01 -2.206789912107481530e-02 -8.223708339513052801e-02 8.581936264157187522e-03 8.645528476192854139e-02 1.707586676396021744e-03 -1.166071473070597053e-01 3.742375650667562059e-02 3.110123628601696444e-01 5.397456530452047208e-01 3.158128688984671584e-01 -1.446479873031119787e-02
-3.051422135642373884e-02 1.116002273670478329e-01 -5.981775893522517200e-03 -8.078658291672374814e-02 -3.331520135274284450e-02 7.765092351841273999e-02 3.822866675123315350e-02 -1.221541034853653729e-01 -1.783057842593365264e-02 3.158128688984671584e-01 5.514519810994303883e-01 3.106073539329635147e-01
-3.159506952794657875e-01 2.363312366888188458e-03 1.154316554955144569e-01 1.192054193515546326e-02 -7.981768373094422220e-02 -1.445349797341866777e-02 8.008578100915297870e-02 -1.746410325607879177e-02 -1.062835239769088641e-01 -1.446479873031119787e-02 3.106073539329635147e-01 4.079051202942224896e-01
4.707934761825251502e-01 3.133906632366509903e-01 2.107789328585555483e-02 -1.109058232337905292e-01 8.710870083208017197e-04 7.867745592464485405e-02 -2.593475241381174023e-02 -8.637005316762003115e-02 5.563240243663464951e-03 1.172417440042752002e-01 -2.633042880616375328e-03 -3.201267437077185418e-01
3.133906632366509903e-01 4.931393465320953462e-01 3.219435848361935637e-01 -4.581374223417290781e-03 -1.186674034535715183e-01 4.102660793552093121e-02 7.519305607597696894e-02 -1.391130170447435130e-02 -7.924511567505573839e-02 1.439526827533431017e-02 1.111854639133533773e-01 -1.385378707551582038e-03
2.107789328585555483e-02 3.219435848361935637e-01 4.906184377661355067e-01 3.127023134740131716e-01 -2.088272224204874850e-02 -1.024793062944630573e-01 3.482285836806306434e-02 8.440506864398672482e-02 -1.114538160456984839e-02 -8.485938498893588755e-02 7.070061434056957791e-03 1.172450831416544381e-01
-1.109058232337905292e-01 -4.581374223417290781e-03 3.127023134740131716e-01 5.288026341211814474e-01 3.209676806512089531e-01 -6.742846680524117176e-02 -1.048910712641752258e-01 1.623123571640145563e-02 7.912758815485540498e-02 -1.344997357721338521e-02 -8.023109184341249700e-02 1.475636775804729274e-03
8.710870083208017197e-04 -1.186674034535715183e-01 -2.088272224204874850e-02 3.209676806512089531e-01 5.552348938661801903e-01 3.032854769063951794e-01 -3.464112109424896668e-02 -1.167311085126074288e-01 3.937796107273966320e-04 8.677253290661290919e-02 6.952284526870842508e-03 -8.643966201875277755e-02
7.867745592464485405e-02 4.102660793552093121e-02 -1.024793062944630573e-01 -6.742846680524117176e-02 3.032854769063951794e-01 5.860521216400901290e-01 3.177714451203177415e-01 2.594768803733107920e-02 -1.097481370193889860e-01 -1.914569401993370876e-02 7.703882768393109648e-02 2.902095411781631384e-02
-2.593475241381174023e-02 7.519305607597696894e-02 3.482285836806306434e-02 -1.048910712641752258e-01 -3.464112109424896668e-02 3.177714451203177415e-01 4.204071009163158901e-01 3.067331266052056860e-01 4.902731637815771482e-02 -1.102857086770352574e-01 -3.884769094788496913e-02 7.642469026019660383e-02
-8.637005316762003115e-02 -1.391130170447435130e-02 8.440506864398672482e-02 1.623123571640145563e-02 -1.167311085126074288e-01 2.594768803733107920e-02 3.067331266052056860e-01 4.652169027398173062e-01 3.222434367380709319e-01 4.528222506327631014e-04 -1.174989339366536711e-01 -8.479905747094633808e-03
5.563240243663464951e-03 -7.924511567505573839e-02 -1.114538160456984839e-02 7.912758815485540498e-02 3.937796107273966320e-04 -1.097481370193889860e-01 4.902731637815771482e-02 3.222434367380709319e-01 4.974336321141045181e-01 3.146352108423827731e-01 1.927697118008318833e-02 -1.103327634645885347e-01
1.172417440042752002e-01 1.439526827533431017e-02 -8.485938498893588755e-02 -1.344997357721338521e-02 8.677253290661290919e-02 -1.914569401993370876e-02 -1.102857086770352574e-01 4.528222506327631014e-04 3.146352108423827731e-01 4.981946358389084395e-01 3.190713881391706308e-01 9.124799877773212900e-03
-2.633042880616375328e-03 1.111854639133533773e-01 7.070061434056957791e-03 -8.023109184341249700e-02 6.952284526870842508e-03 7.703882768393109648e-02 -3.884769094788496913e-02 -1.174989339366536711e-01 1.927697118008318833e-02 3.190713881391706308e-01 4.569211327779058029e-01 3.135996875667240169e-01
-3.201267437077185418e-01 -1.385378707551582038e-03 1.172450831416544381e-01 1.475636775804729274e-03 -8.643966201875277755e-02 2.902095411781631384e-02 7.642469026019660383e-02 -8.479905747094633808e-03 -1.103327634645885347e-01 9.124799877773212900e-03 3.135996875667240169e-01 5.371856855047283386e-01
4.842330065676125894e-01 3.148053981972719351e-01 3.026937054956143312e-03 -1.112588375399369417e-01 -3.532043114263197503e-02 7.795257007666513138e-02 4.054901004900934337e-03 -7.724983395771969907e-02 2.478176363458904630e-02 1.144400633959190977e-01 3.687045716410741747e-02 -3.201363788729800208e-01
3.148053981972719351e-01 5.332924958882406807e-01 3.191853078220736051e-01 4.602900428016237951e-03 -1.157526994838487394e-01 2.965723401969705755e-03 8.352373239555001272e-02 8.453457570607371407e-03 -8.711057815968424600e-02 -2.716471798796010750e-02 1.043796240517903956e-01 2.655386914959682876e-02
3.026937054956143312e-03 3.191853078220736051e-01 4.735022694335132565e-01 3.122751124802279343e-01 6.229499116358740152e-02 -1.089064845703212880e-01 -1.532977557295248615e-02 7.629767498276947280e-02 -1.426320899127097447e-02 -8.032785059599983901e-02 -2.675481059785909943e-02 1.157371756638977123e-01
-1.112588375399369417e-01 4.602900428016237951e-03 3.122751124802279343e-01 4.511719481403262400e-01 3.210799391906157263e-01 -1.423611043568462180e-02 -1.151289050353660748e-01 1.572611640646056404e-03 8.556687988004041401e-02 1.864291556665522570e-02 -7.735388908145054976e-02 -6.635289554618052817e-03
-3.532043114263197503e-02 -1.157526994838487394e-01 6.229499116358740152e-02 3.210799391906157263e-01 4.639854757261834828e-01 3.031364527288430977e-01 -1.761975494649420382e-02 -1.044201889054707094e-01 4.439668154989191012e-02 8.527402098947223230e-02 -3.926980203255379595e-03 -8.603664494152135633e-02
7.795257007666513138e-02 2.965723401969705755e-03 -1.089064845703212880e-01 -1.423611043568462180e-02 3.031364527288430977e-01 6.175477705445127086e-01 3.165871725104277834e-01 -2.661265752056792694e-02 -1.128679295744576122e-01 -1.498296235056675516e-02 7.618017542530568231e-02 3.153421981389617577e-03
4.054901004900934337e-03 8.352373239555001272e-02 -1.532977557295248615e-02 -1.151289050353660748e-01 -1.761975494649420382e-02 3.165871725104277834e-01 4.099913181578512811e-01 3.080292652222724747e-01 -9.726615411570438408e-03 -1.070796848628142589e-01 -2.616308777038593020e-02 8.349618766688249316e-02
-7.724983395771969907e-02 8.453457570607371407e-03 7.629767498276947280e-02 1.572611640646056404e-03 -1.044201889054707094e-01 -2.661265752056792694e-02 3.080292652222724747e-01 6.172948110354190554e-01 3.147930544301085765e-01 1.332265700200481115e-02 -1.102706219048694702e-01 9.567731334189763862e-03
2.478176363458904630e-02 -8.711057815968424600e-02 -1.426320899127097447e-02 8.556687988004041401e-02 4.439668154989191012e-02 -1.128679295744576122e-01 -9.726615411570438408e-03 3.147930544301085765e-01 4.274462199994406575e-01 2.980033682388543714e-01 7.479274903586181911e-02 -1.169052358914150630e-01
1.144400633959190977e-01 -2.716471798796010750e-02 -8.032785059599983901e-02 1.864291556665522570e-02 8.527402098947223230e-02 -1.498296235056675516e-02 -1.070796848628142589e-01 1.332265700200481115e-02 2.980033682388543714e-01 4.137562268018208922e-01 3.257524108325567380e-01 -2.769781918217536359e-02
3.687045716410741747e-02 1.043796240517903956e-01 -2.675481059785909943e-02 -7.735388908145054976e-02 -3.926980203255379595e-03 7.618017542530568231e-02 -2.616308777038593020e-02 -1.102706219048694702e-01 7.479274903586181911e-02 3.257524108325567380e-01 5.368771958399533029e-01 3.035467407429002784e-01
-3.201363788729800208e-01 2.655386914959682876e-02 1.157371756638977123e-01 -6.635289554618052817e-03 -8.603664494152135633e-02 3.153421981389617577e-03 8.349618766688249316e-02 9.567731334189763862e-03 -1.169052358914150630e-01 -2.769781918217536359e-02 3.035467407429002784e-01 5.709012618651181370e-01
5.499932922293371274e-01 3.193797422901744620e-01 1.753951851189140126e-02 -1.200376573824838144e-01 -3.038156727818573655e-02 8.180506464764214503e-02 1.478179186679277196e-02 -7.688728958593607499e-02 -1.255405882894283440e-02 1.083204876819200552e-01 3.435913230401854007e-02 -3.106945133783785562e-01
3.193797422901744620e-01 4.328929634742412769e-01 3.110546802752124917e-01 -4.779236379780787622e-03 -1.084521779326555746e-01 -4.709383839927886069e-03 7.882611991984538047e-02 2.737158786515984238e-02 -8.347101554030487980e-02 -2.293372863274336856e-02 1.137604413271975090e-01 1.653869784250262820e-02
1.753951851189140126e-02 3.110546802752124917e-01 5.369151950583688215e-01 3.221819126270590306e-01 1.957194522055871744e-02 -1.141491234213106998e-01 -1.256121224155013361e-03 8.334591211279535061e-02 -7.705805206049826106e-03 -8.321666696543897346e-02 4.854730716722960738e-04 1.134930827197305064e-01
-1.200376573824838144e-01 -4.779236379780787622e-03 3.221819126270590306e-01 4.895265949229283819e-01 3.082000621217791947e-01 1.167843749110299839e-02 -1.087345270360727950e-01 -3.692863689765452095e-02 8.416061787821574325e-02 3.168250569199003441e-02 -8.322097849079282406e-02 -2.644014298425396980e-02
-3.038156727818573655e-02 -1.084521779326555746e-01 1.957194522055871744e-02 3.082000621217791947e-01 4.289496160065007224e-01 3.182521313269827123e-01 8.083411394842452552e-03 -1.163632426533166564e-01 1.242538870436397588e-02 8.554241023414474454e-02 -1.042558044562667471e-02 -8.474813927403536395e-02
8.180506464764214503e-02 -4.709383839927886069e-03 -1.141491234213106998e-01 1.167843749110299839e-02 3.182521313269827123e-01 5.833451838187453387e-01 3.093642741892075332e-01 1.319867338131310540e-02 -1.111162061379372262e-01 -1.303324214323331801e-02 8.005186275543496599e-02 8.248269699443774514e-03
1.478179186679277196e-02 7.882611991984538047e-02 -1.256121224155013361e-03 -1.087345270360727950e-01 8.083411394842452552e-03 3.093642741892075332e-01 3.937228833138433637e-01 3.132732709094604995e-01 1.047976929396117474e-02 -1.129991806328174142e-01 -5.452254835573726657e-03 8.298474988489171200e-02
-7.688728958593607499e-02 2.737158786515984238e-02 8.334591211279535061e-02 -3.692863689765452095e-02 -1.163632426533166564e-01 1.319867338131310540e-02 3.132732709094604995e-01 5.548411665900329082e-01 3.153430375528579743e-01 -1.887310460567970943e-02 -1.125092353978538046e-01 1.956398261431990804e-02
-1.255405882894283440e-02 -8.347101554030487980e-02 -7.705805206049826106e-03 8.416061787821574325e-02 1.242538870436397588e-02 -1.111162061379372262e-01 1.047976929396117474e-02 3.153430375528579743e-01 4.914390774220067648e-01 3.194529069865528759e-01 1.023075357789338634e-02 -1.174508747845420392e-01
1.083204876819200552e-01 -2.293372863274336856e-02 -8.321666696543897346e-02 3.168250569199003441e-02 8.554241023414474454e-02 -1.303324214323331801e-02 -1.129991806328174142e-01 -1.887310460567970943e-02 3.194529069865528759e-01 4.941153902471001058e-01 3.150185873369190093e-01 -1.650857462452671315e-02
3.435913230401854007e-02 1.137604413271975090e-01 4.854730716722960738e-04 -8.322097849079282406e-02 -1.042558044562667471e-02 8.005186275543496599e-02 -5.452254835573726657e-03 -1.125092353978538046e-01 1.023075357789338634e-02 3.150185873369190093e-01 5.150543807040672828e-01 3.202466230373097744e-01
