3.237180308638875070e-01 2.460690504765406517e-01 1.234926661509744006e-01 -2.252509627546656762e-07 -6.869126445236452272e-02 -6.134639459138065132e-02 3.310217372943514893e-03 6.495580763533527480e-02 6.873858252472338226e-02 -4.611061518943790349e-03 -1.279504444469914404e-01 -2.456658784435445109e-01
2.460690504765406517e-01 3.343579242202154855e-01 2.537823647014068040e-01 1.250671283160585956e-01 -1.675946148790125392e-03 -7.040623812102511647e-02 -5.857601249272169353e-02 3.516902108266658795e-03 6.081441602578755573e-02 6.506989980475366697e-02 -4.054825527551287993e-03 -1.224748670423896901e-01
1.234926661509744006e-01 2.537823647014068040e-01 3.469350703762403842e-01 2.506427433033798780e-01 1.201629220312687013e-01 -3.245095826999240280e-03 -6.846738308014545249e-02 -6.063481637162988769e-02 -5.949335629613950209e-04 6.070786754480046038e-02 6.864548421942517908e-02 6.273222310691837882e-04
-2.252509627546656762e-07 1.250671283160585956e-01 2.506427433033798780e-01 3.256685579612151327e-01 2.435550392103067729e-01 1.230029653861645228e-01 -5.121692933086171217e-04 -7.008359909043795910e-02 -6.170708901705344862e-02 1.148790804375689764e-03 6.327736654580833064e-02 6.876767916417811377e-02
-6.869126445236452272e-02 -1.675946148790125392e-03 1.201629220312687013e-01 2.435550392103067729e-01 3.273522488968674260e-01 2.543242348239606043e-01 1.241091215141115062e-01 -2.412954582737665988e-03 -6.928112133203870315e-02 -6.007751266532945084e-02 2.252044568509400501e-03 6.113742783738468356e-02
-6.134639459138065132e-02 -7.040623812102511647e-02 -3.245095826999240280e-03 1.230029653861645228e-01 2.543242348239606043e-01 3.556763645299660936e-01 2.511480077625449780e-01 1.209163999432150832e-01 -2.145132814117352207e-03 -6.880013826898234708e-02 -6.017956045308965607e-02 7.233346423482756547e-04
3.310217372943514893e-03 -5.857601249272169353e-02 -6.846738308014545249e-02 -5.121692933086171217e-04 1.241091215141115062e-01 2.511480077625449780e-01 3.212328676551658990e-01 2.444190949405890545e-01 1.234262355754930790e-01 2.567145395776014236e-03 -6.721658182657813674e-02 -6.114098588373063220e-02
6.495580763533527480e-02 3.516902108266658795e-03 -6.063481637162988769e-02 -7.008359909043795910e-02 -2.412954582737665988e-03 1.209163999432150832e-01 2.444190949405890545e-01 3.334457980183351822e-01 2.518830004554417634e-01 1.261190228791898016e-01 -8.395991504888478466e-04 -7.035815052944120740e-02
6.873858252472338226e-02 6.081441602578755573e-02 -5.949335629613950209e-04 -6.170708901705344862e-02 -6.928112133203870315e-02 -2.145132814117352207e-03 1.234262355754930790e-01 2.518830004554417634e-01 3.370410339759394858e-01 2.488904204925238561e-01 1.209216039045860058e-01 -2.169009814070093408e-03
-4.611061518943790349e-03 6.506989980475366697e-02 6.070786754480046038e-02 1.148790804375689764e-03 -6.007751266532945084e-02 -6.880013826898234708e-02 2.567145395776014236e-03 1.261190228791898016e-01 2.488904204925238561e-01 3.301808182758442234e-01 2.486357121319158203e-01 1.242460156853839037e-01
-1.279504444469914404e-01 -4.054825527551287993e-03 6.864548421942517908e-02 6.327736654580833064e-02 2.252044568509400501e-03 -6.017956045308965607e-02 -6.721658182657813674e-02 -8.395991504888478466e-04 1.209216039045860058e-01 2.486357121319158203e-01 3.375853476904089878e-01 2.502985941382565582e-01
-2.456658784435445109e-01 -1.224748670423896901e-01 6.273222310691837882e-04 6.876767916417811377e-02 6.113742783738468356e-02 7.233346423482756547e-04 -6.114098588373063220e-02 -7.035815052944120740e-02 -2.169009814070093408e-03 1.242460156853839037e-01 2.502985941382565582e-01 3.268059375359397278e-01
3.317850153747854969e-01 2.463918208210491012e-01 1.259556914710380504e-01 1.137680322838584713e-03 -7.016179753812887276e-02 -6.391641227210190235e-02 -8.092322370121449865e-03 5.617625689453771554e-02 7.536050279406730779e-02 9.401649498105849739e-03 -1.213405143568609817e-01 -2.485863260595762292e-01
2.463918208210491012e-01 3.205206551046418384e-01 2.464747576391778106e-01 1.219134646372078135e-01 -3.349974101013059383e-03 -6.984000763606404427e-02 -6.613435168413353549e-02 -5.974461201391396969e-03 6.002060855753626328e-02 7.008292803712666552e-02 2.066202994698926147e-03 -1.236138673028308044e-01
1.259556914710380504e-01 2.464747576391778106e-01 3.359701216068008423e-01 2.523405340726019297e-01 1.230722917559637641e-01 -9.123269280892703451e-04 -6.870011344402074394e-02 -6.195718211889343630e-02 -4.134998741151626155e-03 5.814221513187417534e-02 6.843390047425790268e-02 -3.839462153988987009e-03
1.137680322838584713e-03 1.219134646372078135e-01 2.523405340726019297e-01 3.455167633304692121e-01 2.531244170374640223e-01 1.238811075858104183e-01 6.828763293638966288e-03 -6.179099318952571696e-02 -6.374701319917319697e-02 -5.479260123070281950e-03 5.870190077003523133e-02 6.591524380483487766e-02
-7.016179753812887276e-02 -3.349974101013059383e-03 1.230722917559637641e-01 2.531244170374640223e-01 3.349842231222340261e-01 2.428699014630240904e-01 1.293046782447179743e-01 1.188782245763084222e-02 -6.452142262009988305e-02 -6.279788063650616758e-02 -3.769379484367594429e-03 5.999073918560834245e-02
-6.391641227210190235e-02 -6.984000763606404427e-02 -9.123269280892703451e-04 1.238811075858104183e-01 2.428699014630240904e-01 3.053061021779167605e-01 2.428849828747546846e-01 1.269497395234115700e-01 8.493149244559379876e-03 -6.443262593415334527e-02 -6.237031601131813596e-02 1.400043209675301764e-03
-8.092322370121449865e-03 -6.613435168413353549e-02 -6.870011344402074394e-02 6.828763293638966288e-03 1.293046782447179743e-01 2.428849828747546846e-01 3.295373517922276507e-01 2.454600254401871351e-01 1.276855854891907893e-01 -1.890924255094450057e-04 -7.309430262210830920e-02 -5.866844822899421746e-02
5.617625689453771554e-02 -5.974461201391396969e-03 -6.195718211889343630e-02 -6.179099318952571696e-02 1.188782245763084222e-02 1.269497395234115700e-01 2.454600254401871351e-01 3.171778244752265219e-01 2.498495671166932885e-01 1.199216722043770778e-01 -7.638014710831206658e-03 -7.031657505049510037e-02
7.536050279406730779e-02 6.002060855753626328e-02 -4.134998741151626155e-03 -6.374701319917319697e-02 -6.452142262009988305e-02 8.493149244559379876e-03 1.276855854891907893e-01 2.498495671166932885e-01 3.518551307263057537e-01 2.516468429629476478e-01 1.189554403782391301e-01 -1.129084887873956639e-02
9.401649498105849739e-03 7.008292803712666552e-02 5.814221513187417534e-02 -5.479260123070281950e-03 -6.279788063650616758e-02 -6.443262593415334527e-02 -1.890924255094450057e-04 1.199216722043770778e-01 2.516468429629476478e-01 3.318813041878679870e-01 2.524239968723877570e-01 1.168346000880852026e-01
-1.213405143568609817e-01 2.066202994698926147e-03 6.843390047425790268e-02 5.870190077003523133e-02 -3.769379484367594429e-03 -6.237031601131813596e-02 -7.309430262210830920e-02 -7.638014710831206658e-03 1.189554403782391301e-01 2.524239968723877570e-01 3.596079077298393600e-01 2.549681623823689680e-01
-2.485863260595762292e-01 -1.236138673028308044e-01 -3.839462153988987009e-03 6.591524380483487766e-02 5.999073918560834245e-02 1.400043209675301764e-03 -5.866844822899421746e-02 -7.031657505049510037e-02 -1.129084887873956639e-02 1.168346000880852026e-01 2.549681623823689680e-01 3.358576003716671754e-01
3.442233979549235157e-01 2.472089517889763388e-01 1.256818609050376345e-01 6.868616721474567720e-03 -6.537902134005846300e-02 -6.320158472824163876e-02 -6.024514932495523417e-03 5.763925337452191489e-02 7.160494841320946824e-02 9.382772530529588303e-03 -1.194007329666335188e-01 -2.553098847220739986e-01
2.472089517889763388e-01 3.166609102622192085e-01 2.448891367749906900e-01 1.266595197075050527e-01 8.910697846922822213e-03 -6.371105914330096875e-02 -6.416500775464165085e-02 -8.337825001412960124e-03 5.677547332920708512e-02 7.244957271161990564e-02 5.905378484381282669e-03 -1.222719918674312067e-01
1.256818609050376345e-01 2.448891367749906900e-01 3.289224104646921720e-01 2.454660221666298825e-01 1.283802874362186541e-01 5.071955008718603483e-03 -6.861477968755508305e-02 -6.604538558476824583e-02 -4.056204738504495290e-03 6.187740131477096478e-02 7.073916363683409314e-02 -4.385236218370880228e-04
6.868616721474567720e-03 1.266595197075050527e-01 2.454660221666298825e-01 3.166489815792080109e-01 2.470307980427707273e-01 1.243148187572238605e-01 1.798355304179716100e-03 -6.759651956988695087e-02 -6.047024996177162437e-02 -1.156491022956960331e-04 6.036798301271751460e-02 6.568642134217668460e-02
-6.537902134005846300e-02 8.910697846922822213e-03 1.283802874362186541e-01 2.470307980427707273e-01 3.383569991122135079e-01 2.501140854710336425e-01 1.246883232387401008e-01 1.729940780198443301e-03 -6.766563886007866124e-02 -6.205691556125004366e-02 8.996965092752335974e-04 6.294808337526296149e-02
-6.320158472824163876e-02 -6.371105914330096875e-02 5.071955008718603483e-03 1.243148187572238605e-01 2.501140854710336425e-01 3.292224197389860829e-01 2.472385989733980327e-01 1.246898664134659107e-01 8.600453778115376259e-04 -6.942915324020226819e-02 -5.957859922680979609e-02 4.546284329513305793e-03
-6.024514932495523417e-03 -6.416500775464165085e-02 -6.861477968755508305e-02 1.798355304179716100e-03 1.246883232387401008e-01 2.472385989733980327e-01 3.297873098786909263e-01 2.496455731318932281e-01 1.229776638377405446e-01 -1.657006682308026415e-03 -6.895728651313383362e-02 -5.846966216081054407e-02
5.763925337452191489e-02 -8.337825001412960124e-03 -6.604538558476824583e-02 -6.759651956988695087e-02 1.729940780198443301e-03 1.246898664134659107e-01 2.496455731318932281e-01 3.360663659690148464e-01 2.482264155671488892e-01 1.226229911233669700e-01 -3.789470810020001672e-03 -7.168606741521631187e-02
7.160494841320946824e-02 5.677547332920708512e-02 -4.056204738504495290e-03 -6.047024996177162437e-02 -6.766563886007866124e-02 8.600453778115376259e-04 1.229776638377405446e-01 2.482264155671488892e-01 3.299121695243650842e-01 2.514557749671508802e-01 1.210151299011380799e-01 -7.259868442924668347e-03
9.382772530529588303e-03 7.244957271161990564e-02 6.187740131477096478e-02 -1.156491022956960331e-04 -6.205691556125004366e-02 -6.942915324020226819e-02 -1.657006682308026415e-03 1.226229911233669700e-01 2.514557749671508802e-01 3.477963836988665625e-01 2.519466313704040172e-01 1.185866200653349495e-01
-1.194007329666335188e-01 5.905378484381282669e-03 7.073916363683409314e-02 6.036798301271751460e-02 8.996965092752335974e-04 -5.957859922680979609e-02 -6.895728651313383362e-02 -3.789470810020001672e-03 1.210151299011380799e-01 2.519466313704040172e-01 3.348362890934978298e-01 2.503454468167943814e-01
-2.553098847220739986e-01 -1.222719918674312067e-01 -4.385236218370880228e-04 6.568642134217668460e-02 6.294808337526296149e-02 4.546284329513305793e-03 -5.846966216081054407e-02 -7.168606741521631187e-02 -7.259868442924668347e-03 1.185866200653349495e-01 2.503454468167943814e-01 3.475663627233014918e-01
3.458009282180289912e-01 2.564632733146116617e-01 1.263037302039861087e-01 1.814579042441706591e-03 -6.744651333657122882e-02 -6.281805036772382389e-02 -2.384993959068461983e-03 5.966557064689184675e-02 7.267771240721515591e-02 4.231098552549637098e-03 -1.203689801435703505e-01 -2.440721696688301356e-01
2.564632733146116617e-01 3.438353030669236698e-01 2.482132867079022698e-01 1.232366899750416966e-01 3.155897303049167314e-03 -6.652784845768686117e-02 -6.169660249445960143e-02 -3.293768099650988719e-03 5.844222152990029284e-02 6.833922139653034189e-02 6.494268575363480907e-03 -1.196624615990259100e-01
1.263037302039861087e-01 2.482132867079022698e-01 3.192266870849339577e-01 2.430097092115585944e-01 1.251480210333729970e-01 5.702414596767344142e-03 -6.583769200952699352e-02 -6.301608074740944199e-02 -7.550012116412856827e-03 5.720061048136049903e-02 7.258249894989728113e-02 1.762495894774518358e-03
1.814579042441706591e-03 1.232366899750416966e-01 2.430097092115585944e-01 3.243706326857364042e-01 2.482106295757808834e-01 1.273458025922236114e-01 2.194759264757554541e-03 -6.916427826000334789e-02 -6.649812076873244659e-02 -1.974738554003581913e-03 6.354202529268783428e-02 6.756815514346506402e-02
-6.744651333657122882e-02 3.155897303049167314e-03 1.251480210333729970e-01 2.482106295757808834e-01 3.326044335342309144e-01 2.507049686800896238e-01 1.233595579110035589e-01 -7.301274891637891300e-04 -6.907565118106674673e-02 -5.840977946262002757e-02 1.924000546883420856e-03 5.987421455836079015e-02
-6.281805036772382389e-02 -6.652784845768686117e-02 5.702414596767344142e-03 1.273458025922236114e-01 2.507049686800896238e-01 3.365684407439664128e-01 2.486026399632336181e-01 1.226802910402808450e-01 3.868328577474539412e-03 -6.441954687922150924e-02 -6.178694084065747966e-02 1.803187930097270347e-04
-2.384993959068461983e-03 -6.169660249445960143e-02 -6.583769200952699352e-02 2.194759264757554541e-03 1.233595579110035589e-01 2.486026399632336181e-01 3.292848233864887342e-01 2.458254558853597005e-01 1.285608179494339143e-01 2.832868684149913475e-03 -7.144747809231501157e-02 -6.033575731669123254e-02
5.966557064689184675e-02 -3.293768099650988719e-03 -6.301608074740944199e-02 -6.916427826000334789e-02 -7.301274891637891300e-04 1.226802910402808450e-01 2.458254558853597005e-01 3.229485037088877242e-01 2.508712694915250507e-01 1.208815135703408261e-01 -4.310702523728437811e-03 -6.796541007528983380e-02
7.267771240721515591e-02 5.844222152990029284e-02 -7.550012116412856827e-03 -6.649812076873244659e-02 -6.907565118106674673e-02 3.868328577474539412e-03 1.285608179494339143e-01 2.508712694915250507e-01 3.437883121365290506e-01 2.460198268358555762e-01 1.214951648304960913e-01 -4.105092027230252197e-03
4.231098552549637098e-03 6.833922139653034189e-02 5.720061048136049903e-02 -1.974738554003581913e-03 -5.840977946262002757e-02 -6.441954687922150924e-02 2.832868684149913475e-03 1.208815135703408261e-01 2.460198268358555762e-01 3.202648987918341739e-01 2.534992095968316983e-01 1.214466320427836921e-01
-1.203689801435703505e-01 6.494268575363480907e-03 7.258249894989728113e-02 6.354202529268783428e-02 1.924000546883420856e-03 -6.178694084065747966e-02 -7.144747809231501157e-02 -4.310702523728437811e-03 1.214951648304960913e-01 2.534992095968316983e-01 3.666471087729740175e-01 2.519641601778978002e-01
-2.440721696688301356e-01 -1.196624615990259100e-01 1.762495894774518358e-03 6.756815514346506402e-02 5.987421455836079015e-02 1.803187930097270347e-04 -6.033575731669123254e-02 -6.796541007528983380e-02 -4.105092027230252197e-03 1.214466320427836921e-01 2.519641601778978002e-01 3.146599278694758306e-01
3.323890234554215395e-01 2.442877814570682815e-01 1.291212240019906088e-01 5.642831685514211430e-03 -6.985168676311589997e-02 -6.258683124564001776e-02 -7.999734273647113748e-04 6.155877660897002973e-02 6.897626630243935963e-02 2.054345482192809237e-04 -1.242880115198419927e-01 -2.489744565870439519e-01
2.442877814570682815e-01 3.136493777615345646e-01 2.490625345993569273e-01 1.229107651164945136e-01 1.261099493913110398e-03 -6.547226000780616284e-02 -6.047092982387436422e-02 9.543856478496177877e-04 6.143123921320047670e-02 6.797275280538286890e-02 -1.209955585549241227e-03 -1.233642796052757812e-01
1.291212240019906088e-01 2.490625345993569273e-01 3.464476072176062571e-01 2.463933532786492242e-01 1.248557595436640966e-01 -3.779265751538632293e-04 -7.177869333687794673e-02 -6.053120363483435740e-02 4.561634099475275414e-03 6.526884599211232874e-02 6.867410554273656320e-02 -5.460194471838145623e-03
5.642831685514211430e-03 1.229107651164945136e-01 2.463933532786492242e-01 3.122070548568648407e-01 2.489677012176346738e-01 1.217788458119439809e-01 -2.453987991981870700e-03 -6.805463916576051653e-02 -5.778544971357967019e-02 2.862053345506900253e-03 6.005999265204106652e-02 6.312968664109498695e-02
-6.985168676311589997e-02 1.261099493913110398e-03 1.248557595436640966e-01 2.489677012176346738e-01 3.561103423454966554e-01 2.519514677879797770e-01 1.221125064124151532e-01 -5.945009849289229452e-03 -7.291821659737636463e-02 -6.196452431277627709e-02 2.190771637984181321e-03 6.402949104481130138e-02
-6.258683124564001776e-02 -6.547226000780616284e-02 -3.779265751538632293e-04 1.217788458119439809e-01 2.519514677879797770e-01 3.219176876078015948e-01 2.470712670256491605e-01 1.193269389637447858e-01 -4.127885046356775597e-03 -6.891354280225676920e-02 -5.801575774896267773e-02 4.665812453958913079e-03
-7.999734273647113748e-04 -6.047092982387436422e-02 -7.177869333687794673e-02 -2.453987991981870700e-03 1.221125064124151532e-01 2.470712670256491605e-01 3.467322190442180818e-01 2.546827431277690623e-01 1.239984956849274900e-01 -1.492023594797242583e-03 -6.923548431227533051e-02 -6.015415708113548005e-02
6.155877660897002973e-02 9.543856478496177877e-04 -6.053120363483435740e-02 -6.805463916576051653e-02 -5.945009849289229452e-03 1.193269389637447858e-01 2.546827431277690623e-01 3.404548274758039672e-01 2.489242280691967568e-01 1.220065360377700914e-01 -9.527318022576479646e-04 -6.872969596835733219e-02
6.897626630243935963e-02 6.143123921320047670e-02 4.561634099475275414e-03 -5.778544971357967019e-02 -7.291821659737636463e-02 -4.127885046356775597e-03 1.239984956849274900e-01 2.489242280691967568e-01 3.274749429593139527e-01 2.467253311652465309e-01 1.234216209450237217e-01 -1.310714156862808266e-04
2.054345482192809237e-04 6.797275280538286890e-02 6.526884599211232874e-02 2.862053345506900253e-03 -6.196452431277627709e-02 -6.891354280225676920e-02 -1.492023594797242583e-03 1.220065360377700914e-01 2.467253311652465309e-01 3.319502987322821008e-01 2.506507257913609399e-01 1.238207052137616920e-01
-1.242880115198419927e-01 -1.209955585549241227e-03 6.867410554273656320e-02 6.005999265204106652e-02 2.190771637984181321e-03 -5.801575774896267773e-02 -6.923548431227533051e-02 -9.527318022576479646e-04 1.234216209450237217e-01 2.506507257913609399e-01 3.387990622397502594e-01 2.501738653858048278e-01
-2.489744565870439519e-01 -1.233642796052757812e-01 -5.460194471838145623e-03 6.312968664109498695e-02 6.402949104481130138e-02 4.665812453958913079e-03 -6.015415708113548005e-02 -6.872969596835733219e-02 -1.310714156862808266e-04 1.238207052137616920e-01 2.501738653858048278e-01 3.318675563039091281e-01
3.274867931451825309e-01 2.538092651047859083e-01 1.252884898387420787e-01 -3.892311289230647540e-03 -7.178532016268768245e-02 -6.154502620524224948e-02 4.647370160238136622e-03 6.408342147380584330e-02 6.693766924214075709e-02 2.036754862734167521e-03 -1.183708338663975040e-01 -2.425950876521967003e-01
2.538092651047859083e-01 3.515606386124814353e-01 2.523627298392312479e-01 1.186709089645426318e-01 -4.223447299166458065e-03 -6.819305281934200103e-02 -5.631579970292995008e-02 4.572947482674488001e-03 6.133571085959813041e-02 7.118100737008674350e-02 3.273197593185032169e-03 -1.237954137256155607e-01
1.252884898387420787e-01 2.523627298392312479e-01 3.303537772163906427e-01 2.454046433711534192e-01 1.238388368577579557e-01 3.682016915853403294e-03 -6.673791129473190253e-02 -6.124502162235750946e-02 -1.665691666665930970e-03 6.007722560365576919e-02 6.787810698862166425e-02 -1.426593694155363920e-03
-3.892311289230647540e-03 1.186709089645426318e-01 2.454046433711534192e-01 3.296699713826322098e-01 2.512414806603723294e-01 1.268905369960867668e-01 -2.551324587280988376e-03 -7.286167406436468152e-02 -6.340191544580789373e-02 -4.477146150261752250e-03 5.794421718097313156e-02 6.878109724182655815e-02
-7.178532016268768245e-02 -4.223447299166458065e-03 1.238388368577579557e-01 2.512414806603723294e-01 3.376238394344236449e-01 2.493312240882666064e-01 1.174805940088053391e-01 -6.594426573731942617e-03 -6.865283657272568119e-02 -6.252150282345916854e-02 -9.070185817526164526e-04 6.268400611023500213e-02
-6.154502620524224948e-02 -6.819305281934200103e-02 3.682016915853403294e-03 1.268905369960867668e-01 2.493312240882666064e-01 3.316300209458934445e-01 2.480033659837061755e-01 1.240847322907573241e-01 3.553549433953823427e-03 -6.635915055874097579e-02 -5.971567164848966269e-02 1.475648221712578178e-03
4.647370160238136622e-03 -5.631579970292995008e-02 -6.673791129473190253e-02 -2.551324587280988376e-03 1.174805940088053391e-01 2.480033659837061755e-01 3.407712959680067044e-01 2.564159129472839416e-01 1.272216585829208102e-01 5.681686795016179653e-03 -6.516702158319248595e-02 -6.202393896897866188e-02
6.408342147380584330e-02 4.572947482674488001e-03 -6.124502162235750946e-02 -7.286167406436468152e-02 -6.594426573731942617e-03 1.240847322907573241e-01 2.564159129472839416e-01 3.433104717137787087e-01 2.414875207791632172e-01 1.229030544691402382e-01 2.445709441368061794e-03 -6.849939693759748982e-02
6.693766924214075709e-02 6.133571085959813041e-02 -1.665691666665930970e-03 -6.340191544580789373e-02 -6.865283657272568119e-02 3.553549433953823427e-03 1.272216585829208102e-01 2.414875207791632172e-01 2.954693216689361357e-01 2.396272643174540695e-01 1.243374942355485874e-01 3.145062786732789276e-03
2.036754862734167521e-03 7.118100737008674350e-02 6.007722560365576919e-02 -4.477146150261752250e-03 -6.252150282345916854e-02 -6.635915055874097579e-02 5.681686795016179653e-03 1.229030544691402382e-01 2.396272643174540695e-01 3.416087521198859500e-01 2.580700463271044520e-01 1.272238038029579466e-01
-1.183708338663975040e-01 3.273197593185032169e-03 6.787810698862166425e-02 5.794421718097313156e-02 -9.070185817526164526e-04 -5.971567164848966269e-02 -6.516702158319248595e-02 2.445709441368061794e-03 1.243374942355485874e-01 2.580700463271044520e-01 3.487464195691087343e-01 2.492697307424024677e-01
-2.425950876521967003e-01 -1.237954137256155607e-01 -1.426593694155363920e-03 6.878109724182655815e-02 6.268400611023500213e-02 1.475648221712578178e-03 -6.202393896897866188e-02 -6.849939693759748982e-02 3.145062786732789276e-03 1.272238038029579466e-01 2.492697307424024677e-01 3.217686982232818016e-01
3.296582027370140167e-01 2.487126303309988296e-01 1.234681419586993456e-01 3.930269154832026664e-03 -6.515389011500807848e-02 -6.097837971036131760e-02 -9.684446558093913297e-04 6.016551127560432199e-02 6.588936639032666465e-02 -1.578434600856260450e-03 -1.229365424700434029e-01 -2.514104094858319871e-01
2.487126303309988296e-01 3.312497822287511218e-01 2.426893283720467365e-01 1.259065461867977243e-01 -4.595498436314566452e-04 -7.304250487869767827e-02 -6.219895559624701031e-02 -3.996948095989151148e-04 6.223763092997142837e-02 6.994303425636953786e-02 -1.714509866027639270e-03 -1.271396535590854915e-01
1.234681419586993456e-01 2.426893283720467365e-01 3.110672114430357293e-01 2.492893470009815149e-01 1.204836025250116821e-01 -6.198517949020541581e-03 -6.924999624801939091e-02 -6.034754054263830048e-02 4.550132263970625007e-03 6.431951690813478284e-02 6.570810776945984477e-02 -3.832932405723301142e-03
3.930269154832026664e-03 1.259065461867977243e-01 2.492893470009815149e-01 3.572875287681739342e-01 2.542332545550327616e-01 1.212995275885579705e-01 -5.340436137168376972e-03 -7.199593219226005369e-02 -5.749802821925197038e-02 6.370550742185484075e-03 6.323735648891198879e-02 6.819785560279516268e-02
-6.515389011500807848e-02 -4.595498436314566452e-04 1.204836025250116821e-01 2.542332545550327616e-01 3.340706580864092889e-01 2.508736041111874204e-01 1.202965165132696135e-01 -9.681087070633430641e-05 -6.548751155499490939e-02 -5.903695984844539030e-02 -1.802582852523357303e-04 5.902756950448240919e-02
-6.097837971036131760e-02 -7.304250487869767827e-02 -6.198517949020541581e-03 1.212995275885579705e-01 2.508736041111874204e-01 3.450074258633520907e-01 2.471011760676409819e-01 1.257556788076064080e-01 -1.253120004182698658e-04 -7.195837846833742779e-02 -6.362828966350088378e-02 -2.930972715071626915e-03
-9.684446558093913297e-04 -6.219895559624701031e-02 -6.924999624801939091e-02 -5.340436137168376972e-03 1.202965165132696135e-01 2.471011760676409819e-01 3.143442290090239233e-01 2.474761138075293465e-01 1.209605015571544456e-01 -2.698448593689625665e-03 -6.787023972020773954e-02 -6.122973580138950378e-02
6.016551127560432199e-02 -3.996948095989151148e-04 -6.034754054263830048e-02 -7.199593219226005369e-02 -9.681087070633430641e-05 1.257556788076064080e-01 2.474761138075293465e-01 3.477880170395427628e-01 2.522158564913207779e-01 1.240841920756194094e-01 -7.128834548701163841e-04 -6.965492166389582185e-02
6.588936639032666465e-02 6.223763092997142837e-02 4.550132263970625007e-03 -5.749802821925197038e-02 -6.548751155499490939e-02 -1.253120004182698658e-04 1.209605015571544456e-01 2.522158564913207779e-01 3.321735228372112991e-01 2.502761742624581287e-01 1.227679534619635360e-01 2.062959245654357593e-03
-1.578434600856260450e-03 6.994303425636953786e-02 6.431951690813478284e-02 6.370550742185484075e-03 -5.903695984844539030e-02 -7.195837846833742779e-02 -2.698448593689625665e-03 1.240841920756194094e-01 2.502761742624581287e-01 3.388999644524851584e-01 2.462889739758927221e-01 1.254499139600831481e-01
-1.229365424700434029e-01 -1.714509866027639270e-03 6.570810776945984477e-02 6.323735648891198879e-02 -1.802582852523357303e-04 -6.362828966350088378e-02 -6.787023972020773954e-02 -7.128834548701163841e-04 1.227679534619635360e-01 2.462889739758927221e-01 3.160790511171002737e-01 2.468927604850204294e-01
-2.514104094858319871e-01 -1.271396535590854915e-01 -3.832932405723301142e-03 6.819785560279516268e-02 5.902756950448240919e-02 -2.930972715071626915e-03 -6.122973580138950378e-02 -6.965492166389582185e-02 2.062959245654357593e-03 1.254499139600831481e-01 2.468927604850204294e-01 3.423744064178945168e-01
3.405624281181188762e-01 2.509250641317710695e-01 1.282469447420338249e-01 1.469619153671058651e-03 -7.066725616907180985e-02 -6.326887017717736095e-02 -6.174534084779556824e-04 6.192390591095935787e-02 7.087536206222730395e-02 -8.921672603960600998e-04 -1.245941435724859520e-01 -2.435756173404888536e-01
2.509250641317710695e-01 3.240930949132099226e-01 2.462257719391773292e-01 1.208870550575716768e-01 -4.438599561019459724e-03 -7.081158033746881575e-02 -5.998274728733447858e-02 3.972091980963527824e-04 6.053571799795327835e-02 6.538493039517474792e-02 -3.096633773061530266e-03 -1.244432161092069306e-01
1.282469447420338249e-01 2.462257719391773292e-01 3.316165512667905713e-01 2.497767394758058646e-01 1.213450171234204122e-01 -3.896541017390450952e-03 -6.950533149899264240e-02 -6.171979788855663090e-02 -3.748666134576280240e-04 6.173697933286597522e-02 6.820603355571269732e-02 -6.068417890790961389e-03
1.469619153671058651e-03 1.208870550575716768e-01 2.497767394758058646e-01 3.416846855463163690e-01 2.531748040494646856e-01 1.231903387175090486e-01 -1.618578978732323776e-03 -6.930050164459701512e-02 -6.118049912287132353e-02 3.183916274414320870e-03 6.322762372000695352e-02 6.461448051182674956e-02
-7.066725616907180985e-02 -4.438599561019459724e-03 1.213450171234204122e-01 2.531748040494646856e-01 3.425232570525020837e-01 2.510286589821704162e-01 1.225704951436686341e-01 1.746787494133241348e-03 -6.625926061030057435e-02 -5.834795793024524085e-02 6.382658652287658604e-04 5.930408892144865135e-02
-6.326887017717736095e-02 -7.081158033746881575e-02 -3.896541017390450952e-03 1.231903387175090486e-01 2.510286589821704162e-01 3.315164007029045012e-01 2.446516394572838260e-01 1.251824473693165796e-01 4.700941241001050860e-03 -6.705692445205831131e-02 -6.313185161662668299e-02 -4.025411543019806102e-04
-6.174534084779556824e-04 -5.998274728733447858e-02 -6.950533149899264240e-02 -1.618578978732323776e-03 1.225704951436686341e-01 2.446516394572838260e-01 3.187012435052979376e-01 2.469670504483844620e-01 1.264530983394811792e-01 -1.145788872064075047e-03 -7.211497268140180938e-02 -6.001665117285953643e-02
6.192390591095935787e-02 3.972091980963527824e-04 -6.171979788855663090e-02 -6.930050164459701512e-02 1.746787494133241348e-03 1.251824473693165796e-01 2.469670504483844620e-01 3.359954973851347892e-01 2.524109881326672689e-01 1.196743946213473381e-01 -6.623852370525445780e-03 -6.929958275701310344e-02
7.087536206222730395e-02 6.053571799795327835e-02 -3.748666134576280240e-04 -6.118049912287132353e-02 -6.625926061030057435e-02 4.700941241001050860e-03 1.264530983394811792e-01 2.524109881326672689e-01 3.404100267651317679e-01 2.478778595943465501e-01 1.215976650348612742e-01 -2.581013411256260874e-03
-8.921672603960600998e-04 6.538493039517474792e-02 6.173697933286597522e-02 3.183916274414320870e-03 -5.834795793024524085e-02 -6.705692445205831131e-02 -1.145788872064075047e-03 1.196743946213473381e-01 2.478778595943465501e-01 3.316342779296942989e-01 2.545122075619323798e-01 1.228631090470027748e-01
-1.245941435724859520e-01 -3.096633773061530266e-03 6.820603355571269732e-02 6.322762372000695352e-02 6.382658652287658604e-04 -6.313185161662668299e-02 -7.211497268140180938e-02 -6.623852370525445780e-03 1.215976650348612742e-01 2.545122075619323798e-01 3.543130844433017845e-01 2.471326843587181854e-01
-2.435756173404888536e-01 -1.244432161092069306e-01 -6.068417890790961389e-03 6.461448051182674956e-02 5.930408892144865135e-02 -4.025411543019806102e-04 -6.001665117285953643e-02 -6.929958275701310344e-02 -2.581013411256260874e-03 1.228631090470027748e-01 2.471326843587181854e-01 3.069494523716051471e-01
3.513147819083551893e-01 2.522081400787536953e-01 1.217221583740139140e-01 -3.469543167967764326e-04 -6.721655497093348419e-02 -6.202499975692387507e-02 -2.032991055850118852e-03 6.029075151203006078e-02 6.940813396849095096e-02 3.347082037535106889e-03 -1.213464916537302513e-01 -2.534994670581100507e-01
2.522081400787536953e-01 3.286654594316902878e-01 2.449910116191996723e-01 1.247612426294212873e-01 5.220093304887712601e-03 -6.612828717788978017e-02 -6.180715302932534433e-02 -2.530502302799598341e-03 6.002370072630819342e-02 7.016034834525448904e-02 3.868811258733991475e-03 -1.227267414272622814e-01
1.217221583740139140e-01 2.449910116191996723e-01 3.254305953188925682e-01 2.491729398431002385e-01 1.271927841947948501e-01 4.176718266463695997e-03 -6.740323037927631322e-02 -6.316799072624187938e-02 -1.978293813677034496e-03 6.079804537961756850e-02 7.074154964636839016e-02 3.132936296663246713e-03
-3.469543167967764326e-04 1.247612426294212873e-01 2.491729398431002385e-01 3.344810172670081849e-01 2.476996026821966235e-01 1.242357346409477120e-01 2.966032269842260038e-06 -6.966972626058033635e-02 -6.142308894334684577e-02 3.027795352117890410e-04 6.178272472510573654e-02 6.964581135881522944e-02
-6.721655497093348419e-02 5.220093304887712601e-03 1.271927841947948501e-01 2.476996026821966235e-01 3.230127360436122474e-01 2.469073712077861638e-01 1.228008801026215790e-01 -1.326519954126177442e-04 -6.815584496464441311e-02 -6.071340064733832947e-02 -4.093797001881753690e-04 6.072426065848408883e-02
-6.202499975692387507e-02 -6.612828717788978017e-02 4.176718266463695997e-03 1.242357346409477120e-01 2.469073712077861638e-01 3.367740018259660628e-01 2.512226085522389352e-01 1.246673781569652972e-01 -1.561365263390132943e-03 -7.048682652724014286e-02 -6.252811292495674689e-02 2.194803790880219929e-04
-2.032991055850118852e-03 -6.180715302932534433e-02 -6.740323037927631322e-02 2.966032269842260038e-06 1.228008801026215790e-01 2.512226085522389352e-01 3.359738068302923208e-01 2.502052917411717869e-01 1.214992744780641343e-01 -2.255451937885279319e-03 -6.876913883699301011e-02 -5.987990776662229647e-02
6.029075151203006078e-02 -2.530502302799598341e-03 -6.316799072624187938e-02 -6.966972626058033635e-02 -1.326519954126177442e-04 1.246673781569652972e-01 2.502052917411717869e-01 3.354530228536927172e-01 2.483719226393380497e-01 1.233758080071665764e-01 1.629641613780871212e-03 -6.730827447916103157e-02
6.940813396849095096e-02 6.002370072630819342e-02 -1.978293813677034496e-03 -6.142308894334684577e-02 -6.815584496464441311e-02 -1.561365263390132943e-03 1.214992744780641343e-01 2.483719226393380497e-01 3.310581334271816001e-01 2.495858256504939199e-01 1.258348337346060775e-01 1.204734798541108511e-03
3.347082037535106889e-03 7.016034834525448904e-02 6.079804537961756850e-02 3.027795352117890410e-04 -6.071340064733832947e-02 -7.048682652724014286e-02 -2.255451937885279319e-03 1.233758080071665764e-01 2.495858256504939199e-01 3.347751438642378452e-01 2.492633331433996569e-01 1.222398197766532552e-01
-1.213464916537302513e-01 3.868811258733991475e-03 7.074154964636839016e-02 6.178272472510573654e-02 -4.093797001881753690e-04 -6.252811292495674689e-02 -6.876913883699301011e-02 1.629641613780871212e-03 1.258348337346060775e-01 2.492633331433996569e-01 3.296068934546562690e-01 2.467788939280711191e-01
-2.534994670581100507e-01 -1.227267414272622814e-01 3.132936296663246713e-03 6.964581135881522944e-02 6.072426065848408883e-02 2.194803790880219929e-04 -5.987990776662229647e-02 -6.730827447916103157e-02 1.204734798541108511e-03 1.222398197766532552e-01 2.467788939280711191e-01 3.334544077744336366e-01
3.334580211172766817e-01 2.492001007892791220e-01 1.248812346533659939e-01 1.014706962636742872e-03 -6.901076138021632056e-02 -6.172461925876061850e-02 -8.979004172992117658e-04 6.059681524963202170e-02 6.549797026873144246e-02 -5.750831510457772057e-03 -1.257354039087925091e-01 -2.484039237047374060e-01
2.492001007892791220e-01 3.296383294476592507e-01 2.479875628318011782e-01 1.230785021469493756e-01 3.121388248801185497e-03 -6.525922409640030897e-02 -6.107231722774617011e-02 2.455690572192356820e-03 6.399097096529043904e-02 6.627700442783737711e-02 -4.987901669780222917e-03 -1.264157784797600992e-01
1.248812346533659939e-01 2.479875628318011782e-01 3.321300698981265453e-01 2.472917831226981722e-01 1.275785550730334228e-01 4.032779577640763571e-03 -6.914728583673190876e-02 -5.876198388197758499e-02 6.761692735494440228e-03 6.455498403066327329e-02 6.661128043988391589e-02 -3.396355489262036041e-03
1.014706962636742872e-03 1.230785021469493756e-01 2.472917831226981722e-01 3.254137479951232925e-01 2.497272130454712691e-01 1.233931352463015219e-01 -1.928064480738284417e-03 -6.915592680588328323e-02 -5.746627741526964123e-02 5.734064665249637149e-03 6.285557786359627364e-02 6.750501987078108557e-02
-6.901076138021632056e-02 3.121388248801185497e-03 1.275785550730334228e-01 2.497272130454712691e-01 3.374518003932774346e-01 2.462478419910306693e-01 1.208571216311183916e-01 -7.571136022931650514e-03 -7.412522361071749444e-02 -5.878931260180470658e-02 5.819224982609423093e-03 6.512345561822410756e-02
-6.172461925876061850e-02 -6.525922409640030897e-02 4.032779577640763571e-03 1.233931352463015219e-01 2.462478419910306693e-01 3.221391465713037139e-01 2.513404734933751827e-01 1.186884920612560623e-01 -1.090383294137843746e-02 -7.246746197089026786e-02 -5.795361686458839340e-02 4.349628034412397759e-03
-8.979004172992117658e-04 -6.107231722774617011e-02 -6.914728583673190876e-02 -1.928064480738284417e-03 1.208571216311183916e-01 2.513404734933751827e-01 3.612949150175941426e-01 2.571247635330496384e-01 1.176953791810844557e-01 -9.896337506057064151e-03 -7.189113584603420981e-02 -6.050537738011620148e-02
6.059681524963202170e-02 2.455690572192356820e-03 -5.876198388197758499e-02 -6.915592680588328323e-02 -7.571136022931650514e-03 1.186884920612560623e-01 2.571247635330496384e-01 3.432358671786309712e-01 2.497600448013010954e-01 1.195714319410449283e-01 -6.375930494242882220e-04 -6.637068711200928839e-02
6.549797026873144246e-02 6.399097096529043904e-02 6.761692735494440228e-03 -5.746627741526964123e-02 -7.412522361071749444e-02 -1.090383294137843746e-02 1.176953791810844557e-01 2.497600448013010954e-01 3.382847812221901340e-01 2.504748582743230312e-01 1.268525446014177605e-01 6.345353404603753904e-03
-5.750831510457772057e-03 6.627700442783737711e-02 6.455498403066327329e-02 5.734064665249637149e-03 -5.878931260180470658e-02 -7.246746197089026786e-02 -9.896337506057064151e-03 1.195714319410449283e-01 2.504748582743230312e-01 3.311359197279709066e-01 2.467145340054801850e-01 1.262893460104473897e-01
-1.257354039087925091e-01 -4.987901669780222917e-03 6.661128043988391589e-02 6.285557786359627364e-02 5.819224982609423093e-03 -5.795361686458839340e-02 -7.189113584603420981e-02 -6.375930494242882220e-04 1.268525446014177605e-01 2.467145340054801850e-01 3.207949699404349930e-01 2.443904249247345617e-01
-2.484039237047374060e-01 -1.264157784797600992e-01 -3.396355489262036041e-03 6.750501987078108557e-02 6.512345561822410756e-02 4.349628034412397759e-03 -6.050537738011620148e-02 -6.637068711200928839e-02 6.345353404603753904e-03 1.262893460104473897e-01 2.443904249247345617e-01 3.250224314904211487e-01
3.263882098626885719e-01 2.449203604750037622e-01 1.263302388035174029e-01 2.461191829330159828e-03 -6.968587647886065328e-02 -6.049066000463836773e-02 5.658525215490015775e-03 6.580639140611746485e-02 6.748004851135881721e-02 -6.020807813445393925e-03 -1.282358963331182711e-01 -2.457666133435419120e-01
2.449203604750037622e-01 3.227656115078985088e-01 2.509471476522588951e-01 1.239182875676056728e-01 -2.149305947119814660e-03 -6.958084379144451048e-02 -5.697607054529076759e-02 7.116433193488558642e-03 6.305250531046378837e-02 6.435463102694941040e-02 -6.514771266019091234e-03 -1.244374682436920204e-01
1.263302388035174029e-01 2.509471476522588951e-01 3.468520446845606564e-01 2.501906625788111183e-01 1.209007835771249567e-01 -6.564180056172685615e-03 -7.237823838081344774e-02 -5.838580249137750172e-02 5.255083647291481502e-03 6.383067205765907692e-02 6.715061624134405216e-02 -4.219807174260352574e-03
2.461191829330159828e-03 1.239182875676056728e-01 2.501906625788111183e-01 3.251314862090644575e-01 2.476154890837551081e-01 1.193944243890403129e-01 -7.692631252523318350e-03 -7.177204205925941105e-02 -5.851084919502270998e-02 4.729838609029638451e-03 6.310120313546473125e-02 6.582831744891032288e-02
-6.968587647886065328e-02 -2.149305947119814660e-03 1.209007835771249567e-01 2.476154890837551081e-01 3.445126617786164469e-01 2.554502100683372356e-01 1.203133074019092502e-01 -8.302362948110821386e-03 -7.200895800811214775e-02 -5.956711836824846867e-02 3.452465050424570817e-03 6.229665856773333732e-02
-6.049066000463836773e-02 -6.958084379144451048e-02 -6.564180056172685615e-03 1.193944243890403129e-01 2.554502100683372356e-01 3.497738585732612648e-01 2.522460490098573649e-01 1.190387480156083755e-01 -4.029186748897841883e-03 -6.853569129469459786e-02 -5.950139714468362373e-02 7.488346578953746597e-04
5.658525215490015775e-03 -5.697607054529076759e-02 -7.237823838081344774e-02 -7.692631252523318350e-03 1.203133074019092502e-01 2.522460490098573649e-01 3.371595279131868184e-01 2.489161094738260582e-01 1.238882618498361454e-01 2.448316587367899404e-03 -6.708278268342222905e-02 -6.213148542492153564e-02
6.580639140611746485e-02 7.116433193488558642e-03 -5.838580249137750172e-02 -7.177204205925941105e-02 -8.302362948110821386e-03 1.190387480156083755e-01 2.489161094738260582e-01 3.325570007091271929e-01 2.490697053404280770e-01 1.255092865652164269e-01 2.492040307409961689e-03 -6.784883365391337906e-02
6.748004851135881721e-02 6.305250531046378837e-02 5.255083647291481502e-03 -5.851084919502270998e-02 -7.200895800811214775e-02 -4.029186748897841883e-03 1.238882618498361454e-01 2.490697053404280770e-01 3.297714034445822784e-01 2.471329550553864607e-01 1.242073344846666150e-01 2.277482439774464185e-03
-6.020807813445393925e-03 6.435463102694941040e-02 6.383067205765907692e-02 4.729838609029638451e-03 -5.956711836824846867e-02 -6.853569129469459786e-02 2.448316587367899404e-03 1.255092865652164269e-01 2.471329550553864607e-01 3.280526901648802007e-01 2.487560193269435782e-01 1.254340966234848143e-01
-1.282358963331182711e-01 -6.514771266019091234e-03 6.715061624134405216e-02 6.310120313546473125e-02 3.452465050424570817e-03 -5.950139714468362373e-02 -6.708278268342222905e-02 2.492040307409961689e-03 1.242073344846666150e-01 2.487560193269435782e-01 3.348453446098860753e-01 2.481892014168617655e-01
