7.058408175305292964e-01 3.512523051993038936e-01 1.001913329853621609e-01 -3.194318838555466195e-02 -4.594804232723226356e-02 3.562046982246609705e-03 4.535872856163739031e-02 -1.016448492655645103e-02 -7.059950339276588327e-02 -5.216785529830353374e-02 3.564930805871238673e-02 2.338723672645318385e-01
3.512523051993038936e-01 2.327542738545778089e-01 1.270306217373239066e-01 9.891033695942591519e-02 -7.590004647851267272e-02 -3.503361557147287308e-02 -9.328728020155649175e-04 3.151121276576485802e-02 4.929823976250344297e-02 -2.902368814850597722e-02 -9.382657688581103050e-02 6.330028352115098234e-02
1.001913329853621609e-01 1.270306217373239066e-01 1.468071905085667761e-01 2.590566468589071691e-01 6.604227395147000898e-03 -3.651907109987140299e-02 -5.164799317520556154e-02 3.516995431754683932e-02 1.037250629138627145e-01 1.282412950124840571e-02 -9.450148937754476730e-02 -2.085612629598372972e-02
-3.194318838555466195e-02 9.891033695942591519e-02 2.590566468589071691e-01 6.854440784172317613e-01 3.017361482252585159e-01 1.209461043822348050e-02 -1.077000761200413020e-01 1.663776631244874571e-02 1.201493772730844733e-01 4.399373108295197288e-02 -6.730406589101772807e-02 -5.660243833819961212e-02
-4.594804232723226356e-02 -7.590004647851267272e-02 6.604227395147000898e-03 3.017361482252585159e-01 5.376383128896953245e-01 1.943826586324048367e-01 1.191895540861466762e-01 -6.541112344446342597e-02 -1.968572883086405212e-01 -4.536563532070021776e-02 1.370707634588551327e-01 5.992679079952470400e-02
3.562046982246609705e-03 -3.503361557147287308e-02 -3.651907109987140299e-02 1.209461043822348050e-02 1.943826586324048367e-01 1.385140677670831377e-01 2.548979829653042484e-01 4.579821602615619103e-02 -7.033993545742281417e-02 -3.464373039159693302e-02 3.336295168691833651e-02 2.561794691841316751e-02
4.535872856163739031e-02 -9.328728020155649175e-04 -5.164799317520556154e-02 -1.077000761200413020e-01 1.191895540861466762e-01 2.548979829653042484e-01 7.456253303760534967e-01 2.732340842750248244e-01 7.872494779080524419e-02 -2.918525057177300680e-02 -7.049405375789985495e-02 -7.966464161481829134e-03
-1.016448492655645103e-02 3.151121276576485802e-02 3.516995431754683932e-02 1.663776631244874571e-02 -6.541112344446342597e-02 4.579821602615619103e-02 2.732340842750248244e-01 1.901899672084384207e-01 2.358025998106156318e-01 8.929831656493822378e-02 -3.809531442278432656e-02 -3.477825925983370203e-02
-7.059950339276588327e-02 4.929823976250344297e-02 1.037250629138627145e-01 1.201493772730844733e-01 -1.968572883086405212e-01 -7.033993545742281417e-02 7.872494779080524419e-02 2.358025998106156318e-01 5.123631473340199971e-01 2.786899091048380961e-01 5.770868630554214229e-02 -4.290218322714876853e-02
-5.216785529830353374e-02 -2.902368814850597722e-02 1.282412950124840571e-02 4.399373108295197288e-02 -4.536563532070021776e-02 -3.464373039159693302e-02 -2.918525057177300680e-02 8.929831656493822378e-02 2.786899091048380961e-01 2.785907050958410514e-01 3.074535362570305352e-01 7.920008624121195606e-02
3.564930805871238673e-02 -9.382657688581103050e-02 -9.450148937754476730e-02 -6.730406589101772807e-02 1.370707634588551327e-01 3.336295168691833651e-02 -7.049405375789985495e-02 -3.809531442278432656e-02 5.770868630554214229e-02 3.074535362570305352e-01 6.496305565574183039e-01 2.573850787497653503e-01
2.338723672645318385e-01 6.330028352115098234e-02 -2.085612629598372972e-02 -5.660243833819961212e-02 5.992679079952470400e-02 2.561794691841316751e-02 -7.966464161481829134e-03 -3.477825925983370203e-02 -4.290218322714876853e-02 7.920008624121195606e-02 2.573850787497653503e-01 1.766015524605373532e-01
4.422387730497462366e-01 3.309435381087562633e-01 -5.711790289710861473e-02 -1.037342339715872364e-01 -7.822009082839526117e-02 -3.405917562847783631e-02 -3.666799132458185839e-02 5.817866365848582688e-02 8.378334826200851959e-03 -9.370153620247061166e-02 -4.430491496548886327e-02 3.059425004473414478e-01
3.309435381087562633e-01 4.795941767085364349e-01 2.894262381926980821e-01 4.381200689634838497e-02 -2.443121819442487658e-02 -3.453419016325894042e-02 -8.711612374985273910e-02 5.192141625956502027e-02 7.517231791174058819e-02 -5.700444260624120546e-02 -1.395908765515556094e-01 8.132428318357540209e-02
-5.711790289710861473e-02 2.894262381926980821e-01 6.612753080546001083e-01 2.963987202040958557e-01 1.335032906699730182e-01 4.365009885353100805e-02 3.797616572544857544e-02 -5.348711413393141684e-02 -2.191588313116493367e-02 6.559211626004787798e-02 6.138247875618915023e-02 -1.090771605225771823e-01
-1.037342339715872364e-01 4.381200689634838497e-02 2.963987202040958557e-01 1.599739647645088414e-01 8.764360333492136890e-02 4.251516759961471159e-02 7.404792967102973023e-02 -3.993878190901414132e-02 -5.488002571210544300e-02 3.884982590355746251e-02 8.273616484618073752e-02 -5.686445943239967771e-02
-7.822009082839526117e-02 -2.443121819442487658e-02 1.335032906699730182e-01 8.764360333492136890e-02 5.941323018506738246e-02 4.241233496505836253e-02 1.058163387786769660e-01 -8.911243952677828234e-03 -6.745809102631197818e-02 4.399322224604605529e-03 6.674335939802641948e-02 -1.342682625503388225e-02
-3.405917562847783631e-02 -3.453419016325894042e-02 4.365009885353100805e-02 4.251516759961471159e-02 4.241233496505836253e-02 5.168795368774145582e-02 1.734916837910440157e-01 5.946754890217011147e-02 -6.487222734303657590e-02 -3.466531952118047377e-02 3.306093080231239240e-02 2.030567605925025568e-02
-3.666799132458185839e-02 -8.711612374985273910e-02 3.797616572544857544e-02 7.404792967102973023e-02 1.058163387786769660e-01 1.734916837910440157e-01 6.529649351132386093e-01 3.454443435937094575e-01 -1.274063827215444755e-01 -1.360343747478063303e-01 3.649642158554460003e-02 8.515847245227500806e-02
5.817866365848582688e-02 5.192141625956502027e-02 -5.348711413393141684e-02 -3.993878190901414132e-02 -8.911243952677828234e-03 5.946754890217011147e-02 3.454443435937094575e-01 5.102009679876191584e-01 3.132223955543836924e-01 5.431192322431206698e-02 -8.751469115656654307e-02 -2.978505333469672056e-02
8.378334826200851959e-03 7.517231791174058819e-02 -2.191588313116493367e-02 -5.488002571210544300e-02 -6.745809102631197818e-02 -6.487222734303657590e-02 -1.274063827215444755e-01 3.132223955543836924e-01 5.564381488529297481e-01 3.104182641242837493e-01 1.156421662493080024e-02 -1.074337265956983173e-01
-9.370153620247061166e-02 -5.700444260624120546e-02 6.559211626004787798e-02 3.884982590355746251e-02 4.399322224604605529e-03 -3.466531952118047377e-02 -1.360343747478063303e-01 5.431192322431206698e-02 3.104182641242837493e-01 3.524243536891596973e-01 2.913848535620894853e-01 2.914320630193631065e-02
-4.430491496548886327e-02 -1.395908765515556094e-01 6.138247875618915023e-02 8.273616484618073752e-02 6.674335939802641948e-02 3.306093080231239240e-02 3.649642158554460003e-02 -8.751469115656654307e-02 1.156421662493080024e-02 2.913848535620894853e-01 5.708011067379895609e-01 3.263148917341405220e-01
3.059425004473414478e-01 8.132428318357540209e-02 -1.090771605225771823e-01 -5.686445943239967771e-02 -1.342682625503388225e-02 2.030567605925025568e-02 8.515847245227500806e-02 -2.978505333469672056e-02 -1.074337265956983173e-01 2.914320630193631065e-02 3.263148917341405220e-01 5.029870811688736953e-01
6.439259331783450113e-01 3.530712749924184712e-01 6.708187470756205029e-02 -8.897652930620197909e-02 -4.056098410817850913e-02 4.731615620192549526e-02 5.259178863057295539e-02 6.348741233084063962e-02 -6.930471594464837626e-02 -2.333535800715009004e-02 8.106584422627477471e-02 2.526637199038811454e-01
3.530712749924184712e-01 3.310190282964095565e-01 2.070936533344471808e-01 1.241575058049556868e-01 -4.812322264920026321e-02 -9.738743962623108708e-02 -1.862975552298335585e-02 5.228365563093985424e-02 6.614427407098508530e-03 -6.845156755992584663e-02 -9.887852046349909774e-02 5.414128480727754822e-02
6.708187470756205029e-02 2.070936533344471808e-01 2.645102370593048757e-01 3.206362489765018919e-01 5.438826762194119702e-02 -1.196621821418038106e-01 -7.066561072060043025e-02 -2.946040386144585868e-02 6.435903082280818033e-02 -2.028096167172883588e-02 -9.624242517472517133e-02 -4.833788196075575194e-02
-8.897652930620197909e-02 1.241575058049556868e-01 3.206362489765018919e-01 5.702010300700545153e-01 2.932975841535840900e-01 4.235579398842382465e-03 -6.560681170311455368e-02 -9.932674711346099750e-02 7.346097783918406621e-02 3.794050594258817355e-02 -2.333844615735644959e-02 -6.744001084650427802e-02
-4.056098410817850913e-02 -4.812322264920026321e-02 5.438826762194119702e-02 2.932975841535840900e-01 4.292700859563859384e-01 3.465360256877594303e-01 1.125421087965533390e-01 7.156588291607968860e-03 -6.245185294794781267e-02 2.168263190313459918e-02 8.271243067229569479e-02 3.432375092624879304e-02
4.731615620192549526e-02 -9.738743962623108708e-02 -1.196621821418038106e-01 4.235579398842382465e-03 3.465360256877594303e-01 4.633068557032359314e-01 2.193830924438182617e-01 1.500930464886267857e-01 -1.168604588463495464e-01 -3.823346139684583034e-02 5.402373180796492952e-02 6.883852315452200499e-02
5.259178863057295539e-02 -1.862975552298335585e-02 -7.066561072060043025e-02 -6.560681170311455368e-02 1.125421087965533390e-01 2.193830924438182617e-01 1.541623339779937263e-01 2.189848656008051009e-01 1.332889931505764139e-02 -5.550222096077179340e-02 -5.862862711647873204e-02 2.240561363507147848e-03
6.348741233084063962e-02 5.228365563093985424e-02 -2.946040386144585868e-02 -9.932674711346099750e-02 7.156588291607968860e-03 1.500930464886267857e-01 2.189848656008051009e-01 5.452217581947385039e-01 3.198506543903030241e-01 -5.126529068283407209e-02 -1.948386035360303303e-01 -7.351706746549116489e-02
-6.930471594464837626e-02 6.614427407098508530e-03 6.435903082280818033e-02 7.346097783918406621e-02 -6.245185294794781267e-02 -1.168604588463495464e-01 1.332889931505764139e-02 3.198506543903030241e-01 6.628584264551511396e-01 2.649948968581247732e-01 1.104025364117775521e-01 -2.083520181611510716e-03
-2.333535800715009004e-02 -6.845156755992584663e-02 -2.028096167172883588e-02 3.794050594258817355e-02 2.168263190313459918e-02 -3.823346139684583034e-02 -5.550222096077179340e-02 -5.126529068283407209e-02 2.649948968581247732e-01 2.551526319915955465e-01 2.937042151297911130e-01 1.204020292847228779e-01
8.106584422627477471e-02 -9.887852046349909774e-02 -9.624242517472517133e-02 -2.333844615735644959e-02 8.271243067229569479e-02 5.402373180796492952e-02 -5.862862711647873204e-02 -1.948386035360303303e-01 1.104025364117775521e-01 2.937042151297911130e-01 4.719572534678948550e-01 2.498037131968003921e-01
2.526637199038811454e-01 5.414128480727754822e-02 -4.833788196075575194e-02 -6.744001084650427802e-02 3.432375092624879304e-02 6.883852315452200499e-02 2.240561363507147848e-03 -7.351706746549116489e-02 -2.083520181611510716e-03 1.204020292847228779e-01 2.498037131968003921e-01 2.084144256489088853e-01
5.771091245352167887e-01 2.316867455709156198e-01 -6.976166902076887111e-02 -2.062632971251435882e-02 2.318345809085149700e-02 3.891450870680000784e-02 3.220882629572408701e-02 -8.014790492490833640e-02 -1.039757518461466579e-01 -4.687132988113350274e-02 1.380617405594884439e-01 3.689207412793121810e-01
2.316867455709156198e-01 6.794281616421293801e-01 3.425589360067594624e-01 -1.346850059812741418e-01 -9.682607089806657963e-02 -5.346326838565948480e-02 2.629917044985670849e-03 5.060401225216152460e-02 3.512401194781454572e-02 -2.223847301000490134e-02 -7.300054842574946190e-02 -4.256200778839475118e-02
-6.976166902076887111e-02 3.425589360067594624e-01 4.580084001703040864e-01 2.949232186774012332e-01 5.457457709026461434e-02 -1.080698978692585209e-02 -3.238680679285475816e-02 4.333958173716642714e-02 6.335631085042583988e-02 3.522490368710330666e-02 -5.916277165636962126e-02 -1.333521270459493979e-01
-2.062632971251435882e-02 -1.346850059812741418e-01 2.949232186774012332e-01 7.203708996260822506e-01 2.578960093418222188e-01 9.631927550121538451e-02 -1.004279826488792098e-02 -6.361267935945705276e-02 -4.859773830430567931e-02 3.169493325492412760e-03 6.424774202120081545e-02 7.812114271529249643e-02
2.318345809085149700e-02 -9.682607089806657963e-02 5.457457709026461434e-02 2.578960093418222188e-01 1.059908225471995480e-01 6.029418793749086181e-02 5.514044552966285845e-02 -2.384543902533062948e-02 -4.167105554877165163e-02 -2.393645929132008632e-02 2.971110453342683949e-02 6.171808726359273578e-02
3.891450870680000784e-02 -5.346326838565948480e-02 -1.080698978692585209e-02 9.631927550121538451e-02 6.029418793749086181e-02 9.305516294350718587e-02 2.415209402001103622e-01 4.631248865046726226e-02 -3.470791045925950002e-02 -5.410606034477620507e-02 -2.909937902866770523e-03 4.048817479429660249e-02
3.220882629572408701e-02 2.629917044985670849e-03 -3.238680679285475816e-02 -1.004279826488792098e-02 5.514044552966285845e-02 2.415209402001103622e-01 8.246510457210429745e-01 2.682206204423843166e-01 1.934368859744972982e-02 -7.423741630815658410e-02 -4.433864756397672829e-02 -7.627865902919221111e-04
-8.014790492490833640e-02 5.060401225216152460e-02 4.333958173716642714e-02 -6.361267935945705276e-02 -2.384543902533062948e-02 4.631248865046726226e-02 2.682206204423843166e-01 1.961244485371378132e-01 1.736490113527985601e-01 1.737399979745612166e-01 4.857608133528107386e-02 -4.942430685834584697e-02
-1.039757518461466579e-01 3.512401194781454572e-02 6.335631085042583988e-02 -4.859773830430567931e-02 -4.167105554877165163e-02 -3.470791045925950002e-02 1.934368859744972982e-02 1.736490113527985601e-01 2.750994208345625136e-01 3.473441692130636582e-01 1.450601122207313409e-01 -2.163289256851200215e-02
-4.687132988113350274e-02 -2.223847301000490134e-02 3.522490368710330666e-02 3.169493325492412760e-03 -2.393645929132008632e-02 -5.410606034477620507e-02 -7.423741630815658410e-02 1.737399979745612166e-01 3.473441692130636582e-01 5.068710090605403895e-01 2.697928900926788720e-01 8.135496535461914092e-02
1.380617405594884439e-01 -7.300054842574946190e-02 -5.916277165636962126e-02 6.424774202120081545e-02 2.971110453342683949e-02 -2.909937902866770523e-03 -4.433864756397672829e-02 4.857608133528107386e-02 1.450601122207313409e-01 2.697928900926788720e-01 2.253314500526489017e-01 2.004373713945237778e-01
3.689207412793121810e-01 -4.256200778839475118e-02 -1.333521270459493979e-01 7.812114271529249643e-02 6.171808726359273578e-02 4.048817479429660249e-02 -7.627865902919221111e-04 -4.942430685834584697e-02 -2.163289256851200215e-02 8.135496535461914092e-02 2.004373713945237778e-01 3.379600543296298332e-01
5.527875283983797461e-01 2.804591585835534140e-01 1.597762788901012018e-02 -8.257768603321856415e-02 8.751350890652933104e-03 4.336990884115428380e-02 1.431640052955511846e-02 -2.744575534594002192e-02 -5.886167594864495645e-02 -8.078384183097798987e-02 1.002122704773477646e-01 3.632773783562029957e-01
2.804591585835534140e-01 3.450761602489959001e-01 3.057993924120795959e-01 1.323381326355033694e-01 -1.052564553945750797e-01 -6.610266908482289455e-03 7.384583585528853300e-02 5.261679448239683921e-02 1.334363131125993179e-03 -6.176976974589809544e-02 -1.593917765076726528e-02 8.941300172797070345e-02
1.597762788901012018e-02 3.057993924120795959e-01 4.855143832687954242e-01 3.417004318052754286e-01 -6.768666463839922987e-02 -7.326980715289790891e-02 2.009446970298567683e-02 5.434177388354285987e-02 4.744861144969381161e-02 2.508501762735040885e-02 -6.005253584018756946e-02 -1.129868437215507948e-01
-8.257768603321856415e-02 1.323381326355033694e-01 3.417004318052754286e-01 4.086345201649963510e-01 2.585644352450395811e-01 -3.504070673704814953e-02 -9.700703745210709217e-02 -3.879722299413993630e-02 1.758183501884421490e-02 6.348640799616757369e-02 -1.883563761092781064e-02 -1.033131601665643745e-01
8.751350890652933104e-03 -1.052564553945750797e-01 -6.768666463839922987e-02 2.585644352450395811e-01 7.887099405901838445e-01 2.502312788056949566e-01 -3.761554450487283874e-02 -8.292806035171737533e-02 -5.197626263524286749e-02 -1.219220943077078609e-02 4.503528122166891579e-02 7.585711208191850408e-02
4.336990884115428380e-02 -6.610266908482289455e-03 -7.326980715289790891e-02 -3.504070673704814953e-02 2.502312788056949566e-01 3.415700864083873189e-01 3.364660376887776971e-01 1.717845676902666208e-01 4.124342553818177715e-02 -5.693046927209566982e-02 -3.313713545276171513e-02 9.499856165845199651e-03
1.431640052955511846e-02 7.384583585528853300e-02 2.009446970298567683e-02 -9.700703745210709217e-02 -3.761554450487283874e-02 3.364660376887776971e-01 5.022728063781043417e-01 3.023388787948951828e-01 1.156184973598781557e-01 -1.783362843093799777e-02 -6.559033928711574535e-02 -6.532690417631459301e-02
-2.744575534594002192e-02 5.261679448239683921e-02 5.434177388354285987e-02 -3.879722299413993630e-02 -8.292806035171737533e-02 1.717845676902666208e-01 3.023388787948951828e-01 2.095717778630752093e-01 1.206660338731836146e-01 9.258872873863235875e-02 -6.951366198805934010e-03 -5.787378996927853431e-02
-5.886167594864495645e-02 1.334363131125993179e-03 4.744861144969381161e-02 1.758183501884421490e-02 -5.197626263524286749e-02 4.124342553818177715e-02 1.156184973598781557e-01 1.206660338731836146e-01 1.511891541965958985e-01 2.790649610146430648e-01 1.012613496137053926e-01 -1.161138410050625500e-02
-8.078384183097798987e-02 -6.176976974589809544e-02 2.508501762735040885e-02 6.348640799616757369e-02 -1.219220943077078609e-02 -5.693046927209566982e-02 -1.783362843093799777e-02 9.258872873863235875e-02 2.790649610146430648e-01 6.850487285956952110e-01 3.154751960303771585e-01 8.590825180413817763e-02
1.002122704773477646e-01 -1.593917765076726528e-02 -6.005253584018756946e-02 -1.883563761092781064e-02 4.503528122166891579e-02 -3.313713545276171513e-02 -6.559033928711574535e-02 -6.951366198805934010e-03 1.012613496137053926e-01 3.154751960303771585e-01 2.046185090882563784e-01 1.691027883625926265e-01
3.632773783562029957e-01 8.941300172797070345e-02 -1.129868437215507948e-01 -1.033131601665643745e-01 7.585711208191850408e-02 9.499856165845199651e-03 -6.532690417631459301e-02 -5.787378996927853431e-02 -1.161138410050625500e-02 8.590825180413817763e-02 1.691027883625926265e-01 3.250064047985123938e-01
1.880166235082170179e-01 1.971072046032762426e-01 9.143271197202175460e-02 -7.393523196611936910e-02 -6.457553502019323932e-02 4.385889730869520220e-02 9.125733631503787913e-02 1.952647946145165403e-02 -8.920320577860546551e-02 1.060165573220775426e-02 1.539117365816732863e-01 2.238740682815061056e-01
1.971072046032762426e-01 3.511234597306084892e-01 3.514287758417900531e-01 -1.007362103472751909e-02 -1.422245192370389100e-01 -9.614939358665815228e-03 1.002735330912277734e-01 7.120522927054188933e-02 -5.258567767257198156e-02 -5.660991945712956497e-02 2.275770174645224200e-02 1.272476335748658482e-01
9.143271197202175460e-02 3.514287758417900531e-01 6.251779888020695397e-01 2.751863258433947523e-01 -2.026306866931441852e-02 -8.114560089025815715e-02 -4.332473665728922563e-02 2.005364440307139118e-02 4.834496405109510453e-02 -3.143442767216880762e-02 -8.179266582406223562e-02 -3.806089398965943615e-02
-7.393523196611936910e-02 -1.007362103472751909e-02 2.751863258433947523e-01 4.374597018095153778e-01 3.516215570614635300e-01 5.850563836167690934e-02 -1.097033368088364824e-01 -9.095455268020272155e-02 3.960937922978888942e-02 6.277286615757290966e-02 3.574768917299877852e-03 -6.927492768236889753e-02
-6.457553502019323932e-02 -1.422245192370389100e-01 -2.026306866931441852e-02 3.516215570614635300e-01 5.283700299494058505e-01 2.769759429760649816e-01 7.310937311066033339e-02 -4.089473834195715002e-02 -5.183030433716371427e-02 3.803188212848732097e-02 7.089517624438647359e-02 1.683469770153429163e-02
4.385889730869520220e-02 -9.614939358665815228e-03 -8.114560089025815715e-02 5.850563836167690934e-02 2.769759429760649816e-01 3.234269128486215727e-01 3.029581842312847328e-01 1.377972871140220879e-01 -7.251216455725620347e-02 -6.886706218192906181e-02 1.088981276484856514e-02 6.573510767497402207e-02
9.125733631503787913e-02 1.002735330912277734e-01 -4.332473665728922563e-02 -1.097033368088364824e-01 7.310937311066033339e-02 3.029581842312847328e-01 4.428265064592387668e-01 3.007465046070741943e-01 2.248674918532208439e-02 -1.118776820962067015e-01 -7.006027552232670097e-02 4.049115852562383544e-02
1.952647946145165403e-02 7.120522927054188933e-02 2.005364440307139118e-02 -9.095455268020272155e-02 -4.089473834195715002e-02 1.377972871140220879e-01 3.007465046070741943e-01 3.375610798008743529e-01 2.884066586813540112e-01 2.217459473761826047e-02 -8.357273178444735162e-02 -5.141007370744439531e-02
-8.920320577860546551e-02 -5.258567767257198156e-02 4.834496405109510453e-02 3.960937922978888942e-02 -5.183030433716371427e-02 -7.251216455725620347e-02 2.248674918532208439e-02 2.884066586813540112e-01 6.654188915230807577e-01 3.170006689182326420e-01 4.054410332108143722e-02 -9.673471184144290247e-02
1.060165573220775426e-02 -5.660991945712956497e-02 -3.143442767216880762e-02 6.277286615757290966e-02 3.803188212848732097e-02 -6.886706218192906181e-02 -1.118776820962067015e-01 2.217459473761826047e-02 3.170006689182326420e-01 3.105156172956320404e-01 2.544159634177831641e-01 1.291510649809006206e-01
1.539117365816732863e-01 2.275770174645224200e-02 -8.179266582406223562e-02 3.574768917299877852e-03 7.089517624438647359e-02 1.088981276484856514e-02 -7.006027552232670097e-02 -8.357273178444735162e-02 4.054410332108143722e-02 2.544159634177831641e-01 4.117682631208652300e-01 3.478734076188173541e-01
2.238740682815061056e-01 1.272476335748658482e-01 -3.806089398965943615e-02 -6.927492768236889753e-02 1.683469770153429163e-02 6.573510767497402207e-02 4.049115852562383544e-02 -5.141007370744439531e-02 -9.673471184144290247e-02 1.291510649809006206e-01 3.478734076188173541e-01 3.783349251518710044e-01
2.829683017587163452e-01 3.143374660742345172e-01 1.148919436636848534e-01 -1.051432041433342061e-02 -9.454457300601998293e-02 -2.843332709964234775e-02 1.026036742572684901e-01 4.628295715113649178e-02 -1.823404035494424064e-02 -6.271074076382493478e-02 4.968609206929313488e-02 2.355822045461462011e-01
3.143374660742345172e-01 5.657560431311569049e-01 3.188227535790589817e-01 1.032760833738467637e-01 4.452123335415333893e-02 -3.127866491367140012e-02 -3.445797146531585919e-02 1.009552014414184795e-02 5.703287966640577245e-02 -5.178393752107349896e-02 -9.856896427365716140e-02 9.168630479915426679e-02
1.148919436636848534e-01 3.188227535790589817e-01 2.364038211632316644e-01 1.220465473480650404e-01 1.469448513225468655e-01 1.871468954445253824e-02 -1.208088329178091808e-01 -4.308358227411836217e-02 3.506127539030527707e-02 2.400791546739030474e-02 -5.561351030416986085e-02 -3.517976381690684357e-02
-1.051432041433342061e-02 1.032760833738467637e-01 1.220465473480650404e-01 1.009452007986420680e-01 1.839100113819607807e-01 8.935019707199520766e-02 -1.013002544141083511e-01 -5.557659835085256017e-02 -4.511852984292173165e-03 5.482173527112448042e-02 5.667113441597185566e-03 -6.627010116873495449e-02
-9.454457300601998293e-02 4.452123335415333893e-02 1.469448513225468655e-01 1.839100113819607807e-01 4.286893371629238447e-01 3.402195642732474545e-01 -8.929053004685860717e-02 -9.212376030810369432e-02 -5.082333790107648047e-02 1.096705642568052141e-01 6.002155413221121893e-02 -1.246532938871365292e-01
-2.843332709964234775e-02 -3.127866491367140012e-02 1.871468954445253824e-02 8.935019707199520766e-02 3.402195642732474545e-01 5.980303457011882928e-01 3.171927976551793815e-01 5.687737388520575088e-02 -5.112332575170244753e-02 -5.814491861117353395e-03 3.085768149658194015e-02 -2.584826119088653573e-03
1.026036742572684901e-01 -3.445797146531585919e-02 -1.208088329178091808e-01 -1.013002544141083511e-01 -8.929053004685860717e-02 3.171927976551793815e-01 5.251263185873791262e-01 2.127471498897618718e-01 8.210214231938864349e-02 -1.265616327200788371e-01 -7.419576503408642498e-02 1.301470998357366626e-01
4.628295715113649178e-02 1.009552014414184795e-02 -4.308358227411836217e-02 -5.557659835085256017e-02 -9.212376030810369432e-02 5.687737388520575088e-02 2.127471498897618718e-01 1.459673651925280646e-01 2.302118727852867641e-01 1.133167783936367065e-02 -6.728404594014862627e-02 2.305026223340654948e-02
-1.823404035494424064e-02 5.703287966640577245e-02 3.506127539030527707e-02 -4.511852984292173165e-03 -5.082333790107648047e-02 -5.112332575170244753e-02 8.210214231938864349e-02 2.302118727852867641e-01 7.559493270482569027e-01 3.095880238075542912e-01 -5.134400370086407428e-02 -1.091902002977320207e-01
-6.271074076382493478e-02 -5.178393752107349896e-02 2.400791546739030474e-02 5.482173527112448042e-02 1.096705642568052141e-01 -5.814491861117353395e-03 -1.265616327200788371e-01 1.133167783936367065e-02 3.095880238075542912e-01 3.573213525879199715e-01 2.944598316618897149e-01 3.448909989173550017e-02
4.968609206929313488e-02 -9.856896427365716140e-02 -5.561351030416986085e-02 5.667113441597185566e-03 6.002155413221121893e-02 3.085768149658194015e-02 -7.419576503408642498e-02 -6.728404594014862627e-02 -5.134400370086407428e-02 2.944598316618897149e-01 5.962012148226942809e-01 3.385982494579156676e-01
2.355822045461462011e-01 9.168630479915426679e-02 -3.517976381690684357e-02 -6.627010116873495449e-02 -1.246532938871365292e-01 -2.584826119088653573e-03 1.301470998357366626e-01 2.305026223340654948e-02 -1.091902002977320207e-01 3.448909989173550017e-02 3.385982494579156676e-01 4.066413720453561087e-01
5.095273716032164835e-01 2.758020871215342007e-01 6.209383661346942751e-02 -2.534816807100909869e-02 -4.863472972545060391e-02 -4.577319987453404293e-02 5.041185390506355835e-02 1.511093929023284328e-02 -6.435071725855823210e-02 -1.470001868957820368e-01 9.240595288386077577e-02 3.467333888405100817e-01
2.758020871215342007e-01 3.819597615173823124e-01 3.370262152849812787e-01 1.585494857729468354e-01 5.515150991218326082e-02 -2.912125029846308194e-02 -4.226178828031031121e-02 5.127235509677369185e-02 2.239707401454609989e-02 -2.174787646961143239e-02 -5.565781781486658919e-02 5.290893511589672693e-02
6.209383661346942751e-02 3.370262152849812787e-01 4.261260396594368505e-01 2.398620815815434848e-01 1.245288626503564117e-01 2.873242779964486904e-02 -8.597806173877514668e-02 2.643560844286560463e-02 6.720081419560253178e-02 9.402437990800013856e-02 -9.296709707810404955e-02 -1.239499643571928544e-01
-2.534816807100909869e-02 1.585494857729468354e-01 2.398620815815434848e-01 1.563902280501923703e-01 1.141983940958608557e-01 1.004285330389110831e-01 -3.463248221471863786e-02 -3.587132996425879128e-02 3.093178329016788367e-02 8.449250305167896324e-02 -4.071132726914927780e-02 -1.017741281858448588e-01
-4.863472972545060391e-02 5.515150991218326082e-02 1.245288626503564117e-01 1.141983940958608557e-01 1.513436915270000294e-01 2.611114853030894745e-01 6.432890036146929336e-02 -1.146228029500705320e-01 -2.006448044986788859e-02 5.726826151180119950e-02 8.477562138957726520e-03 -5.528099904621876226e-02
-4.577319987453404293e-02 -2.912125029846308194e-02 2.873242779964486904e-02 1.004285330389110831e-01 2.611114853030894745e-01 6.228958172884192512e-01 3.309193524708393674e-01 -1.662734411793059808e-01 -8.398423575016189524e-02 4.551280118412866747e-03 5.653252281174323685e-02 8.779503032655157357e-03
5.041185390506355835e-02 -4.226178828031031121e-02 -8.597806173877514668e-02 -3.463248221471863786e-02 6.432890036146929336e-02 3.309193524708393674e-01 5.253208884593202344e-01 3.234008207028766790e-01 3.739416482798590263e-02 -8.266450161333765978e-02 -1.762402650311609836e-02 5.554845884358602937e-02
1.511093929023284328e-02 5.127235509677369185e-02 2.643560844286560463e-02 -3.587132996425879128e-02 -1.146228029500705320e-01 -1.662734411793059808e-01 3.234008207028766790e-01 6.734231578782216010e-01 2.303500149395973362e-01 6.268022130371889156e-02 -7.090541406880290776e-02 -5.249672423856409365e-02
-6.435071725855823210e-02 2.239707401454609989e-02 6.720081419560253178e-02 3.093178329016788367e-02 -2.006448044986788859e-02 -8.398423575016189524e-02 3.739416482798590263e-02 2.303500149395973362e-01 1.503134478351788039e-01 2.149630842630314287e-01 7.402950990684806221e-02 -4.759504673054320428e-02
-1.470001868957820368e-01 -2.174787646961143239e-02 9.402437990800013856e-02 8.449250305167896324e-02 5.726826151180119950e-02 4.551280118412866747e-03 -8.266450161333765978e-02 6.268022130371889156e-02 2.149630842630314287e-01 5.877141351272716641e-01 3.684673061407657269e-01 6.236575443384198558e-03
9.240595288386077577e-02 -5.565781781486658919e-02 -9.296709707810404955e-02 -4.071132726914927780e-02 8.477562138957726520e-03 5.653252281174323685e-02 -1.762402650311609836e-02 -7.090541406880290776e-02 7.402950990684806221e-02 3.684673061407657269e-01 4.398446471296907356e-01 2.597210930951496799e-01
3.467333888405100817e-01 5.290893511589672693e-02 -1.239499643571928544e-01 -1.017741281858448588e-01 -5.528099904621876226e-02 8.779503032655157357e-03 5.554845884358602937e-02 -5.249672423856409365e-02 -4.759504673054320428e-02 6.236575443384198558e-03 2.597210930951496799e-01 3.751408139246656392e-01
5.214772176929862724e-01 3.327445528373229600e-01 3.566943907416908477e-02 -9.089181459966436116e-02 -9.405854876135301412e-02 7.662807096387159317e-03 9.129315148119651613e-02 7.291579902985063921e-02 -3.626390134688269040e-02 -9.809638709807000367e-02 6.888964652341256212e-02 2.894985439126225302e-01
3.327445528373229600e-01 5.183336080830039938e-01 2.881791407547291128e-01 1.236019515748193187e-01 -8.377988513606533447e-03 -7.638087220908329478e-02 -8.025144423809729699e-02 -5.175553355527113229e-04 8.392465508668967011e-02 -9.826745445133363774e-03 -1.163475881387364824e-01 1.969023632105677823e-02
3.566943907416908477e-02 2.881791407547291128e-01 2.786272961541405024e-01 2.385925460376420448e-01 1.481662142131087712e-01 -6.889506343602431332e-03 -1.016297527681948865e-01 -6.915091562957012550e-02 4.231922882092944288e-02 6.500988814223884749e-02 -6.196945378529665482e-02 -8.898239185853429323e-02
-9.089181459966436116e-02 1.236019515748193187e-01 2.385925460376420448e-01 3.165036364908997979e-01 3.084435067694183963e-01 1.237045504126857293e-01 -2.497253430609373825e-02 -7.943970998528124272e-02 -3.179507773381601288e-02 7.230423186213286169e-02 2.139963227593293105e-02 -8.009076097397932470e-02
-9.405854876135301412e-02 -8.377988513606533447e-03 1.481662142131087712e-01 3.084435067694183963e-01 4.192683057846452455e-01 2.779669131773904178e-01 1.385558011607671558e-01 -7.951131234683819424e-03 -8.899133900521732921e-02 1.214425440829175820e-02 7.738008513930352827e-02 -6.578956898242001132e-03
7.662807096387159317e-03 -7.638087220908329478e-02 -6.889506343602431332e-03 1.237045504126857293e-01 2.779669131773904178e-01 2.919478778167057254e-01 2.713998255017717187e-01 1.307371032856450010e-01 -4.057903462998936617e-02 -7.468892907128890646e-02 3.774522161357798250e-02 6.460714561690793223e-02
9.129315148119651613e-02 -8.025144423809729699e-02 -1.016297527681948865e-01 -2.497253430609373825e-02 1.385558011607671558e-01 2.713998255017717187e-01 3.755633266292727201e-01 2.835639124432214331e-01 8.886262506529976624e-02 -1.125533217922108087e-01 -4.249259057393440370e-02 7.954709248606239846e-02
7.291579902985063921e-02 -5.175553355527113229e-04 -6.915091562957012550e-02 -7.943970998528124272e-02 -7.951131234683819424e-03 1.307371032856450010e-01 2.835639124432214331e-01 3.379203363607257704e-01 3.039856688950134389e-01 1.154015634231778109e-02 -1.080276975764544872e-01 -9.024483496752279746e-03
-3.626390134688269040e-02 8.392465508668967011e-02 4.231922882092944288e-02 -3.179507773381601288e-02 -8.899133900521732921e-02 -4.057903462998936617e-02 8.886262506529976624e-02 3.039856688950134389e-01 5.713398868661641039e-01 3.190166919628248943e-01 -4.606123422986232313e-02 -1.153015769677224467e-01
-9.809638709807000367e-02 -9.826745445133363774e-03 6.500988814223884749e-02 7.230423186213286169e-02 1.214425440829175820e-02 -7.468892907128890646e-02 -1.125533217922108087e-01 1.154015634231778109e-02 3.190166919628248943e-01 4.929272302907893311e-01 3.195513404468057761e-01 3.495219367750068695e-02
6.888964652341256212e-02 -1.163475881387364824e-01 -6.196945378529665482e-02 2.139963227593293105e-02 7.738008513930352827e-02 3.774522161357798250e-02 -4.249259057393440370e-02 -1.080276975764544872e-01 -4.606123422986232313e-02 3.195513404468057761e-01 5.402190724910932440e-01 3.062162932483569744e-01
2.894985439126225302e-01 1.969023632105677823e-02 -8.898239185853429323e-02 -8.009076097397932470e-02 -6.578956898242001132e-03 6.460714561690793223e-02 7.954709248606239846e-02 -9.024483496752279746e-03 -1.153015769677224467e-01 3.495219367750068695e-02 3.062162932483569744e-01 3.358722053396120955e-01
5.948463762930160659e-01 2.881416095555942025e-01 -1.825402812813848447e-02 -1.025384019753270287e-01 -8.770660149456131760e-02 -1.396564632294720366e-02 6.887785413947214441e-02 2.679392324403706907e-02 -8.433582430621222592e-02 -8.530517661394912410e-02 4.161251767664664314e-02 3.331333761898160328e-01
2.881416095555942025e-01 5.770308998024789027e-01 3.297306773972117355e-01 1.063025113543175637e-01 -2.132115197662668923e-02 -7.767243314506630525e-02 -4.024716243314162972e-02 6.025328126738290629e-02 3.451291441150032557e-02 -4.800477964189349411e-02 -1.059391749530955440e-01 -9.066381694857693352e-02
-1.825402812813848447e-02 3.297306773972117355e-01 3.450053800343507726e-01 2.417693524693337870e-01 1.462989268883699012e-01 3.398621483586159592e-02 -6.940562621955737033e-02 -3.743778339767406260e-02 6.847942515907481931e-02 7.375273601552012614e-02 -8.345728424215357460e-03 -1.160293054208454688e-01
-1.025384019753270287e-01 1.063025113543175637e-01 2.417693524693337870e-01 2.636063540580421138e-01 2.440575012779350461e-01 1.562085917437351368e-01 -1.038694643012570695e-02 -9.958265565874913072e-02 2.055502090692121198e-02 9.724233651424971092e-02 6.887490846307503523e-02 -1.819147257023874531e-02
-8.770660149456131760e-02 -2.132115197662668923e-02 1.462989268883699012e-01 2.440575012779350461e-01 3.047230575972202926e-01 2.802219222537329912e-01 1.133248583079066729e-01 -1.008081290501276761e-01 -5.482501777120206421e-02 4.804554643529711927e-02 8.356798580608519600e-02 5.920429185573909681e-02
-1.396564632294720366e-02 -7.767243314506630525e-02 3.398621483586159592e-02 1.562085917437351368e-01 2.802219222537329912e-01 3.733815192932947724e-01 3.082672080131445003e-01 2.039960821597110521e-02 -1.090739793830348414e-01 -5.889753122607258029e-02 2.389732289967757412e-02 7.767207480287513510e-02
6.887785413947214441e-02 -4.024716243314162972e-02 -6.940562621955737033e-02 -1.038694643012570695e-02 1.133248583079066729e-01 3.082672080131445003e-01 4.835923854682224743e-01 3.199502029207100251e-01 -1.155791492149169097e-02 -1.222795074685573691e-01 -7.803509797806548742e-02 3.979994500656642599e-03
2.679392324403706907e-02 6.025328126738290629e-02 -3.743778339767406260e-02 -9.958265565874913072e-02 -1.008081290501276761e-01 2.039960821597110521e-02 3.199502029207100251e-01 5.527022812501372062e-01 3.113367815627106627e-01 7.254800953693121834e-02 -4.619212386173000839e-02 -8.568247271755030647e-02
-8.433582430621222592e-02 3.451291441150032557e-02 6.847942515907481931e-02 2.055502090692121198e-02 -5.482501777120206421e-02 -1.090739793830348414e-01 -1.155791492149169097e-02 3.113367815627106627e-01 4.135650881092367004e-01 3.034327802160802223e-01 1.364425280265698093e-01 1.303307064779004720e-03
-8.530517661394912410e-02 -4.800477964189349411e-02 7.375273601552012614e-02 9.724233651424971092e-02 4.804554643529711927e-02 -5.889753122607258029e-02 -1.222795074685573691e-01 7.254800953693121834e-02 3.034327802160802223e-01 3.414656123104928831e-01 2.389020711054744006e-01 1.373812475975500214e-01
4.161251767664664314e-02 -1.059391749530955440e-01 -8.345728424215357460e-03 6.887490846307503523e-02 8.356798580608519600e-02 2.389732289967757412e-02 -7.803509797806548742e-02 -4.619212386173000839e-02 1.364425280265698093e-01 2.389020711054744006e-01 2.499936179822994098e-01 2.721140694329501342e-01
3.331333761898160328e-01 -9.066381694857693352e-02 -1.160293054208454688e-01 -1.819147257023874531e-02 5.920429185573909681e-02 7.767207480287513510e-02 3.979994500656642599e-03 -8.568247271755030647e-02 1.303307064779004720e-03 1.373812475975500214e-01 2.721140694329501342e-01 5.000874278012091834e-01
2.928747107998515564e-01 3.335776567495383205e-01 8.981473636900416668e-02 -3.815997479247540403e-02 -4.171753738529280359e-02 -2.356639772129625644e-05 3.480888548306598773e-02 -4.696997788458605327e-03 -4.394062229754053944e-02 -3.381127202551627211e-03 8.123025129723149274e-02 2.672849680870718059e-01
3.335776567495383205e-01 7.035329090321298384e-01 2.469884044750745855e-01 2.007058240787317621e-02 -9.061316194561130910e-02 -5.158495558819935212e-02 3.613250505982055875e-03 4.685732777014134376e-02 1.179240976558267387e-02 -5.777067166672316539e-02 -1.132799620233491261e-01 -5.364099704995210771e-02
8.981473636900416668e-02 2.469884044750745855e-01 1.450154526712738590e-01 2.022864071052686841e-01 6.978562959422303369e-02 -5.993166777942573499e-03 -3.944793767955353386e-02 5.830773866803144918e-03 3.275465603753502375e-02 -5.045646946596279644e-03 -4.578890654195368060e-02 -5.675303036283353697e-02
-3.815997479247540403e-02 2.007058240787317621e-02 2.022864071052686841e-01 6.917944177301074138e-01 3.804570709760941583e-01 7.914347423920797819e-02 -8.637154125471466215e-02 -4.384847846054185788e-02 4.996856679521324840e-02 4.338571653028890779e-02 2.115818085920028596e-02 -2.192498639660517973e-02
-4.171753738529280359e-02 -9.061316194561130910e-02 6.978562959422303369e-02 3.804570709760941583e-01 2.768400485782673837e-01 1.362244877104390461e-01 1.018623290000631454e-01 -7.581695155908001194e-03 -6.071270664287339858e-02 -1.356004568837386112e-02 2.831264532881814372e-02 4.616756711103187083e-02
-2.356639772129625644e-05 -5.158495558819935212e-02 -5.993166777942573499e-03 7.914347423920797819e-02 1.362244877104390461e-01 1.726632952004278077e-01 2.977343385042536261e-01 8.358349849439608570e-02 -1.059343562269448313e-01 -6.442787413046403844e-02 -7.141780673724767298e-03 4.551240296860236539e-02
3.480888548306598773e-02 3.613250505982055875e-03 -3.944793767955353386e-02 -8.637154125471466215e-02 1.018623290000631454e-01 2.977343385042536261e-01 6.649496169395870959e-01 3.027802308910280127e-01 -7.507050644609775114e-02 -9.674558229053752123e-02 -4.779554938267419062e-02 2.398181163683330702e-02
-4.696997788458605327e-03 4.685732777014134376e-02 5.830773866803144918e-03 -4.384847846054185788e-02 -7.581695155908001194e-03 8.358349849439608570e-02 3.027802308910280127e-01 3.665844572169199567e-01 3.302096663136419030e-01 1.100769057784874994e-01 3.950786014435675279e-03 -5.889195726785962509e-02
-4.394062229754053944e-02 1.179240976558267387e-02 3.275465603753502375e-02 4.996856679521324840e-02 -6.071270664287339858e-02 -1.059343562269448313e-01 -7.507050644609775114e-02 3.302096663136419030e-01 6.253246897422322093e-01 2.882519442641824359e-01 9.346697939290861401e-02 -5.064938888666761785e-02
-3.381127202551627211e-03 -5.777067166672316539e-02 -5.045646946596279644e-03 4.338571653028890779e-02 -1.356004568837386112e-02 -6.442787413046403844e-02 -9.674558229053752123e-02 1.100769057784874994e-01 2.882519442641824359e-01 1.683547468014720827e-01 1.189288703463215746e-01 9.788269299035193272e-02
8.123025129723149274e-02 -1.132799620233491261e-01 -4.578890654195368060e-02 2.115818085920028596e-02 2.831264532881814372e-02 -7.141780673724767298e-03 -4.779554938267419062e-02 3.950786014435675279e-03 9.346697939290861401e-02 1.189288703463215746e-01 2.092274286632057612e-01 3.382490768706812867e-01
