5.020835797821823210e-01 1.566079104931013544e-01 5.868795423711048453e-04 -1.307096055141939057e-02 -3.281192912446216344e-05 2.486435615925689305e-03 1.063406392704801880e-05 -2.484032908905675283e-03 7.524526559956190434e-05 1.306053095084375865e-02 -3.947387700553345487e-04 -1.564962139179953970e-01
1.566079104931013544e-01 4.985747415657930670e-01 1.564156038613346567e-01 2.213978998634724953e-04 -1.305419088145173129e-02 -5.016212694328669140e-06 2.483546747376986358e-03 2.232860617730678923e-05 -2.486591323654096380e-03 -1.309792477667727094e-04 1.307628065446305755e-02 8.503185247014020910e-04
5.868795423711048453e-04 1.564156038613346567e-01 4.996309246717995922e-01 1.565084465977941708e-01 -5.014236064607682959e-04 -1.306148960170222528e-02 2.354339276987939310e-05 2.485066721184190676e-03 -2.763153411372700841e-05 -2.485532933853759879e-03 8.212288996215100906e-05 1.306661465302667337e-02
-1.307096055141939057e-02 2.213978998634724953e-04 1.565084465977941708e-01 5.010663240462520651e-01 1.564484788962093031e-01 7.342143902514170796e-05 -1.305304625449670713e-02 -4.680248094500736092e-05 2.483491823709295214e-03 1.353946092303278054e-05 -2.485945366673915011e-03 -4.798394655137505919e-05
-3.281192912446216344e-05 -1.305419088145173129e-02 -5.014236064607682959e-04 1.564484788962093031e-01 4.997785516896419145e-01 1.564675063690250945e-01 3.221552559034670041e-04 -1.305891403390621423e-02 1.048773267915264215e-05 2.484124181736914461e-03 -1.179051718515805635e-06 -2.485536646082734183e-03
2.486435615925689305e-03 -5.016212694328669140e-06 -1.306148960170222528e-02 7.342143902514170796e-05 1.564675063690250945e-01 4.994232456671283682e-01 1.564462930104875693e-01 2.257933454323350370e-05 -1.305442453003596327e-02 1.106154988503219689e-05 2.483386143976177088e-03 8.321892218512264602e-06
1.063406392704801880e-05 2.483546747376986358e-03 2.354339276987939310e-05 -1.305304625449670713e-02 3.221552559034670041e-04 1.564462930104875693e-01 4.999126592089491727e-01 1.564734625610810226e-01 -3.940663572629453468e-04 -1.305720869891163240e-02 2.812137706338033996e-05 2.484100542108492581e-03
-2.484032908905675283e-03 2.232860617730678923e-05 2.485066721184190676e-03 -4.680248094500736092e-05 -1.305891403390621423e-02 2.257933454323350370e-05 1.564734625610810226e-01 5.008322023102675935e-01 1.564551502428859764e-01 1.243160722591507778e-04 -1.305275993544762619e-02 -1.002453931493632166e-05
7.524526559956190434e-05 -2.486591323654096380e-03 -2.763153411372700841e-05 2.483491823709295214e-03 1.048773267915264215e-05 -1.305442453003596327e-02 -3.940663572629453468e-04 1.564551502428859764e-01 4.996900482183527226e-01 1.564572144595638148e-01 1.678461989449175386e-04 -1.305637478356647639e-02
1.306053095084375865e-02 -1.309792477667727094e-04 -2.485532933853759879e-03 1.353946092303278054e-05 2.484124181736914461e-03 1.106154988503219689e-05 -1.305720869891163240e-02 1.243160722591507778e-04 1.564572144595638148e-01 4.996213357213614148e-01 1.564465946759613646e-01 -1.685597204351624648e-04
-3.947387700553345487e-04 1.307628065446305755e-02 8.212288996215100906e-05 -2.485945366673915011e-03 -1.179051718515805635e-06 2.483386143976177088e-03 2.812137706338033996e-05 -1.305275993544762619e-02 1.678461989449175386e-04 1.564465946759613646e-01 5.005873408340442143e-01 1.564696623165359457e-01
-1.564962139179953970e-01 8.503185247014020910e-04 1.306661465302667337e-02 -4.798394655137505919e-05 -2.485536646082734183e-03 8.321892218512264602e-06 2.484100542108492581e-03 -1.002453931493632166e-05 -1.305637478356647639e-02 -1.685597204351624648e-04 1.564696623165359457e-01 4.987990462842488149e-01
4.988918184780740117e-01 1.564420506249298293e-01 -1.142277385929959567e-04 -1.305204693794378978e-02 -3.125769426316822477e-05 2.485483173869471474e-03 7.849038233259767887e-06 -2.485470245825367047e-03 -1.081950104022721460e-04 1.306306793326860935e-02 3.358728535855946482e-04 -1.565249794354423019e-01
1.564420506249298293e-01 5.004217269992827788e-01 1.564578890972138925e-01 5.866284764991294958e-05 -1.305408642444345554e-02 -5.206052815494779528e-05 2.484887954649838207e-03 -1.059928556762030271e-05 -2.484802913264795750e-03 2.670900622002637037e-05 1.305908277046154663e-02 -4.605535733170285561e-04
-1.142277385929959567e-04 1.564578890972138925e-01 4.998658025095539248e-01 1.564466374720057118e-01 2.360962039648278128e-04 -1.306418479201769747e-02 3.384491651057757833e-05 2.484766190816468327e-03 4.973502097827542921e-06 -2.484992190085705960e-03 -2.808542970811301817e-05 1.306272620300496200e-02
-1.305204693794378978e-02 5.866284764991294958e-05 1.564466374720057118e-01 4.996265370347586776e-01 1.564560108441152564e-01 1.331333453266424043e-04 -1.306166835228766976e-02 2.708688716348990600e-05 2.484847788329666400e-03 -3.444027022286280573e-07 -2.484541734611723715e-03 7.497726356522866698e-05
-3.125769426316822477e-05 -1.305408642444345554e-02 2.360962039648278128e-04 1.564560108441152564e-01 4.996124317104091994e-01 1.565008395859298629e-01 -5.306606514120847193e-04 -1.305795876389947985e-02 9.373279239067597247e-05 2.484726543439842207e-03 -2.091053793164607396e-05 -2.483852468340657857e-03
2.485483173869471474e-03 -5.206052815494779528e-05 -1.306418479201769747e-02 1.331333453266424043e-04 1.565008395859298629e-01 5.011535067047918623e-01 1.564604938364083653e-01 2.531741033063249734e-05 -1.306088198684268384e-02 -7.668528213616636021e-05 2.484701521363881505e-03 -1.551912553010173994e-05
7.849038233259767887e-06 2.484887954649838207e-03 3.384491651057757833e-05 -1.306166835228766976e-02 -5.306606514120847193e-04 1.564604938364083653e-01 4.997081051714370448e-01 1.564501590796578689e-01 -5.691141520479500900e-05 -1.305744912515886813e-02 7.451220830357696383e-06 2.483559454389716592e-03
-2.485470245825367047e-03 -1.059928556762030271e-05 2.484766190816468327e-03 2.708688716348990600e-05 -1.305795876389947985e-02 2.531741033063249734e-05 1.564501590796578689e-01 5.003466995640564186e-01 1.564660547460563489e-01 4.942680412007601073e-04 -1.305862480690782659e-02 -3.663046906190155021e-05
-1.081950104022721460e-04 -2.484802913264795750e-03 4.973502097827542921e-06 2.484847788329666400e-03 9.373279239067597247e-05 -1.306088198684268384e-02 -5.691141520479500900e-05 1.564660547460563489e-01 4.988505897869761618e-01 1.564913761100872325e-01 -2.786873349410082072e-04 -1.305693650809519601e-02
1.306306793326860935e-02 2.670900622002637037e-05 -2.484992190085705960e-03 -3.444027022286280573e-07 2.484726543439842207e-03 -7.668528213616636021e-05 -1.305744912515886813e-02 4.942680412007601073e-04 1.564913761100872325e-01 5.007488090545586523e-01 1.564514662807683643e-01 -9.166055393956817898e-05
3.358728535855946482e-04 1.305908277046154663e-02 -2.808542970811301817e-05 -2.484541734611723715e-03 -2.091053793164607396e-05 2.484701521363881505e-03 7.451220830357696383e-06 -1.305862480690782659e-02 -2.786873349410082072e-04 1.564514662807683643e-01 4.999184529763625595e-01 1.564372806079221134e-01
-1.565249794354423019e-01 -4.605535733170285561e-04 1.306272620300496200e-02 7.497726356522866698e-05 -2.483852468340657857e-03 -1.551912553010173994e-05 2.483559454389716592e-03 -3.663046906190155021e-05 -1.305693650809519601e-02 -9.166055393956817898e-05 1.564372806079221134e-01 5.008555200097991600e-01
5.000264346529662562e-01 1.564920061691014719e-01 -4.576685983799572881e-04 -1.306137448344837915e-02 -2.000016901270243192e-05 2.490298860162974866e-03 -5.673516047320134169e-05 -2.496135344216597086e-03 -3.796187114582550445e-05 1.305616747679614123e-02 -6.308424345076979987e-04 -1.564304075175579345e-01
1.564920061691014719e-01 5.009770308814611717e-01 1.564631252821549467e-01 3.161226433390274025e-04 -1.306390004263402634e-02 2.038716356263394315e-05 2.487289146840853879e-03 -1.348826686675328162e-05 -2.491257997493930097e-03 -2.654636950837576032e-05 1.307042486976805161e-02 -2.246587297462758611e-05
-4.576685983799572881e-04 1.564631252821549467e-01 4.993810917441041664e-01 1.564493095332561423e-01 4.281600417072582189e-04 -1.307293164068568797e-02 8.800288721402060941e-05 2.501960899709551340e-03 3.234920278131035037e-05 -2.487299348198043856e-03 2.814514666161284937e-05 1.305570045238443368e-02
-1.306137448344837915e-02 3.161226433390274025e-04 1.564493095332561423e-01 4.990491171597273290e-01 1.565503477928874010e-01 -6.690688393892225017e-04 -1.306414277671327784e-02 1.888709169020968905e-04 2.497486753244160772e-03 2.972021991812272756e-07 -2.488942685257896498e-03 1.541379834904669477e-05
-2.000016901270243192e-05 -1.306390004263402634e-02 4.281600417072582189e-04 1.565503477928874010e-01 5.013524993334848023e-01 1.564697238605396445e-01 -5.481155329081271923e-04 -1.314556359748796956e-02 -1.126947166257432053e-04 2.499769192321196071e-03 -3.408374905185338616e-06 -2.489751309812399376e-03
2.490298860162974866e-03 2.038716356263394315e-05 -1.307293164068568797e-02 -6.690688393892225017e-04 1.564697238605396445e-01 5.007528405195467158e-01 1.565033500645061637e-01 -1.623265015983134667e-04 -1.310103192576866221e-02 -1.371508427526675644e-04 2.496237598080183577e-03 1.495920976906459646e-05
-5.673516047320134169e-05 2.487289146840853879e-03 8.800288721402060941e-05 -1.306414277671327784e-02 -5.481155329081271923e-04 1.565033500645061637e-01 5.006312516670325952e-01 1.567542671606316218e-01 1.318249958122480947e-03 -1.310014890360632588e-02 -1.496639556018058222e-04 2.494085452965449055e-03
-2.496135344216597086e-03 -1.348826686675328162e-05 2.501960899709551340e-03 1.888709169020968905e-04 -1.314556359748796956e-02 -1.623265015983134667e-04 1.567542671606316218e-01 4.973272161058906460e-01 1.564670951508049246e-01 2.085024853372638171e-04 -1.309559210153708915e-02 1.008693012002042901e-04
-3.796187114582550445e-05 -2.491257997493930097e-03 3.234920278131035037e-05 2.497486753244160772e-03 -1.126947166257432053e-04 -1.310103192576866221e-02 1.318249958122480947e-03 1.564670951508049246e-01 4.998728696405914662e-01 1.566236514545962244e-01 -5.449032585091804354e-04 -1.307936660903599203e-02
1.305616747679614123e-02 -2.654636950837576032e-05 -2.487299348198043856e-03 2.972021991812272756e-07 2.499769192321196071e-03 -1.371508427526675644e-04 -1.310014890360632588e-02 2.085024853372638171e-04 1.566236514545962244e-01 5.008947540700812162e-01 1.563911232652763772e-01 -5.409476521813145512e-04
-6.308424345076979987e-04 1.307042486976805161e-02 2.814514666161284937e-05 -2.488942685257896498e-03 -3.408374905185338616e-06 2.496237598080183577e-03 -1.496639556018058222e-04 -1.309559210153708915e-02 -5.449032585091804354e-04 1.563911232652763772e-01 5.011508464807319374e-01 1.565798100229277567e-01
-1.564304075175579345e-01 -2.246587297462758611e-05 1.305570045238443368e-02 1.541379834904669477e-05 -2.489751309812399376e-03 1.495920976906459646e-05 2.494085452965449055e-03 1.008693012002042901e-04 -1.307936660903599203e-02 -5.409476521813145512e-04 1.565798100229277567e-01 4.985840477443989061e-01
5.008718172354006404e-01 1.564494879883338296e-01 -6.277651687806005704e-05 -1.306788919348161188e-02 3.052508694481620460e-05 2.485705797139248652e-03 -3.327636857727792193e-05 -2.485315207816927822e-03 1.029866214891705174e-04 1.306431998766155456e-02 -3.043368333095477704e-04 -1.565172295316015205e-01
1.564494879883338296e-01 5.001955639744689597e-01 1.564380766261357081e-01 5.901609037509012107e-04 -1.306806377232969801e-02 3.005103871397426076e-05 2.488162873535479554e-03 -3.743104247969599092e-06 -2.486266694026313846e-03 -1.917824187151528697e-05 1.306364272178544075e-02 4.043260684706867394e-04
-6.277651687806005704e-05 1.564380766261357081e-01 4.986669909005986834e-01 1.565787646521022147e-01 -4.360437930061228438e-04 -1.306759702825349527e-02 1.352303865813432354e-04 2.487546166419958744e-03 -3.761643331532619344e-05 -2.486093339077040734e-03 4.818104300555897147e-06 1.305932260712085874e-02
-1.306788919348161188e-02 5.901609037509012107e-04 1.565787646521022147e-01 5.009507658229344074e-01 1.564278381655095640e-01 -4.924850271653559821e-04 -1.307088332306114223e-02 3.756368154703679013e-06 2.489469791855413935e-03 -1.525500839039727941e-05 -2.490376919657402190e-03 2.334701187473797737e-05
3.052508694481620460e-05 -1.306806377232969801e-02 -4.360437930061228438e-04 1.564278381655095640e-01 5.007686721050950140e-01 1.564913457588611445e-01 -8.501464658635534918e-05 -1.307162600179462286e-02 1.738894035691913994e-05 2.491202425874903138e-03 8.353904144073364454e-06 -2.490275355364740366e-03
2.485705797139248652e-03 3.005103871397426076e-05 -1.306759702825349527e-02 -4.924850271653559821e-04 1.564913457588611445e-01 5.002536888820184879e-01 1.565160747108351180e-01 5.481347826470084339e-04 -1.306756920821948095e-02 -6.669054510776418446e-05 2.487651393983158609e-03 3.814919246968910901e-05
-3.327636857727792193e-05 2.488162873535479554e-03 1.352303865813432354e-04 -1.307088332306114223e-02 -8.501464658635534918e-05 1.565160747108351180e-01 4.987493277670012604e-01 1.564571490546382004e-01 -3.272173445470023465e-04 -1.305743887531152746e-02 9.431705639092633712e-06 2.484703241633255937e-03
-2.485315207816927822e-03 -3.743104247969599092e-06 2.487546166419958744e-03 3.756368154703679013e-06 -1.307162600179462286e-02 5.481347826470084339e-04 1.564571490546382004e-01 5.008589090538849709e-01 1.564740113885743078e-01 3.261144015179949203e-05 -1.306005234839389614e-02 -4.752244920957381840e-05
1.029866214891705174e-04 -2.486266694026313846e-03 -3.761643331532619344e-05 2.489469791855413935e-03 1.738894035691913994e-05 -1.306756920821948095e-02 -3.272173445470023465e-04 1.564740113885743078e-01 4.998611352125539309e-01 1.564541948399772175e-01 2.261518291893989570e-04 -1.305251105192192090e-02
1.306431998766155456e-02 -1.917824187151528697e-05 -2.486093339077040734e-03 -1.525500839039727941e-05 2.491202425874903138e-03 -6.669054510776418446e-05 -1.305743887531152746e-02 3.261144015179949203e-05 1.564541948399772175e-01 4.995825048731442619e-01 1.564557855961915267e-01 1.068110383257731694e-04
-3.043368333095477704e-04 1.306364272178544075e-02 4.818104300555897147e-06 -2.490376919657402190e-03 8.353904144073364454e-06 2.487651393983158609e-03 9.431705639092633712e-06 -1.306005234839389614e-02 2.261518291893989570e-04 1.564557855961915267e-01 4.999699469348504177e-01 1.564397940175516477e-01
-1.565172295316015205e-01 4.043260684706867394e-04 1.305932260712085874e-02 2.334701187473797737e-05 -2.490275355364740366e-03 3.814919246968910901e-05 2.484703241633255937e-03 -4.752244920957381840e-05 -1.305251105192192090e-02 1.068110383257731694e-04 1.564397940175516477e-01 4.992706772380869351e-01
5.017490092052873107e-01 1.563859205465859548e-01 -2.695964300581476071e-04 -1.305938639497311246e-02 -2.493218860452083344e-05 2.485462704324719555e-03 -1.308201502022143995e-05 -2.489132594799982508e-03 1.402794256796984027e-04 1.309289715194749890e-02 -8.308126184588095556e-04 -1.566905077743352415e-01
1.563859205465859548e-01 5.002899313051629715e-01 1.565484798278115597e-01 1.884188372829917295e-04 -1.307065903184629133e-02 -5.598260174940713260e-05 2.486672664254055073e-03 1.566553053456766644e-05 -2.486053861800546078e-03 -1.140983397643204153e-04 1.306299077570144754e-02 7.385537546684194186e-04
-2.695964300581476071e-04 1.565484798278115597e-01 4.997044208080866357e-01 1.564082292279239950e-01 3.406445110875123451e-04 -1.304511266507081199e-02 -8.510148048386639570e-05 2.483000563926956311e-03 3.507559235012992348e-06 -2.488147124697034397e-03 1.874792162493920896e-05 1.308171316175457330e-02
-1.305938639497311246e-02 1.884188372829917295e-04 1.564082292279239950e-01 4.993132869714135835e-01 1.565052642611541867e-01 -7.226772292796119178e-05 -1.306950281047237865e-02 5.496849395153088848e-05 2.486138126101250252e-03 1.244981127313542397e-05 -2.487075131020788019e-03 -1.134909487898942248e-04
-2.493218860452083344e-05 -1.307065903184629133e-02 3.406445110875123451e-04 1.565052642611541867e-01 5.003536679987918845e-01 1.564031344517905764e-01 2.239143711153244228e-04 -1.304848710927029691e-02 5.043003994424026092e-06 2.482856322219391225e-03 -5.422420260545212419e-06 -2.488304483629926248e-03
2.485462704324719555e-03 -5.598260174940713260e-05 -1.304511266507081199e-02 -7.226772292796119178e-05 1.564031344517905764e-01 4.993534355330822017e-01 1.565259866335372840e-01 -4.081061566182917801e-04 -1.306451032590921421e-02 5.410071688290702774e-05 2.486264978244784839e-03 -8.436847477320455870e-07
-1.308201502022143995e-05 2.486672664254055073e-03 -8.510148048386639570e-05 -1.306950281047237865e-02 2.239143711153244228e-04 1.565259866335372840e-01 5.009336285260967969e-01 1.564149865094025538e-01 -4.079589913922980482e-06 -1.304833718745359791e-02 -4.677601976598997941e-05 2.483825138718719072e-03
-2.489132594799982508e-03 1.566553053456766644e-05 2.483000563926956311e-03 5.496849395153088848e-05 -1.304848710927029691e-02 -4.081061566182917801e-04 1.564149865094025538e-01 4.998472499929814128e-01 1.564932440279065695e-01 6.069707604553463420e-05 -1.306493663556698194e-02 3.018080154258611443e-05
1.402794256796984027e-04 -2.486053861800546078e-03 3.507559235012992348e-06 2.486138126101250252e-03 5.043003994424026092e-06 -1.306451032590921421e-02 -4.079589913922980482e-06 1.564932440279065695e-01 5.000394062446424925e-01 1.564070219132398798e-01 2.772671493113730394e-04 -1.305012317776828475e-02
1.309289715194749890e-02 -1.140983397643204153e-04 -2.488147124697034397e-03 1.244981127313542397e-05 2.482856322219391225e-03 5.410071688290702774e-05 -1.304833718745359791e-02 6.069707604553463420e-05 1.564070219132398798e-01 4.992289091547221780e-01 1.565297086278012451e-01 -4.285769126534250129e-04
-8.308126184588095556e-04 1.306299077570144754e-02 1.874792162493920896e-05 -2.487075131020788019e-03 -5.422420260545212419e-06 2.486264978244784839e-03 -4.677601976598997941e-05 -1.306493663556698194e-02 2.772671493113730394e-04 1.565297086278012451e-01 5.013020269471603063e-01 1.564324549640526696e-01
-1.566905077743352415e-01 7.385537546684194186e-04 1.308171316175457330e-02 -1.134909487898942248e-04 -2.488304483629926248e-03 -8.436847477320455870e-07 2.483825138718719072e-03 3.018080154258611443e-05 -1.305012317776828475e-02 -4.285769126534250129e-04 1.564324549640526696e-01 4.978850273126255166e-01
4.988078844599461714e-01 1.566557968372390697e-01 -1.001807919386848295e-03 -1.308233736239992895e-02 1.002517429333159814e-04 2.489500309713390744e-03 -4.675670197056821858e-05 -2.482190709729882941e-03 7.183017304940970352e-05 1.304584863673075371e-02 -1.457317480348988524e-04 -1.563902111220291102e-01
1.566557968372390697e-01 5.022741838727181607e-01 1.564828865123675250e-01 2.273988342221895578e-04 -1.305755299294087367e-02 -9.718211166583881275e-05 2.484923902300759276e-03 -1.802138648514776145e-05 -2.489826142228339020e-03 6.054442694746118539e-05 1.308572510704181409e-02 -4.376291861404690126e-04
-1.001807919386848295e-03 1.564828865123675250e-01 4.992421866899240945e-01 1.564933650874479332e-01 2.728248543425334746e-04 -1.306632942499324351e-02 -1.100205806254615901e-05 2.487018417676869347e-03 9.790149374134127919e-06 -2.486958755445307055e-03 -1.013288906419109603e-04 1.306603719760946608e-02
-1.308233736239992895e-02 2.273988342221895578e-04 1.564933650874479332e-01 4.996669149222194850e-01 1.564054377052920830e-01 2.210395416702365737e-04 -1.305011552842177784e-02 7.679058521204131719e-05 2.484795267071385986e-03 -1.244370503773286935e-05 -2.488611141263152599e-03 1.538482886660745726e-05
1.002517429333159814e-04 -1.305755299294087367e-02 2.728248543425334746e-04 1.564054377052920830e-01 4.995309396499256760e-01 1.565332201332316764e-01 -3.241799128331313636e-04 -1.307275027168055756e-02 2.996033393247627980e-05 2.488229383925914719e-03 1.380601527618385144e-05 -2.485769216147288088e-03
2.489500309713390744e-03 -9.718211166583881275e-05 -1.306632942499324351e-02 2.210395416702365737e-04 1.565332201332316764e-01 5.005414716573046707e-01 1.563866490797723441e-01 -4.912867908028901434e-04 -1.305566113490823008e-02 6.019526261113936603e-05 2.485877150511621014e-03 -1.716252924724669782e-05
-4.675670197056821858e-05 2.484923902300759276e-03 -1.100205806254615901e-05 -1.305011552842177784e-02 -3.241799128331313636e-04 1.563866490797723441e-01 5.010573552296283539e-01 1.566006292429487357e-01 4.285303916859035380e-04 -1.308265677556163381e-02 -1.212558226048290519e-04 2.488458128281709723e-03
-2.482190709729882941e-03 -1.802138648514776145e-05 2.487018417676869347e-03 7.679058521204131719e-05 -1.307275027168055756e-02 -4.912867908028901434e-04 1.566006292429487357e-01 4.989054838468171549e-01 1.563906604481244411e-01 -1.139413622708942714e-04 -1.304555031821231885e-02 8.921552591072568622e-06
7.183017304940970352e-05 -2.489826142228339020e-03 9.790149374134127919e-06 2.484795267071385986e-03 2.996033393247627980e-05 -1.305566113490823008e-02 4.285303916859035380e-04 1.563906604481244411e-01 5.005357722939829390e-01 1.565177442299955923e-01 3.553128205857568854e-04 -1.306588614452322029e-02
1.304584863673075371e-02 6.054442694746118539e-05 -2.486958755445307055e-03 -1.244370503773286935e-05 2.488229383925914719e-03 6.019526261113936603e-05 -1.308265677556163381e-02 -1.139413622708942714e-04 1.565177442299955923e-01 4.991384526339046057e-01 1.564170791173779274e-01 -1.582045655746603524e-04
-1.457317480348988524e-04 1.308572510704181409e-02 -1.013288906419109603e-04 -2.488611141263152599e-03 1.380601527618385144e-05 2.485877150511621014e-03 -1.212558226048290519e-04 -1.304555031821231885e-02 3.553128205857568854e-04 1.564170791173779274e-01 5.004659204850743226e-01 1.565004726270351476e-01
-1.563902111220291102e-01 -4.376291861404690126e-04 1.306603719760946608e-02 1.538482886660745726e-05 -2.485769216147288088e-03 -1.716252924724669782e-05 2.488458128281709723e-03 8.921552591072568622e-06 -1.306588614452322029e-02 -1.582045655746603524e-04 1.565004726270351476e-01 4.998334342585938339e-01
4.989826098972728330e-01 1.565441326279060630e-01 -5.242421456155190590e-04 -1.306590229240321352e-02 7.731391077616972963e-05 2.485115261007911011e-03 -1.586369743339352193e-05 -2.484946447970680112e-03 -8.681572046201924153e-05 1.304441381353787718e-02 5.930994239187418332e-05 -1.564103458316056239e-01
1.565441326279060630e-01 5.012692170425603333e-01 1.564333692967719291e-01 1.372736691241459956e-04 -1.304954654148154231e-02 -5.299383992293289379e-06 2.483475318636336245e-03 -2.460538587599390045e-05 -2.490824039762722618e-03 3.927137467378709660e-05 1.306810820050995428e-02 -3.898885892768076526e-04
-5.242421456155190590e-04 1.564333692967719291e-01 4.995112939566972443e-01 1.564781604363761902e-01 -1.849139688267443984e-05 -1.305925860992068754e-02 7.996923607745401929e-06 2.485920778382715891e-03 2.187686368754585833e-05 -2.483012373128470549e-03 -5.961540711220609298e-05 1.305282852668229396e-02
-1.306590229240321352e-02 1.372736691241459956e-04 1.564781604363761902e-01 5.001010131533296654e-01 1.564202510406275393e-01 -6.680894259054577858e-05 -1.304803731344018544e-02 3.961752192785229998e-05 2.485801734134314260e-03 1.556137799623882434e-05 -2.485451393682763972e-03 3.393707236900802047e-05
7.731391077616972963e-05 -1.304954654148154231e-02 -1.849139688267443984e-05 1.564202510406275393e-01 5.001218754853886672e-01 1.564826431146195129e-01 -5.300963118795836565e-07 -1.306494009861345479e-02 -1.773121687541009701e-06 2.486404119850448360e-03 1.532152546741061608e-05 -2.483041026765967548e-03
2.485115261007911011e-03 -5.299383992293289379e-06 -1.305925860992068754e-02 -6.680894259054577858e-05 1.564826431146195129e-01 4.999404696453877417e-01 1.564164693271266338e-01 -1.571697751256988956e-04 -1.305601398076813510e-02 -1.067356912473025487e-04 2.484700102435317883e-03 1.209428241515575139e-05
-1.586369743339352193e-05 2.483475318636336245e-03 7.996923607745401929e-06 -1.304803731344018544e-02 -5.300963118795836565e-07 1.564164693271266338e-01 5.002968053823695360e-01 1.565057018720543147e-01 7.096558499479748566e-05 -1.307352549223364524e-02 -1.538092839534473751e-05 2.486610505524283234e-03
-2.484946447970680112e-03 -2.460538587599390045e-05 2.485920778382715891e-03 3.961752192785229998e-05 -1.306494009861345479e-02 -1.571697751256988956e-04 1.565057018720543147e-01 5.000799277236362972e-01 1.564212152110126264e-01 7.562112902781479955e-04 -1.305981021612244788e-02 -6.903666045316444262e-05
-8.681572046201924153e-05 -2.490824039762722618e-03 2.187686368754585833e-05 2.485801734134314260e-03 -1.773121687541009701e-06 -1.305601398076813510e-02 7.096558499479748566e-05 1.564212152110126264e-01 4.983215004518490865e-01 1.566222030771907137e-01 -4.346051969073192432e-04 -1.308039809281518959e-02
1.304441381353787718e-02 3.927137467378709660e-05 -2.483012373128470549e-03 1.556137799623882434e-05 2.486404119850448360e-03 -1.067356912473025487e-04 -1.307352549223364524e-02 7.562112902781479955e-04 1.566222030771907137e-01 5.011312406787833407e-01 1.563944507280866925e-01 -9.303930149407845657e-05
5.930994239187418332e-05 1.306810820050995428e-02 -5.961540711220609298e-05 -2.485451393682763972e-03 1.532152546741061608e-05 2.484700102435317883e-03 -1.538092839534473751e-05 -1.305981021612244788e-02 -4.346051969073192432e-04 1.563944507280866925e-01 4.999451995236199875e-01 1.564958014163954636e-01
-1.564103458316056239e-01 -3.898885892768076526e-04 1.305282852668229396e-02 3.393707236900802047e-05 -2.483041026765967548e-03 1.209428241515575139e-05 2.486610505524283234e-03 -6.903666045316444262e-05 -1.308039809281518959e-02 -9.303930149407845657e-05 1.564958014163954636e-01 5.002988470591553938e-01
5.005840490276419752e-01 1.564163991123387054e-01 1.630464613733111079e-04 -1.305651954887834115e-02 -2.105476711361961394e-05 2.484571309522988491e-03 1.383462248761454486e-07 -2.488367567026411944e-03 8.933554693971220025e-05 1.306874393604424978e-02 -2.920354341649231480e-04 -1.565292378371145599e-01
1.564163991123387054e-01 4.993522534199668073e-01 1.565247917021284074e-01 -6.097543227754963300e-04 -1.306606698370667979e-02 1.086895396539431981e-04 2.486151949687035855e-03 -1.692090637033159231e-05 -2.487557417383622939e-03 1.061611632050990549e-04 1.305781790897699891e-02 2.052683835719534833e-04
1.630464613733111079e-04 1.565247917021284074e-01 5.014662579606522508e-01 1.564761369979962291e-01 3.311945644207216818e-04 -1.305945463145232951e-02 -7.278134437990048486e-05 2.484460128970824872e-03 -8.092632769201514218e-06 -2.488089042136276425e-03 5.614177719941355373e-05 1.308068192731228624e-02
-1.305651954887834115e-02 -6.097543227754963300e-04 1.564761369979962291e-01 4.989986141348179971e-01 1.564679427426595715e-01 -2.371898358282599657e-04 -1.305787270063962779e-02 -1.609144039639696813e-06 2.485894515955824717e-03 -2.164888745262717978e-05 -2.487629801093307891e-03 -1.177664834648985511e-04
-2.105476711361961394e-05 -1.306606698370667979e-02 3.311945644207216818e-04 1.564679427426595715e-01 5.007306651339734627e-01 1.564547990262053490e-01 2.653742918141338081e-04 -1.305197451239011909e-02 -4.477601536017961948e-05 2.484284491359929972e-03 -1.511733282065798041e-05 -2.488811699559754370e-03
2.484571309522988491e-03 1.086895396539431981e-04 -1.305945463145232951e-02 -2.371898358282599657e-04 1.564547990262053490e-01 4.993593737958131884e-01 1.564644605505723651e-01 8.618802138450300980e-05 -1.306225169711679873e-02 8.550040626002084116e-05 2.488607188718996912e-03 2.245696382885069124e-05
1.383462248761454486e-07 2.486151949687035855e-03 -7.278134437990048486e-05 -1.305787270063962779e-02 2.653742918141338081e-04 1.564644605505723651e-01 4.999622536909490988e-01 1.564390611681307219e-01 -1.832009223786648829e-05 -1.305424130599205229e-02 8.068766909255923919e-05 2.488138625788240653e-03
-2.488367567026411944e-03 -1.692090637033159231e-05 2.484460128970824872e-03 -1.609144039639696813e-06 -1.305197451239011909e-02 8.618802138450300980e-05 1.564390611681307219e-01 4.998615721004036616e-01 1.564811533205938132e-01 -5.928492530664346716e-04 -1.308200318545382074e-02 -7.110295422498589049e-07
8.933554693971220025e-05 -2.487557417383622939e-03 -8.092632769201514218e-06 2.485894515955824717e-03 -4.477601536017961948e-05 -1.306225169711679873e-02 -1.832009223786648829e-05 1.564811533205938132e-01 5.011480765361837619e-01 1.564719573748286630e-01 -1.182604789988464696e-04 -1.307497980699684481e-02
1.306874393604424978e-02 1.061611632050990549e-04 -2.488089042136276425e-03 -2.164888745262717978e-05 2.484284491359929972e-03 8.550040626002084116e-05 -1.305424130599205229e-02 -5.928492530664346716e-04 1.564719573748286630e-01 5.002412155888670275e-01 1.565705984658542216e-01 6.434290388285211770e-04
-2.920354341649231480e-04 1.305781790897699891e-02 5.614177719941355373e-05 -2.487629801093307891e-03 -1.511733282065798041e-05 2.488607188718996912e-03 8.068766909255923919e-05 -1.308200318545382074e-02 -1.182604789988464696e-04 1.565705984658542216e-01 4.987796059229410717e-01 1.564133718805212347e-01
-1.565292378371145599e-01 2.052683835719534833e-04 1.308068192731228624e-02 -1.177664834648985511e-04 -2.488811699559754370e-03 2.245696382885069124e-05 2.488138625788240653e-03 -7.110295422498589049e-07 -1.307497980699684481e-02 6.434290388285211770e-04 1.564133718805212347e-01 4.995160626879104337e-01
4.968185935006684262e-01 1.565735037803060448e-01 -6.270001288918175281e-04 -1.306133517604617794e-02 1.529388540986206368e-04 2.487463645303546363e-03 1.723824670455597420e-05 -2.491502498888299201e-03 -9.102692577353422730e-05 1.309457757968971250e-02 8.616911406737768134e-04 -1.567949207999477235e-01
1.565735037803060448e-01 5.017471365981772680e-01 1.565055644285832104e-01 -1.918554388967876187e-04 -1.308579844695524283e-02 -4.121931978496191093e-05 2.490233882240195512e-03 -1.610680033410618600e-05 -2.489301738038513304e-03 1.067504238413569150e-04 1.308379276096587052e-02 -1.304145425939865887e-03
-6.270001288918175281e-04 1.565055644285832104e-01 4.999896033119806127e-01 1.563991010529884595e-01 -2.119529357000211065e-04 -1.305467532224874327e-02 -9.763032094728415588e-05 2.486738290414465535e-03 2.179400027611814647e-05 -2.492025569824343669e-03 -1.244162603006827243e-04 1.310828461446213872e-02
-1.306133517604617794e-02 -1.918554388967876187e-04 1.563991010529884595e-01 5.005964864253732438e-01 1.565910625963582992e-01 5.688183120123515169e-04 -1.308013348778203772e-02 -5.567879212503997713e-05 2.488989246835348213e-03 1.573920559484807795e-06 -2.488345008979748682e-03 1.216013879599816758e-04
1.529388540986206368e-04 -1.308579844695524283e-02 -2.119529357000211065e-04 1.565910625963582992e-01 4.989239532515382658e-01 1.563703677800526159e-01 4.495631127042571057e-04 -1.305963910077980253e-02 -1.085294242190868374e-06 2.486502989855426601e-03 3.918092651223435284e-05 -2.497821866417275927e-03
2.487463645303546363e-03 -4.121931978496191093e-05 -1.305467532224874327e-02 5.688183120123515169e-04 1.563703677800526159e-01 4.991188137141676640e-01 1.566288122826944573e-01 -4.857397591169391278e-04 -1.307913777719903539e-02 9.818315345664961429e-05 2.490231473645714098e-03 -4.624377540330160976e-05
1.723824670455597420e-05 2.490233882240195512e-03 -9.763032094728415588e-05 -1.308013348778203772e-02 4.495631127042571057e-04 1.566288122826944573e-01 5.010601846843394380e-01 1.563746830727096304e-01 -1.894383941302804934e-04 -1.304214220208955999e-02 -3.461455456716785377e-05 2.484017606031604496e-03
-2.491502498888299201e-03 -1.610680033410618600e-05 2.486738290414465535e-03 -5.567879212503997713e-05 -1.305963910077980253e-02 -4.857397591169391278e-04 1.563746830727096304e-01 5.001935861752204726e-01 1.565196453772927376e-01 1.467562015096331466e-05 -1.306977084936979290e-02 -8.137505434006273583e-06
-9.102692577353422730e-05 -2.489301738038513304e-03 2.179400027611814647e-05 2.488989246835348213e-03 -1.085294242190868374e-06 -1.307913777719903539e-02 -1.894383941302804934e-04 1.565196453772927376e-01 5.000612842723054507e-01 1.563894738433409259e-01 3.835655820357574720e-04 -1.304767257405701000e-02
1.309457757968971250e-02 1.067504238413569150e-04 -2.492025569824343669e-03 1.573920559484807795e-06 2.486502989855426601e-03 9.818315345664961429e-05 -1.304214220208955999e-02 1.467562015096331466e-05 1.563894738433409259e-01 4.992411878884892573e-01 1.565467210802813369e-01 -1.507328206400513487e-04
8.616911406737768134e-04 1.308379276096587052e-02 -1.244162603006827243e-04 -2.488345008979748682e-03 3.918092651223435284e-05 2.490231473645714098e-03 -3.461455456716785377e-05 -1.306977084936979290e-02 3.835655820357574720e-04 1.565467210802813369e-01 5.000568604090480651e-01 1.563797740501448041e-01
-1.567949207999477235e-01 -1.304145425939865887e-03 1.310828461446213872e-02 1.216013879599816758e-04 -2.497821866417275927e-03 -4.624377540330160976e-05 2.484017606031604496e-03 -8.137505434006273583e-06 -1.304767257405701000e-02 -1.507328206400513487e-04 1.563797740501448041e-01 5.021923097688003601e-01
4.996258433691553313e-01 1.564551970686451354e-01 3.209300751566700367e-04 -1.305251510174561258e-02 -9.765197111365679194e-05 2.483433151387745823e-03 2.962986185893925470e-05 -2.486411329315877088e-03 -7.484127973943528072e-05 1.307136023997353819e-02 8.399977325466300056e-04 -1.565478168332583020e-01
1.564551970686451354e-01 4.994354261832161246e-01 1.564681684898670544e-01 9.957001718203693178e-05 -1.306021722699136911e-02 8.147390973858013342e-06 2.485490613436745332e-03 -5.831629267617358868e-06 -2.486188632167907718e-03 -6.331829545271272985e-05 1.306597358616878174e-02 -9.795196318333786786e-05
3.209300751566700367e-04 1.564681684898670544e-01 4.999724725752955901e-01 1.564286584815279268e-01 2.026738051992930945e-04 -1.305216430829295865e-02 -4.593803453732194268e-05 2.484023815161141412e-03 7.104841730300442276e-06 -2.487402880934989121e-03 -7.877013570623981752e-05 1.307943630831937161e-02
-1.305251510174561258e-02 9.957001718203693178e-05 1.564286584815279268e-01 4.994813760889059706e-01 1.564954919547853485e-01 -2.803238333998549518e-04 -1.306447374166161760e-02 8.354133011355809003e-05 2.484904045974363224e-03 -7.384224794263399621e-06 -2.486384934484807581e-03 6.390958600426421170e-05
-9.765197111365679194e-05 -1.306021722699136911e-02 2.026738051992930945e-04 1.564954919547853485e-01 5.007475047642977461e-01 1.564305193816366013e-01 2.330214947669770125e-04 -1.305177242804316309e-02 3.984328136201920490e-06 2.483714061031762690e-03 1.599382612329431947e-05 -2.487791579687373238e-03
2.483433151387745823e-03 8.147390973858013342e-06 -1.305216430829295865e-02 -2.803238333998549518e-04 1.564305193816366013e-01 4.992949423637149109e-01 1.564911798679395338e-01 -3.585469901048024587e-04 -1.305946438667587514e-02 3.462657986494233476e-05 2.484969790656803550e-03 -7.357473577596840210e-06
2.962986185893925470e-05 2.485490613436745332e-03 -4.593803453732194268e-05 -1.306447374166161760e-02 2.330214947669770125e-04 1.564911798679395338e-01 5.008222480490579498e-01 1.564379216230012137e-01 -4.615934894106467172e-05 -1.305405558376089917e-02 -7.437592616725785489e-05 2.485901200894076544e-03
-2.486411329315877088e-03 -5.831629267617358868e-06 2.484023815161141412e-03 8.354133011355809003e-05 -1.305177242804316309e-02 -3.585469901048024587e-04 1.564379216230012137e-01 4.999889436648141672e-01 1.564760973657323695e-01 1.690916790112142369e-04 -1.305944745234816420e-02 -6.515821631027595394e-05
-7.484127973943528072e-05 -2.486188632167907718e-03 7.104841730300442276e-06 2.484904045974363224e-03 3.984328136201920490e-06 -1.305946438667587514e-02 -4.615934894106467172e-05 1.564760973657323695e-01 4.997830220303272064e-01 1.564306566935014242e-01 4.018686664453451941e-04 -1.306739394352665791e-02
1.307136023997353819e-02 -6.331829545271272985e-05 -2.487402880934989121e-03 -7.384224794263399621e-06 2.483714061031762690e-03 3.462657986494233476e-05 -1.305405558376089917e-02 1.690916790112142369e-04 1.564306566935014242e-01 4.992735997506315138e-01 1.565012079054646232e-01 -5.505804100301367465e-07
8.399977325466300056e-04 1.306597358616878174e-02 -7.877013570623981752e-05 -2.486384934484807581e-03 1.599382612329431947e-05 2.484969790656803550e-03 -7.437592616725785489e-05 -1.305944745234816420e-02 4.018686664453451941e-04 1.565012079054646232e-01 4.998435742171341012e-01 1.564816369571738475e-01
-1.565478168332583020e-01 -9.795196318333786786e-05 1.307943630831937161e-02 6.390958600426421170e-05 -2.487791579687373238e-03 -7.357473577596840210e-06 2.485901200894076544e-03 -6.515821631027595394e-05 -1.306739394352665791e-02 -5.505804100301367465e-07 1.564816369571738475e-01 5.017310469435360964e-01
5.012663543667881250e-01 1.565095359587378443e-01 7.315641686420768430e-04 -1.307525742805897007e-02 -1.569535748075461922e-04 2.487215208675217816e-03 2.117910933595601802e-05 -2.486367927493050422e-03 -5.070503971930023302e-05 1.306885822442565605e-02 5.169499735236749230e-05 -1.564739411678086334e-01
1.565095359587378443e-01 4.980525764562956370e-01 1.565586979777423560e-01 -7.183419907454733451e-04 -1.307667966697087514e-02 6.377821392862807921e-05 2.487881228248169010e-03 -1.711557612499451777e-05 -2.486174408148328352e-03 2.654747355822255827e-05 1.305865145366000638e-02 5.005017246455911294e-04
7.315641686420768430e-04 1.565586979777423560e-01 5.019622493523232531e-01 1.565127218722019986e-01 6.152439565499894089e-04 -1.306177664350834967e-02 -1.799055918425815142e-05 2.484974129601045210e-03 -4.533920867569215781e-06 -2.487447064108722506e-03 6.686737522928683263e-05 1.307324524861690207e-02
-1.307525742805897007e-02 -7.183419907454733451e-04 1.565127218722019986e-01 4.984589709284295567e-01 1.564929971731033320e-01 -1.759700754409799714e-05 -1.306496954096417196e-02 1.309272558967879737e-05 2.485873048408348066e-03 6.193545541271607891e-06 -2.486705771260778845e-03 -1.327930808700702710e-04
-1.569535748075461922e-04 -1.307667966697087514e-02 6.152439565499894089e-04 1.564929971731033320e-01 5.001217377035889200e-01 1.564566815687437884e-01 -4.864875921081338647e-04 -1.305421195560940023e-02 8.109564145970885865e-05 2.484401656630090376e-03 -4.547140294689995305e-05 -2.488380427176694297e-03
2.487215208675217816e-03 6.377821392862807921e-05 -1.306177664350834967e-02 -1.759700754409799714e-05 1.564566815687437884e-01 5.010361863139733973e-01 1.564915233987492771e-01 2.161341836060266916e-04 -1.306286581453477459e-02 -6.995321086787475572e-05 2.488267897640709762e-03 3.295927351306675600e-05
2.117910933595601802e-05 2.487881228248169010e-03 -1.799055918425815142e-05 -1.306496954096417196e-02 -4.864875921081338647e-04 1.564915233987492771e-01 4.993333129101870105e-01 1.564314329619523047e-01 -1.160923151243836585e-04 -1.305263535727481730e-02 9.777814066223492308e-05 2.485705249485053222e-03
-2.486367927493050422e-03 -1.711557612499451777e-05 2.484974129601045210e-03 1.309272558967879737e-05 -1.305421195560940023e-02 2.161341836060266916e-04 1.564314329619523047e-01 5.004885241479730684e-01 1.564818710054706463e-01 2.857410226331420517e-04 -1.307380231758363022e-02 -1.009496431743166743e-04
-5.070503971930023302e-05 -2.486174408148328352e-03 -4.533920867569215781e-06 2.485873048408348066e-03 8.109564145970885865e-05 -1.306286581453477459e-02 -1.160923151243836585e-04 1.564818710054706463e-01 4.990920011593843464e-01 1.564492726626013075e-01 -6.378379298894397940e-04 -1.306349282154106034e-02
1.306885822442565605e-02 2.654747355822255827e-05 -2.487447064108722506e-03 6.193545541271607891e-06 2.484401656630090376e-03 -6.995321086787475572e-05 -1.305263535727481730e-02 2.857410226331420517e-04 1.564492726626013075e-01 5.016512032381521546e-01 1.565844233529551932e-01 6.799009835003412723e-04
5.169499735236749230e-05 1.305865145366000638e-02 6.686737522928683263e-05 -2.486705771260778845e-03 -4.547140294689995305e-05 2.488267897640709762e-03 9.777814066223492308e-05 -1.307380231758363022e-02 -6.378379298894397940e-04 1.565844233529551932e-01 4.983838157712302541e-01 1.564485846164870853e-01
