4.115560287252431060e-01 2.092180149804240274e-01 6.482618218543499677e-02 -4.469216945550515824e-02 -5.538926263543523382e-02 1.045235438210754403e-04 5.720068731381586224e-02 4.443415425095540577e-02 -6.864577481606116971e-02 -2.123797121772733887e-01
2.092180149804240274e-01 3.867083714685068396e-01 2.101129245780792298e-01 7.569060683542783163e-02 -4.617631803377707927e-02 -5.867333887272720150e-02 -1.210082987658574194e-03 5.665059131347550958e-02 4.725893263989916493e-02 -7.464974750771591339e-02
6.482618218543499677e-02 2.101129245780792298e-01 4.131795141890851619e-01 2.108336331428238009e-01 6.607436398323235371e-02 -4.477584563971775261e-02 -5.725943794544113841e-02 -1.152507086568586381e-03 5.645744226049245057e-02 4.520835293865911597e-02
-4.469216945550515824e-02 7.569060683542783163e-02 2.108336331428238009e-01 3.966024121799418545e-01 2.082779681433530317e-01 7.349802060822971383e-02 -4.366634682226033098e-02 -5.546076065546840655e-02 -1.893170783578322029e-03 5.667438175878015266e-02
-5.538926263543523382e-02 -4.617631803377707927e-02 6.607436398323235371e-02 2.082779681433530317e-01 4.025883499179592206e-01 2.136850837556184268e-01 7.499524222323628031e-02 -4.306965553760612464e-02 -5.908256090273453220e-02 -1.747179537843851233e-03
1.045235438210754403e-04 -5.867333887272720150e-02 -4.477584563971775261e-02 7.349802060822971383e-02 2.136850837556184268e-01 3.918242495632304756e-01 2.110349009331014547e-01 7.030052710516059011e-02 -4.511476156659166570e-02 -5.615199280856750935e-02
5.720068731381586224e-02 -1.210082987658574194e-03 -5.725943794544113841e-02 -4.366634682226033098e-02 7.499524222323628031e-02 2.110349009331014547e-01 3.936862802931138661e-01 2.112786027367787034e-01 7.465201589107373081e-02 -4.501499697517939713e-02
4.443415425095540577e-02 5.665059131347550958e-02 -1.152507086568586381e-03 -5.546076065546840655e-02 -4.306965553760612464e-02 7.030052710516059011e-02 2.112786027367787034e-01 4.050883151210715183e-01 2.112616778856235278e-01 6.815781988007346692e-02
-6.864577481606116971e-02 4.725893263989916493e-02 5.645744226049245057e-02 -1.893170783578322029e-03 -5.908256090273453220e-02 -4.511476156659166570e-02 7.465201589107373081e-02 2.112616778856235278e-01 3.993186100547090334e-01 2.076147391786633822e-01
-2.123797121772733887e-01 -7.464974750771591339e-02 4.520835293865911597e-02 5.667438175878015266e-02 -1.747179537843851233e-03 -5.615199280856750935e-02 -4.501499697517939713e-02 6.815781988007346692e-02 2.076147391786633822e-01 3.994478684871369811e-01
3.930116096104481760e-01 2.080170377011920646e-01 6.733645563847959203e-02 -4.902317310130492600e-02 -5.592304955339921779e-02 5.463166212443386870e-03 5.887390077046292247e-02 4.294717960708523824e-02 -7.751619338251553026e-02 -2.126462169113573775e-01
2.080170377011920646e-01 4.131942063624017836e-01 2.082835971630451755e-01 6.584819808723527124e-02 -4.706465099830060839e-02 -5.540514341392433623e-02 3.995957441423848497e-03 5.656109626320186129e-02 4.339224541663674189e-02 -6.900129973476198941e-02
6.733645563847959203e-02 2.082835971630451755e-01 4.128210283121448998e-01 2.072469342743084031e-01 6.634149596754426725e-02 -4.571995912232128256e-02 -5.531516085670323130e-02 5.809528873362457442e-04 5.594715013339478932e-02 4.578732116286781534e-02
-4.902317310130492600e-02 6.584819808723527124e-02 2.072469342743084031e-01 4.024814775469212624e-01 2.100434444628666852e-01 7.192951621530019324e-02 -4.616465516162058386e-02 -5.827470616626648225e-02 -2.366532478581821926e-03 5.707823466992296285e-02
-5.592304955339921779e-02 -4.706465099830060839e-02 6.634149596754426725e-02 2.100434444628666852e-01 4.012001110592706699e-01 2.118327194320314688e-01 7.188016090498902666e-02 -4.392559599559708178e-02 -5.735266731725956885e-02 -4.105840026500752471e-03
5.463166212443386870e-03 -5.540514341392433623e-02 -4.571995912232128256e-02 7.192951621530019324e-02 2.118327194320314688e-01 4.003954196576076097e-01 2.104400919173401718e-01 7.225631569975486668e-02 -4.221621646931813382e-02 -5.788385230548897392e-02
5.887390077046292247e-02 3.995957441423848497e-03 -5.531516085670323130e-02 -4.616465516162058386e-02 7.188016090498902666e-02 2.104400919173401718e-01 3.931036020316606705e-01 2.121587711970149837e-01 7.596894144054935905e-02 -4.225923589971197769e-02
4.294717960708523824e-02 5.656109626320186129e-02 5.809528873362457442e-04 -5.827470616626648225e-02 -4.392559599559708178e-02 7.225631569975486668e-02 2.121587711970149837e-01 3.982764113210415791e-01 2.116363014097137341e-01 7.294250775852915980e-02
-7.751619338251553026e-02 4.339224541663674189e-02 5.594715013339478932e-02 -2.366532478581821926e-03 -5.735266731725956885e-02 -4.221621646931813382e-02 7.596894144054935905e-02 2.116363014097137341e-01 3.880758224419093017e-01 2.130577547121633719e-01
-2.126462169113573775e-01 -6.900129973476198941e-02 4.578732116286781534e-02 5.707823466992296285e-02 -4.105840026500752471e-03 -5.788385230548897392e-02 -4.225923589971197769e-02 7.294250775852915980e-02 2.130577547121633719e-01 3.974403116566068150e-01
3.867298718096836563e-01 2.152122532610903360e-01 7.340866434309359367e-02 -4.257353564007113067e-02 -5.969051787659163111e-02 -3.444019061095702269e-03 5.541070579370056121e-02 4.613592273811827071e-02 -7.025421952100277534e-02 -2.135187065927281469e-01
2.152122532610903360e-01 3.873355895042153163e-01 2.085379317571459667e-01 6.983383339264073730e-02 -4.645627406573402118e-02 -5.703344497267014146e-02 6.661868631476280597e-04 6.019971922065392445e-02 4.346287066249508724e-02 -8.025546515769718670e-02
7.340866434309359367e-02 2.085379317571459667e-01 4.015520045413743522e-01 2.118494924149477432e-01 7.546164786784345657e-02 -4.310183177402807098e-02 -5.532446509553236996e-02 3.044697772003070266e-03 5.442224866328652932e-02 4.015110344813599408e-02
-4.257353564007113067e-02 6.983383339264073730e-02 2.118494924149477432e-01 4.136821299042570121e-01 2.087283771307757163e-01 6.448449061283062500e-02 -4.435149901177649207e-02 -5.506633849402926828e-02 2.978060003842207190e-03 5.747626421634462884e-02
-5.969051787659163111e-02 -4.645627406573402118e-02 7.546164786784345657e-02 2.087283771307757163e-01 3.769350600009494512e-01 2.109072229033570611e-01 7.755689830658382689e-02 -4.925478838867373282e-02 -5.775481074088353178e-02 5.086484574018881530e-03
-3.444019061095702269e-03 -5.703344497267014146e-02 -4.310183177402807098e-02 6.448449061283062500e-02 2.109072229033570611e-01 4.159036840531173396e-01 2.116671214728184092e-01 6.278827020136587556e-02 -4.633034053154613807e-02 -5.470579973334829815e-02
5.541070579370056121e-02 6.661868631476280597e-04 -5.532446509553236996e-02 -4.435149901177649207e-02 7.755689830658382689e-02 2.116671214728184092e-01 4.022715883467565812e-01 2.049700986027769845e-01 6.664309353009092995e-02 -4.584974096404053484e-02
4.613592273811827071e-02 6.019971922065392445e-02 3.044697772003070266e-03 -5.506633849402926828e-02 -4.925478838867373282e-02 6.278827020136587556e-02 2.049700986027769845e-01 4.107523873288875804e-01 2.097153624412430306e-01 6.930328169770547109e-02
-7.025421952100277534e-02 4.346287066249508724e-02 5.442224866328652932e-02 2.978060003842207190e-03 -5.775481074088353178e-02 -4.633034053154613807e-02 6.664309353009092995e-02 2.097153624412430306e-01 4.068708802334659591e-01 2.086182093872945009e-01
-2.135187065927281469e-01 -8.025546515769718670e-02 4.015110344813599408e-02 5.747626421634462884e-02 5.086484574018881530e-03 -5.470579973334829815e-02 -4.584974096404053484e-02 6.930328169770547109e-02 2.086182093872945009e-01 3.979668042772869785e-01
3.989979147410445126e-01 2.109505501370329272e-01 7.262439619233850008e-02 -4.337803149448490880e-02 -5.662172656685614952e-02 -8.821074813848289470e-04 5.573141974000781623e-02 4.391005760940716596e-02 -7.340448628875713422e-02 -2.114643833093243219e-01
2.109505501370329272e-01 3.975757476898968967e-01 2.111172103432095160e-01 7.062703629111793946e-02 -4.540475951951616906e-02 -5.880223061632869341e-02 -6.211194916582449873e-04 5.669458131082015517e-02 4.583521398184632611e-02 -7.122798442833952470e-02
7.262439619233850008e-02 2.111172103432095160e-01 3.976749964104408508e-01 2.097244330405206580e-01 7.072317207055558996e-02 -4.622010917529661977e-02 -5.627891044091860862e-02 1.055067136425090870e-03 5.852877243805845731e-02 4.470910540073311235e-02
-4.337803149448490880e-02 7.062703629111793946e-02 2.097244330405206580e-01 4.049907426490427786e-01 2.111044601021805911e-01 7.259344140964951730e-02 -4.361519291686345723e-02 -5.563325476744562098e-02 9.778825645488306573e-04 5.614508142530747620e-02
-5.662172656685614952e-02 -4.540475951951616906e-02 7.072317207055558996e-02 2.111044601021805911e-01 3.993973556813197323e-01 2.112061058010805681e-01 7.030518282372949512e-02 -4.488767875814377029e-02 -5.752831721565192930e-02 1.637175485619727202e-04
-8.821074813848289470e-04 -5.880223061632869341e-02 -4.622010917529661977e-02 7.259344140964951730e-02 2.112061058010805681e-01 3.928507411512292546e-01 2.101679257394761802e-01 7.077532813473344508e-02 -4.746617106230614780e-02 -5.781707495799960628e-02
5.573141974000781623e-02 -6.211194916582449873e-04 -5.627891044091860862e-02 -4.361519291686345723e-02 7.030518282372949512e-02 2.101679257394761802e-01 4.058923154584230808e-01 2.102728039954278594e-01 6.983540625723111406e-02 -4.480812831241926669e-02
4.391005760940716596e-02 5.669458131082015517e-02 1.055067136425090870e-03 -5.563325476744562098e-02 -4.488767875814377029e-02 7.077532813473344508e-02 2.102728039954278594e-01 4.068780581339448976e-01 2.091884730115497470e-01 6.943892712875414375e-02
-7.340448628875713422e-02 4.583521398184632611e-02 5.852877243805845731e-02 9.778825645488306573e-04 -5.752831721565192930e-02 -4.746617106230614780e-02 6.983540625723111406e-02 2.091884730115497470e-01 3.945233659550676508e-01 2.111526163664426414e-01
-2.114643833093243219e-01 -7.122798442833952470e-02 4.470910540073311235e-02 5.614508142530747620e-02 1.637175485619727202e-04 -5.781707495799960628e-02 -4.480812831241926669e-02 6.943892712875414375e-02 2.111526163664426414e-01 4.012187621295943973e-01
4.090394033226804060e-01 2.121937342368289681e-01 6.921609739459966271e-02 -4.502184839597470761e-02 -5.620914117323335540e-02 1.876028092980762266e-03 5.649341281669684189e-02 4.373576499782527022e-02 -6.687930886322723811e-02 -2.097256845779321144e-01
2.121937342368289681e-01 4.019935299432773612e-01 2.080684739671543326e-01 6.730711545985684774e-02 -4.514847475471309157e-02 -5.591034053243880420e-02 -3.164833100713065200e-04 5.604046925242346655e-02 4.442751354906027128e-02 -7.403461051813825522e-02
6.921609739459966271e-02 2.080684739671543326e-01 4.000536593586317968e-01 2.098416946158815632e-01 7.159235539459615771e-02 -4.670662952546292962e-02 -5.926389479902032659e-02 -1.124116462413870523e-03 5.710421478486011476e-02 4.774756069922428403e-02
-4.502184839597470761e-02 6.730711545985684774e-02 2.098416946158815632e-01 4.064784786384691984e-01 2.104642489148300655e-01 7.014487300681174209e-02 -4.412657301456311687e-02 -5.539115505887377833e-02 -9.542040471230538862e-04 5.669903885256013382e-02
-5.620914117323335540e-02 -4.514847475471309157e-02 7.159235539459615771e-02 2.104642489148300655e-01 4.017635710904212121e-01 2.105902692558203060e-01 7.369852854783445761e-02 -4.268286138874492763e-02 -5.666900309617829701e-02 -2.361691452370252332e-03
1.876028092980762266e-03 -5.591034053243880420e-02 -4.670662952546292962e-02 7.014487300681174209e-02 2.105902692558203060e-01 3.893580777489629718e-01 2.136798512858858468e-01 7.498830428801955827e-02 -4.415900796557443997e-02 -5.929177570718183188e-02
5.649341281669684189e-02 -3.164833100713065200e-04 -5.926389479902032659e-02 -4.412657301456311687e-02 7.369852854783445761e-02 2.136798512858858468e-01 3.989753881126444357e-01 2.096675169109455394e-01 6.785020722880505395e-02 -4.580395515287125074e-02
4.373576499782527022e-02 5.604046925242346655e-02 -1.124116462413870523e-03 -5.539115505887377833e-02 -4.268286138874492763e-02 7.498830428801955827e-02 2.096675169109455394e-01 3.962861846025477197e-01 2.107974579966251372e-01 7.560669953186163750e-02
-6.687930886322723811e-02 4.442751354906027128e-02 5.710421478486011476e-02 -9.542040471230538862e-04 -5.666900309617829701e-02 -4.415900796557443997e-02 6.785020722880505395e-02 2.107974579966251372e-01 4.107407257885800633e-01 2.106415563127190804e-01
-2.097256845779321144e-01 -7.403461051813825522e-02 4.774756069922428403e-02 5.669903885256013382e-02 -2.361691452370252332e-03 -5.929177570718183188e-02 -4.580395515287125074e-02 7.560669953186163750e-02 2.106415563127190804e-01 3.853109813937885542e-01
4.056804961342169724e-01 2.118774247549904954e-01 7.165976331050663561e-02 -4.391845787019042768e-02 -5.739138424250491560e-02 -2.120494610634803684e-03 5.563601644115917511e-02 4.665174576671308332e-02 -6.583094134159761524e-02 -2.090660428421436678e-01
2.118774247549904954e-01 3.941223491328167960e-01 2.107521552378696650e-01 7.097370859765803064e-02 -4.490513003473120546e-02 -5.825313957522593178e-02 -3.474965310662964102e-03 5.672467679274181829e-02 4.709499493071776788e-02 -7.142091633077213286e-02
7.165976331050663561e-02 2.107521552378696650e-01 3.984079856408590525e-01 2.104942442975053229e-01 7.237957806267468486e-02 -4.420809924293570697e-02 -5.808392915218815039e-02 -2.953641130864618092e-03 5.653032643596737211e-02 4.578518194675006842e-02
-4.391845787019042768e-02 7.097370859765803064e-02 2.104942442975053229e-01 4.041046274492862134e-01 2.107789032465809953e-01 7.267042621453366491e-02 -4.209712288249380097e-02 -5.636173759924904825e-02 -1.932937688566062698e-03 5.552614851528892004e-02
-5.739138424250491560e-02 -4.490513003473120546e-02 7.237957806267468486e-02 2.107789032465809953e-01 3.955791644819525166e-01 2.117982778595062787e-01 7.470053768860340782e-02 -4.336220532367560110e-02 -5.727790575596029832e-02 -4.827942965785024651e-04
-2.120494610634803684e-03 -5.825313957522593178e-02 -4.420809924293570697e-02 7.267042621453366491e-02 2.117982778595062787e-01 3.878283700212409868e-01 2.135342219181702861e-01 7.485661084881471694e-02 -4.528698601426401488e-02 -5.726512186406067240e-02
5.563601644115917511e-02 -3.474965310662964102e-03 -5.808392915218815039e-02 -4.209712288249380097e-02 7.470053768860340782e-02 2.135342219181702861e-01 3.990843704201607611e-01 2.106311053868585303e-01 6.798785586119199253e-02 -4.601843676018369661e-02
4.665174576671308332e-02 5.672467679274181829e-02 -2.953641130864618092e-03 -5.636173759924904825e-02 -4.336220532367560110e-02 7.485661084881471694e-02 2.106311053868585303e-01 4.001495043536094642e-01 2.087243088984958583e-01 6.880976806145752689e-02
-6.583094134159761524e-02 4.709499493071776788e-02 5.653032643596737211e-02 -1.932937688566062698e-03 -5.727790575596029832e-02 -4.528698601426401488e-02 6.798785586119199253e-02 2.087243088984958583e-01 4.108056612806464947e-01 2.082150333697035949e-01
-2.090660428421436678e-01 -7.142091633077213286e-02 4.578518194675006842e-02 5.552614851528892004e-02 -4.827942965785024651e-04 -5.726512186406067240e-02 -4.601843676018369661e-02 6.880976806145752689e-02 2.082150333697035949e-01 4.042374710852085773e-01
3.993746695454021278e-01 2.106224808440052276e-01 6.982659668332538705e-02 -4.678187333108572987e-02 -5.851888982229590946e-02 1.448233363622331189e-03 5.796307734090828945e-02 4.542595779138364903e-02 -7.132164842630026036e-02 -2.105759423792693541e-01
2.106224808440052276e-01 3.987069525023677619e-01 2.099621401283108257e-01 7.018860029938797651e-02 -4.630893294599740251e-02 -5.554971026276948887e-02 1.988623946905417918e-03 5.734048309961210788e-02 4.406205897630341428e-02 -7.184185917194076121e-02
6.982659668332538705e-02 2.099621401283108257e-01 4.107950445386383542e-01 2.091676380660414947e-01 6.859003068327410024e-02 -4.461259660943577010e-02 -5.584352578241548459e-02 6.770378025273251013e-04 5.660363754021924265e-02 4.418455118238433232e-02
-4.678187333108572987e-02 7.018860029938797651e-02 2.091676380660414947e-01 3.952854362693719592e-01 2.111614421727849300e-01 7.297798985835626806e-02 -4.519793365109336936e-02 -5.786360931598623358e-02 -7.915249516199755753e-04 5.591869537119300432e-02
-5.851888982229590946e-02 -4.630893294599740251e-02 6.859003068327410024e-02 2.111614421727849300e-01 4.044656079595323472e-01 2.099222533997178175e-01 6.788557751542889651e-02 -4.607503235313884643e-02 -5.731141573662017208e-02 -8.195710766897841386e-04
1.448233363622331189e-03 -5.554971026276948887e-02 -4.461259660943577010e-02 7.297798985835626806e-02 2.099222533997178175e-01 3.957381873047464693e-01 2.107504751063185300e-01 7.491821708929444212e-02 -4.365338746141426973e-02 -5.626897353938538349e-02
5.796307734090828945e-02 1.988623946905417918e-03 -5.584352578241548459e-02 -4.519793365109336936e-02 6.788557751542889651e-02 2.107504751063185300e-01 4.094749316255896776e-01 2.108287063299750241e-01 6.878552641112284372e-02 -4.330251827482100441e-02
4.542595779138364903e-02 5.734048309961210788e-02 6.770378025273251013e-04 -5.786360931598623358e-02 -4.607503235313884643e-02 7.491821708929444212e-02 2.108287063299750241e-01 3.858420130570950901e-01 2.105918221286025571e-01 7.521352603631473177e-02
-7.132164842630026036e-02 4.406205897630341428e-02 5.660363754021924265e-02 -7.915249516199755753e-04 -5.731141573662017208e-02 -4.365338746141426973e-02 6.878552641112284372e-02 2.105918221286025571e-01 4.055807297188989691e-01 2.122457440307687904e-01
-2.105759423792693541e-01 -7.184185917194076121e-02 4.418455118238433232e-02 5.591869537119300432e-02 -8.195710766897841386e-04 -5.626897353938538349e-02 -4.330251827482100441e-02 7.521352603631473177e-02 2.122457440307687904e-01 3.947364274783559113e-01
4.051962114726553876e-01 2.043946645406762297e-01 6.460129861008528929e-02 -4.933956453600323727e-02 -5.530142949786989726e-02 3.778705274500681992e-03 5.790060860463840109e-02 4.473423970319662102e-02 -7.461629421595070144e-02 -2.095361889332481853e-01
2.043946645406762297e-01 4.207353733218670566e-01 2.083330569827877565e-01 6.706252552634142661e-02 -4.535601128128759207e-02 -5.609158235724560904e-02 -1.811788258542123197e-04 5.457834326972557659e-02 4.632059445526265362e-02 -6.180976903788694410e-02
6.460129861008528929e-02 2.083330569827877565e-01 4.090947779609196422e-01 2.083142383921842977e-01 6.930609977777726916e-02 -4.408140699626155595e-02 -5.621591732478205261e-02 -4.108512729477876470e-03 5.615388875834231852e-02 4.819278374011002480e-02
-4.933956453600323727e-02 6.706252552634142661e-02 2.083142383921842977e-01 3.917979830290926335e-01 2.132023282116906615e-01 7.799336626556692409e-02 -4.327767807968582736e-02 -5.958425126882607725e-02 -6.667180497096423034e-03 5.593407570461910588e-02
-5.530142949786989726e-02 -4.535601128128759207e-02 6.930609977777726916e-02 2.132023282116906615e-01 3.982673952679886553e-01 2.129366028584830095e-01 7.193687173800808465e-02 -4.153707124036176007e-02 -5.813786311569487525e-02 -5.485197365531753119e-03
3.778705274500681992e-03 -5.609158235724560904e-02 -4.408140699626155595e-02 7.799336626556692409e-02 2.129366028584830095e-01 3.918121485177290531e-01 2.100598460127462153e-01 7.486511370908763285e-02 -4.174437295749113680e-02 -5.765794899311703359e-02
5.790060860463840109e-02 -1.811788258542123197e-04 -5.621591732478205261e-02 -4.327767807968582736e-02 7.193687173800808465e-02 2.100598460127462153e-01 3.943571520587553225e-01 2.135209852396040553e-01 7.706361070929088064e-02 -4.268287280069786582e-02
4.473423970319662102e-02 5.457834326972557659e-02 -4.108512729477876470e-03 -5.958425126882607725e-02 -4.153707124036176007e-02 7.486511370908763285e-02 2.135209852396040553e-01 3.954447778946480474e-01 2.118820397131370437e-01 7.119959744178175343e-02
-7.461629421595070144e-02 4.632059445526265362e-02 5.615388875834231852e-02 -6.667180497096423034e-03 -5.813786311569487525e-02 -4.174437295749113680e-02 7.706361070929088064e-02 2.118820397131370437e-01 3.864242877112104013e-01 2.123266087931081625e-01
-2.095361889332481853e-01 -6.180976903788694410e-02 4.819278374011002480e-02 5.593407570461910588e-02 -5.485197365531753119e-03 -5.765794899311703359e-02 -4.268287280069786582e-02 7.119959744178175343e-02 2.123266087931081625e-01 4.068698927651313024e-01
4.019452698561438719e-01 2.106327051347314794e-01 6.807451093533216369e-02 -4.404268683454297395e-02 -5.739284234815142383e-02 -5.080960843966449494e-03 5.582958233254693703e-02 4.700647102812291478e-02 -6.797957695839744463e-02 -2.124347205078369327e-01
2.106327051347314794e-01 3.906459097327227847e-01 2.102229670440229903e-01 7.502614073622332347e-02 -4.372298773465169847e-02 -5.958386303885666868e-02 -6.327190541202785609e-03 5.571481119100107904e-02 4.769706377518928564e-02 -7.370475858851266437e-02
6.807451093533216369e-02 2.102229670440229903e-01 4.070457008352990069e-01 2.115370439416503490e-01 7.226282100910845496e-02 -4.107290510221066338e-02 -5.729551886241723846e-02 -3.770552953905588998e-03 5.493138236537856156e-02 4.458942062393636552e-02
-4.404268683454297395e-02 7.502614073622332347e-02 2.115370439416503490e-01 3.949204351839998295e-01 2.107868504814561783e-01 7.613259874460903687e-02 -4.122590429317067595e-02 -5.576422649786403479e-02 -1.788285487249243258e-03 5.741734808576206411e-02
-5.739284234815142383e-02 -4.372298773465169847e-02 7.226282100910845496e-02 2.107868504814561783e-01 3.832341901172937604e-01 2.160130166499259485e-01 7.982877608590979723e-02 -4.335204920736007717e-02 -5.818344987826430670e-02 1.882323765323955667e-03
-5.080960843966449494e-03 -5.958386303885666868e-02 -4.107290510221066338e-02 7.613259874460903687e-02 2.160130166499259485e-01 3.933374580885357075e-01 2.117314798622357275e-01 6.632434851171081780e-02 -4.675571735993012262e-02 -5.534890676150984457e-02
5.582958233254693703e-02 -6.327190541202785609e-03 -5.729551886241723846e-02 -4.122590429317067595e-02 7.982877608590979723e-02 2.117314798622357275e-01 3.944955255266674454e-01 2.075321389419887697e-01 6.899499282076018702e-02 -4.800106542296983525e-02
4.700647102812291478e-02 5.571481119100107904e-02 -3.770552953905588998e-03 -5.576422649786403479e-02 -4.335204920736007717e-02 6.632434851171081780e-02 2.075321389419887697e-01 4.197678499427450194e-01 2.076522322775707918e-01 6.204518660530130431e-02
-6.797957695839744463e-02 4.769706377518928564e-02 5.493138236537856156e-02 -1.788285487249243258e-03 -5.818344987826430670e-02 -4.675571735993012262e-02 6.899499282076018702e-02 2.076522322775707918e-01 4.074731157712210283e-01 2.058953284844888265e-01
-2.124347205078369327e-01 -7.370475858851266437e-02 4.458942062393636552e-02 5.741734808576206411e-02 1.882323765323955667e-03 -5.534890676150984457e-02 -4.800106542296983525e-02 6.204518660530130431e-02 2.058953284844888265e-01 4.071345449453639409e-01
3.987373858807692906e-01 2.098219939144147228e-01 7.315855947205170129e-02 -4.596319070331532364e-02 -5.665875033987408105e-02 1.187724446526057910e-03 5.683465639984071338e-02 4.507107520850150290e-02 -7.220003837169161609e-02 -2.087597198031354573e-01
2.098219939144147228e-01 4.119815061118137223e-01 2.105041036834021106e-01 6.735830631310782413e-02 -4.427623943539527041e-02 -5.655780306165072990e-02 -5.085662282248951550e-04 5.573712185406021202e-02 4.511672320995594593e-02 -6.603605770338026593e-02
7.315855947205170129e-02 2.105041036834021106e-01 3.940282771542270579e-01 2.092193584700355047e-01 7.226323522390157295e-02 -4.581794367673006074e-02 -5.740417009714590679e-02 -1.529803372319784530e-03 5.781814035198038632e-02 4.691472165410006528e-02
-4.596319070331532364e-02 6.735830631310782413e-02 2.092193584700355047e-01 4.013607069443339559e-01 2.125068939150548397e-01 7.308255011171289894e-02 -4.428579577860396882e-02 -5.795431629363675952e-02 -1.549424578507973063e-03 5.609248929553019986e-02
-5.665875033987408105e-02 -4.427623943539527041e-02 7.226323522390157295e-02 2.125068939150548397e-01 4.026306050693229110e-01 2.098131757271554099e-01 6.945354465459878390e-02 -4.346467092277943312e-02 -5.609669220315824378e-02 -1.718318660509219080e-03
1.187724446526057910e-03 -5.655780306165072990e-02 -4.581794367673006074e-02 7.308255011171289894e-02 2.098131757271554099e-01 3.926246868024818037e-01 2.114755486058691736e-01 7.570180233659148938e-02 -4.440802580873763616e-02 -5.849310273884537892e-02
5.683465639984071338e-02 -5.085662282248951550e-04 -5.740417009714590679e-02 -4.428579577860396882e-02 6.945354465459878390e-02 2.114755486058691736e-01 4.010939426917514705e-01 2.120547219465325206e-01 7.039488723446310492e-02 -4.460263953718518470e-02
4.507107520850150290e-02 5.573712185406021202e-02 -1.529803372319784530e-03 -5.795431629363675952e-02 -4.346467092277943312e-02 7.570180233659148938e-02 2.120547219465325206e-01 3.958696812167021295e-01 2.098866150784374218e-01 7.209894203647504440e-02
-7.220003837169161609e-02 4.511672320995594593e-02 5.781814035198038632e-02 -1.549424578507973063e-03 -5.609669220315824378e-02 -4.440802580873763616e-02 7.039488723446310492e-02 2.098866150784374218e-01 3.989675853069194478e-01 2.122851570083323647e-01
-2.087597198031354573e-01 -6.603605770338026593e-02 4.691472165410006528e-02 5.609248929553019986e-02 -1.718318660509219080e-03 -5.849310273884537892e-02 -4.460263953718518470e-02 7.209894203647504440e-02 2.122851570083323647e-01 4.027056228216863709e-01
4.063815083802171380e-01 2.112404147599668269e-01 7.047270253137012663e-02 -4.516013056117008234e-02 -5.894908129629924942e-02 -2.246746172319659613e-04 5.483936797707986838e-02 4.542547135033368766e-02 -6.764916605131519878e-02 -2.078541425701241341e-01
2.112404147599668269e-01 4.054120710560227270e-01 2.078648796611325400e-01 6.711186668034777036e-02 -4.573216153865741762e-02 -5.507437165592184158e-02 2.682942784786996574e-04 5.853817719841022948e-02 4.523157506744279743e-02 -7.045131071991192484e-02
7.047270253137012663e-02 2.078648796611325400e-01 3.966575248601146297e-01 2.121505309539628015e-01 7.805059667770510023e-02 -4.387251282269929997e-02 -5.677461734952052308e-02 -1.946417859815504693e-04 5.659900916304305696e-02 4.558406817033332920e-02
-4.516013056117008234e-02 6.711186668034777036e-02 2.121505309539628015e-01 4.028297197527564988e-01 2.132092075302126633e-01 6.894039660128808977e-02 -4.368450393345185701e-02 -5.744231151893708365e-02 -1.029385578066212802e-03 5.574700455129755206e-02
-5.894908129629924942e-02 -4.573216153865741762e-02 7.805059667770510023e-02 2.132092075302126633e-01 3.885716035597499562e-01 2.082102168917463469e-01 7.030236288692275071e-02 -4.707402074423379379e-02 -5.771496243422582356e-02 -5.276087220636327835e-04
-2.246746172319659613e-04 -5.507437165592184158e-02 -4.387251282269929997e-02 6.894039660128808977e-02 2.082102168917463469e-01 4.042420525392990682e-01 2.115981679728624609e-01 7.249428893920112360e-02 -4.440476530481207718e-02 -5.713912659377402836e-02
5.483936797707986838e-02 2.682942784786996574e-04 -5.677461734952052308e-02 -4.368450393345185701e-02 7.030236288692275071e-02 2.115981679728624609e-01 4.123423985422761118e-01 2.079764990811138470e-01 6.656597428319321885e-02 -4.329249851067534099e-02
4.542547135033368766e-02 5.853817719841022948e-02 -1.946417859815504693e-04 -5.744231151893708365e-02 -4.707402074423379379e-02 7.249428893920112360e-02 2.079764990811138470e-01 3.854836284878158104e-01 2.123606829816845065e-01 7.921866555856324488e-02
-6.764916605131519878e-02 4.523157506744279743e-02 5.659900916304305696e-02 -1.029385578066212802e-03 -5.771496243422582356e-02 -4.440476530481207718e-02 6.656597428319321885e-02 2.123606829816845065e-01 4.042760067560225989e-01 2.131235204425278029e-01
-2.078541425701241341e-01 -7.045131071991192484e-02 4.558406817033332920e-02 5.574700455129755206e-02 -5.276087220636327835e-04 -5.713912659377402836e-02 -4.329249851067534099e-02 7.921866555856324488e-02 2.131235204425278029e-01 3.938034860657150804e-01
3.754035066388406450e-01 2.152958984706900003e-01 7.955087158591761520e-02 -4.388900692166247675e-02 -6.060686684929279117e-02 -4.501802505227490980e-03 5.821119077223665256e-02 4.964980764788633205e-02 -6.999978260926524587e-02 -2.103283309378380650e-01
2.152958984706900003e-01 3.881861908708529318e-01 2.131045081774705918e-01 7.191944249769005593e-02 -4.424593813735576420e-02 -5.701952193202548813e-02 -4.211701004532954293e-04 5.802614893448875683e-02 4.269407641691976008e-02 -7.408672675631881865e-02
7.955087158591761520e-02 2.131045081774705918e-01 4.034625098042631808e-01 2.084760154768363072e-01 6.950112453616019703e-02 -4.285970652458713503e-02 -5.551647334725203636e-02 9.089582740905736633e-04 5.444611627705259194e-02 3.945383154092051148e-02
-4.388900692166247675e-02 7.191944249769005593e-02 2.084760154768363072e-01 4.009977960637249872e-01 2.101281063083605127e-01 7.163362153861038695e-02 -4.594442310504920357e-02 -5.845762953118439215e-02 2.276294683854049664e-03 5.617477720012649389e-02
-6.060686684929279117e-02 -4.424593813735576420e-02 6.950112453616019703e-02 2.101281063083605127e-01 3.985527647096182569e-01 2.109141834041253494e-01 7.084265397833416911e-02 -4.785235122536701802e-02 -5.432312345772331158e-02 5.392390460605175038e-03
-4.501802505227490980e-03 -5.701952193202548813e-02 -4.285970652458713503e-02 7.163362153861038695e-02 2.109141834041253494e-01 3.996271603919571147e-01 2.123560654799891700e-01 7.297470424438454173e-02 -4.451017637289568507e-02 -5.398644902576949650e-02
5.821119077223665256e-02 -4.211701004532954293e-04 -5.551647334725203636e-02 -4.594442310504920357e-02 7.084265397833416911e-02 2.123560654799891700e-01 4.026173316636193489e-01 2.099595466813953260e-01 6.393500030402626821e-02 -4.674189030312923820e-02
4.964980764788633205e-02 5.802614893448875683e-02 9.089582740905736633e-04 -5.845762953118439215e-02 -4.785235122536701802e-02 7.297470424438454173e-02 2.099595466813953260e-01 3.999298234121543283e-01 2.049146899184983994e-01 6.467248878787520971e-02
-6.999978260926524587e-02 4.269407641691976008e-02 5.444611627705259194e-02 2.276294683854049664e-03 -5.432312345772331158e-02 -4.451017637289568507e-02 6.393500030402626821e-02 2.049146899184983994e-01 4.212411778939181839e-01 2.080725221016058724e-01
-2.103283309378380650e-01 -7.408672675631881865e-02 3.945383154092051148e-02 5.617477720012649389e-02 5.392390460605175038e-03 -5.398644902576949650e-02 -4.674189030312923820e-02 6.467248878787520971e-02 2.080725221016058724e-01 4.099817385510540202e-01
4.083581178335492501e-01 2.043641858523015942e-01 6.109967487052878760e-02 -4.794821849392377072e-02 -5.574227855250715041e-02 1.423493287142754086e-03 5.798373640725600076e-02 4.505971786172918714e-02 -7.414044503637132189e-02 -2.123475107149610519e-01
2.043641858523015942e-01 4.004462341055277097e-01 2.096541888468748671e-01 7.486246494781177707e-02 -4.709714854523001926e-02 -5.789665652039434340e-02 1.399671489138898015e-04 5.646157513641628101e-02 4.779099420267100828e-02 -6.751264336580078962e-02
6.109967487052878760e-02 2.096541888468748671e-01 4.223511350350395155e-01 2.095769783052026658e-01 6.540959476812537032e-02 -4.240269447533293046e-02 -5.445563089311797333e-02 -2.066317079917441395e-03 5.546283367098150258e-02 4.494861828417098110e-02
-4.794821849392377072e-02 7.486246494781177707e-02 2.095769783052026658e-01 3.845240014485083457e-01 2.109362864627600809e-01 7.837412476844529685e-02 -4.346020631958807945e-02 -5.855466539132886394e-02 -5.223699615722408006e-03 5.625777370913102871e-02
-5.574227855250715041e-02 -4.709714854523001926e-02 6.540959476812537032e-02 2.109362864627600809e-01 3.969945901735303928e-01 2.145824316036326063e-01 7.230797311980426134e-02 -4.399098845946364245e-02 -6.030059392842740396e-02 -3.469848394900092864e-03
1.423493287142754086e-03 -5.789665652039434340e-02 -4.240269447533293046e-02 7.837412476844529685e-02 2.145824316036326063e-01 3.979002823631166974e-01 2.078477786338897848e-01 6.943130549096626636e-02 -4.332099109541976550e-02 -5.472731934328257247e-02
5.798373640725600076e-02 1.399671489138898015e-04 -5.445563089311797333e-02 -4.346020631958807945e-02 7.230797311980426134e-02 2.078477786338897848e-01 3.978430824010696920e-01 2.127716633402732538e-01 7.901002564536016570e-02 -4.223083068791526340e-02
4.505971786172918714e-02 5.646157513641628101e-02 -2.066317079917441395e-03 -5.855466539132886394e-02 -4.399098845946364245e-02 6.943130549096626636e-02 2.127716633402732538e-01 3.993276535257395121e-01 2.125318381447252880e-01 6.849017854650965575e-02
-7.414044503637132189e-02 4.779099420267100828e-02 5.546283367098150258e-02 -5.223699615722408006e-03 -6.030059392842740396e-02 -4.332099109541976550e-02 7.901002564536016570e-02 2.125318381447252880e-01 3.840201071090175167e-01 2.099609838973315601e-01
-2.123475107149610519e-01 -6.751264336580078962e-02 4.494861828417098110e-02 5.625777370913102871e-02 -3.469848394900092864e-03 -5.472731934328257247e-02 -4.223083068791526340e-02 6.849017854650965575e-02 2.099609838973315601e-01 4.082347960049018676e-01
4.077622387648089930e-01 2.099326173245142924e-01 7.108020601185088827e-02 -4.597092555188758700e-02 -5.700749133101058741e-02 3.003206970643410067e-04 5.625940469628095547e-02 4.679865955829691504e-02 -6.549967111836241251e-02 -2.062189838004577780e-01
2.099326173245142924e-01 4.082744390029300896e-01 2.099511637069691738e-01 6.927782570622499636e-02 -4.430075598563785327e-02 -5.573988584493036469e-02 -1.738508760394161636e-03 5.698779471205994013e-02 4.631378875222404157e-02 -6.611258608993826613e-02
7.108020601185088827e-02 2.099511637069691738e-01 3.917892864797226093e-01 2.121171786980432794e-01 7.581994861521557105e-02 -4.385394535279694278e-02 -5.854769476530334582e-02 -3.898665283608019391e-03 5.583313282236828518e-02 4.725582451477235851e-02
-4.597092555188758700e-02 6.927782570622499636e-02 2.121171786980432794e-01 4.002563906868800148e-01 2.117574735736006408e-01 6.974363168184083417e-02 -4.394838906181137983e-02 -5.867511432935011706e-02 -3.339995151228333792e-03 5.610078115652369912e-02
-5.700749133101058741e-02 -4.430075598563785327e-02 7.581994861521557105e-02 2.117574735736006408e-01 3.961538405373375982e-01 2.091264187439580147e-01 7.293830785825540508e-02 -4.357417391260741402e-02 -5.649458327023475224e-02 -1.939714154628440846e-03
3.003206970643410067e-04 -5.573988584493036469e-02 -4.385394535279694278e-02 6.974363168184083417e-02 2.091264187439580147e-01 4.019478074544501345e-01 2.126904029654152484e-01 7.556272959063370376e-02 -4.237440865319237748e-02 -5.717294666901607397e-02
5.625940469628095547e-02 -1.738508760394161636e-03 -5.854769476530334582e-02 -4.394838906181137983e-02 7.293830785825540508e-02 2.126904029654152484e-01 3.933868031884517058e-01 2.121633016142456252e-01 7.182306582684722107e-02 -4.471636219455397965e-02
4.679865955829691504e-02 5.698779471205994013e-02 -3.898665283608019391e-03 -5.867511432935011706e-02 -4.357417391260741402e-02 7.556272959063370376e-02 2.121633016142456252e-01 3.878496252431907765e-01 2.117620794242132676e-01 7.333728571222779269e-02
-6.549967111836241251e-02 4.631378875222404157e-02 5.583313282236828518e-02 -3.339995151228333792e-03 -5.649458327023475224e-02 -4.237440865319237748e-02 7.182306582684722107e-02 2.117620794242132676e-01 4.059827946875251836e-01 2.099753761732597868e-01
-2.062189838004577780e-01 -6.611258608993826613e-02 4.725582451477235851e-02 5.610078115652369912e-02 -1.939714154628440846e-03 -5.717294666901607397e-02 -4.471636219455397965e-02 7.333728571222779269e-02 2.099753761732597868e-01 4.065967739547032278e-01
4.006084286562729968e-01 2.096922439948961381e-01 7.308983741741878482e-02 -4.464290992750855058e-02 -5.561584237927919699e-02 1.604382362149130679e-03 5.602809742803561283e-02 4.398935209586987694e-02 -7.297056122801373612e-02 -2.091888831440232854e-01
2.096922439948961381e-01 4.058177687870567762e-01 2.112691777640108848e-01 6.836209509844989873e-02 -4.583359379088672997e-02 -5.811136402411751223e-02 2.489986085634221524e-04 5.695774842083051875e-02 4.657585438263431299e-02 -6.631931521100015159e-02
7.308983741741878482e-02 2.112691777640108848e-01 3.929903121381933540e-01 2.092924987044937346e-01 7.092874010406081953e-02 -4.699163791318754918e-02 -5.658728785089144064e-02 -8.650575985052550354e-05 5.843622683774003790e-02 4.616143848668402550e-02
-4.464290992750855058e-02 6.836209509844989873e-02 2.092924987044937346e-01 4.087461815610192173e-01 2.108215299118669228e-01 7.061763460249212421e-02 -4.385120152540863264e-02 -5.697398404287797730e-02 -1.463313725607190592e-03 5.522435005730766400e-02
-5.561584237927919699e-02 -4.583359379088672997e-02 7.092874010406081953e-02 2.108215299118669228e-01 4.019734329014157947e-01 2.096742694003252971e-01 7.023400100766290233e-02 -4.361305989171754272e-02 -5.719630882115504800e-02 -2.588204119122399210e-03
1.604382362149130679e-03 -5.811136402411751223e-02 -4.699163791318754918e-02 7.061763460249212421e-02 2.096742694003252971e-01 3.952765589552200698e-01 2.110930962855570581e-01 7.428679178760050350e-02 -4.501669226824846215e-02 -5.826371159497879815e-02
5.602809742803561283e-02 2.489986085634221524e-04 -5.658728785089144064e-02 -4.385120152540863264e-02 7.023400100766290233e-02 2.110930962855570581e-01 3.979596095623776364e-01 2.128943653591343632e-01 7.407298844723031461e-02 -4.309774285890078521e-02
4.398935209586987694e-02 5.695774842083051875e-02 -8.650575985052550354e-05 -5.697398404287797730e-02 -4.361305989171754272e-02 7.428679178760050350e-02 2.128943653591343632e-01 3.986990074049713284e-01 2.108723578518560959e-01 7.060572410231003015e-02
-7.297056122801373612e-02 4.657585438263431299e-02 5.843622683774003790e-02 -1.463313725607190592e-03 -5.719630882115504800e-02 -4.501669226824846215e-02 7.407298844723031461e-02 2.108723578518560959e-01 3.891185816286938381e-01 2.112211862646991289e-01
-2.091888831440232854e-01 -6.631931521100015159e-02 4.616143848668402550e-02 5.522435005730766400e-02 -2.588204119122399210e-03 -5.826371159497879815e-02 -4.309774285890078521e-02 7.060572410231003015e-02 2.112211862646991289e-01 4.088101184047823189e-01
4.021329122902029263e-01 2.109290090232208981e-01 7.624851790981802824e-02 -4.176857869323121614e-02 -5.613467511776590313e-02 -2.864887373533934675e-03 5.731264341513954419e-02 4.723969298111099085e-02 -6.649907410073467584e-02 -2.075993465329574184e-01
2.109290090232208981e-01 3.875067211899786979e-01 2.158961894612088095e-01 8.008847025113192963e-02 -4.145149011194695921e-02 -5.634472302447762759e-02 -1.026620874887361782e-03 5.787801132831789375e-02 4.507090847505140080e-02 -6.969787666024862549e-02
7.624851790981802824e-02 2.158961894612088095e-01 3.833803963558063410e-01 2.143210473974500596e-01 7.209587416755944278e-02 -4.413991998256605598e-02 -5.783388954482632238e-02 1.020049559976088371e-03 5.695963676020752292e-02 4.254229837774640977e-02
-4.176857869323121614e-02 8.008847025113192963e-02 2.143210473974500596e-01 3.928102386585465844e-01 2.076208481451632115e-01 6.554277225409763097e-02 -4.816822675821005872e-02 -5.763953148278450067e-02 3.224965012433289851e-03 5.745368649439019926e-02
-5.613467511776590313e-02 -4.145149011194695921e-02 7.209587416755944278e-02 2.076208481451632115e-01 4.129586461329554647e-01 2.066754377064155546e-01 6.651242131267046109e-02 -4.680886672041613406e-02 -5.470577691024620243e-02 4.143959253936169845e-03
-2.864887373533934675e-03 -5.634472302447762759e-02 -4.413991998256605598e-02 6.554277225409763097e-02 2.066754377064155546e-01 4.166932022708605410e-01 2.082455476244235437e-01 6.948143115614677234e-02 -4.417286406723332226e-02 -5.373706076406183085e-02
5.731264341513954419e-02 -1.026620874887361782e-03 -5.783388954482632238e-02 -4.816822675821005872e-02 6.651242131267046109e-02 2.082455476244235437e-01 3.934556770161524164e-01 2.130062714975408111e-01 7.459858582573807018e-02 -4.598683141983047479e-02
