6.126096227879445077e-01 3.096692478775490143e-01 -3.922184004233050802e-02 -1.257598385102280392e-01 -6.201713817235902189e-04 1.019736852171917313e-01 5.049068228908893535e-02 -9.735778459757735148e-02 2.713883173726245115e-02 3.072714831818003089e-01
3.096692478775490143e-01 5.335875226488738798e-01 3.182806272642308976e-01 3.603745948453350445e-02 -1.088186328353815263e-01 -1.741960424877832952e-02 7.406400326949820478e-02 4.462076429279388662e-02 -1.366921661999325743e-01 -7.015689718016276943e-02
-3.922184004233050802e-02 3.182806272642308976e-01 4.575737084118917108e-01 3.169558644368686839e-01 3.177243388451769790e-02 -1.251424688275521446e-01 -7.393127708044436308e-02 7.371725292583426736e-02 1.225014201974416322e-03 -1.015310103097412653e-01
-1.257598385102280392e-01 3.603745948453350445e-02 3.169558644368686839e-01 4.468083087063512981e-01 3.118853639971830294e-01 2.068199332300846727e-03 -1.097006967195660043e-01 -1.847805672716710743e-02 1.083656723361638013e-01 3.086386223099910411e-02
-6.201713817235902189e-04 -1.088186328353815263e-01 3.177243388451769790e-02 3.118853639971830294e-01 5.362218877859334931e-01 3.279228590473873273e-01 7.841980599412926023e-02 -1.010489700212859332e-01 2.238424868557940123e-02 8.569812887034707061e-02
1.019736852171917313e-01 -1.741960424877832952e-02 -1.251424688275521446e-01 2.068199332300846727e-03 3.279228590473873273e-01 4.240547648312846807e-01 2.908537275321803062e-01 2.033209520049400129e-02 -1.288292147800297327e-01 -3.901340004171512804e-02
5.049068228908893535e-02 7.406400326949820478e-02 -7.393127708044436308e-02 -1.097006967195660043e-01 7.841980599412926023e-02 2.908537275321803062e-01 3.654677699828299264e-01 2.972459541948150874e-01 -8.001795400687500281e-02 -1.226052198090379075e-01
-9.735778459757735148e-02 4.462076429279388662e-02 7.371725292583426736e-02 -1.847805672716710743e-02 -1.010489700212859332e-01 2.033209520049400129e-02 2.972459541948150874e-01 7.280368413813573802e-01 2.781613796464285082e-01 -1.702231042489244645e-02
2.713883173726245115e-02 -1.366921661999325743e-01 1.225014201974416322e-03 1.083656723361638013e-01 2.238424868557940123e-02 -1.288292147800297327e-01 -8.001795400687500281e-02 2.781613796464285082e-01 4.370006085287161390e-01 3.264652117336168669e-01
3.072714831818003089e-01 -7.015689718016276943e-02 -1.015310103097412653e-01 3.086386223099910411e-02 8.569812887034707061e-02 -3.901340004171512804e-02 -1.226052198090379075e-01 -1.702231042489244645e-02 3.264652117336168669e-01 4.586389649348005526e-01
3.788584571567462644e-01 3.087592890499666343e-01 3.808451966848742237e-02 -1.085782225101172699e-01 -2.081509398491485779e-02 9.363842793810729648e-02 1.956712454290551132e-03 -1.163325461641341735e-01 -1.047803208231767695e-02 3.124213200115507627e-01
3.087592890499666343e-01 5.260630791655221961e-01 3.235359510971052566e-01 3.091754798395303719e-02 -1.192492281166018520e-01 1.298497326496925001e-03 9.342012814866387793e-02 -3.913827487173037606e-02 -1.239496695647748226e-01 3.605533936541834017e-02
3.808451966848742237e-02 3.235359510971052566e-01 4.362808346089270817e-01 3.108135363691542086e-01 1.160925693253537366e-02 -1.190355534764204609e-01 9.311222672220184973e-03 9.237587763400526009e-02 6.115762319244735096e-03 -1.148913088608651545e-01
-1.085782225101172699e-01 3.091754798395303719e-02 3.108135363691542086e-01 4.808472882712705454e-01 3.185437748216682907e-01 -3.028931910662418375e-02 -1.129531697528936840e-01 6.132898976841452687e-02 1.033947393517076069e-01 -5.878953323502277006e-02
-2.081509398491485779e-02 -1.192492281166018520e-01 1.160925693253537366e-02 3.185437748216682907e-01 5.650094408195935891e-01 3.178803936575260725e-01 -4.295109497742616994e-02 -1.097716619707629904e-01 2.056113462618487393e-03 8.705387059897960744e-02
9.363842793810729648e-02 1.298497326496925001e-03 -1.190355534764204609e-01 -3.028931910662418375e-02 3.178803936575260725e-01 4.940019967584562965e-01 3.133427551646563725e-01 -4.458479460684226098e-02 -1.268969886810000502e-01 3.875690525374755196e-02
1.956712454290551132e-03 9.342012814866387793e-02 9.311222672220184973e-03 -1.129531697528936840e-01 -4.295109497742616994e-02 3.133427551646563725e-01 6.063696841536123650e-01 3.120195151054545590e-01 1.277780700796928536e-02 -1.140376022935659928e-01
-1.163325461641341735e-01 -3.913827487173037606e-02 9.237587763400526009e-02 6.132898976841452687e-02 -1.097716619707629904e-01 -4.458479460684226098e-02 3.120195151054545590e-01 4.425671367260837208e-01 3.178331686807337464e-01 -2.174070688952634695e-03
-1.047803208231767695e-02 -1.239496695647748226e-01 6.115762319244735096e-03 1.033947393517076069e-01 2.056113462618487393e-03 -1.268969886810000502e-01 1.277780700796928536e-02 3.178331686807337464e-01 4.871963208367436904e-01 3.143789553655329527e-01
3.124213200115507627e-01 3.605533936541834017e-02 -1.148913088608651545e-01 -5.878953323502277006e-02 8.705387059897960744e-02 3.875690525374755196e-02 -1.140376022935659928e-01 -2.174070688952634695e-03 3.143789553655329527e-01 5.828057615030420857e-01
6.001191490401384110e-01 3.151275606997063772e-01 -2.736690224907634139e-02 -1.149192394673921869e-01 2.333069889730821078e-02 9.529137464833931093e-02 -2.644163381167526777e-02 -1.173597709913010434e-01 -2.478845869819064351e-02 3.088767371616286672e-01
3.151275606997063772e-01 4.609988530954424180e-01 3.207615433476237454e-01 -1.061296242426864808e-02 -1.201462822643517420e-01 -2.363761241756217723e-03 9.626293381234113378e-02 -3.045777604589338175e-03 -1.196723148791508512e-01 -2.970048601175610814e-02
-2.736690224907634139e-02 3.207615433476237454e-01 5.524402535890295951e-01 3.134181751890425804e-01 -2.732817609062607178e-02 -1.192087853773483586e-01 2.892810702678078397e-02 9.529741674893540959e-02 1.573197871459805844e-02 -1.146784815283967973e-01
-1.149192394673921869e-01 -1.061296242426864808e-02 3.134181751890425804e-01 5.114458478986249057e-01 3.231416053485948736e-01 1.849198959201650561e-02 -1.248660746273309724e-01 -1.728967869084551551e-02 9.319925473042961483e-02 3.962767237622237537e-02
2.333069889730821078e-02 -1.201462822643517420e-01 -2.732817609062607178e-02 3.231416053485948736e-01 4.842142572788511456e-01 3.161674908393974914e-01 -1.910611422347108929e-02 -1.161198015501953007e-01 -2.613515797704782373e-02 8.829019981265454065e-02
9.529137464833931093e-02 -2.363761241756217723e-03 -1.192087853773483586e-01 1.849198959201650561e-02 3.161674908393974914e-01 5.031726678226957628e-01 3.223288532196744161e-01 1.639468598789466797e-02 -1.174738231512843373e-01 -3.252393096835304309e-02
-2.644163381167526777e-02 9.626293381234113378e-02 2.892810702678078397e-02 -1.248660746273309724e-01 -1.910611422347108929e-02 3.223288532196744161e-01 5.327897896108715337e-01 3.116865490113917003e-01 4.591624314540600216e-02 -1.084739199320867847e-01
-1.173597709913010434e-01 -3.045777604589338175e-03 9.529741674893540959e-02 -1.728967869084551551e-02 -1.161198015501953007e-01 1.639468598789466797e-02 3.116865490113917003e-01 3.918168713960056282e-01 3.073798838380763510e-01 5.730540942899878254e-02
-2.478845869819064351e-02 -1.196723148791508512e-01 1.573197871459805844e-02 9.319925473042961483e-02 -2.613515797704782373e-02 -1.174738231512843373e-01 4.591624314540600216e-02 3.073798838380763510e-01 4.847197877889826145e-01 3.278595150647466983e-01
3.088767371616286672e-01 -2.970048601175610814e-02 -1.146784815283967973e-01 3.962767237622237537e-02 8.829019981265454065e-02 -3.252393096835304309e-02 -1.084739199320867847e-01 5.730540942899878254e-02 3.278595150647466983e-01 4.782825224793681995e-01
5.214326005499440031e-01 3.247899612667615177e-01 5.021971659976814592e-03 -1.236949041954175654e-01 2.666302273609295892e-02 9.816640440072293972e-02 1.317254112444783687e-02 -1.162921539617012417e-01 -4.475687709474393192e-03 3.120397119038267886e-01
3.247899612667615177e-01 4.492733577231941000e-01 3.108890879413920838e-01 1.264803453161307892e-02 -1.169540217718576525e-01 -1.196347003335010775e-02 8.841502407384117801e-02 2.895745722386536616e-02 -1.148823292517696382e-01 4.973907733477178628e-02
5.021971659976814592e-03 3.108890879413920838e-01 5.081389173583237273e-01 3.241820076399958284e-01 -5.176064557188259085e-02 -1.242974824616908253e-01 2.287462083448107454e-04 1.010312806997856611e-01 -1.910553857356400709e-02 -1.101176383941177700e-01
-1.236949041954175654e-01 1.264803453161307892e-02 3.241820076399958284e-01 5.414300723035565532e-01 3.133597987379804772e-01 1.110673095708313365e-02 -1.107413151995894351e-01 -2.895973679066418671e-02 9.095215420374799797e-02 -2.878240461940768588e-02
2.666302273609295892e-02 -1.169540217718576525e-01 -5.176064557188259085e-02 3.133597987379804772e-01 5.285101963596504637e-01 3.196580347529263122e-01 3.782992282183696153e-02 -1.183920494836675774e-01 1.456069412127973181e-04 9.553370303613437087e-02
9.816640440072293972e-02 -1.196347003335010775e-02 -1.242974824616908253e-01 1.110673095708313365e-02 3.196580347529263122e-01 4.046377516738202118e-01 3.011771812746557031e-01 5.226658651088685048e-02 -1.133663100527606410e-01 2.007055731737883084e-02
1.317254112444783687e-02 8.841502407384117801e-02 2.287462083448107454e-04 -1.107413151995894351e-01 3.782992282183696153e-02 3.011771812746557031e-01 4.836193346753306366e-01 3.390716277201265560e-01 -5.739502535257937077e-02 -1.091736782318484533e-01
-1.162921539617012417e-01 2.895745722386536616e-02 1.010312806997856611e-01 -2.895973679066418671e-02 -1.183920494836675774e-01 5.226658651088685048e-02 3.390716277201265560e-01 5.023350066975508232e-01 2.878340509932323377e-01 -5.146844438187944681e-02
-4.475687709474393192e-03 -1.148823292517696382e-01 -1.910553857356400709e-02 9.095215420374799797e-02 1.456069412127973181e-04 -1.133663100527606410e-01 -5.739502535257937077e-02 2.878340509932323377e-01 6.699151576318175261e-01 3.081630462538606507e-01
3.120397119038267886e-01 4.973907733477178628e-02 -1.101176383941177700e-01 -2.878240461940768588e-02 9.553370303613437087e-02 2.007055731737883084e-02 -1.091736782318484533e-01 -5.146844438187944681e-02 3.081630462538606507e-01 3.907076050268051826e-01
4.736286040729337787e-01 3.149796523262274328e-01 3.659633596651969134e-02 -1.154969650066389464e-01 4.785198639292521754e-03 9.720570967821406949e-02 7.730248790459076126e-03 -1.229097480214413063e-01 1.660986290530401532e-03 3.215451669526219192e-01
3.149796523262274328e-01 4.904270177972427924e-01 3.249699726585736359e-01 -2.893250070495204801e-02 -1.162247379892569765e-01 -3.874597497877411978e-02 9.064478711879794814e-02 1.407260989860954770e-02 -1.163782546460914169e-01 4.830088967260909999e-03
3.659633596651969134e-02 3.249699726585736359e-01 4.685412857850576041e-01 3.065541907235669328e-01 -1.402590240069947515e-02 -1.231444676333206117e-01 7.818046730389847931e-03 1.003557762670306830e-01 -2.062545691030259407e-02 -1.217212409984442800e-01
-1.154969650066389464e-01 -2.893250070495204801e-02 3.065541907235669328e-01 6.278037497070136919e-01 3.100577831374837223e-01 4.676190529812396940e-02 -1.117827742349637443e-01 -1.582459447118865492e-02 9.154437523402725319e-02 6.760410387390132676e-03
4.785198639292521754e-03 -1.162247379892569765e-01 -1.402590240069947515e-02 3.100577831374837223e-01 3.431058258824901674e-01 2.930724545146144999e-01 4.052053625944111725e-02 -1.146943003913408476e-01 -1.344562062824066970e-02 9.475330089874506312e-02
9.720570967821406949e-02 -3.874597497877411978e-02 -1.231444676333206117e-01 4.676190529812396940e-02 2.930724545146144999e-01 4.968034037772701694e-01 3.298969795477210143e-01 -4.433841249482967095e-02 -1.231998473152789153e-01 4.904693584921311633e-02
7.730248790459076126e-03 9.064478711879794814e-02 7.818046730389847931e-03 -1.117827742349637443e-01 4.052053625944111725e-02 3.298969795477210143e-01 5.472084330440616373e-01 3.102693272508552647e-01 -1.810900122831468270e-02 -1.128097082079105307e-01
-1.229097480214413063e-01 1.407260989860954770e-02 1.003557762670306830e-01 -1.582459447118865492e-02 -1.146943003913408476e-01 -4.433841249482967095e-02 3.102693272508552647e-01 5.146479149417090282e-01 3.233543976026568290e-01 -2.940957187473461354e-02
1.660986290530401532e-03 -1.163782546460914169e-01 -2.062545691030259407e-02 9.154437523402725319e-02 -1.344562062824066970e-02 -1.231998473152789153e-01 -1.810900122831468270e-02 3.233543976026568290e-01 5.267420191523224382e-01 3.151078192055763449e-01
3.215451669526219192e-01 4.830088967260909999e-03 -1.217212409984442800e-01 6.760410387390132676e-03 9.475330089874506312e-02 4.904693584921311633e-02 -1.128097082079105307e-01 -2.940957187473461354e-02 3.151078192055763449e-01 5.110917458398983593e-01
5.612346973903433733e-01 3.181302599165231060e-01 -3.032473940940845492e-02 -1.084167142426825381e-01 4.399587836465006230e-02 9.297146612911449948e-02 -5.569879203672536971e-02 -1.137783321155148852e-01 -9.261286630473156839e-03 3.144366298109113056e-01
3.181302599165231060e-01 4.593456987294280425e-01 3.211588436996496432e-01 -3.459857998907037852e-02 -1.149158171467989931e-01 8.363351772511608273e-03 9.013683008151521237e-02 -1.019281845150322822e-02 -1.172658898780107317e-01 2.130201213008469166e-02
-3.032473940940845492e-02 3.211588436996496432e-01 5.808558655802091852e-01 3.000024032416914177e-01 -5.596745976777397352e-02 -1.155372650414065727e-01 5.948497900807975941e-02 9.323595201196599458e-02 2.207017342531777601e-03 -1.183477197255870528e-01
-1.084167142426825381e-01 -3.459857998907037852e-02 3.000024032416914177e-01 5.587918177345156945e-01 3.296519216078034331e-01 1.619718227880865419e-02 -1.332900362421822471e-01 -2.669345421733699403e-02 9.183851246999366613e-02 2.271648040245086153e-02
4.399587836465006230e-02 -1.149158171467989931e-01 -5.596745976777397352e-02 3.296519216078034331e-01 4.620373269062280630e-01 3.075680462041514018e-01 -2.640981948261394985e-02 -1.051151618637147095e-01 -2.735528371263169431e-02 8.688760722983107643e-02
9.297146612911449948e-02 8.363351772511608273e-03 -1.155372650414065727e-01 1.619718227880865419e-02 3.075680462041514018e-01 5.213272907401190759e-01 3.320717458941299105e-01 3.054205636303164439e-02 -1.180122076221006427e-01 -1.467607601648437954e-02
-5.569879203672536971e-02 9.013683008151521237e-02 5.948497900807975941e-02 -1.332900362421822471e-01 -2.640981948261394985e-02 3.320717458941299105e-01 5.312793165340732315e-01 2.912033058784703199e-01 4.939792080148222575e-02 -1.050858213535449115e-01
-1.137783321155148852e-01 -1.019281845150322822e-02 9.323595201196599458e-02 -2.669345421733699403e-02 -1.051151618637147095e-01 3.054205636303164439e-02 2.912033058784703199e-01 3.329862909094245538e-01 3.098660576398509781e-01 3.865645624502347943e-02
-9.261286630473156839e-03 -1.172658898780107317e-01 2.207017342531777601e-03 9.183851246999366613e-02 -2.735528371263169431e-02 -1.180122076221006427e-01 4.939792080148222575e-02 3.098660576398509781e-01 5.823236114804064556e-01 3.181764201712325435e-01
3.144366298109113056e-01 2.130201213008469166e-02 -1.183477197255870528e-01 2.271648040245086153e-02 8.688760722983107643e-02 -1.467607601648437954e-02 -1.050858213535449115e-01 3.865645624502347943e-02 3.181764201712325435e-01 4.098180839952468846e-01
3.206794738470172268e-01 3.105831125292685124e-01 4.581647753453467475e-03 -1.223588037620904345e-01 4.756925733163151759e-02 6.899823553083170302e-02 -1.723091044114447024e-02 -9.703646490709197381e-02 4.637084349837107718e-03 2.909996715760427843e-01
3.105831125292685124e-01 6.453047275241969860e-01 2.989609550817464156e-01 -2.594003866154009907e-02 -8.944407023659563249e-02 4.686731746869442217e-02 9.939138699756364104e-02 -1.434662082686027733e-02 -1.253617944381177352e-01 2.691142433388089839e-02
4.581647753453467475e-03 2.989609550817464156e-01 4.174396920395052613e-01 3.354039313945582634e-01 -4.849409066043242761e-02 -1.098183914864038629e-01 -1.672048368033109828e-02 8.243478943511431400e-02 3.503013973495022748e-02 -1.101319740562909377e-01
-1.223588037620904345e-01 -2.594003866154009907e-02 3.354039313945582634e-01 5.837114000491756549e-01 2.690832497070642648e-01 -6.742221013317512002e-02 -1.248109531726871585e-01 2.586335817347060542e-02 1.117889786784178052e-01 -4.595443656439126418e-02
4.756925733163151759e-02 -8.944407023659563249e-02 -4.849409066043242761e-02 2.690832497070642648e-01 6.563412624391671280e-01 3.230019048997253561e-01 4.814125475963448170e-02 -1.138268171057588291e-01 -6.989045065051548156e-02 1.020595809166248147e-01
6.899823553083170302e-02 4.686731746869442217e-02 -1.098183914864038629e-01 -6.742221013317512002e-02 3.230019048997253561e-01 3.502907040218420365e-01 2.865406871496827268e-01 6.310838150744702002e-02 -8.939859402140659661e-02 -1.299249249512452950e-02
-1.723091044114447024e-02 9.939138699756364104e-02 -1.672048368033109828e-02 -1.248109531726871585e-01 4.814125475963448170e-02 2.865406871496827268e-01 4.783900041493920896e-01 3.332159483926772081e-01 4.516338527746970727e-02 -1.360482233554753118e-01
-9.703646490709197381e-02 -1.434662082686027733e-02 8.243478943511431400e-02 2.586335817347060542e-02 -1.138268171057588291e-01 6.310838150744702002e-02 3.332159483926772081e-01 4.407026114146700979e-01 3.056081728736137482e-01 -3.512523600896495790e-02
4.637084349837107718e-03 -1.253617944381177352e-01 3.503013973495022748e-02 1.117889786784178052e-01 -6.989045065051548156e-02 -8.939859402140659661e-02 4.516338527746970727e-02 3.056081728736137482e-01 5.148125504330409719e-01 3.236587255021625698e-01
2.909996715760427843e-01 2.691142433388089839e-02 -1.101319740562909377e-01 -4.595443656439126418e-02 1.020595809166248147e-01 -1.299249249512452950e-02 -1.360482233554753118e-01 -3.512523600896495790e-02 3.236587255021625698e-01 5.923275740819942126e-01
5.613402123202237970e-01 3.072118883580505222e-01 6.500383049270601343e-02 -1.372927052829586436e-01 1.490257545609872947e-02 1.079417563892266230e-01 2.606770363589398093e-02 -1.109778523995799127e-01 4.728050344550802954e-03 3.111993494355642653e-01
3.072118883580505222e-01 3.504770181644256688e-01 3.072823757729861160e-01 -3.400328234221922097e-02 -8.805645230985895133e-02 7.344135458068785927e-02 8.824884520598084980e-02 -2.019757726475086487e-02 -9.989444970926095180e-02 -2.878055297147013442e-02
6.500383049270601343e-02 3.072823757729861160e-01 5.809325439924919454e-01 3.102944817250589682e-01 -9.656551182729054827e-02 -8.327025294869899730e-02 2.416728299258931456e-02 7.653146117651977998e-02 -4.562724122812676641e-02 -1.315282402087525893e-01
-1.372927052829586436e-01 -3.400328234221922097e-02 3.102944817250589682e-01 6.011337552279444330e-01 2.843063355328535047e-01 -8.538569610731375215e-02 -1.213897186501170511e-01 3.883344462132472426e-03 9.794374105135413011e-02 6.624473700870373016e-02
1.490257545609872947e-02 -8.805645230985895133e-02 -9.656551182729054827e-02 2.843063355328535047e-01 6.250093394395899171e-01 3.339818451597070248e-01 6.039649836429675234e-02 -1.016346978069773838e-01 -2.261484379509365317e-02 6.555812945859178231e-02
1.079417563892266230e-01 7.344135458068785927e-02 -8.327025294869899730e-02 -8.538569610731375215e-02 3.339818451597070248e-01 4.226949614646441922e-01 2.652660744529650172e-01 5.852544283898442057e-02 -9.987449945186298306e-02 -1.027050606004448197e-01
2.606770363589398093e-02 8.824884520598084980e-02 2.416728299258931456e-02 -1.213897186501170511e-01 6.039649836429675234e-02 2.652660744529650172e-01 3.203126951214209650e-01 3.164836055538566839e-01 2.100520772433739705e-02 -1.190269768615208612e-01
-1.109778523995799127e-01 -2.019757726475086487e-02 7.653146117651977998e-02 3.883344462132472426e-03 -1.016346978069773838e-01 5.852544283898442057e-02 3.164836055538566839e-01 6.543329043681005430e-01 2.956042868717699834e-01 3.493531927303953483e-02
4.728050344550802954e-03 -9.989444970926095180e-02 -4.562724122812676641e-02 9.794374105135413011e-02 -2.261484379509365317e-02 -9.987449945186298306e-02 2.100520772433739705e-02 2.956042868717699834e-01 3.055003120888094004e-01 2.958351988213088202e-01
3.111993494355642653e-01 -2.878055297147013442e-02 -1.315282402087525893e-01 6.624473700870373016e-02 6.555812945859178231e-02 -1.027050606004448197e-01 -1.190269768615208612e-01 3.493531927303953483e-02 2.958351988213088202e-01 5.782662578123578534e-01
5.763632834239413860e-01 3.167332894484646277e-01 -4.190700214504914506e-02 -1.180584426454897584e-01 1.078130508092590978e-02 9.393480561012544638e-02 -8.111004770439442929e-03 -1.171598496598046241e-01 -2.485952766397161312e-02 3.129370206340224003e-01
3.167332894484646277e-01 4.845663070639748549e-01 3.218818240847854395e-01 1.760677915117323314e-02 -1.195234588878663490e-01 5.083228039123206810e-04 9.624540424105500203e-02 -1.684450065593120875e-03 -1.198434642990261201e-01 -1.478552399831917566e-02
-4.190700214504914506e-02 3.218818240847854395e-01 5.451697487957780641e-01 3.145972620982482870e-01 -1.662483363917853724e-03 -1.170894006789772179e-01 7.301296070410688219e-05 9.415894870547206197e-02 2.804353937903059091e-02 -1.146060323892417465e-01
-1.180584426454897584e-01 1.760677915117323314e-02 3.145972620982482870e-01 4.240544908356154163e-01 3.170783927269493763e-01 1.003775684938917542e-02 -1.194301004087411078e-01 -7.055043886890013244e-03 9.471987976029390410e-02 1.222662376694268541e-02
1.078130508092590978e-02 -1.195234588878663490e-01 -1.662483363917853724e-03 3.170783927269493763e-01 5.640980061819085289e-01 3.166312080540967244e-01 -2.698696017636869476e-02 -1.183023907189484913e-01 -8.329193295132601010e-03 9.414341298998218921e-02
9.393480561012544638e-02 5.083228039123206810e-04 -1.170894006789772179e-01 1.003775684938917542e-02 3.166312080540967244e-01 4.653891369048089866e-01 3.219013343476228028e-01 2.784099591297820031e-02 -1.166034089403032575e-01 -2.640618734088821112e-02
-8.111004770439442929e-03 9.624540424105500203e-02 7.301296070410688219e-05 -1.194301004087411078e-01 -2.698696017636869476e-02 3.219013343476228028e-01 5.360769276686235818e-01 3.154320690342331535e-01 1.609844231361167582e-02 -1.171873130106633049e-01
-1.171598496598046241e-01 -1.684450065593120875e-03 9.415894870547206197e-02 -7.055043886890013244e-03 -1.183023907189484913e-01 2.784099591297820031e-02 3.154320690342331535e-01 4.179018467353053934e-01 3.131406006268148134e-01 3.840117371222693393e-02
-2.485952766397161312e-02 -1.198434642990261201e-01 2.804353937903059091e-02 9.471987976029390410e-02 -8.329193295132601010e-03 -1.166034089403032575e-01 1.609844231361167582e-02 3.131406006268148134e-01 5.159722246773534859e-01 3.250748715962774593e-01
3.129370206340224003e-01 -1.478552399831917566e-02 -1.146060323892417465e-01 1.222662376694268541e-02 9.414341298998218921e-02 -2.640618734088821112e-02 -1.171873130106633049e-01 3.840117371222693393e-02 3.250748715962774593e-01 4.704080277126931331e-01
4.425845083779039735e-01 2.972451918393173576e-01 -3.750385361986824373e-02 -1.259498799111427869e-01 1.208077139101298991e-02 1.022227217075296485e-01 -1.472215465392395436e-02 -1.299425308951415725e-01 -6.270795152617622548e-03 3.261604657269722707e-01
2.972451918393173576e-01 7.130455702194149481e-01 2.842708114595793312e-01 5.399160916339609297e-03 -9.538322017238951012e-02 5.786451264673484265e-03 7.445795310702241210e-02 2.031580063155520588e-02 -8.711899125812869182e-02 -9.352701831347751127e-02
-3.750385361986824373e-02 2.842708114595793312e-01 3.419889230247865619e-01 3.076885146594561804e-01 6.469336095016042787e-02 -1.287574989938468639e-01 -4.701421080149326831e-02 9.481465169716229990e-02 6.051650304778585787e-02 -8.439412329304116223e-02
-1.259498799111427869e-01 5.399160916339609297e-03 3.076885146594561804e-01 5.048824766730833913e-01 3.232005394291271316e-01 -5.500019819285487804e-02 -1.201996705697456480e-01 2.404216663301535911e-02 9.648225380903796555e-02 2.183619496290552936e-02
1.208077139101298991e-02 -9.538322017238951012e-02 6.469336095016042787e-02 3.232005394291271316e-01 5.220363256787580175e-01 3.208226529059032828e-01 2.363474696144339526e-02 -1.182602223296989746e-01 -4.676643444109880587e-02 7.135498217975688728e-02
1.022227217075296485e-01 5.786451264673484265e-03 -1.287574989938468639e-01 -5.500019819285487804e-02 3.208226529059032828e-01 5.274233455576975427e-01 3.107561592400557848e-01 3.108921136242513532e-03 -1.074418470587139435e-01 -3.091127406365271751e-02
-1.472215465392395436e-02 7.445795310702241210e-02 -4.701421080149326831e-02 -1.201996705697456480e-01 2.363474696144339526e-02 3.107561592400557848e-01 4.239200176254154795e-01 3.214789398069721194e-01 7.680619683893022409e-02 -9.489828121298948815e-02
-1.299425308951415725e-01 2.031580063155520588e-02 9.481465169716229990e-02 2.404216663301535911e-02 -1.182602223296989746e-01 3.108921136242513532e-03 3.214789398069721194e-01 5.224119711762225116e-01 3.130135727097860254e-01 1.206807912051124573e-02
-6.270795152617622548e-03 -8.711899125812869182e-02 6.051650304778585787e-02 9.648225380903796555e-02 -4.676643444109880587e-02 -1.074418470587139435e-01 7.680619683893022409e-02 3.130135727097860254e-01 3.460543883425828415e-01 2.876633405707594848e-01
3.261604657269722707e-01 -9.352701831347751127e-02 -8.439412329304116223e-02 2.183619496290552936e-02 7.135498217975688728e-02 -3.091127406365271751e-02 -9.489828121298948815e-02 1.206807912051124573e-02 2.876633405707594848e-01 6.556524733241368974e-01
4.755576773645786015e-01 3.199779877818561546e-01 -3.115123722732568434e-02 -1.071499026913340508e-01 -3.148710826933251439e-02 1.068953845006296310e-01 -6.344712058847960974e-03 -1.295259276328616371e-01 -2.353847141657210151e-02 3.121287897576844328e-01
3.199779877818561546e-01 5.042388605343337549e-01 3.160904891299287645e-01 1.099365933355823943e-02 -1.173724710814250394e-01 6.007965227800173696e-02 7.913495396019082362e-02 -5.154172938561618622e-02 -1.188987938044937243e-01 -6.601978306760134321e-03
-3.115123722732568434e-02 3.160904891299287645e-01 5.915726428233000211e-01 2.965927381278690711e-01 3.596192453319195514e-02 -1.314525625467609649e-01 -4.229183968802060350e-03 1.123821932582557137e-01 4.414773879155030334e-02 -1.128442014110779823e-01
-1.071499026913340508e-01 1.099365933355823943e-02 2.965927381278690711e-01 3.065004947950575875e-01 2.995232093045901989e-01 -3.980752748992454071e-02 -9.719838461950752739e-02 2.835124231069557563e-02 8.237052986252166309e-02 4.402798494643192159e-03
-3.148710826933251439e-02 -1.173724710814250394e-01 3.596192453319195514e-02 2.995232093045901989e-01 6.729374823004601325e-01 2.870717437352079959e-01 -7.070318101265755939e-02 -1.137422283741718332e-01 7.534070832660970905e-03 9.330194344640875548e-02
1.068953845006296310e-01 6.007965227800173696e-02 -1.314525625467609649e-01 -3.980752748992454071e-02 2.870717437352079959e-01 5.371551894254040782e-01 3.295608524387144689e-01 2.227550469752000162e-02 -1.121622877290042036e-01 -5.652925341833052453e-02
-6.344712058847960974e-03 7.913495396019082362e-02 -4.229183968802060350e-03 -9.719838461950752739e-02 -7.070318101265755939e-02 3.295608524387144689e-01 4.790303555744773178e-01 3.159616987328658366e-01 5.707866466251767384e-02 -1.011395248203986741e-01
-1.295259276328616371e-01 -5.154172938561618622e-02 1.123821932582557137e-01 2.835124231069557563e-02 -1.137422283741718332e-01 2.227550469752000162e-02 3.159616987328658366e-01 4.553705365682803041e-01 3.024680459323978443e-01 5.557366145874462204e-02
-2.353847141657210151e-02 -1.188987938044937243e-01 4.414773879155030334e-02 8.237052986252166309e-02 7.534070832660970905e-03 -1.121622877290042036e-01 5.707866466251767384e-02 3.024680459323978443e-01 3.808763044554149269e-01 3.142691707595866024e-01
3.121287897576844328e-01 -6.601978306760134321e-03 -1.128442014110779823e-01 4.402798494643192159e-03 9.330194344640875548e-02 -5.652925341833052453e-02 -1.011395248203986741e-01 5.557366145874462204e-02 3.142691707595866024e-01 5.967604561587036560e-01
4.931398108339689612e-01 3.049350483292544434e-01 -1.225697527623686306e-02 -1.075188217354412917e-01 -2.082278392787855273e-02 7.830686922125286442e-02 3.545134591701028237e-02 -8.902967173724979366e-02 -9.602966608411975247e-02 3.367447363950772932e-01
3.049350483292544434e-01 5.203034888485396081e-01 3.303122911299415376e-01 1.419810928860554093e-03 -1.298138025948845642e-01 -3.298697027984293095e-02 9.916203340287380041e-02 5.917011479755886205e-02 -9.181410599273885642e-02 -2.110624590961374114e-02
-1.225697527623686306e-02 3.303122911299415376e-01 5.127822673471067461e-01 3.063676424237372631e-01 4.546224092649930881e-02 -9.672286603880919653e-02 -4.624903503604041455e-02 6.098474890212769034e-02 7.039442308027235584e-02 -1.314965668854821690e-01
-1.075188217354412917e-01 1.419810928860554093e-03 3.063676424237372631e-01 4.323042425010041878e-01 3.234239644424808935e-01 5.820879686179245005e-02 -1.217066260646637310e-01 -6.695368727789477448e-02 7.597011781466467273e-02 9.615460917697238666e-03
-2.082278392787855273e-02 -1.298138025948845642e-01 4.546224092649930881e-02 3.234239644424808935e-01 4.573786095947663388e-01 3.054837949945062858e-01 2.585493076457189010e-02 -9.896937527828805758e-02 -3.975201650552490085e-02 1.076496872769121677e-01
7.830686922125286442e-02 -3.298697027984293095e-02 -9.672286603880919653e-02 5.820879686179245005e-02 3.054837949945062858e-01 4.549878695619500868e-01 3.312165235306717692e-01 6.807843918445091735e-02 -1.136541196235683060e-01 2.622000419022075396e-02
3.545134591701028237e-02 9.916203340287380041e-02 -4.624903503604041455e-02 -1.217066260646637310e-01 2.585493076457189010e-02 3.312165235306717692e-01 4.847052601517036763e-01 2.988171672445256166e-01 1.813227346022006775e-02 -1.200221712104357075e-01
-8.902967173724979366e-02 5.917011479755886205e-02 6.098474890212769034e-02 -6.695368727789477448e-02 -9.896937527828805758e-02 6.807843918445091735e-02 2.988171672445256166e-01 3.698798905322457364e-01 3.143170597628401897e-01 -7.296024503327383504e-02
-9.602966608411975247e-02 -9.181410599273885642e-02 7.039442308027235584e-02 7.597011781466467273e-02 -3.975201650552490085e-02 -1.136541196235683060e-01 1.813227346022006775e-02 3.143170597628401897e-01 6.797879126794504900e-01 2.657593045834672485e-01
3.367447363950772932e-01 -2.110624590961374114e-02 -1.314965668854821690e-01 9.615460917697238666e-03 1.076496872769121677e-01 2.622000419022075396e-02 -1.200221712104357075e-01 -7.296024503327383504e-02 2.657593045834672485e-01 5.947306479492608933e-01
4.269776496451852532e-01 3.145335191407260256e-01 9.997086974459952480e-03 -1.139560024709061481e-01 -5.307098740973662659e-02 8.961648894271789789e-02 7.871932871790335989e-03 -1.176232500706854422e-01 -6.243153939305826246e-03 3.178658608710679401e-01
3.145335191407260256e-01 5.684948057809078303e-01 3.203004493895772464e-01 5.044702680916739179e-02 -9.835046929927268589e-02 -4.245684882092431306e-02 9.526232730659464631e-02 6.938757516272917904e-03 -1.176991616001178548e-01 6.051687836088668823e-03
9.997086974459952480e-03 3.203004493895772464e-01 4.014961881757400652e-01 2.950697968691177175e-01 9.317268424565178231e-02 -1.064802537437133517e-01 -1.891299244787281869e-02 9.367731464514868212e-02 1.595513840147972859e-02 -1.211901038183730711e-01
-1.139560024709061481e-01 5.044702680916739179e-02 2.950697968691177175e-01 4.034571685170215138e-01 3.180789856933813331e-01 1.485599923895699649e-02 -1.255351892347206233e-01 3.119562052043849815e-02 1.016783271873816508e-01 -5.340232886700762432e-02
-5.307098740973662659e-02 -9.835046929927268589e-02 9.317268424565178231e-02 3.180789856933813331e-01 4.712611214235833401e-01 3.155142654098996857e-01 -6.518259449194870048e-02 -9.872879562462602565e-02 4.410700709422772647e-02 6.811590929835718844e-02
8.961648894271789789e-02 -4.245684882092431306e-02 -1.064802537437133517e-01 1.485599923895699649e-02 3.155142654098996857e-01 5.933192223905806584e-01 3.033114779223560209e-01 -6.393188322673645785e-02 -1.166733150826559234e-01 6.400494758506862503e-02
7.871932871790335989e-03 9.526232730659464631e-02 -1.891299244787281869e-02 -1.255351892347206233e-01 -6.518259449194870048e-02 3.033114779223560209e-01 5.760677658367095999e-01 3.190564715132507834e-01 -1.033082425335635733e-02 -1.179162073371680525e-01
-1.176232500706854422e-01 6.938757516272917904e-03 9.367731464514868212e-02 3.119562052043849815e-02 -9.872879562462602565e-02 -6.393188322673645785e-02 3.190564715132507834e-01 4.824793324188977328e-01 3.199623741462668258e-01 -3.194394436067300030e-02
-6.243153939305826246e-03 -1.176991616001178548e-01 1.595513840147972859e-02 1.016783271873816508e-01 4.410700709422772647e-02 -1.166733150826559234e-01 -1.033082425335635733e-02 3.199623741462668258e-01 5.350606779423121573e-01 3.146196845044168522e-01
3.178658608710679401e-01 6.051687836088668823e-03 -1.211901038183730711e-01 -5.340232886700762432e-02 6.811590929835718844e-02 6.400494758506862503e-02 -1.179162073371680525e-01 -3.194394436067300030e-02 3.146196845044168522e-01 5.413860678690598505e-01
5.155008603994125638e-01 3.259143831671126312e-01 -1.304979974051577191e-03 -1.289374029690770751e-01 3.295084316910793648e-02 8.682486234779586420e-02 -1.694955862175556716e-02 -1.131182174307173577e-01 -3.973752300653671243e-02 3.103343149415992985e-01
3.259143831671126312e-01 5.200788966937097690e-01 3.090995771262753378e-01 3.460896715137463941e-02 -1.159997125876276181e-01 2.015950729015363735e-02 9.952574490947188601e-02 2.642238952608987231e-03 -1.221706865217106058e-01 -2.366923671113895650e-02
-1.304979974051577191e-03 3.090995771262753378e-01 4.338308554039126963e-01 3.281956639261469633e-01 -4.171190211862001174e-02 -1.098770012183750144e-01 1.299754470145231960e-02 8.926481973677671822e-02 3.043356661513274206e-02 -1.122092097021751278e-01
-1.289374029690770751e-01 3.460896715137463941e-02 3.281956639261469633e-01 5.343192552302280518e-01 2.937632765251042000e-01 -5.887449153956503950e-02 -1.181738071140324281e-01 1.919991845910940659e-02 1.075340719298531200e-01 -1.440443587887274036e-02
3.295084316910793648e-02 -1.159997125876276181e-01 -4.171190211862001174e-02 2.937632765251042000e-01 6.363984703422894684e-01 3.135875075400548773e-01 -3.698530934831091663e-03 -1.161097084814245450e-01 -5.212197705635696066e-02 9.084461252172663925e-02
8.682486234779586420e-02 2.015950729015363735e-02 -1.098770012183750144e-01 -5.887449153956503950e-02 3.135875075400548773e-01 4.237584575801928155e-01 3.179945804635938011e-01 6.190475193025511691e-02 -9.809012785737919460e-02 -3.546769813959801954e-02
-1.694955862175556716e-02 9.952574490947188601e-02 1.299754470145231960e-02 -1.181738071140324281e-01 -3.698530934831091663e-03 3.179945804635938011e-01 5.025833008059610307e-01 3.152436580851918912e-01 5.780291238146698096e-02 -1.205651406338421189e-01
-1.131182174307173577e-01 2.642238952608987231e-03 8.926481973677671822e-02 1.919991845910940659e-02 -1.161097084814245450e-01 6.190475193025511691e-02 3.152436580851918912e-01 3.806860422777991193e-01 3.022331696888123087e-01 1.902884085812685255e-02
-3.973752300653671243e-02 -1.221706865217106058e-01 3.043356661513274206e-02 1.075340719298531200e-01 -5.212197705635696066e-02 -9.809012785737919460e-02 5.780291238146698096e-02 3.022331696888123087e-01 5.067252705012036396e-01 3.265414659781504803e-01
3.103343149415992985e-01 -2.366923671113895650e-02 -1.122092097021751278e-01 -1.440443587887274036e-02 9.084461252172663925e-02 -3.546769813959801954e-02 -1.205651406338421189e-01 1.902884085812685255e-02 3.265414659781504803e-01 5.461185907652923444e-01
5.926851757182441949e-01 3.354644631080136441e-01 -4.590712030253841364e-02 -1.145561356609323400e-01 3.413058198000017140e-02 8.758585367058605020e-02 -4.614913776673013057e-02 -1.210940415691755534e-01 6.323136110452740044e-02 2.783934632074339666e-01
3.354644631080136441e-01 4.366828575962671266e-01 3.071696844250265124e-01 -2.115483995578517490e-02 -1.098173926810620954e-01 1.957412863026686267e-02 8.138532928221285656e-02 3.329163109695250714e-03 -1.010037416283901257e-01 5.277222420435241645e-02
-4.590712030253841364e-02 3.071696844250265124e-01 6.125797905643236563e-01 3.077448275693075441e-01 -4.400733933145980353e-02 -1.100094738552079843e-01 4.563847659409919072e-02 1.026089112573040918e-01 -5.422229596922764627e-02 -1.022066489800158434e-01
-1.145561356609323400e-01 -2.115483995578517490e-02 3.077448275693075441e-01 4.940603694810448698e-01 3.260273406702054455e-01 1.346517999409933049e-03 -1.247073515466133736e-01 -4.245767618424710343e-02 1.031478174368177098e-01 7.675212290760596856e-03
3.413058198000017140e-02 -1.098173926810620954e-01 -4.400733933145980353e-02 3.260273406702054455e-01 5.064962356998866655e-01 3.107885675625705613e-01 -2.826619266846780790e-02 -1.235750943904872640e-01 4.806143738852385050e-02 8.040167259525618504e-02
8.758585367058605020e-02 1.957412863026686267e-02 -1.100094738552079843e-01 1.346517999409933049e-03 3.107885675625705613e-01 5.488130199927678810e-01 3.232306408110255935e-01 4.959661584137423779e-02 -1.283759348226609642e-01 -1.895808810006881923e-02
-4.614913776673013057e-02 8.138532928221285656e-02 4.563847659409919072e-02 -1.247073515466133736e-01 -2.826619266846780790e-02 3.232306408110255935e-01 4.338574056653485833e-01 3.112497790876948001e-01 -3.733965752082357703e-02 -9.429037639339592214e-02
-1.210940415691755534e-01 3.329163109695250714e-03 1.026089112573040918e-01 -4.245767618424710343e-02 -1.235750943904872640e-01 4.959661584137423779e-02 3.112497790876948001e-01 4.918897749734113534e-01 3.178579273194832577e-01 1.091897271508503187e-02
6.323136110452740044e-02 -1.010037416283901257e-01 -5.422229596922764627e-02 1.031478174368177098e-01 4.806143738852385050e-02 -1.283759348226609642e-01 -3.733965752082357703e-02 3.178579273194832577e-01 6.332952552268917845e-01 2.778768111475955482e-01
2.783934632074339666e-01 5.277222420435241645e-02 -1.022066489800158434e-01 7.675212290760596856e-03 8.040167259525618504e-02 -1.895808810006881923e-02 -9.429037639339592214e-02 1.091897271508503187e-02 2.778768111475955482e-01 2.496401150818245984e-01
5.466634669228196408e-01 3.043956998961205862e-01 -4.946964332757186611e-02 -1.356051582730090077e-01 6.169236674179407603e-02 1.011465217479342038e-01 -3.138034219852852552e-02 -1.238434373662583299e-01 -4.560706449401666362e-02 3.076961813520548428e-01
3.043956998961205862e-01 6.417714189912682166e-01 3.035128566452854337e-01 2.275670628204400081e-02 -1.136395716800457228e-01 -1.389343241765046699e-02 8.719807131141013579e-02 1.900958603888549397e-02 -9.451281906601159688e-02 -9.460070468604095395e-02
-4.946964332757186611e-02 3.035128566452854337e-01 3.703638663443105106e-01 3.146757307721729235e-01 -6.210178728733171255e-03 -1.139953540880680322e-01 -1.391609855111176561e-02 9.095039711776489733e-02 6.992057018180253269e-02 -8.578906197065647166e-02
-1.356051582730090077e-01 2.275670628204400081e-02 3.146757307721729235e-01 5.571096183677715086e-01 3.088847382010861398e-01 -2.382430502327846644e-02 -1.175674352008951873e-01 1.526565968941545268e-02 1.037131751025478915e-01 2.895059590872996885e-02
6.169236674179407603e-02 -1.136395716800457228e-01 -6.210178728733171255e-03 3.088847382010861398e-01 5.500079080322375358e-01 3.188177746838685711e-01 2.077912638960473929e-02 -1.198724632828005177e-01 -8.901699174946055282e-02 6.362288489974471384e-02
1.011465217479342038e-01 -1.389343241765046699e-02 -1.139953540880680322e-01 -2.382430502327846644e-02 3.188177746838685711e-01 4.152212492873964544e-01 3.127679189194453313e-01 3.047652958252704269e-02 -1.014336603665269843e-01 -3.800502122214495515e-02
-3.138034219852852552e-02 8.719807131141013579e-02 -1.391609855111176561e-02 -1.175674352008951873e-01 2.077912638960473929e-02 3.127679189194453313e-01 5.497996134452818318e-01 3.202012963342256713e-01 8.998051373679619158e-02 -9.681493159033452423e-02
