5.303465044107005810e-02 8.811553417458424520e-02 1.444092481531612238e-01 1.086586814195789896e-01 1.727548557161451559e-01 1.636482910345596065e-01 1.209915407656814157e-01 7.331987171448323126e-02 4.310203868596416965e-02 3.196528789477213334e-02
3.503591920919911507e-02 7.063549937845511884e-03 1.679060142709978831e-02 2.487206532674564319e-02 3.669348517849956304e-01 8.071742055856911957e-02 9.092495059164833540e-03 1.036092329129660594e-02 1.628741752709350343e-01 2.862579981341485946e-01
1.395380708589897406e-02 2.064733683283523358e-02 5.678360790427132432e-02 3.684421886573100574e-02 1.339161071180484386e-01 1.081233167318316479e-01 1.076488664024138203e-01 8.458135864388829916e-02 4.038199557990098110e-01 3.368142461607145227e-02
3.301829988110049907e-01 1.043498365763622232e-01 1.665420115077445237e-02 8.284319833571478220e-02 1.956293581350645461e-01 1.098110342985419985e-01 4.730439658597263702e-02 3.832028628787148561e-02 6.428056107395437729e-03 6.847663371129726617e-02
1.066849073472797144e-01 2.016292321929238629e-01 4.457314504150169943e-02 3.791533763086867015e-02 1.321057491035492470e-01 1.156401266657520466e-01 1.703399438757222800e-02 1.082863439105108405e-01 1.831434466362705238e-01 5.298771708377104928e-02
1.441713088498690620e-01 4.141408940978209829e-02 6.922690306529065592e-03 8.301025017584048871e-03 4.753604248310295752e-03 1.502526201692476644e-02 4.138303133992723287e-02 1.379309775906605307e-01 3.709660482475851118e-01 2.291319629728278406e-01
1.669443261747209986e-02 1.779779155311930761e-02 1.762799579463847355e-02 5.599157920372176828e-02 6.498299668070893487e-02 1.840756082891004675e-01 1.238747354862981265e-01 2.618392967018056128e-01 1.742611855462918580e-01 8.285437812684347259e-02
1.215306132987474808e-01 3.985196234650046909e-01 1.377602496377799135e-01 1.794301989113211357e-02 1.634897572427568974e-02 6.335763879569814017e-02 1.377249299036746866e-01 4.803729195535116209e-02 3.464181554239386535e-02 2.413584178594219143e-02
2.419421393849373048e-01 2.651619172452166495e-01 1.956488043574626245e-01 1.766219562599180559e-01 3.372397239036042937e-02 1.796800107893127552e-02 1.175988213832785713e-02 2.171204997877895435e-02 1.550073948143765139e-02 1.996053768462938832e-02
1.416619618560032157e-01 4.207166446843103869e-02 4.376138421461137767e-02 3.843048996110095539e-01 6.929803451764969535e-02 6.275460099093204194e-03 2.062426890343085906e-02 3.786392233117678863e-02 6.225944766844328238e-02 1.918789563301510070e-01
4.814387352786037022e-02 3.718931242477164223e-01 5.433992994299498280e-02 6.319387578188654167e-03 8.840155638096697591e-03 5.147239226700774106e-02 1.695699775401792730e-01 1.079148219876180786e-01 1.196061019875267473e-01 6.190023528281111964e-02
2.378197857930515122e-02 2.028899768360661535e-02 5.229241470614623410e-02 4.463578118156410340e-02 4.403565924885860516e-02 1.937721384657680179e-01 1.369183280659554136e-01 7.036722507678169758e-02 3.244613757395589659e-01 8.944610125245530674e-02
5.578511936283679640e-02 3.778718322494024895e-02 2.529387207093880541e-02 1.935257958441357617e-01 1.457624083771978662e-01 7.266111502793529131e-02 7.026803773916415197e-02 2.582068610418477017e-01 7.974704615988167933e-02 6.096256115112186347e-02
2.778541409454783617e-02 2.515916407711952379e-02 9.270300673344550324e-02 2.089353944855250611e-01 1.654621537536646314e-01 9.242111291233860715e-02 9.727943948397005380e-02 1.257041615276268676e-01 1.092224494851237043e-01 5.532770344663853757e-02
1.057555459290948456e-02 3.247142199853970783e-03 3.073727921991644546e-02 4.250420774689863679e-01 3.897244027958557400e-02 3.494258547202524698e-03 3.127687126695132339e-03 3.754719616437825203e-02 3.169107745981486479e-01 1.303455898023235249e-01
2.332578960599831358e-02 6.510349797588849130e-02 1.709923284396429877e-01 6.192823052581088172e-02 1.562345735359663701e-01 2.120632409718885558e-01 1.408408913579383692e-01 1.366768387755471492e-01 2.268220399605171828e-02 1.015240481526722208e-02
4.076279443721710083e-02 9.958737698716078890e-02 1.580566368363418572e-01 1.494785024758957803e-01 2.392496515378966793e-01 9.271729926392419108e-02 5.467971091405233325e-02 2.932723796507835656e-02 8.689564960197254662e-02 4.924513998046058799e-02
2.069493756310598065e-01 8.508219209312603559e-02 1.601660703766844343e-02 4.579295490954732317e-03 3.704506037233870619e-02 2.037407622618502001e-01 1.783525650981390431e-01 7.593162017392610097e-02 5.895973034532788620e-02 1.333427914956090143e-01
5.730870116709663523e-03 1.411130189152984965e-03 7.644462470988980978e-04 6.335520706342207681e-03 5.592705953895456966e-02 3.910925433427239195e-01 4.399220591229454497e-02 3.641269118209317091e-02 4.068834997217169458e-01 5.145003304291313057e-02
2.401045966182426689e-03 2.458093173553332466e-04 2.190946044887488297e-03 3.511644061081213575e-02 3.939399739191347116e-01 6.216797891581775370e-02 1.043392380384143212e-02 2.208262520001582491e-02 4.094057865864546564e-01 6.201546963549822017e-02
1.007164691432465772e-02 1.400938814245187083e-02 7.934654933977000613e-02 2.842745563231592332e-01 6.805276600955252608e-02 8.739706430890845090e-02 2.078820025771775659e-01 1.632462676562243808e-01 4.192490593610545546e-02 4.379485279232600559e-02
1.447089581808566616e-01 6.588734908737253759e-02 2.947476995053000537e-01 2.509903233366134190e-01 3.012451150103212516e-02 2.274671279431508819e-02 4.275603863649843350e-02 2.788194223312686487e-02 4.331909798438968173e-02 7.683736674049505833e-02
2.145488082963832033e-01 1.205072064264135906e-01 2.656521823111359509e-02 1.552025986564107424e-02 6.529536315970197770e-03 1.045224202919636108e-02 7.281390799155343374e-02 2.592747138850416411e-01 1.291705661334660027e-01 1.446175408252210193e-01
3.100340017518884300e-02 3.790756345901594715e-01 8.315183186664970583e-02 4.933405975382625444e-03 2.687414972502769062e-02 4.124971756836683795e-02 3.354620586973177110e-01 8.844544202667810329e-02 5.802483630811622328e-03 4.001875744417809737e-03
4.345322800453105261e-03 3.030212234381542830e-03 9.065863315134932432e-03 2.896950971848192072e-02 3.024937290573879167e-01 1.372782540097751969e-01 3.159243405831025503e-02 5.662535863794553037e-02 3.948534818514323752e-01 3.174583431669730088e-02
3.362118815250704496e-02 7.146979545227590859e-03 9.528253305774161616e-03 7.830053915697116063e-02 2.086278356759091179e-01 9.196992543728058078e-02 1.239229155157755558e-01 5.671370981020115720e-02 2.532025125997926507e-01 1.369661408005612147e-01
4.099439268266751556e-03 2.405998539004254762e-03 2.712753878274033054e-02 2.040376225189374781e-01 7.802948720486144185e-02 1.860975579700841487e-01 6.357729094002963210e-02 2.410608672602961300e-01 1.624801917847073229e-01 3.108400573107228393e-02
1.529997727145787113e-02 1.169554206462270068e-01 2.329005040343073429e-01 6.610819248186038111e-02 4.857507832881273468e-02 8.674443032415501270e-03 1.707253280564001788e-02 2.150832908595721182e-01 2.141451504661609495e-01 6.518541007354608507e-02
2.252461162101163650e-01 6.269486705512893054e-02 1.608819006675653307e-02 3.440798965469438024e-03 3.081505699039623503e-03 2.807248862265660644e-02 3.311322384762416804e-01 1.271330775978402050e-01 2.838157700220191038e-02 1.747291403045490021e-01
3.749688711321374351e-02 1.223890677841203839e-01 1.394202538183579865e-01 6.436308870196211229e-02 2.501730499965305610e-01 1.627119202065561432e-01 1.209690244714891894e-01 6.201924794384375966e-02 2.600842421811512539e-02 1.444903574581117914e-02
6.478027634996251678e-03 4.480622170556666783e-02 3.276563222421721155e-01 1.998964042937616259e-01 2.099969424398870910e-01 1.582439817739039745e-01 3.702133071370493356e-02 1.244104753728165688e-02 1.969899532851349631e-03 1.489822125874533474e-03
1.541758900390472788e-02 2.612829913665345311e-02 4.561783683001025685e-02 9.530487331388164118e-02 2.339220418338721630e-01 1.286854658080271996e-01 1.662182740726572405e-01 1.979831323777271612e-01 6.257277862702015359e-02 2.814970899624591461e-02
1.047956393084590980e-02 1.910750462179265294e-02 4.364432242948472207e-01 4.040488483762510324e-02 4.142701808490494540e-03 5.952368804469769861e-03 1.756670006172839776e-02 1.769502824802027530e-01 2.273064259310169366e-01 6.164634322898102092e-02
8.487236452673038722e-02 1.964266700152965672e-01 7.348581785569921476e-02 5.035791647778387059e-02 1.055066968615055306e-01 1.809011612529699831e-02 4.392040320208777382e-02 2.276252324075084266e-01 1.795590708588608309e-01 2.015571166923052493e-02
1.105712221999240602e-01 1.721737315891058440e-01 9.514431186231323001e-02 1.111679889773662944e-01 2.077765315671904478e-01 2.057947009166163355e-01 2.692296043353477331e-02 6.428917023746806743e-03 2.058582894012726122e-02 4.343380649007486105e-02
4.726990453428334127e-02 4.920112663376953466e-02 2.323177743868816425e-02 3.972354505043248357e-02 7.803545633162808914e-02 2.362912396947691729e-01 9.051211430604305663e-02 3.003452348006260472e-02 1.518190538551542346e-01 2.538812586751696965e-01
6.321713488528857630e-03 3.396031809623297620e-02 4.993451195940649956e-02 7.021427864975490762e-02 1.728130379551084117e-01 1.079317958366209085e-01 4.753783318257549795e-02 1.857499109105368029e-01 2.919107231697720128e-01 3.362587675146311295e-02
1.549894002246837987e-01 1.362631392836655686e-01 2.100165399070884620e-01 7.216257175592442896e-02 6.756981198705504232e-02 7.108839300580566990e-03 3.524761554159836895e-03 1.018251185964355945e-02 3.719799345179117256e-02 3.009844306754076992e-01
1.447050478849797039e-01 8.430965631069770039e-02 4.021460591122699713e-02 5.597965939386242984e-02 4.127531617003575570e-02 4.263748935676275192e-02 2.218912817493274431e-02 3.800318597009622046e-02 1.831348536235715974e-01 3.475510572038343349e-01
1.080393764300612361e-02 2.062094700554897506e-02 9.367474608881481979e-02 2.019752089839360054e-01 1.805724757903360289e-01 1.993096763366613774e-02 4.981887939656222397e-02 1.198857578923686329e-01 2.581093568122141968e-01 4.460772275354697725e-02
9.150540124672854048e-03 2.099053024447609245e-02 6.566851470701544347e-02 2.132508407688761543e-01 8.487318869343787875e-02 4.657152765911045517e-02 1.739228972118094796e-01 2.263441918425502519e-01 1.388028507402392364e-01 2.042491800781209843e-02
3.189870451675732577e-01 5.101789141010992790e-02 7.452890215581676851e-03 1.237615645571777702e-02 2.413967712319169123e-02 7.987890572009730128e-02 3.284547624431499169e-01 5.427730138613791333e-02 2.102082300789175073e-02 1.023945470705491523e-01
8.769915026016031345e-02 5.393615874916563718e-02 4.010998248788204268e-02 4.134466014459770022e-02 1.541892345768484107e-01 1.725565427757487502e-01 5.080744363043522560e-02 6.485304850831122292e-02 1.009175686152865292e-01 2.335862102515645078e-01
1.973835280434136363e-01 3.783919966765975779e-02 4.950539014667623694e-02 3.818319446518703836e-02 4.785572844419700572e-02 5.298234198096062747e-02 6.504531164420128408e-02 5.780586947774164763e-02 1.642366368945821775e-01 2.891627992353807408e-01
1.614758504626109814e-01 1.300591419105438795e-01 2.113639438828729400e-02 2.443447713043851027e-02 5.160013455870464394e-02 7.450966457045839209e-02 1.222948509722088795e-01 2.461066662204366151e-01 8.698077239955009921e-02 8.140204738676071194e-02
1.321702913742389338e-02 7.908200189774367006e-02 3.496394435200003703e-01 6.744221300508183858e-02 2.259654808271352108e-02 7.735329688405058468e-02 2.103138210465088365e-01 1.259262311460128125e-01 2.834693141356063595e-02 2.608248386690389942e-02
1.888677463881438534e-02 4.580185658432162077e-02 8.413534088247263953e-02 2.904671582443624223e-01 1.801056209405255681e-01 3.332861465633905618e-01 3.658892980120613536e-02 3.207578959701782445e-03 1.816746441992929829e-03 5.703846943212152742e-03
1.112958566833591872e-02 8.248334857106152940e-03 1.146058528890767959e-02 2.652343129304671199e-02 2.337824512557785395e-01 1.841724574202444342e-01 5.685369363831587614e-02 2.278231088263103499e-01 2.087068589793976137e-01 3.129949277255675982e-02
9.057861802579460220e-02 1.364798816024066219e-01 6.500230442425208865e-02 5.483606582534522600e-02 5.398175263283309933e-02 6.006360700947246251e-02 4.910835563864357489e-02 3.248642213561286907e-02 2.006837304275764788e-01 2.567792622780632472e-01
5.307694375024185618e-02 3.638116795994714159e-02 3.015518459892765207e-02 2.134582736714319973e-01 1.297622400958555744e-01 1.199774917937434793e-01 1.755612188841485233e-01 1.384587368680989805e-01 8.128698019772467864e-02 2.188176217988035965e-02
1.199801599894806947e-01 1.286533202822853772e-01 4.730942119295078463e-02 3.108502780678907076e-02 6.114791689399808744e-02 2.040166195243155733e-01 9.535271049457447190e-02 3.889576340125160125e-02 1.780643889614980102e-01 9.549467145285639447e-02
2.345562881745901981e-02 1.154791677731100419e-01 6.523268353096438321e-02 2.092647152303385716e-01 1.460247178451975492e-01 8.796571161315430709e-02 2.162838054763840945e-01 1.181560430981333232e-01 9.824473399038214164e-03 8.313053216220653296e-03
1.151691973394845803e-01 6.649746599881414810e-02 8.953788503145085342e-03 7.042986635473082353e-03 6.743729339096837805e-02 4.057496817195819783e-01 2.108540111459024716e-02 1.442535578877826921e-02 2.974441853519990339e-02 2.638944109739645993e-01
8.144229209091927157e-03 3.549335924120882065e-03 2.883370305986664162e-02 3.057619682368539760e-01 1.104099250904636564e-01 3.065711136094516689e-02 2.282282779918721333e-02 3.467674294996631740e-02 4.073904045219338688e-01 4.775375184757065655e-02
5.982334882100290296e-02 8.173528927318737813e-02 9.331199052245266190e-02 8.986190147099180903e-02 3.849285207720751223e-01 9.494137399911600772e-02 1.056578984565846591e-01 5.261394090551063663e-02 1.412071444536593633e-02 2.300502133371287034e-02
3.421372362615835577e-02 2.799019083524080242e-01 4.876911005988644743e-02 1.640216110863144602e-02 3.809486400711977611e-02 8.879791651926202678e-02 1.138379652785274643e-01 1.029523211936411442e-01 1.422929802634120833e-01 1.347370495909535615e-01
8.371781001588554649e-02 1.465858793623445733e-01 4.190883344689412537e-02 8.074044824029638634e-02 1.651981617948872771e-01 9.796079355328565774e-02 2.285205065684347281e-01 9.386203779536747560e-02 2.064391471991662563e-02 4.086161450268779166e-02
3.087226058411313145e-01 7.777091786605938584e-02 1.835735814023685755e-02 2.816799180916283295e-03 3.349484858293342877e-03 2.311993844555604999e-02 3.033039581884450220e-01 1.603192343552649612e-01 2.922643064178796074e-02 7.301327248230901623e-02
8.531930328906202343e-02 2.981301124505454925e-01 5.901519926712302244e-02 4.809045483156246248e-02 4.987842045260841226e-03 8.132557685988632545e-03 1.119935640214798564e-02 5.366246996098398420e-02 2.101354119837311185e-01 2.213272920835943902e-01
4.407219469137122619e-02 4.529038029681096977e-02 3.705289365636703636e-01 1.215948968215246617e-01 8.889886149788054845e-03 5.443277209875626438e-02 9.190424320866090457e-02 1.073582847370683074e-01 1.213628624084377716e-01 3.456554302391177946e-02
3.213447844602611292e-02 7.023196721221000582e-02 1.765927712604103972e-01 1.421237919882586964e-01 3.307725762617678700e-01 8.852019473988505249e-02 4.216791214371914953e-02 6.475714340684632364e-02 4.323420475327843793e-02 9.464959787598028682e-03
4.901902246556038255e-03 2.441634481043865150e-03 1.386571900886615291e-02 1.309197764674796816e-01 3.218743513472441808e-01 3.257717089340717020e-02 5.692212695661975908e-02 3.355816033544643529e-01 6.680843900440160132e-02 3.410727623991731405e-02
1.096713403534313458e-02 1.970067057246178630e-02 7.454839158476157801e-02 3.939057377441443908e-01 1.925431412032474476e-02 5.025718587177677339e-03 1.734947650891220661e-02 1.045196020420807725e-01 3.173949930698531929e-01 3.733396173494078069e-02
2.206455443611824718e-01 1.338480029059419818e-01 1.839272623945902574e-01 1.627000051752680587e-01 1.239607571753526122e-01 3.178620222127858524e-02 1.873834615629831751e-02 1.164805367422535980e-02 2.438267375948682814e-02 8.836315217637556729e-02
2.091778263166176877e-01 2.022375382862561244e-01 2.372925450090481725e-01 3.530781853015442506e-02 8.213011467481143302e-03 1.311580128526993773e-02 9.701443194210089549e-03 1.187496121717514230e-02 8.728533986504265207e-02 1.857937148287447937e-01
1.916295867675014142e-01 6.468267884906876708e-02 3.544005102489800052e-02 1.187339674630095709e-01 1.396825863076405216e-01 1.977655571612083607e-01 2.047480381281557502e-02 2.820786179385381676e-02 8.471207398728279603e-02 1.186708328327212153e-01
1.794765577143486168e-01 3.224127178655235015e-01 1.007196304349184945e-01 6.197024696547169531e-02 3.791745535870440914e-02 6.376730422245095731e-02 5.349908008607900251e-02 4.248666131102448590e-02 4.255049949632912221e-02 9.519984654514992983e-02
1.053948877807447775e-02 1.269181747308361502e-02 6.270234560242099464e-02 6.180681849519740340e-02 1.485031972585603710e-01 2.832649477484638356e-01 2.598806363945492248e-01 9.388757940302572269e-02 4.533211258747787964e-02 2.139105625914670614e-02
5.163278364384177310e-02 1.233180636231277424e-02 2.698546226191682329e-02 2.935901131556100108e-01 5.203323331292340759e-02 4.682783070191706698e-02 4.431456541266708127e-02 9.377877934189325637e-02 1.855368173749380456e-01 1.929686084319800765e-01
1.031760090010488407e-01 8.275684336601210611e-02 2.180639824401592319e-01 1.537332913460001671e-01 2.013357692243147173e-02 5.191468714442015395e-03 4.849870056174071520e-03 5.359176402270451542e-03 7.227941402459313325e-02 3.344563677268686530e-01
6.395265530648437668e-02 2.205271100160326181e-02 6.171975633942092948e-02 3.975069154597091203e-02 1.815751927543369226e-01 1.734923033957527783e-01 2.493756348465723249e-01 6.464929031080893229e-02 3.462378182014826111e-02 1.088079826789015436e-01
8.523884464553783957e-02 3.490760187257374580e-01 6.074914401237425932e-02 5.230147334685401883e-02 1.164677064287946151e-01 1.663270710913473116e-01 1.216168168833068747e-01 2.049615203750879827e-02 1.132472916677643854e-02 1.640204366176251441e-02
8.489546282185386761e-02 2.257578838380538966e-01 1.286590459496337324e-01 3.396697815151886735e-01 9.241569322714165979e-02 1.964985458315878300e-02 1.183336934255094230e-02 3.809172412035561478e-03 1.147006262602741182e-02 8.183967368435551837e-02
1.143213165820340105e-01 7.373388396690624957e-02 5.502272134201548204e-02 5.446322543496029400e-02 9.339268756685373263e-02 1.543013357474093405e-01 6.594062930375702014e-02 2.819079171866274436e-01 7.229777454985096552e-02 3.461850831958570435e-02
1.771295383141043844e-01 3.860112758947054079e-02 1.672867854353488754e-02 5.956594898788704351e-02 7.296857544149255859e-02 5.496245984446818111e-02 2.288484632196089996e-01 5.173335500286718736e-02 7.930633536850693888e-02 2.201555176880592435e-01
2.591345725159910351e-02 9.982270045835486827e-02 3.240394173146518564e-01 5.242184544530724410e-02 1.621838554220682294e-01 2.280391048345333238e-01 5.457471092429945492e-02 3.303361592236565142e-02 1.336768070663507668e-02 6.603611720185629565e-03
2.468162868063551382e-02 9.256064150229645349e-02 2.134184637063661905e-01 1.635185671519793771e-01 3.589545880727313953e-01 4.068684030482794950e-02 5.998172386162343994e-02 1.515082777694905583e-02 1.995057442051184626e-02 1.109614452207919114e-02
5.161306468205400372e-02 3.931114337970896544e-02 2.657720864043043585e-02 6.762052217503518314e-02 3.761000071124233068e-01 2.746082010195710979e-02 6.795829318069428193e-02 2.431772785150281280e-01 4.350999129149175221e-02 5.667167092117710026e-02
1.655186444754599695e-01 6.473594846857416707e-02 1.349386292164307943e-01 2.610611893345272105e-01 1.025697784320247774e-01 1.114984090973878197e-02 6.066041295723238747e-03 8.535739802378648419e-03 2.399287009351417504e-02 2.214313179716284052e-01
3.496825614565415158e-02 3.951064021602589404e-01 6.014929309495227472e-02 1.008751830712264867e-02 5.364235525863549070e-03 4.486746434241888765e-02 2.777777336631072069e-01 1.012522556739189339e-01 6.047018085692254519e-02 9.956660229780939925e-03
1.174038016699738892e-03 1.276378523929479116e-03 2.302489473362437367e-03 2.515901840150326640e-02 4.139005528807724321e-01 4.949597055421512543e-02 1.376456276056183536e-01 3.252243068402678738e-01 3.915696118218482680e-02 4.664656521446776047e-03
4.504560629863681998e-01 3.571112136258535602e-02 5.319658184795098693e-02 1.433526560279621553e-01 2.677807201096482070e-01 2.129864522956732842e-02 3.185592280826512329e-03 3.685433211479615615e-03 1.721709346573095396e-03 1.961147759703869842e-02
2.073706510056704672e-02 7.134892940327479394e-02 2.482771310953182098e-01 5.463446067636659742e-02 5.826298878612079513e-02 2.866539405811064506e-02 1.138069900541918873e-02 3.816092654862942440e-02 3.722673678346011816e-01 9.626503749159211198e-02
1.066876810630579681e-01 1.503355409253121985e-02 2.802113904384764473e-02 9.657619610885102845e-02 2.980508312180988328e-01 5.273618028340801983e-02 1.203868193942326040e-02 2.465209798594912571e-02 1.243277619396301326e-01 2.418758763252027988e-01
2.280384780332700700e-01 1.112984355404188913e-01 3.282566418806607267e-01 1.273520683595561753e-01 1.489112749317347481e-02 3.486493927506058299e-02 3.148777842456387810e-02 3.337332754171765115e-02 3.256192676850101081e-02 5.787527668307760470e-02
1.651118132343682432e-01 2.488123697494112885e-01 2.577839445833162157e-01 2.775247175540921860e-02 1.729888890765161891e-02 1.924662606537419496e-02 3.345123179237444871e-02 9.906359718672115566e-02 6.426830132549761487e-02 6.721075539987615699e-02
1.547650794672647545e-01 2.273491541187671883e-01 3.633071137143656371e-02 1.863638806730057162e-02 1.627691543094669513e-01 1.415784594086229031e-01 1.601127536139898278e-01 2.819145062548632230e-02 7.985343411917237080e-03 6.228150560574783473e-02
8.316581281396764891e-02 3.318951967142549919e-02 6.899718527912163113e-02 1.613172620034507565e-01 1.215717293977013336e-01 8.762153228567827468e-02 1.302696485473913701e-01 2.209099000718250383e-01 4.091054043318500394e-02 5.204686949625340897e-02
3.815474963945675313e-01 7.619440217854310526e-02 6.867169466061916194e-02 4.054626030374618439e-01 1.819084613797852107e-02 1.580090706123906882e-03 2.663384600382256908e-04 2.362913949072810264e-03 8.774625697843985161e-03 3.694898877775094903e-02
6.554703848726099735e-02 8.690010291517021035e-02 9.815897888575592090e-02 6.576217177989338025e-02 1.147270146074667874e-01 7.041805316572942453e-02 4.746805639805573573e-02 2.399690568323112894e-01 1.521582871053171471e-01 5.889123982303932220e-02
1.437650292610025832e-02 5.071715814176381773e-03 1.195297643811465971e-02 8.527388772077747203e-02 3.135686803705884929e-01 9.102514482543234975e-02 5.307843824244116299e-02 1.393096480964760298e-01 2.444703503753839491e-01 4.187265519050949875e-02
3.581477526960926729e-03 1.288036812803772593e-02 2.167011858332133084e-02 4.648319477378750481e-02 2.429141902113287621e-01 1.182493381641795682e-01 1.216006353610050439e-01 3.153839836141964503e-01 1.007762281918687941e-01 1.646046544531386616e-02
2.607572448792525727e-02 3.824513237293263312e-01 8.243364381001899721e-02 8.844744333854070995e-03 6.598940364444665389e-04 8.803962309071913491e-04 1.868804328454471472e-03 2.062218502858605140e-02 3.885870284193816415e-01 8.757625559510165414e-02
1.129473092583240489e-02 3.120801430571381804e-02 3.179089156144235817e-01 1.393701804117836729e-01 1.553223361008937951e-02 1.538825465499566152e-03 1.053618757851329350e-02 6.199436773220702579e-02 3.122989150334825603e-01 9.831762932245494135e-02
1.583198661981308486e-01 2.802202992608694987e-01 3.007915534526262730e-02 1.264163269902107423e-01 3.204893672945442473e-01 3.378743296518273848e-02 1.180614058336041175e-02 3.177059917441300320e-03 3.256528820356591105e-03 3.244782262464112471e-02
1.080845431714525309e-02 3.258324568693399259e-02 9.911585894474136960e-02 4.342702861648557733e-02 1.974603530148672792e-01 1.519129483628596788e-01 1.275700031860246830e-01 2.458165451189989192e-01 7.791681915900733335e-02 1.338874359293592067e-02
2.905697241182509868e-02 3.738717677094303693e-01 8.044357473149085780e-02 5.692097621916420574e-02 1.540202126553134321e-01 1.616689471142304935e-01 9.894187125922819515e-02 1.419460155664473665e-02 1.963495567924148505e-02 1.124612066343127006e-02
1.243932756647138094e-01 4.182554494444435528e-02 1.974125152848699508e-02 9.456739934984316476e-02 1.497211657970616838e-01 1.688974617107101284e-01 7.351740196367101410e-02 4.363712921649497145e-02 1.644309852508523406e-01 1.192683845737214088e-01
3.094121753327438648e-03 2.675895795318539855e-02 7.594667177954263215e-02 4.112487064771847001e-01 3.781749560242420038e-01 4.548617339777926566e-02 1.680373794982480823e-02 2.788238504414006919e-02 9.975937993467479115e-03 4.628351627306176788e-03
3.605741098306891601e-02 8.265561758005654514e-02 2.169298592816870652e-01 1.174236799658008035e-01 4.960518518852749525e-02 9.345473328319039985e-02 3.957799158395851336e-02 6.635902934501242134e-02 1.165847858448634256e-01 1.813517069438343732e-01
