5.303465044107005810e-02 6.766068258036950223e-02 8.422851100687753223e-02 6.817480997346651861e-02 7.214888612788880606e-02 6.717859513787957648e-02 6.269667688490383750e-02 5.394319598558931783e-02 4.475344349529288002e-02 4.057216751588239856e-02
6.766068258036950223e-02 8.811553417458424520e-02 1.112203362813121016e-01 8.960125281246454632e-02 9.208415789839616283e-02 8.205607646560604540e-02 7.531597432308595463e-02 6.524799347358004042e-02 5.496172035603696937e-02 5.080368588510161126e-02
8.422851100687753223e-02 1.112203362813121016e-01 1.444092481531612238e-01 1.185199017476954164e-01 1.220638182934334348e-01 1.048473212319902814e-01 9.308437487290134593e-02 7.978413848985559109e-02 6.729560451260313547e-02 6.265503418306674066e-02
6.817480997346651861e-02 8.960125281246454632e-02 1.185199017476954164e-01 1.086586814195789896e-01 1.243092602261888224e-01 1.068298967582340248e-01 8.862303360239998096e-02 7.131832515084968183e-02 5.751673875504002137e-02 5.176847042423723955e-02
7.214888612788880606e-02 9.208415789839616283e-02 1.220638182934334348e-01 1.243092602261888224e-01 1.727548557161451559e-01 1.561470733510584297e-01 1.233867224464779422e-01 9.197919812390197014e-02 6.892651916020023362e-02 5.781809701256082623e-02
6.717859513787957648e-02 8.205607646560604540e-02 1.048473212319902814e-01 1.068298967582340248e-01 1.561470733510584297e-01 1.636482910345596065e-01 1.343580714290787126e-01 9.856080166067233972e-02 7.112619274442508188e-02 5.666415442107786138e-02
6.269667688490383750e-02 7.531597432308595463e-02 9.308437487290134593e-02 8.862303360239998096e-02 1.233867224464779422e-01 1.343580714290787126e-01 1.209915407656814157e-01 9.176257037135188144e-02 6.690730369493853857e-02 5.327611263526949026e-02
5.394319598558931783e-02 6.524799347358004042e-02 7.978413848985559109e-02 7.131832515084968183e-02 9.197919812390197014e-02 9.856080166067233972e-02 9.176257037135188144e-02 7.331987171448323126e-02 5.513446353079178019e-02 4.500683808012156256e-02
4.475344349529288002e-02 5.496172035603696937e-02 6.729560451260313547e-02 5.751673875504002137e-02 6.892651916020023362e-02 7.112619274442508188e-02 6.690730369493853857e-02 5.513446353079178019e-02 4.310203868596416965e-02 3.637519517383101114e-02
4.057216751588239856e-02 5.080368588510161126e-02 6.265503418306674066e-02 5.176847042423723955e-02 5.781809701256082623e-02 5.666415442107786138e-02 5.327611263526949026e-02 4.500683808012156256e-02 3.637519517383101114e-02 3.196528789477213334e-02
3.503591920919911507e-02 1.387508730623139043e-02 1.062138789924854318e-02 6.298075179599522087e-03 1.899294361228130029e-02 1.038187526178551909e-02 7.924997518273954600e-03 1.878886547590237488e-02 7.526325289563864929e-02 9.975357637809725841e-02
1.387508730623139043e-02 7.063549937845511884e-03 8.796736471276760116e-03 8.535923529087271339e-03 3.090123982752086829e-02 1.501589030244544765e-02 6.475099419950705940e-03 8.034900037382088078e-03 2.880359462551449617e-02 3.775758583662235102e-02
1.062138789924854318e-02 8.796736471276760116e-03 1.679060142709978831e-02 1.980616932952800058e-02 7.503918414135091197e-02 3.546253235996189856e-02 1.229391791251621159e-02 7.469577496043280918e-03 1.990209282639815794e-02 2.513201447982163494e-02
6.298075179599522087e-03 8.535923529087271339e-03 1.980616932952800058e-02 2.487206532674564319e-02 9.541221042166198041e-02 4.478121063809731989e-02 1.456407096758917732e-02 5.745801847534177421e-03 9.713720819511481586e-03 1.121117303529723525e-02
1.899294361228130029e-02 3.090123982752086829e-02 7.503918414135091197e-02 9.541221042166198041e-02 3.669348517849956304e-01 1.719940539065943352e-01 5.523566621050263192e-02 1.937645470282870971e-02 2.605100749145285513e-02 2.807318805025880992e-02
1.038187526178551909e-02 1.501589030244544765e-02 3.546253235996189856e-02 4.478121063809731989e-02 1.719940539065943352e-01 8.071742055856911957e-02 2.612759885752547959e-02 9.863857718212817524e-03 1.543825735344537403e-02 1.743626601159800615e-02
7.924997518273954600e-03 6.475099419950705940e-03 1.229391791251621159e-02 1.456407096758917732e-02 5.523566621050263192e-02 2.612759885752547959e-02 9.092495059164833540e-03 5.581813700262739861e-03 1.496189294066929687e-02 1.886934105600915346e-02
1.878886547590237488e-02 8.034900037382088078e-03 7.469577496043280918e-03 5.745801847534177421e-03 1.937645470282870971e-02 9.863857718212817524e-03 5.581813700262739861e-03 1.036092329129660594e-02 4.012669861155149231e-02 5.289270106215776535e-02
7.526325289563864929e-02 2.880359462551449617e-02 1.990209282639815794e-02 9.713720819511481586e-03 2.605100749145285513e-02 1.543825735344537403e-02 1.496189294066929687e-02 4.012669861155149231e-02 1.628741752709350343e-01 2.156481667110089762e-01
9.975357637809725841e-02 3.775758583662235102e-02 2.513201447982163494e-02 1.121117303529723525e-02 2.807318805025880992e-02 1.743626601159800615e-02 1.886934105600915346e-02 5.289270106215776535e-02 2.156481667110089762e-01 2.862579981341485946e-01
1.395380708589897406e-02 1.594354833282928680e-02 2.549128390486361459e-02 2.031745160866246791e-02 3.850103159456447210e-02 3.486132326421473304e-02 3.609916974847922344e-02 3.154902339339964168e-02 5.188516393253563702e-02 1.806002821391831242e-02
1.594354833282928680e-02 2.064733683283523358e-02 3.409833566103401270e-02 2.739670678148693750e-02 5.212647057746958718e-02 4.681447895165463668e-02 4.617698163349116119e-02 3.204807661355760229e-02 3.755150136140296413e-02 1.578808571703724933e-02
2.549128390486361459e-02 3.409833566103401270e-02 5.678360790427132432e-02 4.571841531812859127e-02 8.708278424638733750e-02 7.807887697024028240e-02 7.615534382167411798e-02 4.951788254816047452e-02 5.034596675115048797e-02 2.307969503226309921e-02
2.031745160866246791e-02 2.739670678148693750e-02 4.571841531812859127e-02 3.684421886573100574e-02 7.022263480835214122e-02 6.296318050374186126e-02 6.128137077791436654e-02 3.919706337381400479e-02 3.820389221583291028e-02 1.796531570234736683e-02
3.850103159456447210e-02 5.212647057746958718e-02 8.708278424638733750e-02 7.022263480835214122e-02 1.339161071180484386e-01 1.201104952325651037e-01 1.168318770695355446e-01 7.412587019611996397e-02 7.061209687547330416e-02 3.364344743439296598e-02
3.486132326421473304e-02 4.681447895165463668e-02 7.807887697024028240e-02 6.296318050374186126e-02 1.201104952325651037e-01 1.081233167318316479e-01 1.059631649466342418e-01 6.848843149457092827e-02 6.766531842829071053e-02 3.128819398108246413e-02
3.609916974847922344e-02 4.617698163349116119e-02 7.615534382167411798e-02 6.128137077791436654e-02 1.168318770695355446e-01 1.059631649466342418e-01 1.076488664024138203e-01 7.702764378369433840e-02 9.166964129692736774e-02 3.719012709669658467e-02
3.154902339339964168e-02 3.204807661355760229e-02 4.951788254816047452e-02 3.919706337381400479e-02 7.412587019611996397e-02 6.848843149457092827e-02 7.702764378369433840e-02 8.458135864388829916e-02 1.581042414650583594e-01 4.974748478650583422e-02
5.188516393253563702e-02 3.755150136140296413e-02 5.034596675115048797e-02 3.820389221583291028e-02 7.061209687547330416e-02 6.766531842829071053e-02 9.166964129692736774e-02 1.581042414650583594e-01 4.038199557990098110e-01 1.134201560426914557e-01
1.806002821391831242e-02 1.578808571703724933e-02 2.307969503226309921e-02 1.796531570234736683e-02 3.364344743439296598e-02 3.128819398108246413e-02 3.719012709669658467e-02 4.974748478650583422e-02 1.134201560426914557e-01 3.368142461607145227e-02
3.301829988110049907e-01 1.802476166632256127e-01 5.137411540540270938e-02 4.520222761893821772e-02 5.482414216467253881e-02 4.156973701234106811e-02 3.066881508510479332e-02 3.679415789845520701e-02 3.557389085615803026e-02 1.480129221876308188e-01
1.802476166632256127e-01 1.043498365763622232e-01 3.382461064874273116e-02 4.014689406163272217e-02 5.371944831087474559e-02 4.046043201372732240e-02 2.830413906800616913e-02 3.019326689453696866e-02 2.217790195683996129e-02 8.276903989627298897e-02
5.137411540540270938e-02 3.382461064874273116e-02 1.665420115077445237e-02 3.246588195490823781e-02 4.804902427870986342e-02 3.602873454829266797e-02 2.402442541473779128e-02 2.257023792378487492e-02 1.013330047785553252e-02 2.638727428994258953e-02
4.520222761893821772e-02 4.014689406163272217e-02 3.246588195490823781e-02 8.284319833571478220e-02 1.269335873209949672e-01 9.505922678060618747e-02 6.241406201066170001e-02 5.598252344409450354e-02 1.877248812557827384e-02 3.043268732527541071e-02
5.482414216467253881e-02 5.371944831087474559e-02 4.804902427870986342e-02 1.269335873209949672e-01 1.956293581350645461e-01 1.465302527290857082e-01 9.606750573221675693e-02 8.574390725921653134e-02 2.763951672407815793e-02 4.048489184583498046e-02
4.156973701234106811e-02 4.046043201372732240e-02 3.602873454829266797e-02 9.505922678060618747e-02 1.465302527290857082e-01 1.098110342985419985e-01 7.202150739577878324e-02 6.431904758230284902e-02 2.077137535553934614e-02 3.057430972119403595e-02
3.066881508510479332e-02 2.830413906800616913e-02 2.402442541473779128e-02 6.241406201066170001e-02 9.606750573221675693e-02 7.202150739577878324e-02 4.730439658597263702e-02 4.237869484347799726e-02 1.394539708728333334e-02 2.156628059147603499e-02
3.679415789845520701e-02 3.019326689453696866e-02 2.257023792378487492e-02 5.598252344409450354e-02 8.574390725921653134e-02 6.431904758230284902e-02 4.237869484347799726e-02 3.832028628787148561e-02 1.332456759882618205e-02 2.341906212197766152e-02
3.557389085615803026e-02 2.217790195683996129e-02 1.013330047785553252e-02 1.877248812557827384e-02 2.763951672407815793e-02 2.077137535553934614e-02 1.394539708728333334e-02 1.332456759882618205e-02 6.428056107395437729e-03 1.797847494151929779e-02
1.480129221876308188e-01 8.276903989627298897e-02 2.638727428994258953e-02 3.043268732527541071e-02 4.048489184583498046e-02 3.057430972119403595e-02 2.156628059147603499e-02 2.341906212197766152e-02 1.797847494151929779e-02 6.847663371129726617e-02
1.066849073472797144e-01 1.435316770517278129e-01 6.616718949500241531e-02 5.192820329118724709e-02 8.285232778613697835e-02 7.579140909821149852e-02 3.124193600151518868e-02 7.609228071873905264e-02 1.012106605583967534e-01 6.748793299907496213e-02
1.435316770517278129e-01 2.016292321929238629e-01 9.278160557679393516e-02 7.183257826295516568e-02 1.130817050521233519e-01 1.017406997041022665e-01 3.962870246387428796e-02 9.068070600832801864e-02 1.196986017109672035e-01 8.486909420970994988e-02
6.616718949500241531e-02 9.278160557679393516e-02 4.457314504150169943e-02 3.759143479260468323e-02 6.244594854374928283e-02 5.665506593840703708e-02 2.135812449010519865e-02 4.692448244911251454e-02 6.027979333845399912e-02 4.071706496810238718e-02
5.192820329118724709e-02 7.183257826295516568e-02 3.759143479260468323e-02 3.791533763086867015e-02 6.910681688407535606e-02 6.370800260070880183e-02 2.308523508627602361e-02 4.805717382376012425e-02 5.893538232375362257e-02 3.564448461756800773e-02
8.285232778613697835e-02 1.130817050521233519e-01 6.244594854374928283e-02 6.910681688407535606e-02 1.321057491035492470e-01 1.228651103016903390e-01 4.400758722526187938e-02 9.006459053276597015e-02 1.082369874604625637e-01 6.141638027728918425e-02
7.579140909821149852e-02 1.017406997041022665e-01 5.665506593840703708e-02 6.370800260070880183e-02 1.228651103016903390e-01 1.156401266657520466e-01 4.214639117866237489e-02 8.832959610750568125e-02 1.065160875667138796e-01 5.870504341144449495e-02
3.124193600151518868e-02 3.962870246387428796e-02 2.135812449010519865e-02 2.308523508627602361e-02 4.400758722526187938e-02 4.214639117866237489e-02 1.703399438757222800e-02 4.039779204610767505e-02 5.043639321277149090e-02 2.651484887579590166e-02
7.609228071873905264e-02 9.068070600832801864e-02 4.692448244911251454e-02 4.805717382376012425e-02 9.006459053276597015e-02 8.832959610750568125e-02 4.039779204610767505e-02 1.082863439105108405e-01 1.392385958564200665e-01 7.039868992140954629e-02
1.012106605583967534e-01 1.196986017109672035e-01 6.027979333845399912e-02 5.893538232375362257e-02 1.082369874604625637e-01 1.065160875667138796e-01 5.043639321277149090e-02 1.392385958564200665e-01 1.831434466362705238e-01 9.321570423873992706e-02
6.748793299907496213e-02 8.486909420970994988e-02 4.071706496810238718e-02 3.564448461756800773e-02 6.141638027728918425e-02 5.870504341144449495e-02 2.651484887579590166e-02 7.039868992140954629e-02 9.321570423873992706e-02 5.298771708377104928e-02
1.441713088498690620e-01 7.693132973557721688e-02 3.130687641461135651e-02 3.406337693971635272e-02 2.555276889342327287e-02 4.462345675958913349e-02 7.093029161808626915e-02 1.157000132971926498e-01 1.488636834242693108e-01 1.735998640204237664e-01
7.693132973557721688e-02 4.141408940978209829e-02 1.690990679488449736e-02 1.845256581875103635e-02 1.388045037494789469e-02 2.433757530029547617e-02 3.892875998879499755e-02 6.402194087870084760e-02 8.172567348711697044e-02 9.195309955824219894e-02
3.130687641461135651e-02 1.690990679488449736e-02 6.922690306529065592e-03 7.571973983220391460e-03 5.709142313225962044e-03 1.004471221472058758e-02 1.615598882690813184e-02 2.679412372022951794e-02 3.431010428101237408e-02 3.743355862122251659e-02
3.406337693971635272e-02 1.845256581875103635e-02 7.571973983220391460e-03 8.301025017584048871e-03 6.273203245353712806e-03 1.107432323549559922e-02 1.790855677073619270e-02 2.994799607639730965e-02 3.851953727848174414e-02 4.077713993188692571e-02
2.555276889342327287e-02 1.388045037494789469e-02 5.709142313225962044e-03 6.273203245353712806e-03 4.753604248310295752e-03 8.425332684845609696e-03 1.371368419907778927e-02 2.317047965375490515e-02 3.004424861181043127e-02 3.067722391839078702e-02
4.462345675958913349e-02 2.433757530029547617e-02 1.004471221472058758e-02 1.107432323549559922e-02 8.425332684845609696e-03 1.502526201692476644e-02 2.470111829400060272e-02 4.239531379358218999e-02 5.569726715735193179e-02 5.384236510879905624e-02
7.093029161808626915e-02 3.892875998879499755e-02 1.615598882690813184e-02 1.790855677073619270e-02 1.371368419907778927e-02 2.470111829400060272e-02 4.138303133992723287e-02 7.313836219063571398e-02 9.869084539473406414e-02 8.659179853632943680e-02
1.157000132971926498e-01 6.402194087870084760e-02 2.679412372022951794e-02 2.994799607639730965e-02 2.317047965375490515e-02 4.239531379358218999e-02 7.313836219063571398e-02 1.379309775906605307e-01 1.989045436327396554e-01 1.461145934765155641e-01
1.488636834242693108e-01 8.172567348711697044e-02 3.431010428101237408e-02 3.851953727848174414e-02 3.004424861181043127e-02 5.569726715735193179e-02 9.869084539473406414e-02 1.989045436327396554e-01 3.709660482475851118e-01 2.106037790305445023e-01
1.735998640204237664e-01 9.195309955824219894e-02 3.743355862122251659e-02 4.077713993188692571e-02 3.067722391839078702e-02 5.384236510879905624e-02 8.659179853632943680e-02 1.461145934765155641e-01 2.106037790305445023e-01 2.291319629728278406e-01
1.669443261747209986e-02 1.684343196666991671e-02 1.620183365640628231e-02 2.811678456532827608e-02 2.946339071783327102e-02 4.799304975841151705e-02 4.030471843651601410e-02 5.387225615316461325e-02 4.937333876448259107e-02 3.649215171344893927e-02
1.684343196666991671e-02 1.779779155311930761e-02 1.756948594323801474e-02 3.094034243549636382e-02 3.277690773785419537e-02 5.370572693676660403e-02 4.256086229514406682e-02 5.086335995498429685e-02 4.606994431881174246e-02 3.533464670713660355e-02
1.620183365640628231e-02 1.756948594323801474e-02 1.762799579463847355e-02 3.132578380336593221e-02 3.342090332814271619e-02 5.501156584629402629e-02 4.230779576135598741e-02 4.720719046856879791e-02 4.227882626235929253e-02 3.316614676180724974e-02
2.811678456532827608e-02 3.094034243549636382e-02 3.132578380336593221e-02 5.599157920372176828e-02 6.002475398044883337e-02 9.915611336307618429e-02 7.508661650468233251e-02 8.047208881118930734e-02 7.139928926714037005e-02 5.673934061363940240e-02
2.946339071783327102e-02 3.277690773785419537e-02 3.342090332814271619e-02 6.002475398044883337e-02 6.498299668070893487e-02 1.083717410434948264e-01 8.153618377685678542e-02 8.469911630171955697e-02 7.361195638567195887e-02 5.883220712181891354e-02
4.799304975841151705e-02 5.370572693676660403e-02 5.501156584629402629e-02 9.915611336307618429e-02 1.083717410434948264e-01 1.840756082891004675e-01 1.394188206445501899e-01 1.427807140291757204e-01 1.198868978826883730e-01 9.533782514039899902e-02
4.030471843651601410e-02 4.256086229514406682e-02 4.230779576135598741e-02 7.508661650468233251e-02 8.153618377685678542e-02 1.394188206445501899e-01 1.238747354862981265e-01 1.522966739249828061e-01 1.179947247759357415e-01 8.509964730048141801e-02
5.387225615316461325e-02 5.086335995498429685e-02 4.720719046856879791e-02 8.047208881118930734e-02 8.469911630171955697e-02 1.427807140291757204e-01 1.522966739249828061e-01 2.618392967018056128e-01 1.951956059008373712e-01 1.255346168417963704e-01
4.937333876448259107e-02 4.606994431881174246e-02 4.227882626235929253e-02 7.139928926714037005e-02 7.361195638567195887e-02 1.198868978826883730e-01 1.179947247759357415e-01 1.951956059008373712e-01 1.742611855462918580e-01 1.158014115859241216e-01
3.649215171344893927e-02 3.533464670713660355e-02 3.316614676180724974e-02 5.673934061363940240e-02 5.883220712181891354e-02 9.533782514039899902e-02 8.509964730048141801e-02 1.255346168417963704e-01 1.158014115859241216e-01 8.285437812684347259e-02
1.215306132987474808e-01 1.794087661597377203e-01 1.164274047536137530e-01 4.235116163333583345e-02 3.812686658597581879e-02 7.323918119859124110e-02 1.077297176325978656e-01 6.394419507093392074e-02 5.575510848833160893e-02 5.113649283434264226e-02
1.794087661597377203e-01 3.985196234650046909e-01 1.885733797399285483e-01 5.730774779909639932e-02 4.275063634825501668e-02 7.762481786228604685e-02 1.134906049834545488e-01 6.774566383255355151e-02 6.104876214872158313e-02 6.393092061689817363e-02
1.164274047536137530e-01 1.885733797399285483e-01 1.377602496377799135e-01 4.760947645179805510e-02 4.085243529290511627e-02 7.747147739617837869e-02 1.137423541038409536e-01 6.737398320281985653e-02 5.822033976148474621e-02 5.151124853674317328e-02
4.235116163333583345e-02 5.730774779909639932e-02 4.760947645179805510e-02 1.794301989113211357e-02 1.660210112020363629e-02 3.212419766214428402e-02 4.726570359203971505e-02 2.795223744889635889e-02 2.391457669356944482e-02 2.019670062585658329e-02
3.812686658597581879e-02 4.275063634825501668e-02 4.085243529290511627e-02 1.660210112020363629e-02 1.634897572427568974e-02 3.212253385676214212e-02 4.733965018660379886e-02 2.796417887638217442e-02 2.375318549977761123e-02 1.936511313618258928e-02
7.323918119859124110e-02 7.762481786228604685e-02 7.747147739617837869e-02 3.212419766214428402e-02 3.212253385676214212e-02 6.335763879569814017e-02 9.340934901775954646e-02 5.516385480137881575e-02 4.677771724820012356e-02 3.781028081998494272e-02
1.077297176325978656e-01 1.134906049834545488e-01 1.137423541038409536e-01 4.726570359203971505e-02 4.733965018660379886e-02 9.340934901775954646e-02 1.377249299036746866e-01 8.133398207033559757e-02 6.896062900326403733e-02 5.569905952578267649e-02
6.394419507093392074e-02 6.774566383255355151e-02 6.737398320281985653e-02 2.795223744889635889e-02 2.796417887638217442e-02 5.516385480137881575e-02 8.133398207033559757e-02 4.803729195535116209e-02 4.074656097629651003e-02 3.296519698806694293e-02
5.575510848833160893e-02 6.104876214872158313e-02 5.822033976148474621e-02 2.391457669356944482e-02 2.375318549977761123e-02 4.677771724820012356e-02 6.896062900326403733e-02 4.074656097629651003e-02 3.464181554239386535e-02 2.828528917126397341e-02
5.113649283434264226e-02 6.393092061689817363e-02 5.151124853674317328e-02 2.019670062585658329e-02 1.936511313618258928e-02 3.781028081998494272e-02 5.569905952578267649e-02 3.296519698806694293e-02 2.828528917126397341e-02 2.413584178594219143e-02
2.419421393849373048e-01 2.245252915204311028e-01 1.543541078005833123e-01 1.381488544727476064e-01 6.445831082037403736e-02 5.025220324167591762e-02 4.268519039959454975e-02 6.036246276705974079e-02 5.475247678081918146e-02 6.835880717469379475e-02
2.245252915204311028e-01 2.651619172452166495e-01 1.814065569242553910e-01 1.510489542657563466e-01 6.833256090255417081e-02 5.189599598006716663e-02 4.331696774404270034e-02 6.043476969022375939e-02 5.373010611804932696e-02 6.467764687668903223e-02
1.543541078005833123e-01 1.814065569242553910e-01 1.956488043574626245e-01 1.768024307274907447e-01 7.671999581802282919e-02 5.542434579290273639e-02 4.435035926190416394e-02 5.954835380698660086e-02 4.907637722900128063e-02 4.977285203664390256e-02
1.381488544727476064e-01 1.510489542657563466e-01 1.768024307274907447e-01 1.766219562599180559e-01 7.674373765759383292e-02 5.522924155100636390e-02 4.395589242853206735e-02 5.865747177035988275e-02 4.756627082230138748e-02 4.613836882246299259e-02
6.445831082037403736e-02 6.833256090255417081e-02 7.671999581802282919e-02 7.674373765759383292e-02 3.372397239036042937e-02 2.448851842594006178e-02 1.960907538663655969e-02 2.629560706654257562e-02 2.148574277221550199e-02 2.122414857814514805e-02
5.025220324167591762e-02 5.189599598006716663e-02 5.542434579290273639e-02 5.522924155100636390e-02 2.448851842594006178e-02 1.796800107893127552e-02 1.449153855738862309e-02 1.954634001969639268e-02 1.611957955138746887e-02 1.627609135114807537e-02
4.268519039959454975e-02 4.331696774404270034e-02 4.435035926190416394e-02 4.395589242853206735e-02 1.960907538663655969e-02 1.449153855738862309e-02 1.175988213832785713e-02 1.594187328029699272e-02 1.325446756502997835e-02 1.363771102143084696e-02
6.036246276705974079e-02 6.043476969022375939e-02 5.954835380698660086e-02 5.865747177035988275e-02 2.629560706654257562e-02 1.954634001969639268e-02 1.594187328029699272e-02 2.171204997877895435e-02 1.819146017645053431e-02 1.904895969498593758e-02
5.475247678081918146e-02 5.373010611804932696e-02 4.907637722900128063e-02 4.756627082230138748e-02 2.148574277221550199e-02 1.611957955138746887e-02 1.325446756502997835e-02 1.819146017645053431e-02 1.550073948143765139e-02 1.684976552844642469e-02
6.835880717469379475e-02 6.467764687668903223e-02 4.977285203664390256e-02 4.613836882246299259e-02 2.122414857814514805e-02 1.627609135114807537e-02 1.363771102143084696e-02 1.904895969498593758e-02 1.684976552844642469e-02 1.996053768462938832e-02
1.416619618560032157e-01 7.446722621308367318e-02 3.823411998208149642e-02 4.776989157814379161e-02 3.023946993948362777e-02 2.048468933266855974e-02 5.306046980339254593e-02 7.300191113485993144e-02 9.375027211134535909e-02 1.646320555347111636e-01
7.446722621308367318e-02 4.207166446843103869e-02 2.943649686597310869e-02 5.543485251356002758e-02 2.837497925054122475e-02 1.360414123249908264e-02 2.900608987543364450e-02 3.859057482386163418e-02 4.903004859376971364e-02 8.582201412218722070e-02
3.823411998208149642e-02 2.943649686597310869e-02 4.376138421461137767e-02 1.229465640498340201e-01 5.347603819039879747e-02 1.586936053358485588e-02 1.853404329793278266e-02 2.071070346353025629e-02 2.465135503673300879e-02 4.222474477597984444e-02
4.776989157814379161e-02 5.543485251356002758e-02 1.229465640498340201e-01 3.843048996110095539e-01 1.617746258455979858e-01 4.151862958349061133e-02 3.209795448080364488e-02 2.814363744440124410e-02 2.961924683544305686e-02 4.841581584596754695e-02
3.023946993948362777e-02 2.837497925054122475e-02 5.347603819039879747e-02 1.617746258455979858e-01 6.929803451764969535e-02 1.874663128346349544e-02 1.727483528678770697e-02 1.710353747862168594e-02 1.923886861572621926e-02 3.226554280650546780e-02
2.048468933266855974e-02 1.360414123249908264e-02 1.586936053358485588e-02 4.151862958349061133e-02 1.874663128346349544e-02 6.275460099093204194e-03 9.089135945079172829e-03 1.095528630732379299e-02 1.342323651133525350e-02 2.319805800443694097e-02
5.306046980339254593e-02 2.900608987543364450e-02 1.853404329793278266e-02 3.209795448080364488e-02 1.727483528678770697e-02 9.089135945079172829e-03 2.062426890343085906e-02 2.766664545951365642e-02 3.519749349867488941e-02 6.157359634793668768e-02
7.300191113485993144e-02 3.859057482386163418e-02 2.071070346353025629e-02 2.814363744440124410e-02 1.710353747862168594e-02 1.095528630732379299e-02 2.766664545951365642e-02 3.786392233117678863e-02 4.848708306333998630e-02 8.500766068569810818e-02
9.375027211134535909e-02 4.903004859376971364e-02 2.465135503673300879e-02 2.961924683544305686e-02 1.923886861572621926e-02 1.342323651133525350e-02 3.519749349867488941e-02 4.848708306333998630e-02 6.225944766844328238e-02 1.092627489201249136e-01
1.646320555347111636e-01 8.582201412218722070e-02 4.222474477597984444e-02 4.841581584596754695e-02 3.226554280650546780e-02 2.319805800443694097e-02 6.157359634793668768e-02 8.500766068569810818e-02 1.092627489201249136e-01 1.918789563301510070e-01
4.814387352786037022e-02 1.287967110679329452e-01 4.984592159194191352e-02 1.714840091829842456e-02 1.400568160931137812e-02 2.563327055945263319e-02 4.304320948879068742e-02 3.515812133182371485e-02 4.176621516366304382e-02 4.176372584521403919e-02
1.287967110679329452e-01 3.718931242477164223e-01 1.417793160380046713e-01 4.523878210716348464e-02 2.805056525659787442e-02 4.124808604040359344e-02 6.384514371062824378e-02 5.254218191249303976e-02 6.879252299311175434e-02 8.729868539079614631e-02
4.984592159194191352e-02 1.417793160380046713e-01 5.433992994299498280e-02 1.767741468360483487e-02 1.186298601763086796e-02 1.878247075131134897e-02 2.994352099596193223e-02 2.446546520516226439e-02 3.071095758482203855e-02 3.598001407814386404e-02
1.714840091829842456e-02 4.523878210716348464e-02 1.767741468360483487e-02 6.319387578188654167e-03 5.733493963739566546e-03 1.112699544510953494e-02 1.898267055967461578e-02 1.527705604555788452e-02 1.736095536070127524e-02 1.602360402279131776e-02
1.400568160931137812e-02 2.805056525659787442e-02 1.186298601763086796e-02 5.733493963739566546e-03 8.840155638096697591e-03 2.085238028159676349e-02 3.740591367841298448e-02 2.978476875031161458e-02 3.131702539843520677e-02 2.227265521000643470e-02
2.563327055945263319e-02 4.124808604040359344e-02 1.878247075131134897e-02 1.112699544510953494e-02 2.085238028159676349e-02 5.147239226700774106e-02 9.327125582612837140e-02 7.413023685221262205e-02 7.675210047376623823e-02 5.118186971571277166e-02
4.304320948879068742e-02 6.384514371062824378e-02 2.994352099596193223e-02 1.898267055967461578e-02 3.740591367841298448e-02 9.327125582612837140e-02 1.695699775401792730e-01 1.348169632323576450e-01 1.392311867515454993e-01 9.152517174843510794e-02
3.515812133182371485e-02 5.254218191249303976e-02 2.446546520516226439e-02 1.527705604555788452e-02 2.978476875031161458e-02 7.413023685221262205e-02 1.348169632323576450e-01 1.079148219876180786e-01 1.123208426082729361e-01 7.425331735368143060e-02
4.176621516366304382e-02 6.879252299311175434e-02 3.071095758482203855e-02 1.736095536070127524e-02 3.131702539843520677e-02 7.675210047376623823e-02 1.392311867515454993e-01 1.123208426082729361e-01 1.196061019875267473e-01 8.139505240260742902e-02
4.176372584521403919e-02 8.729868539079614631e-02 3.598001407814386404e-02 1.602360402279131776e-02 2.227265521000643470e-02 5.118186971571277166e-02 9.152517174843510794e-02 7.425331735368143060e-02 8.139505240260742902e-02 6.190023528281111964e-02
2.378197857930515122e-02 2.015863105111562886e-02 2.912269488392913580e-02 2.546270567982058391e-02 2.370283291391784425e-02 4.748104746566407519e-02 4.339869488220127886e-02 3.907967657914394183e-02 7.925617855106451004e-02 4.400526699457079499e-02
2.015863105111562886e-02 2.028899768360661535e-02 3.193544441675186946e-02 2.892009280774995514e-02 2.782561459615966182e-02 5.673581109159788610e-02 4.842334027819689829e-02 3.325864805780050226e-02 5.497168759806773247e-02 3.256917612100461434e-02
2.912269488392913580e-02 3.193544441675186946e-02 5.229241470614623410e-02 4.807705116791663458e-02 4.691198495978284033e-02 9.638533268906898654e-02 8.026208771381165841e-02 4.845720148599495791e-02 6.950915439828994624e-02 4.319162916383903483e-02
2.546270567982058391e-02 2.892009280774995514e-02 4.807705116791663458e-02 4.463578118156410340e-02 4.399309440137887106e-02 9.095104043788605763e-02 7.519102386175115227e-02 4.296856456268877827e-02 5.714974725347477663e-02 3.631821030968561403e-02
2.370283291391784425e-02 2.782561459615966182e-02 4.691198495978284033e-02 4.399309440137887106e-02 4.403565924885860516e-02 9.195903863884252738e-02 7.573079830827879333e-02 4.103826769124678531e-02 5.008958284236317976e-02 3.252724181203820591e-02
4.748104746566407519e-02 5.673581109159788610e-02 9.638533268906898654e-02 9.095104043788605763e-02 9.195903863884252738e-02 1.937721384657680179e-01 1.595815078201819615e-01 8.401639863504223316e-02 9.717471941244471001e-02 6.379260751314208555e-02
4.339869488220127886e-02 4.842334027819689829e-02 8.026208771381165841e-02 7.519102386175115227e-02 7.573079830827879333e-02 1.595815078201819615e-01 1.369183280659554136e-01 7.884064424566433749e-02 1.033716234397636796e-01 6.365828038659550325e-02
3.907967657914394183e-02 3.325864805780050226e-02 4.845720148599495791e-02 4.296856456268877827e-02 4.103826769124678531e-02 8.401639863504223316e-02 7.884064424566433749e-02 7.036722507678169758e-02 1.351830859323415179e-01 7.318894842981918392e-02
7.925617855106451004e-02 5.497168759806773247e-02 6.950915439828994624e-02 5.714974725347477663e-02 5.008958284236317976e-02 9.717471941244471001e-02 1.033716234397636796e-01 1.351830859323415179e-01 3.244613757395589659e-01 1.675511631154021908e-01
4.400526699457079499e-02 3.256917612100461434e-02 4.319162916383903483e-02 3.631821030968561403e-02 3.252724181203820591e-02 6.379260751314208555e-02 6.365828038659550325e-02 7.318894842981918392e-02 1.675511631154021908e-01 8.944610125245530674e-02
5.578511936283679640e-02 4.464670535526238382e-02 3.233183998948137294e-02 8.112461358521336208e-02 7.073366527203506227e-02 5.483055387878087855e-02 5.462413503946309673e-02 9.644194332886835141e-02 5.847873802659035031e-02 5.652632530601124639e-02
4.464670535526238382e-02 3.778718322494024895e-02 2.936625812726845197e-02 7.650401138214965591e-02 6.618024945345218901e-02 4.800029056290951862e-02 4.199679936931782764e-02 6.873693444955643328e-02 4.259394638667314548e-02 4.312891265892951353e-02
3.233183998948137294e-02 2.936625812726845197e-02 2.529387207093880541e-02 6.917103678914120202e-02 5.959739620803695959e-02 4.034782614254468769e-02 2.966574314653395994e-02 4.246993116806860313e-02 2.708660670121916178e-02 2.927943396610586252e-02
8.112461358521336208e-02 7.650401138214965591e-02 6.917103678914120202e-02 1.935257958441357617e-01 1.665689011129096175e-01 1.095294186283716775e-01 7.367148562837116943e-02 9.662163385009453487e-02 6.280452586404156046e-02 7.075644454651416893e-02
7.073366527203506227e-02 6.618024945345218901e-02 5.959739620803695959e-02 1.665689011129096175e-01 1.457624083771978662e-01 9.769267172876966443e-02 6.768339608529415352e-02 9.079705221570220919e-02 5.755209881513979192e-02 6.277360618151246741e-02
5.483055387878087855e-02 4.800029056290951862e-02 4.034782614254468769e-02 1.095294186283716775e-01 9.769267172876966443e-02 7.266111502793529131e-02 6.035223567232837760e-02 9.291047698322391080e-02 5.492649206627756714e-02 5.318155279878138825e-02
5.462413503946309673e-02 4.199679936931782764e-02 2.966574314653395994e-02 7.367148562837116943e-02 6.768339608529415352e-02 6.035223567232837760e-02 7.026803773916415197e-02 1.287882572513117385e-01 7.160595814536632742e-02 6.056257083377831335e-02
9.644194332886835141e-02 6.873693444955643328e-02 4.246993116806860313e-02 9.662163385009453487e-02 9.079705221570220919e-02 9.291047698322391080e-02 1.287882572513117385e-01 2.582068610418477017e-01 1.411254547349639066e-01 1.136941451323653512e-01
5.847873802659035031e-02 4.259394638667314548e-02 2.708660670121916178e-02 6.280452586404156046e-02 5.755209881513979192e-02 5.492649206627756714e-02 7.160595814536632742e-02 1.411254547349639066e-01 7.974704615988167933e-02 6.691720841058232394e-02
5.652632530601124639e-02 4.312891265892951353e-02 2.927943396610586252e-02 7.075644454651416893e-02 6.277360618151246741e-02 5.318155279878138825e-02 6.056257083377831335e-02 1.136941451323653512e-01 6.691720841058232394e-02 6.096256115112186347e-02
2.778541409454783617e-02 2.476609223499792733e-02 4.088645067813841821e-02 5.405582245816705628e-02 5.014621209790277867e-02 4.478401641814973994e-02 4.926053311009732927e-02 5.651497398343634238e-02 5.325325534677412959e-02 3.855146899775495350e-02
2.476609223499792733e-02 2.515916407711952379e-02 4.629562019817984320e-02 6.495753753385673235e-02 5.673248921886686613e-02 4.312713541703213499e-02 4.179335925638323623e-02 4.591037261749458115e-02 4.335168358285682727e-02 3.219331700340086200e-02
4.088645067813841821e-02 4.629562019817984320e-02 9.270300673344550324e-02 1.355819914970981255e-01 1.144293797570785642e-01 7.728814587223283017e-02 6.625901091747193883e-02 6.914415497181697345e-02 6.531999020549611457e-02 4.983154558670285783e-02
5.405582245816705628e-02 6.495753753385673235e-02 1.355819914970981255e-01 2.089353944855250611e-01 1.764436140841449396e-01 1.119694236129893661e-01 8.778458304669570222e-02 8.716288860972230823e-02 8.179847911894438939e-02 6.336777919348210442e-02
5.014621209790277867e-02 5.673248921886686613e-02 1.144293797570785642e-01 1.764436140841449396e-01 1.654621537536646314e-01 1.111963602915203436e-01 8.960795124625293984e-02 8.857160218864375267e-02 8.160388047221842078e-02 6.155672663603929673e-02
4.478401641814973994e-02 4.312713541703213499e-02 7.728814587223283017e-02 1.119694236129893661e-01 1.111963602915203436e-01 9.242111291233860715e-02 8.713679902068856287e-02 9.138563279644026927e-02 8.363828359697000892e-02 6.051578905927339214e-02
4.926053311009732927e-02 4.179335925638323623e-02 6.625901091747193883e-02 8.778458304669570222e-02 8.960795124625293984e-02 8.713679902068856287e-02 9.727943948397005380e-02 1.083057397107864139e-01 9.961629644646713411e-02 7.061002868533301779e-02
5.651497398343634238e-02 4.591037261749458115e-02 6.914415497181697345e-02 8.716288860972230823e-02 8.857160218864375267e-02 9.138563279644026927e-02 1.083057397107864139e-01 1.257041615276268676e-01 1.166131740351576268e-01 8.236731251002658849e-02
5.325325534677412959e-02 4.335168358285682727e-02 6.531999020549611457e-02 8.179847911894438939e-02 8.160388047221842078e-02 8.363828359697000892e-02 9.961629644646713411e-02 1.166131740351576268e-01 1.092224494851237043e-01 7.741772933760777964e-02
3.855146899775495350e-02 3.219331700340086200e-02 4.983154558670285783e-02 6.336777919348210442e-02 6.155672663603929673e-02 6.051578905927339214e-02 7.061002868533301779e-02 8.236731251002658849e-02 7.741772933760777964e-02 5.532770344663853757e-02
1.057555459290948456e-02 3.995697253483208693e-03 3.371585466882988293e-03 8.788725454972294918e-03 3.388608040458409177e-03 2.769736703187813173e-03 5.703866008934653509e-03 1.985229126644767403e-02 5.759275482526446388e-02 3.696165625093496276e-02
3.995697253483208693e-03 3.247142199853970783e-03 8.444108874432289247e-03 3.021898866739605727e-02 9.380138537227166937e-03 3.234515534253763931e-03 2.445505325201696896e-03 6.819376055216311815e-03 1.941335599893413352e-02 1.255996333031283302e-02
3.371585466882988293e-03 8.444108874432289247e-03 3.073727921991644546e-02 1.140992929359403302e-01 3.459481128634726843e-02 9.937112535623399481e-03 3.022672692383373844e-03 3.519115240346485513e-03 8.677957823603865695e-03 5.985519406937104582e-03
8.788725454972294918e-03 3.021898866739605727e-02 1.140992929359403302e-01 4.250420774689863679e-01 1.286060815263933288e-01 3.628468492843636706e-02 9.261646746069489289e-03 5.957920494003080859e-03 1.153734663321687864e-02 8.965514513553030779e-03
3.388608040458409177e-03 9.380138537227166937e-03 3.459481128634726843e-02 1.286060815263933288e-01 3.897244027958557400e-02 1.112414645624752729e-02 3.190229884570930548e-03 3.187849953222986199e-03 7.516738315020512519e-03 5.293883772429813783e-03
2.769736703187813173e-03 3.234515534253763931e-03 9.937112535623399481e-03 3.628468492843636706e-02 1.112414645624752729e-02 3.494258547202524698e-03 1.863390884329136753e-03 4.343686788388924705e-03 1.213238797832076436e-02 7.912555312877926628e-03
5.703866008934653509e-03 2.445505325201696896e-03 3.022672692383373844e-03 9.261646746069489289e-03 3.190229884570930548e-03 1.863390884329136753e-03 3.127687126695132339e-03 1.059758923181257882e-02 3.068002383702787828e-02 1.970476353615295897e-02
1.985229126644767403e-02 6.819376055216311815e-03 3.519115240346485513e-03 5.957920494003080859e-03 3.187849953222986199e-03 4.343686788388924705e-03 1.059758923181257882e-02 3.754719616437825203e-02 1.090676031835857429e-01 6.995123044978622529e-02
5.759275482526446388e-02 1.941335599893413352e-02 8.677957823603865695e-03 1.153734663321687864e-02 7.516738315020512519e-03 1.213238797832076436e-02 3.068002383702787828e-02 1.090676031835857429e-01 3.169107745981486479e-01 2.032322502961078081e-01
3.696165625093496276e-02 1.255996333031283302e-02 5.985519406937104582e-03 8.965514513553030779e-03 5.293883772429813783e-03 7.912555312877926628e-03 1.970476353615295897e-02 6.995123044978622529e-02 2.032322502961078081e-01 1.303455898023235249e-01
2.332578960599831358e-02 3.881661637121678471e-02 6.247843422676202518e-02 3.644922321790640407e-02 4.849115085013981641e-02 4.867287608245211838e-02 4.359866277962407694e-02 4.700279621914453532e-02 2.069707611765161243e-02 1.508774656706556375e-02
3.881661637121678471e-02 6.510349797588849130e-02 1.052274388350864370e-01 6.101112919979016780e-02 7.985632170343273661e-02 7.759273710592404227e-02 6.839137977206793950e-02 7.416994981371560769e-02 3.312446706363600391e-02 2.470407823311416423e-02
6.247843422676202518e-02 1.052274388350864370e-01 1.709923284396429877e-01 9.933824448383664352e-02 1.300113728033350791e-01 1.242923492231752525e-01 1.074909356323442977e-01 1.162678431792094347e-01 5.228890786463842588e-02 3.944470068489216996e-02
3.644922321790640407e-02 6.101112919979016780e-02 9.933824448383664352e-02 6.192823052581088172e-02 9.006690126173794164e-02 8.978399496348539455e-02 7.177736476872108307e-02 7.276143400885951018e-02 3.202973728904645601e-02 2.345933833951819106e-02
4.849115085013981641e-02 7.985632170343273661e-02 1.300113728033350791e-01 9.006690126173794164e-02 1.562345735359663701e-01 1.668851344844053952e-01 1.220586934363104559e-01 1.124114978620013028e-01 4.747720030320204398e-02 3.264742074910291503e-02
4.867287608245211838e-02 7.759273710592404227e-02 1.242923492231752525e-01 8.978399496348539455e-02 1.668851344844053952e-01 2.120632409718885558e-01 1.575727864590877880e-01 1.389361850989712377e-01 5.591853567656529522e-02 3.523332074174057721e-02
4.359866277962407694e-02 6.839137977206793950e-02 1.074909356323442977e-01 7.177736476872108307e-02 1.220586934363104559e-01 1.575727864590877880e-01 1.408408913579383692e-01 1.328229240770993358e-01 5.288806941117250165e-02 3.241244775589788296e-02
4.700279621914453532e-02 7.416994981371560769e-02 1.162678431792094347e-01 7.276143400885951018e-02 1.124114978620013028e-01 1.389361850989712377e-01 1.328229240770993358e-01 1.366768387755471492e-01 5.508081561533505199e-02 3.438126636495796029e-02
2.069707611765161243e-02 3.312446706363600391e-02 5.228890786463842588e-02 3.202973728904645601e-02 4.747720030320204398e-02 5.591853567656529522e-02 5.288806941117250165e-02 5.508081561533505199e-02 2.268220399605171828e-02 1.467771292565495968e-02
1.508774656706556375e-02 2.470407823311416423e-02 3.944470068489216996e-02 2.345933833951819106e-02 3.264742074910291503e-02 3.523332074174057721e-02 3.241244775589788296e-02 3.438126636495796029e-02 1.467771292565495968e-02 1.015240481526722208e-02
