2.332028482771575650e-01 2.063906282956465277e-01 1.404315005819435636e-01 1.102316352329281157e-01 4.467788297917621443e-02 -7.492366149932816466e-03 -6.329308463282436181e-02 -9.315129119894847987e-02 -1.419603307473401854e-01 -1.687792097255575163e-01
2.063906282956465277e-01 2.347386797764657584e-01 1.823561916876387801e-01 1.653101383194587326e-01 9.069984303084360766e-02 3.534424156270549872e-02 6.116484475699625681e-03 -3.385337761769966619e-02 -8.277986817263417729e-02 -1.248467516038465064e-01
1.404315005819435636e-01 1.823561916876387801e-01 1.867663083230781951e-01 2.062622575199081765e-01 1.205323174096103039e-01 6.365095472116513720e-02 5.776752879174182342e-02 1.871806955505916914e-02 -2.276431370956408934e-02 -6.936722575619147513e-02
1.102316352329281157e-01 1.653101383194587326e-01 2.062622575199081765e-01 2.949689185595474883e-01 1.763262598016874794e-01 1.011057792122802557e-01 1.113071702327741164e-01 6.916077902561601487e-02 3.058492070634392240e-02 -3.071871546438163444e-02
4.467788297917621443e-02 9.069984303084360766e-02 1.205323174096103039e-01 1.763262598016874794e-01 1.230225160504005849e-01 8.548671900850467187e-02 1.147313746924112643e-01 8.226767483271474335e-02 5.811151343648855716e-02 1.161844678172963864e-02
-7.492366149932816466e-03 3.534424156270549872e-02 6.365095472116513720e-02 1.011057792122802557e-01 8.548671900850467187e-02 8.080768491279916033e-02 1.352097156159674796e-01 1.037545163729988451e-01 8.428495622297021983e-02 4.648141011076657725e-02
-6.329308463282436181e-02 6.116484475699625681e-03 5.776752879174182342e-02 1.113071702327741164e-01 1.147313746924112643e-01 1.352097156159674796e-01 2.611959676366318317e-01 2.048209682886516503e-01 1.706182752312141726e-01 1.123267436437355438e-01
-9.315129119894847987e-02 -3.385337761769966619e-02 1.871806955505916914e-02 6.916077902561601487e-02 8.226767483271474335e-02 1.037545163729988451e-01 2.048209682886516503e-01 1.946979196354782782e-01 1.855785364903106971e-01 1.313454402008971678e-01
-1.419603307473401854e-01 -8.277986817263417729e-02 -2.276431370956408934e-02 3.058492070634392240e-02 5.811151343648855716e-02 8.428495622297021983e-02 1.706182752312141726e-01 1.855785364903106971e-01 2.242498355087193807e-01 1.739648842593287115e-01
-1.687792097255575163e-01 -1.248467516038465064e-01 -6.936722575619147513e-02 -3.071871546438163444e-02 1.161844678172963864e-02 4.648141011076657725e-02 1.123267436437355438e-01 1.313454402008971678e-01 1.739648842593287115e-01 1.663493213197221876e-01
2.172725238778792922e-01 1.948971230128934695e-01 1.350489788817631764e-01 8.261005007582963855e-02 3.659589697460183255e-02 -7.602268371657694770e-03 -5.067541782509107223e-02 -8.875601130207909362e-02 -1.442909591054211127e-01 -2.091845924210208318e-01
1.948971230128934695e-01 2.292221306507684075e-01 1.854309033758057002e-01 1.383861661946465538e-01 9.636103544274761401e-02 5.256024689112492876e-02 8.716420092970900840e-03 -3.926081471233460601e-02 -9.616267612262366371e-02 -1.584934456585709583e-01
1.350489788817631764e-01 1.854309033758057002e-01 1.947680908617260287e-01 1.743844286330545890e-01 1.412771927127970117e-01 1.016063595281757881e-01 6.598762311293052130e-02 1.868087471385817752e-02 -3.302434790442330959e-02 -9.147457561158510442e-02
8.261005007582963855e-02 1.383861661946465538e-01 1.743844286330545890e-01 1.990665094576320460e-01 1.827809588049558176e-01 1.432015742016267690e-01 1.109939804667101904e-01 6.638154080634525722e-02 2.336054860332700128e-02 -3.054551261186513877e-02
3.659589697460183255e-02 9.636103544274761401e-02 1.412771927127970117e-01 1.827809588049558176e-01 2.032645813799261458e-01 1.745791281762853198e-01 1.446615645512910886e-01 1.003425270786801882e-01 6.599794581422786799e-02 2.140166164713823774e-02
-7.602268371657694770e-03 5.256024689112492876e-02 1.016063595281757881e-01 1.432015742016267690e-01 1.745791281762853198e-01 1.814738158334912310e-01 1.668098111386790150e-01 1.246248415073463456e-01 9.680996257326428267e-02 6.332863720499561089e-02
-5.067541782509107223e-02 8.716420092970900840e-03 6.598762311293052130e-02 1.109939804667101904e-01 1.446615645512910886e-01 1.668098111386790150e-01 1.809832426015189621e-01 1.487403543677580653e-01 1.288524484593636665e-01 1.037130413735273121e-01
-8.875601130207909362e-02 -3.926081471233460601e-02 1.868087471385817752e-02 6.638154080634525722e-02 1.003425270786801882e-01 1.246248415073463456e-01 1.487403543677580653e-01 1.451526849359721649e-01 1.466766468148647529e-01 1.361352479367314017e-01
-1.442909591054211127e-01 -9.616267612262366371e-02 -3.302434790442330959e-02 2.336054860332700128e-02 6.599794581422786799e-02 9.680996257326428267e-02 1.288524484593636665e-01 1.466766468148647529e-01 1.844360199498595310e-01 1.979353115106048389e-01
-2.091845924210208318e-01 -1.584934456585709583e-01 -9.147457561158510442e-02 -3.054551261186513877e-02 2.140166164713823774e-02 6.332863720499561089e-02 1.037130413735273121e-01 1.361352479367314017e-01 1.979353115106048389e-01 2.643604004512271621e-01
2.522222342862884270e-01 2.085502943729268255e-01 1.313630681713163773e-01 9.479220440125442348e-02 4.637281984473388963e-02 3.624481925635881022e-03 -3.751208825226991228e-02 -1.101539351048837906e-01 -1.472816991720977409e-01 -2.007458856474701181e-01
2.085502943729268255e-01 2.235774614522220705e-01 1.633565479443684909e-01 1.416246149097692419e-01 9.844438366641719562e-02 6.418462320637660645e-02 6.765743365441967763e-03 -5.053972919027938104e-02 -9.560624043215017187e-02 -1.489445937049118929e-01
1.313630681713163773e-01 1.633565479443684909e-01 1.533123023515371164e-01 1.611143323783592596e-01 1.285782482330388998e-01 1.036997989658468011e-01 4.460615305780017692e-02 1.502968443411949358e-02 -3.143908436778185267e-02 -8.098726171590239775e-02
9.479220440125442348e-02 1.416246149097692419e-01 1.611143323783592596e-01 2.095232940078761985e-01 1.860272046513344324e-01 1.618128487001981586e-01 8.594535186974129604e-02 7.403352008942229445e-02 2.001902709828553423e-02 -3.733357867266367397e-02
4.637281984473388963e-02 9.844438366641719562e-02 1.285782482330388998e-01 1.860272046513344324e-01 2.048345199519666926e-01 1.974355196837446480e-01 1.102062152596772482e-01 1.099661573356708610e-01 6.083341427021057152e-02 9.761158135564456176e-03
3.624481925635881022e-03 6.418462320637660645e-02 1.036997989658468011e-01 1.618128487001981586e-01 1.974355196837446480e-01 2.263509403478166093e-01 1.342272445767806466e-01 1.472792521934369048e-01 9.850639892264262398e-02 5.153008065403098803e-02
-3.751208825226991228e-02 6.765743365441967763e-03 4.460615305780017692e-02 8.594535186974129604e-02 1.102062152596772482e-01 1.342272445767806466e-01 9.861995554633150307e-02 1.357376937779076198e-01 1.030640077398722321e-01 7.127191216343004010e-02
-1.101539351048837906e-01 -5.053972919027938104e-02 1.502968443411949358e-02 7.403352008942229445e-02 1.099661573356708610e-01 1.472792521934369048e-01 1.357376937779076198e-01 2.340480310810577613e-01 1.934859554172591867e-01 1.497375052350528313e-01
-1.472816991720977409e-01 -9.560624043215017187e-02 -3.143908436778185267e-02 2.001902709828553423e-02 6.083341427021057152e-02 9.850639892264262398e-02 1.030640077398722321e-01 1.934859554172591867e-01 1.935674377759108722e-01 1.743307128990965460e-01
-2.007458856474701181e-01 -1.489445937049118929e-01 -8.098726171590239775e-02 -3.733357867266367397e-02 9.761158135564456176e-03 5.153008065403098803e-02 7.127191216343004010e-02 1.497375052350528313e-01 1.743307128990965460e-01 2.039438231989945949e-01
1.483526985159027423e-01 1.524725618552482398e-01 1.469952784472959295e-01 5.798625406313430430e-02 7.506524100736736756e-04 -4.209179750545773147e-02 -6.116191277228304191e-02 -6.766031367353596282e-02 -1.069852918137319114e-01 -1.690459774643712776e-01
1.524725618552482398e-01 2.014274469538324674e-01 2.303054444968078707e-01 1.105087262499539202e-01 5.916400218728484761e-02 2.338062497985295488e-03 -3.062859560908821888e-02 -4.900805804958414946e-02 -8.913132934870113266e-02 -1.493752160474630664e-01
1.469952784472959295e-01 2.303054444968078707e-01 3.550912684608838465e-01 1.827697438640119576e-01 1.375944976296384625e-01 7.050168762292005620e-02 2.067065235752858776e-02 -1.872374772771403378e-02 -6.500130780727708668e-02 -1.266585423408354005e-01
5.798625406313430430e-02 1.105087262499539202e-01 1.827697438640119576e-01 1.461502179560913717e-01 1.763824656808472557e-01 1.265709655860906002e-01 8.080594925625789182e-02 3.557219490675641443e-02 5.486738305317095943e-03 -2.920463866984715148e-02
7.506524100736736756e-04 5.916400218728484761e-02 1.375944976296384625e-01 1.763824656808472557e-01 3.049228335487316199e-01 2.398642710694947333e-01 1.684313038216850855e-01 9.811179609036711768e-02 7.170517103786644419e-02 5.011763147356311510e-02
-4.209179750545773147e-02 2.338062497985295488e-03 7.050168762292005620e-02 1.265709655860906002e-01 2.398642710694947333e-01 2.572592667806232747e-01 1.946142240141251478e-01 1.179979471495310184e-01 9.711414628499900892e-02 8.955070516500948652e-02
-6.116191277228304191e-02 -3.062859560908821888e-02 2.067065235752858776e-02 8.080594925625789182e-02 1.684313038216850855e-01 1.946142240141251478e-01 1.715696261676753764e-01 1.110080728658554700e-01 9.954550111581686456e-02 1.021591127786731501e-01
-6.766031367353596282e-02 -4.900805804958414946e-02 -1.872374772771403378e-02 3.557219490675641443e-02 9.811179609036711768e-02 1.179979471495310184e-01 1.110080728658554700e-01 8.159452471438045917e-02 8.548774993603248940e-02 1.004555071401089100e-01
-1.069852918137319114e-01 -8.913132934870113266e-02 -6.500130780727708668e-02 5.486738305317095943e-03 7.170517103786644419e-02 9.711414628499900892e-02 9.954550111581686456e-02 8.548774993603248940e-02 1.100178194180849861e-01 1.481698847685707920e-01
-1.690459774643712776e-01 -1.493752160474630664e-01 -1.266585423408354005e-01 -2.920463866984715148e-02 5.011763147356311510e-02 8.955070516500948652e-02 1.021591127786731501e-01 1.004555071401089100e-01 1.481698847685707920e-01 2.236142974837940500e-01
1.116280761792064480e-01 1.449370415559824710e-01 1.095557258513009530e-01 8.756083202889844430e-02 6.495643136532569528e-02 3.581471566381337623e-02 -2.242121511154156199e-02 -8.212903120675595081e-02 -1.156748355344238838e-01 -1.261281358869583702e-01
1.449370415559824710e-01 2.209345695322473824e-01 1.726079379310282436e-01 1.406331389879881266e-01 1.129941395445114433e-01 8.798427504800157561e-02 1.549418934135315604e-02 -6.214352264167144480e-02 -1.125435284926067925e-01 -1.387427756553334668e-01
1.095557258513009530e-01 1.726079379310282436e-01 1.517681373312032844e-01 1.352023922097638498e-01 1.173091100700684175e-01 1.034289589490439004e-01 4.396040898913844419e-02 -2.058101194646469456e-02 -7.236098121879536160e-02 -9.995052811308041685e-02
8.756083202889844430e-02 1.406331389879881266e-01 1.352023922097638498e-01 1.416145299355116016e-01 1.390612285722066799e-01 1.381998222266555276e-01 8.004373153597713064e-02 2.085420213129774575e-02 -4.006890822591124141e-02 -7.482704343246011913e-02
6.495643136532569528e-02 1.129941395445114433e-01 1.173091100700684175e-01 1.390612285722066799e-01 1.656713497815004432e-01 1.920854880629342398e-01 1.294788173296643197e-01 7.420272888899925867e-02 4.391590239060767613e-03 -4.230929237320792125e-02
3.581471566381337623e-02 8.798427504800157561e-02 1.034289589490439004e-01 1.381998222266555276e-01 1.920854880629342398e-01 2.797391972457491938e-01 2.122869463912881449e-01 1.567118615140231652e-01 7.401081573219148169e-02 8.725794462418647035e-03
-2.242121511154156199e-02 1.549418934135315604e-02 4.396040898913844419e-02 8.004373153597713064e-02 1.294788173296643197e-01 2.122869463912881449e-01 2.283934264454289542e-01 2.179776030936529108e-01 1.415768619639942161e-01 7.803755912523521743e-02
-8.212903120675595081e-02 -6.214352264167144480e-02 -2.058101194646469456e-02 2.085420213129774575e-02 7.420272888899925867e-02 1.567118615140231652e-01 2.179776030936529108e-01 2.943449082016995066e-01 2.208100867128244549e-01 1.495164424364409939e-01
-1.156748355344238838e-01 -1.125435284926067925e-01 -7.236098121879536160e-02 -4.006890822591124141e-02 4.391590239060767613e-03 7.401081573219148169e-02 1.415768619639942161e-01 2.208100867128244549e-01 2.306186782083422537e-01 1.820751345646124120e-01
-1.261281358869583702e-01 -1.387427756553334668e-01 -9.995052811308041685e-02 -7.482704343246011913e-02 -4.230929237320792125e-02 8.725794462418647035e-03 7.803755912523521743e-02 1.495164424364409939e-01 1.820751345646124120e-01 1.752871271391104324e-01
1.061084806909512734e-01 1.022552282389915801e-01 1.062702784257175681e-01 7.296426628399613201e-02 3.566394969940299420e-02 -1.148427372083936360e-02 -5.911776570954387772e-02 -7.252619094425796775e-02 -1.210392031507672161e-01 -1.659298714494492344e-01
1.022552282389915801e-01 1.365020373522284336e-01 1.743056309810802895e-01 1.386908885140333836e-01 9.757708077007666569e-02 4.090070871513372397e-02 -8.785022979296421702e-03 -4.056982849706899930e-02 -8.468158864988781231e-02 -1.219736703826491825e-01
1.062702784257175681e-01 1.743056309810802895e-01 2.655768303794758811e-01 2.259814301622209143e-01 1.711260054122782925e-01 1.007466076014013612e-01 4.939531952823367211e-02 -6.119467553364427159e-03 -5.519570022860099262e-02 -9.851656952220133601e-02
7.296426628399613201e-02 1.386908885140333836e-01 2.259814301622209143e-01 2.527688036355151269e-01 2.105247439563903145e-01 1.370788695041685601e-01 9.561719991826662934e-02 3.372884143926788147e-02 -5.252416827232486707e-03 -4.664997347883436535e-02
3.566394969940299420e-02 9.757708077007666569e-02 1.711260054122782925e-01 2.105247439563903145e-01 2.195413353593208550e-01 1.617903613138126917e-01 1.345841253186278452e-01 6.879345170228970407e-02 4.227254844483447488e-02 8.410594896265522272e-03
-1.148427372083936360e-02 4.090070871513372397e-02 1.007466076014013612e-01 1.370788695041685601e-01 1.617903613138126917e-01 1.558676785353146910e-01 1.634598908696336117e-01 1.001675354558020925e-01 8.797207550316893387e-02 6.721637707615699120e-02
-5.911776570954387772e-02 -8.785022979296421702e-03 4.939531952823367211e-02 9.561719991826662934e-02 1.345841253186278452e-01 1.634598908696336117e-01 2.154656815920109880e-01 1.475500255111903136e-01 1.475868206826435880e-01 1.336767982047794012e-01
-7.252619094425796775e-02 -4.056982849706899930e-02 -6.119467553364427159e-03 3.372884143926788147e-02 6.879345170228970407e-02 1.001675354558020925e-01 1.475500255111903136e-01 1.194218014894099233e-01 1.409800591948583703e-01 1.408702047049707473e-01
-1.210392031507672161e-01 -8.468158864988781231e-02 -5.519570022860099262e-02 -5.252416827232486707e-03 4.227254844483447488e-02 8.797207550316893387e-02 1.475868206826435880e-01 1.409800591948583703e-01 2.074134201124712973e-01 2.305537413833243232e-01
-1.659298714494492344e-01 -1.219736703826491825e-01 -9.851656952220133601e-02 -4.664997347883436535e-02 8.410594896265522272e-03 6.721637707615699120e-02 1.336767982047794012e-01 1.408702047049707473e-01 2.305537413833243232e-01 3.213339308533034733e-01
2.462496246459228710e-01 1.712309195449678301e-01 1.485542614214532264e-01 1.161432794574099731e-01 7.547623955797426454e-02 3.627815063721465116e-02 -9.866750107092685934e-03 -7.770033338334209061e-02 -1.453275227514380374e-01 -2.080003568807307635e-01
1.712309195449678301e-01 1.500416242374521258e-01 1.549846360190291761e-01 1.319682796307318218e-01 9.504642124131443270e-02 6.533477841218285342e-02 3.947036739229627111e-02 -7.553482881086242412e-03 -6.814777753133492710e-02 -1.258501088811472546e-01
1.485542614214532264e-01 1.549846360190291761e-01 1.969748122856083417e-01 1.808020786211450570e-01 1.339862235740015006e-01 1.002738548301832650e-01 8.170518266148535380e-02 4.236137490176089537e-02 -2.449517186919414335e-02 -9.318882881824562536e-02
1.161432794574099731e-01 1.319682796307318218e-01 1.808020786211450570e-01 1.902360575058036352e-01 1.493236919616773295e-01 1.176919046563485866e-01 1.056392980254168695e-01 7.585468614249672725e-02 1.465518444562123428e-02 -5.716888227146579848e-02
7.547623955797426454e-02 9.504642124131443270e-02 1.339862235740015006e-01 1.493236919616773295e-01 1.340069751539627596e-01 1.175763204041812560e-01 1.171210037893785083e-01 9.794044127061531102e-02 4.819130162532437450e-02 -1.694579948466991628e-02
3.627815063721465116e-02 6.533477841218285342e-02 1.002738548301832650e-01 1.176919046563485866e-01 1.175763204041812560e-01 1.218627784462014974e-01 1.392491285268799006e-01 1.315788180111723826e-01 8.665740161610949177e-02 2.536015574179220980e-02
-9.866750107092685934e-03 3.947036739229627111e-02 8.170518266148535380e-02 1.056392980254168695e-01 1.171210037893785083e-01 1.392491285268799006e-01 1.888949845224092705e-01 2.017348255686089442e-01 1.504893825893200698e-01 8.255168017081260246e-02
-7.770033338334209061e-02 -7.553482881086242412e-03 4.236137490176089537e-02 7.585468614249672725e-02 9.794044127061531102e-02 1.315788180111723826e-01 2.017348255686089442e-01 2.709442950331950595e-01 2.260825367755621984e-01 1.526630422205729476e-01
-1.453275227514380374e-01 -6.814777753133492710e-02 -2.449517186919414335e-02 1.465518444562123428e-02 4.819130162532437450e-02 8.665740161610949177e-02 1.504893825893200698e-01 2.260825367755621984e-01 2.608183242144115899e-01 2.106438262872258327e-01
-2.080003568807307635e-01 -1.258501088811472546e-01 -9.318882881824562536e-02 -5.716888227146579848e-02 -1.694579948466991628e-02 2.536015574179220980e-02 8.255168017081260246e-02 1.526630422205729476e-01 2.106438262872258327e-01 2.399705239550340152e-01
2.499087122391819848e-01 2.030955988793475275e-01 1.469482429160505477e-01 1.040428432404978398e-01 7.245338740855050697e-02 1.787480529678603033e-02 -3.562975414011121389e-02 -8.732720281267787599e-02 -1.448588866563124133e-01 -1.963406029257687979e-01
2.030955988793475275e-01 2.028610434930504247e-01 1.619584042320915129e-01 1.263873195046872899e-01 1.047115855725460620e-01 5.331983947735983997e-02 1.766289830452721227e-02 -3.839401660887097750e-02 -9.692840111435058192e-02 -1.472272041046662761e-01
1.469482429160505477e-01 1.619584042320915129e-01 1.560312287528327346e-01 1.401243867476360538e-01 1.313613700726284639e-01 8.143294667564739131e-02 6.132493411687407747e-02 7.796780452538180223e-03 -4.938261339668544025e-02 -9.917129814696588885e-02
1.040428432404978398e-01 1.263873195046872899e-01 1.401243867476360538e-01 1.538566244781803261e-01 1.648696981711194054e-01 1.131083451139107549e-01 1.046891751467322468e-01 5.409077666797788841e-02 -1.169410235730216014e-03 -5.586284848495325084e-02
7.245338740855050697e-02 1.047115855725460620e-01 1.313613700726284639e-01 1.648696981711194054e-01 2.058185417125060479e-01 1.545684305012023363e-01 1.596904110702809243e-01 1.050983609248136996e-01 4.843369966657994768e-02 -1.526836657187760106e-02
1.787480529678603033e-02 5.331983947735983997e-02 8.143294667564739131e-02 1.131083451139107549e-01 1.545684305012023363e-01 1.445571558135195778e-01 1.815432607050771474e-01 1.292350703419085645e-01 8.207172066429321844e-02 3.046736696750919696e-02
-3.562975414011121389e-02 1.766289830452721227e-02 6.132493411687407747e-02 1.046891751467322468e-01 1.596904110702809243e-01 1.815432607050771474e-01 2.885424840195310869e-01 2.141555359382917856e-01 1.513527702256847463e-01 9.094631381493681332e-02
-8.732720281267787599e-02 -3.839401660887097750e-02 7.796780452538180223e-03 5.409077666797788841e-02 1.050983609248136996e-01 1.292350703419085645e-01 2.141555359382917856e-01 2.050931631520911957e-01 1.740166946559794370e-01 1.285897008246623119e-01
-1.448588866563124133e-01 -9.692840111435058192e-02 -4.938261339668544025e-02 -1.169410235730216014e-03 4.843369966657994768e-02 8.207172066429321844e-02 1.513527702256847463e-01 1.740166946559794370e-01 1.948920128743136526e-01 1.736600298742202453e-01
-1.963406029257687979e-01 -1.472272041046662761e-01 -9.917129814696588885e-02 -5.586284848495325084e-02 -1.526836657187760106e-02 3.046736696750919696e-02 9.094631381493681332e-02 1.285897008246623119e-01 1.736600298742202453e-01 1.984390334647931353e-01
1.830420030656943198e-01 1.595389054467064305e-01 1.498461513366363129e-01 9.983225429428721487e-02 2.344692949475172400e-02 -4.219702418406229977e-02 -8.349628159892655277e-02 -8.974952868612923185e-02 -1.484439640758029866e-01 -1.422577758530463032e-01
1.595389054467064305e-01 1.730270702546943817e-01 1.954917137594674448e-01 1.516984363961372262e-01 7.309927531318161087e-02 1.400349156072958241e-02 -3.136243193767648818e-02 -5.121199860972652784e-02 -9.786726219417819783e-02 -1.073534249908257021e-01
1.498461513366363129e-01 1.954917137594674448e-01 2.863784745283065591e-01 2.456070879394574025e-01 1.433359334112221939e-01 8.367645065533860227e-02 2.953877133996007237e-02 -1.305552834934580256e-02 -5.810205038039242126e-02 -8.458827115579883871e-02
9.983225429428721487e-02 1.516984363961372262e-01 2.456070879394574025e-01 2.926872956194361275e-01 1.898973390442802722e-01 1.395221246236067469e-01 9.055057935825268356e-02 3.635991098466079957e-02 7.196396777462891678e-03 -3.565932051323013330e-02
2.344692949475172400e-02 7.309927531318161087e-02 1.433359334112221939e-01 1.898973390442802722e-01 1.652601691617039403e-01 1.593709158092915246e-01 1.282468520140791768e-01 7.267105234419214688e-02 6.503985759301411651e-02 2.169912410567452488e-02
-4.219702418406229977e-02 1.400349156072958241e-02 8.367645065533860227e-02 1.395221246236067469e-01 1.593709158092915246e-01 2.071988340900096648e-01 1.913659303142472567e-01 1.184081407794422558e-01 1.233458978736898248e-01 7.444925183513820266e-02
-8.349628159892655277e-02 -3.136243193767648818e-02 2.953877133996007237e-02 9.055057935825268356e-02 1.282468520140791768e-01 1.913659303142472567e-01 2.077852549261315351e-01 1.388581659937336843e-01 1.558818586761620550e-01 1.044794830304750233e-01
-8.974952868612923185e-02 -5.121199860972652784e-02 -1.305552834934580256e-02 3.635991098466079957e-02 7.267105234419214688e-02 1.184081407794422558e-01 1.388581659937336843e-01 1.139169147981595742e-01 1.504831875178042344e-01 1.042546476561602153e-01
-1.484439640758029866e-01 -9.786726219417819783e-02 -5.810205038039242126e-02 7.196396777462891678e-03 6.503985759301411651e-02 1.233458978736898248e-01 1.558818586761620550e-01 1.504831875178042344e-01 2.335197582447867126e-01 1.662593349294193001e-01
-1.422577758530463032e-01 -1.073534249908257021e-01 -8.458827115579883871e-02 -3.565932051323013330e-02 2.169912410567452488e-02 7.444925183513820266e-02 1.044794830304750233e-01 1.042546476561602153e-01 1.662593349294193001e-01 1.371842253110759635e-01
1.673755314869913580e-01 1.314105232035265858e-01 1.306195130114645719e-01 9.918584708569251618e-02 4.450756999551497284e-02 -7.252814833091319677e-03 -6.153765600374382083e-02 -1.054274381727724474e-01 -1.345948366431155008e-01 -1.817168846867317500e-01
1.314105232035265858e-01 1.350451944739117227e-01 1.662766100921596601e-01 1.434882852532417818e-01 8.822378538535877168e-02 4.498583361116606505e-02 -1.968234407068174437e-03 -4.606125260294270662e-02 -7.744143123117332161e-02 -1.187986013110969574e-01
1.306195130114645719e-01 1.662766100921596601e-01 2.530960714065650929e-01 2.353106639025595026e-01 1.544925481408733203e-01 1.053586349002335748e-01 5.562059215338806956e-02 1.643186977420151148e-03 -4.399863391343125651e-02 -9.502437331467157577e-02
9.918584708569251618e-02 1.434882852532417818e-01 2.353106639025595026e-01 2.822921879190807837e-01 1.931762878173608200e-01 1.424280693850582535e-01 9.866081976894075511e-02 4.971456032438854866e-02 3.532955347533893540e-04 -5.264748293913472377e-02
4.450756999551497284e-02 8.822378538535877168e-02 1.544925481408733203e-01 1.931762878173608200e-01 1.636225166323181934e-01 1.417083802828971451e-01 1.174702136930944607e-01 8.274677278238565248e-02 4.261702571158902664e-02 3.102092950962800130e-03
-7.252814833091319677e-03 4.498583361116606505e-02 1.053586349002335748e-01 1.424280693850582535e-01 1.417083802828971451e-01 1.547437826078219003e-01 1.549949832895654855e-01 1.303197444195048627e-01 9.076656195101349967e-02 6.006537098068680941e-02
-6.153765600374382083e-02 -1.968234407068174437e-03 5.562059215338806956e-02 9.866081976894075511e-02 1.174702136930944607e-01 1.549949832895654855e-01 1.938270645009242399e-01 1.865898196937889331e-01 1.432609843918259962e-01 1.175617363098941659e-01
-1.054274381727724474e-01 -4.606125260294270662e-02 1.643186977420151148e-03 4.971456032438854866e-02 8.274677278238565248e-02 1.303197444195048627e-01 1.865898196937889331e-01 2.182565937448307514e-01 1.834422894225391232e-01 1.623773112780425576e-01
-1.345948366431155008e-01 -7.744143123117332161e-02 -4.399863391343125651e-02 3.532955347533893540e-04 4.261702571158902664e-02 9.076656195101349967e-02 1.432609843918259962e-01 1.834422894225391232e-01 1.913957127963907268e-01 1.925252901399985284e-01
-1.817168846867317500e-01 -1.187986013110969574e-01 -9.502437331467157577e-02 -5.264748293913472377e-02 3.102092950962800130e-03 6.006537098068680941e-02 1.175617363098941659e-01 1.623773112780425576e-01 1.925252901399985284e-01 2.403453444311647869e-01
3.307370804279669008e-01 1.916830255294796892e-01 1.589413791998789960e-01 8.586225813171358134e-02 4.461996236571876689e-02 -5.723181264959865608e-03 -5.222871488810959528e-02 -1.106248001123291969e-01 -1.516797556409550662e-01 -1.891081108939746680e-01
1.916830255294796892e-01 1.533778997983141767e-01 1.707298837625315369e-01 1.094861196418902421e-01 8.663229983440487447e-02 4.171313799360257951e-02 3.689167236463780121e-03 -3.792956848711177831e-02 -7.613654060608869567e-02 -1.065256967702127300e-01
1.589413791998789960e-01 1.707298837625315369e-01 2.490556546554598683e-01 1.760911074057726622e-01 1.595545505284479970e-01 1.005522398781086846e-01 5.684131610450992439e-02 1.721112856635213795e-02 -3.489658788250005195e-02 -7.879937044217508180e-02
8.586225813171358134e-02 1.094861196418902421e-01 1.760911074057726622e-01 1.571625402005668026e-01 1.773650797275883595e-01 1.208157549682462306e-01 8.230163766564688177e-02 5.935936046477549577e-02 1.850647013809172958e-02 -2.630427209023638441e-02
4.461996236571876689e-02 8.663229983440487447e-02 1.595545505284479970e-01 1.773650797275883595e-01 2.599858338982147243e-01 1.857431834064097176e-01 1.344900717249103150e-01 1.159156409138554500e-01 7.338635353382071125e-02 1.518626376707753016e-02
-5.723181264959865608e-03 4.171313799360257951e-02 1.005522398781086846e-01 1.208157549682462306e-01 1.857431834064097176e-01 1.537952095046689616e-01 1.269047303686350325e-01 1.249068056872801591e-01 9.238831373518231749e-02 4.272010963063548050e-02
-5.222871488810959528e-02 3.689167236463780121e-03 5.684131610450992439e-02 8.230163766564688177e-02 1.344900717249103150e-01 1.269047303686350325e-01 1.320968132442270626e-01 1.558593918220810282e-01 1.272159821375135058e-01 7.398575654535410884e-02
-1.106248001123291969e-01 -3.792956848711177831e-02 1.721112856635213795e-02 5.935936046477549577e-02 1.159156409138554500e-01 1.249068056872801591e-01 1.558593918220810282e-01 2.228669587609954927e-01 1.960759654075664438e-01 1.238516010844285531e-01
-1.516797556409550662e-01 -7.613654060608869567e-02 -3.489658788250005195e-02 1.850647013809172958e-02 7.338635353382071125e-02 9.238831373518231749e-02 1.272159821375135058e-01 1.960759654075664438e-01 2.020083598791509449e-01 1.444454242110130293e-01
-1.891081108939746680e-01 -1.065256967702127300e-01 -7.879937044217508180e-02 -2.630427209023638441e-02 1.518626376707753016e-02 4.272010963063548050e-02 7.398575654535410884e-02 1.238516010844285531e-01 1.444454242110130293e-01 1.389136496304357871e-01
1.244680557735802079e-01 1.862844859502432726e-01 1.448304725538451521e-01 8.144636251640011149e-02 1.522856841949101619e-02 -3.764887246790849656e-02 -6.141027502025468710e-02 -8.266464296960171487e-02 -8.192374788711552502e-02 -1.038554192055539532e-01
1.862844859502432726e-01 3.320399023211237921e-01 2.563710179261626809e-01 1.617910364280454871e-01 7.626661725739625197e-02 8.677629556708717608e-04 -4.296278000577827272e-02 -7.742105435650327439e-02 -9.156901311348718264e-02 -1.341233028282113882e-01
1.448304725538451521e-01 2.563710179261626809e-01 2.780239150868825670e-01 1.990291698535162079e-01 1.259620125702118620e-01 6.035115276757879038e-02 1.005393746100622168e-02 -2.893765233868064723e-02 -5.687066809960567709e-02 -9.989321663148482966e-02
8.144636251640011149e-02 1.617910364280454871e-01 1.990291698535162079e-01 1.937666379661678873e-01 1.692692453979491307e-01 1.278994270813519074e-01 7.835660921112203026e-02 4.427183676381690053e-02 2.783865543318096627e-03 -3.809493268768477520e-02
1.522856841949101619e-02 7.626661725739625197e-02 1.259620125702118620e-01 1.692692453979491307e-01 2.180837009828162643e-01 2.098910789023858414e-01 1.516525823292110275e-01 1.190360165008085697e-01 6.577624339387370955e-02 2.923984092249109351e-02
-3.764887246790849656e-02 8.677629556708717608e-04 6.035115276757879038e-02 1.278994270813519074e-01 2.098910789023858414e-01 2.619509897991955105e-01 2.025802626827792330e-01 1.665217105969940270e-01 1.061008663658400825e-01 7.643931269858617039e-02
-6.141027502025468710e-02 -4.296278000577827272e-02 1.005393746100622168e-02 7.835660921112203026e-02 1.516525823292110275e-01 2.025802626827792330e-01 1.968151635082355244e-01 1.782671943127090153e-01 1.177292414311148783e-01 9.262439141921803565e-02
-8.266464296960171487e-02 -7.742105435650327439e-02 -2.893765233868064723e-02 4.427183676381690053e-02 1.190360165008085697e-01 1.665217105969940270e-01 1.782671943127090153e-01 1.883879737332385951e-01 1.312960932087770261e-01 1.102475920382167962e-01
-8.192374788711552502e-02 -9.156901311348718264e-02 -5.687066809960567709e-02 2.783865543318096627e-03 6.577624339387370955e-02 1.061008663658400825e-01 1.177292414311148783e-01 1.312960932087770261e-01 1.019618466659498457e-01 9.569087582873317399e-02
-1.038554192055539532e-01 -1.341233028282113882e-01 -9.989321663148482966e-02 -3.809493268768477520e-02 2.923984092249109351e-02 7.643931269858617039e-02 9.262439141921803565e-02 1.102475920382167962e-01 9.569087582873317399e-02 1.045018141628096947e-01
2.171910049721484381e-01 2.083550887664395168e-01 1.367531235282398172e-01 7.807817583170939546e-02 2.049018572688317968e-02 -2.677817677366303370e-02 -5.481883400285490759e-02 -1.145576950711479497e-01 -1.292942829697300011e-01 -1.868911423065794664e-01
2.083550887664395168e-01 2.571461278570468800e-01 1.906412195583335745e-01 1.365899815510436821e-01 8.449252477990484844e-02 3.049778743410633958e-02 -1.953144695225664945e-02 -7.779024951922634823e-02 -1.025415039787495736e-01 -1.603518764465771129e-01
1.367531235282398172e-01 1.906412195583335745e-01 1.892914582149933800e-01 1.737562069188712810e-01 1.413991986844264082e-01 9.274889817675599502e-02 3.199246582542287359e-02 -6.253173192990495004e-03 -4.322848348651896905e-02 -9.375589911733740733e-02
7.807817583170939546e-02 1.365899815510436821e-01 1.737562069188712810e-01 2.157894667162790214e-01 2.117624892880641818e-01 1.582986738557236039e-01 8.290787837167884478e-02 6.459013459402007662e-02 1.581886389734379547e-02 -3.133836410102980308e-02
2.049018572688317968e-02 8.449252477990484844e-02 1.413991986844264082e-01 2.117624892880641818e-01 2.743854000667949045e-01 2.195567854254656115e-01 1.238020175676268070e-01 1.185686944987885127e-01 6.579431001633324894e-02 2.849669115203902481e-02
-2.677817677366303370e-02 3.049778743410633958e-02 9.274889817675599502e-02 1.582986738557236039e-01 2.195567854254656115e-01 2.171629235439574979e-01 1.334496551671171538e-01 1.420901023965880083e-01 9.213904870608180531e-02 6.716489912804755880e-02
-5.481883400285490759e-02 -1.953144695225664945e-02 3.199246582542287359e-02 8.290787837167884478e-02 1.238020175676268070e-01 1.334496551671171538e-01 1.007337983913695056e-01 1.287930331899034275e-01 9.280987227844052223e-02 8.041333623570696976e-02
-1.145576950711479497e-01 -7.779024951922634823e-02 -6.253173192990495004e-03 6.459013459402007662e-02 1.185686944987885127e-01 1.420901023965880083e-01 1.287930331899034275e-01 1.956933540133711791e-01 1.523550022545023808e-01 1.442398419096979911e-01
-1.292942829697300011e-01 -1.025415039787495736e-01 -4.322848348651896905e-02 1.581886389734379547e-02 6.579431001633324894e-02 9.213904870608180531e-02 9.280987227844052223e-02 1.523550022545023808e-01 1.372125495406008311e-01 1.488562187068969700e-01
-1.868911423065794664e-01 -1.603518764465771129e-01 -9.375589911733740733e-02 -3.133836410102980308e-02 2.849669115203902481e-02 6.716489912804755880e-02 8.041333623570696976e-02 1.442398419096979911e-01 1.488562187068969700e-01 1.953939166834388896e-01
2.172726323442515095e-01 1.713004388934808997e-01 1.102416799282426446e-01 8.188701209794192748e-02 5.702994726361089450e-02 3.573042569396361889e-02 -1.099582107796865174e-02 -6.873967151617957350e-02 -1.767524664209222385e-01 -2.107897155856811033e-01
1.713004388934808997e-01 1.679246404220312294e-01 1.282784959041374240e-01 1.141431888505961834e-01 9.618868600533571345e-02 8.707310298726017583e-02 4.433940579825592504e-02 -2.034332169461175455e-02 -1.079279592842188884e-01 -1.455441008919511614e-01
1.102416799282426446e-01 1.282784959041374240e-01 1.203549149109691824e-01 1.244634624595008232e-01 1.154527086363397459e-01 1.148025096073201634e-01 7.972287572799371946e-02 2.009442612968186798e-02 -3.910525667457505350e-02 -7.923462173834533440e-02
8.188701209794192748e-02 1.141431888505961834e-01 1.244634624595008232e-01 1.476453347571105856e-01 1.483263955190869954e-01 1.552321003067634320e-01 1.170044255998181487e-01 5.263432416612451314e-02 7.956373799833675944e-03 -4.191894505367266266e-02
5.702994726361089450e-02 9.618868600533571345e-02 1.154527086363397459e-01 1.483263955190869954e-01 1.710704441028498279e-01 1.968803711676676560e-01 1.489259450954252273e-01 7.692787414199547813e-02 4.442699819413302442e-02 -1.057959115415317564e-02
3.573042569396361889e-02 8.707310298726017583e-02 1.148025096073201634e-01 1.552321003067634320e-01 1.968803711676676560e-01 2.767862769904783082e-01 2.117333012634555478e-01 1.145945058269825373e-01 8.835565179296112071e-02 2.381251101061823000e-02
-1.099582107796865174e-02 4.433940579825592504e-02 7.972287572799371946e-02 1.170044255998181487e-01 1.489259450954252273e-01 2.117333012634555478e-01 1.944254357528848454e-01 1.222426420870950659e-01 1.249157185702907819e-01 6.785332459697228369e-02
-6.873967151617957350e-02 -2.034332169461175455e-02 2.009442612968186798e-02 5.263432416612451314e-02 7.692787414199547813e-02 1.145945058269825373e-01 1.222426420870950659e-01 1.092110801912544310e-01 1.637771067182723084e-01 1.153353405505072038e-01
-1.767524664209222385e-01 -1.079279592842188884e-01 -3.910525667457505350e-02 7.956373799833675944e-03 4.442699819413302442e-02 8.835565179296112071e-02 1.249157185702907819e-01 1.637771067182723084e-01 3.326658634022713334e-01 2.494674047166036690e-01
-2.107897155856811033e-01 -1.455441008919511614e-01 -7.923462173834533440e-02 -4.191894505367266266e-02 -1.057959115415317564e-02 2.381251101061823000e-02 6.785332459697228369e-02 1.153353405505072038e-01 2.494674047166036690e-01 2.626433771258984140e-01
1.284949027053697290e-01 1.123908888996801581e-01 1.139750498524168404e-01 9.264466408037125289e-02 5.016192641529283042e-02 -3.252906801189011255e-03 -5.867331573684207019e-02 -1.046592870178187362e-01 -1.293876421061849746e-01 -1.555851754091537309e-01
1.123908888996801581e-01 1.232122423846327974e-01 1.492722396927669837e-01 1.373082114885236238e-01 9.593754805192233892e-02 4.658983565906932994e-02 -1.073408570832004756e-02 -5.980234503119981337e-02 -8.780554708338242365e-02 -1.160022915255355253e-01
1.139750498524168404e-01 1.492722396927669837e-01 2.164209098393222175e-01 2.173804125721056635e-01 1.618326323503890829e-01 1.055942487072799307e-01 3.889324697841735345e-02 -2.105881379489472557e-02 -6.183393026756037192e-02 -9.921526378743582286e-02
9.264466408037125289e-02 1.373082114885236238e-01 2.173804125721056635e-01 2.713342555273199341e-01 2.142707605066831167e-01 1.530182774570992277e-01 8.680292519517408822e-02 2.876240089425988883e-02 -2.057880195590140043e-02 -6.482799137081375618e-02
5.016192641529283042e-02 9.593754805192233892e-02 1.618326323503890829e-01 2.142707605066831167e-01 2.188770994262129177e-01 1.799759928819915089e-01 1.248833807071352830e-01 7.853262352922003864e-02 3.180639837328395197e-02 -1.087497648255379007e-02
-3.252906801189011255e-03 4.658983565906932994e-02 1.055942487072799307e-01 1.530182774570992277e-01 1.799759928819915089e-01 1.903676709782689269e-01 1.634961566887729867e-01 1.333530700242472333e-01 8.978670876482097718e-02 5.337135546774270101e-02
-5.867331573684207019e-02 -1.073408570832004756e-02 3.889324697841735345e-02 8.680292519517408822e-02 1.248833807071352830e-01 1.634961566887729867e-01 1.876825864164777258e-01 1.869179822340637787e-01 1.446848931087178214e-01 1.134468927851940007e-01
-1.046592870178187362e-01 -5.980234503119981337e-02 -2.105881379489472557e-02 2.876240089425988883e-02 7.853262352922003864e-02 1.333530700242472333e-01 1.869179822340637787e-01 2.338133546169785804e-01 1.980187043156501348e-01 1.659775631540739704e-01
-1.293876421061849746e-01 -8.780554708338242365e-02 -6.183393026756037192e-02 -2.057880195590140043e-02 3.180639837328395197e-02 8.978670876482097718e-02 1.446848931087178214e-01 1.980187043156501348e-01 2.098880033237461029e-01 1.950942212957501032e-01
-1.555851754091537309e-01 -1.160022915255355253e-01 -9.921526378743582286e-02 -6.482799137081375618e-02 -1.087497648255379007e-02 5.337135546774270101e-02 1.134468927851940007e-01 1.659775631540739704e-01 1.950942212957501032e-01 2.199089747816718732e-01
2.316945405292109017e-01 1.265075549090529383e-01 1.425658267409155855e-01 1.058439118574866084e-01 8.672307930976108636e-02 3.028668914123691658e-02 -3.144024431907257999e-02 -9.826037734624762376e-02 -1.454808495282110536e-01 -2.154199010441891771e-01
1.265075549090529383e-01 8.222824233572161023e-02 1.096848336703673404e-01 8.890022925068842563e-02 8.184933209806538601e-02 4.409998749524171591e-02 1.291543334182968655e-02 -3.515810417558676293e-02 -7.115245796930877442e-02 -1.114971000217016700e-01
1.425658267409155855e-01 1.096848336703673404e-01 1.730239061968054104e-01 1.511654171533491076e-01 1.499152231997779861e-01 9.452904923191050857e-02 6.388639846110290288e-02 -5.879297689874468658e-03 -6.441035952640070117e-02 -1.169932075459178267e-01
1.058439118574866084e-01 8.890022925068842563e-02 1.511654171533491076e-01 1.519763163391317229e-01 1.700369936122046455e-01 1.162728131934639419e-01 9.680551484365508552e-02 3.509637477687357898e-02 -2.583567910036946302e-02 -7.801542025042253192e-02
8.672307930976108636e-02 8.184933209806538601e-02 1.499152231997779861e-01 1.700369936122046455e-01 2.279473597380017313e-01 1.706744879606123810e-01 1.620590352271710499e-01 9.475664391850743828e-02 1.832483714460597657e-02 -4.677730863616667151e-02
3.028668914123691658e-02 4.409998749524171591e-02 9.452904923191050857e-02 1.162728131934639419e-01 1.706744879606123810e-01 1.629415868654054411e-01 1.927637695019360775e-01 1.335009761262865580e-01 6.454888623836309292e-02 1.125847258541841367e-02
-3.144024431907257999e-02 1.291543334182968655e-02 6.388639846110290288e-02 9.680551484365508552e-02 1.620590352271710499e-01 1.927637695019360775e-01 3.026554781033254926e-01 2.302755692841924329e-01 1.403316025376310505e-01 8.495837264306907444e-02
-9.826037734624762376e-02 -3.515810417558676293e-02 -5.879297689874468658e-03 3.509637477687357898e-02 9.475664391850743828e-02 1.335009761262865580e-01 2.302755692841924329e-01 2.444595072264956759e-01 1.808283344473335386e-01 1.439991153940075319e-01
