4.000007754719551722e-01 2.294424166944920018e-01 1.094482158210889899e-01 4.467820176462199838e-02 3.096410443495088705e-02 5.211432821624643538e-03 -6.933400987407482320e-03 -1.175232354296546627e-02 -2.349210867117955404e-02 -5.063907651588227254e-02 -5.728535566204049495e-02 -1.544660240328939449e-01
2.294424166944920018e-01 4.390344127492945003e-01 1.533033840154118810e-01 5.144779175617102129e-02 3.281221964521958967e-02 7.477559970000092343e-03 -2.824413580263383794e-03 -6.900071715082668235e-03 -1.660185054591326384e-02 -3.962774044378865324e-02 -4.278073365425518609e-02 -1.034173776774453268e-01
1.094482158210889899e-01 1.533033840154118810e-01 6.244088151962007283e-02 3.123155362034052418e-02 4.511511424907742318e-02 2.054140356473922388e-02 1.273067120725824078e-02 7.750926619695529263e-03 3.672253194311902395e-03 -8.915393260391412181e-03 -1.647016470366806373e-02 -4.669601677584951649e-02
4.467820176462199838e-02 5.144779175617102129e-02 3.123155362034052418e-02 3.957409511547136521e-02 1.013218873879647985e-01 5.436823651334257712e-02 4.172025493588507605e-02 3.041569347445854943e-02 2.812195374866280351e-02 1.747400734812423057e-02 1.464982252743340777e-04 -1.619708849720492491e-02
3.096410443495088705e-02 3.281221964521958967e-02 4.511511424907742318e-02 1.013218873879647985e-01 2.944429684918085099e-01 1.615754323423904959e-01 1.266084931689457904e-01 9.279761873561728769e-02 8.775690947389551411e-02 6.609664454546933243e-02 1.731039431916422608e-02 -4.716670980623760209e-03
5.211432821624643538e-03 7.477559970000092343e-03 2.054140356473922388e-02 5.436823651334257712e-02 1.615754323423904959e-01 9.151461619255049640e-02 7.602455435562247010e-02 6.058395238844699326e-02 6.222978969582342035e-02 4.627154421410479418e-02 1.365560704505118864e-02 3.005392579351448719e-03
-6.933400987407482320e-03 -2.824413580263383794e-03 1.273067120725824078e-02 4.172025493588507605e-02 1.266084931689457904e-01 7.602455435562247010e-02 7.430265567495553114e-02 7.390033176386623381e-02 9.159610987377787839e-02 6.357373552624001611e-02 1.916688008112964886e-02 8.770411543297577592e-03
-1.175232354296546627e-02 -6.900071715082668235e-03 7.750926619695529263e-03 3.041569347445854943e-02 9.279761873561728769e-02 6.058395238844699326e-02 7.390033176386623381e-02 1.038563658782064303e-01 1.587682039220375263e-01 1.029795614176822333e-01 2.918240474882620797e-02 1.286598062286448130e-02
-2.349210867117955404e-02 -1.660185054591326384e-02 3.672253194311902395e-03 2.812195374866280351e-02 8.775690947389551411e-02 6.222978969582342035e-02 9.159610987377787839e-02 1.587682039220375263e-01 2.883593242755573827e-01 1.837222972313222180e-01 5.077368149584726709e-02 2.269899719780665154e-02
-5.063907651588227254e-02 -3.962774044378865324e-02 -8.915393260391412181e-03 1.747400734812423057e-02 6.609664454546933243e-02 4.627154421410479418e-02 6.357373552624001611e-02 1.029795614176822333e-01 1.837222972313222180e-01 1.264341101409906243e-01 3.934064668236908480e-02 2.963235178184139146e-02
-5.728535566204049495e-02 -4.278073365425518609e-02 -1.647016470366806373e-02 1.464982252743340777e-04 1.731039431916422608e-02 1.365560704505118864e-02 1.916688008112964886e-02 2.918240474882620797e-02 5.077368149584726709e-02 3.934064668236908480e-02 1.727222098461028352e-02 2.575270064816497645e-02
-1.544660240328939449e-01 -1.034173776774453268e-01 -4.669601677584951649e-02 -1.619708849720492491e-02 -4.716670980623760209e-03 3.005392579351448719e-03 8.770411543297577592e-03 1.286598062286448130e-02 2.269899719780665154e-02 2.963235178184139146e-02 2.575270064816497645e-02 6.276757350497970400e-02
3.147455910575229776e-01 1.108921518905262721e-01 1.038054363346581216e-01 6.323228832568927871e-02 8.400947735549801898e-02 2.952291649504589638e-02 2.179991638058416913e-03 -7.830611233358488257e-03 -2.214234838953667989e-02 -4.858352070092872288e-02 -6.902426685898169212e-02 -1.667246048922020885e-01
1.108921518905262721e-01 5.579022784518421207e-02 1.144340816163017527e-01 4.573889261130412859e-02 4.225646394788326599e-02 1.445950141460425331e-02 3.777315029371834665e-03 -1.219535997361511628e-03 -6.131573845541262412e-03 -1.606214308265940804e-02 -2.424369463098553085e-02 -5.888390537672365255e-02
1.038054363346581216e-01 1.144340816163017527e-01 4.221672872594594561e-01 1.370065836546556226e-01 8.919250026728919867e-02 2.854179838562550045e-02 1.274124248319371058e-02 3.260902429243062520e-03 -1.767620884790963715e-03 -1.388904754361515274e-02 -2.341645312058391118e-02 -5.614197025805735958e-02
6.323228832568927871e-02 4.573889261130412859e-02 1.370065836546556226e-01 5.134218355850644899e-02 4.450678965881319643e-02 2.096148538740661565e-02 2.734212808535171901e-02 1.151944981434332473e-02 9.817720084210303927e-03 3.555811949907705313e-03 -1.005269279881573080e-02 -3.269033496372680120e-02
8.400947735549801898e-02 4.225646394788326599e-02 8.919250026728919867e-02 4.450678965881319643e-02 5.959104343166907181e-02 4.244604545312183341e-02 8.513069686844464135e-02 3.647598299153061163e-02 3.305666375309412180e-02 2.571959177899249896e-02 -6.188430063583831749e-03 -4.093343750391820884e-02
2.952291649504589638e-02 1.445950141460425331e-02 2.854179838562550045e-02 2.096148538740661565e-02 4.244604545312183341e-02 4.883208602353443506e-02 1.293606726746562297e-01 5.145905390796830930e-02 3.913959221353730672e-02 3.482345178607157421e-02 6.576957342161503586e-03 -1.142238093930691284e-02
2.179991638058416913e-03 3.777315029371834665e-03 1.274124248319371058e-02 2.734212808535171901e-02 8.513069686844464135e-02 1.293606726746562297e-01 3.819435743275073625e-01 1.455215032387417728e-01 9.677650599714995860e-02 8.715772711003083595e-02 2.946200473936454525e-02 8.997241607600717575e-03
-7.830611233358488257e-03 -1.219535997361511628e-03 3.260902429243062520e-03 1.151944981434332473e-02 3.647598299153061163e-02 5.145905390796830930e-02 1.455215032387417728e-01 7.307558391872198689e-02 8.543890324048655782e-02 9.277559218245109984e-02 3.069299534193844700e-02 1.303225554843354811e-02
-2.214234838953667989e-02 -6.131573845541262412e-03 -1.767620884790963715e-03 9.817720084210303927e-03 3.305666375309412180e-02 3.913959221353730672e-02 9.677650599714995860e-02 8.543890324048655782e-02 1.787303260897492030e-01 2.159531183600939264e-01 6.972465386254786401e-02 3.050969761593341420e-02
-4.858352070092872288e-02 -1.606214308265940804e-02 -1.388904754361515274e-02 3.555811949907705313e-03 2.571959177899249896e-02 3.482345178607157421e-02 8.715772711003083595e-02 9.277559218245109984e-02 2.159531183600939264e-01 2.816217283429776064e-01 9.398802619322234320e-02 4.965246636809449166e-02
-6.902426685898169212e-02 -2.424369463098553085e-02 -2.341645312058391118e-02 -1.005269279881573080e-02 -6.188430063583831749e-03 6.576957342161503586e-03 2.946200473936454525e-02 3.069299534193844700e-02 6.972465386254786401e-02 9.398802619322234320e-02 4.104329363574199530e-02 4.423262314835968434e-02
-1.667246048922020885e-01 -5.888390537672365255e-02 -5.614197025805735958e-02 -3.269033496372680120e-02 -4.093343750391820884e-02 -1.142238093930691284e-02 8.997241607600717575e-03 1.303225554843354811e-02 3.050969761593341420e-02 4.965246636809449166e-02 4.423262314835968434e-02 9.111707450942305164e-02
9.882858666735547248e-02 5.804370411056508638e-02 3.317295272591487543e-02 4.311852896265346013e-02 5.393425368019851701e-02 4.190501976616529262e-02 -1.608017254822168701e-02 -8.230190936531557588e-02 -7.660440971966203660e-02 -8.714422591406502383e-02 -1.296282537228965470e-01 -1.087824245957722674e-01
5.804370411056508638e-02 3.633985607251390831e-02 2.327995528112768511e-02 3.494895148263420237e-02 4.955501827283109034e-02 4.208974603127732528e-02 -4.150989116888845719e-04 -4.570476972807151900e-02 -4.510228087690153209e-02 -4.984589651277260280e-02 -7.019766591526582777e-02 -6.058663494625304846e-02
3.317295272591487543e-02 2.327995528112768511e-02 1.900322157254206307e-02 3.664777089293920487e-02 6.317586447883749567e-02 5.288174451191198638e-02 1.775065255080376589e-02 -1.383585793121058088e-02 -2.063348992372732865e-02 -2.502823991820894017e-02 -3.478687463906800226e-02 -3.179496240910440613e-02
4.311852896265346013e-02 3.494895148263420237e-02 3.664777089293920487e-02 8.651831992068288735e-02 1.719171316967597618e-01 1.236972189711742220e-01 5.943688832134833011e-02 1.086849554566989180e-02 -1.343302435924925188e-02 -2.448105009603340418e-02 -3.605794852687189966e-02 -3.667596841072135599e-02
5.393425368019851701e-02 4.955501827283109034e-02 6.317586447883749567e-02 1.719171316967597618e-01 4.144531062904556751e-01 2.238097125700275192e-01 1.187303629377878811e-01 5.348880063963742937e-02 3.147245281387876445e-03 -1.936044404414033471e-02 -3.532146422495197058e-02 -4.114022471770342054e-02
4.190501976616529262e-02 4.208974603127732528e-02 5.288174451191198638e-02 1.236972189711742220e-01 2.238097125700275192e-01 3.292498921012884661e-01 1.766925934363355322e-01 9.650037382951771880e-02 2.999492820514357283e-02 2.165423621761820502e-03 -1.355662908957788737e-02 -2.642057173087265787e-02
-1.608017254822168701e-02 -4.150989116888845719e-04 1.775065255080376589e-02 5.943688832134833011e-02 1.187303629377878811e-01 1.766925934363355322e-01 1.406588220485993634e-01 1.403688264078060965e-01 7.666399151732627981e-02 4.811879864257565670e-02 4.196248494141558566e-02 2.603241597210352934e-02
-8.230190936531557588e-02 -4.570476972807151900e-02 -1.383585793121058088e-02 1.086849554566989180e-02 5.348880063963742937e-02 9.650037382951771880e-02 1.403688264078060965e-01 2.372360681850252673e-01 1.562882326798366028e-01 1.154626208337297399e-01 1.139320731730356639e-01 8.896023440645936531e-02
-7.660440971966203660e-02 -4.510228087690153209e-02 -2.063348992372732865e-02 -1.343302435924925188e-02 3.147245281387876445e-03 2.999492820514357283e-02 7.666399151732627981e-02 1.562882326798366028e-01 1.194185981647793438e-01 1.022475989134236929e-01 1.118331195630425656e-01 8.413331277678795517e-02
-8.714422591406502383e-02 -4.984589651277260280e-02 -2.502823991820894017e-02 -2.448105009603340418e-02 -1.936044404414033471e-02 2.165423621761820502e-03 4.811879864257565670e-02 1.154626208337297399e-01 1.022475989134236929e-01 1.171938030376924733e-01 1.570161864868594437e-01 1.072969366912208261e-01
-1.296282537228965470e-01 -7.019766591526582777e-02 -3.478687463906800226e-02 -3.605794852687189966e-02 -3.532146422495197058e-02 -1.355662908957788737e-02 4.196248494141558566e-02 1.139320731730356639e-01 1.118331195630425656e-01 1.570161864868594437e-01 2.658878568414121402e-01 1.748463891467083586e-01
-1.087824245957722674e-01 -6.058663494625304846e-02 -3.179496240910440613e-02 -3.667596841072135599e-02 -4.114022471770342054e-02 -2.642057173087265787e-02 2.603241597210352934e-02 8.896023440645936531e-02 8.413331277678795517e-02 1.072969366912208261e-01 1.748463891467083586e-01 1.352118690976529813e-01
2.886658741087607671e-01 2.134794961279249392e-01 1.464169508518917695e-01 1.056999796552047649e-01 5.750107113179721285e-02 4.766154098494223938e-03 -1.442796704327745788e-02 -2.440128861951113351e-02 -4.537518741497147123e-02 -6.088379836680555407e-02 -6.078808150558660112e-02 -1.366845720658164121e-01
2.134794961279249392e-01 2.395318033261013002e-01 1.814099087802211463e-01 1.287474133955601174e-01 7.656953884630553209e-02 2.947425389158690734e-02 5.115534643425884327e-03 -8.859181142198436013e-03 -2.861664176278313348e-02 -4.575469049129912702e-02 -4.750914084974869334e-02 -1.043071095219290090e-01
1.464169508518917695e-01 1.814099087802211463e-01 1.938366942314133368e-01 1.506486250396144033e-01 9.877610025380582914e-02 5.627430735034653908e-02 2.547933343310317816e-02 8.243264115925817703e-03 -8.640511418491998025e-03 -2.895202665943739234e-02 -3.537209154969483960e-02 -7.765248036432377543e-02
1.056999796552047649e-01 1.287474133955601174e-01 1.506486250396144033e-01 1.379012685446399100e-01 1.125180581242563732e-01 9.362240693158967175e-02 5.046375287686431094e-02 2.821532999096192096e-02 1.839361402069040335e-02 -2.491216758810343643e-03 -1.937431188101115115e-02 -5.435017472090021562e-02
5.750107113179721285e-02 7.656953884630553209e-02 9.877610025380582914e-02 1.125180581242563732e-01 1.413293268115264345e-01 1.733205034603507722e-01 9.707876564365422456e-02 5.729670958683895365e-02 5.182086285878459431e-02 3.165661498416863506e-02 2.035153053144651489e-03 -2.368479083505166394e-02
4.766154098494223938e-03 2.947425389158690734e-02 5.627430735034653908e-02 9.362240693158967175e-02 1.733205034603507722e-01 2.899111039552519919e-01 1.657208472482025186e-01 9.587118520749927930e-02 8.828795798717498089e-02 6.744830929454501134e-02 2.497263491956369652e-02 9.816847717546716562e-03
-1.442796704327745788e-02 5.115534643425884327e-03 2.547933343310317816e-02 5.046375287686431094e-02 9.707876564365422456e-02 1.657208472482025186e-01 1.115801926602936756e-01 8.039965256114804670e-02 9.107844070044567031e-02 7.103480523153310466e-02 2.807842289090056731e-02 1.829161069402743950e-02
-2.440128861951113351e-02 -8.859181142198436013e-03 8.243264115925817703e-03 2.821532999096192096e-02 5.729670958683895365e-02 9.587118520749927930e-02 8.039965256114804670e-02 9.002297083012002210e-02 1.349253266617896907e-01 1.062853922912040394e-01 4.025318365798170872e-02 2.589868449235535608e-02
-4.537518741497147123e-02 -2.861664176278313348e-02 -8.640511418491998025e-03 1.839361402069040335e-02 5.182086285878459431e-02 8.828795798717498089e-02 9.107844070044567031e-02 1.349253266617896907e-01 2.405917476610936467e-01 1.926679684682369165e-01 7.181139246861081848e-02 4.571217984991304828e-02
-6.088379836680555407e-02 -4.575469049129912702e-02 -2.895202665943739234e-02 -2.491216758810343643e-03 3.165661498416863506e-02 6.744830929454501134e-02 7.103480523153310466e-02 1.062853922912040394e-01 1.926679684682369165e-01 1.634492985150213795e-01 6.492054855464846064e-02 5.013828790512354916e-02
-6.078808150558660112e-02 -4.750914084974869334e-02 -3.537209154969483960e-02 -1.937431188101115115e-02 2.035153053144651489e-03 2.497263491956369652e-02 2.807842289090056731e-02 4.025318365798170872e-02 7.181139246861081848e-02 6.492054855464846064e-02 3.189036963618938070e-02 3.783839638453717624e-02
-1.366845720658164121e-01 -1.043071095219290090e-01 -7.765248036432377543e-02 -5.435017472090021562e-02 -2.368479083505166394e-02 9.816847717546716562e-03 1.829161069402743950e-02 2.589868449235535608e-02 4.571217984991304828e-02 5.013828790512354916e-02 3.783839638453717624e-02 7.128934971958766909e-02
1.203069997480887554e-01 1.560594487654405060e-01 1.053827819951719813e-01 4.275045830366092092e-02 3.793805633579781789e-02 3.971101144896464763e-02 3.499278671367474225e-02 1.339657015482219674e-02 -1.551849261725202905e-02 -5.926211902312899377e-02 -9.150429815635754971e-02 -1.427051757139259081e-01
1.560594487654405060e-01 3.068166971326872217e-01 1.947363502214203845e-01 7.045756474259243229e-02 5.385875269319491399e-02 5.365467361732036838e-02 5.016884139512803320e-02 3.057705057905163795e-02 -1.273835540766409154e-03 -4.940777262098429434e-02 -8.289556359769521821e-02 -1.323732560418983684e-01
1.053827819951719813e-01 1.947363502214203845e-01 1.366940081391815609e-01 5.217481248777765257e-02 4.442976118704312916e-02 4.860864304043395479e-02 4.974669150741187207e-02 3.652039037372815239e-02 1.209105222131803131e-02 -2.711545260247755218e-02 -5.965574934204301294e-02 -9.900918702624997292e-02
4.275045830366092092e-02 7.045756474259243229e-02 5.217481248777765257e-02 2.248755626884198222e-02 2.357706134048681568e-02 3.001134749224635898e-02 3.493967607435126410e-02 3.053823227450993411e-02 1.841753927998152074e-02 -1.063207789821075337e-03 -2.316378714212163209e-02 -4.476228328715775584e-02
3.793805633579781789e-02 5.385875269319491399e-02 4.442976118704312916e-02 2.357706134048681568e-02 3.274445110374255008e-02 4.884036752291845418e-02 6.407992833736868288e-02 6.333213845299971723e-02 4.732043645129930393e-02 2.429699698551869569e-02 -1.331482284444972589e-02 -4.298450902835979776e-02
3.971101144896464763e-02 5.365467361732036838e-02 4.860864304043395479e-02 3.001134749224635898e-02 4.884036752291845418e-02 7.987089114961484770e-02 1.128771807219447199e-01 1.178030451043306642e-01 8.904430158553600094e-02 5.907149958611536411e-02 -9.018653360756265962e-04 -4.346769589660774008e-02
3.499278671367474225e-02 5.016884139512803320e-02 4.974669150741187207e-02 3.493967607435126410e-02 6.407992833736868288e-02 1.128771807219447199e-01 1.790037103730613699e-01 2.038695643284212100e-01 1.409613247147897264e-01 1.019856845316306632e-01 2.121256821419827826e-02 -3.143006260382442962e-02
1.339657015482219674e-02 3.057705057905163795e-02 3.652039037372815239e-02 3.053823227450993411e-02 6.333213845299971723e-02 1.178030451043306642e-01 2.038695643284212100e-01 3.230246459929044800e-01 2.031523639322457553e-01 1.433008846986974227e-01 5.326383646440816660e-02 4.315409610086164832e-03
-1.551849261725202905e-02 -1.273835540766409154e-03 1.209105222131803131e-02 1.841753927998152074e-02 4.732043645129930393e-02 8.904430158553600094e-02 1.409613247147897264e-01 2.031523639322457553e-01 2.219377907971690767e-01 1.884018882736700207e-01 8.734257909130649367e-02 4.563393646766068096e-02
-5.926211902312899377e-02 -4.940777262098429434e-02 -2.711545260247755218e-02 -1.063207789821075337e-03 2.429699698551869569e-02 5.907149958611536411e-02 1.019856845316306632e-01 1.433008846986974227e-01 1.884018882736700207e-01 2.228177566922905362e-01 1.346060548934390755e-01 1.106470370598930664e-01
-9.150429815635754971e-02 -8.289556359769521821e-02 -5.965574934204301294e-02 -2.316378714212163209e-02 -1.331482284444972589e-02 -9.018653360756265962e-04 2.121256821419827826e-02 5.326383646440816660e-02 8.734257909130649367e-02 1.346060548934390755e-01 1.292401995064072495e-01 1.525841209774020379e-01
-1.427051757139259081e-01 -1.323732560418983684e-01 -9.900918702624997292e-02 -4.476228328715775584e-02 -4.298450902835979776e-02 -4.346769589660774008e-02 -3.143006260382442962e-02 4.315409610086164832e-03 4.563393646766068096e-02 1.106470370598930664e-01 1.525841209774020379e-01 2.250552930960102171e-01
1.736467905622180452e-01 1.854130183346631433e-01 1.158752228592556249e-01 5.806836509361547327e-02 3.527553230811697471e-02 1.352763040910010331e-02 -4.085137376737853557e-03 -1.949406435827667761e-02 -3.344554407671150587e-02 -6.007332279713596679e-02 -8.606621636310197998e-02 -1.666737575951547923e-01
1.854130183346631433e-01 4.077912752068305613e-01 1.870163423483576781e-01 8.359310704721846508e-02 6.082215666441970897e-02 4.418476574220710218e-02 1.800316422451497464e-02 7.869006862731512536e-03 -2.074363028438760102e-03 -2.635788762748856803e-02 -6.133364998783388811e-02 -1.343100025898212591e-01
1.158752228592556249e-01 1.870163423483576781e-01 1.313767904766879324e-01 7.862954288652998502e-02 7.874193108082391812e-02 7.137688969332110778e-02 3.552641605240537681e-02 2.662316164152337544e-02 1.930719828709485941e-02 2.197755932783528824e-03 -3.616559957193345859e-02 -9.540953831779669381e-02
5.806836509361547327e-02 8.359310704721846508e-02 7.862954288652998502e-02 6.695676052065346884e-02 8.894975235074281672e-02 9.249333184417837805e-02 4.934653112465309938e-02 4.057234320658147098e-02 3.409559045073511097e-02 2.521496935599076145e-02 -6.664309520735595474e-03 -4.295452789832287371e-02
3.527553230811697471e-02 6.082215666441970897e-02 7.874193108082391812e-02 8.894975235074281672e-02 1.424532934647363136e-01 1.591800408846356096e-01 8.770250967670199793e-02 7.472493008474709320e-02 6.513245809353464255e-02 5.880735574673467969e-02 1.913133680049067600e-02 -1.115469141416792695e-02
1.352763040910010331e-02 4.418476574220710218e-02 7.137688969332110778e-02 9.249333184417837805e-02 1.591800408846356096e-01 1.861453834570946375e-01 1.054646125270085888e-01 9.346680738928289656e-02 8.419922225432766028e-02 7.999985265065334694e-02 3.785562547763837021e-02 1.629470108937311479e-02
-4.085137376737853557e-03 1.800316422451497464e-02 3.552641605240537681e-02 4.934653112465309938e-02 8.770250967670199793e-02 1.054646125270085888e-01 6.464095251069332249e-02 6.515860109369760178e-02 6.675180087973836551e-02 6.794288497263223370e-02 3.457316075313396353e-02 2.450991216236369022e-02
-1.949406435827667761e-02 7.869006862731512536e-03 2.662316164152337544e-02 4.057234320658147098e-02 7.472493008474709320e-02 9.346680738928289656e-02 6.515860109369760178e-02 8.268333630668062151e-02 1.026649428163089878e-01 1.142810971093950745e-01 5.606112857768903029e-02 4.439180942874208780e-02
-3.344554407671150587e-02 -2.074363028438760102e-03 1.930719828709485941e-02 3.409559045073511097e-02 6.513245809353464255e-02 8.419922225432766028e-02 6.675180087973836551e-02 1.026649428163089878e-01 1.596261983699636122e-01 1.988276988475801699e-01 8.906166549480723504e-02 6.504710637697064257e-02
-6.007332279713596679e-02 -2.635788762748856803e-02 2.197755932783528824e-03 2.521496935599076145e-02 5.880735574673467969e-02 7.999985265065334694e-02 6.794288497263223370e-02 1.142810971093950745e-01 1.988276988475801699e-01 3.034843681650116753e-01 1.351051530688448521e-01 1.005446356332209967e-01
-8.606621636310197998e-02 -6.133364998783388811e-02 -3.616559957193345859e-02 -6.664309520735595474e-03 1.913133680049067600e-02 3.785562547763837021e-02 3.457316075313396353e-02 5.606112857768903029e-02 8.906166549480723504e-02 1.351051530688448521e-01 9.062939972864211824e-02 1.105046415212305455e-01
-1.666737575951547923e-01 -1.343100025898212591e-01 -9.540953831779669381e-02 -4.295452789832287371e-02 -1.115469141416792695e-02 1.629470108937311479e-02 2.450991216236369022e-02 4.439180942874208780e-02 6.504710637697064257e-02 1.005446356332209967e-01 1.105046415212305455e-01 1.905654512307884407e-01
2.534553021676552373e-02 4.656010691097334925e-02 7.184688548631533445e-02 2.823658828921709468e-02 2.060878156456210850e-02 1.605851953755922309e-02 1.716503579028794135e-02 -9.655400947841865505e-03 -3.098982856922959800e-02 -4.873468586752313647e-02 -4.592528815536076059e-02 -3.082497144675724193e-02
4.656010691097334925e-02 1.120245443182125572e-01 1.862219486287093329e-01 6.920742411482365408e-02 4.261296976888264559e-02 2.773519832172607544e-02 2.977401491131661040e-02 3.522410049676935866e-03 -2.038138536184793889e-02 -3.929537093594168834e-02 -4.113760450660349649e-02 -3.580954886930795555e-02
7.184688548631533445e-02 1.862219486287093329e-01 3.196812789050669235e-01 1.175591487744110375e-01 6.962298680347611679e-02 4.287521696604950500e-02 4.585390232823692569e-02 1.811489635871801895e-02 -1.050496952871503992e-02 -3.554452231269633611e-02 -4.213649903766841093e-02 -4.489165446286125238e-02
2.823658828921709468e-02 6.920742411482365408e-02 1.175591487744110375e-01 4.561096448968452594e-02 3.200552997197447791e-02 2.619305528345645256e-02 3.673011633596095366e-02 1.809563935908786725e-02 2.000837623784715823e-03 -1.653620617022500544e-02 -2.146210827796738926e-02 -2.048401152616606546e-02
2.060878156456210850e-02 4.261296976888264559e-02 6.962298680347611679e-02 3.200552997197447791e-02 3.461569884730741897e-02 4.308350058116382914e-02 7.780888408099015385e-02 4.165068745324154720e-02 1.745387086485533298e-02 -1.464006355002409054e-02 -2.442394795195834342e-02 -2.038457225222196217e-02
1.605851953755922309e-02 2.773519832172607544e-02 4.287521696604950500e-02 2.619305528345645256e-02 4.308350058116382914e-02 7.142880073400711960e-02 1.502251278518843547e-01 7.958904082433385097e-02 4.058636235643495876e-02 -3.972664085350187738e-03 -2.160745460925641431e-02 -1.888210142647838569e-02
1.716503579028794135e-02 2.977401491131661040e-02 4.585390232823692569e-02 3.673011633596095366e-02 7.780888408099015385e-02 1.502251278518843547e-01 3.566694360228397365e-01 1.881557929741200508e-01 1.035197339971897779e-01 2.754354740185954026e-02 -1.124087746178005498e-02 -1.750569954236726178e-02
-9.655400947841865505e-03 3.522410049676935866e-03 1.811489635871801895e-02 1.809563935908786725e-02 4.165068745324154720e-02 7.958904082433385097e-02 1.881557929741200508e-01 2.094534222839651016e-01 2.056457038349628896e-01 1.152329828870941042e-01 6.822855153114940063e-02 3.230251000634073999e-02
-3.098982856922959800e-02 -2.038138536184793889e-02 -1.050496952871503992e-02 2.000837623784715823e-03 1.745387086485533298e-02 4.058636235643495876e-02 1.035197339971897779e-01 2.056457038349628896e-01 3.363921542304644241e-01 2.009768209237415837e-01 1.291722837321502282e-01 6.968577756759342101e-02
-4.873468586752313647e-02 -3.929537093594168834e-02 -3.554452231269633611e-02 -1.653620617022500544e-02 -1.464006355002409054e-02 -3.972664085350187738e-03 2.754354740185954026e-02 1.152329828870941042e-01 2.009768209237415837e-01 2.648240635831936030e-01 1.946588280812618921e-01 1.045955468335533350e-01
-4.592528815536076059e-02 -4.113760450660349649e-02 -4.213649903766841093e-02 -2.146210827796738926e-02 -2.442394795195834342e-02 -2.160745460925641431e-02 -1.124087746178005498e-02 6.822855153114940063e-02 1.291722837321502282e-01 1.946588280812618921e-01 1.684902082496092801e-01 9.400400880268779125e-02
-3.082497144675724193e-02 -3.580954886930795555e-02 -4.489165446286125238e-02 -2.048401152616606546e-02 -2.038457225222196217e-02 -1.888210142647838569e-02 -1.750569954236726178e-02 3.230251000634073999e-02 6.968577756759342101e-02 1.045955468335533350e-01 9.400400880268779125e-02 5.546389811888224192e-02
9.925563335170949075e-02 7.436664049047239655e-02 1.084537283688288278e-01 6.025974540326480000e-02 4.392844900245541917e-02 6.296511602031819657e-03 -2.625087654479759183e-02 -4.497873250117773863e-02 -4.566687625690726837e-02 -1.054164969895585030e-01 -1.083348872735877960e-01 -5.732188810508367233e-02
7.436664049047239655e-02 7.663823676223477377e-02 1.493696956176494839e-01 7.271167046150972535e-02 4.877216656077317664e-02 1.773774750060651967e-02 -9.628706262443933669e-03 -2.544035486224432638e-02 -2.645745957883383764e-02 -6.100620469490707076e-02 -6.393384751919710396e-02 -3.743729035974797947e-02
1.084537283688288278e-01 1.493696956176494839e-01 3.645021036002048520e-01 1.645776002724408937e-01 1.013361943578906244e-01 5.107640690520921789e-02 9.536277046349579678e-03 -1.771974869679920558e-02 -2.473422056005513542e-02 -6.086980202663157952e-02 -6.642571406865324657e-02 -4.582780328836368045e-02
6.025974540326480000e-02 7.271167046150972535e-02 1.645776002724408937e-01 1.222451781045037350e-01 1.414678931399023509e-01 9.718757690036988750e-02 5.949582539680582649e-02 3.346314295997383087e-02 1.183331055332955154e-03 -2.570306864836094038e-02 -3.466832588155475958e-02 -2.558049642178420596e-02
4.392844900245541917e-02 4.877216656077317664e-02 1.013361943578906244e-01 1.414678931399023509e-01 2.580995414336197946e-01 1.980894229830504061e-01 1.349393458549560665e-01 9.707978949039988703e-02 3.006942204412345332e-02 7.759186288960869503e-03 -8.674659363901665241e-03 -1.465803331513239674e-02
6.296511602031819657e-03 1.773774750060651967e-02 5.107640690520921789e-02 9.718757690036988750e-02 1.980894229830504061e-01 2.063368748023687860e-01 1.804459714416755123e-01 1.315302116430896451e-01 4.933848456577311081e-02 4.270081362684712695e-02 2.770788087952984202e-02 5.934540732785422920e-03
-2.625087654479759183e-02 -9.628706262443933669e-03 9.536277046349579678e-03 5.949582539680582649e-02 1.349393458549560665e-01 1.804459714416755123e-01 2.715346743726215761e-01 2.058099852872841418e-01 7.601934086230292820e-02 7.092035072470347090e-02 5.469843213074786908e-02 2.240298017960249202e-02
-4.497873250117773863e-02 -2.544035486224432638e-02 -1.771974869679920558e-02 3.346314295997383087e-02 9.707978949039988703e-02 1.315302116430896451e-01 2.058099852872841418e-01 1.895695905032703799e-01 7.810891391566190944e-02 8.878974971611972022e-02 7.442269013540263323e-02 3.302294172245940490e-02
-4.566687625690726837e-02 -2.645745957883383764e-02 -2.473422056005513542e-02 1.183331055332955154e-03 3.006942204412345332e-02 4.933848456577311081e-02 7.601934086230292820e-02 7.810891391566190944e-02 4.600054656868184100e-02 7.745852879639050781e-02 7.187001970399961581e-02 3.269965737296590125e-02
-1.054164969895585030e-01 -6.100620469490707076e-02 -6.086980202663157952e-02 -2.570306864836094038e-02 7.759186288960869503e-03 4.270081362684712695e-02 7.092035072470347090e-02 8.878974971611972022e-02 7.745852879639050781e-02 1.675819400914057011e-01 1.626664038689650815e-01 7.479051111147841380e-02
-1.083348872735877960e-01 -6.393384751919710396e-02 -6.642571406865324657e-02 -3.466832588155475958e-02 -8.674659363901665241e-03 2.770788087952984202e-02 5.469843213074786908e-02 7.442269013540263323e-02 7.187001970399961581e-02 1.626664038689650815e-01 1.612639601106664600e-01 7.527937822190032546e-02
-5.732188810508367233e-02 -3.743729035974797947e-02 -4.582780328836368045e-02 -2.558049642178420596e-02 -1.465803331513239674e-02 5.934540732785422920e-03 2.240298017960249202e-02 3.302294172245940490e-02 3.269965737296590125e-02 7.479051111147841380e-02 7.527937822190032546e-02 3.697172029871506616e-02
6.140861867609489350e-02 1.521789993608489433e-01 1.068578060836226362e-01 5.920444216583604924e-02 2.436264012930157430e-02 -6.118571235809836667e-03 -8.299935568203256619e-03 -1.314294865169493912e-02 -1.607989271058013828e-02 -7.928692576775071485e-03 -1.087692242797483506e-02 -3.332882863396623846e-02
1.521789993608489433e-01 4.029790745403075691e-01 2.300120678828730392e-01 1.319618078163323771e-01 6.096756249504331482e-02 -2.518354918123493890e-03 -1.264473423133852248e-02 -2.192250089927086365e-02 -2.915396607449117355e-02 -1.610267649029472822e-02 -2.501707479365021178e-02 -7.947876415742161083e-02
1.068578060836226362e-01 2.300120678828730392e-01 3.919106916344741176e-01 1.841867196387420580e-01 7.856120179142758730e-02 9.011693028780552034e-03 -7.106661583489872099e-03 -1.669383292602557786e-02 -2.473522677559537170e-02 -1.415663739917159651e-02 -2.188233751804108049e-02 -6.571011770489773585e-02
5.920444216583604924e-02 1.319618078163323771e-01 1.841867196387420580e-01 1.062671915633175146e-01 7.203715542699783148e-02 6.020833990911743372e-02 2.237529488712987694e-02 1.567908124990493451e-02 9.270033102986345586e-03 -6.456206778244497416e-04 -9.607389220411349795e-03 -3.438665893073891699e-02
2.436264012930157430e-02 6.096756249504331482e-02 7.856120179142758730e-02 7.203715542699783148e-02 1.094527710004386256e-01 1.699332411735107740e-01 7.557850279323935494e-02 6.403434482400358063e-02 5.586142507742707791e-02 1.602044923406927696e-02 1.279489703317689651e-03 -1.086047209907158896e-02
-6.118571235809836667e-03 -2.518354918123493890e-03 9.011693028780552034e-03 6.020833990911743372e-02 1.699332411735107740e-01 3.226013540067120267e-01 1.460000843620624655e-01 1.203807479485694554e-01 1.075322753976312301e-01 3.434206293460025095e-02 1.187477457316787541e-02 9.920571851171653549e-03
-8.299935568203256619e-03 -1.264473423133852248e-02 -7.106661583489872099e-03 2.237529488712987694e-02 7.557850279323935494e-02 1.460000843620624655e-01 8.532884115293648541e-02 1.119393940740358445e-01 1.007857530328581386e-01 2.959323251865238202e-02 9.776222168811452007e-03 8.957459604156380387e-03
-1.314294865169493912e-02 -2.192250089927086365e-02 -1.669383292602557786e-02 1.567908124990493451e-02 6.403434482400358063e-02 1.203807479485694554e-01 1.119393940740358445e-01 2.509487900243959624e-01 2.294455885052418820e-01 6.294843435868079096e-02 1.861714664984532100e-02 1.446466480975578534e-02
-1.607989271058013828e-02 -2.915396607449117355e-02 -2.473522677559537170e-02 9.270033102986345586e-03 5.586142507742707791e-02 1.075322753976312301e-01 1.007857530328581386e-01 2.294455885052418820e-01 2.294118928908960575e-01 6.282111115774310917e-02 1.891501662719432750e-02 1.595158906362593998e-02
-7.928692576775071485e-03 -1.610267649029472822e-02 -1.415663739917159651e-02 -6.456206778244497416e-04 1.602044923406927696e-02 3.434206293460025095e-02 2.959323251865238202e-02 6.294843435868079096e-02 6.282111115774310917e-02 1.756404092812864637e-02 5.858699162621636841e-03 6.426656315033476945e-03
-1.087692242797483506e-02 -2.501707479365021178e-02 -2.188233751804108049e-02 -9.607389220411349795e-03 1.279489703317689651e-03 1.187477457316787541e-02 9.776222168811452007e-03 1.861714664984532100e-02 1.891501662719432750e-02 5.858699162621636841e-03 3.212782800627350405e-03 6.685729864205541828e-03
-3.332882863396623846e-02 -7.947876415742161083e-02 -6.571011770489773585e-02 -3.438665893073891699e-02 -1.086047209907158896e-02 9.920571851171653549e-03 8.957459604156380387e-03 1.446466480975578534e-02 1.595158906362593998e-02 6.426656315033476945e-03 6.685729864205541828e-03 1.891395078167004695e-02
2.865899271366271206e-01 2.098926889155297293e-01 8.078624960200939120e-02 3.284834284807928995e-02 2.660918173370146762e-03 -6.236050336047273268e-03 -1.083629811640954115e-02 -1.785865205018421359e-02 -1.567911864310987669e-02 -3.410984307223580148e-02 -9.239630976172454047e-02 -2.154510995892190695e-01
2.098926889155297293e-01 4.190157674412363087e-01 1.369029973010196244e-01 6.818892055168045141e-02 2.739105730387395021e-02 9.855192684980132109e-03 4.050524584921908443e-03 2.938280908214389257e-03 9.422603012186121134e-04 -5.495617657496168137e-03 -5.941785741567571361e-02 -1.433159201820321249e-01
8.078624960200939120e-02 1.369029973010196244e-01 8.173574043634862507e-02 1.211781465417407638e-01 6.919178594189885623e-02 3.144583302028269856e-02 1.778437299702034791e-02 1.680675223300507476e-02 9.543789646686090533e-03 9.804137161433008549e-03 -1.625102546264150377e-02 -5.183768554376640136e-02
3.284834284807928995e-02 6.818892055168045141e-02 1.211781465417407638e-01 3.061486967181619723e-01 1.861180489593746989e-01 8.704343498672245660e-02 5.049216284224929824e-02 4.807916567872281416e-02 2.714605123225581965e-02 3.219765105994351617e-02 1.265195680228005208e-02 -3.496316472052309748e-03
2.660918173370146762e-03 2.739105730387395021e-02 6.919178594189885623e-02 1.861180489593746989e-01 1.172619297009498546e-01 5.650026141382044620e-02 3.444216037632773231e-02 3.467259008586521390e-02 2.091813773570488921e-02 2.735021475747457381e-02 1.668485127647005573e-02 1.431974081292571727e-02
-6.236050336047273268e-03 9.855192684980132109e-03 3.144583302028269856e-02 8.704343498672245660e-02 5.650026141382044620e-02 2.841487975101032737e-02 1.858816142705149027e-02 2.023763577177609824e-02 1.363008940226392331e-02 2.077899011573062713e-02 1.328276773983088667e-02 1.467345087267695608e-02
-1.083629811640954115e-02 4.050524584921908443e-03 1.778437299702034791e-02 5.049216284224929824e-02 3.444216037632773231e-02 1.858816142705149027e-02 1.372139872954009771e-02 1.701510482628125487e-02 1.410693735653987570e-02 2.762047603415849345e-02 1.524287225859230661e-02 1.684040340306991110e-02
-1.785865205018421359e-02 2.938280908214389257e-03 1.680675223300507476e-02 4.807916567872281416e-02 3.467259008586521390e-02 2.023763577177609824e-02 1.701510482628125487e-02 2.446264269967614660e-02 2.592843961252973284e-02 6.325218112851575814e-02 2.812371192369574752e-02 2.604894719824524252e-02
-1.567911864310987669e-02 9.422603012186121134e-04 9.543789646686090533e-03 2.714605123225581965e-02 2.091813773570488921e-02 1.363008940226392331e-02 1.410693735653987570e-02 2.592843961252973284e-02 4.061607779054497019e-02 1.245463619765812407e-01 4.261980087119657257e-02 2.544792868428732979e-02
-3.410984307223580148e-02 -5.495617657496168137e-03 9.804137161433008549e-03 3.219765105994351617e-02 2.735021475747457381e-02 2.077899011573062713e-02 2.762047603415849345e-02 6.325218112851575814e-02 1.245463619765812407e-01 4.225813638830913654e-01 1.313034686171749565e-01 6.000059653300114648e-02
-9.239630976172454047e-02 -5.941785741567571361e-02 -1.625102546264150377e-02 1.265195680228005208e-02 1.668485127647005573e-02 1.328276773983088667e-02 1.524287225859230661e-02 2.812371192369574752e-02 4.261980087119657257e-02 1.313034686171749565e-01 7.120425481752744312e-02 8.989026450476582386e-02
-2.154510995892190695e-01 -1.433159201820321249e-01 -5.183768554376640136e-02 -3.496316472052309748e-03 1.431974081292571727e-02 1.467345087267695608e-02 1.684040340306991110e-02 2.604894719824524252e-02 2.544792868428732979e-02 6.000059653300114648e-02 8.989026450476582386e-02 1.882473208952828714e-01
3.951753218943993007e-01 1.808936490236109640e-01 1.463675250780504533e-01 7.938373629699728429e-02 2.569805640540213931e-02 1.017868773805684357e-02 -9.500073938126622763e-04 -7.057760291469766453e-03 -1.052706522430790423e-02 -2.667822493609637441e-02 -5.089688834494947300e-02 -1.684868710528488189e-01
1.808936490236109640e-01 1.716385207388464729e-01 1.941191633946420247e-01 1.017657394308961738e-01 3.425508786353027857e-02 2.024834504586334877e-02 1.194157416122648176e-02 6.711562728057467522e-03 2.886950816114690257e-03 -4.335072757044036544e-03 -2.742176798620460723e-02 -9.243390189544875568e-02
1.463675250780504533e-01 1.941191633946420247e-01 2.717928257599468433e-01 1.432605959247115202e-01 5.011955652260942362e-02 3.557490410203560660e-02 2.858395282644132437e-02 2.266703955713063323e-02 1.702025031409496597e-02 1.591686490948922977e-02 -1.981148757061793747e-02 -8.468840584120718162e-02
7.938373629699728429e-02 1.017657394308961738e-01 1.432605959247115202e-01 7.943559958441698265e-02 3.224645417506552536e-02 3.354901338449542414e-02 3.714582649519850011e-02 3.324487674083528854e-02 2.412131728489073576e-02 2.800439711084784511e-02 -1.422229574535156978e-03 -3.966285853899557956e-02
2.569805640540213931e-02 3.425508786353027857e-02 5.011955652260942362e-02 3.224645417506552536e-02 2.016601781908692465e-02 3.594441448979438652e-02 4.994005320859805364e-02 4.661116551002496278e-02 3.049576149567120170e-02 3.534215271578323991e-02 1.210613000166516941e-02 -4.658030206850009847e-03
1.017868773805684357e-02 2.024834504586334877e-02 3.557490410203560660e-02 3.354901338449542414e-02 3.594441448979438652e-02 8.565893792675045859e-02 1.280556382542041294e-01 1.200740128689566644e-01 7.337944178797393968e-02 8.118199505975741415e-02 3.711015283565867462e-02 1.911710353015370900e-02
-9.500073938126622763e-04 1.194157416122648176e-02 2.858395282644132437e-02 3.714582649519850011e-02 4.994005320859805364e-02 1.280556382542041294e-01 1.980927062388513071e-01 1.870304601590591087e-01 1.083599127796918415e-01 1.120855341339177386e-01 5.447426673899838367e-02 3.603639451606339278e-02
-7.057760291469766453e-03 6.711562728057467522e-03 2.266703955713063323e-02 3.324487674083528854e-02 4.661116551002496278e-02 1.200740128689566644e-01 1.870304601590591087e-01 1.931501461014216714e-01 1.200674728596424767e-01 1.303775221390196803e-01 6.203892217539572207e-02 4.214661428535930454e-02
-1.052706522430790423e-02 2.886950816114690257e-03 1.702025031409496597e-02 2.412131728489073576e-02 3.049576149567120170e-02 7.337944178797393968e-02 1.083599127796918415e-01 1.200674728596424767e-01 1.161263970002618662e-01 1.692719474007143843e-01 7.492475182972560543e-02 4.721055294665725544e-02
-2.667822493609637441e-02 -4.335072757044036544e-03 1.591686490948922977e-02 2.800439711084784511e-02 3.534215271578323991e-02 8.118199505975741415e-02 1.120855341339177386e-01 1.303775221390196803e-01 1.692719474007143843e-01 3.039732597975419170e-01 1.324655970166211116e-01 8.403790614127917835e-02
-5.089688834494947300e-02 -2.742176798620460723e-02 -1.981148757061793747e-02 -1.422229574535156978e-03 1.210613000166516941e-02 3.711015283565867462e-02 5.447426673899838367e-02 6.203892217539572207e-02 7.492475182972560543e-02 1.324655970166211116e-01 6.402112468141890611e-02 5.704710597440200426e-02
