4.562061464037151515e-01 2.739590872786819009e-01 -6.588102747724800673e-03 -8.051159892024346842e-02 3.153975417320788177e-02 4.654338063750748655e-02 -1.797010188678888412e-02 -6.447051365387582167e-02 2.255975600836917019e-02 2.404229956099734333e-01
2.739590872786819009e-01 5.523647783793668165e-01 2.448201436514469420e-01 -1.757671049085507420e-02 -6.043687844105934820e-02 1.258416943331599688e-02 5.012349775730089163e-02 -1.890095616736097795e-03 -7.219997366003572115e-02 1.277374209146943038e-02
-6.588102747724800673e-03 2.448201436514469420e-01 4.689580809740835354e-01 2.690092395838737938e-01 -3.980808568060132530e-02 -7.371385236479316427e-02 1.034486058497373698e-02 5.041257628443752969e-02 -6.469146456234075096e-03 -6.697782975877814016e-02
-8.051159892024346842e-02 -1.757671049085507420e-02 2.690092395838737938e-01 5.873641846870509831e-01 2.447800928809302223e-01 -1.357281742563712368e-02 -7.409048333264584008e-02 -3.701542151129531572e-03 5.314444711178789582e-02 -2.300302836003834464e-03
3.153975417320788177e-02 -6.043687844105934820e-02 -3.980808568060132530e-02 2.447800928809302223e-01 5.114080746037013014e-01 2.737850314526100171e-01 2.518716850896954990e-02 -7.137400922489395283e-02 -1.766972878663424298e-02 5.067128218224729169e-02
4.654338063750748655e-02 1.258416943331599688e-02 -7.371385236479316427e-02 -1.357281742563712368e-02 2.737850314526100171e-01 4.585747263020786835e-01 2.422641647742520832e-01 2.004348029778234980e-02 -6.221783224948811142e-02 -5.895433698399648280e-03
-1.797010188678888412e-02 5.012349775730089163e-02 1.034486058497373698e-02 -7.409048333264584008e-02 2.518716850896954990e-02 2.422641647742520832e-01 4.798257600675066015e-01 2.621525100294199717e-01 5.094139281790753190e-03 -7.297230442799285122e-02
-6.447051365387582167e-02 -1.890095616736097795e-03 5.041257628443752969e-02 -3.701542151129531572e-03 -7.137400922489395283e-02 2.004348029778234980e-02 2.621525100294199717e-01 4.910918256626219947e-01 2.445945555586389042e-01 -7.876584716376222942e-03
2.255975600836917019e-02 -7.219997366003572115e-02 -6.469146456234075096e-03 5.314444711178789582e-02 -1.766972878663424298e-02 -6.221783224948811142e-02 5.094139281790753190e-03 2.445945555586389042e-01 5.243377596981332323e-01 2.647832878379313692e-01
2.404229956099734333e-01 1.277374209146943038e-02 -6.697782975877814016e-02 -2.300302836003834464e-03 5.067128218224729169e-02 -5.895433698399648280e-03 -7.297230442799285122e-02 -7.876584716376222942e-03 2.647832878379313692e-01 4.698686632217322079e-01
4.918870284404134319e-01 2.458455911102301883e-01 5.308000174384920611e-02 -7.003992155092741978e-02 -5.694441202771742538e-02 5.683670909974935376e-02 2.825189157016749775e-02 -8.530208905672551079e-02 -1.281022222028311425e-02 2.719346021881067221e-01
2.458455911102301883e-01 3.558565289217459626e-01 2.660663772982519437e-01 3.114216836495840857e-02 -8.229473385742983038e-02 -1.350410611108566333e-02 8.524154429064863259e-02 -2.016894848852908081e-02 -8.339868340522263446e-02 3.195287486655574993e-02
5.308000174384920611e-02 2.660663772982519437e-01 5.461298906794724850e-01 2.686638900595663682e-01 2.696516970004297215e-02 -8.806372039323059897e-02 2.490921537652354689e-02 5.092591056862230681e-02 -3.063990001221320036e-02 -6.768025430166463297e-02
-7.003992155092741978e-02 3.114216836495840857e-02 2.686638900595663682e-01 4.258624584076652342e-01 2.559401199857677667e-01 8.760287000872394453e-03 -9.280080714639224460e-02 2.071848182401563043e-02 5.796568816548886699e-02 -2.100702284545365867e-02
-5.694441202771742538e-02 -8.229473385742983038e-02 2.696516970004297215e-02 2.559401199857677667e-01 4.744374130743362339e-01 2.806924224620237496e-01 -6.449756996645303331e-02 -6.051624129415372755e-02 4.912979115531936058e-02 4.283762337674029697e-02
5.683670909974935376e-02 -1.350410611108566333e-02 -8.806372039323059897e-02 8.760287000872394453e-03 2.806924224620237496e-01 6.094338955646401157e-01 2.457504534342754565e-01 -4.950952812337509196e-02 -6.878220834549746143e-02 2.532070973016910254e-02
2.825189157016749775e-02 8.524154429064863259e-02 2.490921537652354689e-02 -9.280080714639224460e-02 -6.449756996645303331e-02 2.457504534342754565e-01 5.576302579233591850e-01 2.611830047688786793e-01 -2.709503010725939492e-02 -8.062316680349543296e-02
-8.530208905672551079e-02 -2.016894848852908081e-02 5.092591056862230681e-02 2.071848182401563043e-02 -6.051624129415372755e-02 -4.950952812337509196e-02 2.611830047688786793e-01 5.282560730369134649e-01 2.636328560581270297e-01 -1.257260467847760160e-03
-1.281022222028311425e-02 -8.339868340522263446e-02 -3.063990001221320036e-02 5.796568816548886699e-02 4.912979115531936058e-02 -6.878220834549746143e-02 -2.709503010725939492e-02 2.636328560581270297e-01 4.911828040099252002e-01 2.536532447394277967e-01
2.719346021881067221e-01 3.195287486655574993e-02 -6.768025430166463297e-02 -2.100702284545365867e-02 4.283762337674029697e-02 2.532070973016910254e-02 -8.062316680349543296e-02 -1.257260467847760160e-03 2.536532447394277967e-01 5.193236499415362362e-01
4.913033445180006176e-01 2.386318080777505846e-01 -7.106868746310390783e-03 -6.672689222364941442e-02 1.545684086191919521e-02 4.989285954995370531e-02 -8.810043811367629374e-03 -7.660757732556794375e-02 3.072586530526036017e-02 2.811635996575169161e-01
2.386318080777505846e-01 4.468129949391231315e-01 2.945339214128470662e-01 -5.116706724509823001e-02 -7.275473219777457701e-02 3.464643802508052262e-02 5.224996066020279328e-02 -2.876434931511945292e-02 -6.188039311678186771e-02 2.890842237639704507e-02
-7.106868746310390783e-03 2.945339214128470662e-01 6.164775113478851987e-01 2.235800636053881796e-01 -3.223482009416203664e-02 -6.317498776423952078e-02 9.548698459699413513e-03 5.545719229875907541e-02 -1.683731078645805956e-02 -9.770918753717632022e-02
-6.672689222364941442e-02 -5.116706724509823001e-02 2.235800636053881796e-01 5.470310209447517558e-01 2.839726621582949195e-01 -1.088425591234053885e-02 -9.009019796026186688e-02 -2.334690092683943795e-03 6.743707748991459305e-02 2.600383645734851562e-02
1.545684086191919521e-02 -7.275473219777457701e-02 -3.223482009416203664e-02 2.839726621582949195e-01 4.766635068378569651e-01 2.393890394106876485e-01 1.784605564709492234e-02 -6.283433816602215782e-02 -4.433693884377686370e-03 5.075766867238146185e-02
4.989285954995370531e-02 3.464643802508052262e-02 -6.317498776423952078e-02 -1.088425591234053885e-02 2.393890394106876485e-01 5.216202677136683175e-01 2.760935633962813274e-01 5.637849153315973097e-03 -8.755986515634880951e-02 -2.610045598342655010e-02
-8.810043811367629374e-03 5.224996066020279328e-02 9.548698459699413513e-03 -9.009019796026186688e-02 1.784605564709492234e-02 2.760935633962813274e-01 4.375079800142348541e-01 2.410297228478660569e-01 -2.713725085249202827e-03 -6.496835534524972311e-02
-7.660757732556794375e-02 -2.876434931511945292e-02 5.545719229875907541e-02 -2.334690092683943795e-03 -6.283433816602215782e-02 5.637849153315973097e-03 2.410297228478660569e-01 5.767234959743234857e-01 2.868613534124716535e-01 2.592757941481092787e-02
3.072586530526036017e-02 -6.188039311678186771e-02 -1.683731078645805956e-02 6.743707748991459305e-02 -4.433693884377686370e-03 -8.755986515634880951e-02 -2.713725085249202827e-03 2.868613534124716535e-01 4.128687437539529381e-01 2.301693251978441657e-01
2.811635996575169161e-01 2.890842237639704507e-02 -9.770918753717632022e-02 2.600383645734851562e-02 5.075766867238146185e-02 -2.610045598342655010e-02 -6.496835534524972311e-02 2.592757941481092787e-02 2.301693251978441657e-01 4.729911339562002381e-01
5.500571497068998950e-01 2.308607382695565535e-01 7.752531359162633667e-03 -6.117117431635251540e-02 2.064999974527736287e-02 5.997345040715089393e-02 -3.330509612716208660e-03 -8.920497545837892395e-02 -3.140565637280389594e-02 2.871543837129848509e-01
2.308607382695565535e-01 5.791011093804661058e-01 2.963659140664464120e-01 9.435851637553239676e-03 -1.127499381625410302e-01 -3.607211928800169165e-02 5.944739108541533673e-02 4.348588786251155608e-02 -5.340530415050942503e-02 -5.414936380223875356e-02
7.752531359162633667e-03 2.963659140664464120e-01 3.514511627899507551e-01 2.377483849220718981e-01 -1.729807347661116088e-02 -6.607853317062585552e-02 2.419933783644135240e-03 5.613711914366891625e-02 1.056164655799808096e-02 -9.285027849908537856e-02
-6.117117431635251540e-02 9.435851637553239676e-03 2.377483849220718981e-01 6.765077668444643422e-01 3.048891163491372902e-01 1.221972294153600425e-02 -8.439932293335065949e-02 -1.878462785956869913e-02 4.903787351475496353e-02 7.694749121505491292e-03
2.064999974527736287e-02 -1.127499381625410302e-01 -1.729807347661116088e-02 3.048891163491372902e-01 3.587787012810673692e-01 2.186610971738086606e-01 4.623879012640304959e-02 -5.509857328959799627e-02 -3.455465835466971225e-02 6.481622043332908867e-02
5.997345040715089393e-02 -3.607211928800169165e-02 -6.607853317062585552e-02 1.221972294153600425e-02 2.186610971738086606e-01 4.743167776191359319e-01 2.919430969351833882e-01 2.236385237436359572e-02 -9.224816202003721655e-02 1.127805030536671235e-02
-3.330509612716208660e-03 5.944739108541533673e-02 2.419933783644135240e-03 -8.439932293335065949e-02 4.623879012640304959e-02 2.919430969351833882e-01 4.989308909131164316e-01 2.234134415234275139e-01 1.642232823208213469e-02 -6.583676311864952724e-02
-8.920497545837892395e-02 4.348588786251155608e-02 5.613711914366891625e-02 -1.878462785956869913e-02 -5.509857328959799627e-02 2.236385237436359572e-02 2.234134415234275139e-01 4.122719983159550683e-01 3.035385982587804898e-01 -1.999538716731746532e-02
-3.140565637280389594e-02 -5.340530415050942503e-02 1.056164655799808096e-02 4.903787351475496353e-02 -3.455465835466971225e-02 -9.224816202003721655e-02 1.642232823208213469e-02 3.035385982587804898e-01 5.914490255710752598e-01 2.249706258323756480e-01
2.871543837129848509e-01 -5.414936380223875356e-02 -9.285027849908537856e-02 7.694749121505491292e-03 6.481622043332908867e-02 1.127805030536671235e-02 -6.583676311864952724e-02 -1.999538716731746532e-02 2.249706258323756480e-01 5.071354175778731710e-01
4.372091024342846799e-01 2.536037371349449399e-01 -7.250466881642040305e-03 -6.623682469815697638e-02 -9.868714228162406288e-03 5.273484376278760044e-02 -8.014964618308920846e-03 -6.712032515735925908e-02 -7.098261795578519537e-03 2.593811536009971719e-01
2.536037371349449399e-01 5.484754128756628155e-01 2.593904647888510273e-01 1.101826704593624959e-02 -6.719542832332581206e-02 1.995830702576113910e-04 4.611977649182222305e-02 -1.015341286332093612e-02 -6.782082291859538314e-02 1.578806238518792870e-02
-7.250466881642040305e-03 2.593904647888510273e-01 4.720987508142815425e-01 2.454584028622343039e-01 2.690663817424321369e-02 -7.270519933108907096e-02 2.559098808035663655e-03 4.921798337395844741e-02 1.062161717147228415e-02 -7.175541013759066666e-02
-6.623682469815697638e-02 1.101826704593624959e-02 2.454584028622343039e-01 4.553252353079934589e-01 2.660211547516869723e-01 -1.098066905316045366e-02 -6.827454513715441875e-02 1.727983376118915823e-02 5.004030913510575107e-02 -1.727441845842677542e-02
-9.868714228162406288e-03 -6.719542832332581206e-02 2.690663817424321369e-02 2.660211547516869723e-01 5.237792565146301982e-01 2.517695959658867166e-01 -3.247158201960963914e-02 -6.367121349960014332e-02 5.486226819480792549e-03 4.375024670794869230e-02
5.273484376278760044e-02 1.995830702576113910e-04 -7.270519933108907096e-02 -1.098066905316045366e-02 2.517695959658867166e-01 5.375941880674550699e-01 2.508129535691456247e-01 -1.647180487131769122e-02 -7.232681064362832257e-02 1.129580392573038307e-02
-8.014964618308920846e-03 4.611977649182222305e-02 2.559098808035663655e-03 -6.827454513715441875e-02 -3.247158201960963914e-02 2.508129535691456247e-01 5.346472512148248146e-01 2.625919086618186959e-01 2.163664468167770041e-02 -6.793516857252750174e-02
-6.712032515735925908e-02 -1.015341286332093612e-02 4.921798337395844741e-02 1.727983376118915823e-02 -6.367121349960014332e-02 -1.647180487131769122e-02 2.625919086618186959e-01 4.524062957866538115e-01 2.508412065395022594e-01 -2.734316459577848524e-04
-7.098261795578519537e-03 -6.782082291859538314e-02 1.062161717147228415e-02 5.004030913510575107e-02 5.486226819480792549e-03 -7.232681064362832257e-02 2.163664468167770041e-02 2.508412065395022594e-01 4.997575376316388263e-01 2.513150996516748115e-01
2.593811536009971719e-01 1.578806238518792870e-02 -7.175541013759066666e-02 -1.727441845842677542e-02 4.375024670794869230e-02 1.129580392573038307e-02 -6.793516857252750174e-02 -2.734316459577848524e-04 2.513150996516748115e-01 5.387069693525869951e-01
5.380725264773462690e-01 2.719941731463233481e-01 2.823113164666748998e-02 -8.976405101932388719e-02 1.492939749091892060e-02 5.959247648360734700e-02 -1.633236193678146153e-02 -7.688720831698256375e-02 -2.443938920354750757e-02 2.340991635124307357e-01
2.719941731463233481e-01 4.117867443858690968e-01 2.583285339051656360e-01 -1.787145218894625048e-02 -6.215584987342320095e-02 2.106224865826743578e-02 4.359529841655876425e-02 -2.690107311290642483e-02 -8.343947552241204324e-02 -6.886200685143325194e-03
2.823113164666748998e-02 2.583285339051656360e-01 5.596265310865521370e-01 2.657636806641720528e-01 -5.378210851582484325e-02 -7.598722954940050067e-02 3.654782196574044711e-02 6.091133836294391340e-02 -5.134547369983525310e-03 -7.017816519035960376e-02
-8.976405101932388719e-02 -1.787145218894625048e-02 2.657636806641720528e-01 5.403348898577990944e-01 2.421790162185993855e-01 -1.369278045777601142e-02 -6.859436433931595523e-02 1.009024032117310579e-02 6.537016744373685961e-02 1.965897206269426323e-02
1.492939749091892060e-02 -6.215584987342320095e-02 -5.378210851582484325e-02 2.421790162185993855e-01 5.580744636691868932e-01 2.817174162324882492e-01 -2.251784518042281719e-02 -9.906373014548483513e-02 -2.645475454410742625e-02 4.777046773752382375e-02
5.959247648360734700e-02 2.106224865826743578e-02 -7.598722954940050067e-02 -1.369278045777601142e-02 2.817174162324882492e-01 4.562646903473228099e-01 2.432578073508506189e-01 1.196294047602546734e-02 -6.582088155040344279e-02 -2.580307952148522960e-02
-1.633236193678146153e-02 4.359529841655876425e-02 3.654782196574044711e-02 -6.859436433931595523e-02 -2.251784518042281719e-02 2.432578073508506189e-01 5.792245620507531223e-01 2.961294582752614923e-01 4.429325314539379194e-02 -7.162135652055763579e-02
-7.688720831698256375e-02 -2.690107311290642483e-02 6.091133836294391340e-02 1.009024032117310579e-02 -9.906373014548483513e-02 1.196294047602546734e-02 2.961294582752614923e-01 3.731801091896606581e-01 2.193888246482907090e-01 4.775074998188769126e-02
-2.443938920354750757e-02 -8.343947552241204324e-02 -5.134547369983525310e-03 6.537016744373685961e-02 -2.645475454410742625e-02 -6.582088155040344279e-02 4.429325314539379194e-02 2.193888246482907090e-01 4.284983954742290768e-01 2.957491329511778844e-01
2.340991635124307357e-01 -6.886200685143325194e-03 -7.017816519035960376e-02 1.965897206269426323e-02 4.777046773752382375e-02 -2.580307952148522960e-02 -7.162135652055763579e-02 4.775074998188769126e-02 2.957491329511778844e-01 5.549370874612825633e-01
4.786713722864973652e-01 2.785842153651200137e-01 6.209121236672980604e-02 -8.751567527680818859e-02 -2.919654681363113499e-02 6.314022174635583462e-02 1.278790769088954116e-02 -7.461144241164145707e-02 -1.557995765652182146e-02 2.550626325141308604e-01
2.785842153651200137e-01 3.476158638298344483e-01 2.326080440100729008e-01 1.327990063224927450e-02 -6.647332816458829952e-02 -5.188089196244880484e-03 6.360567032803753074e-02 -3.348075358118085369e-03 -1.014969245698397471e-01 1.066053853144663666e-01
6.209121236672980604e-02 2.326080440100729008e-01 5.125636070847869874e-01 2.846409591974976561e-01 -1.139281146321481641e-02 -9.024636927467048764e-02 3.195349471141009645e-02 5.770675373090849991e-02 -4.617556403671049109e-02 -2.870873244006634864e-02
-8.751567527680818859e-02 1.327990063224927450e-02 2.846409591974976561e-01 5.224958783570731180e-01 2.316167142309190907e-01 -3.273866530625301786e-03 -6.113928747247628082e-02 5.043951084871962399e-03 5.452911726496859068e-02 -4.813863096717845014e-02
-2.919654681363113499e-02 -6.647332816458829952e-02 -1.139281146321481641e-02 2.316167142309190907e-01 4.753257097996849145e-01 2.874126313160816348e-01 -3.326891525531548016e-02 -8.546607357874716482e-02 4.110906423487030448e-02 3.223652528628802305e-02
6.314022174635583462e-02 -5.188089196244880484e-03 -9.024636927467048764e-02 -3.273866530625301786e-03 2.874126313160816348e-01 5.551235645262357910e-01 2.231324121230067181e-01 -1.435641874317715797e-02 -5.586287235561202685e-02 3.896425336476430634e-02
1.278790769088954116e-02 6.360567032803753074e-02 3.195349471141009645e-02 -6.113928747247628082e-02 -3.326891525531548016e-02 2.231324121230067181e-01 5.426244299523026449e-01 2.989235690733845763e-01 -5.774005875162656343e-02 -7.707707599847414548e-02
-7.461144241164145707e-02 -3.348075358118085369e-03 5.770675373090849991e-02 5.043951084871962399e-03 -8.546607357874716482e-02 -1.435641874317715797e-02 2.989235690733845763e-01 4.800791144516985964e-01 2.137135646014202417e-01 -4.106935896661074309e-02
-1.557995765652182146e-02 -1.014969245698397471e-01 -4.617556403671049109e-02 5.452911726496859068e-02 4.110906423487030448e-02 -5.586287235561202685e-02 -5.774005875162656343e-02 2.137135646014202417e-01 7.259320246081185646e-01 2.925871300960541932e-01
2.550626325141308604e-01 1.066053853144663666e-01 -2.870873244006634864e-02 -4.813863096717845014e-02 3.223652528628802305e-02 3.896425336476430634e-02 -7.707707599847414548e-02 -4.106935896661074309e-02 2.925871300960541932e-01 3.595684351037679582e-01
5.123304512755232354e-01 2.615706667840884680e-01 5.513420352277862563e-02 -5.760650784007681491e-02 -4.312393111593793016e-02 7.041618251985838801e-03 4.057108739464319880e-02 -8.800002233664011575e-02 -4.759041196209538860e-02 2.711619735935506537e-01
2.615706667840884680e-01 4.471381561666094018e-01 2.646946998295052200e-01 2.545831712548120643e-02 -8.199283977904395226e-02 -7.622263917940985678e-02 3.327327256654599719e-02 1.841564122950262866e-02 -5.079319281699334887e-02 -3.795477301333599618e-02
5.513420352277862563e-02 2.646946998295052200e-01 4.376209835951024862e-01 2.451046762384895827e-01 3.066558496892411029e-02 -5.541548074247715228e-02 -1.322101777053589534e-02 6.949514935104419977e-02 1.118574109279420019e-02 -1.086415841590647191e-01
-5.760650784007681491e-02 2.545831712548120643e-02 2.451046762384895827e-01 5.296386853217676105e-01 2.847338253931906982e-01 1.182105970521001997e-01 -6.727764920837231433e-02 2.243666519455058024e-03 3.765349001769831283e-02 2.065268873965330106e-03
-4.312393111593793016e-02 -8.199283977904395226e-02 3.066558496892411029e-02 2.847338253931906982e-01 3.439193872862279511e-01 2.172689604786395279e-01 -2.699378106524450392e-03 -7.411630583673586847e-02 -3.405116018675957180e-03 7.866073722560576464e-02
7.041618251985838801e-03 -7.622263917940985678e-02 -5.541548074247715228e-02 1.182105970521001997e-01 2.172689604786395279e-01 2.642311655909252988e-01 2.595871583812501271e-01 -7.171169796668419583e-02 -6.397632450103010737e-02 6.409398187046115580e-02
4.057108739464319880e-02 3.327327256654599719e-02 -1.322101777053589534e-02 -6.727764920837231433e-02 -2.699378106524450392e-03 2.595871583812501271e-01 8.554628638975554367e-01 1.563784773819794638e-01 -5.076912198402777632e-02 -4.771041777672896389e-02
-8.800002233664011575e-02 1.841564122950262866e-02 6.949514935104419977e-02 2.243666519455058024e-03 -7.411630583673586847e-02 -7.171169796668419583e-02 1.563784773819794638e-01 5.151790601673046366e-01 3.034475806708080148e-01 -5.435042880505413544e-03
-4.759041196209538860e-02 -5.079319281699334887e-02 1.118574109279420019e-02 3.765349001769831283e-02 -3.405116018675957180e-03 -6.397632450103010737e-02 -5.076912198402777632e-02 3.034475806708080148e-01 4.738459221259931353e-01 2.307094143721082347e-01
2.711619735935506537e-01 -3.795477301333599618e-02 -1.086415841590647191e-01 2.065268873965330106e-03 7.866073722560576464e-02 6.409398187046115580e-02 -4.771041777672896389e-02 -5.435042880505413544e-03 2.307094143721082347e-01 6.206333245729837023e-01
5.810054779792993562e-01 2.672807375622631709e-01 -1.608694656863623312e-02 -9.432169041680185662e-02 -4.188752268185839261e-02 4.849319672005222848e-02 3.433891096307495339e-02 -7.935671264920562962e-02 -6.274515956977958289e-03 2.606506876469962819e-01
2.672807375622631709e-01 4.549791630503022821e-01 2.661245497415247740e-01 6.520039878782833698e-02 -4.825783948404901991e-02 -4.382246815924725758e-02 5.923409909545740426e-02 1.507742100705038168e-02 -8.741765826833416964e-02 3.711872062862950697e-03
-1.608694656863623312e-02 2.661245497415247740e-01 5.002600787019784168e-01 2.620606077601460027e-01 6.662152294983245127e-02 -7.160698344152578720e-02 -3.164764586691879572e-02 6.720238300652761620e-02 3.948879506740196436e-03 -8.122150098246917749e-02
-9.432169041680185662e-02 6.520039878782833698e-02 2.620606077601460027e-01 3.302481899062501558e-01 2.341865755129723670e-01 4.889931447574416556e-02 -1.063161669722850478e-01 8.556262379705820847e-03 7.809092065558102813e-02 -3.201988760844000359e-02
-4.188752268185839261e-02 -4.825783948404901991e-02 6.662152294983245127e-02 2.341865755129723670e-01 4.526066284906521409e-01 3.018182747292994517e-01 -4.233526589469267798e-02 -8.441808692870679531e-02 5.315983774851675697e-02 4.269010442223788310e-02
4.849319672005222848e-02 -4.382246815924725758e-02 -7.160698344152578720e-02 4.889931447574416556e-02 3.018182747292994517e-01 5.524328531575344314e-01 2.398903378670806663e-01 -5.089282994661331605e-02 -5.454353989705373190e-02 3.702891956762724424e-02
3.433891096307495339e-02 5.923409909545740426e-02 -3.164764586691879572e-02 -1.063161669722850478e-01 -4.233526589469267798e-02 2.398903378670806663e-01 6.009426143885608917e-01 2.750800624353506585e-01 -7.233169170433542683e-02 -7.974063842911677247e-02
-7.935671264920562962e-02 1.507742100705038168e-02 6.720238300652761620e-02 8.556262379705820847e-03 -8.441808692870679531e-02 -5.089282994661331605e-02 2.750800624353506585e-01 5.246795815309444055e-01 2.511916688122837193e-01 -1.147350970256166836e-02
-6.274515956977958289e-03 -8.741765826833416964e-02 3.948879506740196436e-03 7.809092065558102813e-02 5.315983774851675697e-02 -5.454353989705373190e-02 -7.233169170433542683e-02 2.511916688122837193e-01 5.927861477021854064e-01 2.766588306624784277e-01
2.606506876469962819e-01 3.711872062862950697e-03 -8.122150098246917749e-02 -3.201988760844000359e-02 4.269010442223788310e-02 3.702891956762724424e-02 -7.974063842911677247e-02 -1.147350970256166836e-02 2.766588306624784277e-01 4.100592650922868510e-01
4.735764836489606000e-01 2.539243445080350270e-01 -1.771579698554488769e-02 -7.871664499354497080e-02 -2.190653697978202016e-03 5.755075038312484903e-02 1.527236129786987626e-02 -7.105945551538002392e-02 6.225070195320673780e-04 2.571435459036772730e-01
2.539243445080350270e-01 5.971904111193422349e-01 2.734823914456723237e-01 6.178647649098246292e-03 -7.933735776213252100e-02 -2.476346263855602747e-02 4.641438807815105594e-02 3.689153538793802506e-02 -7.378730782565406932e-02 -2.333879628549668378e-02
-1.771579698554488769e-02 2.734823914456723237e-01 4.145663648820032132e-01 2.582171322200281782e-01 3.649859678474078051e-02 -6.880662569557630115e-02 -3.144220088019049342e-02 4.866855093318016301e-02 1.333847390188827760e-02 -7.433853513259144896e-02
-7.871664499354497080e-02 6.178647649098246292e-03 2.582171322200281782e-01 5.289156442615813303e-01 2.578568895909723047e-01 2.251709612269280764e-02 -6.618036347449429702e-02 -2.563938928322812699e-02 5.960672309198253305e-02 3.218606180118500568e-03
-2.190653697978202016e-03 -7.933735776213252100e-02 3.649859678474078051e-02 2.578568895909723047e-01 4.068222583988569396e-01 2.646122107108669907e-01 3.806020756263316096e-02 -8.501042104660409826e-02 6.793795221535170676e-04 5.857906005898909363e-02
5.755075038312484903e-02 -2.476346263855602747e-02 -6.880662569557630115e-02 2.251709612269280764e-02 2.646122107108669907e-01 5.315306410598851228e-01 2.537138288949797316e-01 5.865214061498128309e-03 -7.829678177298499131e-02 1.535699874366587211e-02
1.527236129786987626e-02 4.641438807815105594e-02 -3.144220088019049342e-02 -6.618036347449429702e-02 3.806020756263316096e-02 2.537138288949797316e-01 4.081163856080193275e-01 2.822167560257885510e-01 -2.092458993587940214e-02 -7.203338242003892722e-02
-7.105945551538002392e-02 3.689153538793802506e-02 4.866855093318016301e-02 -2.563938928322812699e-02 -8.501042104660409826e-02 5.865214061498128309e-03 2.822167560257885510e-01 6.007111453825717540e-01 2.454103295405731244e-01 -4.351719851487671764e-02
6.225070195320673780e-04 -7.378730782565406932e-02 1.333847390188827760e-02 5.960672309198253305e-02 6.793795221535170676e-04 -7.829678177298499131e-02 -2.092458993587940214e-02 2.454103295405731244e-01 5.092647483954229060e-01 2.620242807625259296e-01
2.571435459036772730e-01 -2.333879628549668378e-02 -7.433853513259144896e-02 3.218606180118500568e-03 5.857906005898909363e-02 1.535699874366587211e-02 -7.203338242003892722e-02 -4.351719851487671764e-02 2.620242807625259296e-01 5.293059172433655091e-01
4.607888604930477916e-01 2.267230742512385544e-01 -1.844741114054922193e-02 -6.691387803357434771e-02 -2.817890677684472319e-03 5.120012236214764589e-02 9.838621432304640521e-03 -7.824312797415693133e-02 -1.508201785734452662e-02 2.886913700984076181e-01
2.267230742512385544e-01 6.370276274117518955e-01 3.081431925938714622e-01 1.290058268717412734e-02 -8.554461344719870020e-02 -2.342176901474744138e-02 4.593991396174976899e-02 2.301283528751403573e-02 -5.510467593697528088e-02 -3.042468206675170983e-02
-1.844741114054922193e-02 3.081431925938714622e-01 3.773231159836217263e-01 2.250991094022414818e-01 4.830472854459179344e-02 -5.141920655367883397e-02 -2.838853217421808198e-02 4.719245924908066492e-02 2.521630961580019481e-02 -9.232442185817246738e-02
-6.691387803357434771e-02 1.290058268717412734e-02 2.250991094022414818e-01 4.886458933448454278e-01 2.816527984907118420e-01 2.185447943578533447e-02 -8.016011761380102685e-02 -7.738288280443850718e-03 5.638806034838655251e-02 -6.485304530204152179e-03
-2.817890677684472319e-03 -8.554461344719870020e-02 4.830472854459179344e-02 2.816527984907118420e-01 4.632631970874824257e-01 2.307969714611054768e-01 1.122684085867627427e-02 -6.137209172908739130e-02 -6.378256974248170535e-03 5.565392958811928026e-02
5.120012236214764589e-02 -2.342176901474744138e-02 -5.141920655367883397e-02 2.185447943578533447e-02 2.307969714611054768e-01 4.788118787108993635e-01 2.789983470246372721e-01 -2.943872237754055314e-03 -8.333897895174192938e-02 1.833880173462606317e-02
9.838621432304640521e-03 4.593991396174976899e-02 -2.838853217421808198e-02 -8.016011761380102685e-02 1.122684085867627427e-02 2.789983470246372721e-01 5.214023502531908161e-01 2.326804786352156817e-01 -6.000205935246194500e-03 -5.811132192784101980e-02
-7.824312797415693133e-02 2.301283528751403573e-02 4.719245924908066492e-02 -7.738288280443850718e-03 -6.137209172908739130e-02 -2.943872237754055314e-03 2.326804786352156817e-01 4.901443411523762617e-01 2.787522557839454684e-01 -2.478467150548010686e-02
-1.508201785734452662e-02 -5.510467593697528088e-02 2.521630961580019481e-02 5.638806034838655251e-02 -6.378256974248170535e-03 -8.333897895174192938e-02 -6.000205935246194500e-03 2.787522557839454684e-01 5.292988785544583408e-01 2.268135418747730669e-01
2.886913700984076181e-01 -3.042468206675170983e-02 -9.232442185817246738e-02 -6.485304530204152179e-03 5.565392958811928026e-02 1.833880173462606317e-02 -5.811132192784101980e-02 -2.478467150548010686e-02 2.268135418747730669e-01 5.532938570083307805e-01
5.503674632157531388e-01 2.351911321056931736e-01 -3.019345645903279488e-02 -7.168766899693622408e-02 1.525184815189438436e-02 5.797714374783857760e-02 -3.244380074394679486e-02 -9.706901531500256031e-02 1.488204158578000300e-02 2.750536505986512226e-01
2.351911321056931736e-01 5.669734665865415746e-01 2.826224465264037811e-01 2.498100398091064600e-02 -7.713233863377014221e-02 -2.068688262649590742e-02 5.916735916412965701e-02 3.090590245780231587e-02 -6.574017431517162335e-02 -6.126755603281594173e-03
-3.019345645903279488e-02 2.826224465264037811e-01 4.228214706263654921e-01 2.405117483432668846e-01 1.220966114943736192e-02 -6.508833252952100912e-02 9.219831682704043851e-03 5.249618749899543496e-02 2.551322442744692436e-03 -7.582883216530858506e-02
-7.168766899693622408e-02 2.498100398091064600e-02 2.405117483432668846e-01 5.156704330802859282e-01 2.657795720433948627e-01 3.471174060400725701e-03 -7.673541235259134785e-02 -1.363748669939566366e-02 5.088568130029939851e-02 -1.327228428627567902e-02
1.525184815189438436e-02 -7.713233863377014221e-02 1.220966114943736192e-02 2.657795720433948627e-01 4.745504086369574659e-01 2.457725330065934632e-01 -2.088148611999205567e-02 -6.629822148580820362e-02 1.789112455843063637e-03 5.036184568338533674e-02
5.797714374783857760e-02 -2.068688262649590742e-02 -6.508833252952100912e-02 3.471174060400725701e-03 2.457725330065934632e-01 5.403872181065529912e-01 2.676909977532653251e-01 1.856040288046253289e-02 -7.409441712395142821e-02 1.674779863004623170e-02
-3.244380074394679486e-02 5.916735916412965701e-02 9.219831682704043851e-03 -7.673541235259134785e-02 -2.088148611999205567e-02 2.676909977532653251e-01 4.961758288311172160e-01 2.387138582593198444e-01 1.486873165885831648e-02 -7.569823080015236627e-02
-9.706901531500256031e-02 3.090590245780231587e-02 5.249618749899543496e-02 -1.363748669939566366e-02 -6.629822148580820362e-02 1.856040288046253289e-02 2.387138582593198444e-01 3.917847106339181762e-01 2.825851349703821791e-01 -3.436688125920227960e-02
1.488204158578000300e-02 -6.574017431517162335e-02 2.551322442744692436e-03 5.088568130029939851e-02 1.789112455843063637e-03 -7.409441712395142821e-02 1.486873165885831648e-02 2.825851349703821791e-01 6.572268806953485143e-01 2.540588711174985859e-01
2.750536505986512226e-01 -6.126755603281594173e-03 -7.582883216530858506e-02 -1.327228428627567902e-02 5.036184568338533674e-02 1.674779863004623170e-02 -7.569823080015236627e-02 -3.436688125920227960e-02 2.540588711174985859e-01 3.840421195871631665e-01
4.709963530071766824e-01 2.585162813439304541e-01 -1.532380930099825657e-02 -6.737503862160128254e-02 3.120336858346670246e-03 4.646583530488870850e-02 -3.439927911378354471e-03 -6.480967159388337229e-02 5.187658784007054963e-03 2.480406140616642496e-01
2.585162813439304541e-01 5.230816702633489523e-01 2.500146568514279299e-01 4.489113870666326667e-03 -6.726444455756686036e-02 1.393484532764776435e-02 4.614700782441227139e-02 -8.740569814204077539e-03 -6.633734883899272683e-02 1.914176984087407121e-02
-1.532380930099825657e-02 2.500146568514279299e-01 5.165968055989704766e-01 2.533415924790726192e-01 8.799378173338864156e-03 -7.254206236149575437e-02 -6.644075499575708213e-03 4.911340170395585986e-02 6.918263036041412059e-03 -6.830850363911677992e-02
-6.737503862160128254e-02 4.489113870666326667e-03 2.533415924790726192e-01 4.340110352890516054e-01 2.626682576551446768e-01 -2.642995684186402044e-02 -6.916997320865517218e-02 1.260186135611051847e-02 4.709955754193980576e-02 -1.456518764142850260e-02
3.120336858346670246e-03 -6.726444455756686036e-02 8.799378173338864156e-03 2.626682576551446768e-01 5.977243370215892249e-01 2.594733683469468977e-01 -3.759999666982768041e-03 -7.024257573135275767e-02 -1.152893290107800950e-03 4.915395885069141768e-02
4.646583530488870850e-02 1.393484532764776435e-02 -7.254206236149575437e-02 -2.642995684186402044e-02 2.594733683469468977e-01 4.499579866107921711e-01 2.525733644059076632e-01 1.033259061089958526e-02 -6.556111438174344608e-02 -1.782187183644488686e-03
-3.439927911378354471e-03 4.614700782441227139e-02 -6.644075499575708213e-03 -6.916997320865517218e-02 -3.759999666982768041e-03 2.525733644059076632e-01 5.242529011267057504e-01 2.553340350154498228e-01 1.316467412554898214e-03 -6.772015619630976369e-02
-6.480967159388337229e-02 -8.740569814204077539e-03 4.911340170395585986e-02 1.260186135611051847e-02 -7.024257573135275767e-02 1.033259061089958526e-02 2.553340350154498228e-01 4.674224915423128568e-01 2.514148322164317384e-01 -5.465155965129824336e-03
5.187658784007054963e-03 -6.633734883899272683e-02 6.918263036041412059e-03 4.709955754193980576e-02 -1.152893290107800950e-03 -6.556111438174344608e-02 1.316467412554898214e-03 2.514148322164317384e-01 5.338265232018022388e-01 2.560969274248391381e-01
2.480406140616642496e-01 1.914176984087407121e-02 -6.830850363911677992e-02 -1.456518764142850260e-02 4.915395885069141768e-02 -1.782187183644488686e-03 -6.772015619630976369e-02 -5.465155965129824336e-03 2.560969274248391381e-01 4.821298963382611991e-01
3.413057099836594444e-01 2.331949066895249723e-01 1.625509932633479107e-02 -6.513092219374144731e-02 -1.695336906003646477e-02 5.655475178999379293e-02 2.746551118148485987e-02 -8.517726642694750661e-02 -1.145789013176318899e-03 2.904050985886312830e-01
2.331949066895249723e-01 5.112775854482137783e-01 2.682750003072499334e-01 -1.715318834356433647e-02 -7.778764623264511346e-02 2.127467842020944189e-02 5.949936046528655348e-02 -1.256675474002438148e-02 -7.571399856663595107e-02 5.503013835084495653e-02
1.625509932633479107e-02 2.682750003072499334e-01 5.357270340843105494e-01 2.477961153551282991e-01 1.340246362611278649e-02 -6.878277312232145002e-02 -1.875823604762661551e-02 5.034000884586829760e-02 9.852197050123374239e-04 -7.536051243328061033e-02
-6.513092219374144731e-02 -1.715318834356433647e-02 2.477961153551282991e-01 4.518623202378869719e-01 2.636630714933362318e-01 -1.205532783302114969e-02 -7.323695832891458091e-02 -4.674247655729682222e-04 5.568213325620139514e-02 -2.217253787492818456e-02
-1.695336906003646477e-02 -7.778764623264511346e-02 1.340246362611278649e-02 2.636630714933362318e-01 5.411430826812577699e-01 2.501032415071228199e-01 1.282385600693200338e-02 -6.674503918238619549e-02 9.641048804238329731e-03 4.423952884078927172e-02
5.655475178999379293e-02 2.127467842020944189e-02 -6.878277312232145002e-02 -1.205532783302114969e-02 2.501032415071228199e-01 4.845706471828570283e-01 2.554368618616294495e-01 1.407099790386836732e-02 -7.946073378342913274e-02 1.773261893643694048e-02
2.746551118148485987e-02 5.949936046528655348e-02 -1.875823604762661551e-02 -7.323695832891458091e-02 1.282385600693200338e-02 2.554368618616294495e-01 4.480821730705225603e-01 2.613505446722848014e-01 -3.000890992215382580e-02 -5.695783079041998737e-02
-8.517726642694750661e-02 -1.256675474002438148e-02 5.034000884586829760e-02 -4.674247655729682222e-04 -6.674503918238619549e-02 1.407099790386836732e-02 2.613505446722848014e-01 5.788852284461987185e-01 2.607449503312795347e-01 -5.454935266881760780e-02
-1.145789013176318899e-03 -7.571399856663595107e-02 9.852197050123374239e-04 5.568213325620139514e-02 9.641048804238329731e-03 -7.946073378342913274e-02 -3.000890992215382580e-02 2.607449503312795347e-01 5.159204074335743684e-01 2.476516746275367054e-01
2.904050985886312830e-01 5.503013835084495653e-02 -7.536051243328061033e-02 -2.217253787492818456e-02 4.423952884078927172e-02 1.773261893643694048e-02 -5.695783079041998737e-02 -5.454935266881760780e-02 2.476516746275367054e-01 5.912258114315218638e-01
4.664931017934833002e-01 2.527978121092586128e-01 -2.230750436401500447e-02 -5.844619698292716214e-02 3.297149307152588693e-02 6.357731232450655745e-02 -1.921362690684406960e-02 -9.281007324777963696e-02 -3.537022484355944324e-02 2.651167741383110843e-01
2.527978121092586128e-01 5.187872129708651636e-01 2.733718907108093621e-01 -7.426669406710714738e-02 -7.175471757157012020e-02 2.055189936773409165e-02 4.876506905620915655e-02 -2.273604956148216755e-02 -8.047983927941416982e-02 1.749962691794530387e-03
-2.230750436401500447e-02 2.733718907108093621e-01 5.935573952799547692e-01 2.277418379101026069e-01 -3.498635907143415880e-02 -9.216162718208517624e-02 1.277200620346300927e-02 8.805154509804286045e-02 4.177236541250227420e-02 -8.634025872427258941e-02
-5.844619698292716214e-02 -7.426669406710714738e-02 2.277418379101026069e-01 6.331956636716660203e-01 3.102312116446794832e-01 3.308237732859448110e-02 -8.598509104241416900e-02 -2.988985764886300037e-02 3.787204977074451473e-02 3.907947159187731556e-02
3.297149307152588693e-02 -7.175471757157012020e-02 -3.498635907143415880e-02 3.102312116446794832e-01 3.601633128916100768e-01 2.275760898608125693e-01 3.774607862318148793e-02 -7.089782016246862217e-02 -5.534369045590332298e-02 4.535158653627267139e-02
6.357731232450655745e-02 2.055189936773409165e-02 -9.216162718208517624e-02 3.308237732859448110e-02 2.275760898608125693e-01 4.745765877694420598e-01 2.823343752172714494e-01 1.758390766601408695e-02 -7.920602717280891825e-02 -1.506872315245475977e-02
-1.921362690684406960e-02 4.876506905620915655e-02 1.277200620346300927e-02 -8.598509104241416900e-02 3.774607862318148793e-02 2.823343752172714494e-01 5.162128000101038339e-01 2.475345327938956730e-01 5.668226076048337586e-02 -6.489383254202610307e-02
-9.281007324777963696e-02 -2.273604956148216755e-02 8.805154509804286045e-02 -2.988985764886300037e-02 -7.089782016246862217e-02 1.758390766601408695e-02 2.475345327938956730e-01 3.804044679073840807e-01 2.625722508426042712e-01 2.178663165811032393e-02
-3.537022484355944324e-02 -8.047983927941416982e-02 4.177236541250227420e-02 3.787204977074451473e-02 -5.534369045590332298e-02 -7.920602717280891825e-02 5.668226076048337586e-02 2.625722508426042712e-01 4.820073032155897108e-01 2.636446779614312064e-01
2.651167741383110843e-01 1.749962691794530387e-03 -8.634025872427258941e-02 3.907947159187731556e-02 4.535158653627267139e-02 -1.506872315245475977e-02 -6.489383254202610307e-02 2.178663165811032393e-02 2.636446779614312064e-01 5.746021544899011513e-01
4.788896968608581384e-01 2.779542355982259072e-01 2.099803984562486486e-02 -8.550648054841086809e-02 9.730190511159772168e-04 6.039879507719861373e-02 -5.076992513313925877e-03 -7.960888544261782163e-02 3.472171999545421717e-02 2.517486600966442611e-01
2.779542355982259072e-01 5.924284527638306042e-01 2.456991146721305974e-01 2.896686207792650500e-02 -7.459045681177320364e-02 2.263859141231902485e-03 5.982596996550022111e-02 5.150737653327589621e-02 -1.013863123533510768e-01 -4.613363365356122625e-02
2.099803984562486486e-02 2.456991146721305974e-01 2.990786107794235482e-01 2.829055401156672644e-01 1.288211014244006192e-02 -9.240071121219858852e-02 -5.736451384246358740e-03 6.776434208289050520e-02 -2.705691127563473325e-02 -7.386063437314802083e-02
-8.550648054841086809e-02 2.896686207792650500e-02 2.829055401156672644e-01 6.478705117635129573e-01 2.539090855053839912e-01 -7.526158176258120058e-02 -7.971268737343469024e-02 -5.090551099479449434e-03 6.311398869232573428e-02 -4.974252677409175599e-04
9.730190511159772168e-04 -7.459045681177320364e-02 1.288211014244006192e-02 2.539090855053839912e-01 4.530157213321371890e-01 2.931022782750903888e-01 3.473047694246062661e-02 -8.625574641857144953e-02 1.090236453175263270e-02 5.652887002340480083e-02
6.039879507719861373e-02 2.263859141231902485e-03 -9.240071121219858852e-02 -7.526158176258120058e-02 2.931022782750903888e-01 6.143493234965237138e-01 2.358603982621839679e-01 3.688928704210437531e-02 -8.170723847533734041e-02 -2.032937314266500956e-02
-5.076992513313925877e-03 5.982596996550022111e-02 -5.736451384246358740e-03 -7.971268737343469024e-02 3.473047694246062661e-02 2.358603982621839679e-01 2.450528267811167837e-01 2.779128793687620225e-01 -1.459993324449444449e-03 -7.866887284478579767e-02
