4.094776256142207971e-01 2.612890125740574554e-01 7.457630287165681326e-02 -6.441911278569870114e-02 -6.970481488129953718e-02 1.420883862431429612e-02 6.569499499185529889e-02 2.080551023284329254e-02 -6.643193819865461647e-02 -6.798872245437945216e-02 6.919929265785954020e-02 2.640064085856310694e-01
2.612890125740574554e-01 4.037046181899484054e-01 2.666713632910374110e-01 7.289556707287353499e-02 -6.560137679739844185e-02 -6.433529459126914596e-02 1.767018689003216347e-02 6.102793225306825387e-02 1.602592028561770909e-02 -6.536335131538786869e-02 -6.416699042389670260e-02 7.556883983806120253e-02
7.457630287165681326e-02 2.666713632910374110e-01 4.318545780578790794e-01 2.646525260101971755e-01 7.153227075355345077e-02 -6.252310956062220870e-02 -6.550446910129328892e-02 1.579922896545761860e-02 6.305666534451945249e-02 1.736544472806007475e-02 -6.435068403197041764e-02 -6.117971234229944294e-02
-6.441911278569870114e-02 7.289556707287353499e-02 2.646525260101971755e-01 4.037190550990402693e-01 2.630041865915290211e-01 7.599353724728395709e-02 -6.342011647899997717e-02 -6.507785976485556956e-02 1.718260905040610437e-02 6.194051505279338232e-02 1.853413462055590946e-02 -6.412072066308963092e-02
-6.970481488129953718e-02 -6.560137679739844185e-02 7.153227075355345077e-02 2.630041865915290211e-01 4.188394252823597341e-01 2.646975272347495967e-01 7.129782875452719826e-02 -6.523522927967302654e-02 -6.525553282509913289e-02 1.923904158293072292e-02 6.423372145601206895e-02 1.333028140776891697e-02
1.420883862431429612e-02 -6.433529459126914596e-02 -6.252310956062220870e-02 7.599353724728395709e-02 2.646975272347495967e-01 4.106381886092892453e-01 2.646623696376947388e-01 7.169074421599050395e-02 -6.612082407412553375e-02 -6.401323860381273601e-02 1.780601381561073074e-02 5.954404797641093400e-02
6.569499499185529889e-02 1.767018689003216347e-02 -6.550446910129328892e-02 -6.342011647899997717e-02 7.129782875452719826e-02 2.646623696376947388e-01 4.249761544280526437e-01 2.640160333882358712e-01 6.818457876813197038e-02 -6.617692218709524121e-02 -6.521056357795004810e-02 2.066004694545785572e-02
2.080551023284329254e-02 6.102793225306825387e-02 1.579922896545761860e-02 -6.507785976485556956e-02 -6.523522927967302654e-02 7.169074421599050395e-02 2.640160333882358712e-01 4.123435279422050792e-01 2.652490714742645750e-01 7.270367024286668312e-02 -6.407800588677450837e-02 -6.091604221837031846e-02
-6.643193819865461647e-02 1.602592028561770909e-02 6.305666534451945249e-02 1.718260905040610437e-02 -6.525553282509913289e-02 -6.612082407412553375e-02 6.818457876813197038e-02 2.652490714742645750e-01 4.283159597034055244e-01 2.642284218635030935e-01 6.981739891725882718e-02 -6.619406271284797305e-02
-6.798872245437945216e-02 -6.536335131538786869e-02 1.736544472806007475e-02 6.194051505279338232e-02 1.923904158293072292e-02 -6.401323860381273601e-02 -6.617692218709524121e-02 7.270367024286668312e-02 2.642284218635030935e-01 4.040275415286696536e-01 2.624271944126433942e-01 6.844009701183015326e-02
6.919929265785954020e-02 -6.416699042389670260e-02 -6.435068403197041764e-02 1.853413462055590946e-02 6.423372145601206895e-02 1.780601381561073074e-02 -6.521056357795004810e-02 -6.407800588677450837e-02 6.981739891725882718e-02 2.624271944126433942e-01 4.313118666263078271e-01 2.672795147086877154e-01
2.640064085856310694e-01 7.556883983806120253e-02 -6.117971234229944294e-02 -6.412072066308963092e-02 1.333028140776891697e-02 5.954404797641093400e-02 2.066004694545785572e-02 -6.091604221837031846e-02 -6.619406271284797305e-02 6.844009701183015326e-02 2.672795147086877154e-01 4.207914589186286802e-01
4.079942757095635919e-01 2.615204191069543382e-01 7.690800547296731959e-02 -6.205350467247788826e-02 -6.470066763709039770e-02 1.650591615787731781e-02 6.322711232045322149e-02 2.128528034048299961e-02 -6.387920748336559096e-02 -6.723147258866926657e-02 7.110224480170129757e-02 2.662511283639558690e-01
2.615204191069543382e-01 4.086073736995403660e-01 2.656806792461660072e-01 7.148052906461127565e-02 -6.774454277519183221e-02 -6.692766205533996760e-02 1.637830199730318584e-02 6.343321319655435830e-02 1.877224864069396149e-02 -6.530122916686327550e-02 -6.578826016846643643e-02 7.223893084035554191e-02
7.690800547296731959e-02 2.656806792461660072e-01 4.183907990957576040e-01 2.633003714207560741e-01 6.564637413096942320e-02 -6.682094600998471357e-02 -6.478281416365419543e-02 1.603915969405696890e-02 6.179763755133085151e-02 1.706623433833136944e-02 -6.559586408343690000e-02 -6.285447961770496139e-02
-6.205350467247788826e-02 7.148052906461127565e-02 2.633003714207560741e-01 4.253026823607330420e-01 2.662307797982101376e-01 7.236741276820736479e-02 -6.288872406443411778e-02 -6.598783739509904434e-02 1.547250822182288238e-02 6.210298341360613594e-02 1.804443617221995408e-02 -6.355661428036574190e-02
-6.470066763709039770e-02 -6.774454277519183221e-02 6.564637413096942320e-02 2.662307797982101376e-01 4.225236417079931694e-01 2.636088180618140764e-01 7.572313769772963388e-02 -6.069847813207233933e-02 -6.511351894069131174e-02 1.520671272773371080e-02 6.195375370756120437e-02 1.820401987966962370e-02
1.650591615787731781e-02 -6.692766205533996760e-02 -6.682094600998471357e-02 7.236741276820736479e-02 2.636088180618140764e-01 4.024120670861789373e-01 2.623657864033610565e-01 7.895054078363242245e-02 -6.265988838292622931e-02 -6.718994692145308090e-02 1.595194129901767247e-02 6.287779366170492823e-02
6.322711232045322149e-02 1.637830199730318584e-02 -6.478281416365419543e-02 -6.288872406443411778e-02 7.572313769772963388e-02 2.623657864033610565e-01 4.084061993361504106e-01 2.662263667406431500e-01 7.200865466352728006e-02 -6.713475287788012169e-02 -6.518056442740456646e-02 1.976241988014080381e-02
2.128528034048299961e-02 6.343321319655435830e-02 1.603915969405696890e-02 -6.598783739509904434e-02 -6.069847813207233933e-02 7.895054078363242245e-02 2.662263667406431500e-01 4.178256257731298717e-01 2.633179395987181870e-01 6.851361093832536442e-02 -6.514958591885282313e-02 -6.180690635657141996e-02
-6.387920748336559096e-02 1.877224864069396149e-02 6.179763755133085151e-02 1.547250822182288238e-02 -6.511351894069131174e-02 -6.265988838292622931e-02 7.200865466352728006e-02 2.633179395987181870e-01 4.206543044777387164e-01 2.659795412950721749e-01 7.051087478767562033e-02 -6.601714548634823876e-02
-6.723147258866926657e-02 -6.530122916686327550e-02 1.706623433833136944e-02 6.210298341360613594e-02 1.520671272773371080e-02 -6.718994692145308090e-02 -6.713475287788012169e-02 6.851361093832536442e-02 2.659795412950721749e-01 4.220899458297392437e-01 2.621493217822292721e-01 6.626871666262298954e-02
7.110224480170129757e-02 -6.578826016846643643e-02 -6.559586408343690000e-02 1.804443617221995408e-02 6.195375370756120437e-02 1.595194129901767247e-02 -6.518056442740456646e-02 -6.514958591885282313e-02 7.051087478767562033e-02 2.621493217822292721e-01 4.152479281940635314e-01 2.654120008614114790e-01
2.662511283639558690e-01 7.223893084035554191e-02 -6.285447961770496139e-02 -6.355661428036574190e-02 1.820401987966962370e-02 6.287779366170492823e-02 1.976241988014080381e-02 -6.180690635657141996e-02 -6.601714548634823876e-02 6.626871666262298954e-02 2.654120008614114790e-01 4.305451567294087400e-01
4.109390798610732531e-01 2.665598771883129769e-01 7.295061097386751348e-02 -6.461023132298950034e-02 -6.649790251836375232e-02 1.631045667157131340e-02 6.185924395420431404e-02 1.657591842942036237e-02 -6.492243943745544532e-02 -6.308380868097526739e-02 7.479557785572711615e-02 2.610304948032309280e-01
2.665598771883129769e-01 4.329964626409807948e-01 2.663484117847607635e-01 7.512737581266429321e-02 -5.979440543251841184e-02 -6.363679413384962236e-02 1.702471962345093043e-02 6.288193062798745625e-02 1.983389974599950728e-02 -6.156935397644437702e-02 -6.333112134293444884e-02 6.919043607843297639e-02
7.295061097386751348e-02 2.663484117847607635e-01 4.005622116164050395e-01 2.601765735116197131e-01 8.034597222267722549e-02 -6.058102202043712248e-02 -6.516279762007320953e-02 1.641045220298377461e-02 6.320418139274508462e-02 1.928214841726218209e-02 -6.582293437627252664e-02 -6.652369394944206149e-02
-6.461023132298950034e-02 7.512737581266429321e-02 2.601765735116197131e-01 4.024338186070289813e-01 2.654948198322369946e-01 7.130760121478768587e-02 -6.927384528105129391e-02 -6.708657208889749757e-02 1.848744439110572638e-02 6.340597865251432208e-02 1.388748789143832638e-02 -6.842885156559108673e-02
-6.649790251836375232e-02 -5.979440543251841184e-02 8.034597222267722549e-02 2.654948198322369946e-01 4.192586155293573924e-01 2.637733843287589641e-01 6.277423255701577998e-02 -6.866946557962599895e-02 -6.295406282564984524e-02 1.984601954576643845e-02 6.117407245005705707e-02 1.299590744654783095e-02
1.631045667157131340e-02 -6.363679413384962236e-02 -6.058102202043712248e-02 7.130760121478768587e-02 2.637733843287589641e-01 4.309639540375665989e-01 2.664750798861529324e-01 7.011334475129511745e-02 -6.367016620180260267e-02 -6.337828151820873446e-02 1.988056834416515595e-02 6.266943775804617589e-02
6.185924395420431404e-02 1.702471962345093043e-02 -6.516279762007320953e-02 -6.927384528105129391e-02 6.277423255701577998e-02 2.664750798861529324e-01 4.244408089982451004e-01 2.632926274773352282e-01 7.371305549569623361e-02 -6.224213021907363391e-02 -6.309827409677339072e-02 1.789558492723487826e-02
1.657591842942036237e-02 6.288193062798745625e-02 1.641045220298377461e-02 -6.708657208889749757e-02 -6.866946557962599895e-02 7.011334475129511745e-02 2.632926274773352282e-01 4.041620903793344266e-01 2.620060864735964112e-01 7.449820480202934414e-02 -6.622688363464218630e-02 -6.743094038379646160e-02
-6.492243943745544532e-02 1.983389974599950728e-02 6.320418139274508462e-02 1.848744439110572638e-02 -6.295406282564984524e-02 -6.367016620180260267e-02 7.371305549569623361e-02 2.620060864735964112e-01 4.136732560699964978e-01 2.668031394003912427e-01 6.715671493659604308e-02 -6.924684756098835325e-02
-6.308380868097526739e-02 -6.156935397644437702e-02 1.928214841726218209e-02 6.340597865251432208e-02 1.984601954576643845e-02 -6.337828151820873446e-02 -6.224213021907363391e-02 7.449820480202934414e-02 2.668031394003912427e-01 4.277403838699034289e-01 2.641807061668355328e-01 6.879239134118037002e-02
7.479557785572711615e-02 -6.333112134293444884e-02 -6.582293437627252664e-02 1.388748789143832638e-02 6.117407245005705707e-02 1.988056834416515595e-02 -6.309827409677339072e-02 -6.622688363464218630e-02 6.715671493659604308e-02 2.641807061668355328e-01 4.204239406193845952e-01 2.652929108468292108e-01
2.610304948032309280e-01 6.919043607843297639e-02 -6.652369394944206149e-02 -6.842885156559108673e-02 1.299590744654783095e-02 6.266943775804617589e-02 1.789558492723487826e-02 -6.743094038379646160e-02 -6.924684756098835325e-02 6.879239134118037002e-02 2.652929108468292108e-01 4.124053777706799262e-01
4.219645508899603770e-01 2.665287647763886492e-01 7.724629009148369085e-02 -6.122314371092844182e-02 -6.715881304986159872e-02 1.338583749829670363e-02 6.330118514834673360e-02 2.216515312352025299e-02 -6.179730607561279010e-02 -6.299153872398591258e-02 7.125071951853662044e-02 2.636918693775155975e-01
2.665287647763886492e-01 4.064979335647811443e-01 2.612580606614212098e-01 7.411130204451729653e-02 -6.324299611549120959e-02 -6.636969524857203040e-02 1.332601421060242847e-02 6.180737756581053399e-02 1.874213759253630374e-02 -6.628757068875779090e-02 -6.674777434418187327e-02 7.301016234004574501e-02
7.724629009148369085e-02 2.612580606614212098e-01 4.074576128762439908e-01 2.646984867119714924e-01 7.415979076132070413e-02 -6.480840682536433139e-02 -6.839805254161406001e-02 1.512751487150697585e-02 6.254962216107828876e-02 1.355295723784823159e-02 -6.866166265675184566e-02 -6.247385287982015756e-02
-6.122314371092844182e-02 7.411130204451729653e-02 2.646984867119714924e-01 4.218301750208020007e-01 2.666417942713644740e-01 7.194186957038446739e-02 -6.402742455286095091e-02 -6.419606188962156956e-02 1.829524828943818876e-02 6.106319692105057623e-02 1.461224460472954415e-02 -6.413835828404623740e-02
-6.715881304986159872e-02 -6.324299611549120959e-02 7.415979076132070413e-02 2.666417942713644740e-01 4.155370793935382889e-01 2.618201523658226226e-01 7.629060222773036137e-02 -6.078067395687258845e-02 -6.335525547179834960e-02 2.064364162818059512e-02 6.419523963345369344e-02 1.540060673419924725e-02
1.338583749829670363e-02 -6.636969524857203040e-02 -6.480840682536433139e-02 7.194186957038446739e-02 2.618201523658226226e-01 4.058528282130485776e-01 2.661228614954647131e-01 7.522732365914475139e-02 -6.639761686907309779e-02 -6.342642454760553938e-02 2.150386149439049294e-02 6.209361508067311186e-02
6.330118514834673360e-02 1.332601421060242847e-02 -6.839805254161406001e-02 -6.402742455286095091e-02 7.629060222773036137e-02 2.661228614954647131e-01 4.169174939037781358e-01 2.617666241955860507e-01 6.319538029083135444e-02 -7.003888938737076741e-02 -6.332114456029497296e-02 2.146267669697764571e-02
2.216515312352025299e-02 6.180737756581053399e-02 1.512751487150697585e-02 -6.419606188962156956e-02 -6.078067395687258845e-02 7.522732365914475139e-02 2.617666241955860507e-01 4.174058741844155485e-01 2.665172452111455037e-01 6.456828138020777319e-02 -6.924943512491954500e-02 -6.246513276148130123e-02
-6.179730607561279010e-02 1.874213759253630374e-02 6.254962216107828876e-02 1.829524828943818876e-02 -6.335525547179834960e-02 -6.639761686907309779e-02 6.319538029083135444e-02 2.665172452111455037e-01 4.447180770110477077e-01 2.652283621445143957e-01 6.502503775476362047e-02 -6.447248010585966693e-02
-6.299153872398591258e-02 -6.628757068875779090e-02 1.355295723784823159e-02 6.106319692105057623e-02 2.064364162818059512e-02 -6.342642454760553938e-02 -7.003888938737076741e-02 6.456828138020777319e-02 2.652283621445143957e-01 4.119003054139965814e-01 2.617068416802648678e-01 7.540776299230507462e-02
7.125071951853662044e-02 -6.674777434418187327e-02 -6.866166265675184566e-02 1.461224460472954415e-02 6.419523963345369344e-02 2.150386149439049294e-02 -6.332114456029497296e-02 -6.924943512491954500e-02 6.502503775476362047e-02 2.617068416802648678e-01 4.170848080695551130e-01 2.658214990976510705e-01
2.636918693775155975e-01 7.301016234004574501e-02 -6.247385287982015756e-02 -6.413835828404623740e-02 1.540060673419924725e-02 6.209361508067311186e-02 2.146267669697764571e-02 -6.246513276148130123e-02 -6.447248010585966693e-02 7.540776299230507462e-02 2.658214990976510705e-01 4.128332614588127725e-01
4.214443225561894102e-01 2.550922420839576432e-01 6.834959886044364441e-02 -6.295404420967203041e-02 -6.161916629999504569e-02 1.925177372461881961e-02 6.321909872459517687e-02 1.844462162196264937e-02 -6.622878071459879779e-02 -7.105536273051130114e-02 6.825674064358080995e-02 2.733263515801591659e-01
2.550922420839576432e-01 3.946188273964444382e-01 2.693052074809585417e-01 7.616160460966228674e-02 -6.880593748274912991e-02 -6.668624405590943549e-02 2.005401310027044026e-02 6.346598598630087684e-02 2.081535401466432650e-02 -6.135135425128564191e-02 -6.377794650077721339e-02 7.215052481090827863e-02
6.834959886044364441e-02 2.693052074809585417e-01 4.435474410232128628e-01 2.642104530261957240e-01 5.767261965589230710e-02 -6.807421168392234490e-02 -6.041136938443986137e-02 1.852661135552254729e-02 6.347775563611243732e-02 2.096064103644178223e-02 -6.307561560782985743e-02 -6.665635713670176044e-02
-6.295404420967203041e-02 7.616160460966228674e-02 2.642104530261957240e-01 4.061461243546675703e-01 2.622130672021122377e-01 7.466585722436359929e-02 -6.246289044948630242e-02 -6.685208150896737589e-02 1.072499761469443771e-02 5.995614939876214161e-02 2.106689436776593843e-02 -6.309785695031405739e-02
-6.161916629999504569e-02 -6.880593748274912991e-02 5.767261965589230710e-02 2.622130672021122377e-01 4.400463457099819120e-01 2.686393738394161623e-01 6.794146791943633801e-02 -6.538625752941591707e-02 -6.939079425986421912e-02 1.099173695423101733e-02 6.246968792666356129e-02 2.147753186021496286e-02
1.925177372461881961e-02 -6.668624405590943549e-02 -6.807421168392234490e-02 7.466585722436359929e-02 2.686393738394161623e-01 4.024663235635278502e-01 2.573223448879233266e-01 7.929543547209119692e-02 -5.610616983096017307e-02 -6.519791154260617949e-02 1.120075862296461729e-02 6.059147231795895816e-02
6.321909872459517687e-02 2.005401310027044026e-02 -6.041136938443986137e-02 -6.246289044948630242e-02 6.794146791943633801e-02 2.573223448879233266e-01 4.150205710579545348e-01 2.719452741770307380e-01 8.621807885277971151e-02 -5.992316103875575117e-02 -6.994774012891345760e-02 1.363530353647717311e-02
1.844462162196264937e-02 6.346598598630087684e-02 1.852661135552254729e-02 -6.685208150896737589e-02 -6.538625752941591707e-02 7.929543547209119692e-02 2.719452741770307380e-01 4.023048483153247590e-01 2.569854535910661708e-01 7.291103133573835493e-02 -6.181038234391134090e-02 -6.194233790949853907e-02
-6.622878071459879779e-02 2.081535401466432650e-02 6.347775563611243732e-02 1.072499761469443771e-02 -6.939079425986421912e-02 -5.610616983096017307e-02 8.621807885277971151e-02 2.569854535910661708e-01 3.903629428839658355e-01 2.655530214056283089e-01 7.756469566856827313e-02 -6.584867803615876425e-02
-7.105536273051130114e-02 -6.135135425128564191e-02 2.096064103644178223e-02 5.995614939876214161e-02 1.099173695423101733e-02 -6.519791154260617949e-02 -5.992316103875575117e-02 7.291103133573835493e-02 2.655530214056283089e-01 4.371395175985554604e-01 2.677761048873525951e-01 5.884887273179281730e-02
6.825674064358080995e-02 -6.377794650077721339e-02 -6.307561560782985743e-02 2.106689436776593843e-02 6.246968792666356129e-02 1.120075862296461729e-02 -6.994774012891345760e-02 -6.181038234391134090e-02 7.756469566856827313e-02 2.677761048873525951e-01 4.142574706414469676e-01 2.578151833266464354e-01
2.733263515801591659e-01 7.215052481090827863e-02 -6.665635713670176044e-02 -6.309785695031405739e-02 2.147753186021496286e-02 6.059147231795895816e-02 1.363530353647717311e-02 -6.194233790949853907e-02 -6.584867803615876425e-02 5.884887273179281730e-02 2.578151833266464354e-01 4.326452648987142990e-01
4.059547340440037289e-01 2.603059149412590978e-01 6.597400090611504897e-02 -6.860325231560168713e-02 -6.252928255453338302e-02 2.277269881974892593e-02 6.560001939826118345e-02 1.990535865515705161e-02 -6.693437679711172761e-02 -6.985143947844202339e-02 6.837231700899559783e-02 2.647956689433590971e-01
2.603059149412590978e-01 4.258259470340182151e-01 2.688319357767247064e-01 6.596828876581520285e-02 -6.826290023037379084e-02 -6.296220237423891253e-02 1.822084673127062279e-02 6.093182840127567973e-02 1.564857688342486536e-02 -6.520222263255733008e-02 -6.535592738179270278e-02 7.000091280677209205e-02
6.597400090611504897e-02 2.688319357767247064e-01 4.363063375835004032e-01 2.623766470244583981e-01 6.482747195347220159e-02 -6.568947162348298674e-02 -6.664523403627882481e-02 1.095636771482291077e-02 6.095871010753436264e-02 2.396663761720835631e-02 -5.868989490078126148e-02 -6.627251519409790848e-02
-6.860325231560168713e-02 6.596828876581520285e-02 2.623766470244583981e-01 4.100631178329606219e-01 2.631861419890265674e-01 7.559084846924554735e-02 -6.124086914107659818e-02 -6.758436093133826650e-02 1.376405429368724245e-02 6.467374469907177792e-02 2.464376860774421599e-02 -6.356895635218906548e-02
-6.252928255453338302e-02 -6.826290023037379084e-02 6.482747195347220159e-02 2.631861419890265674e-01 4.259458498695481432e-01 2.685288764830002783e-01 7.966330834355889179e-02 -5.852661509748371960e-02 -6.562928617980565149e-02 1.132101988878534034e-02 6.015851404048089962e-02 1.977875290779479434e-02
2.277269881974892593e-02 -6.296220237423891253e-02 -6.568947162348298674e-02 7.559084846924554735e-02 2.685288764830002783e-01 4.025926738385252612e-01 2.583329627098641668e-01 7.946384775842445236e-02 -6.056209341849273786e-02 -7.001073850254446729e-02 8.557893231974738474e-03 6.239640478747608687e-02
6.560001939826118345e-02 1.822084673127062279e-02 -6.664523403627882481e-02 -6.124086914107659818e-02 7.966330834355889179e-02 2.583329627098641668e-01 3.906462682712146806e-01 2.654145504606731931e-01 7.621768218831745378e-02 -6.536085795440389756e-02 -6.797246499784181939e-02 1.874227976718248478e-02
1.990535865515705161e-02 6.093182840127567973e-02 1.095636771482291077e-02 -6.758436093133826650e-02 -5.852661509748371960e-02 7.946384775842445236e-02 2.654145504606731931e-01 4.281100612687687157e-01 2.671031327858102711e-01 7.107585472699641527e-02 -6.215262733511034421e-02 -6.056896554068929434e-02
-6.693437679711172761e-02 1.564857688342486536e-02 6.095871010753436264e-02 1.376405429368724245e-02 -6.562928617980565149e-02 -6.056209341849273786e-02 7.621768218831745378e-02 2.671031327858102711e-01 4.132982535513867184e-01 2.612281344394141724e-01 7.541216517203752634e-02 -6.397836268998767506e-02
-6.985143947844202339e-02 -6.520222263255733008e-02 2.396663761720835631e-02 6.467374469907177792e-02 1.132101988878534034e-02 -7.001073850254446729e-02 -6.536085795440389756e-02 7.107585472699641527e-02 2.612281344394141724e-01 4.057943201725476845e-01 2.638795857886517271e-01 6.751172609716199480e-02
6.837231700899559783e-02 -6.535592738179270278e-02 -5.868989490078126148e-02 2.464376860774421599e-02 6.015851404048089962e-02 8.557893231974738474e-03 -6.797246499784181939e-02 -6.215262733511034421e-02 7.541216517203752634e-02 2.638795857886517271e-01 4.244663823098128175e-01 2.667465600927292346e-01
2.647956689433590971e-01 7.000091280677209205e-02 -6.627251519409790848e-02 -6.356895635218906548e-02 1.977875290779479434e-02 6.239640478747608687e-02 1.874227976718248478e-02 -6.056896554068929434e-02 -6.397836268998767506e-02 6.751172609716199480e-02 2.667465600927292346e-01 4.309960542237200043e-01
4.115738679777722897e-01 2.624565815718069572e-01 7.398284393629067646e-02 -6.295661488847334453e-02 -6.668056603695758644e-02 1.433527749165333307e-02 6.309694195861034749e-02 1.987632373068574931e-02 -6.576203122529891698e-02 -6.819694400417414260e-02 6.966018634763315731e-02 2.645901947040154578e-01
2.624565815718069572e-01 4.151617776410686522e-01 2.669101050343631876e-01 7.601742612734764537e-02 -6.312031977565210616e-02 -6.687573973239172020e-02 1.416090103899692379e-02 6.181480560557772036e-02 1.902122839993909686e-02 -6.318098459596396821e-02 -6.459865717751812897e-02 7.158750268195429589e-02
7.398284393629067646e-02 2.669101050343631876e-01 4.155290401969092828e-01 2.624869492384889758e-01 7.393425553087201729e-02 -6.243206396759096166e-02 -6.596334857884744718e-02 1.531781517713081547e-02 6.343294077647644580e-02 2.006646578712169629e-02 -6.416371577764226619e-02 -6.429042634441704818e-02
-6.295661488847334453e-02 7.601742612734764537e-02 2.624869492384889758e-01 4.048119081439509603e-01 2.646136912301670918e-01 7.667285344947899484e-02 -6.314629596410883949e-02 -6.563576795837663957e-02 1.751063069001325065e-02 6.307088567237574550e-02 1.667547824885738661e-02 -6.639169590538154808e-02
-6.668056603695758644e-02 -6.312031977565210616e-02 7.393425553087201729e-02 2.646136912301670918e-01 4.195978576021983653e-01 2.653037854440809529e-01 7.110587786414337974e-02 -6.549156480808698833e-02 -6.497330685094476754e-02 1.753017328574641917e-02 6.193606045972850638e-02 1.408355529715710208e-02
1.433527749165333307e-02 -6.687573973239172020e-02 -6.243206396759096166e-02 7.667285344947899484e-02 2.653037854440809529e-01 4.104241921168622076e-01 2.622253941802463184e-01 7.096794554841252822e-02 -6.565710106929285861e-02 -6.518945217997237918e-02 1.863708207282534224e-02 6.227176955516063039e-02
6.309694195861034749e-02 1.416090103899692379e-02 -6.596334857884744718e-02 -6.314629596410883949e-02 7.110587786414337974e-02 2.622253941802463184e-01 4.208545676513666400e-01 2.670449939968114195e-01 7.061793578040055641e-02 -6.591473235911396444e-02 -6.356380699502311993e-02 2.154555864081753036e-02
1.987632373068574931e-02 6.181480560557772036e-02 1.531781517713081547e-02 -6.563576795837663957e-02 -6.549156480808698833e-02 7.096794554841252822e-02 2.670449939968114195e-01 4.218485227613986144e-01 2.631167414891277812e-01 7.096656820640162566e-02 -6.414772132389287562e-02 -6.210302652686160857e-02
-6.576203122529891698e-02 1.902122839993909686e-02 6.343294077647644580e-02 1.751063069001325065e-02 -6.497330685094476754e-02 -6.565710106929285861e-02 7.061793578040055641e-02 2.631167414891277812e-01 4.120055240840911348e-01 2.641288843997862124e-01 7.133560300793578834e-02 -6.735687346673471798e-02
-6.819694400417414260e-02 -6.318098459596396821e-02 2.006646578712169629e-02 6.307088567237574550e-02 1.753017328574641917e-02 -6.518945217997237918e-02 -6.591473235911396444e-02 7.096656820640162566e-02 2.641288843997862124e-01 4.193241000102742588e-01 2.647384106268715342e-01 6.548229239115513356e-02
6.966018634763315731e-02 -6.459865717751812897e-02 -6.416371577764226619e-02 1.667547824885738661e-02 6.193606045972850638e-02 1.863708207282534224e-02 -6.356380699502311993e-02 -6.414772132389287562e-02 7.133560300793578834e-02 2.647384106268715342e-01 4.251407138309040712e-01 2.649998362671558416e-01
2.645901947040154578e-01 7.158750268195429589e-02 -6.429042634441704818e-02 -6.639169590538154808e-02 1.408355529715710208e-02 6.227176955516063039e-02 2.154555864081753036e-02 -6.210302652686160857e-02 -6.735687346673471798e-02 6.548229239115513356e-02 2.649998362671558416e-01 4.237279279832529832e-01
4.159080971868226451e-01 2.610186792787402288e-01 6.634156022186840640e-02 -6.614925766689833120e-02 -6.274204823736942438e-02 1.740048805767872853e-02 6.282130524143728079e-02 2.254327118537589186e-02 -6.357154898445119273e-02 -6.880222110396250201e-02 6.932441260300729879e-02 2.668286548051881923e-01
2.610186792787402288e-01 4.276466361414345552e-01 2.683430452503619001e-01 7.098374801842868842e-02 -6.522364265612928813e-02 -6.755541118549512891e-02 1.193671980435501850e-02 6.180254856024224031e-02 2.238381471647013510e-02 -6.118824726366211414e-02 -6.629214650784799601e-02 6.561542742914444615e-02
6.634156022186840640e-02 2.683430452503619001e-01 4.230743759728918807e-01 2.615094878373644405e-01 7.078751747285150220e-02 -6.205816218407449875e-02 -6.725358072464374115e-02 8.707423113713200907e-03 6.107756069143378819e-02 2.474021665818771157e-02 -6.110184848014493797e-02 -6.912515674337345317e-02
-6.614925766689833120e-02 7.098374801842868842e-02 2.615094878373644405e-01 4.070510678966828833e-01 2.644315455413582816e-01 8.144092621183679492e-02 -5.850363486667455731e-02 -6.970282450726572598e-02 1.015993596910448951e-02 6.341667136266385119e-02 2.251242071904838854e-02 -6.419697305435564938e-02
-6.274204823736942438e-02 -6.522364265612928813e-02 7.078751747285150220e-02 2.644315455413582816e-01 4.158737716534519624e-01 2.667792594989216726e-01 8.038118165081634126e-02 -5.895105710999855309e-02 -6.662977875240634618e-02 1.200620536695647111e-02 6.123994843002410204e-02 1.978416578433340317e-02
1.740048805767872853e-02 -6.755541118549512891e-02 -6.205816218407449875e-02 8.144092621183679492e-02 2.667792594989216726e-01 3.982941911423273917e-01 2.589439765839972596e-01 8.006801059509865981e-02 -5.997275638102131379e-02 -6.761047864440468402e-02 1.435064670146397534e-02 6.381008714033552243e-02
6.282130524143728079e-02 1.193671980435501850e-02 -6.725358072464374115e-02 -5.850363486667455731e-02 8.038118165081634126e-02 2.589439765839972596e-01 3.976938413744470213e-01 2.674362881994974406e-01 7.573486599990940371e-02 -6.642919363071043970e-02 -6.555525663032246708e-02 2.099456061782716335e-02
2.254327118537589186e-02 6.180254856024224031e-02 8.707423113713200907e-03 -6.970282450726572598e-02 -5.895105710999855309e-02 8.006801059509865981e-02 2.674362881994974406e-01 4.253609968802302133e-01 2.631278154757042964e-01 6.588127293939144424e-02 -6.601223970220901349e-02 -6.085974502031599176e-02
-6.357154898445119273e-02 2.238381471647013510e-02 6.107756069143378819e-02 1.015993596910448951e-02 -6.662977875240634618e-02 -5.997275638102131379e-02 7.573486599990940371e-02 2.631278154757042964e-01 4.120291053803802894e-01 2.645859452123367483e-01 7.117321547534172232e-02 -6.705357560609212508e-02
-6.880222110396250201e-02 -6.118824726366211414e-02 2.474021665818771157e-02 6.341667136266385119e-02 1.200620536695647111e-02 -6.761047864440468402e-02 -6.642919363071043970e-02 6.588127293939144424e-02 2.645859452123367483e-01 4.300294340729991505e-01 2.649526542575432186e-01 6.352027299982256070e-02
6.932441260300729879e-02 -6.629214650784799601e-02 -6.110184848014493797e-02 2.251242071904838854e-02 6.123994843002410204e-02 1.435064670146397534e-02 -6.555525663032246708e-02 -6.601223970220901349e-02 7.117321547534172232e-02 2.649526542575432186e-01 4.159106615272721852e-01 2.632549773386457792e-01
2.668286548051881923e-01 6.561542742914444615e-02 -6.912515674337345317e-02 -6.419697305435564938e-02 1.978416578433340317e-02 6.381008714033552243e-02 2.099456061782716335e-02 -6.085974502031599176e-02 -6.705357560609212508e-02 6.352027299982256070e-02 2.632549773386457792e-01 4.311278207710643740e-01
4.264197078603762514e-01 2.666195014166379273e-01 7.129426496383199641e-02 -6.397732931405386569e-02 -6.314792605076396947e-02 2.159269368999670174e-02 6.186070920534281203e-02 9.622789972399561562e-03 -6.820817913724550041e-02 -6.133690696212665966e-02 7.208671104400454777e-02 2.638695133713093721e-01
2.666195014166379273e-01 4.128249838742704680e-01 2.623741446942355893e-01 7.701693418374906674e-02 -6.175122026427551369e-02 -6.183363587385769938e-02 2.215572965407434231e-02 6.126356812845656225e-02 1.051244524967058329e-02 -6.760011169405999443e-02 -6.357222748650012689e-02 7.359411582785635453e-02
7.129426496383199641e-02 2.623741446942355893e-01 4.088679744294654861e-01 2.652107575886771818e-01 7.136555308800580921e-02 -6.908282771468216010e-02 -6.309303904558480336e-02 2.509984700041860417e-02 6.415300153945625861e-02 1.339887190451958046e-02 -6.635893051203159421e-02 -6.500267558354609621e-02
-6.397732931405386569e-02 7.701693418374906674e-02 2.652107575886771818e-01 4.138451088194228245e-01 2.625777154684320047e-01 6.072485962065281295e-02 -7.083285336547484601e-02 -5.853256485081960447e-02 2.667957943368734833e-02 6.324154844104815099e-02 1.365454504582289119e-02 -6.755265587736705712e-02
-6.314792605076396947e-02 -6.175122026427551369e-02 7.136555308800580921e-02 2.625777154684320047e-01 4.329297926734778645e-01 2.670147561648491541e-01 6.069929278563190173e-02 -7.002930472997269395e-02 -6.133368547755158745e-02 2.115764287002085825e-02 6.168613608416893823e-02 1.655327819888067001e-02
2.159269368999670174e-02 -6.183363587385769938e-02 -6.908282771468216010e-02 6.072485962065281295e-02 2.670147561648491541e-01 4.381620362390006296e-01 2.624749425663103208e-01 6.126946055547206199e-02 -6.697971308450764716e-02 -6.376692767799614636e-02 1.516600333855269364e-02 6.146899496450546757e-02
6.186070920534281203e-02 2.215572965407434231e-02 -6.309303904558480336e-02 -7.083285336547484601e-02 6.069929278563190173e-02 2.624749425663103208e-01 4.211116132882076757e-01 2.640906229522275717e-01 7.296611650231164814e-02 -6.262049888361680139e-02 -6.751992272271964413e-02 1.173420825193189666e-02
9.622789972399561562e-03 6.126356812845656225e-02 2.509984700041860417e-02 -5.853256485081960447e-02 -7.002930472997269395e-02 6.126946055547206199e-02 2.640906229522275717e-01 4.256434526744899971e-01 2.663356977589088070e-01 7.692796934110715523e-02 -6.049249624114878127e-02 -6.789828247590865007e-02
-6.820817913724550041e-02 1.051244524967058329e-02 6.415300153945625861e-02 2.667957943368734833e-02 -6.133368547755158745e-02 -6.697971308450764716e-02 7.296611650231164814e-02 2.663356977589088070e-01 4.030530617478592648e-01 2.605919239568447177e-01 8.145518495208450838e-02 -5.798796317755836732e-02
-6.133690696212665966e-02 -6.760011169405999443e-02 1.339887190451958046e-02 6.324154844104815099e-02 2.115764287002085825e-02 -6.376692767799614636e-02 -6.262049888361680139e-02 7.692796934110715523e-02 2.605919239568447177e-01 3.995411914746286319e-01 2.668425406932380950e-01 8.107363398713667013e-02
7.208671104400454777e-02 -6.357222748650012689e-02 -6.635893051203159421e-02 1.365454504582289119e-02 6.168613608416893823e-02 1.516600333855269364e-02 -6.751992272271964413e-02 -6.049249624114878127e-02 8.145518495208450838e-02 2.668425406932380950e-01 4.126865377022941872e-01 2.623202576414934706e-01
2.638695133713093721e-01 7.359411582785635453e-02 -6.500267558354609621e-02 -6.755265587736705712e-02 1.655327819888067001e-02 6.146899496450546757e-02 1.173420825193189666e-02 -6.789828247590865007e-02 -5.798796317755836732e-02 8.107363398713667013e-02 2.623202576414934706e-01 4.049145392165137691e-01
3.914610097310228798e-01 2.643327241673018024e-01 8.013107261736371334e-02 -6.198841559454263545e-02 -6.885721127025817845e-02 1.078249729018533956e-02 6.177864177683489028e-02 2.198269311052702957e-02 -6.372321990061079189e-02 -6.588617258135295862e-02 7.510742968458936075e-02 2.604528147796112414e-01
2.643327241673018024e-01 4.265124337835827228e-01 2.669969278541992619e-01 7.401188900911769009e-02 -6.158043963946994992e-02 -6.728646760177395270e-02 1.357795295039354588e-02 6.357758967376020420e-02 1.912984240237508571e-02 -6.409907699940829706e-02 -6.207515930146444150e-02 7.428529029147434848e-02
8.013107261736371334e-02 2.669969278541992619e-01 4.014100978055140101e-01 2.609043645242866694e-01 7.974229265411925116e-02 -5.903224089457141666e-02 -6.525739696480539753e-02 1.430204005010144233e-02 6.108448159214260181e-02 1.749310513739209608e-02 -6.512990813772301379e-02 -6.099129543798078451e-02
-6.198841559454263545e-02 7.401188900911769009e-02 2.609043645242866694e-01 4.112847066555647135e-01 2.661115833953464627e-01 7.662458299454752431e-02 -6.456765229568131592e-02 -6.776151151214651613e-02 1.838875580026643614e-02 6.425421315199006389e-02 1.259834290330794776e-02 -6.892114717256475620e-02
-6.885721127025817845e-02 -6.158043963946994992e-02 7.974229265411925116e-02 2.661115833953464627e-01 4.062463522923030479e-01 2.624272309803443726e-01 7.039906379707414064e-02 -6.620417727628424842e-02 -6.220512801172010248e-02 2.135279070581515976e-02 6.012606261606474184e-02 9.022989292802372982e-03
1.078249729018533956e-02 -6.728646760177395270e-02 -5.903224089457141666e-02 7.662458299454752431e-02 2.624272309803443726e-01 4.199299949412793609e-01 2.660800550149934329e-01 7.002742160944962213e-02 -6.705025088742189165e-02 -6.378051007885239543e-02 2.369033316976105336e-02 6.346633175165368457e-02
6.177864177683489028e-02 1.357795295039354588e-02 -6.525739696480539753e-02 -6.456765229568131592e-02 7.039906379707414064e-02 2.660800550149934329e-01 4.217990062226769088e-01 2.645806753561830704e-01 6.643992783091812182e-02 -6.716237047767484314e-02 -5.878136294439356702e-02 2.520168742861757585e-02
2.198269311052702957e-02 6.357758967376020420e-02 1.430204005010144233e-02 -6.776151151214651613e-02 -6.620417727628424842e-02 7.002742160944962213e-02 2.645806753561830704e-01 4.215814935448146117e-01 2.628554286473422930e-01 6.746575392251125125e-02 -6.736547312742542648e-02 -6.261065395347453766e-02
-6.372321990061079189e-02 1.912984240237508571e-02 6.108448159214260181e-02 1.838875580026643614e-02 -6.220512801172010248e-02 -6.705025088742189165e-02 6.643992783091812182e-02 2.628554286473422930e-01 4.210888861375993164e-01 2.659813901566585592e-01 6.319292509687579606e-02 -7.105925690144851425e-02
-6.588617258135295862e-02 -6.409907699940829706e-02 1.749310513739209608e-02 6.425421315199006389e-02 2.135279070581515976e-02 -6.378051007885239543e-02 -6.716237047767484314e-02 6.746575392251125125e-02 2.659813901566585592e-01 4.311720822811900278e-01 2.624817526472479345e-01 6.386722711462711199e-02
7.510742968458936075e-02 -6.207515930146444150e-02 -6.512990813772301379e-02 1.259834290330794776e-02 6.012606261606474184e-02 2.369033316976105336e-02 -5.878136294439356702e-02 -6.736547312742542648e-02 6.319292509687579606e-02 2.624817526472479345e-01 4.248112387535334378e-01 2.680295962310283997e-01
2.604528147796112414e-01 7.428529029147434848e-02 -6.099129543798078451e-02 -6.892114717256475620e-02 9.022989292802372982e-03 6.346633175165368457e-02 2.520168742861757585e-02 -6.261065395347453766e-02 -7.105925690144851425e-02 6.386722711462711199e-02 2.680295962310283997e-01 4.227026978509491051e-01
4.258148242424133478e-01 2.710007188317188342e-01 7.056233644419918072e-02 -6.697581700722991804e-02 -6.308933186944781779e-02 2.183769426611713999e-02 6.082758602451618368e-02 1.097032731270435914e-02 -6.462658795663900335e-02 -5.957038035643978657e-02 7.327424433166543349e-02 2.601597142261363738e-01
2.710007188317188342e-01 4.256353740578796008e-01 2.596444178095553834e-01 6.799873947797405171e-02 -6.392450520540145231e-02 -6.091365866307826143e-02 2.156783411717213411e-02 6.321971738050377598e-02 1.704049017836668789e-02 -6.492600712475449232e-02 -6.499574006744038290e-02 7.159730815634823831e-02
7.056233644419918072e-02 2.596444178095553834e-01 4.037876868955441179e-01 2.656036222472849539e-01 7.365346211811366062e-02 -6.708994287599898132e-02 -6.396898297833593372e-02 2.240808669832917294e-02 6.389951939182896001e-02 1.551573206523042432e-02 -6.689555364891255906e-02 -6.583938619443192863e-02
-6.697581700722991804e-02 6.799873947797405171e-02 2.656036222472849539e-01 4.320143983744301197e-01 2.654234727766193735e-01 6.122142475803006578e-02 -7.004482619490107198e-02 -6.241436182074643763e-02 1.903922344427583582e-02 6.135657630612920133e-02 1.585472337984797364e-02 -6.485589558901676266e-02
-6.308933186944781779e-02 -6.392450520540145231e-02 7.365346211811366062e-02 2.654234727766193735e-01 4.159310510295906038e-01 2.617333406180449296e-01 6.730544245756871213e-02 -6.634956852169204833e-02 -6.572240985367217014e-02 1.624491613861043723e-02 6.263569158258366909e-02 2.050840694722770238e-02
2.183769426611713999e-02 -6.091365866307826143e-02 -6.708994287599898132e-02 6.122142475803006578e-02 2.617333406180449296e-01 4.344774979363862921e-01 2.691655152989056443e-01 7.013808649014528773e-02 -6.412269032810659353e-02 -6.461926055461790497e-02 1.648655028683788243e-02 6.289085457171675331e-02
6.082758602451618368e-02 2.156783411717213411e-02 -6.396898297833593372e-02 -7.004482619490107198e-02 6.730544245756871213e-02 2.691655152989056443e-01 4.183715235156756362e-01 2.597088816572513670e-01 7.663589155559827337e-02 -5.883769847190266356e-02 -6.556734547450686346e-02 1.067049247325560848e-02
1.097032731270435914e-02 6.321971738050377598e-02 2.240808669832917294e-02 -6.241436182074643763e-02 -6.634956852169204833e-02 7.013808649014528773e-02 2.597088816572513670e-01 4.004159239062089481e-01 2.657591345984441356e-01 7.932908849586339795e-02 -6.458600391986993317e-02 -7.153851862074410428e-02
-6.462658795663900335e-02 1.704049017836668789e-02 6.389951939182896001e-02 1.903922344427583582e-02 -6.572240985367217014e-02 -6.412269032810659353e-02 7.663589155559827337e-02 2.657591345984441356e-01 4.140805510158098723e-01 2.637043782635096756e-01 7.013477207254503742e-02 -6.384530649039775463e-02
-5.957038035643978657e-02 -6.492600712475449232e-02 1.551573206523042432e-02 6.135657630612920133e-02 1.624491613861043723e-02 -6.461926055461790497e-02 -5.883769847190266356e-02 7.932908849586339795e-02 2.637043782635096756e-01 4.134611754086573443e-01 2.656604719870288567e-01 7.931230857432293446e-02
7.327424433166543349e-02 -6.499574006744038290e-02 -6.689555364891255906e-02 1.585472337984797364e-02 6.263569158258366909e-02 1.648655028683788243e-02 -6.556734547450686346e-02 -6.458600391986993317e-02 7.013477207254503742e-02 2.656604719870288567e-01 4.181955261826669767e-01 2.640325715967303255e-01
