5.189409940127078791e-01 1.644753236462369317e-01 4.230414707730442876e-03 -1.509220895197461478e-02 -7.220152232929734175e-04 4.879002580538525577e-03 -3.024227128577172447e-04 -1.467941298010475709e-02 3.432466165300907847e-03 1.637833841485298869e-01
1.644753236462369317e-01 4.872514483087470039e-01 1.574252436380532416e-01 -1.491452002346655304e-03 -1.401674072276721389e-02 2.091369786003474153e-05 4.763258943514065737e-03 7.303237851735840894e-04 -1.510040267670283154e-02 -7.815145474765120351e-03
4.230414707730442876e-03 1.574252436380532416e-01 5.058864042103417002e-01 1.582906231176040013e-01 1.444944391179588377e-03 -1.403581092167391527e-02 -2.777722270275762321e-04 4.745970607339896653e-03 -6.064291025997764571e-04 -1.520797019147427168e-02
-1.509220895197461478e-02 -1.491452002346655304e-03 1.582906231176040013e-01 4.957276321222570670e-01 1.572086831657706907e-01 -4.906327176506575021e-04 -1.397272658852887969e-02 -2.849296292896377693e-05 4.775373363964172460e-03 1.195340237030920964e-03
-7.220152232929734175e-04 -1.401674072276721389e-02 1.444944391179588377e-03 1.572086831657706907e-01 5.021646484623873974e-01 1.572160162214052970e-01 9.995083482154725960e-04 -1.391455789117895456e-02 2.173447061090298194e-04 4.787031352498676701e-03
4.879002580538525577e-03 2.091369786003474153e-05 -1.403581092167391527e-02 -4.906327176506575021e-04 1.572160162214052970e-01 4.974020281587809844e-01 1.576279488500800519e-01 -6.920245789546659605e-04 -1.400391733754991277e-02 -1.651414010326560545e-04
-3.024227128577172447e-04 4.763258943514065737e-03 -2.777722270275762321e-04 -1.397272658852887969e-02 9.995083482154725960e-04 1.576279488500800519e-01 5.015230528354903683e-01 1.568966148778770109e-01 -1.191362080307421367e-03 -1.393666580605891318e-02
-1.467941298010475709e-02 7.303237851735840894e-04 4.745970607339896653e-03 -2.849296292896377693e-05 -1.391455789117895456e-02 -6.920245789546659605e-04 1.568966148778770109e-01 5.020804038610813258e-01 1.579881968973855244e-01 1.173160967944775028e-03
3.432466165300907847e-03 -1.510040267670283154e-02 -6.064291025997764571e-04 4.775373363964172460e-03 2.173447061090298194e-04 -1.400391733754991277e-02 -1.191362080307421367e-03 1.579881968973855244e-01 4.991355474573888618e-01 1.565995654226126910e-01
1.637833841485298869e-01 -7.815145474765120351e-03 -1.520797019147427168e-02 1.195340237030920964e-03 4.787031352498676701e-03 -1.651414010326560545e-04 -1.393666580605891318e-02 1.173160967944775028e-03 1.565995654226126910e-01 4.898878405708146921e-01
4.942280289235372881e-01 1.569138509378100177e-01 4.824221304673562485e-04 -1.393973199308949640e-02 8.190316315447764483e-05 4.623346680901595923e-03 -2.477012369705828242e-04 -1.442977909265851302e-02 -3.161137849040998593e-03 1.591319453857617527e-01
1.569138509378100177e-01 4.991595415043848516e-01 1.580904286549230098e-01 -2.294732566136156032e-03 -1.398016080414569810e-02 3.318627419214814330e-04 4.621128720271239741e-03 -4.766136238064106866e-05 -1.399715540750945397e-02 2.516181605468553045e-03
4.824221304673562485e-04 1.580904286549230098e-01 5.048315265100121740e-01 1.573522714563204972e-01 4.580774771540018419e-04 -1.392757160115141307e-02 7.009592030153788357e-05 4.767272017500292364e-03 3.474566369325839338e-04 -1.412368748952860797e-02
-1.393973199308949640e-02 -2.294732566136156032e-03 1.573522714563204972e-01 4.983344927425372162e-01 1.572777868445890126e-01 2.481503267161652313e-04 -1.389174073043568033e-02 1.992153267921923830e-04 4.626184531726201463e-03 -6.396461244478142578e-05
8.190316315447764483e-05 -1.398016080414569810e-02 4.580774771540018419e-04 1.572777868445890126e-01 4.998676881239182412e-01 1.571730323783958605e-01 -4.480258194132260815e-04 -1.426229737081809862e-02 -7.040341140693496440e-04 4.633011364222333964e-03
4.623346680901595923e-03 3.318627419214814330e-04 -1.392757160115141307e-02 2.481503267161652313e-04 1.571730323783958605e-01 4.999672999335220691e-01 1.571114592462207193e-01 -1.657717079995276854e-03 -1.435325551912672998e-02 1.288385679562090700e-05
-2.477012369705828242e-04 4.621128720271239741e-03 7.009592030153788357e-05 -1.389174073043568033e-02 -4.480258194132260815e-04 1.571114592462207193e-01 5.051747356250789744e-01 1.595442273222968665e-01 5.162464467550188091e-03 -1.436009568561092201e-02
-1.442977909265851302e-02 -4.766136238064106866e-05 4.767272017500292364e-03 1.992153267921923830e-04 -1.426229737081809862e-02 -1.657717079995276854e-03 1.595442273222968665e-01 4.886469750826547553e-01 1.602546308204998993e-01 -1.180186790913089097e-03
-3.161137849040998593e-03 -1.399715540750945397e-02 3.474566369325839338e-04 4.626184531726201463e-03 -7.040341140693496440e-04 -1.435325551912672998e-02 5.162464467550188091e-03 1.602546308204998993e-01 5.032913382438088945e-01 1.570313973293213650e-01
1.591319453857617527e-01 2.516181605468553045e-03 -1.412368748952860797e-02 -6.396461244478142578e-05 4.633011364222333964e-03 1.288385679562090700e-05 -1.436009568561092201e-02 -1.180186790913089097e-03 1.570313973293213650e-01 5.064983733105516972e-01
5.098633137020667228e-01 1.596776032609296125e-01 1.360944570281844316e-03 -1.435335459542462153e-02 -2.004244548202701410e-04 4.646619017708462571e-03 -9.430934648965751664e-05 -1.397933809438588540e-02 2.635057763501058928e-03 1.588153372500488436e-01
1.596776032609296125e-01 4.956173387613916903e-01 1.564959962747391464e-01 1.773876565298365595e-04 -1.388245663590477984e-02 -6.771237449774546863e-04 4.622008383476063770e-03 5.721897121444836486e-04 -1.436964651447400661e-02 -4.154772661006396473e-03
1.360944570281844316e-03 1.564959962747391464e-01 5.000168287944457557e-01 1.579216129892108134e-01 -5.069682014413118753e-04 -1.429962420922049025e-02 1.279493583711913693e-04 4.650668248071167070e-03 -3.394808400356766212e-04 -1.410910670996533278e-02
-1.435335459542462153e-02 1.773876565298365595e-04 1.579216129892108134e-01 5.023340068325641283e-01 1.569942018305268139e-01 3.607470381279280491e-03 -1.403578339117442057e-02 -6.375557106881609261e-04 4.678884189497017378e-03 6.021888314576405053e-04
-2.004244548202701410e-04 -1.388245663590477984e-02 -5.069682014413118753e-04 1.569942018305268139e-01 4.914237136664834638e-01 1.607743659763989363e-01 -2.355253016542085270e-03 -1.458075738795495090e-02 6.353481130159863155e-04 4.687035308615989521e-03
4.646619017708462571e-03 -6.771237449774546863e-04 -1.429962420922049025e-02 3.607470381279280491e-03 1.607743659763989363e-01 5.067966918362047934e-01 1.563081990257364218e-01 1.027310839909877354e-03 -1.380556493047598726e-02 1.948750036625442332e-05
-9.430934648965751664e-05 4.622008383476063770e-03 1.279493583711913693e-04 -1.403578339117442057e-02 -2.355253016542085270e-03 1.563081990257364218e-01 4.961713994117453175e-01 1.585694500084859626e-01 -1.774214405855499901e-03 -1.406577475565934897e-02
-1.397933809438588540e-02 5.721897121444836486e-04 4.650668248071167070e-03 -6.375557106881609261e-04 -1.458075738795495090e-02 1.027310839909877354e-03 1.585694500084859626e-01 5.039865374451782953e-01 1.567319233564944958e-01 -5.948156384605676750e-05
2.635057763501058928e-03 -1.436964651447400661e-02 -3.394808400356766212e-04 4.678884189497017378e-03 6.353481130159863155e-04 -1.380556493047598726e-02 -1.774214405855499901e-03 1.567319233564944958e-01 5.006141579734291192e-01 1.578313549849789388e-01
1.588153372500488436e-01 -4.154772661006396473e-03 -1.410910670996533278e-02 6.021888314576405053e-04 4.687035308615989521e-03 1.948750036625442332e-05 -1.406577475565934897e-02 -5.948156384605676750e-05 1.578313549849789388e-01 4.931760115764918795e-01
5.052862094893282308e-01 1.593697611390332836e-01 1.672798021242356478e-03 -1.453689780554066890e-02 -9.706358237791153087e-04 4.764390043784951650e-03 -5.277987134875988676e-05 -1.412206933170433512e-02 2.845306485099544438e-03 1.561783748791017723e-01
1.593697611390332836e-01 4.947338032568127097e-01 1.565197333451745498e-01 -1.761678029947088674e-03 -1.415677894449560506e-02 -1.132591824038488824e-04 4.768866438280018258e-03 6.914385070752625869e-04 -1.487294897367309743e-02 -1.490950500269644721e-03
1.672798021242356478e-03 1.565197333451745498e-01 5.060307011099816066e-01 1.595230706060400128e-01 4.504417174897351085e-03 -1.471431959890471403e-02 1.074159742174563004e-05 4.798492949001255739e-03 -5.866389822783262811e-04 -1.385016023333809909e-02
-1.453689780554066890e-02 -1.761678029947088674e-03 1.595230706060400128e-01 4.901462131930782173e-01 1.590217642328826120e-01 -3.715908899685613958e-04 -1.448368368656939575e-02 -1.486329258071063210e-04 4.970941841531163752e-03 2.419790046855741894e-04
-9.706358237791153087e-04 -1.415677894449560506e-02 4.504417174897351085e-03 1.590217642328826120e-01 5.008645104178252039e-01 1.592325419667318664e-01 -4.134176293367851536e-03 -1.441309828242237981e-02 6.891181918137549408e-04 4.694032591912063526e-03
4.764390043784951650e-03 -1.132591824038488824e-04 -1.471431959890471403e-02 -3.715908899685613958e-04 1.592325419667318664e-01 5.088665238649348055e-01 1.583378630428206035e-01 2.707303777835050156e-03 -1.400226731524186960e-02 2.234880091851012326e-04
-5.277987134875988676e-05 4.768866438280018258e-03 1.074159742174563004e-05 -1.448368368656939575e-02 -4.134176293367851536e-03 1.583378630428206035e-01 4.934593003613834128e-01 1.582677752825658035e-01 -1.163457402212448796e-05 -1.442032078785145978e-02
-1.412206933170433512e-02 6.914385070752625869e-04 4.798492949001255739e-03 -1.486329258071063210e-04 -1.441309828242237981e-02 2.707303777835050156e-03 1.582677752825658035e-01 4.996450155276708216e-01 1.567293607311280867e-01 -3.916567474768303803e-03
2.845306485099544438e-03 -1.487294897367309743e-02 -5.866389822783262811e-04 4.970941841531163752e-03 6.891181918137549408e-04 -1.400226731524186960e-02 -1.163457402212448796e-05 1.567293607311280867e-01 5.091270485039482985e-01 1.617826038523541010e-01
1.561783748791017723e-01 -1.490950500269644721e-03 -1.385016023333809909e-02 2.419790046855741894e-04 4.694032591912063526e-03 2.234880091851012326e-04 -1.442032078785145978e-02 -3.916567474768303803e-03 1.617826038523541010e-01 4.918406742750453531e-01
5.004255312039387338e-01 1.566224906096197744e-01 9.387773789601754288e-04 -1.395402775921449415e-02 4.978066670518234427e-04 4.588042752462707236e-03 5.524009564886010878e-05 -1.400138220254722871e-02 1.238416132531765072e-03 1.577028991429005322e-01
1.566224906096197744e-01 4.979601887923399417e-01 1.583174928570857398e-01 -6.878604909565950304e-04 -1.413091436381350499e-02 2.609593412324704548e-04 4.555722105380024915e-03 -1.776047583853445841e-04 -1.375393658634372143e-02 1.548598187417283341e-04
9.387773789601754288e-04 1.583174928570857398e-01 5.007332549742580241e-01 1.566990994159878081e-01 -3.132028082770305175e-03 -1.410127011637026841e-02 -1.521240610634575223e-05 4.580219710203209567e-03 -4.189262047269735130e-04 -1.408574903295534315e-02
-1.395402775921449415e-02 -6.878604909565950304e-04 1.566990994159878081e-01 5.062803169987185603e-01 1.595118476061365143e-01 8.269566113601954345e-04 -1.429120633380854925e-02 -2.578047632346961880e-04 4.606007008302331548e-03 3.086854099316940075e-05
4.978066670518234427e-04 -1.413091436381350499e-02 -3.132028082770305175e-03 1.595118476061365143e-01 4.981576679561237064e-01 1.569339207790796387e-01 2.934533151695288729e-03 -1.386859686119179189e-02 -1.901519696770323303e-04 4.565296144977274914e-03
4.588042752462707236e-03 2.609593412324704548e-04 -1.410127011637026841e-02 8.269566113601954345e-04 1.569339207790796387e-01 4.942914451637289153e-01 1.586384588286334774e-01 -7.525077222043336867e-04 -1.407584670296872092e-02 2.182931237082533769e-04
5.524009564886010878e-05 4.555722105380024915e-03 -1.521240610634575223e-05 -1.429120633380854925e-02 2.934533151695288729e-03 1.586384588286334774e-01 5.019911156197458535e-01 1.566453558692968429e-01 -1.597953839978786443e-03 -1.380481064452726558e-02
-1.400138220254722871e-02 -1.776047583853445841e-04 4.580219710203209567e-03 -2.578047632346961880e-04 -1.386859686119179189e-02 -7.525077222043336867e-04 1.566453558692968429e-01 5.027981647664654385e-01 1.578929933989596801e-01 7.064695720201529666e-05
1.238416132531765072e-03 -1.375393658634372143e-02 -4.189262047269735130e-04 4.606007008302331548e-03 -1.901519696770323303e-04 -1.407584670296872092e-02 -1.597953839978786443e-03 1.578929933989596801e-01 4.998033021185296354e-01 1.568516896414410555e-01
1.577028991429005322e-01 1.548598187417283341e-04 -1.408574903295534315e-02 3.086854099316940075e-05 4.565296144977274914e-03 2.182931237082533769e-04 -1.380481064452726558e-02 7.064695720201529666e-05 1.568516896414410555e-01 4.975590124061466391e-01
4.937539400083467145e-01 1.603139543240475751e-01 -5.702885993715179139e-03 -1.496930056959547631e-02 1.107270244049084586e-03 4.974773310190713435e-03 -5.567855599877752967e-04 -1.384547706823171728e-02 8.717264050886125784e-04 1.566361624207290859e-01
1.603139543240475751e-01 5.144097412248493928e-01 1.627152246310460126e-01 4.406117237887740082e-03 -1.538699620540651819e-02 -1.554338288464758317e-03 4.930937214750340594e-03 -9.849602848942392783e-05 -1.438104631650797931e-02 1.950270948495932879e-03
-5.702885993715179139e-03 1.627152246310460126e-01 4.868039591842245883e-01 1.592369951034636744e-01 -3.353039451489334567e-03 -1.535000717535483540e-02 6.145899352620804758e-04 4.852023776860234575e-03 5.110888191249321998e-04 -1.461337788242018584e-02
-1.496930056959547631e-02 4.406117237887740082e-03 1.592369951034636744e-01 5.116904837906230963e-01 1.603773104538293859e-01 6.344456259703018693e-03 -1.473491067271483212e-02 -3.711851900360988409e-04 4.865426873914905671e-03 -4.925472829128094707e-04
1.107270244049084586e-03 -1.538699620540651819e-02 -3.353039451489334567e-03 1.603773104538293859e-01 4.838497928266093373e-01 1.647924099332838122e-01 -3.828682459116586681e-03 -1.479190113581877082e-02 3.403417659641383886e-04 4.905042486087950356e-03
4.974773310190713435e-03 -1.554338288464758317e-03 -1.535000717535483540e-02 6.344456259703018693e-03 1.647924099332838122e-01 5.104315831161388983e-01 1.558899730487394719e-01 -1.334904461735354417e-03 -1.390983344101365780e-02 4.471458755622297358e-04
-5.567855599877752967e-04 4.930937214750340594e-03 6.145899352620804758e-04 -1.473491067271483212e-02 -3.828682459116586681e-03 1.558899730487394719e-01 5.014872802099152871e-01 1.589488312664744940e-01 1.608321045675070726e-03 -1.422711225678214772e-02
-1.384547706823171728e-02 -9.849602848942392783e-05 4.852023776860234575e-03 -3.711851900360988409e-04 -1.479190113581877082e-02 -1.334904461735354417e-03 1.589488312664744940e-01 4.963941807420548247e-01 1.564723932674034201e-01 -7.642548588863993034e-04
8.717264050886125784e-04 -1.438104631650797931e-02 5.110888191249321998e-04 4.865426873914905671e-03 3.403417659641383886e-04 -1.390983344101365780e-02 1.608321045675070726e-03 1.564723932674034201e-01 5.021010480944860799e-01 1.580427285767449508e-01
1.566361624207290859e-01 1.950270948495932879e-03 -1.461337788242018584e-02 -4.925472829128094707e-04 4.905042486087950356e-03 4.471458755622297358e-04 -1.422711225678214772e-02 -7.642548588863993034e-04 1.580427285767449508e-01 4.990779908027469514e-01
4.960368663828175761e-01 1.576150307413608231e-01 1.047430028610585816e-04 -1.402083083724640564e-02 4.178863097790988198e-05 4.547571945048821569e-03 2.524726056398854152e-05 -1.389277078597254619e-02 -2.345285168223511414e-03 1.573427061432841612e-01
1.576150307413608231e-01 5.005668736556642129e-01 1.568848324685120643e-01 2.409064238227873449e-04 -1.389353503349614188e-02 4.699104133238162862e-04 4.536041480580783707e-03 -3.012588942511036086e-04 -1.406105443094111604e-02 1.518473207751013009e-03
1.047430028610585816e-04 1.568848324685120643e-01 4.994199555362790477e-01 1.576862263999746216e-01 -3.185088663990517932e-04 -1.400021828409216476e-02 2.043546694350490496e-04 4.567683872790759270e-03 2.274289487814896852e-04 -1.382721720313984798e-02
-1.402083083724640564e-02 2.409064238227873449e-04 1.576862263999746216e-01 4.999358948839722760e-01 1.569017080630684402e-01 -2.364544437535881331e-03 -1.392598986411131522e-02 3.723943675543448287e-04 4.603345824932712424e-03 -2.944334618162744357e-04
4.178863097790988198e-05 -1.389353503349614188e-02 -3.185088663990517932e-04 1.569017080630684402e-01 5.049595338372996345e-01 1.585896178135195733e-01 5.785323887827321194e-04 -1.427794933493880397e-02 -3.727440997222025492e-04 4.578404935457879021e-03
4.547571945048821569e-03 4.699104133238162862e-04 -1.400021828409216476e-02 -2.364544437535881331e-03 1.585896178135195733e-01 4.979327642803201837e-01 1.567883987350330299e-01 1.806384753162984199e-04 -1.381951672097308202e-02 -3.688892518156375267e-04
2.524726056398854152e-05 4.536041480580783707e-03 2.043546694350490496e-04 -1.392598986411131522e-02 5.785323887827321194e-04 1.567883987350330299e-01 5.003551140368721617e-01 1.578560633552565373e-01 1.263001405665872996e-03 -1.400491879725209235e-02
-1.389277078597254619e-02 -3.012588942511036086e-04 4.567683872790759270e-03 3.723943675543448287e-04 -1.427794933493880397e-02 1.806384753162984199e-04 1.578560633552565373e-01 4.979437142323600018e-01 1.566768465442954783e-01 1.117462497476504925e-03
-2.345285168223511414e-03 -1.406105443094111604e-02 2.274289487814896852e-04 4.603345824932712424e-03 -3.727440997222025492e-04 -1.381951672097308202e-02 1.263001405665872996e-03 1.566768465442954783e-01 4.971889529032389454e-01 1.583912211612470422e-01
1.573427061432841612e-01 1.518473207751013009e-03 -1.382721720313984798e-02 -2.944334618162744357e-04 4.578404935457879021e-03 -3.688892518156375267e-04 -1.400491879725209235e-02 1.117462497476504925e-03 1.583912211612470422e-01 5.056603302511808451e-01
4.856045657621725908e-01 1.563502979296299000e-01 -4.638085354323031109e-04 -1.389307726074160386e-02 -2.275346282298082294e-04 5.010331047088910708e-03 6.997255195327690188e-04 -1.529834541832388040e-02 -3.277485300797531968e-03 1.673391559771388315e-01
1.563502979296299000e-01 5.023467729239097235e-01 1.593120313454760850e-01 -2.325308563766422323e-03 -1.437291543954694051e-02 1.078651784040098385e-04 4.910115317693804909e-03 -1.127921838269458125e-04 -1.454098699540049000e-02 6.258715087213511351e-03
-4.638085354323031109e-04 1.593120313454760850e-01 5.043946506387977369e-01 1.563437240227766312e-01 1.569740743585992283e-03 -1.394050517802163103e-02 4.133095634440753013e-04 4.824291988483448389e-03 6.627997687615248650e-05 -1.513134419721105274e-02
-1.389307726074160386e-02 -2.325308563766422323e-03 1.563437240227766312e-01 4.973129795061703717e-01 1.585570221582000561e-01 1.815329514912781324e-03 -1.497778968490979037e-02 -6.822257116586348622e-04 4.908039750534083125e-03 -5.656934637422428823e-04
-2.275346282298082294e-04 -1.437291543954694051e-02 1.569740743585992283e-03 1.585570221582000561e-01 4.946567449777958259e-01 1.580830870551920841e-01 -5.646035631748892551e-03 -1.445426576916390704e-02 4.364188709120522683e-04 4.871018322378441179e-03
5.010331047088910708e-03 1.078651784040098385e-04 -1.394050517802163103e-02 1.815329514912781324e-03 1.580830870551920841e-01 5.139797974748018250e-01 1.646469188170982256e-01 5.034033495542714759e-03 -1.501683992081078584e-02 -1.232035770797332351e-04
6.997255195327690188e-04 4.910115317693804909e-03 4.133095634440753013e-04 -1.497778968490979037e-02 -5.646035631748892551e-03 1.646469188170982256e-01 4.875380887340176050e-01 1.562195009089483722e-01 3.314122859506057547e-04 -1.402760113747591152e-02
-1.529834541832388040e-02 -1.127921838269458125e-04 4.824291988483448389e-03 -6.822257116586348622e-04 -1.445426576916390704e-02 5.034033495542714759e-03 1.562195009089483722e-01 5.004138718656303553e-01 1.609151787991931482e-01 -3.196406630653291902e-03
-3.277485300797531968e-03 -1.454098699540049000e-02 6.627997687615248650e-05 4.908039750534083125e-03 4.364188709120522683e-04 -1.501683992081078584e-02 3.314122859506057547e-04 1.609151787991931482e-01 5.046670682657684592e-01 1.543281850235309616e-01
1.673391559771388315e-01 6.258715087213511351e-03 -1.513134419721105274e-02 -5.656934637422428823e-04 4.871018322378441179e-03 -1.232035770797332351e-04 -1.402760113747591152e-02 -3.196406630653291902e-03 1.543281850235309616e-01 5.090854598509273465e-01
4.891637352064808208e-01 1.562574930060965372e-01 -1.646590705315816461e-03 -1.366205223771350431e-02 -3.950977128603900363e-04 4.704566560647204312e-03 5.567378577558165353e-04 -1.483121013233458865e-02 -3.456368420447494122e-03 1.635185716964606406e-01
1.562574930060965372e-01 5.049308048807633620e-01 1.591327360826701731e-01 1.601579620883768120e-04 -1.451339682400281175e-02 1.119736710332887156e-04 4.723304630346526062e-03 -5.834479805316475885e-04 -1.408590029785713495e-02 4.265087387299968877e-03
-1.646590705315816461e-03 1.591327360826701731e-01 4.999906221410039819e-01 1.555445802263311361e-01 3.283093230035919081e-03 -1.392905171489822874e-02 -5.295376892165496721e-04 4.742816157713169306e-03 5.065286463175560196e-04 -1.484150448391130875e-02
-1.366205223771350431e-02 1.601579620883768120e-04 1.555445802263311361e-01 4.922976251809745296e-01 1.620306389293866833e-01 -2.498898422215057886e-03 -1.480638387447640210e-02 7.005374537406259009e-04 4.723047552608118302e-03 -6.828011179706512841e-04
-3.950977128603900363e-04 -1.451339682400281175e-02 3.283093230035919081e-03 1.620306389293866833e-01 5.069428937940874125e-01 1.554093403918117289e-01 7.583522824019296466e-04 -1.361870328730831366e-02 7.163390822803994537e-05 4.631171893645767527e-03
4.704566560647204312e-03 1.119736710332887156e-04 -1.392905171489822874e-02 -2.498898422215057886e-03 1.554093403918117289e-01 4.967014713855557595e-01 1.593138608502586984e-01 -1.572449107469188348e-03 -1.424763258070080134e-02 2.459581676475336106e-04
5.567378577558165353e-04 4.723304630346526062e-03 -5.295376892165496721e-04 -1.480638387447640210e-02 7.583522824019296466e-04 1.593138608502586984e-01 5.036131585182184178e-01 1.557401348059676838e-01 -4.701189886550244390e-05 -1.360787147340890291e-02
-1.483121013233458865e-02 -5.834479805316475885e-04 4.742816157713169306e-03 7.005374537406259009e-04 -1.361870328730831366e-02 -1.572449107469188348e-03 1.557401348059676838e-01 5.001179237428755586e-01 1.589466742462288251e-01 7.880670089297067346e-04
-3.456368420447494122e-03 -1.408590029785713495e-02 5.065286463175560196e-04 4.723047552608118302e-03 7.163390822803994537e-05 -1.424763258070080134e-02 -4.701189886550244390e-05 1.589466742462288251e-01 4.968921968117433474e-01 1.555683700489499943e-01
1.635185716964606406e-01 4.265087387299968877e-03 -1.484150448391130875e-02 -6.828011179706512841e-04 4.631171893645767527e-03 2.459581676475336106e-04 -1.360787147340890291e-02 7.880670089297067346e-04 1.555683700489499943e-01 5.093495683383006956e-01
4.914902271258068112e-01 1.623628355440778215e-01 -2.487692590848026870e-03 -1.465215198970997584e-02 2.080316920353184962e-04 4.718252414042713345e-03 4.410748951709243240e-05 -1.410106173358370574e-02 1.197697289262381580e-03 1.557010829894030501e-01
1.623628355440778215e-01 5.055551528966062413e-01 1.550590378610013920e-01 -2.686671165682788954e-03 -1.386955224520228756e-02 6.624831161941033362e-04 4.768221547410629417e-03 7.802452996420760657e-06 -1.468747943210026510e-02 4.121931066114052286e-03
-2.487692590848026870e-03 1.550590378610013920e-01 5.059586640082878173e-01 1.613270766420639712e-01 3.146228203383107710e-03 -1.478186488199908361e-02 -5.262678700642606233e-04 4.755100183481579708e-03 3.201376614914695252e-06 -1.404887808963098048e-02
-1.465215198970997584e-02 -2.686671165682788954e-03 1.613270766420639712e-01 4.916753227198135123e-01 1.563758151381524630e-01 -2.608656966559723313e-03 -1.383280680094074733e-02 -1.376801087290394402e-04 4.756762298537985448e-03 -1.055401876177514630e-04
2.080316920353184962e-04 -1.386955224520228756e-02 3.146228203383107710e-03 1.563758151381524630e-01 5.070842536491604324e-01 1.599414046454630256e-01 1.313646513241434289e-03 -1.428558907531440360e-02 -5.285666094132884492e-04 4.749359208069129507e-03
4.718252414042713345e-03 6.624831161941033362e-04 -1.478186488199908361e-02 -2.608656966559723313e-03 1.599414046454630256e-01 4.964522917150913095e-01 1.559658579296653302e-01 1.923373182437852292e-03 -1.415538689745987969e-02 3.700916124093230324e-04
4.410748951709243240e-05 4.768221547410629417e-03 -5.262678700642606233e-04 -1.383280680094074733e-02 1.313646513241434289e-03 1.559658579296653302e-01 4.974616411950496531e-01 1.585610710900959563e-01 1.047301150028286717e-03 -1.461875915350476646e-02
-1.410106173358370574e-02 7.802452996420760657e-06 4.755100183481579708e-03 -1.376801087290394402e-04 -1.428558907531440360e-02 1.923373182437852292e-03 1.585610710900959563e-01 4.966694932935258877e-01 1.584103430195489826e-01 -5.007700701508928549e-03
1.197697289262381580e-03 -1.468747943210026510e-02 3.201376614914695252e-06 4.756762298537985448e-03 -5.285666094132884492e-04 -1.415538689745987969e-02 1.047301150028286717e-03 1.584103430195489826e-01 5.107144125791194256e-01 1.609271857016067175e-01
1.557010829894030501e-01 4.121931066114052286e-03 -1.404887808963098048e-02 -1.055401876177514630e-04 4.749359208069129507e-03 3.700916124093230324e-04 -1.461875915350476646e-02 -5.007700701508928549e-03 1.609271857016067175e-01 4.969385408175442942e-01
4.987959310723640294e-01 1.588054925650091431e-01 4.034317435018237950e-04 -1.483820496910845041e-02 -2.106481882474647827e-04 4.655559617276075826e-03 2.530910086290552542e-04 -1.369103853816434208e-02 6.475202915956815818e-04 1.558204181186749748e-01
1.588054925650091431e-01 4.975709633450362546e-01 1.559081391937096606e-01 -4.933072498445207135e-03 -1.429561194785575369e-02 1.838341609882973343e-04 4.672729194381731663e-03 1.447407339238911974e-04 -1.424037549487957091e-02 1.029139375262614047e-03
4.034317435018237950e-04 1.559081391937096606e-01 5.117279990765091213e-01 1.651403119292084720e-01 3.263058301907045475e-03 -1.488751599162786016e-02 -6.812126062518983425e-04 4.647431975505433854e-03 -1.263679968158304585e-04 -1.369393044511006512e-02
-1.483820496910845041e-02 -4.933072498445207135e-03 1.651403119292084720e-01 4.914486619586432292e-01 1.548774842729628565e-01 1.767622326936104001e-03 -1.362480566907386600e-02 -5.582672782711567546e-04 4.752133372824663901e-03 5.995274410826683092e-04
-2.106481882474647827e-04 -1.429561194785575369e-02 3.263058301907045475e-03 1.548774842729628565e-01 4.976828504610824044e-01 1.594171713145254854e-01 -3.504170852302278261e-04 -1.444132506605627989e-02 1.297883478022942736e-04 4.728531630639036011e-03
4.655559617276075826e-03 1.838341609882973343e-04 -1.488751599162786016e-02 1.767622326936104001e-03 1.594171713145254854e-01 5.013971997388162460e-01 1.556981828509669263e-01 7.438222662413099175e-04 -1.385042858913640082e-02 2.871938154843996661e-04
2.530910086290552542e-04 4.672729194381731663e-03 -6.812126062518983425e-04 -1.362480566907386600e-02 -3.504170852302278261e-04 1.556981828509669263e-01 4.981364776319348042e-01 1.590828918061176767e-01 -5.419821687830850450e-04 -1.424664918609687761e-02
-1.369103853816434208e-02 1.447407339238911974e-04 4.647431975505433854e-03 -5.582672782711567546e-04 -1.444132506605627989e-02 7.438222662413099175e-04 1.590828918061176767e-01 5.007581864385357573e-01 1.561384124355431890e-01 -2.161030740689427309e-03
6.475202915956815818e-04 -1.424037549487957091e-02 -1.263679968158304585e-04 4.752133372824663901e-03 1.297883478022942736e-04 -1.385042858913640082e-02 -5.419821687830850450e-04 1.561384124355431890e-01 5.044063135210882232e-01 1.590037904300700133e-01
1.558204181186749748e-01 1.029139375262614047e-03 -1.369393044511006512e-02 5.995274410826683092e-04 4.728531630639036011e-03 2.871938154843996661e-04 -1.424664918609687761e-02 -2.161030740689427309e-03 1.590037904300700133e-01 4.980754167559838796e-01
5.050679724127993264e-01 1.565521529942799361e-01 3.099977998698626256e-04 -1.373958695045602446e-02 -5.073260052779335815e-04 4.646764378231862773e-03 2.588255792652200630e-05 -1.418139759896964308e-02 1.036787564117618889e-03 1.589086898746185916e-01
1.565521529942799361e-01 4.987640084307820576e-01 1.583031324876083556e-01 8.864107713721063996e-04 -1.424975374477955962e-02 2.747295316402989279e-05 4.604209382286025484e-03 1.122083443859704047e-04 -1.376467692774054757e-02 -2.321267670099545852e-03
3.099977998698626256e-04 1.583031324876083556e-01 4.991514243246061855e-01 1.558919482266736267e-01 1.982393560647956708e-03 -1.392837150062305532e-02 3.452611592494864005e-04 4.632423634246117528e-03 -9.467947528014929517e-05 -1.415656880343477836e-02
-1.373958695045602446e-02 8.864107713721063996e-04 1.558919482266736267e-01 4.957139283406070129e-01 1.600939011828914627e-01 -1.723927891661196799e-03 -1.449277420048291146e-02 -3.851569107421087053e-05 4.602300390528351985e-03 2.204793073379656115e-04
-5.073260052779335815e-04 -1.424975374477955962e-02 1.982393560647956708e-03 1.600939011828914627e-01 5.029549789070753008e-01 1.555335540535173200e-01 -3.234204705628903470e-03 -1.403354900560674703e-02 6.353696577327022817e-04 4.650841220729904149e-03
4.646764378231862773e-03 2.747295316402989279e-05 -1.392837150062305532e-02 -1.723927891661196799e-03 1.555335540535173200e-01 5.077490654350704791e-01 1.621912359064408005e-01 3.941259517872292700e-03 -1.473427790563550804e-02 -7.294176187013074169e-04
2.588255792652200630e-05 4.604209382286025484e-03 3.452611592494864005e-04 -1.449277420048291146e-02 -3.234204705628903470e-03 1.621912359064408005e-01 4.899030146905541949e-01 1.568299896380858094e-01 -2.197427664888430398e-03 -1.378343093649745180e-02
-1.418139759896964308e-02 1.122083443859704047e-04 4.632423634246117528e-03 -3.851569107421087053e-05 -1.403354900560674703e-02 3.941259517872292700e-03 1.568299896380858094e-01 5.064916402647102744e-01 1.591099714641207030e-01 1.390828660505789155e-03
1.036787564117618889e-03 -1.376467692774054757e-02 -9.467947528014929517e-05 4.602300390528351985e-03 6.353696577327022817e-04 -1.473427790563550804e-02 -2.197427664888430398e-03 1.591099714641207030e-01 4.965116133982922508e-01 1.560267172039689620e-01
1.589086898746185916e-01 -2.321267670099545852e-03 -1.415656880343477836e-02 2.204793073379656115e-04 4.650841220729904149e-03 -7.294176187013074169e-04 -1.378343093649745180e-02 1.390828660505789155e-03 1.560267172039689620e-01 4.976923537954978105e-01
4.991097987288394822e-01 1.573088399717161301e-01 1.097629472430516938e-03 -1.405142522017283416e-02 8.477028233302844658e-05 4.759268427930803298e-03 8.877460514431065233e-05 -1.399975751723767960e-02 -2.085185750483947373e-04 1.571003920072817917e-01
1.573088399717161301e-01 4.979012980354364237e-01 1.574103515410266996e-01 -1.112249080068255895e-03 -1.404976039515846292e-02 -5.096861725123382619e-04 4.690313312773061565e-03 -2.353801877459548906e-04 -1.391202258505462586e-02 4.999419390144632484e-04
1.097629472430516938e-03 1.574103515410266996e-01 5.013700338968533066e-01 1.575416337690535018e-01 -2.011892763275401150e-03 -1.483734942758526548e-02 6.606098495268617702e-04 4.679440079650216966e-03 -3.549104183534081245e-04 -1.388159395412793401e-02
-1.405142522017283416e-02 -1.112249080068255895e-03 1.575416337690535018e-01 5.061834963646546504e-01 1.588051761557548180e-01 5.827299440134168021e-03 -1.469681673416764651e-02 -6.814246380148685032e-04 4.727883284047433576e-03 1.195001334004015152e-04
8.477028233302844658e-05 -1.404976039515846292e-02 -2.011892763275401150e-03 1.588051761557548180e-01 4.853528776270991663e-01 1.646320147640438492e-01 -4.869117735614202427e-03 -1.484536875628418399e-02 9.761446887705032757e-04 4.700763089886522000e-03
4.759268427930803298e-03 -5.096861725123382619e-04 -1.483734942758526548e-02 5.827299440134168021e-03 1.646320147640438492e-01 5.130584499914120356e-01 1.574903843661587532e-01 1.147273029438997984e-03 -1.416362576104125692e-02 -1.384473378363997086e-04
8.877460514431065233e-05 4.690313312773061565e-03 6.606098495268617702e-04 -1.469681673416764651e-02 -4.869117735614202427e-03 1.574903843661587532e-01 4.947109345842528594e-01 1.578549398563275641e-01 -1.672583745098220808e-03 -1.406770606100953003e-02
-1.399975751723767960e-02 -2.353801877459548906e-04 4.679440079650216966e-03 -6.814246380148685032e-04 -1.484536875628418399e-02 1.147273029438997984e-03 1.578549398563275641e-01 5.048471411437305267e-01 1.579335790801847383e-01 1.376529576894618915e-03
-2.085185750483947373e-04 -1.391202258505462586e-02 -3.549104183534081245e-04 4.727883284047433576e-03 9.761446887705032757e-04 -1.416362576104125692e-02 -1.672583745098220808e-03 1.579335790801847383e-01 4.962533839187495688e-01 1.572996901185833851e-01
1.571003920072817917e-01 4.999419390144632484e-04 -1.388159395412793401e-02 1.195001334004015152e-04 4.700763089886522000e-03 -1.384473378363997086e-04 -1.406770606100953003e-02 1.376529576894618915e-03 1.572996901185833851e-01 5.012125857089720915e-01
4.969506107680070617e-01 1.593387789311521141e-01 -4.743994257912503712e-04 -1.448610233180222528e-02 -1.598767825132293833e-05 4.778482905644691747e-03 4.764528834779679597e-04 -1.478187658826452151e-02 3.152855967296464262e-03 1.559278303735164850e-01
1.593387789311521141e-01 5.000886820746425210e-01 1.566676379861869639e-01 -3.982294991055700117e-03 -1.403052788626992300e-02 3.540474298030102059e-04 4.782439790205528923e-03 -5.951250347807643740e-04 -1.436391153304935123e-02 2.016585725669211345e-03
-4.743994257912503712e-04 1.566676379861869639e-01 5.088900129526786609e-01 1.611790683284850534e-01 2.441729134498834067e-03 -1.444253607987114330e-02 -7.956012372709908879e-04 4.880565776356411353e-03 -6.646767657869161964e-04 -1.411596785491771831e-02
-1.448610233180222528e-02 -3.982294991055700117e-03 1.611790683284850534e-01 4.935108171501000340e-01 1.559987503391685182e-01 5.100191991582685548e-04 -1.387863879290936187e-02 -2.793789196867852722e-04 4.771964381790321647e-03 3.001593725996665987e-04
-1.598767825132293833e-05 -1.403052788626992300e-02 2.441729134498834067e-03 1.559987503391685182e-01 5.005792917485466509e-01 1.582397225620097159e-01 1.776570440326260365e-03 -1.482384129950783253e-02 6.959203057896472299e-04 4.788425517103683457e-03
4.778482905644691747e-03 3.540474298030102059e-04 -1.444253607987114330e-02 5.100191991582685548e-04 1.582397225620097159e-01 4.967812866991444531e-01 1.571543320806642607e-01 1.456077925910552505e-04 -1.418170293431703609e-02 5.497594533393588157e-04
4.764528834779679597e-04 4.782439790205528923e-03 -7.956012372709908879e-04 -1.387863879290936187e-02 1.776570440326260365e-03 1.571543320806642607e-01 4.983829660824194985e-01 1.602106634959688802e-01 -5.145830281079183041e-03 -1.484160846649072545e-02
-1.478187658826452151e-02 -5.951250347807643740e-04 4.880565776356411353e-03 -2.793789196867852722e-04 -1.482384129950783253e-02 1.456077925910552505e-04 1.602106634959688802e-01 5.101444198196201096e-01 1.581581788648812881e-01 -5.160561324759919619e-04
3.152855967296464262e-03 -1.436391153304935123e-02 -6.646767657869161964e-04 4.771964381790321647e-03 6.959203057896472299e-04 -1.418170293431703609e-02 -5.145830281079183041e-03 1.581581788648812881e-01 5.005436440900109529e-01 1.608553843261448790e-01
1.559278303735164850e-01 2.016585725669211345e-03 -1.411596785491771831e-02 3.001593725996665987e-04 4.788425517103683457e-03 5.497594533393588157e-04 -1.484160846649072545e-02 -5.160561324759919619e-04 1.608553843261448790e-01 4.941282686148235070e-01
5.033931339329154042e-01 1.553548036477617189e-01 1.657859809597227608e-03 -1.378893870504035654e-02 3.225959884035263536e-04 4.685132345078047572e-03 -5.807505673688611973e-04 -1.451562012661240103e-02 1.539188119583826926e-03 1.596771520417270551e-01
1.553548036477617189e-01 4.948439620426289265e-01 1.610725160929744604e-01 -3.446492833039879918e-03 -1.468877864024314278e-02 8.357340113897621038e-05 4.721784330969735696e-03 2.453080624468849738e-04 -1.365885167305103988e-02 -8.504024598713253672e-04
1.657859809597227608e-03 1.610725160929744604e-01 5.070003627103504273e-01 1.554965332601750960e-01 -1.462624083113707799e-03 -1.407342337007453856e-02 6.426643391586444589e-04 4.908862750411198406e-03 -4.429057175270935702e-04 -1.478664018628761054e-02
-1.378893870504035654e-02 -3.446492833039879918e-03 1.554965332601750960e-01 5.038731265845743934e-01 1.618916530790112107e-01 4.210860421159773152e-03 -1.511979350552696347e-02 -7.882211587984961363e-04 4.740455792391138137e-03 6.994931460609603432e-04
3.225959884035263536e-04 -1.468877864024314278e-02 -1.462624083113707799e-03 1.618916530790112107e-01 4.894953018032541792e-01 1.571527542285634238e-01 -3.854693526695917530e-03 -1.396004033746943082e-02 7.497797094464320536e-05 4.691973634359850563e-03
4.685132345078047572e-03 8.357340113897621038e-05 -1.407342337007453856e-02 4.210860421159773152e-03 1.571527542285634238e-01 5.100184623549606222e-01 1.614041859964250314e-01 1.781697191335951478e-03 -1.451091623826173023e-02 -2.583971055012679319e-04
-5.807505673688611973e-04 4.721784330969735696e-03 6.426643391586444589e-04 -1.511979350552696347e-02 -3.854693526695917530e-03 1.614041859964250314e-01 4.952463303399631256e-01 1.553619256494707113e-01 2.089769366645062403e-03 -1.368409460551026080e-02
-1.451562012661240103e-02 2.453080624468849738e-04 4.908862750411198406e-03 -7.882211587984961363e-04 -1.396004033746943082e-02 1.781697191335951478e-03 1.553619256494707113e-01 4.958868027348944940e-01 1.598515060143249900e-01 -1.642380905356135255e-03
1.539188119583826926e-03 -1.365885167305103988e-02 -4.429057175270935702e-04 4.740455792391138137e-03 7.497797094464320536e-05 -1.451091623826173023e-02 2.089769366645062403e-03 1.598515060143249900e-01 5.046542774690949695e-01 1.556662778989684748e-01
1.596771520417270551e-01 -8.504024598713253672e-04 -1.478664018628761054e-02 6.994931460609603432e-04 4.691973634359850563e-03 -2.583971055012679319e-04 -1.368409460551026080e-02 -1.642380905356135255e-03 1.556662778989684748e-01 4.955882400273590171e-01
4.933411427265778082e-01 1.558254775267607639e-01 1.133392437797221212e-03 -1.383262317226596760e-02 -4.945776198489715801e-04 4.647798534496446962e-03 4.065920407894314022e-04 -1.442516515429136635e-02 -2.440877717756374018e-03 1.615647636779508622e-01
1.558254775267607639e-01 4.977538067338049821e-01 1.588507501187275683e-01 -2.625032908940623522e-03 -1.422338201264866653e-02 1.287171735324356620e-04 4.657030777843865210e-03 8.964184037626527152e-05 -1.412558761966005265e-02 3.068329415039791445e-03
1.133392437797221212e-03 1.588507501187275683e-01 5.062545013305528308e-01 1.574491353058062870e-01 2.386755259661813705e-03 -1.392232466993199164e-02 6.623753509733555081e-05 4.602358996313669556e-03 -2.302006288078391975e-05 -1.437254630481118317e-02
-1.383262317226596760e-02 -2.625032908940623522e-03 1.574491353058062870e-01 4.946717253833488592e-01 1.580486330592325017e-01 7.158783119763863266e-04 -1.425861764056497727e-02 -2.084976409596267705e-04 4.697833095248068330e-03 -2.059116772221665568e-04
-4.945776198489715801e-04 -1.422338201264866653e-02 2.386755259661813705e-03 1.580486330592325017e-01 4.983690063466719722e-01 1.575091619052895187e-01 -3.224905704917855123e-03 -1.389949273793995507e-02 2.092556017530775307e-04 4.622538334556323437e-03
4.647798534496446962e-03 1.287171735324356620e-04 -1.392232466993199164e-02 7.158783119763863266e-04 1.575091619052895187e-01 5.072109923647885044e-01 1.591920482385813518e-01 1.904751001168979076e-03 -1.422646864277429639e-02 4.480023730476869501e-05
4.065920407894314022e-04 4.657030777843865210e-03 6.623753509733555081e-05 -1.425861764056497727e-02 -3.224905704917855123e-03 1.591920482385813518e-01 4.954379988621984143e-01 1.560876311906682634e-01 1.247715062271121571e-03 -1.382417326565571654e-02
