1.293603623724242369e-01 1.407176829538749063e-01 1.459049952635015079e-01 8.978051252897846501e-02 1.001490885587011208e-02 -5.107389556998035568e-02 -9.021937061985130235e-02 -7.118892774113100286e-02 4.362715231377579939e-03 9.754220714635261635e-02 1.388179270375960450e-01 1.253279739348474586e-01
1.407176829538749063e-01 1.876534674322392071e-01 2.312986840661051535e-01 1.819901236223242791e-01 8.115440873270557409e-02 -1.195611450436616548e-02 -7.698968594636595997e-02 -8.678317393540863067e-02 -3.606532274435365892e-02 3.478821812886008502e-02 8.897030785853865531e-02 1.069087484766513552e-01
1.459049952635015079e-01 2.312986840661051535e-01 3.270616931378482195e-01 2.940968778031571307e-01 1.777838716681813813e-01 5.541604811155563526e-02 -2.989455305761530568e-02 -7.209289894345202732e-02 -5.925281652354878748e-02 -2.273919922608694244e-02 3.524993110143852248e-02 8.221571848358318058e-02
8.978051252897846501e-02 1.819901236223242791e-01 2.940968778031571307e-01 3.094532799873086493e-01 2.301098538229006674e-01 1.292873342803680936e-01 6.399244629663028427e-02 3.701560120456260858e-03 -3.834686164636112726e-02 -6.087376482974801717e-02 -3.200128083161522807e-02 2.158291407890969987e-02
1.001490885587011208e-02 8.115440873270557409e-02 1.777838716681813813e-01 2.301098538229006674e-01 2.202642297057033072e-01 1.756430057171424475e-01 1.559203795088949240e-01 9.914986489048460694e-02 1.420503226887027438e-02 -5.960353082132352487e-02 -7.496208511082927406e-02 -3.866425281472006537e-02
-5.107389556998035568e-02 -1.195611450436616548e-02 5.541604811155563526e-02 1.292873342803680936e-01 1.756430057171424475e-01 1.908628331141115630e-01 2.190382998198635300e-01 1.793110838283969999e-01 7.616878150302636152e-02 -2.230505859696780419e-02 -7.702568820697111573e-02 -7.038908125514398151e-02
-9.021937061985130235e-02 -7.698968594636595997e-02 -2.989455305761530568e-02 6.399244629663028427e-02 1.559203795088949240e-01 2.190382998198635300e-01 2.969234131554195355e-01 2.754291856624286883e-01 1.565801765065084339e-01 4.187651669290922557e-02 -5.303650898229867600e-02 -8.152599640116445223e-02
-7.118892774113100286e-02 -8.678317393540863067e-02 -7.209289894345202732e-02 3.701560120456260858e-03 9.914986489048460694e-02 1.793110838283969999e-01 2.754291856624286883e-01 2.946910383175189718e-01 2.123877929290088340e-01 1.377607516504463225e-01 3.329647338163170545e-02 -3.353270067103240881e-02
4.362715231377579939e-03 -3.606532274435365892e-02 -5.925281652354878748e-02 -3.834686164636112726e-02 1.420503226887027438e-02 7.616878150302636152e-02 1.565801765065084339e-01 2.123877929290088340e-01 2.193537533166737830e-01 2.367865041045498775e-01 1.597054152366103597e-01 6.359210390463676532e-02
9.754220714635261635e-02 3.478821812886008502e-02 -2.273919922608694244e-02 -6.087376482974801717e-02 -5.960353082132352487e-02 -2.230505859696780419e-02 4.187651669290922557e-02 1.377607516504463225e-01 2.367865041045498775e-01 3.617735383157041351e-01 3.107950563103012431e-01 1.789380149343574034e-01
1.388179270375960450e-01 8.897030785853865531e-02 3.524993110143852248e-02 -3.200128083161522807e-02 -7.496208511082927406e-02 -7.702568820697111573e-02 -5.303650898229867600e-02 3.329647338163170545e-02 1.597054152366103597e-01 3.107950563103012431e-01 3.104586868252725562e-01 2.029285893762251825e-01
1.253279739348474586e-01 1.069087484766513552e-01 8.221571848358318058e-02 2.158291407890969987e-02 -3.866425281472006537e-02 -7.038908125514398151e-02 -8.152599640116445223e-02 -3.353270067103240881e-02 6.359210390463676532e-02 1.789380149343574034e-01 2.029285893762251825e-01 1.521437043197778616e-01
2.099592414730198642e-01 1.834890301729683315e-01 1.283062290701526553e-01 9.523661203017222410e-02 4.549213410734947310e-02 -9.670883515739461464e-03 -5.784915804153811097e-02 -1.015639604774528082e-01 -5.617684633354864954e-02 5.325461864252721556e-02 1.751314512414688940e-01 2.227889266853501360e-01
1.834890301729683315e-01 1.990156508699272297e-01 1.735919287046225612e-01 1.696420604590011816e-01 1.255675523270163019e-01 4.982174995254544381e-02 -1.675964848464896531e-02 -7.879594489505183097e-02 -7.649424635459027566e-02 -1.408084654596497391e-02 8.413965252197996847e-02 1.543837687965654848e-01
1.283062290701526553e-01 1.735919287046225612e-01 1.827311365320811176e-01 2.088434939375717891e-01 1.795526813817725498e-01 1.010080116070548178e-01 3.493211350933884962e-02 -2.258062354946898526e-02 -5.701251969829310151e-02 -4.991836100006490778e-02 3.443464063514287826e-03 7.352112323561435514e-02
9.523661203017222410e-02 1.696420604590011816e-01 2.088434939375717891e-01 2.693567139634758245e-01 2.519091904064011400e-01 1.626205206421118543e-01 9.258523918897837435e-02 3.931905077950721694e-02 -2.992394752642912187e-02 -7.233686645004923366e-02 -5.681872412867845779e-02 1.528762364152595060e-02
4.549213410734947310e-02 1.255675523270163019e-01 1.795526813817725498e-01 2.519091904064011400e-01 2.565912604283892562e-01 1.818450923718822887e-01 1.285106085360896711e-01 9.854484728942934646e-02 1.763415301831833260e-02 -5.878535475882130934e-02 -8.375329796550960715e-02 -3.318014657293036351e-02
-9.670883515739461464e-03 4.982174995254544381e-02 1.010080116070548178e-01 1.626205206421118543e-01 1.818450923718822887e-01 1.483494779483726655e-01 1.316409886550417574e-01 1.401219590521992631e-01 7.491776755803930543e-02 -1.029729924724247930e-02 -6.854848024531394468e-02 -5.896980904212591190e-02
-5.784915804153811097e-02 -1.675964848464896531e-02 3.493211350933884962e-02 9.258523918897837435e-02 1.285106085360896711e-01 1.316409886550417574e-01 1.547584173820511777e-01 2.111635594716309017e-01 1.584556094983810004e-01 5.836698070583657555e-02 -3.994635399305504486e-02 -7.660005842484243765e-02
-1.015639604774528082e-01 -7.879594489505183097e-02 -2.258062354946898526e-02 3.931905077950721694e-02 9.854484728942934646e-02 1.401219590521992631e-01 2.111635594716309017e-01 3.400766500668100933e-01 2.975107455732715067e-01 1.708354152509080071e-01 1.625302178906565254e-02 -8.256865999011195334e-02
-5.617684633354864954e-02 -7.649424635459027566e-02 -5.701251969829310151e-02 -2.992394752642912187e-02 1.763415301831833260e-02 7.491776755803930543e-02 1.584556094983810004e-01 2.975107455732715067e-01 3.141311363399860168e-01 2.467873226570442557e-01 1.279504006086742141e-01 8.032335185127286586e-03
5.325461864252721556e-02 -1.408084654596497391e-02 -4.991836100006490778e-02 -7.233686645004923366e-02 -5.878535475882130934e-02 -1.029729924724247930e-02 5.836698070583657555e-02 1.708354152509080071e-01 2.467873226570442557e-01 2.884437886677738705e-01 2.613500780596091921e-01 1.548839297051539943e-01
1.751314512414688940e-01 8.413965252197996847e-02 3.443464063514287826e-03 -5.681872412867845779e-02 -8.375329796550960715e-02 -6.854848024531394468e-02 -3.994635399305504486e-02 1.625302178906565254e-02 1.279504006086742141e-01 2.613500780596091921e-01 3.453682520318671068e-01 2.839417680216184681e-01
2.227889266853501360e-01 1.543837687965654848e-01 7.352112323561435514e-02 1.528762364152595060e-02 -3.318014657293036351e-02 -5.896980904212591190e-02 -7.660005842484243765e-02 -8.256865999011195334e-02 8.032335185127286586e-03 1.548839297051539943e-01 2.839417680216184681e-01 2.912182742962422521e-01
2.265631230742532753e-01 2.287544855203404448e-01 1.663499575077091175e-01 8.090876029923813051e-02 2.332882429067934665e-02 -2.547937340597151989e-02 -6.709572478600549228e-02 -7.595943234201713024e-02 -3.169417729295753716e-02 4.884023141104845006e-02 1.538033229846427208e-01 2.145650898637001536e-01
2.287544855203404448e-01 3.022382547813871612e-01 2.673376916061686037e-01 1.734508182236995100e-01 1.159781050558995052e-01 3.686943020515309755e-02 -2.609401976044274651e-02 -7.265603774955145533e-02 -7.571122840128063913e-02 -4.130380166587899193e-02 4.128676695897372934e-02 1.451121755362668464e-01
1.663499575077091175e-01 2.673376916061686037e-01 2.727455034506945375e-01 2.026078498027186203e-01 1.665356146347289068e-01 8.966408661535182900e-02 3.612815442309349340e-02 -2.168455320765324407e-02 -6.320647755156569292e-02 -7.762744988233005738e-02 -4.092565897262679525e-02 5.839104798485812708e-02
8.090876029923813051e-02 1.734508182236995100e-01 2.026078498027186203e-01 1.750880158547883370e-01 1.700717875899270259e-01 1.173668882109603490e-01 9.111067280342899366e-02 4.444215333692737996e-02 -1.606569277152644984e-02 -6.452880043586815828e-02 -7.421880359105242908e-02 -1.141897128836709407e-02
2.332882429067934665e-02 1.159781050558995052e-01 1.665356146347289068e-01 1.700717875899270259e-01 1.949129851003632008e-01 1.597963585676176468e-01 1.586949535664394784e-01 1.204861405517904382e-01 3.862830804163855380e-02 -4.251964406287660203e-02 -9.257240212582237837e-02 -5.956323460990248231e-02
-2.547937340597151989e-02 3.686943020515309755e-02 8.966408661535182900e-02 1.173668882109603490e-01 1.597963585676176468e-01 1.551986469755530229e-01 1.826726769314595822e-01 1.669917025737927274e-01 9.150502507077488967e-02 7.684427286569330516e-03 -6.216264142177815172e-02 -6.974472304757810270e-02
-6.709572478600549228e-02 -2.609401976044274651e-02 3.612815442309349340e-02 9.111067280342899366e-02 1.586949535664394784e-01 1.826726769314595822e-01 2.492512398763956083e-01 2.568308131724909016e-01 1.745047158380252372e-01 7.544824244893641452e-02 -2.416949024000683566e-02 -7.651722223105453247e-02
-7.595943234201713024e-02 -7.265603774955145533e-02 -2.168455320765324407e-02 4.444215333692737996e-02 1.204861405517904382e-01 1.669917025737927274e-01 2.568308131724909016e-01 2.977122927136425790e-01 2.337068819052313673e-01 1.498509974692877056e-01 5.045366290083262706e-02 -3.920725584265808555e-02
-3.169417729295753716e-02 -7.571122840128063913e-02 -6.320647755156569292e-02 -1.606569277152644984e-02 3.862830804163855380e-02 9.150502507077488967e-02 1.745047158380252372e-01 2.337068819052313673e-01 2.256860976077582071e-01 2.006179951554274699e-01 1.478951092520433552e-01 4.913402710120288314e-02
4.884023141104845006e-02 -4.130380166587899193e-02 -7.762744988233005738e-02 -6.452880043586815828e-02 -4.251964406287660203e-02 7.684427286569330516e-03 7.544824244893641452e-02 1.498509974692877056e-01 2.006179951554274699e-01 2.524005842360437235e-01 2.659095676037219746e-01 1.697900616166047039e-01
1.538033229846427208e-01 4.128676695897372934e-02 -4.092565897262679525e-02 -7.421880359105242908e-02 -9.257240212582237837e-02 -6.216264142177815172e-02 -2.416949024000683566e-02 5.045366290083262706e-02 1.478951092520433552e-01 2.659095676037219746e-01 3.582555594465033910e-01 2.879577747307513480e-01
2.145650898637001536e-01 1.451121755362668464e-01 5.839104798485812708e-02 -1.141897128836709407e-02 -5.956323460990248231e-02 -6.974472304757810270e-02 -7.651722223105453247e-02 -3.920725584265808555e-02 4.913402710120288314e-02 1.697900616166047039e-01 2.879577747307513480e-01 2.899476968826217860e-01
3.003850828664039740e-01 2.483647875588907150e-01 1.589048440745693125e-01 1.213866375757452626e-01 4.183054666658335419e-02 -4.326912353975259640e-02 -1.047885575286386095e-01 -5.948773888324826453e-02 1.250730792075448357e-02 9.924788020816406597e-02 1.427594261503635775e-01 2.296862861641818798e-01
2.483647875588907150e-01 2.262049680752399317e-01 1.640919377276121027e-01 1.550004642745139993e-01 9.121415013123010396e-02 2.909879442475214652e-03 -7.105468376854563728e-02 -6.608642084048503562e-02 -3.520218584325607303e-02 2.627420553243980939e-02 8.636980351628910368e-02 1.736888877895577943e-01
1.589048440745693125e-01 1.640919377276121027e-01 1.436499219661196980e-01 1.698609955969896390e-01 1.365457747116938236e-01 6.379557019120256356e-02 -3.705322111404502419e-03 -4.396529223917106793e-02 -6.020016251101348997e-02 -3.685394571028268590e-02 2.286433210021806411e-02 9.388004525478563234e-02
1.213866375757452626e-01 1.550004642745139993e-01 1.698609955969896390e-01 2.464879968831645007e-01 2.385921389303480578e-01 1.625150427789743279e-01 8.701033483509407196e-02 -1.674815909429887284e-02 -8.766655069397125133e-02 -9.876146711014499591e-02 -2.792809704134865262e-02 4.607039052717591676e-02
4.183054666658335419e-02 9.121415013123010396e-02 1.365457747116938236e-01 2.385921389303480578e-01 2.730109254543132691e-01 2.301169810306040175e-01 1.855036652760911620e-01 4.822235092597576545e-02 -5.453596123821351227e-02 -1.016473295403469007e-01 -5.795020733777786481e-02 -1.381931157706354704e-02
-4.326912353975259640e-02 2.909879442475214652e-03 6.379557019120256356e-02 1.625150427789743279e-01 2.301169810306040175e-01 2.493142903262761667e-01 2.662619556132111986e-01 1.340686252726167316e-01 3.402842090788576329e-02 -3.740015059497521499e-02 -5.070948758758855868e-02 -5.726960537205258439e-02
-1.047885575286386095e-01 -7.105468376854563728e-02 -3.705322111404502419e-03 8.701033483509407196e-02 1.855036652760911620e-01 2.662619556132111986e-01 3.617537056750291802e-01 2.416484228720509608e-01 1.572826332787869708e-01 6.864652267207738134e-02 -1.468837485219923536e-02 -7.463404942595384950e-02
-5.948773888324826453e-02 -6.608642084048503562e-02 -4.396529223917106793e-02 -1.674815909429887284e-02 4.822235092597576545e-02 1.340686252726167316e-01 2.416484228720509608e-01 2.173734676350449757e-01 2.120516192461522342e-01 1.687938061021683755e-01 6.100224542455356253e-02 -9.451636225808520558e-03
1.250730792075448357e-02 -3.520218584325607303e-02 -6.020016251101348997e-02 -8.766655069397125133e-02 -5.453596123821351227e-02 3.402842090788576329e-02 1.572826332787869708e-01 2.120516192461522342e-01 2.864629181941643621e-01 2.886366903236661230e-01 1.519966799909676647e-01 7.590779452627041679e-02
9.924788020816406597e-02 2.627420553243980939e-02 -3.685394571028268590e-02 -9.876146711014499591e-02 -1.016473295403469007e-01 -3.740015059497521499e-02 6.864652267207738134e-02 1.687938061021683755e-01 2.886366903236661230e-01 3.399429120420959238e-01 2.088355160700793856e-01 1.518298804414210945e-01
1.427594261503635775e-01 8.636980351628910368e-02 2.286433210021806411e-02 -2.792809704134865262e-02 -5.795020733777786481e-02 -5.070948758758855868e-02 -1.468837485219923536e-02 6.100224542455356253e-02 1.519966799909676647e-01 2.088355160700793856e-01 1.563439439379421536e-01 1.523950768278685142e-01
2.296862861641818798e-01 1.736888877895577943e-01 9.388004525478563234e-02 4.607039052717591676e-02 -1.381931157706354704e-02 -5.726960537205258439e-02 -7.463404942595384950e-02 -9.451636225808520558e-03 7.590779452627041679e-02 1.518298804414210945e-01 1.523950768278685142e-01 1.990698669442108604e-01
2.608068354962066460e-01 2.734139484307750445e-01 1.603053179795017047e-01 7.049724845685315100e-02 6.553109688692740744e-04 -4.907113332275686579e-02 -5.972683314264804616e-02 -5.779931899456771521e-02 -2.390763689211664045e-02 4.568041893946819809e-02 1.530394980849567599e-01 2.177943418515347063e-01
2.734139484307750445e-01 3.751634406613987283e-01 2.711239132933822571e-01 1.767690247943239368e-01 8.647989340642314726e-02 2.488820291427178144e-02 -3.164715207724118351e-02 -7.758168201583195978e-02 -9.126665555764268412e-02 -4.578000651156494127e-02 2.975321501432656029e-02 1.464427021884894820e-01
1.603053179795017047e-01 2.711239132933822571e-01 2.327924336129061078e-01 1.853229537583649944e-01 1.273000552032565458e-01 9.517897038067286986e-02 3.133477175943827353e-02 -2.514087197215957373e-02 -6.788551083197423563e-02 -6.926413635392295043e-02 -5.396875160584602149e-02 3.804637137080979503e-02
7.049724845685315100e-02 1.767690247943239368e-01 1.853229537583649944e-01 1.825212996714144220e-01 1.586112835623691153e-01 1.586954592947756870e-01 9.586470744398306598e-02 4.045670202089203527e-02 -1.880182397044773829e-02 -5.995117929967824777e-02 -8.989768861465097238e-02 -3.163569095451833346e-02
6.553109688692740744e-04 8.647989340642314726e-02 1.273000552032565458e-01 1.586112835623691153e-01 1.700490923387571740e-01 2.024570385810630091e-01 1.493817959323973654e-01 1.057328780312607464e-01 4.395226808554072995e-02 -2.559128427984222465e-02 -8.440183509437482190e-02 -6.601511306697535608e-02
-4.907113332275686579e-02 2.488820291427178144e-02 9.517897038067286986e-02 1.586954592947756870e-01 2.024570385810630091e-01 2.738447447111213573e-01 2.244188841403967072e-01 1.891238212731705115e-01 1.209457859642777550e-01 1.811577074620109029e-02 -6.857158122776313425e-02 -8.706289996295356326e-02
-5.972683314264804616e-02 -3.164715207724118351e-02 3.133477175943827353e-02 9.586470744398306598e-02 1.493817959323973654e-01 2.244188841403967072e-01 2.070469046652109180e-01 2.006366794910124929e-01 1.585860558231093342e-01 6.825324423050510569e-02 -2.141483916652398099e-03 -5.053238973162017811e-02
-5.779931899456771521e-02 -7.758168201583195978e-02 -2.514087197215957373e-02 4.045670202089203527e-02 1.057328780312607464e-01 1.891238212731705115e-01 2.006366794910124929e-01 2.293227314493729019e-01 2.162061221814412515e-01 1.356113518217444969e-01 8.469344481756937992e-02 2.566025588914934603e-03
-2.390763689211664045e-02 -9.126665555764268412e-02 -6.788551083197423563e-02 -1.880182397044773829e-02 4.395226808554072995e-02 1.209457859642777550e-01 1.585860558231093342e-01 2.162061221814412515e-01 2.433422327952792785e-01 1.922729144120767231e-01 1.795450258229583929e-01 7.905688241936636995e-02
4.568041893946819809e-02 -4.578000651156494127e-02 -6.926413635392295043e-02 -5.995117929967824777e-02 -2.559128427984222465e-02 1.811577074620109029e-02 6.825324423050510569e-02 1.356113518217444969e-01 1.922729144120767231e-01 1.962370291216881113e-01 2.380870358721753899e-01 1.549249200356905831e-01
1.530394980849567599e-01 2.975321501432656029e-02 -5.396875160584602149e-02 -8.989768861465097238e-02 -8.440183509437482190e-02 -6.857158122776313425e-02 -2.141483916652398099e-03 8.469344481756937992e-02 1.795450258229583929e-01 2.380870358721753899e-01 3.540824711065481689e-01 2.794271138974371294e-01
2.177943418515347063e-01 1.464427021884894820e-01 3.804637137080979503e-02 -3.163569095451833346e-02 -6.601511306697535608e-02 -8.706289996295356326e-02 -5.053238973162017811e-02 2.566025588914934603e-03 7.905688241936636995e-02 1.549249200356905831e-01 2.794271138974371294e-01 2.747907843700940766e-01
2.143567191687518192e-01 2.499956235102265001e-01 1.824202923943543109e-01 9.379802320517102721e-02 1.720483040163486854e-02 -5.468411577184238009e-02 -5.551695471197162779e-02 -5.059478606187380739e-02 -1.211693785624906247e-02 5.579526505137423487e-02 1.360870902425467821e-01 1.701028808913024881e-01
2.499956235102265001e-01 3.244463665699168220e-01 2.538411676272774309e-01 1.528631006074385734e-01 7.243802824202480450e-02 -1.947731231031302190e-02 -6.345176423401593935e-02 -9.692046019684297242e-02 -8.145705692749238835e-02 -8.022437989519952406e-03 9.227032103317259204e-02 1.670827839186108388e-01
1.824202923943543109e-01 2.538411676272774309e-01 2.184628872688160472e-01 1.549278460161077065e-01 1.163196589088446031e-01 5.443839628169850481e-02 -2.182386218728083610e-02 -7.680525062951165660e-02 -8.853676990523023926e-02 -4.351701058689757401e-02 3.049923861670164604e-02 1.042343802132721098e-01
9.379802320517102721e-02 1.528631006074385734e-01 1.549278460161077065e-01 1.476166954125236741e-01 1.721192712353031840e-01 1.609315311837792861e-01 4.920389413439534010e-02 -2.137184754986127394e-02 -6.036941349823169572e-02 -5.472208343497289573e-02 -2.164900977502694224e-02 3.382227834392534382e-02
1.720483040163486854e-02 7.243802824202480450e-02 1.163196589088446031e-01 1.721192712353031840e-01 2.827069828786519246e-01 3.353549887196409784e-01 1.565222943134098876e-01 5.844442485724886394e-02 -1.589289469173152392e-02 -5.557397860796418898e-02 -6.520129232623149418e-02 -2.855772154531883641e-02
-5.468411577184238009e-02 -1.947731231031302190e-02 5.443839628169850481e-02 1.609315311837792861e-01 3.353549887196409784e-01 4.604631635702859938e-01 2.470350366541281817e-01 1.486792783004876606e-01 6.149217433741058225e-02 -1.512106665700652802e-02 -6.736294702652301236e-02 -6.866144969522802732e-02
-5.551695471197162779e-02 -6.345176423401593935e-02 -2.182386218728083610e-02 4.920389413439534010e-02 1.565222943134098876e-01 2.470350366541281817e-01 1.617536833654129036e-01 1.413581746115628590e-01 1.127765024307549047e-01 6.206281861677076517e-02 1.301968765633807097e-02 -2.832292629025345149e-02
-5.059478606187380739e-02 -9.692046019684297242e-02 -7.680525062951165660e-02 -2.137184754986127394e-02 5.844442485724886394e-02 1.486792783004876606e-01 1.413581746115628590e-01 1.867567198491586478e-01 2.064703679535529190e-01 1.672256816071921448e-01 1.114152144298837521e-01 2.038856537885267231e-02
-1.211693785624906247e-02 -8.145705692749238835e-02 -8.853676990523023926e-02 -6.036941349823169572e-02 -1.589289469173152392e-02 6.149217433741058225e-02 1.127765024307549047e-01 2.064703679535529190e-01 2.727089324278845206e-01 2.540781448586151292e-01 2.061886071386880015e-01 8.427270873758960223e-02
5.579526505137423487e-02 -8.022437989519952406e-03 -4.351701058689757401e-02 -5.472208343497289573e-02 -5.557397860796418898e-02 -1.512106665700652802e-02 6.206281861677076517e-02 1.672256816071921448e-01 2.540781448586151292e-01 2.721291664442416769e-01 2.552324541101359534e-01 1.420433212118758504e-01
1.360870902425467821e-01 9.227032103317259204e-02 3.049923861670164604e-02 -2.164900977502694224e-02 -6.520129232623149418e-02 -6.736294702652301236e-02 1.301968765633807097e-02 1.114152144298837521e-01 2.061886071386880015e-01 2.552324541101359534e-01 2.825503451810731370e-01 1.959961449613437101e-01
1.701028808913024881e-01 1.670827839186108388e-01 1.042343802132721098e-01 3.382227834392534382e-02 -2.855772154531883641e-02 -6.866144969522802732e-02 -2.832292629025345149e-02 2.038856537885267231e-02 8.427270873758960223e-02 1.420433212118758504e-01 1.959961449613437101e-01 1.760483378632937135e-01
2.906737936354190643e-01 1.821351360043438894e-01 1.783088653059064776e-01 9.704534956279559088e-02 4.441412836110637807e-02 -1.388422204503462695e-02 -6.251573795735118622e-02 -6.849947815797126360e-02 -6.109581521154171246e-02 3.575446386278226946e-02 1.833226827643151258e-01 2.743515033203157150e-01
1.821351360043438894e-01 1.396760916751627057e-01 1.668025437165662761e-01 1.101744046069721983e-01 8.229027425589874323e-02 4.349008583455391680e-02 -1.503555499855122914e-02 -5.686754453889322075e-02 -9.054778061024909563e-02 -3.123631990777460052e-02 5.510817233020482570e-02 1.392008526896805487e-01
1.783088653059064776e-01 1.668025437165662761e-01 2.330396312790957714e-01 1.730683710620557481e-01 1.575439406679698673e-01 1.240205757638245671e-01 3.507702675976374224e-02 -5.586757288742904420e-02 -1.336003853419875376e-01 -8.458954015173764107e-02 -1.143417513598572050e-02 9.914388780764674114e-02
9.704534956279559088e-02 1.101744046069721983e-01 1.730683710620557481e-01 1.457989585010401878e-01 1.569027895010685070e-01 1.532599826638402774e-01 8.497256441275480299e-02 -6.383736659247516917e-03 -7.917545510395235242e-02 -6.884274423654668240e-02 -4.191623105150428519e-02 3.134461285149964249e-02
4.441412836110637807e-02 8.229027425589874323e-02 1.575439406679698673e-01 1.569027895010685070e-01 2.048851303433764648e-01 2.388992465668117737e-01 1.770857882808990480e-01 6.068283372962943178e-02 -2.034077608807805318e-02 -5.285485485017694940e-02 -6.662353323737511823e-02 -1.882719801066038909e-02
-1.388422204503462695e-02 4.349008583455391680e-02 1.240205757638245671e-01 1.532599826638402774e-01 2.388992465668117737e-01 3.231922864024771580e-01 2.797665279215983958e-01 1.476111597443337253e-01 7.329533214247610506e-02 -9.693141083274577074e-03 -6.788091821444933172e-02 -6.068321559548449373e-02
-6.251573795735118622e-02 -1.503555499855122914e-02 3.507702675976374224e-02 8.497256441275480299e-02 1.770857882808990480e-01 2.797665279215983958e-01 2.888210477091152084e-01 1.980562826575554547e-01 1.713291955193557425e-01 6.393909776528372557e-02 -1.613800815611175776e-02 -6.333514932460876379e-02
-6.849947815797126360e-02 -5.686754453889322075e-02 -5.586757288742904420e-02 -6.383736659247516917e-03 6.068283372962943178e-02 1.476111597443337253e-01 1.980562826575554547e-01 1.863000708906940028e-01 2.245844829427392497e-01 1.308799898929903227e-01 6.535952601579519960e-02 -1.914127086802153849e-02
-6.109581521154171246e-02 -9.054778061024909563e-02 -1.336003853419875376e-01 -7.917545510395235242e-02 -2.034077608807805318e-02 7.329533214247610506e-02 1.713291955193557425e-01 2.245844829427392497e-01 3.397383127045280338e-01 2.382060856156230366e-01 1.819400785648208063e-01 4.776946540156562504e-02
3.575446386278226946e-02 -3.123631990777460052e-02 -8.458954015173764107e-02 -6.884274423654668240e-02 -5.285485485017694940e-02 -9.693141083274577074e-03 6.393909776528372557e-02 1.308799898929903227e-01 2.382060856156230366e-01 2.073337674457818580e-01 2.185915989071259558e-01 1.318518286180652699e-01
1.833226827643151258e-01 5.510817233020482570e-02 -1.143417513598572050e-02 -4.191623105150428519e-02 -6.662353323737511823e-02 -6.788091821444933172e-02 -1.613800815611175776e-02 6.535952601579519960e-02 1.819400785648208063e-01 2.185915989071259558e-01 3.212546371607615248e-01 2.791498554774570762e-01
2.743515033203157150e-01 1.392008526896805487e-01 9.914388780764674114e-02 3.134461285149964249e-02 -1.882719801066038909e-02 -6.068321559548449373e-02 -6.333514932460876379e-02 -1.914127086802153849e-02 4.776946540156562504e-02 1.318518286180652699e-01 2.791498554774570762e-01 3.192862722525514618e-01
3.042687074158171301e-01 2.568972462612346686e-01 1.614041004531808488e-01 5.223740677306377284e-02 -4.735530239617677384e-02 -8.515488450331470949e-02 -7.833751087543419644e-02 -3.654845903672314378e-02 3.335862890556170329e-02 1.089445065824813652e-01 1.616522745165459574e-01 2.337307886386422728e-01
2.568972462612346686e-01 2.549518973881260697e-01 2.077236369777229197e-01 1.422582893527592485e-01 3.909088242110345113e-02 -3.751221551215531969e-02 -7.365292633497935726e-02 -7.149198947053241049e-02 -2.278395232621035701e-02 3.847344832777654933e-02 9.839885966381335669e-02 1.748225432458817008e-01
1.614041004531808488e-01 2.077236369777229197e-01 2.365177485804288438e-01 2.459670000886231556e-01 1.621173994900672877e-01 5.404139363763210691e-02 -2.520310766772358019e-02 -6.985205454041301665e-02 -6.239347937037218600e-02 -3.494070255228235583e-02 1.568843552155694404e-02 8.075060440269461737e-02
5.223740677306377284e-02 1.422582893527592485e-01 2.459670000886231556e-01 3.460254781626760368e-01 2.965030626431287009e-01 1.701024532064299988e-01 5.931394117596273940e-02 -2.589078265579944707e-02 -6.879204929596857698e-02 -8.482182526630932529e-02 -5.816678221049460806e-02 -1.685163157473450191e-02
-4.735530239617677384e-02 3.909088242110345113e-02 1.621173994900672877e-01 2.965030626431287009e-01 3.123285315415945118e-01 2.274639724736463031e-01 1.426197182404840558e-01 6.483693564707014578e-02 -9.072385728811395433e-03 -5.997730532025360994e-02 -7.438753397987502014e-02 -7.543483766781626521e-02
-8.515488450331470949e-02 -3.751221551215531969e-02 5.404139363763210691e-02 1.701024532064299988e-01 2.274639724736463031e-01 2.154869243737214113e-01 1.905123063237226799e-01 1.541629449229832693e-01 7.868725254360434129e-02 1.645613273774285817e-02 -3.338241254094114624e-02 -7.043305470633032250e-02
-7.833751087543419644e-02 -7.365292633497935726e-02 -2.520310766772358019e-02 5.931394117596273940e-02 1.426197182404840558e-01 1.905123063237226799e-01 2.276105181262348676e-01 2.381687044764340122e-01 1.697348579862560103e-01 1.068894357168442000e-01 3.008592067182505950e-02 -3.188867693464599723e-02
-3.654845903672314378e-02 -7.149198947053241049e-02 -6.985205454041301665e-02 -2.589078265579944707e-02 6.483693564707014578e-02 1.541629449229832693e-01 2.381687044764340122e-01 2.964358847454118262e-01 2.433125444773856227e-01 1.895523856994654754e-01 9.900378344186473722e-02 2.673300065913311596e-02
3.335862890556170329e-02 -2.278395232621035701e-02 -6.239347937037218600e-02 -6.879204929596857698e-02 -9.072385728811395433e-03 7.868725254360434129e-02 1.697348579862560103e-01 2.433125444773856227e-01 2.290127926266892766e-01 2.057127029004335306e-01 1.355812011665419037e-01 8.335632260768258139e-02
1.089445065824813652e-01 3.847344832777654933e-02 -3.494070255228235583e-02 -8.482182526630932529e-02 -5.997730532025360994e-02 1.645613273774285817e-02 1.068894357168442000e-01 1.895523856994654754e-01 2.057127029004335306e-01 2.152275462565172437e-01 1.686820328913758993e-01 1.400447464404005471e-01
1.616522745165459574e-01 9.839885966381335669e-02 1.568843552155694404e-02 -5.816678221049460806e-02 -7.438753397987502014e-02 -3.338241254094114624e-02 3.008592067182505950e-02 9.900378344186473722e-02 1.355812011665419037e-01 1.686820328913758993e-01 1.592497662810521686e-01 1.633477020939879121e-01
2.337307886386422728e-01 1.748225432458817008e-01 8.075060440269461737e-02 -1.685163157473450191e-02 -7.543483766781626521e-02 -7.043305470633032250e-02 -3.188867693464599723e-02 2.673300065913311596e-02 8.335632260768258139e-02 1.400447464404005471e-01 1.633477020939879121e-01 2.028842045017382745e-01
3.305334099151582272e-01 2.327856717983197155e-01 1.746486986003910336e-01 9.171066773340014189e-02 1.866647474555446773e-02 -4.726652281543664014e-02 -8.941432659794637527e-02 -7.709160252233371313e-02 -4.373018390561470708e-02 4.089412627514387583e-02 1.722953195588637909e-01 2.671773440816997969e-01
2.327856717983197155e-01 2.023092455261241707e-01 1.909080589226830049e-01 1.384137823383608801e-01 8.816183251971237977e-02 1.292869030295276667e-02 -4.985844515104547597e-02 -7.473434003992038277e-02 -8.270286294926849913e-02 -3.786190452874708956e-02 4.546641014006572168e-02 1.462087831795405302e-01
1.746486986003910336e-01 1.909080589226830049e-01 2.223309030479446169e-01 1.974818075227559311e-01 1.713988916112457461e-01 8.818516947693666452e-02 8.579244073108106133e-03 -5.202960625583291643e-02 -9.376236085706687873e-02 -8.227036748171370761e-02 -3.486008544768048889e-02 6.902766104310187334e-02
9.171066773340014189e-02 1.384137823383608801e-01 1.974818075227559311e-01 2.119276155087635449e-01 2.237676375235486681e-01 1.577562741604406904e-01 8.713279428407955107e-02 7.072079019258133495e-03 -5.263099604097895567e-02 -7.573802373185653525e-02 -7.130551411222249558e-02 1.276842679837794821e-03
1.866647474555446773e-02 8.816183251971237977e-02 1.713988916112457461e-01 2.237676375235486681e-01 2.827473460798941574e-01 2.394032800479892753e-01 1.831769034052404266e-01 8.551607086436198435e-02 1.288502828323809940e-02 -4.427259454372009517e-02 -8.054080555930276386e-02 -4.788216298528338855e-02
-4.726652281543664014e-02 1.292869030295276667e-02 8.818516947693666452e-02 1.577562741604406904e-01 2.394032800479892753e-01 2.435510989619757427e-01 2.271652073407489092e-01 1.472604262027528699e-01 9.161165001005497355e-02 2.277860193979514003e-02 -3.726682970187639860e-02 -6.078057720129841079e-02
-8.941432659794637527e-02 -4.985844515104547597e-02 8.579244073108106133e-03 8.713279428407955107e-02 1.831769034052404266e-01 2.271652073407489092e-01 2.553977461534415183e-01 2.001988343790429004e-01 1.680813289120991760e-01 9.699722477698966006e-02 2.524380965713098057e-02 -4.995715944243785123e-02
-7.709160252233371313e-02 -7.473434003992038277e-02 -5.202960625583291643e-02 7.072079019258133495e-03 8.551607086436198435e-02 1.472604262027528699e-01 2.001988343790429004e-01 1.884589878136514463e-01 1.914942401015071738e-01 1.439260244158933888e-01 9.123660077180538452e-02 -3.903268929506081147e-03
-4.373018390561470708e-02 -8.270286294926849913e-02 -9.376236085706687873e-02 -5.263099604097895567e-02 1.288502828323809940e-02 9.161165001005497355e-02 1.680813289120991760e-01 1.914942401015071738e-01 2.318930197504847635e-01 2.077600072810816823e-01 1.777552716021927326e-01 6.241114331737682153e-02
4.089412627514387583e-02 -3.786190452874708956e-02 -8.227036748171370761e-02 -7.573802373185653525e-02 -4.427259454372009517e-02 2.277860193979514003e-02 9.699722477698966006e-02 1.439260244158933888e-01 2.077600072810816823e-01 2.244594620416049402e-01 2.400960895067217882e-01 1.440486251556624686e-01
1.722953195588637909e-01 4.546641014006572168e-02 -3.486008544768048889e-02 -7.130551411222249558e-02 -8.054080555930276386e-02 -3.726682970187639860e-02 2.524380965713098057e-02 9.123660077180538452e-02 1.777552716021927326e-01 2.400960895067217882e-01 3.226774759652245583e-01 2.603125041289602315e-01
2.671773440816997969e-01 1.462087831795405302e-01 6.902766104310187334e-02 1.276842679837794821e-03 -4.788216298528338855e-02 -6.078057720129841079e-02 -4.995715944243785123e-02 -3.903268929506081147e-03 6.241114331737682153e-02 1.440486251556624686e-01 2.603125041289602315e-01 2.837136892357283724e-01
2.133918934670906431e-01 2.139371127894889313e-01 1.489705202091186620e-01 5.881590276956612240e-02 -2.489572282261495392e-02 -5.992128595724488527e-02 -8.000704602095357054e-02 -5.197928537905785462e-02 1.239918648708301235e-02 9.097324407605485164e-02 1.677054459577924650e-01 2.055840091189092833e-01
2.139371127894889313e-01 2.642160471203005567e-01 2.339199363520404751e-01 1.605764183429303493e-01 6.529497031197198376e-02 -2.506715752105651701e-02 -8.783011108316754467e-02 -9.388065663101538560e-02 -4.593802019774639173e-02 2.245284696115894957e-02 1.025249322955201492e-01 1.664891446579976064e-01
1.489705202091186620e-01 2.339199363520404751e-01 2.641152177228440756e-01 2.443418141835559110e-01 1.760325648803512388e-01 5.117952850717356894e-02 -3.217878799680519430e-02 -7.466169149965565244e-02 -6.823743337414232835e-02 -3.960746050286673148e-02 1.222388085859966306e-02 7.827245626569249992e-02
5.881590276956612240e-02 1.605764183429303493e-01 2.443418141835559110e-01 2.969176940564435263e-01 2.791492880477495220e-01 1.437720004453898470e-01 6.457795077634753689e-02 -5.001554746059518053e-03 -4.840935250472770679e-02 -7.085256480517793110e-02 -6.392519952208233769e-02 -1.643821763933168631e-02
-2.489572282261495392e-02 6.529497031197198376e-02 1.760325648803512388e-01 2.791492880477495220e-01 3.249288194105394711e-01 2.127099873625313831e-01 1.643686559830965233e-01 9.093939324671178326e-02 1.015834597549412563e-02 -5.446735651715649273e-02 -9.238074026084427959e-02 -7.977253640421289038e-02
-5.992128595724488527e-02 -2.506715752105651701e-02 5.117952850717356894e-02 1.437720004453898470e-01 2.127099873625313831e-01 1.794980316944450593e-01 1.886538561219293642e-01 1.518117770218427587e-01 7.976221384792464564e-02 1.440287939065692212e-02 -4.066658348178063542e-02 -6.660162247949566461e-02
-8.000704602095357054e-02 -8.783011108316754467e-02 -3.217878799680519430e-02 6.457795077634753689e-02 1.643686559830965233e-01 1.886538561219293642e-01 2.553483029732266374e-01 2.473804118308074451e-01 1.714047337375684266e-01 9.780898316987851615e-02 2.171961789570213755e-02 -4.339180898167581402e-02
-5.197928537905785462e-02 -9.388065663101538560e-02 -7.466169149965565244e-02 -5.001554746059518053e-03 9.093939324671178326e-02 1.518117770218427587e-01 2.473804118308074451e-01 2.752288914632315953e-01 2.195687772048426911e-01 1.632562263767491362e-01 9.436360262976836721e-02 1.353557033426867201e-02
1.239918648708301235e-02 -4.593802019774639173e-02 -6.823743337414232835e-02 -4.840935250472770679e-02 1.015834597549412563e-02 7.976221384792464564e-02 1.714047337375684266e-01 2.195687772048426911e-01 2.070902030969386520e-01 1.900653646196793778e-01 1.534693855693058384e-01 8.420587851931082835e-02
9.097324407605485164e-02 2.245284696115894957e-02 -3.960746050286673148e-02 -7.085256480517793110e-02 -5.446735651715649273e-02 1.440287939065692212e-02 9.780898316987851615e-02 1.632562263767491362e-01 1.900653646196793778e-01 2.178049206167667617e-01 2.185859786122101023e-01 1.646159764471848974e-01
1.677054459577924650e-01 1.025249322955201492e-01 1.222388085859966306e-02 -6.392519952208233769e-02 -9.238074026084427959e-02 -4.066658348178063542e-02 2.171961789570213755e-02 9.436360262976836721e-02 1.534693855693058384e-01 2.185859786122101023e-01 2.618280953725045102e-01 2.319570350373959811e-01
2.055840091189092833e-01 1.664891446579976064e-01 7.827245626569249992e-02 -1.643821763933168631e-02 -7.977253640421289038e-02 -6.660162247949566461e-02 -4.339180898167581402e-02 1.353557033426867201e-02 8.420587851931082835e-02 1.646159764471848974e-01 2.319570350373959811e-01 2.396318830056639315e-01
1.887833582751975436e-01 2.151939547851570989e-01 1.583818700494900866e-01 8.279577303579159497e-02 -3.024258600760497493e-03 -6.235175123371431566e-02 -7.755651553042736124e-02 -3.850592326846616342e-02 2.785104577656179886e-02 1.055343688231600296e-01 1.468843539188927905e-01 1.613494896598485218e-01
2.151939547851570989e-01 2.963494408934135849e-01 2.610242990012978659e-01 1.904395264044536074e-01 7.294192389735752735e-02 -2.745356832285484466e-02 -8.717472649990834488e-02 -8.180478087127079911e-02 -2.842705396783663796e-02 3.262784202983226578e-02 9.229595296591315556e-02 1.436958260034705837e-01
1.583818700494900866e-01 2.610242990012978659e-01 2.749233377619068053e-01 2.468242068171266901e-01 1.481734183679011552e-01 5.115990747435893160e-02 -2.891893426327581118e-02 -6.670624925044912890e-02 -5.835279253625411111e-02 -4.295070100570502758e-02 6.715333095132593189e-03 7.204542685381436218e-02
8.279577303579159497e-02 1.904395264044536074e-01 2.468242068171266901e-01 2.769093277715642953e-01 2.194386465973526823e-01 1.490096827040814920e-01 6.714057969055446662e-02 -1.022917046154610612e-02 -5.617806055664442688e-02 -8.968477739165321705e-02 -6.411329613818651796e-02 -1.772971778813906951e-03
-3.024258600760497493e-03 7.294192389735752735e-02 1.481734183679011552e-01 2.194386465973526823e-01 2.299703015583594856e-01 2.173494811825885942e-01 1.680526002781912442e-01 7.975129331069046035e-02 -7.323641031014450214e-03 -7.291447218890484416e-02 -8.402450686705351113e-02 -5.332957344426868251e-02
-6.235175123371431566e-02 -2.745356832285484466e-02 5.115990747435893160e-02 1.490096827040814920e-01 2.173494811825885942e-01 2.691516553026393477e-01 2.637675889527235640e-01 1.796252222856497827e-01 6.560837445992404038e-02 -1.380546596233503398e-02 -6.060895988482803420e-02 -7.038811930672950190e-02
-7.755651553042736124e-02 -8.717472649990834488e-02 -2.891893426327581118e-02 6.714057969055446662e-02 1.680526002781912442e-01 2.637675889527235640e-01 3.110469763579895019e-01 2.531937179372427682e-01 1.410279730048393243e-01 7.567826869779109566e-02 5.888643242923403444e-03 -4.381163175247138747e-02
-3.850592326846616342e-02 -8.180478087127079911e-02 -6.670624925044912890e-02 -1.022917046154610612e-02 7.975129331069046035e-02 1.796252222856497827e-01 2.531937179372427682e-01 2.482140618835512735e-01 1.793040984371134516e-01 1.575898497107465213e-01 9.184410635094153452e-02 2.051957827197188611e-02
2.785104577656179886e-02 -2.842705396783663796e-02 -5.835279253625411111e-02 -5.617806055664442688e-02 -7.323641031014450214e-03 6.560837445992404038e-02 1.410279730048393243e-01 1.793040984371134516e-01 1.733192543328585522e-01 2.039225805361009058e-01 1.609423216889659114e-01 8.988383134687069620e-02
1.055343688231600296e-01 3.262784202983226578e-02 -4.295070100570502758e-02 -8.968477739165321705e-02 -7.291447218890484416e-02 -1.380546596233503398e-02 7.567826869779109566e-02 1.575898497107465213e-01 2.039225805361009058e-01 2.925889860901497164e-01 2.625609723779670501e-01 1.785369077236536595e-01
1.468843539188927905e-01 9.229595296591315556e-02 6.715333095132593189e-03 -6.411329613818651796e-02 -8.402450686705351113e-02 -6.060895988482803420e-02 5.888643242923403444e-03 9.184410635094153452e-02 1.609423216889659114e-01 2.625609723779670501e-01 2.620970968089598729e-01 1.993639548649187576e-01
