4.158695309383298594e-02 1.143394456935481474e-01 1.416686651699924360e-01 1.273138345927585791e-01 6.523390472690560049e-02 8.760454099367535885e-02 1.140385269612727848e-01 1.983142803234907992e-01 4.889814502845902383e-02 3.267330924001667775e-02 1.385825548665297127e-02 1.447013868939488017e-02
5.946000237511258821e-03 4.094486156744333270e-03 2.872848892966708284e-03 4.147160405279385134e-03 2.371500802944432815e-02 1.082528832629428284e-01 2.080198452546260235e-01 3.379526957774769969e-01 1.772463039999506995e-01 9.346661761350556763e-02 2.537951526415339193e-02 8.906635105398829841e-03
1.592148485620424325e-01 7.006852123411658195e-02 5.583187212677053618e-02 3.973374149003757599e-02 4.161064385913418318e-02 6.817889064641191599e-02 1.051565667724522202e-01 1.286602679741584432e-01 1.412218084039219002e-01 5.894568334688182754e-02 4.052749194785953968e-02 9.084966363621285734e-02
8.630667168085071062e-02 9.827450428349743250e-02 3.753769044669200139e-02 4.139788478172467395e-02 8.091491438667139380e-02 1.089597657904091133e-01 6.627635212466176373e-02 5.243338084626837647e-02 3.788359068511362032e-02 9.921194335211669380e-02 1.268996384276183109e-01 1.639036631943762146e-01
3.267327363125228229e-02 6.460728867389915753e-02 4.569654063454822723e-02 2.614418655628744995e-02 7.099289733868432983e-02 2.201620675408400563e-01 1.092333524981878856e-01 1.777766197670921366e-01 1.645631139011037858e-01 5.820275576971235126e-02 1.719005456135339754e-02 1.275784912703897475e-02
1.097895002973505729e-01 2.099877587068778584e-01 1.896914213682573958e-01 8.726494349926644523e-02 3.932953823046289599e-02 1.497597798158725041e-02 7.451799791218017589e-03 6.807794618131813788e-03 1.830733785273894881e-02 4.096178464719241186e-02 1.150016532711959222e-01 1.604304897357207715e-01
1.586246581229242003e-01 8.941176991759798576e-02 1.128011091356607432e-01 7.247562810205418482e-02 3.454980581220362668e-02 3.063787957616518481e-02 1.942844859605584104e-02 6.727503806522304453e-02 1.175912304994858049e-01 1.156467078761249101e-01 9.612612128400103984e-02 8.543160301250332656e-02
7.308222554687432426e-02 7.492594350687650784e-02 2.367646454765405875e-02 1.613373810138960321e-02 9.284349023187308744e-03 2.493666696507964436e-02 3.125009022641817014e-02 3.169414447362007420e-02 1.254476005655743298e-01 2.854295824293435757e-01 1.900962174648669900e-01 1.140429771491153627e-01
2.164704796585993907e-01 5.929127404188647144e-02 6.371173623036581468e-02 6.380093525005514632e-02 3.722471650323707498e-02 1.245375273333812136e-02 2.171855483061124747e-02 3.927061571574592264e-02 6.248815054042033967e-02 8.103221340304865572e-02 1.262482741407938980e-01 2.162892969518979691e-01
6.470716271105517170e-02 1.524736823710253486e-01 1.365831621863162759e-01 1.326873740980277494e-01 6.280500696109310443e-02 3.033869922337275454e-02 4.686540720660528625e-02 4.937330784048686583e-02 6.577101666984698503e-02 9.406436437921004978e-02 1.129904944318168014e-01 5.134032192114387771e-02
9.230211206280140857e-02 7.908465549760207436e-02 8.109287522688304883e-02 5.635169128891269474e-02 1.305662733619502580e-01 2.288767737085896647e-01 1.219507313167027124e-01 4.206785932226930758e-02 2.499326827464930928e-02 1.549849961967168788e-02 4.978562951054836538e-02 7.742963080941958620e-02
7.443400392401353094e-02 2.117435515194575346e-02 5.281023849164885250e-03 3.153859316462383818e-03 2.635801408112838778e-03 2.775393934147322994e-03 1.311428717383970183e-02 5.210097223453533793e-02 6.325880020870627840e-02 5.767393774371341875e-02 2.523991930265196970e-01 4.519983720288390239e-01
5.834859408963655181e-02 3.787307796753490441e-02 2.093023716576501714e-02 7.306351499361954382e-02 2.910398081871337292e-02 5.157555956272043274e-02 8.427321416364190465e-02 9.925443337201197980e-02 1.407395406713630170e-01 2.247751282371422965e-01 9.814213935902815766e-02 8.192057959882331764e-02
3.983420127237832786e-02 7.392039726722471338e-02 6.848926065207192049e-02 1.732641673113464176e-01 1.289382232955696983e-01 9.280007816500462914e-02 8.014470235633718020e-02 1.800921541680578497e-01 9.592584929404431027e-02 4.462015657746731812e-02 1.109080953509911094e-02 1.088000010539848759e-02
1.778795330093561056e-01 1.213857419091664003e-01 6.327262569690345062e-02 3.040900368031712597e-02 5.309632100700578672e-02 4.748167652058071786e-02 3.828859727324963880e-02 5.714187402241975577e-02 7.435324713626068061e-02 7.911111314579825915e-02 1.064742594648693530e-01 1.511060071340729616e-01
1.324488581050244952e-02 2.068889168697259431e-02 2.421240741678084424e-02 2.031230479698032873e-02 4.710124441682588675e-02 1.332945660843202762e-01 1.418738155682902902e-01 3.539506221584183265e-01 1.278106293547873473e-01 6.237746061272145953e-02 3.420132051329128481e-02 2.093185158010914607e-02
4.867173828161155263e-02 5.953624792394057730e-02 2.231415778794882399e-01 9.804123055490424066e-02 4.763093843014304385e-02 4.633050166464076913e-02 2.254148725399721456e-02 5.471136518860528208e-02 1.364665682843749783e-01 1.874325968644852125e-01 4.907102691296064828e-02 2.642472076084849755e-02
9.728360191717563832e-02 9.742653950058016710e-02 1.161426565974946062e-01 1.109276490334321352e-01 6.604757162618918320e-02 1.423971259353081636e-02 2.328635462669595771e-02 6.108377612580667693e-02 2.116394116722410956e-01 1.495490777943784266e-01 3.116281888953154749e-02 2.121082962294387406e-02
1.385736366725797142e-01 7.312680388615976079e-02 3.274415928594761466e-02 3.586904822104038104e-02 3.231912991154758247e-02 2.103640248726578246e-02 3.497770667150570251e-02 2.497834043133263793e-02 5.117752725600253905e-02 1.549589297427573786e-01 2.293349556604170059e-01 1.709033597734443966e-01
1.339473132460280158e-01 1.004490722773304368e-01 7.871698717632173714e-02 8.306923807361590861e-02 9.012893045819189708e-02 7.072125020041951371e-02 8.381684671663597319e-02 7.154620382806900492e-02 2.627840969424442147e-02 2.925865798609855045e-02 6.473738931388041407e-02 1.673297010291642795e-01
2.293250614320672953e-01 7.814860540117724019e-02 4.401263900565662024e-02 1.077412760421463528e-01 8.506182644384650826e-02 6.432657848592530925e-02 1.491224910484695645e-02 1.135794710270102148e-02 3.468169231357406956e-02 7.107091964551404129e-02 1.549371084900885431e-01 1.044240965324560871e-01
8.132744167784049585e-03 5.280386732593866234e-02 9.423734308329898002e-02 9.693850939661181887e-02 1.664960973805333921e-01 1.746321823160418285e-01 1.520916620848202228e-01 1.046124511335636553e-01 1.171843415264887805e-01 2.034668188700414909e-02 7.528512354694808471e-03 4.995607343219627197e-03
4.816387303535397957e-02 5.532299958983868254e-02 5.855146686009484597e-02 7.015491972705480139e-02 5.762047281767333773e-02 1.184201587993624627e-01 2.443489976125552687e-01 1.036371537820148236e-01 8.474763180686557817e-02 9.283608477366107892e-02 4.049398948440630780e-02 2.570225171111895426e-02
2.089506964339071793e-02 1.798459844414008330e-02 5.123739448851578199e-02 7.803288826864102079e-02 1.245979643488507871e-01 1.672266405682908963e-01 1.334326465097707692e-01 1.254931575894400464e-01 7.834051961927387953e-02 1.085619908718906679e-01 5.766456121998713574e-02 3.653256842780853997e-02
7.358725595471041214e-02 6.068464710936091744e-02 1.200627830374415839e-01 2.082011833831778902e-01 2.450465494087030183e-01 7.201181199439146696e-02 3.204911295221381240e-02 1.372293959679482707e-02 2.117403236677497386e-02 2.393063816408715072e-02 3.569952034668584517e-02 9.382952568565797180e-02
3.125225751203639102e-02 2.063442982873138487e-02 1.077142093938218866e-02 9.197677179122447366e-03 1.303732042346528522e-02 2.628417614289345339e-02 1.002644551228814990e-01 2.692877215321239914e-01 1.925656764423364642e-01 1.936959614299433030e-01 9.309305756539448806e-02 3.991584588168955311e-02
1.184163990968260111e-01 6.374492481323769388e-02 1.180639481846046945e-01 8.612510741418152871e-02 3.587662353989527070e-02 5.208665900960216671e-02 1.343097858966048608e-01 1.375989379476789121e-01 1.118805900729202552e-01 3.540512365266151179e-02 4.741036827555163147e-02 5.908153209623580315e-02
6.646728143280977719e-02 3.994622707623851632e-02 4.002649826060105526e-02 9.813462600146888315e-02 1.405876050711843406e-01 7.829089920532517066e-02 6.724515802483066462e-02 8.151706878805170531e-02 1.405991923740096683e-01 1.272713040367486614e-01 6.783687920414600836e-02 5.207726052458547250e-02
1.088827954127404851e-01 1.239828213385982258e-01 2.252103506796738347e-02 1.423139963630745859e-02 2.376632058638158268e-02 3.765900706854000135e-02 3.218606444078914164e-02 3.496985865589764819e-02 5.480603606724508692e-02 8.361114867944846596e-02 2.664950305588412172e-01 1.968884824872435824e-01
6.686735006603904130e-02 2.975559226674700034e-02 3.727873106226480687e-02 6.560797829323583574e-02 6.764616226298189594e-02 1.660676687823419984e-01 1.011166230614079509e-01 1.377161539436492221e-01 1.174661027976588723e-01 4.871294874710782596e-02 8.808910756394579267e-02 7.367558115261990670e-02
9.510899026154268077e-02 2.249705129238414036e-01 6.996011799583828905e-02 2.476886843976406141e-02 4.859021894020985888e-02 1.843410752759004068e-01 9.318813847720305854e-02 5.646996627073643665e-02 5.362871322132479329e-02 6.701686103050052967e-02 5.059930714542525132e-02 3.135723001771351104e-02
8.598777145358593721e-02 1.461626283662792458e-01 1.541381220310867051e-01 1.157090773174817150e-01 6.379315640056518188e-02 1.658310102724847024e-02 1.111376455576349072e-02 7.541106630216809839e-03 9.003069640562175180e-03 3.275869159973284622e-02 1.457030043349107629e-01 2.115065066425666496e-01
7.805350283133354050e-02 9.858950427017064422e-02 1.636770039342732297e-01 1.281378491826757615e-01 1.150714657807704877e-01 9.546564577209623592e-02 4.131183721288683025e-02 2.856905117084975257e-02 4.476159906721813297e-02 3.875018263940960273e-02 5.739840091786541088e-02 1.102139572204503953e-01
2.330739556156084247e-01 1.325579418371728990e-01 4.702126191129854527e-02 3.294840936427338718e-02 2.266707792919378517e-02 1.359824938534888450e-02 3.933274827337042423e-02 7.309659231105879174e-02 5.554786707802325529e-02 6.369848229678537477e-02 9.755205286828183553e-02 1.889053611295844204e-01
3.013693024346035254e-01 7.751317584662323346e-02 3.445779840041973685e-02 1.013721797790944658e-02 5.837289247719369169e-03 2.962551231358150419e-03 5.275090342622855075e-03 1.277643672772663108e-02 2.464861162210850790e-02 4.809448003734721755e-02 1.523841258452176550e-01 3.245439202863436567e-01
1.327022072224498805e-01 1.668857419382094309e-01 6.803068624062993952e-02 3.355977252408871847e-02 3.731263385740297284e-02 3.924170831818998145e-02 5.009929762873034653e-02 5.243511912390513841e-02 6.933884687384525569e-02 1.267314015012497297e-01 1.113111194381320723e-01 1.123514653331668389e-01
6.395738453385285682e-02 8.078131048093960265e-02 1.325730632935620268e-01 2.917157754560837368e-01 7.493191790887379633e-02 6.940757944878332697e-02 4.570114833904103530e-02 5.838779997914705922e-02 4.379992313507914681e-02 7.554184302342893675e-02 2.689965023466117655e-02 3.630260416654745165e-02
3.578004922671237931e-02 1.343778166225262014e-02 7.603294310142001515e-03 9.190028264181349799e-03 3.038484819794752632e-03 2.173387321484199653e-03 7.746465634011437222e-03 3.495591263369478979e-02 1.251525238209800217e-01 2.925454201577986080e-01 3.219239146713553379e-01 1.464527374775927426e-01
1.336106582312281132e-02 1.042756862506055010e-02 2.396575886272642522e-02 7.465273148726762897e-02 1.787833145385038514e-01 7.202114707086362810e-02 5.153806011075969667e-02 6.152020027059139362e-02 1.794663236078325452e-01 2.129109442990860801e-01 8.332942708534520071e-02 3.802345821884019206e-02
1.648927008732331001e-01 1.209664801993793615e-01 1.456198108084419129e-01 1.394200879775648327e-01 4.817592819717435998e-02 2.461346411664509792e-02 3.217685346123882323e-02 3.867535067227691192e-02 3.359118022127578068e-02 9.310288694331525505e-02 7.193019489111557307e-02 8.683506163833902558e-02
1.008869924513054349e-03 7.949666195079913792e-04 2.072239974414220778e-03 1.141061163336794422e-02 3.160282676292822113e-02 5.926471142339660714e-02 1.880929289192674603e-01 4.775959896301152363e-01 1.644795582161891201e-01 4.298648195823961266e-02 1.831455741408010568e-02 2.376257523980573015e-03
1.091057936341493020e-02 5.936390388957367772e-03 3.657275086858910885e-03 2.158995771045058021e-02 3.389100055013452573e-02 5.655037532780964743e-02 1.457929588528536768e-01 2.787833942813990884e-01 2.048978114348757318e-01 1.363715494617063761e-01 8.160091678708969454e-02 2.001779075444934386e-02
4.187489632293045494e-02 2.460651943843963213e-02 1.195546210070587770e-02 1.053504053399428007e-02 1.545130873382449289e-02 3.650872785639640988e-02 9.173931935778951996e-02 1.253358817999143393e-01 2.293164370337798519e-01 1.528224705642240999e-01 1.366871860559257246e-01 1.231667502020753480e-01
2.924367853290896560e-02 7.359127045286149860e-02 2.590392332931767960e-01 1.420196116558596899e-01 1.004712082013295982e-01 7.618222121746867637e-02 4.421557867010809245e-02 3.140251852038332403e-02 3.157734353022159657e-02 6.302195647149806679e-02 9.125351821617137815e-02 5.798186123801247344e-02
4.328630658339027715e-02 5.636058779795548312e-02 4.053338262635543254e-02 4.766507181916957575e-02 4.444593889659767538e-02 4.483469427172877275e-02 9.829808086247263099e-02 1.585983505116466685e-01 1.605538481523220429e-01 1.969956577748418480e-01 6.650495737192123336e-02 4.192312333159846360e-02
2.248600103696445085e-02 9.316878025963076099e-03 1.672269373539178594e-02 1.115838231873947893e-02 1.173622348774686595e-02 1.480886446405705811e-02 1.624497655921261843e-02 3.161651475883313356e-02 1.527056219747330856e-01 2.565986399528352724e-01 3.910980070848750767e-01 6.550719660064797945e-02
2.221032127628220776e-01 1.623633341939084984e-01 1.053880541219988642e-01 1.322784881219420949e-01 1.002515622420541708e-01 7.243505595041055400e-02 4.925165558471523986e-02 1.653394061053184427e-02 2.327250593791982403e-02 2.307561186679428500e-02 2.109431670499588643e-02 7.195226190190653903e-02
9.364001976989465292e-03 8.907467771133222023e-03 9.930131247103853032e-03 1.087505303506374615e-02 2.165724300312094758e-02 5.528887371262688338e-02 1.816733020216931005e-01 2.076791947977184027e-01 2.416748861818651395e-01 1.719399042013196044e-01 6.531020084364147493e-02 1.569974120772440335e-02
7.626285789481854205e-02 1.026541529684031062e-01 1.753516895078504612e-01 2.123328799922934995e-01 9.229938423528609437e-02 3.048564548957279421e-02 2.437646013225011621e-02 3.609550981208070608e-02 4.385756276451261565e-02 6.713851477313920180e-02 6.999371675957552497e-02 6.915162567021737594e-02
2.560656498973720718e-01 1.548022034106147360e-01 3.362156944724246227e-02 1.097523357544551506e-02 1.397629752847154468e-02 1.623659754453189719e-02 8.854245576506897947e-03 3.208475814760389233e-02 3.238531190702796658e-02 9.649425915687301347e-02 1.472385924789154088e-01 1.972652813293948038e-01
3.508536455261632853e-02 1.237663634771648813e-01 2.334585825029509842e-01 2.352143914339515918e-01 2.358432969670116730e-01 7.913875800295025464e-02 2.787827983620802877e-02 7.930496566516421000e-03 4.492737076613241044e-03 5.098944055300147493e-03 4.161239936365256770e-03 7.931545592351528853e-03
2.005819091367266327e-01 1.127724289955359671e-01 1.072293927081431897e-01 1.602393011375172205e-01 1.095801651116916214e-01 3.606140435332093330e-02 2.472691822705137474e-02 1.561104531465794081e-02 1.878672885495051570e-02 2.189160910957279466e-02 8.478836447456075676e-02 1.077307325762708601e-01
2.605864994159534653e-02 2.192099806279818042e-02 3.135950426331175767e-02 6.688141456117675798e-02 3.944334663253382112e-02 9.658946720021213683e-02 6.895937701810704590e-02 7.098259861967612383e-02 1.695464886952405548e-01 2.492437149032477872e-01 1.025881913860903633e-01 5.642624871601015224e-02
1.094703702058986636e-02 7.481067485023303737e-03 1.294148017732163827e-02 2.851884914651424408e-02 3.332203717245320329e-02 5.448817372767729428e-02 1.894430407239464653e-01 1.518593057974421123e-01 2.286994852751590424e-01 1.932805946709972578e-01 6.972348819504842199e-02 1.929544060782728901e-02
5.963137498542883663e-02 6.750300457533217613e-02 4.434186138708173797e-02 1.033220018547192226e-01 2.159155311882546002e-01 8.839011098921829845e-02 7.152395374237963122e-02 2.599323546471522459e-02 2.822903111788193503e-02 9.908916723053962095e-02 8.892484491510069256e-02 1.071358825493481659e-01
7.576576715887065050e-02 1.531791692489483381e-01 1.867862020903090503e-01 2.010845543172522787e-01 9.286123651054203898e-02 6.212491649700445373e-02 8.699328400165823316e-02 4.305315437580269078e-02 1.757336490213252944e-02 1.355944399995321140e-02 1.940204211014326038e-02 4.761686478738327843e-02
8.641656975214714875e-02 3.101280159425981453e-02 1.121832410063606719e-02 5.385843124763888858e-03 8.112495127958469290e-03 8.907383709357556689e-03 1.860923265362686430e-02 3.325817609630582483e-02 6.104593291523553733e-02 1.198751277696816775e-01 2.813889094461695661e-01 3.347692037098576323e-01
5.145200596885639299e-02 9.500328952159603491e-02 1.176177414079264405e-01 1.545498945197423535e-01 5.682507828141195733e-02 3.796650634402731761e-02 7.090872170781443995e-02 8.715481484666384726e-02 8.340305074951435971e-02 1.266548645943865459e-01 6.571778077600344548e-02 5.274625128205692737e-02
6.903745706946383398e-02 7.186367830187026517e-02 6.036208844003466273e-02 6.239790220870190113e-02 6.278277189368750011e-02 1.269049335855445548e-01 7.225677127119850551e-02 1.008473709938022822e-01 8.114649414994987153e-02 1.132992969944725536e-01 1.138847359116648000e-01 6.521649917960944953e-02
2.066787239289932243e-01 1.100831489491078674e-01 2.599926320806542068e-02 1.951023504768528011e-02 2.335650742046516126e-02 2.584436068641239592e-02 4.634867028729374588e-02 8.577640731552473030e-02 3.020948156411552010e-01 4.989361398987566393e-02 2.390053064290875023e-02 8.051372288251257281e-02
1.604619921963251761e-01 2.435673752013019222e-01 7.144058057800471706e-02 3.408427349516554572e-02 5.223900751571894374e-02 9.526649394500058543e-02 7.019992919387924024e-02 5.391163483339359019e-02 4.506426445993703261e-02 3.086866293619761059e-02 4.248463324099820831e-02 1.004111524040774139e-01
4.029333130640494476e-02 1.081363738018703974e-01 8.068583321026757960e-02 1.018473499003665766e-01 4.313145566568647726e-02 1.588232667782867868e-01 1.989835610041158498e-01 9.978591113482115915e-02 4.465738875680830278e-02 2.733376625091247375e-02 4.883212489429504533e-02 4.748963729616489937e-02
9.344009957277152334e-02 1.151102176762023310e-01 7.900392893326209365e-02 1.592368535467664215e-01 1.359142579548189844e-01 7.218925842382933888e-02 3.514555778305941680e-02 3.574336647320815186e-02 8.422641228719902895e-02 1.005925057949018098e-01 4.493525695246818052e-02 4.446228460151287198e-02
8.263516020695436948e-02 9.312881182795249013e-02 1.749575964073175616e-01 5.253478513913381609e-02 1.023527600896717571e-01 1.874239724572144550e-01 1.160520451270739828e-01 4.687311239818308523e-02 2.131873784707944558e-02 1.433160850127187559e-02 4.647237361373206255e-02 6.191903638441524638e-02
1.063849858404597448e-01 4.398738312771004189e-02 7.606648669538620955e-02 1.793074153388317382e-02 2.974719262255345539e-02 1.045031501882506264e-01 1.629943539802936880e-01 1.149204386346616147e-01 8.716911716906930452e-02 4.802032804492833984e-02 9.005538391346817884e-02 1.182204382493358130e-01
1.619171166708633508e-02 4.862172314553570365e-03 6.215953114658432678e-03 1.373504339240681250e-02 4.699542660915383835e-02 1.272711829082267265e-01 2.075868191448408950e-01 1.004406412484976363e-01 1.759096719180804624e-01 1.153960154155118656e-01 1.347351994496969463e-01 5.066016281728660114e-02
1.048208777477750153e-01 6.864869788140823270e-02 1.553625850639220041e-01 5.525296563974861630e-02 3.212430898003858226e-02 2.535782734193339424e-02 2.209509117957443938e-02 2.336983579425824104e-02 1.939424367241422004e-02 5.509232948878634017e-02 1.438400948862930406e-01 2.946411423238478045e-01
1.274126080620783807e-01 1.447261229709800867e-01 8.461685141154667855e-02 1.473943650459015042e-01 1.452175858792087437e-01 8.973609420705078166e-02 7.484500718706400824e-02 4.768874691602555116e-02 4.816192766353941807e-02 1.987223807724732699e-02 2.261861931106885770e-02 4.770983326828867610e-02
1.791502322719857043e-01 4.975853084629537626e-02 1.523748022987101575e-02 1.398311524289684582e-02 1.645029036862341934e-02 5.059549501945728722e-02 1.761303189632092148e-01 1.331392730240205657e-01 8.596903488244171665e-02 5.914382526610841018e-02 1.203535110242221484e-01 1.000888928608687084e-01
6.534920365786156538e-02 4.271406436989101663e-02 4.831450967332658053e-02 4.144732985079127574e-02 4.400907522345804540e-02 5.415710636113388321e-02 1.096104101162408417e-01 4.687368993115083315e-02 5.455329192913426634e-02 1.464146648580003929e-01 2.280175546436704059e-01 1.185390993853411568e-01
9.975807050888177430e-02 6.398005811554158262e-02 6.990575678460304865e-02 9.725112094597020140e-02 1.501622686020821495e-01 1.008541488657598573e-01 4.184339382110337235e-02 1.520666778731723234e-02 1.935221429532707482e-02 7.512933898577321690e-02 1.337719769808161097e-01 1.327849843068245328e-01
8.309448515176014183e-02 8.459853056253818782e-02 1.068684114461702639e-01 1.502404915248199690e-01 8.824293644820828397e-02 6.691351881178646266e-02 3.008333989729792407e-02 2.566665416187404597e-02 3.093972050182527272e-02 4.281256725578776873e-02 1.891111424094648330e-01 1.014282018284668324e-01
8.874005019906394676e-02 2.148463565844075940e-01 2.351295625136975709e-01 1.226258397883031315e-01 8.950734684639485850e-02 6.913055994145350658e-02 2.093786228195544663e-02 1.459592690120621768e-02 1.298161129630846268e-02 2.187390578200163263e-02 5.387826937033599051e-02 5.575270849487198865e-02
2.208772966638142266e-02 7.276410493945636992e-02 1.848940224704514468e-01 2.608959782584461262e-01 1.397754403160625103e-01 1.371066770591043982e-01 7.919530900974876275e-02 3.137911471422294429e-02 1.799461651287975750e-02 1.966141712204393099e-02 2.017269434501536840e-02 1.407289558618726732e-02
4.562535628881392302e-02 3.115745615729444140e-02 8.185998761612688079e-02 1.325538055395686921e-01 1.820476473564983100e-01 5.078897683293284032e-02 3.298122766320916999e-02 3.967010253568869355e-02 6.924502746732028036e-02 9.675020630211760009e-02 1.249214387018186129e-01 1.123987675386105001e-01
3.843769678206572504e-02 4.794481437755663406e-02 1.225716204588640224e-01 1.112192275740491454e-01 9.022276737536334690e-02 9.852519381963517620e-02 1.912219873793007952e-01 1.564289370282889446e-01 3.591653204884664996e-02 2.616637472798358580e-02 3.132077399297101411e-02 5.002407443507525531e-02
1.311686641192525218e-02 1.761160493484178330e-02 4.607605641268355812e-02 8.862146882387311742e-02 6.399536767341010290e-02 1.141494098357239834e-01 1.338806562169291836e-01 2.477954403198925903e-01 1.865913971749533495e-01 4.501691345133343458e-02 2.676347365974856771e-02 1.638134508468522960e-02
9.650281981780348128e-03 2.110046750344243133e-02 5.833171325139119290e-02 1.066486481254890345e-01 2.983497081039229726e-01 2.338170424712815998e-01 1.287839802440381154e-01 6.812210926569797764e-02 2.553787727043151448e-02 2.535456796606259250e-02 1.263334368494721006e-02 1.167026013151520325e-02
1.388937899543514487e-01 6.121674678838417982e-02 4.037329517387160810e-02 4.362880949703479283e-02 2.003684503596503755e-02 2.981649400898812169e-02 3.499877020735985694e-02 9.248949303334511041e-02 1.309694008286970968e-01 9.513114935851678389e-02 1.805594233034526486e-01 1.318857828100333529e-01
1.357314831525470167e-01 7.572810222826611981e-02 2.541847116599926099e-02 1.418609761344750975e-02 4.448530372281220280e-02 5.505745030655875144e-02 6.920461999354426963e-02 5.757921011252116472e-02 6.691286709207258654e-02 8.125614679797754647e-02 1.659578067682754565e-01 2.084824410459784338e-01
7.654078508096595623e-02 2.071241616778339290e-01 1.948893860744325690e-01 1.487981381897431898e-01 1.386172852457164817e-01 4.694724133718511383e-02 4.746843742307442493e-02 2.353488301424006002e-02 4.128630750756914075e-02 2.133191816956292799e-02 1.930411468164997674e-02 3.415734159802642778e-02
5.293772825916563673e-02 9.102076845274187367e-02 1.214263051267107374e-01 5.710453012032506992e-02 2.032619961852898810e-02 1.936401114179853167e-02 4.982259245841351436e-02 7.693629989273670367e-02 1.595348472048441213e-01 1.184236999556785574e-01 1.075022409657762773e-01 1.256007768032799676e-01
2.740489554419783813e-02 3.485621643020037769e-02 5.654718458736907732e-02 7.999678801231466241e-02 4.962165433227460482e-02 5.606294626333796494e-02 2.067789651993474087e-01 2.167559460777557789e-01 9.791245259570648118e-02 8.750292096890964488e-02 5.971965595855216469e-02 2.684037403003396507e-02
1.083003726590371640e-01 7.712196760506367932e-02 1.197880702819868470e-01 1.367234788326372741e-01 1.126333563458565001e-01 3.207763729531348113e-02 2.369810993899310048e-02 6.963867110950774930e-03 7.576078192075333048e-03 2.648566831048899950e-02 7.782299633076245060e-02 2.708083970968340193e-01
2.840727820426741657e-02 1.921608473670275222e-02 1.808031916016733867e-02 3.685538225484847469e-02 1.376642285676128730e-01 1.431665893391330657e-01 8.295626867413181948e-02 4.239291582501246436e-02 3.779037153654823261e-02 7.384382837080299966e-02 3.023030401500307329e-01 7.732369318074214237e-02
1.855059591086035894e-02 7.904289716843227245e-03 3.747705438879278018e-03 8.599022066285011770e-03 4.590511486924804541e-02 2.308296409331326016e-01 2.688775323287010965e-01 1.907770525233614956e-01 1.183229692959636703e-01 3.876477249541718240e-02 2.861941020035583400e-02 3.910189422095215750e-02
1.461580336238842148e-01 4.280564442177274553e-02 1.755166998682870100e-02 9.068202908913775007e-03 7.424065843198515875e-03 5.526682978166069619e-03 3.311166037809766538e-02 6.969749180935762289e-02 1.159895975386558420e-01 1.421358204653047075e-01 1.922199099968573965e-01 2.183112200489626953e-01
1.446235763026358645e-01 1.466028857595877977e-01 1.145695898935828599e-01 1.387769192076482860e-01 1.308663732348809838e-01 3.487010752635352762e-02 9.957080902689301877e-03 4.848544106998382147e-03 1.207800013945791937e-02 2.170231396090084586e-02 4.067481118747597740e-02 2.004297977777883544e-01
7.084524136146078122e-02 8.255513162026914542e-02 8.162820961692904276e-02 1.031382460883129848e-01 7.544790849773475028e-02 8.310820622117497114e-02 6.251527433739020867e-02 6.823363586142448811e-02 9.307903240539597278e-02 9.462022882491487319e-02 1.157195279302681706e-01 6.910935723472493020e-02
1.090003809149440450e-01 1.100326429810407070e-01 6.054456054276938920e-02 4.679419872947063186e-02 2.009874555168470953e-02 6.337365270704183040e-02 6.480391295140849883e-02 1.163632729902085994e-01 1.466159743759900547e-01 1.093403075499843335e-01 9.125890692325744347e-02 6.177344378219979532e-02
1.491302617151272353e-02 2.704227891689425095e-02 1.047928805591671064e-01 3.727804957786668427e-01 2.031961752755436224e-01 1.487349572750419624e-01 7.688920389256806431e-02 2.403651918146969962e-02 1.307360313569892914e-02 5.575084481435038652e-03 3.667756570971033789e-03 5.298018761030765141e-03
5.118827221371977099e-02 9.341702377316002393e-02 1.864478906288557503e-01 2.967783212311283503e-01 1.907219375788265503e-01 4.300323391445136367e-02 2.243472205940312547e-02 8.336016479029583273e-03 5.746933286925979580e-03 1.293438969959583539e-02 2.558657474425883940e-02 6.340468439064528283e-02
5.610328396994018751e-02 3.672710693855213426e-02 4.530472222344163191e-02 8.814631032671335631e-02 1.052243991645160359e-01 1.289402411790357139e-01 1.695529529450336137e-01 1.437315407947255819e-01 1.459061130577616605e-01 4.160065723338965404e-02 1.762812402337675041e-02 2.113454814351355127e-02
7.237336294046925467e-02 1.330795723149710841e-01 1.628886148899015840e-01 7.941276468885406781e-02 8.086218924325530577e-02 6.155741262927816315e-02 1.900065224200725780e-02 4.271169422896479301e-02 7.441764769922118439e-02 1.179409856387598626e-01 8.624708383652429644e-02 6.950801964779335096e-02
1.381979269532475629e-01 1.923039409682452128e-01 2.044887918951759365e-01 1.331789201105132159e-01 5.368241235757895830e-02 8.726671771222140050e-03 4.399764601219200745e-03 2.868449255315122255e-03 6.326363480312109308e-03 1.403531141521608544e-02 8.117065851204618987e-02 1.606207886799081441e-01
1.089841706603210045e-02 1.426742984328357999e-02 1.985648431446632167e-02 5.104419564713833651e-02 1.984521908609260810e-01 2.581996289778959452e-01 1.851047015045662603e-01 1.030444486074131166e-01 6.327942079993731372e-02 4.155497171558546199e-02 3.027258834180202030e-02 2.402552232095406942e-02
1.144640623547004549e-01 8.617225186621885191e-02 1.213192386759508468e-01 1.346111678874192807e-01 6.191151726087436302e-02 9.308057257868232459e-02 1.508994746427705369e-01 6.930006298144411603e-02 1.764179612322530968e-02 3.341584494542448880e-02 4.157853187694290215e-02 7.560547880634653495e-02
7.176458071651663911e-03 2.581610891689473802e-03 1.809396723709263098e-03 3.137403764400244904e-03 9.220813198486801227e-03 3.338928312828433331e-02 1.012766377978915194e-01 3.089903611383467696e-01 1.663030083434731965e-01 2.013756122607198162e-01 1.305276863894926920e-01 3.421172829185429448e-02
9.270788310436754720e-02 8.809668863045863607e-02 1.532623900692797192e-01 1.546401377314334524e-01 2.163228380991221445e-01 1.563916532915431146e-01 7.809434845403780134e-02 1.902764455117630926e-02 1.167066585271377133e-02 1.004044150281114753e-02 6.777626327549594355e-03 1.296768238550700253e-02
5.027582025362464790e-02 1.022341891581284440e-01 1.357142169384779606e-01 2.631745927450169775e-01 2.582180288595350426e-01 7.351188681646103618e-02 1.098070653304017430e-02 3.239536359945725461e-03 3.262456941534160916e-03 1.107623834498307203e-02 5.162808064454353640e-02 3.668424640470931836e-02
