4.158695309383298594e-02 6.882574938739055570e-02 7.643794048547986053e-02 7.221947023315701542e-02 5.074359502547712286e-02 5.506155367289433666e-02 5.836019744103174145e-02 7.352454650979330097e-02 3.768097037456810683e-02 3.252512704759753098e-02 2.261409836065728443e-02 2.432326369142282993e-02
6.882574938739055570e-02 1.143394456935481474e-01 1.270033274662174527e-01 1.195896602478115356e-01 8.328546762748623156e-02 8.928109207806809999e-02 9.370823421888013760e-02 1.174346389747876473e-01 6.036498321646122794e-02 5.241363918555952406e-02 3.676297786700525455e-02 3.998921230068252369e-02
7.643794048547986053e-02 1.270033274662174527e-01 1.416686651699924360e-01 1.336413294041581268e-01 9.306132792325008674e-02 9.971674460480625668e-02 1.045788385189813374e-01 1.309713148212023892e-01 6.729006035432293087e-02 5.837873775226883055e-02 4.090892860865220915e-02 4.444565379977078595e-02
7.221947023315701542e-02 1.195896602478115356e-01 1.336413294041581268e-01 1.273138345927585791e-01 8.964691212248661334e-02 9.741053379977120119e-02 1.031861450397580510e-01 1.298546356493115173e-01 6.642382247924907834e-02 5.714810083662822532e-02 3.957916434350219892e-02 4.235994564517431282e-02
5.074359502547712286e-02 8.328546762748623156e-02 9.306132792325008674e-02 8.964691212248661334e-02 6.523390472690560049e-02 7.371242655227133733e-02 8.025293439871251933e-02 1.023573364795536261e-01 5.184611034294692861e-02 4.376472063593010720e-02 2.948296740838540764e-02 3.041802619244018263e-02
5.506155367289433666e-02 8.928109207806809999e-02 9.971674460480625668e-02 9.741053379977120119e-02 7.371242655227133733e-02 8.760454099367535885e-02 9.856713913911588354e-02 1.276772916975581484e-01 6.397762679798342511e-02 5.286444621027665269e-02 3.447850861112680687e-02 3.397641932998939074e-02
5.836019744103174145e-02 9.370823421888013760e-02 1.045788385189813374e-01 1.031861450397580510e-01 8.025293439871251933e-02 9.856713913911588354e-02 1.140385269612727848e-01 1.496288332481094385e-01 7.443275289412093487e-02 6.062411208179119965e-02 3.866133880622068392e-02 3.683446164549881996e-02
7.352454650979330097e-02 1.174346389747876473e-01 1.309713148212023892e-01 1.298546356493115173e-01 1.023573364795536261e-01 1.276772916975581484e-01 1.496288332481094385e-01 1.983142803234907992e-01 9.828638929114394407e-02 7.949398291061615662e-02 5.013985961620304882e-02 4.696062298290042125e-02
3.768097037456810683e-02 6.036498321646122794e-02 6.729006035432293087e-02 6.642382247924907834e-02 5.184611034294692861e-02 6.397762679798342511e-02 7.443275289412093487e-02 9.828638929114394407e-02 4.889814502845902383e-02 3.976000139896603697e-02 2.524865916428068596e-02 2.389444155545834142e-02
3.252512704759753098e-02 5.241363918555952406e-02 5.837873775226883055e-02 5.714810083662822532e-02 4.376472063593010720e-02 5.286444621027665269e-02 6.062411208179119965e-02 7.949398291061615662e-02 3.976000139896603697e-02 3.267330924001667775e-02 2.103969099592916531e-02 2.033345004646981008e-02
2.261409836065728443e-02 3.676297786700525455e-02 4.090892860865220915e-02 3.957916434350219892e-02 2.948296740838540764e-02 3.447850861112680687e-02 3.866133880622068392e-02 5.013985961620304882e-02 2.524865916428068596e-02 2.103969099592916531e-02 1.385825548665297127e-02 1.383883823927438243e-02
2.432326369142282993e-02 3.998921230068252369e-02 4.444565379977078595e-02 4.235994564517431282e-02 3.041802619244018263e-02 3.397641932998939074e-02 3.683446164549881996e-02 4.696062298290042125e-02 2.389444155545834142e-02 2.033345004646981008e-02 1.383883823927438243e-02 1.447013868939488017e-02
5.946000237511258821e-03 4.932886745403559231e-03 4.127540178949047275e-03 4.943307747587759142e-03 1.177777902789595849e-02 2.506588748285097645e-02 3.465623143385247046e-02 4.394805025375002339e-02 3.217421308570399263e-02 2.346818108018102617e-02 1.226059378920374421e-02 7.274139603145358957e-03
4.932886745403559231e-03 4.094486156744333270e-03 3.428043459593839958e-03 4.108887102411286352e-03 9.795460547254551328e-03 2.085552441990160683e-02 2.882118594891607682e-02 3.648816018127398753e-02 2.667164818930091094e-02 1.944338490693514609e-02 1.016108740685166788e-02 6.031563923763840797e-03
4.127540178949047275e-03 3.428043459593839958e-03 2.872848892966708284e-03 3.448090783537642763e-03 8.228111954234292036e-03 1.753057314638601510e-02 2.421341154889563446e-02 3.058771584513523406e-02 2.230920553450511934e-02 1.624792475506170800e-02 8.493356685568796693e-03 5.044122616076068474e-03
4.943307747587759142e-03 4.108887102411286352e-03 3.448090783537642763e-03 4.147160405279385134e-03 9.911162299832233097e-03 2.113898193077691501e-02 2.917356935263655526e-02 3.673374858452217034e-02 2.670641558668552032e-02 1.942448411859431373e-02 1.015757772203522771e-02 6.036620480269176345e-03
1.177777902789595849e-02 9.795460547254551328e-03 8.228111954234292036e-03 9.911162299832233097e-03 2.371500802944432815e-02 5.062386329538471480e-02 6.981616981264868182e-02 8.768406828280934928e-02 6.359865053817229108e-02 4.621497790083088641e-02 2.417478506691158810e-02 1.437472502001103936e-02
2.506588748285097645e-02 2.085552441990160683e-02 1.753057314638601510e-02 2.113898193077691501e-02 5.062386329538471480e-02 1.082528832629428284e-01 1.493132497601682984e-01 1.871582268010848482e-01 1.353963276694796214e-01 9.827349561745388207e-02 5.141314968384808060e-02 3.058159862954615976e-02
3.465623143385247046e-02 2.882118594891607682e-02 2.421341154889563446e-02 2.917356935263655526e-02 6.981616981264868182e-02 1.493132497601682984e-01 2.080198452546260235e-01 2.618847849685537188e-01 1.884863155806924540e-01 1.362960505025685443e-01 7.120588809576583467e-02 4.231357706092159221e-02
4.394805025375002339e-02 3.648816018127398753e-02 3.058771584513523406e-02 3.673374858452217034e-02 8.768406828280934928e-02 1.871582268010848482e-01 2.618847849685537188e-01 3.379526957774769969e-01 2.421652439363143339e-01 1.742002789455201484e-01 9.072696935342511315e-02 5.377365022965850672e-02
3.217421308570399263e-02 2.667164818930091094e-02 2.230920553450511934e-02 2.670641558668552032e-02 6.359865053817229108e-02 1.353963276694796214e-01 1.884863155806924540e-01 2.421652439363143339e-01 1.772463039999506995e-01 1.281271357430173452e-01 6.665550329375596883e-02 3.943517076888519712e-02
2.346818108018102617e-02 1.944338490693514609e-02 1.624792475506170800e-02 1.942448411859431373e-02 4.621497790083088641e-02 9.827349561745388207e-02 1.362960505025685443e-01 1.742002789455201484e-01 1.281271357430173452e-01 9.346661761350556763e-02 4.865655927507847589e-02 2.877781036420665531e-02
1.226059378920374421e-02 1.016108740685166788e-02 8.493356685568796693e-03 1.015757772203522771e-02 2.417478506691158810e-02 5.141314968384808060e-02 7.120588809576583467e-02 9.072696935342511315e-02 6.665550329375596883e-02 4.865655927507847589e-02 2.537951526415339193e-02 1.502525222330570488e-02
7.274139603145358957e-03 6.031563923763840797e-03 5.044122616076068474e-03 6.036620480269176345e-03 1.437472502001103936e-02 3.058159862954615976e-02 4.231357706092159221e-02 5.377365022965850672e-02 3.943517076888519712e-02 2.877781036420665531e-02 1.502525222330570488e-02 8.906635105398829841e-03
1.592148485620424325e-01 1.053772007147787265e-01 9.310779934918293754e-02 7.668615701477607405e-02 7.485248776188133113e-02 9.075316388638889065e-02 1.084045099538044343e-01 1.182205703424071275e-01 1.257227116607104456e-01 8.681820785781134420e-02 7.798584122498722349e-02 1.198736816971918695e-01
1.053772007147787265e-01 7.006852123411658195e-02 6.222852017422078608e-02 5.150567299738574578e-02 5.053525401000319439e-02 6.151014340773075517e-02 7.360403543395338533e-02 8.023255276594520868e-02 8.511864384766897051e-02 5.845385091160732599e-02 5.204668003758539108e-02 7.949412800012156666e-02
9.310779934918293754e-02 6.222852017422078608e-02 5.583187212677053618e-02 4.670793550553024170e-02 4.637070788321832893e-02 5.696535275133890464e-02 6.849780092566176704e-02 7.468584140097833668e-02 7.890743803343029661e-02 5.357565531386952046e-02 4.682585346789028269e-02 7.055834963273915905e-02
7.668615701477607405e-02 5.150567299738574578e-02 4.670793550553024170e-02 3.973374149003757599e-02 4.018122089502291355e-02 5.008263185739007806e-02 6.070715473382932992e-02 6.628727303233974966e-02 6.968598568640720081e-02 4.657439387853484769e-02 3.963343804513238394e-02 5.853313789434105852e-02
7.485248776188133113e-02 5.053525401000319439e-02 4.637070788321832893e-02 4.018122089502291355e-02 4.161064385913418318e-02 5.282082639274994496e-02 6.468082160078385268e-02 7.079259840075449728e-02 7.403574052833326868e-02 4.859584609429994095e-02 4.005081072465221936e-02 5.767569568245556333e-02
9.075316388638889065e-02 6.151014340773075517e-02 5.696535275133890464e-02 5.008263185739007806e-02 5.282082639274994496e-02 6.817889064641191599e-02 8.427071355414086917e-02 9.247917609739911282e-02 9.636577549131167264e-02 6.235783177470576727e-02 5.005536820014606925e-02 7.052688881323071479e-02
1.084045099538044343e-01 7.360403543395338533e-02 6.849780092566176704e-02 6.070715473382932992e-02 6.468082160078385268e-02 8.427071355414086917e-02 1.051565667724522202e-01 1.158582813120732913e-01 1.205960616281197689e-01 7.734359427952271215e-02 6.103457984254657964e-02 8.475196660724834685e-02
1.182205703424071275e-01 8.023255276594520868e-02 7.468584140097833668e-02 6.628727303233974966e-02 7.079259840075449728e-02 9.247917609739911282e-02 1.158582813120732913e-01 1.286602679741584432e-01 1.342734664131188804e-01 8.579336653688740544e-02 6.719455762150261524e-02 9.270421245179817638e-02
1.257227116607104456e-01 8.511864384766897051e-02 7.890743803343029661e-02 6.968598568640720081e-02 7.403574052833326868e-02 9.636577549131167264e-02 1.205960616281197689e-01 1.342734664131188804e-01 1.412218084039219002e-01 9.046707751499458161e-02 7.113976943520060325e-02 9.849627251428347274e-02
8.681820785781134420e-02 5.845385091160732599e-02 5.357565531386952046e-02 4.657439387853484769e-02 4.859584609429994095e-02 6.235783177470576727e-02 7.734359427952271215e-02 8.579336653688740544e-02 9.046707751499458161e-02 5.894568334688182754e-02 4.763358477869551050e-02 6.745776722535030967e-02
7.798584122498722349e-02 5.204668003758539108e-02 4.682585346789028269e-02 3.963343804513238394e-02 4.005081072465221936e-02 5.005536820014606925e-02 6.103457984254657964e-02 6.719455762150261524e-02 7.113976943520060325e-02 4.763358477869551050e-02 4.052749194785953968e-02 5.973713018980193051e-02
1.198736816971918695e-01 7.949412800012156666e-02 7.055834963273915905e-02 5.853313789434105852e-02 5.767569568245556333e-02 7.052688881323071479e-02 8.475196660724834685e-02 9.270421245179817638e-02 9.849627251428347274e-02 6.745776722535030967e-02 5.973713018980193051e-02 9.084966363621285734e-02
8.630667168085071062e-02 9.143509834786613111e-02 5.567651018498186860e-02 5.606526310611401748e-02 7.551943982369516140e-02 8.658592436454144725e-02 6.867556871449570499e-02 6.307442810673688505e-02 5.556071408380396093e-02 9.080042568808160963e-02 1.033651727842536672e-01 1.181641589308623230e-01
9.143509834786613111e-02 9.827450428349743250e-02 6.027051634992432877e-02 6.125752765536572608e-02 8.295892818737286845e-02 9.516745495448175607e-02 7.511865178393127562e-02 6.834556464064159287e-02 5.933736442899067293e-02 9.584203176051647732e-02 1.084680675983866749e-01 1.238881064162855455e-01
5.567651018498186860e-02 6.027051634992432877e-02 3.753769044669200139e-02 3.889475264483070738e-02 5.327275474634611541e-02 6.129253508069987255e-02 4.814779614162825044e-02 4.334120218319494067e-02 3.697836391035332071e-02 5.887624355252159269e-02 6.605134956215877318e-02 7.510490439933810436e-02
5.606526310611401748e-02 6.125752765536572608e-02 3.889475264483070738e-02 4.139788478172467395e-02 5.758020654280640582e-02 6.652251045439731836e-02 5.194725570567115813e-02 4.613174389921850110e-02 3.846902613010505512e-02 6.006611212115641613e-02 6.656703644916969753e-02 7.520492729733671555e-02
7.551943982369516140e-02 8.295892818737286845e-02 5.327275474634611541e-02 5.758020654280640582e-02 8.091491438667139380e-02 9.375376318489211935e-02 7.297412376689016433e-02 6.430463533140776122e-02 5.290383973090775210e-02 8.162724876552238107e-02 8.976438610712837718e-02 1.009801326634427177e-01
8.658592436454144725e-02 9.516745495448175607e-02 6.129253508069987255e-02 6.652251045439731836e-02 9.375376318489211935e-02 1.089597657904091133e-01 8.479561276788505353e-02 7.459790394057887186e-02 6.115440769121668896e-02 9.404926719987698192e-02 1.031462739303220105e-01 1.157970542530296076e-01
6.867556871449570499e-02 7.511865178393127562e-02 4.814779614162825044e-02 5.194725570567115813e-02 7.297412376689016433e-02 8.479561276788505353e-02 6.627635212466176373e-02 5.861085577765774712e-02 4.837205669012578646e-02 7.480974165075626736e-02 8.220332976891503440e-02 9.223471727601842418e-02
6.307442810673688505e-02 6.834556464064159287e-02 4.334120218319494067e-02 4.613174389921850110e-02 6.430463533140776122e-02 7.459790394057887186e-02 5.861085577765774712e-02 5.243338084626837647e-02 4.395315386876498531e-02 6.886374487647706211e-02 7.607670769980404146e-02 8.537982124209780865e-02
5.556071408380396093e-02 5.933736442899067293e-02 3.697836391035332071e-02 3.846902613010505512e-02 5.290383973090775210e-02 6.115440769121668896e-02 4.837205669012578646e-02 4.395315386876498531e-02 3.788359068511362032e-02 6.070445197982109881e-02 6.771310013432216279e-02 7.609384334473417999e-02
9.080042568808160963e-02 9.584203176051647732e-02 5.887624355252159269e-02 6.006611212115641613e-02 8.162724876552238107e-02 9.404926719987698192e-02 7.480974165075626736e-02 6.886374487647706211e-02 6.070445197982109881e-02 9.921194335211669380e-02 1.115651820201230549e-01 1.255193114903226104e-01
1.033651727842536672e-01 1.084680675983866749e-01 6.605134956215877318e-02 6.656703644916969753e-02 8.976438610712837718e-02 1.031462739303220105e-01 8.220332976891503440e-02 7.607670769980404146e-02 6.771310013432216279e-02 1.115651820201230549e-01 1.268996384276183109e-01 1.434694250584757358e-01
1.181641589308623230e-01 1.238881064162855455e-01 7.510490439933810436e-02 7.520492729733671555e-02 1.009801326634427177e-01 1.157970542530296076e-01 9.223471727601842418e-02 8.537982124209780865e-02 7.609384334473417999e-02 1.255193114903226104e-01 1.434694250584757358e-01 1.639036631943762146e-01
3.267327363125228229e-02 4.591155938257641261e-02 3.855398872678644784e-02 2.882461588223175775e-02 4.624672468715856216e-02 7.986987589218760841e-02 5.713249724592853185e-02 7.200187549305170354e-02 6.899427368577566722e-02 4.164251942251156330e-02 2.313831228185396494e-02 2.034101948014530384e-02
4.591155938257641261e-02 6.460728867389915753e-02 5.426204436489188987e-02 4.055240063345173090e-02 6.504167132078983449e-02 1.122740667711716600e-01 7.999847927667202985e-02 1.003574118737877163e-01 9.601311360764008818e-02 5.801100271705717654e-02 3.231106839002133996e-02 2.851231680625459022e-02
3.855398872678644784e-02 5.426204436489188987e-02 4.569654063454822723e-02 3.431994763227863565e-02 5.532433035967040252e-02 9.572134263718197478e-02 6.792968505236014753e-02 8.481507871220567152e-02 8.092518677997459497e-02 4.885399356502778678e-02 2.719003855256607247e-02 2.396282424377643369e-02
2.882461588223175775e-02 4.055240063345173090e-02 3.431994763227863565e-02 2.614418655628744995e-02 4.275104351261639624e-02 7.447354603536490703e-02 5.241361264731608099e-02 6.480693233894158078e-02 6.145457709421005277e-02 3.699544136512056963e-02 2.051891177669937227e-02 1.798113804078730477e-02
4.624672468715856216e-02 6.504167132078983449e-02 5.532433035967040252e-02 4.275104351261639624e-02 7.099289733868432983e-02 1.245751374875865153e-01 8.686669751108005988e-02 1.062519920596901868e-01 1.000988458262319358e-01 6.009481090762480715e-02 3.322122502960702523e-02 2.895260072041096547e-02
7.986987589218760841e-02 1.122740667711716600e-01 9.572134263718197478e-02 7.447354603536490703e-02 1.245751374875865153e-01 2.201620675408400563e-01 1.528477579322453650e-01 1.860797984811056738e-01 1.747467129164759769e-01 1.047240298427437460e-01 5.775334925416598930e-02 5.013218438494847218e-02
5.713249724592853185e-02 7.999847927667202985e-02 6.792968505236014753e-02 5.241361264731608099e-02 8.686669751108005988e-02 1.528477579322453650e-01 1.092333524981878856e-01 1.368107573820398770e-01 1.294965255423684569e-01 7.726292469583084799e-02 4.222888815744847008e-02 3.616858005180316471e-02
7.200187549305170354e-02 1.003574118737877163e-01 8.481507871220567152e-02 6.480693233894158078e-02 1.062519920596901868e-01 1.860797984811056738e-01 1.368107573820398770e-01 1.777766197670921366e-01 1.699049994981193246e-01 1.008658868760294314e-01 5.457652755942474926e-02 4.603674478414532256e-02
6.899427368577566722e-02 9.601311360764008818e-02 8.092518677997459497e-02 6.145457709421005277e-02 1.000988458262319358e-01 1.747467129164759769e-01 1.294965255423684569e-01 1.699049994981193246e-01 1.645631139011037858e-01 9.763600817312195757e-02 5.266850306153659372e-02 4.423616584678588537e-02
4.164251942251156330e-02 5.801100271705717654e-02 4.885399356502778678e-02 3.699544136512056963e-02 6.009481090762480715e-02 1.047240298427437460e-01 7.726292469583084799e-02 1.008658868760294314e-01 9.763600817312195757e-02 5.820275576971235126e-02 3.151041324911615232e-02 2.660667866353317104e-02
2.313831228185396494e-02 3.231106839002133996e-02 2.719003855256607247e-02 2.051891177669937227e-02 3.322122502960702523e-02 5.775334925416598930e-02 4.222888815744847008e-02 5.457652755942474926e-02 5.266850306153659372e-02 3.151041324911615232e-02 1.719005456135339754e-02 1.467769812091783074e-02
2.034101948014530384e-02 2.851231680625459022e-02 2.396282424377643369e-02 1.798113804078730477e-02 2.895260072041096547e-02 5.013218438494847218e-02 3.616858005180316471e-02 4.603674478414532256e-02 4.423616584678588537e-02 2.660667866353317104e-02 1.467769812091783074e-02 1.275784912703897475e-02
1.097895002973505729e-01 1.493710418541354390e-01 1.399143910117975065e-01 9.508740375002548706e-02 6.422267806675448221e-02 3.991415214887507334e-02 2.832147529904635239e-02 2.704537457156745359e-02 4.408620979518063088e-02 6.563711781390973998e-02 1.097439522786253369e-01 1.307593921030117678e-01
1.493710418541354390e-01 2.099877587068778584e-01 1.979359599462405250e-01 1.337215218044404408e-01 8.959566751828132447e-02 5.519676144719654065e-02 3.869677013653283204e-02 3.640160729199298784e-02 5.871968572290069827e-02 8.687303468112630989e-02 1.447195692064401906e-01 1.732502300203995205e-01
1.399143910117975065e-01 1.979359599462405250e-01 1.896914213682573958e-01 1.281801612507375843e-01 8.563677092154070580e-02 5.255484862361858162e-02 3.664761650940644155e-02 3.424396499544336836e-02 5.498191693802194357e-02 8.110620404875572287e-02 1.348402567417920639e-01 1.614191358203881099e-01
9.508740375002548706e-02 1.337215218044404408e-01 1.281801612507375843e-01 8.726494349926644523e-02 5.844922537973380738e-02 3.590299822109732641e-02 2.505695318800727628e-02 2.343757298703245603e-02 3.765863827472922670e-02 5.556774539408187996e-02 9.236484160127582388e-02 1.103417466621587351e-01
6.422267806675448221e-02 8.959566751828132447e-02 8.563677092154070580e-02 5.844922537973380738e-02 3.932953823046289599e-02 2.422378308431352364e-02 1.695761491314849018e-02 1.592033545196381433e-02 2.564544693911414985e-02 3.789284730069862606e-02 6.301605674993975004e-02 7.511077305253341385e-02
3.991415214887507334e-02 5.519676144719654065e-02 5.255484862361858162e-02 3.590299822109732641e-02 2.422378308431352364e-02 1.497597798158725041e-02 1.052991245281615154e-02 9.937970904919400661e-03 1.606636238321479740e-02 2.378586226226423947e-02 3.959050773107178345e-02 4.708207687918489204e-02
2.832147529904635239e-02 3.869677013653283204e-02 3.664761650940644155e-02 2.505695318800727628e-02 1.695761491314849018e-02 1.052991245281615154e-02 7.451799791218017589e-03 7.087632200300232957e-03 1.151889874498475408e-02 1.710311813748683490e-02 2.850546563074321874e-02 3.379758282827319271e-02
2.704537457156745359e-02 3.640160729199298784e-02 3.424396499544336836e-02 2.343757298703245603e-02 1.592033545196381433e-02 9.937970904919400661e-03 7.087632200300232957e-03 6.807794618131813788e-03 1.113780089157630562e-02 1.659812857557829008e-02 2.771105871453097280e-02 3.273648892696705281e-02
4.408620979518063088e-02 5.871968572290069827e-02 5.498191693802194357e-02 3.765863827472922670e-02 2.564544693911414985e-02 1.606636238321479740e-02 1.151889874498475408e-02 1.113780089157630562e-02 1.830733785273894881e-02 2.735379227561747853e-02 4.572412016290926945e-02 5.388348095324954623e-02
6.563711781390973998e-02 8.687303468112630989e-02 8.110620404875572287e-02 5.556774539408187996e-02 3.789284730069862606e-02 2.378586226226423947e-02 1.710311813748683490e-02 1.659812857557829008e-02 2.735379227561747853e-02 4.096178464719241186e-02 6.855774525148927712e-02 8.069094758471737072e-02
1.097439522786253369e-01 1.447195692064401906e-01 1.348402567417920639e-01 9.236484160127582388e-02 6.301605674993975004e-02 3.959050773107178345e-02 2.850546563074321874e-02 2.771105871453097280e-02 4.572412016290926945e-02 6.855774525148927712e-02 1.150016532711959222e-01 1.353589799147625894e-01
1.307593921030117678e-01 1.732502300203995205e-01 1.614191358203881099e-01 1.103417466621587351e-01 7.511077305253341385e-02 4.708207687918489204e-02 3.379758282827319271e-02 3.273648892696705281e-02 5.388348095324954623e-02 8.069094758471737072e-02 1.353589799147625894e-01 1.604304897357207715e-01
1.586246581229242003e-01 1.183519612528901865e-01 1.310250650610350898e-01 1.044861757879251007e-01 7.201923525843798024e-02 6.724089667688429306e-02 5.235776371591883277e-02 9.473394265299733830e-02 1.242186006259781983e-01 1.252233706595479723e-01 1.182578472050390961e-01 1.153039798932690291e-01
1.183519612528901865e-01 8.941176991759798576e-02 9.985774545074363462e-02 7.968382600284194817e-02 5.475410359273623351e-02 5.086710579931742054e-02 3.932292135917214715e-02 7.076481034432231809e-02 9.252825054272796612e-02 9.311605279011850311e-02 8.790769145807977858e-02 8.583807334366111430e-02
1.310250650610350898e-01 9.985774545074363462e-02 1.128011091356607432e-01 9.018618714854145790e-02 6.186743153195312789e-02 5.729512071344820823e-02 4.407192193730442853e-02 7.901179871898522666e-02 1.030671431691924655e-01 1.034706065695996657e-01 9.746109622821153007e-02 9.503207982624110872e-02
1.044861757879251007e-01 7.968382600284194817e-02 9.018618714854145790e-02 7.247562810205418482e-02 4.986334923228648991e-02 4.631163501998861176e-02 3.572206905003288274e-02 6.417267417414107555e-02 8.370899072520904260e-02 8.382778986602390514e-02 7.857055162623360900e-02 7.612647296134092412e-02
7.201923525843798024e-02 5.475410359273623351e-02 6.186743153195312789e-02 4.986334923228648991e-02 3.454980581220362668e-02 3.234511962974522675e-02 2.517295737953032658e-02 4.552117002205084695e-02 5.947642133172886814e-02 5.937764574608532520e-02 5.522128012662896879e-02 5.291612205885698472e-02
6.724089667688429306e-02 5.086710579931742054e-02 5.729512071344820823e-02 4.631163501998861176e-02 3.234511962974522675e-02 3.063787957616518481e-02 2.416488723442813263e-02 4.412633573956867283e-02 5.780961191589595316e-02 5.750141305270946995e-02 5.293830769678488368e-02 4.998316382513131456e-02
5.235776371591883277e-02 3.932292135917214715e-02 4.407192193730442853e-02 3.572206905003288274e-02 2.517295737953032658e-02 2.416488723442813263e-02 1.942844859605584104e-02 3.596786201955043394e-02 4.731848644972817125e-02 4.687750902739182268e-02 4.263324875346825860e-02 3.951201448284320100e-02
9.473394265299733830e-02 7.076481034432231809e-02 7.901179871898522666e-02 6.417267417414107555e-02 4.552117002205084695e-02 4.412633573956867283e-02 3.596786201955043394e-02 6.727503806522304453e-02 8.877661815333495743e-02 8.769616974625923933e-02 7.906464859654016575e-02 7.229673095174356245e-02
1.242186006259781983e-01 9.252825054272796612e-02 1.030671431691924655e-01 8.370899072520904260e-02 5.947642133172886814e-02 5.780961191589595316e-02 4.731848644972817125e-02 8.877661815333495743e-02 1.175912304994858049e-01 1.162080683689156874e-01 1.045335897518623047e-01 9.517005688425624055e-02
1.252233706595479723e-01 9.311605279011850311e-02 1.034706065695996657e-01 8.382778986602390514e-02 5.937764574608532520e-02 5.750141305270946995e-02 4.687750902739182268e-02 8.769616974625923933e-02 1.162080683689156874e-01 1.156467078761249101e-01 1.045941640004391104e-01 9.566646188254389338e-02
1.182578472050390961e-01 8.790769145807977858e-02 9.746109622821153007e-02 7.857055162623360900e-02 5.522128012662896879e-02 5.293830769678488368e-02 4.263324875346825860e-02 7.906464859654016575e-02 1.045335897518623047e-01 1.045941640004391104e-01 9.612612128400103984e-02 8.934436976453630219e-02
1.153039798932690291e-01 8.583807334366111430e-02 9.503207982624110872e-02 7.612647296134092412e-02 5.291612205885698472e-02 4.998316382513131456e-02 3.951201448284320100e-02 7.229673095174356245e-02 9.517005688425624055e-02 9.566646188254389338e-02 8.934436976453630219e-02 8.543160301250332656e-02
7.308222554687432426e-02 7.379312379146972523e-02 4.145149971371960007e-02 3.417921973370917355e-02 2.587320114260258097e-02 4.223960689531519597e-02 4.711500796832015364e-02 4.694158082422886236e-02 9.172990284179245724e-02 1.368100969477852868e-01 1.146519255329085107e-01 9.068997301773529252e-02
7.379312379146972523e-02 7.492594350687650784e-02 4.209484319245295619e-02 3.468909592475497017e-02 2.621767018733782428e-02 4.273048426671569033e-02 4.754474384144584398e-02 4.714177791727078987e-02 9.173666694258553189e-02 1.363868119050895000e-01 1.144841599385597875e-01 9.099656629812907793e-02
4.145149971371960007e-02 4.209484319245295619e-02 2.367646454765405875e-02 1.952941506956763773e-02 1.477153688095576324e-02 2.408958157536344319e-02 2.680635825846722220e-02 2.657181076430807989e-02 5.169592947971823893e-02 7.680730255104942228e-02 6.438459964482533271e-02 5.112769306285846332e-02
3.417921973370917355e-02 3.468909592475497017e-02 1.952941506956763773e-02 1.613373810138960321e-02 1.222255936585115929e-02 1.995965595066847773e-02 2.222764299188818501e-02 2.204900586524520534e-02 4.292334963798088293e-02 6.375348982217227123e-02 5.330483533170944643e-02 4.222343034686868585e-02
2.587320114260258097e-02 2.621767018733782428e-02 1.477153688095576324e-02 1.222255936585115929e-02 9.284349023187308744e-03 1.519776040950347046e-02 1.695454265603663774e-02 1.685657471139921648e-02 3.287873106098614107e-02 4.884552040005379903e-02 4.066873208327109745e-02 3.206670414895126942e-02
4.223960689531519597e-02 4.273048426671569033e-02 2.408958157536344319e-02 1.995965595066847773e-02 1.519776040950347046e-02 2.493666696507964436e-02 2.787102068933680274e-02 2.778090049351982296e-02 5.430479370466156919e-02 8.071194291256358899e-02 6.692336193297269975e-02 5.252545326098420619e-02
4.711500796832015364e-02 4.754474384144584398e-02 2.680635825846722220e-02 2.222764299188818501e-02 1.695454265603663774e-02 2.787102068933680274e-02 3.125009022641817014e-02 3.129848057043899817e-02 6.142570098155691882e-02 9.142779452872340507e-02 7.543021952906621419e-02 5.885322737847353824e-02
4.694158082422886236e-02 4.714177791727078987e-02 2.657181076430807989e-02 2.204900586524520534e-02 1.685657471139921648e-02 2.778090049351982296e-02 3.129848057043899817e-02 3.169414447362007420e-02 6.276800456339405587e-02 9.376680101479577256e-02 7.664407949317816882e-02 5.914140738343270226e-02
9.172990284179245724e-02 9.173666694258553189e-02 5.169592947971823893e-02 4.292334963798088293e-02 3.287873106098614107e-02 5.430479370466156919e-02 6.142570098155691882e-02 6.276800456339405587e-02 1.254476005655743298e-01 1.880695641213879221e-01 1.523916165317736882e-01 1.164361191209098700e-01
1.368100969477852868e-01 1.363868119050895000e-01 7.680730255104942228e-02 6.375348982217227123e-02 4.884552040005379903e-02 8.071194291256358899e-02 9.142779452872340507e-02 9.376680101479577256e-02 1.880695641213879221e-01 2.854295824293435757e-01 2.301302507733009040e-01 1.746134719972896043e-01
1.146519255329085107e-01 1.144841599385597875e-01 6.438459964482533271e-02 5.330483533170944643e-02 4.066873208327109745e-02 6.692336193297269975e-02 7.543021952906621419e-02 7.664407949317816882e-02 1.523916165317736882e-01 2.301302507733009040e-01 1.900962174648669900e-01 1.457063683835193024e-01
9.068997301773529252e-02 9.099656629812907793e-02 5.112769306285846332e-02 4.222343034686868585e-02 3.206670414895126942e-02 5.252545326098420619e-02 5.885322737847353824e-02 5.914140738343270226e-02 1.164361191209098700e-01 1.746134719972896043e-01 1.457063683835193024e-01 1.140429771491153627e-01
2.164704796585993907e-01 1.124656420411787039e-01 1.136178490351752862e-01 1.116496878878659449e-01 8.486140573711936641e-02 4.913177140068730742e-02 6.481250074575609088e-02 8.717916941602517344e-02 1.105634819491571746e-01 1.276407530780523381e-01 1.618766183844989603e-01 2.144548810811738038e-01
1.124656420411787039e-01 5.929127404188647144e-02 6.082445807634209028e-02 6.015757252276768274e-02 4.577495602444105194e-02 2.646303860938528651e-02 3.482619364922302785e-02 4.672640391418259043e-02 5.902985031380736380e-02 6.767951796766479011e-02 8.502749546145338400e-02 1.116335862612295865e-01
1.136178490351752862e-01 6.082445807634209028e-02 6.371173623036581468e-02 6.356038151820861404e-02 4.843736828154044521e-02 2.795106455158357511e-02 3.667620676220208209e-02 4.905220141574874460e-02 6.166374468010159260e-02 7.008764138116697906e-02 8.701822534981672186e-02 1.129955333983394539e-01
1.116496878878659449e-01 6.015757252276768274e-02 6.356038151820861404e-02 6.380093525005514632e-02 4.868850358523753308e-02 2.808615903829612265e-02 3.682496951117017470e-02 4.919217268709977220e-02 6.169924259084789975e-02 6.982085123799298965e-02 8.615276399216396930e-02 1.112101630502011218e-01
8.486140573711936641e-02 4.577495602444105194e-02 4.843736828154044521e-02 4.868850358523753308e-02 3.722471650323707498e-02 2.149853726322888126e-02 2.822395775147866492e-02 3.772122906334365866e-02 4.729845435263466819e-02 5.344612104510806927e-02 6.578035592621173100e-02 8.466869279911948265e-02
4.913177140068730742e-02 2.646303860938528651e-02 2.795106455158357511e-02 2.808615903829612265e-02 2.149853726322888126e-02 1.245375273333812136e-02 1.640805836592494280e-02 2.197459350417359930e-02 2.758201069115587961e-02 3.115863100587905332e-02 3.828940047623792531e-02 4.915724803867140003e-02
6.481250074575609088e-02 3.482619364922302785e-02 3.667620676220208209e-02 3.682496951117017470e-02 2.822395775147866492e-02 1.640805836592494280e-02 2.171855483061124747e-02 2.916747091097982372e-02 3.666635605226441913e-02 4.142311293192747768e-02 5.082861991477655855e-02 6.507288658242661727e-02
8.717916941602517344e-02 4.672640391418259043e-02 4.905220141574874460e-02 4.919217268709977220e-02 3.772122906334365866e-02 2.197459350417359930e-02 2.916747091097982372e-02 3.927061571574592264e-02 4.945363913007191914e-02 5.592081419540296389e-02 6.861693770341818766e-02 8.774159715182044961e-02
1.105634819491571746e-01 5.902985031380736380e-02 6.166374468010159260e-02 6.169924259084789975e-02 4.729845435263466819e-02 2.758201069115587961e-02 3.666635605226441913e-02 4.945363913007191914e-02 6.248815054042033967e-02 7.087062398533462704e-02 8.715732506959572579e-02 1.115127240111618845e-01
1.276407530780523381e-01 6.767951796766479011e-02 7.008764138116697906e-02 6.982085123799298965e-02 5.344612104510806927e-02 3.115863100587905332e-02 4.142311293192747768e-02 5.592081419540296389e-02 7.087062398533462704e-02 8.103221340304865572e-02 1.003949840783774222e-01 1.289837951547331274e-01
1.618766183844989603e-01 8.502749546145338400e-02 8.701822534981672186e-02 8.615276399216396930e-02 6.578035592621173100e-02 3.828940047623792531e-02 5.082861991477655855e-02 6.861693770341818766e-02 8.715732506959572579e-02 1.003949840783774222e-01 1.262482741407938980e-01 1.637331693245521747e-01
2.144548810811738038e-01 1.116335862612295865e-01 1.129955333983394539e-01 1.112101630502011218e-01 8.466869279911948265e-02 4.915724803867140003e-02 6.507288658242661727e-02 8.774159715182044961e-02 1.115127240111618845e-01 1.289837951547331274e-01 1.637331693245521747e-01 2.162892969518979691e-01
6.470716271105517170e-02 9.841751488750499766e-02 9.232656085948698355e-02 9.038292430313635273e-02 6.250459624178099360e-02 4.349523401181455695e-02 5.318078692904469607e-02 5.375282879787051521e-02 6.130640161935276000e-02 7.309104230172427941e-02 8.094409944829360215e-02 5.649718447694048601e-02
9.841751488750499766e-02 1.524736823710253486e-01 1.434935950977518915e-01 1.401015402460113468e-01 9.602657904781244924e-02 6.577910103532580433e-02 7.911982557589891663e-02 7.910770955124751813e-02 8.954280677355214157e-02 1.064293880786000568e-01 1.182090829403793092e-01 8.386627510991870316e-02
9.232656085948698355e-02 1.434935950977518915e-01 1.365831621863162759e-01 1.339563035862999796e-01 9.159752053098370317e-02 6.238564091328779870e-02 7.458045254065455432e-02 7.422104852865508973e-02 8.368790062892882131e-02 9.922700526836539248e-02 1.101412831441338641e-01 7.835990993436409147e-02
9.038292430313635273e-02 1.401015402460113468e-01 1.339563035862999796e-01 1.326873740980277494e-01 9.088569675841859374e-02 6.191995232523680309e-02 7.403708829759964027e-02 7.362694976376757405e-02 8.291194214016993358e-02 9.814544440999685426e-02 1.087173982732983768e-01 7.707843902449448836e-02
6.250459624178099360e-02 9.602657904781244924e-02 9.159752053098370317e-02 9.088569675841859374e-02 6.280500696109310443e-02 4.322142061058286550e-02 5.219080512582325443e-02 5.218323152059711756e-02 5.893870152044859700e-02 6.978107449294693176e-02 7.705797432086065879e-02 5.407542710766809896e-02
4.349523401181455695e-02 6.577910103532580433e-02 6.238564091328779870e-02 6.191995232523680309e-02 4.322142061058286550e-02 3.033869922337275454e-02 3.733739099758787844e-02 3.773603295802739621e-02 4.289374571348378989e-02 5.085343994273229529e-02 5.590217270440321629e-02 3.856663959633863104e-02
5.318078692904469607e-02 7.911982557589891663e-02 7.458045254065455432e-02 7.403708829759964027e-02 5.219080512582325443e-02 3.733739099758787844e-02 4.686540720660528625e-02 4.788706604797898087e-02 5.478712248781252708e-02 6.505587317231885380e-02 7.121811360652199885e-02 4.833254713527871532e-02
5.375282879787051521e-02 7.910770955124751813e-02 7.422104852865508973e-02 7.362694976376757405e-02 5.218323152059711756e-02 3.773603295802739621e-02 4.788706604797898087e-02 4.937330784048686583e-02 5.681391903950422373e-02 6.760911887666744280e-02 7.387241538578898092e-02 4.962792369714222329e-02
6.130640161935276000e-02 8.954280677355214157e-02 8.368790062892882131e-02 8.291194214016993358e-02 5.893870152044859700e-02 4.289374571348378989e-02 5.478712248781252708e-02 5.681391903950422373e-02 6.577101666984698503e-02 7.849786017327840815e-02 8.572835684937078760e-02 5.720816517103961829e-02
7.309104230172427941e-02 1.064293880786000568e-01 9.922700526836539248e-02 9.814544440999685426e-02 6.978107449294693176e-02 5.085343994273229529e-02 6.505587317231885380e-02 6.760911887666744280e-02 7.849786017327840815e-02 9.406436437921004978e-02 1.028642553628195538e-01 6.847784144113597260e-02
8.094409944829360215e-02 1.182090829403793092e-01 1.101412831441338641e-01 1.087173982732983768e-01 7.705797432086065879e-02 5.590217270440321629e-02 7.121811360652199885e-02 7.387241538578898092e-02 8.572835684937078760e-02 1.028642553628195538e-01 1.129904944318168014e-01 7.547041064876346128e-02
5.649718447694048601e-02 8.386627510991870316e-02 7.835990993436409147e-02 7.707843902449448836e-02 5.407542710766809896e-02 3.856663959633863104e-02 4.833254713527871532e-02 4.962792369714222329e-02 5.720816517103961829e-02 6.847784144113597260e-02 7.547041064876346128e-02 5.134032192114387771e-02
9.230211206280140857e-02 8.521244438085645578e-02 8.518854930992383889e-02 6.780645232096932373e-02 9.519663822749646620e-02 1.198192311746611310e-01 8.954959818664474935e-02 5.541515731358692687e-02 4.536002973870070787e-02 3.733203753167520234e-02 6.761589570181009146e-02 8.445886989147362300e-02
8.521244438085645578e-02 7.908465549760207436e-02 7.955947068507468467e-02 6.386616343960047071e-02 9.043354815043011530e-02 1.142429153183576462e-01 8.512642179059748404e-02 5.236891263934813356e-02 4.251782949373068832e-02 3.467093535166589080e-02 6.243921993038804852e-02 7.788247905018111372e-02
8.518854930992383889e-02 7.955947068507468467e-02 8.109287522688304883e-02 6.630564325882591648e-02 9.560874022659812677e-02 1.217674496376644488e-01 9.025994458187369673e-02 5.491822268883476965e-02 4.389702366847027248e-02 3.515220736576360472e-02 6.259074894251617782e-02 7.781058059149788264e-02
6.780645232096932373e-02 6.386616343960047071e-02 6.630564325882591648e-02 5.635169128891269474e-02 8.424232599933838272e-02 1.090277743360847928e-01 8.012197574820585644e-02 4.782917727462321356e-02 3.718704814672843528e-02 2.879888098339759839e-02 5.017628626055125468e-02 6.194530804627804838e-02
9.519663822749646620e-02 9.043354815043011530e-02 9.560874022659812677e-02 8.424232599933838272e-02 1.305662733619502580e-01 1.715579285216661809e-01 1.250821879697258110e-01 7.339316280658976510e-02 5.561035517139387152e-02 4.167465537538165427e-02 7.099576058033660320e-02 8.699947894797627201e-02
1.198192311746611310e-01 1.142429153183576462e-01 1.217674496376644488e-01 1.090277743360847928e-01 1.715579285216661809e-01 2.288767737085896647e-01 1.663318330382790866e-01 9.675831611579656377e-02 7.237595677563589402e-02 5.333471104565615240e-02 8.978477896850506346e-02 1.095685979311582375e-01
8.954959818664474935e-02 8.512642179059748404e-02 9.025994458187369673e-02 8.012197574820585644e-02 1.250821879697258110e-01 1.663318330382790866e-01 1.219507313167027124e-01 7.122209569838655607e-02 5.352704820702391952e-02 3.967667368675392020e-02 6.707541731280816655e-02 8.194482098395999836e-02
5.541515731358692687e-02 5.236891263934813356e-02 5.491822268883476965e-02 4.782917727462321356e-02 7.339316280658976510e-02 9.675831611579656377e-02 7.122209569838655607e-02 4.206785932226930758e-02 3.206684532674114463e-02 2.418421477889867027e-02 4.138249057339693504e-02 5.074059442600387798e-02
4.536002973870070787e-02 4.251782949373068832e-02 4.389702366847027248e-02 3.718704814672843528e-02 5.561035517139387152e-02 7.237595677563589402e-02 5.352704820702391952e-02 3.206684532674114463e-02 2.499326827464930928e-02 1.935482453131196628e-02 3.371595209528148451e-02 4.156305071556193331e-02
3.733203753167520234e-02 3.467093535166589080e-02 3.515220736576360472e-02 2.879888098339759839e-02 4.167465537538165427e-02 5.333471104565615240e-02 3.967667368675392020e-02 2.418421477889867027e-02 1.935482453131196628e-02 1.549849961967168788e-02 2.758730384367058877e-02 3.422827845154641918e-02
6.761589570181009146e-02 6.243921993038804852e-02 6.259074894251617782e-02 5.017628626055125468e-02 7.099576058033660320e-02 8.978477896850506346e-02 6.707541731280816655e-02 4.138249057339693504e-02 3.371595209528148451e-02 2.758730384367058877e-02 4.978562951054836538e-02 6.201839945101444290e-02
8.445886989147362300e-02 7.788247905018111372e-02 7.781058059149788264e-02 6.194530804627804838e-02 8.699947894797627201e-02 1.095685979311582375e-01 8.194482098395999836e-02 5.074059442600387798e-02 4.156305071556193331e-02 3.422827845154641918e-02 6.201839945101444290e-02 7.742963080941958620e-02
7.443400392401353094e-02 3.956091304699298900e-02 1.962858560994699270e-02 1.501714166323594481e-02 1.360563499315413719e-02 1.386410907531218650e-02 3.004092093498026556e-02 5.985048454647530491e-02 6.643546361633424768e-02 6.455221069281129320e-02 1.357738956430415422e-01 1.825306408986980267e-01
