4.271710446982721621e-01 3.022149471564615775e-01 1.425144032090539525e-01 -1.003058286522867659e-02 -5.213346945949881572e-02 -5.571050470312084550e-03 2.465933498895666806e-02 4.045740690970264786e-02 4.113189825422304026e-03 -4.066866875246583080e-02 -1.005281355730493764e-01 -1.467099345163449808e-01
3.022149471564615775e-01 3.942527066575587380e-01 2.244750159690000746e-01 8.057650641728283936e-02 -3.738025016973154507e-02 -5.107123705244306922e-02 -7.748424772116862917e-03 2.951353764969029403e-02 2.849314240506294060e-02 1.509925748498333262e-02 -1.758007969287473521e-02 -9.188324931681760011e-02
1.425144032090539525e-01 2.244750159690000746e-01 2.194689492188393043e-01 2.091939984168168787e-01 6.675178859970837264e-02 -5.265635207887602032e-02 -4.222475092431932781e-02 -1.743821491073525853e-02 2.415284785355830549e-02 5.097671135151162630e-02 5.917500927166752245e-02 -1.765192306158298169e-02
-1.003058286522867659e-02 8.057650641728283936e-02 2.091939984168168787e-01 4.409176203347925371e-01 2.682613903178208692e-01 3.008204331829024414e-02 -4.534181855366261477e-02 -6.310954385088995977e-02 -5.217623901285124016e-03 4.516008975413796089e-02 7.890375678106574531e-02 3.564027910740600463e-02
-5.213346945949881572e-02 -3.738025016973154507e-02 6.675178859970837264e-02 2.682613903178208692e-01 5.056294119738827808e-01 2.686047176791235280e-01 7.227718973354842202e-02 -2.623713841190400409e-02 -4.138480787588701137e-02 -3.496602541749831150e-02 -1.689653118177275939e-02 1.153544736558257192e-02
-5.571050470312084550e-03 -5.107123705244306922e-02 -5.265635207887602032e-02 3.008204331829024414e-02 2.686047176791235280e-01 4.019299601924433141e-01 1.886003310710442360e-01 9.771334585226840175e-02 -5.574014899936769601e-03 -6.330541436389895693e-02 -8.880929614526944516e-02 -3.232775422536587895e-02
2.465933498895666806e-02 -7.748424772116862917e-03 -4.222475092431932781e-02 -4.534181855366261477e-02 7.227718973354842202e-02 1.886003310710442360e-01 1.865304318859536403e-01 2.382960529672987493e-01 1.171099728230843851e-01 3.206846533276385552e-02 -3.437296949557579195e-02 -2.289332036951531937e-02
4.045740690970264786e-02 2.951353764969029403e-02 -1.743821491073525853e-02 -6.310954385088995977e-02 -2.623713841190400409e-02 9.771334585226840175e-02 2.382960529672987493e-01 5.230270707455921819e-01 2.686422652376919684e-01 1.417225737564338506e-01 3.928673841168627001e-02 -3.848441507283495780e-03
4.113189825422304026e-03 2.849314240506294060e-02 2.415284785355830549e-02 -5.217623901285124016e-03 -4.138480787588701137e-02 -5.574014899936769601e-03 1.171099728230843851e-01 2.686422652376919684e-01 2.261397528571795768e-01 1.712723386951549853e-01 1.185682810909486629e-01 3.578017119085048769e-02
-4.066866875246583080e-02 1.509925748498333262e-02 5.097671135151162630e-02 4.516008975413796089e-02 -3.496602541749831150e-02 -6.330541436389895693e-02 3.206846533276385552e-02 1.417225737564338506e-01 1.712723386951549853e-01 1.998211186696187136e-01 2.219376290833334486e-01 8.106596415764215358e-02
-1.005281355730493764e-01 -1.758007969287473521e-02 5.917500927166752245e-02 7.890375678106574531e-02 -1.689653118177275939e-02 -8.880929614526944516e-02 -3.437296949557579195e-02 3.928673841168627001e-02 1.185682810909486629e-01 2.219376290833334486e-01 3.881899710475985588e-01 1.447108486282390749e-01
-1.467099345163449808e-01 -9.188324931681760011e-02 -1.765192306158298169e-02 3.564027910740600463e-02 1.153544736558257192e-02 -3.232775422536587895e-02 -2.289332036951531937e-02 -3.848441507283495780e-03 3.578017119085048769e-02 8.106596415764215358e-02 1.447108486282390749e-01 8.692196171825838924e-02
4.082909685249014320e-01 3.085690469228430377e-01 8.623799197197586086e-02 -2.388307364674450983e-02 -5.061119403852248899e-02 -4.580220890285938845e-02 9.077535261184137977e-03 4.364000252410899644e-02 2.506602602556447582e-02 -2.070404345934949777e-02 -1.129732754467118738e-01 -2.185098536412538039e-01
3.085690469228430377e-01 5.584126022926030330e-01 2.278410167358866645e-01 9.612259780098252049e-02 1.189126822781873781e-02 -3.369894525239849892e-02 -3.465029052975228396e-02 1.203803889184828883e-02 5.487610327211277922e-02 5.830447227870309140e-02 8.715900742711153726e-02 -2.070014223372963064e-02
8.623799197197586086e-02 2.278410167358866645e-01 1.772222698315386313e-01 1.667305230121542414e-01 1.033828125860625086e-01 5.703624739185969572e-02 -2.506960841625788944e-02 -4.945463667246778605e-02 -1.203933429937817205e-02 3.017428476527591122e-02 9.011228283619525381e-02 5.871531783672552518e-02
-2.388307364674450983e-02 9.612259780098252049e-02 1.667305230121542414e-01 2.655753346731246634e-01 2.136647668721781135e-01 1.649720089379065890e-01 8.977071008007006178e-03 -9.711621482136281736e-02 -8.189407407982519926e-02 -1.336283290663235583e-02 4.830702898470302931e-02 6.730526921699493681e-02
-5.061119403852248899e-02 1.189126822781873781e-02 1.033828125860625086e-01 2.136647668721781135e-01 2.353220025494366652e-01 2.437508497104334537e-01 8.814036302119536426e-02 -6.464693346522844275e-02 -8.688074466354250847e-02 -3.786766376241330889e-02 -9.748897654972062121e-03 2.788908374413305927e-02
-4.580220890285938845e-02 -3.369894525239849892e-02 5.703624739185969572e-02 1.649720089379065890e-01 2.437508497104334537e-01 4.203463077925267966e-01 2.475128766088992849e-01 4.115288367570183597e-02 -4.859703282211295244e-02 -4.352533834818272246e-02 -5.396890752083564891e-02 -1.546613910896149462e-02
9.077535261184137977e-03 -3.465029052975228396e-02 -2.506960841625788944e-02 8.977071008007006178e-03 8.814036302119536426e-02 2.475128766088992849e-01 4.355271015835075477e-01 2.840715533781401625e-01 1.265465737022081483e-01 1.832557355859866510e-02 -4.035441774461261816e-02 -4.425184268299384854e-02
4.364000252410899644e-02 1.203803889184828883e-02 -4.945463667246778605e-02 -9.711621482136281736e-02 -6.464693346522844275e-02 4.115288367570183597e-02 2.840715533781401625e-01 4.394895504403895092e-01 2.413511027130365305e-01 8.469127294832301533e-02 3.933302126594712816e-02 -6.538232619306231889e-03
2.506602602556447582e-02 5.487610327211277922e-02 -1.203933429937817205e-02 -8.189407407982519926e-02 -8.688074466354250847e-02 -4.859703282211295244e-02 1.265465737022081483e-01 2.413511027130365305e-01 2.026871054586801280e-01 1.058739277372515442e-01 1.208295204925914496e-01 6.917662186564241256e-02
-2.070404345934949777e-02 5.830447227870309140e-02 3.017428476527591122e-02 -1.336283290663235583e-02 -3.786766376241330889e-02 -4.352533834818272246e-02 1.832557355859866510e-02 8.469127294832301533e-02 1.058739277372515442e-01 9.198763669895294870e-02 1.700754348473764999e-01 1.193693895906523250e-01
-1.129732754467118738e-01 8.715900742711153726e-02 9.011228283619525381e-02 4.830702898470302931e-02 -9.748897654972062121e-03 -5.396890752083564891e-02 -4.035441774461261816e-02 3.933302126594712816e-02 1.208295204925914496e-01 1.700754348473764999e-01 4.235617957541725209e-01 2.910020612104321502e-01
-2.185098536412538039e-01 -2.070014223372963064e-02 5.871531783672552518e-02 6.730526921699493681e-02 2.788908374413305927e-02 -1.546613910896149462e-02 -4.425184268299384854e-02 -6.538232619306231889e-03 6.917662186564241256e-02 1.193693895906523250e-01 2.910020612104321502e-01 3.415773244001511499e-01
1.874601387647839290e-01 1.993832869049636247e-01 1.275860706613661244e-01 7.246086194555112492e-02 4.962949685755379051e-03 -4.851105231957286018e-02 -2.262306002069925520e-02 3.920404040621044972e-02 4.541344059611426148e-02 -2.805255478360900445e-02 -1.134823301670653123e-01 -2.070351850308517760e-01
1.993832869049636247e-01 2.915477359482161468e-01 2.050423667204054889e-01 1.416412906738099831e-01 6.189436425435886069e-02 -4.830416404931063556e-02 -7.279266680013149471e-02 -3.138181877076931352e-03 6.675226043711697532e-02 3.979347378926584994e-02 -5.680305635248040358e-02 -1.608159303239437843e-01
1.275860706613661244e-01 2.050423667204054889e-01 1.908521017022271615e-01 1.676993818518136559e-01 1.174234094365705361e-01 1.290540184025823836e-03 -8.103696410435810848e-02 -4.810765397146463812e-02 4.634132999573296885e-02 6.644852101133656708e-02 2.810303002654335192e-03 -8.159220731159037843e-02
7.246086194555112492e-02 1.416412906738099831e-01 1.676993818518136559e-01 2.095218761416080544e-01 2.205938284946082351e-01 9.847653578632177551e-02 -5.979506971553646272e-02 -8.224073096378875514e-02 1.101210363379146948e-02 7.028795138931583086e-02 4.276171438286422571e-02 -1.742765107324700455e-02
4.962949685755379051e-03 6.189436425435886069e-02 1.174234094365705361e-01 2.205938284946082351e-01 4.017225770633651716e-01 2.908476400969968179e-01 5.627788956108802088e-02 -7.431036014326725114e-02 -4.686359800831872702e-02 3.103817452125494716e-02 5.448658812807541385e-02 4.367718657374550922e-02
-4.851105231957286018e-02 -4.830416404931063556e-02 1.290540184025823836e-03 9.847653578632177551e-02 2.908476400969968179e-01 4.942008317057695610e-01 2.508474838847888355e-01 5.892691863473649427e-02 -5.207161512623573879e-02 -5.484161279264770927e-02 -3.516419887751840150e-03 4.125018965424736422e-02
-2.262306002069925520e-02 -7.279266680013149471e-02 -8.103696410435810848e-02 -5.979506971553646272e-02 5.627788956108802088e-02 2.508474838847888355e-01 3.617176509386620387e-01 2.590288742916428966e-01 7.265603094932172878e-02 -6.574710033181746516e-02 -7.405692556351432809e-02 -3.758214960302156543e-02
3.920404040621044972e-02 -3.138181877076931352e-03 -4.810765397146463812e-02 -8.224073096378875514e-02 -7.431036014326725114e-02 5.892691863473649427e-02 2.590288742916428966e-01 4.508391324531941802e-01 2.633415814977287384e-01 5.652361111197519439e-02 -5.194605189147548374e-02 -8.095383258069167864e-02
4.541344059611426148e-02 6.675226043711697532e-02 4.634132999573296885e-02 1.101210363379146948e-02 -4.686359800831872702e-02 -5.207161512623573879e-02 7.265603094932172878e-02 2.633415814977287384e-01 4.290459475287004554e-01 2.681120358095558376e-01 1.027255895940795277e-01 -4.691437821736163180e-03
-2.805255478360900445e-02 3.979347378926584994e-02 6.644852101133656708e-02 7.028795138931583086e-02 3.103817452125494716e-02 -5.484161279264770927e-02 -6.574710033181746516e-02 5.652361111197519439e-02 2.681120358095558376e-01 4.017309422583669187e-01 2.363152887300767335e-01 1.332156593708913039e-01
-1.134823301670653123e-01 -5.680305635248040358e-02 2.810303002654335192e-03 4.276171438286422571e-02 5.448658812807541385e-02 -3.516419887751840150e-03 -7.405692556351432809e-02 -5.194605189147548374e-02 1.027255895940795277e-01 2.363152887300767335e-01 2.428015606896171963e-01 2.245847498868365211e-01
-2.070351850308517760e-01 -1.608159303239437843e-01 -8.159220731159037843e-02 -1.742765107324700455e-02 4.367718657374550922e-02 4.125018965424736422e-02 -3.758214960302156543e-02 -8.095383258069167864e-02 -4.691437821736163180e-03 1.332156593708913039e-01 2.245847498868365211e-01 3.385595048054953482e-01
3.102597928452239806e-01 2.057439717626380893e-01 1.156352285668714314e-01 2.214808942760020799e-02 -4.475725014435927296e-02 -5.130585756446070372e-02 -1.411226610729300959e-02 3.458061099500675528e-02 4.547409029587101692e-02 1.343176472178571682e-02 -1.041343697614153657e-01 -2.892168329591961462e-01
2.057439717626380893e-01 2.475290135943341852e-01 2.416040219534337785e-01 1.213318988750547167e-01 3.152211195426889850e-02 -3.952745376426711199e-02 -5.629947412642162530e-02 -3.783480865518738107e-02 3.787888175650355738e-02 8.249630314752329219e-02 5.577151717725335571e-03 -1.180873420116573397e-01
1.156352285668714314e-01 2.416040219534337785e-01 3.932302557386454511e-01 2.237012795451452374e-01 1.296616790742212144e-01 1.531831053514113271e-02 -5.826345293344395437e-02 -8.267752325346582054e-02 3.714631570670049333e-03 8.478565389480961778e-02 6.065677751034977833e-02 4.210909585632516099e-03
2.214808942760020799e-02 1.213318988750547167e-01 2.237012795451452374e-01 2.151626355635655463e-01 2.177496360351767191e-01 1.226149735522160389e-01 1.937247051654013633e-02 -5.386770234664797763e-02 -3.425639174652042596e-02 1.226240505129462532e-02 3.844267368482708752e-02 4.862951626351269541e-02
-4.475725014435927296e-02 3.152211195426889850e-02 1.296616790742212144e-01 2.177496360351767191e-01 3.675516450625779807e-01 2.670328279783520387e-01 1.300469490773708547e-01 1.197102913814134494e-02 -5.779637906564872446e-02 -6.931313711866755878e-02 -2.645654274719167007e-03 6.212594190947815648e-02
-5.130585756446070372e-02 -3.952745376426711199e-02 1.531831053514113271e-02 1.226149735522160389e-01 2.670328279783520387e-01 3.370899037570044277e-01 2.195721850937025210e-01 1.201324006422538060e-01 -1.457720683559386547e-02 -8.889636513687310115e-02 -4.222318907467281085e-02 1.846133931619434176e-02
-1.411226610729300959e-02 -5.629947412642162530e-02 -5.826345293344395437e-02 1.937247051654013633e-02 1.300469490773708547e-01 2.195721850937025210e-01 2.432954033776838498e-01 2.440409218580948392e-01 9.870939763612776585e-02 -1.977754084449949087e-02 -4.215758106785105069e-02 -3.812265669591021616e-02
3.458061099500675528e-02 -3.783480865518738107e-02 -8.267752325346582054e-02 -5.386770234664797763e-02 1.197102913814134494e-02 1.201324006422538060e-01 2.440409218580948392e-01 4.529966518417728460e-01 2.518008774273298167e-01 1.095416686708870213e-01 -7.466468037207082444e-03 -7.560060972140575375e-02
4.547409029587101692e-02 3.787888175650355738e-02 3.714631570670049333e-03 -3.425639174652042596e-02 -5.779637906564872446e-02 -1.457720683559386547e-02 9.870939763612776585e-02 2.518008774273298167e-01 2.978842011752643737e-01 2.576998864705878911e-01 9.859892000545751600e-02 -9.404858629556306707e-03
1.343176472178571682e-02 8.249630314752329219e-02 8.478565389480961778e-02 1.226240505129462532e-02 -6.931313711866755878e-02 -8.889636513687310115e-02 -1.977754084449949087e-02 1.095416686708870213e-01 2.576998864705878911e-01 4.485424503044241340e-01 2.116044905355812245e-01 1.009969753939285314e-01
-1.041343697614153657e-01 5.577151717725335571e-03 6.065677751034977833e-02 3.844267368482708752e-02 -2.645654274719167007e-03 -4.222318907467281085e-02 -4.215758106785105069e-02 -7.466468037207082444e-03 9.859892000545751600e-02 2.116044905355812245e-01 1.842407919754769918e-01 2.166482103761022404e-01
-2.892168329591961462e-01 -1.180873420116573397e-01 4.210909585632516099e-03 4.862951626351269541e-02 6.212594190947815648e-02 1.846133931619434176e-02 -3.812265669591021616e-02 -7.560060972140575375e-02 -9.404858629556306707e-03 1.009969753939285314e-01 2.166482103761022404e-01 5.022172547640280094e-01
4.123819214374387920e-01 2.625284012010478674e-01 9.608012906893595440e-02 -3.745450872826323191e-02 -7.621225940074485838e-02 -5.151292471500394654e-02 1.799757219234128167e-03 5.319423364289619510e-02 5.788740851829974471e-02 -1.471939079930003821e-02 -1.290070414395544929e-01 -2.574143139782777978e-01
2.625284012010478674e-01 3.626867436954763213e-01 2.582514722752896619e-01 9.385734094453770937e-02 -4.034985682873752644e-02 -8.549371886927129016e-02 -5.846272562142065116e-02 -8.169985823821074994e-03 4.558007694877098254e-02 5.590821911565072022e-02 3.105862048250580126e-02 -9.272482474232293659e-02
9.608012906893595440e-02 2.582514722752896619e-01 4.002952411974720626e-01 2.609984613964407840e-01 9.855666330676340903e-02 -1.449459267947005719e-02 -5.324331147547380072e-02 -5.590669618460610002e-02 -1.284636397367086222e-02 5.047125252279949237e-02 9.505731086293443821e-02 4.565321416893624445e-02
-3.745450872826323191e-02 9.385734094453770937e-02 2.609984613964407840e-01 3.767388071463927401e-01 2.544400380031575093e-01 1.405535675697303089e-01 3.675664683006245326e-02 -3.811792794003040358e-02 -5.872477266588899819e-02 -1.658497230389025662e-02 3.606380492225513129e-02 6.574750959153280450e-02
-7.621225940074485838e-02 -4.034985682873752644e-02 9.855666330676340903e-02 2.544400380031575093e-01 3.185177206416454632e-01 2.457471970667571282e-01 1.277067942262788414e-01 3.592116014614761543e-02 -3.974387350932869628e-02 -5.964854088146726019e-02 -5.210806025767612121e-02 1.364013379188645791e-02
-5.151292471500394654e-02 -8.549371886927129016e-02 -1.449459267947005719e-02 1.405535675697303089e-01 2.457471970667571282e-01 2.934090417292666841e-01 1.928976424139567381e-01 1.189506179584587375e-01 2.730107955706891423e-02 -5.191269145434034699e-02 -9.276097611473463345e-02 -4.213801280550352746e-02
1.799757219234128167e-03 -5.846272562142065116e-02 -5.324331147547380072e-02 3.675664683006245326e-02 1.277067942262788414e-01 1.928976424139567381e-01 1.984947817139020576e-01 2.057197648408938817e-01 1.346581474542400403e-01 1.761940914902826102e-02 -6.221306208998397119e-02 -5.836404348541562176e-02
5.319423364289619510e-02 -8.169985823821074994e-03 -5.590669618460610002e-02 -3.811792794003040358e-02 3.592116014614761543e-02 1.189506179584587375e-01 2.057197648408938817e-01 3.413925720665983432e-01 2.875881825981650430e-01 1.254222856551673870e-01 9.672890244913948457e-03 -4.990852011376170627e-02
5.788740851829974471e-02 4.558007694877098254e-02 -1.284636397367086222e-02 -5.872477266588899819e-02 -3.974387350932869628e-02 2.730107955706891423e-02 1.346581474542400403e-01 2.875881825981650430e-01 4.244159391520229141e-01 2.190885582011475319e-01 1.139495162363578923e-01 1.192037015974316619e-02
-1.471939079930003821e-02 5.590821911565072022e-02 5.047125252279949237e-02 -1.658497230389025662e-02 -5.964854088146726019e-02 -5.191269145434034699e-02 1.761940914902826102e-02 1.254222856551673870e-01 2.190885582011475319e-01 1.993142638435471126e-01 2.041937279540199379e-01 1.138144263279855517e-01
-1.290070414395544929e-01 3.105862048250580126e-02 9.505731086293443821e-02 3.606380492225513129e-02 -5.210806025767612121e-02 -9.276097611473463345e-02 -6.221306208998397119e-02 9.672890244913948457e-03 1.139495162363578923e-01 2.041937279540199379e-01 3.540655666542341651e-01 2.537457819864745723e-01
-2.574143139782777978e-01 -9.272482474232293659e-02 4.565321416893624445e-02 6.574750959153280450e-02 1.364013379188645791e-02 -4.213801280550352746e-02 -5.836404348541562176e-02 -4.990852011376170627e-02 1.192037015974316619e-02 1.138144263279855517e-01 2.537457819864745723e-01 3.182874007220045098e-01
3.112628249229936195e-01 2.477206778200394810e-01 1.142652613245627724e-01 -2.233260051370115906e-02 -7.331614887075350862e-02 -3.727270710260124215e-02 2.076004148796072729e-02 6.061578628026320636e-02 2.702593232844631085e-02 -5.323765884913295166e-02 -1.305234495467882394e-01 -2.463922570043425020e-01
2.477206778200394810e-01 4.173884989796691203e-01 2.824987318270870684e-01 1.007531041417062817e-01 -4.401764605179176587e-02 -7.741256609405613998e-02 -5.272921692746649486e-02 2.713796643503625910e-03 5.234825960957410762e-02 6.066957639634068533e-02 7.593446906466125475e-03 -9.518956405172032675e-02
1.142652613245627724e-01 2.824987318270870684e-01 3.668073929321593596e-01 2.274646845615423685e-01 8.556834378105623862e-02 -2.029953365306623458e-02 -6.275827076061689380e-02 -5.132084612582663019e-02 1.873299999157088114e-02 7.937755339483067163e-02 7.492270842964804389e-02 3.031980359926165353e-02
-2.233260051370115906e-02 1.007531041417062817e-01 2.274646845615423685e-01 3.196978695399272929e-01 2.733264440274873475e-01 1.320750150243850118e-01 1.625002754563899254e-02 -5.730177704792643184e-02 -4.606355716031183822e-02 6.765776966175588575e-03 4.767859009815188925e-02 6.991885245574110119e-02
-7.331614887075350862e-02 -4.401764605179176587e-02 8.556834378105623862e-02 2.733264440274873475e-01 4.561060556653941389e-01 2.576904849441448153e-01 1.182993005375039403e-01 1.550849274930172356e-03 -6.187909004958672826e-02 -6.751065011882011191e-02 -2.337016202375462315e-02 2.984404332754280603e-02
-3.727270710260124215e-02 -7.741256609405613998e-02 -2.029953365306623458e-02 1.320750150243850118e-01 2.576904849441448153e-01 2.469091534226104945e-01 1.841992685660448492e-01 1.108164424970902451e-01 7.587039806755209795e-03 -6.402885460150235797e-02 -6.108442824503133861e-02 -3.350747056701302434e-02
2.076004148796072729e-02 -5.272921692746649486e-02 -6.275827076061689380e-02 1.625002754563899254e-02 1.182993005375039403e-01 1.841992685660448492e-01 2.362268814001888817e-01 2.516998148862329976e-01 1.267570865213770437e-01 3.026998862210102830e-04 -5.636762232093512487e-02 -7.249868685712659855e-02
6.061578628026320636e-02 2.713796643503625910e-03 -5.132084612582663019e-02 -5.730177704792643184e-02 1.550849274930172356e-03 1.108164424970902451e-01 2.516998148862329976e-01 4.731032864748968558e-01 2.762592962630739946e-01 1.190515963643030695e-01 1.782207934701031697e-03 -6.166528510153726494e-02
2.702593232844631085e-02 5.234825960957410762e-02 1.873299999157088114e-02 -4.606355716031183822e-02 -6.187909004958672826e-02 7.587039806755209795e-03 1.267570865213770437e-01 2.762592962630739946e-01 2.951367030273979730e-01 2.147068678037475919e-01 1.060540938428230912e-01 4.034883642776290746e-02
-5.323765884913295166e-02 6.066957639634068533e-02 7.937755339483067163e-02 6.765776966175588575e-03 -6.751065011882011191e-02 -6.402885460150235797e-02 3.026998862210102830e-04 1.190515963643030695e-01 2.147068678037475919e-01 2.820151349955180020e-01 2.092265942075331175e-01 1.617313199660154188e-01
-1.305234495467882394e-01 7.593446906466125475e-03 7.492270842964804389e-02 4.767859009815188925e-02 -2.337016202375462315e-02 -6.108442824503133861e-02 -5.636762232093512487e-02 1.782207934701031697e-03 1.060540938428230912e-01 2.092265942075331175e-01 2.319912801593639884e-01 2.374395588216769992e-01
-2.463922570043425020e-01 -9.518956405172032675e-02 3.031980359926165353e-02 6.991885245574110119e-02 2.984404332754280603e-02 -3.350747056701302434e-02 -7.249868685712659855e-02 -6.166528510153726494e-02 4.034883642776290746e-02 1.617313199660154188e-01 2.374395588216769992e-01 3.633549184798803289e-01
3.710623424361205736e-01 2.643104608611019368e-01 1.100744459653396484e-01 -2.321509049005004294e-02 -7.433402208883811702e-02 -4.015215605457911341e-02 8.363688530496644208e-03 3.772536598545157827e-02 7.403145444168736378e-02 3.477726877393867710e-02 -8.626221552850524277e-02 -2.538493933477640185e-01
2.643104608611019368e-01 4.171820177402287833e-01 2.603447798672459679e-01 1.055227526887308337e-01 -8.741741273433294157e-03 -5.565402303803240053e-02 -6.973106992021445294e-02 -1.218959740780745094e-02 4.547537093417335086e-02 7.829507072690135294e-02 5.216302814719155079e-02 -7.436369466532165295e-02
1.100744459653396484e-01 2.603447798672459679e-01 3.101299112316667772e-01 2.274524424840809189e-01 1.294610832202628958e-01 1.291318204237169864e-02 -6.493767079385232011e-02 -4.277451391515761647e-02 -2.635307084167800781e-02 2.864531706336397726e-02 7.048699487431150934e-02 4.002193104133130314e-02
-2.321509049005004294e-02 1.055227526887308337e-01 2.274524424840809189e-01 3.051153323225541114e-01 2.652158301793459128e-01 1.154008479095252337e-01 9.999649049745512608e-03 -3.292982992014836102e-02 -6.988500009652727496e-02 -4.226449458736936809e-02 2.139864187963410463e-02 6.854645680248541706e-02
-7.433402208883811702e-02 -8.741741273433294157e-03 1.294610832202628958e-01 2.652158301793459128e-01 4.119337540373156914e-01 2.181159228959511087e-01 1.251679108494621606e-01 1.641280443386857607e-02 -5.445760201716619980e-02 -6.846237444491516666e-02 -3.121116454976008425e-02 3.967225240130183017e-02
-4.015215605457911341e-02 -5.565402303803240053e-02 1.291318204237169864e-02 1.154008479095252337e-01 2.181159228959511087e-01 1.954607663114137917e-01 2.159332972853386101e-01 8.550666490293552802e-02 3.743138302279166996e-02 -1.951827053189382835e-02 -4.475562760689361791e-02 -2.407139732061184742e-02
8.363688530496644208e-03 -6.973106992021445294e-02 -6.493767079385232011e-02 9.999649049745512608e-03 1.251679108494621606e-01 2.159332972853386101e-01 4.433112239718376979e-01 1.908404623244027154e-01 1.485076041375475997e-01 5.013661985532098797e-02 -3.901701949452256180e-02 -7.535561839353581426e-02
3.772536598545157827e-02 -1.218959740780745094e-02 -4.277451391515761647e-02 -3.292982992014836102e-02 1.641280443386857607e-02 8.550666490293552802e-02 1.908404623244027154e-01 1.351352203413812569e-01 1.774769720561282516e-01 1.041706158639237323e-01 2.857547483527423174e-02 -4.226898749387574677e-02
7.403145444168736378e-02 4.547537093417335086e-02 -2.635307084167800781e-02 -6.988500009652727496e-02 -5.445760201716619980e-02 3.743138302279166996e-02 1.485076041375475997e-01 1.774769720561282516e-01 3.456557645491930009e-01 2.404737553207148271e-01 1.352636628305760036e-01 -4.353641568687767124e-03
3.477726877393867710e-02 7.829507072690135294e-02 2.864531706336397726e-02 -4.226449458736936809e-02 -6.846237444491516666e-02 -1.951827053189382835e-02 5.013661985532098797e-02 1.041706158639237323e-01 2.404737553207148271e-01 2.764254683562367698e-01 2.372816449526071181e-01 1.098956813095950946e-01
-8.626221552850524277e-02 5.216302814719155079e-02 7.048699487431150934e-02 2.139864187963410463e-02 -3.121116454976008425e-02 -4.475562760689361791e-02 -3.901701949452256180e-02 2.857547483527423174e-02 1.352636628305760036e-01 2.372816449526071181e-01 3.512737096814959603e-01 2.690455334697934298e-01
-2.538493933477640185e-01 -7.436369466532165295e-02 4.002193104133130314e-02 6.854645680248541706e-02 3.967225240130183017e-02 -2.407139732061184742e-02 -7.535561839353581426e-02 -4.226898749387574677e-02 -4.353641568687767124e-03 1.098956813095950946e-01 2.690455334697934298e-01 4.373144890205616919e-01
3.092622552606555386e-01 2.711349342485335212e-01 1.403823086166977874e-01 6.957243028291964365e-03 -6.977109099012626658e-02 -6.079712623497900842e-02 4.794329812065918801e-03 4.569145895668251522e-02 4.132575822695788020e-02 3.726393578719520983e-02 -6.870197839512519333e-02 -2.255238090402909568e-01
2.711349342485335212e-01 3.850929785352629198e-01 2.336540402590627785e-01 9.305026498366490706e-02 1.481471654680007952e-03 -3.841779883263891221e-02 -3.192188527726615155e-02 4.397282202021571967e-04 3.670583779039220118e-02 8.363415598951401408e-02 1.382843616927033857e-02 -1.544476519632927980e-01
1.403823086166977874e-01 2.336540402590627785e-01 2.537720935926442989e-01 1.979932183204357599e-01 1.433649524522114804e-01 4.795455019605550373e-02 -4.874093323536052291e-02 -6.134596889036567080e-02 -5.899663833972697627e-03 5.068828041356476105e-02 4.002123828460713018e-02 -4.718503833892426225e-02
6.957243028291964365e-03 9.305026498366490706e-02 1.979932183204357599e-01 2.619350212426188040e-01 2.677013835190120705e-01 1.419145107112641802e-01 -1.813055701122501598e-02 -7.747042815879751076e-02 -4.085652305508177123e-02 -1.158257977260389142e-02 2.928762712652329195e-02 4.344360741856220787e-02
-6.977109099012626658e-02 1.481471654680007952e-03 1.433649524522114804e-01 2.677013835190120705e-01 4.392816875930307674e-01 2.479324811272568541e-01 6.418362786411765941e-02 -3.891648172044247234e-02 -4.633874929731416487e-02 -5.402715420036741795e-02 5.760562572084182431e-03 8.007124962938090562e-02
-6.079712623497900842e-02 -3.841779883263891221e-02 4.795455019605550373e-02 1.419145107112641802e-01 2.479324811272568541e-01 2.596500296480069303e-01 2.141892544199668069e-01 1.219966834689656388e-01 1.536318779532741714e-02 -4.652594432819558840e-02 -2.697492313262099192e-02 3.829596540911799768e-02
4.794329812065918801e-03 -3.192188527726615155e-02 -4.874093323536052291e-02 -1.813055701122501598e-02 6.418362786411765941e-02 2.141892544199668069e-01 4.070867711398071243e-01 3.113552408510145142e-01 1.077052210614592442e-01 9.946069335707049056e-03 -4.080652136952705317e-02 -4.201987046541904441e-02
4.569145895668251522e-02 4.397282202021571967e-04 -6.134596889036567080e-02 -7.747042815879751076e-02 -3.891648172044247234e-02 1.219966834689656388e-01 3.113552408510145142e-01 4.330194930561860334e-01 1.590520744417245058e-01 7.201050584390068787e-02 -8.754358264642599780e-03 -6.166510929208062625e-02
4.132575822695788020e-02 3.670583779039220118e-02 -5.899663833972697627e-03 -4.085652305508177123e-02 -4.633874929731416487e-02 1.536318779532741714e-02 1.077052210614592442e-01 1.590520744417245058e-01 1.012610951013225569e-01 1.526900865864403989e-01 9.211524425610725930e-02 1.219626484734721676e-04
3.726393578719520983e-02 8.363415598951401408e-02 5.068828041356476105e-02 -1.158257977260389142e-02 -5.402715420036741795e-02 -4.652594432819558840e-02 9.946069335707049056e-03 7.201050584390068787e-02 1.526900865864403989e-01 4.403617081961200830e-01 3.132416141716668490e-01 1.082504923304276889e-01
-6.870197839512519333e-02 1.382843616927033857e-02 4.002123828460713018e-02 2.928762712652329195e-02 5.760562572084182431e-03 -2.697492313262099192e-02 -4.080652136952705317e-02 -8.754358264642599780e-03 9.211524425610725930e-02 3.132416141716668490e-01 4.391653272522381690e-01 2.197829433119873888e-01
-2.255238090402909568e-01 -1.544476519632927980e-01 -4.718503833892426225e-02 4.344360741856220787e-02 8.007124962938090562e-02 3.829596540911799768e-02 -4.201987046541904441e-02 -6.166510929208062625e-02 1.219626484734721676e-04 1.082504923304276889e-01 2.197829433119873888e-01 2.701115393820977539e-01
2.465515353205471327e-01 1.729739953048387291e-01 1.252371003003892036e-01 2.244443366847357485e-02 -7.735576689290130092e-02 -5.237651272578082440e-02 4.752171625080049699e-02 7.129696469361548883e-02 1.025853005473106525e-02 -7.288000758347901176e-02 -1.432520860688108466e-01 -2.344183837189708353e-01
1.729739953048387291e-01 1.854141016392269470e-01 2.178519793502769197e-01 1.136167838059914115e-01 -5.049829572502419900e-02 -7.983997980534890404e-02 4.209955720139282008e-03 5.957898945395362356e-02 4.142100000325229375e-02 1.407505866812877073e-02 -4.792547983532900735e-02 -1.214577682853035523e-01
1.252371003003892036e-01 2.178519793502769197e-01 4.171936770072383061e-01 2.824733253363497232e-01 4.052111557635346833e-02 -8.127985275899643480e-02 -5.135772847630357824e-02 2.372882193473662901e-02 5.187798340101366229e-02 7.521842609021919812e-02 2.831529979822886359e-02 -3.854618285745847750e-02
2.244443366847357485e-02 1.136167838059914115e-01 2.824733253363497232e-01 4.429276816952707474e-01 2.495801177239395097e-01 5.931499145642851745e-02 -5.436501094286427804e-02 -5.588423881939359739e-02 -3.617441901952347331e-03 4.194777118389124426e-02 4.674652334550819660e-02 3.558708560426866729e-02
-7.735576689290130092e-02 -5.049829572502419900e-02 4.052111557635346833e-02 2.495801177239395097e-01 4.634033761955374531e-01 2.768474582093323200e-01 6.437107259911804824e-02 -6.298531634850210170e-02 -6.558898306144927970e-02 -6.229964133619813466e-02 -5.601840595014925643e-03 4.857401108633989384e-02
-5.237651272578082440e-02 -7.983997980534890404e-02 -8.127985275899643480e-02 5.931499145642851745e-02 2.768474582093323200e-01 3.910999459618841323e-01 2.362269246363096209e-01 8.022880532361736927e-02 -2.170957071246289519e-02 -7.620364363221766857e-02 -4.941588920966975135e-02 -7.736015444634511233e-03
4.752171625080049699e-02 4.209955720139282008e-03 -5.135772847630357824e-02 -5.436501094286427804e-02 6.437107259911804824e-02 2.362269246363096209e-01 4.025085258209614159e-01 2.909974431126382544e-01 1.134353605085558908e-01 2.959231730492433918e-02 -2.882038330904012485e-02 -5.850371688296828604e-02
7.129696469361548883e-02 5.957898945395362356e-02 2.372882193473662901e-02 -5.588423881939359739e-02 -6.298531634850210170e-02 8.022880532361736927e-02 2.909974431126382544e-01 4.250592063246622088e-01 1.970776814927897302e-01 1.282875682011268559e-01 3.540671824420526387e-02 -3.217880686677528079e-02
1.025853005473106525e-02 4.142100000325229375e-02 5.187798340101366229e-02 -3.617441901952347331e-03 -6.558898306144927970e-02 -2.170957071246289519e-02 1.134353605085558908e-01 1.970776814927897302e-01 1.468665567113450754e-01 1.704480754510889207e-01 9.942621746413195238e-02 4.929349052899584943e-02
-7.288000758347901176e-02 1.407505866812877073e-02 7.521842609021919812e-02 4.194777118389124426e-02 -6.229964133619813466e-02 -7.620364363221766857e-02 2.959231730492433918e-02 1.282875682011268559e-01 1.704480754510889207e-01 3.098953116697893972e-01 2.224721094821061618e-01 1.682004109012668613e-01
-1.432520860688108466e-01 -4.792547983532900735e-02 2.831529979822886359e-02 4.674652334550819660e-02 -5.601840595014925643e-03 -4.941588920966975135e-02 -2.882038330904012485e-02 3.540671824420526387e-02 9.942621746413195238e-02 2.224721094821061618e-01 2.340244202599948975e-01 2.325911183908731805e-01
-2.344183837189708353e-01 -1.214577682853035523e-01 -3.854618285745847750e-02 3.558708560426866729e-02 4.857401108633989384e-02 -7.736015444634511233e-03 -5.850371688296828604e-02 -3.217880686677528079e-02 4.929349052899584943e-02 1.682004109012668613e-01 2.325911183908731805e-01 3.350556613935593564e-01
2.102212385509161230e-01 2.314274013282566211e-01 1.218979752066045030e-01 6.730605250544301199e-02 -7.893888301397762597e-03 -4.565869496083985180e-02 -1.182491615933500134e-02 3.981972831432850635e-02 4.755980454567047822e-02 -3.778869501854568991e-02 -1.282694301078548815e-01 -1.927433470686895911e-01
2.314274013282566211e-01 3.967515959045877505e-01 2.147382674042384032e-01 1.522846373750500193e-01 5.445873037416608387e-02 -6.155213924985682150e-02 -7.761754948386470621e-02 -6.312198411568673007e-03 6.314845338147531684e-02 3.531605345219419878e-02 -4.616321907316871254e-02 -1.420687822360498787e-01
1.218979752066045030e-01 2.147382674042384032e-01 1.685929257218312938e-01 1.645045250383122548e-01 1.073876299744742774e-01 -1.001529409064199141e-02 -7.466238478681999635e-02 -4.270306166627933775e-02 2.508771413550191579e-02 5.083250475484301506e-02 2.338310047089970159e-02 -4.842538402072257137e-02
6.730605250544301199e-02 1.522846373750500193e-01 1.645045250383122548e-01 2.287702058389353976e-01 2.288503059690783492e-01 8.727263827247036532e-02 -5.696996458581020384e-02 -7.544080483625911770e-02 -1.422769847505839236e-02 5.905046536729931933e-02 7.249669246829842928e-02 1.345300755902394119e-02
-7.893888301397762597e-03 5.445873037416608387e-02 1.073876299744742774e-01 2.288503059690783492e-01 4.289129707214642817e-01 2.865579854649896729e-01 6.628165493305601674e-02 -5.624278387791022127e-02 -6.261160172679973435e-02 1.886234573798528658e-02 7.114722573388691795e-02 5.723844959401447330e-02
-4.565869496083985180e-02 -6.155213924985682150e-02 -1.001529409064199141e-02 8.727263827247036532e-02 2.865579854649896729e-01 4.772516896886058735e-01 2.546948919325137672e-01 8.369429959970781097e-02 -3.390263832791638038e-02 -5.614078864473363850e-02 -2.677871407819181274e-02 1.542974528695154751e-02
-1.182491615933500134e-02 -7.761754948386470621e-02 -7.466238478681999635e-02 -5.696996458581020384e-02 6.628165493305601674e-02 2.546948919325137672e-01 3.275482081370788556e-01 2.281121771571219536e-01 9.646284291725915061e-02 -5.122614577712010508e-02 -9.934971159646716066e-02 -6.052283442648483808e-02
3.981972831432850635e-02 -6.312198411568673007e-03 -4.270306166627933775e-02 -7.544080483625911770e-02 -5.624278387791022127e-02 8.369429959970781097e-02 2.281121771571219536e-01 3.257461603545687701e-01 2.794723129935952066e-01 7.844424467070965079e-02 -5.648836804378642995e-02 -7.577852313387234418e-02
4.755980454567047822e-02 6.314845338147531684e-02 2.508771413550191579e-02 -1.422769847505839236e-02 -6.261160172679973435e-02 -3.390263832791638038e-02 9.646284291725915061e-02 2.794723129935952066e-01 5.160403667460718991e-01 2.615810492777080887e-01 9.006327292229437953e-02 -7.397099017306941332e-03
-3.778869501854568991e-02 3.531605345219419878e-02 5.083250475484301506e-02 5.905046536729931933e-02 1.886234573798528658e-02 -5.614078864473363850e-02 -5.122614577712010508e-02 7.844424467070965079e-02 2.615810492777080887e-01 3.128539482949651007e-01 2.393444654724490861e-01 1.353346701853566092e-01
-1.282694301078548815e-01 -4.616321907316871254e-02 2.338310047089970159e-02 7.249669246829842928e-02 7.114722573388691795e-02 -2.677871407819181274e-02 -9.934971159646716066e-02 -5.648836804378642995e-02 9.006327292229437953e-02 2.393444654724490861e-01 3.355030067834265384e-01 2.431940750493594705e-01
-1.927433470686895911e-01 -1.420687822360498787e-01 -4.842538402072257137e-02 1.345300755902394119e-02 5.723844959401447330e-02 1.542974528695154751e-02 -6.052283442648483808e-02 -7.577852313387234418e-02 -7.397099017306941332e-03 1.353346701853566092e-01 2.431940750493594705e-01 2.718076832575447299e-01
3.676241487474439795e-01 2.647058882223042309e-01 7.841158016560974275e-02 -5.048457065610387207e-02 -5.908032979023151304e-02 -1.944442407753437310e-02 2.381520688093498664e-02 3.876986062402712485e-02 6.408024376400346667e-03 -4.476183801130962508e-02 -9.761385713901388206e-02 -2.836017136671208916e-01
2.647058882223042309e-01 3.116221768251868918e-01 2.080223649408288467e-01 9.191862682675994156e-02 -1.398390875756465486e-02 -5.979712175154476561e-02 -2.914977136027954371e-02 3.707480575041227633e-02 4.696048346612838320e-02 2.214306819049641911e-02 -4.457729745915227360e-02 -1.819360713929218942e-01
7.841158016560974275e-02 2.080223649408288467e-01 3.506345962986797682e-01 3.044529499292428776e-01 1.097704422165559079e-01 -3.834780374360555882e-02 -6.457666824499344593e-02 -8.087135897711726640e-03 3.949191141749145567e-02 5.840391772413532079e-02 2.601696209420726116e-02 2.383367304229150937e-03
-5.048457065610387207e-02 9.191862682675994156e-02 3.044529499292428776e-01 5.063369105147113025e-01 2.274245104678537521e-01 6.340143831341879532e-02 -2.592907707505949511e-02 -4.694838588030751658e-02 -1.204712415988349120e-02 2.449652483763868627e-02 4.263657646809743823e-02 9.603587013564623964e-02
-5.908032979023151304e-02 -1.398390875756465486e-02 1.097704422165559079e-01 2.274245104678537521e-01 2.235618517947110528e-01 2.179105441918990083e-01 1.185272200920203522e-01 -2.220048154970884896e-02 -6.655286672968865891e-02 -6.382906732656665194e-02 -5.321270087274760675e-03 4.997973679316580764e-02
-1.944442407753437310e-02 -5.979712175154476561e-02 -3.834780374360555882e-02 6.340143831341879532e-02 2.179105441918990083e-01 4.178498714888156940e-01 2.897348373235296703e-01 7.016867750647801105e-02 -6.435173545431326081e-02 -1.084414571644473357e-01 -4.905448950344656889e-02 -2.826715208109589761e-02
2.381520688093498664e-02 -2.914977136027954371e-02 -6.457666824499344593e-02 -2.592907707505949511e-02 1.185272200920203522e-01 2.897348373235296703e-01 4.174798316992193170e-01 2.376841026239653321e-01 6.819059857388212742e-02 -2.249060207706248676e-02 -3.040953307915784942e-02 -5.147091610371463261e-02
3.876986062402712485e-02 3.707480575041227633e-02 -8.087135897711726640e-03 -4.694838588030751658e-02 -2.220048154970884896e-02 7.016867750647801105e-02 2.376841026239653321e-01 4.160274365939588548e-01 2.644321577559214376e-01 1.741325238587243529e-01 4.772550808244181014e-02 -8.961683214600075359e-03
6.408024376400346667e-03 4.696048346612838320e-02 3.949191141749145567e-02 -1.204712415988349120e-02 -6.655286672968865891e-02 -6.435173545431326081e-02 6.819059857388212742e-02 2.644321577559214376e-01 3.011731820743415167e-01 2.509317770759328381e-01 8.939472528755353087e-02 4.691913937662745004e-02
-4.476183801130962508e-02 2.214306819049641911e-02 5.840391772413532079e-02 2.449652483763868627e-02 -6.382906732656665194e-02 -1.084414571644473357e-01 -2.249060207706248676e-02 1.741325238587243529e-01 2.509317770759328381e-01 2.825673529170178444e-01 1.158370505556273466e-01 1.023206263415151057e-01
-9.761385713901388206e-02 -4.457729745915227360e-02 2.601696209420726116e-02 4.263657646809743823e-02 -5.321270087274760675e-03 -4.905448950344656889e-02 -3.040953307915784942e-02 4.772550808244181014e-02 8.939472528755353087e-02 1.158370505556273466e-01 7.436416905828410751e-02 1.278520397536015429e-01
