1.633669394538633524e-01 2.208411783688978280e-01 1.169348937093131896e-01 6.488457195488981331e-03 -5.404426862840421009e-02 -3.514684936676862326e-02 -2.930243182962400869e-02 3.996810441460649233e-02 1.805752169058585932e-01 1.778030407468447205e-01
2.208411783688978280e-01 4.976853483176335580e-01 3.927664224327010456e-01 1.291659214546631851e-01 4.734314294950679736e-02 -1.723812955223860688e-02 -7.973486672753647697e-02 -1.340911659597845279e-02 4.156835077000807510e-02 1.046919659913753825e-01
1.169348937093131896e-01 3.927664224327010456e-01 3.839751621922090075e-01 1.635746439591324597e-01 1.339867849244211762e-01 3.767204477707886134e-02 -1.605921116800041251e-02 -3.701107274384002332e-02 -1.051112911061312105e-01 -3.305814680785666704e-02
6.488457195488981331e-03 1.291659214546631851e-01 1.635746439591324597e-01 9.560790893181402017e-02 1.229035610729978384e-01 6.735597988916104673e-02 7.678766946507331603e-02 -9.433254317680418721e-03 -9.796994593149523090e-02 -7.019677944242111445e-02
-5.404426862840421009e-02 4.734314294950679736e-02 1.339867849244211762e-01 1.229035610729978384e-01 2.212185602030565246e-01 1.588052407149059264e-01 2.497937059579554697e-01 2.446035068607634727e-02 -1.324812299500273682e-01 -1.254211550789640361e-01
-3.514684936676862326e-02 -1.723812955223860688e-02 3.767204477707886134e-02 6.735597988916104673e-02 1.588052407149059264e-01 1.479618476394402027e-01 2.890764838009635129e-01 6.690542189145706753e-02 -1.415192851314334838e-02 -4.146360078636558699e-02
-2.930243182962400869e-02 -7.973486672753647697e-02 -1.605921116800041251e-02 7.678766946507331603e-02 2.497937059579554697e-01 2.890764838009635129e-01 6.499669045000544543e-01 1.939092982568841328e-01 1.310912985675824205e-01 3.404656179844673530e-02
3.996810441460649233e-02 -1.340911659597845279e-02 -3.701107274384002332e-02 -9.433254317680418721e-03 2.446035068607634727e-02 6.690542189145706753e-02 1.939092982568841328e-01 8.969488388651725153e-02 1.552704518182270177e-01 1.027865927246103817e-01
1.805752169058585932e-01 4.156835077000807510e-02 -1.051112911061312105e-01 -9.796994593149523090e-02 -1.324812299500273682e-01 -1.415192851314334838e-02 1.310912985675824205e-01 1.552704518182270177e-01 4.569735717296786182e-01 3.496685964907402244e-01
1.778030407468447205e-01 1.046919659913753825e-01 -3.305814680785666704e-02 -7.019677944242111445e-02 -1.254211550789640361e-01 -4.146360078636558699e-02 3.404656179844673530e-02 1.027865927246103817e-01 3.496685964907402244e-01 2.935488731457313039e-01
4.869725049707201436e-01 2.072072767734948195e-01 8.203525917392126554e-02 4.646423354300231734e-02 -8.564442176866866874e-03 -5.138751436621451230e-02 -1.364832570006796475e-02 2.601126269566922042e-02 1.293170648588662930e-01 4.106597721805334555e-01
2.072072767734948195e-01 1.447377724084765727e-01 1.321027402589140809e-01 1.838470415210951558e-01 4.458016351131957600e-02 -9.013977637459809344e-02 -4.932920204278755383e-02 -1.538141261795428552e-02 1.860623164420867684e-02 1.155681662699429291e-01
8.203525917392126554e-02 1.321027402589140809e-01 1.880395683051098721e-01 3.146632016686248257e-01 1.130331219208457194e-01 -7.847323168887287981e-02 -5.949648122555774299e-02 -3.565339018877643207e-02 -3.872263054428298767e-02 -3.251299511556039745e-02
4.646423354300231734e-02 1.838470415210951558e-01 3.146632016686248257e-01 5.836736982825003750e-01 2.699455496499951757e-01 -1.921875608622412857e-03 -5.254871963257105871e-02 -5.038503584204649666e-02 -8.191539466567343553e-02 -1.259234437684736418e-01
-8.564442176866866874e-03 4.458016351131957600e-02 1.130331219208457194e-01 2.699455496499951757e-01 2.567564777201881698e-01 2.981315323405425155e-01 9.723789308637781348e-02 2.074549200349961806e-02 -9.720942762281173724e-03 -3.759948900960842499e-02
-5.138751436621451230e-02 -9.013977637459809344e-02 -7.847323168887287981e-02 -1.921875608622412857e-03 2.981315323405425155e-01 6.988609595278361120e-01 2.830584505372840676e-01 1.044019312877803585e-01 7.269131172602198709e-02 6.808282079917364615e-02
-1.364832570006796475e-02 -4.932920204278755383e-02 -5.949648122555774299e-02 -5.254871963257105871e-02 9.723789308637781348e-02 2.830584505372840676e-01 1.210359161745179213e-01 4.843439448585594442e-02 4.098474856184829151e-02 5.035257370224106854e-02
2.601126269566922042e-02 -1.538141261795428552e-02 -3.565339018877643207e-02 -5.038503584204649666e-02 2.074549200349961806e-02 1.044019312877803585e-01 4.843439448585594442e-02 2.347547621921536667e-02 3.004133960927242442e-02 5.670956920874965779e-02
1.293170648588662930e-01 1.860623164420867684e-02 -3.872263054428298767e-02 -8.191539466567343553e-02 -9.720942762281173724e-03 7.269131172602198709e-02 4.098474856184829151e-02 3.004133960927242442e-02 6.323994433760810052e-02 1.569606731730753268e-01
4.106597721805334555e-01 1.155681662699429291e-01 -3.251299511556039745e-02 -1.259234437684736418e-01 -3.759948900960842499e-02 6.808282079917364615e-02 5.035257370224106854e-02 5.670956920874965779e-02 1.569606731730753268e-01 4.332076820538312001e-01
5.037860905386147836e-01 2.990193767389015544e-01 1.916336956706422290e-01 7.899767780575187026e-02 1.774398869046397639e-02 -6.479354860711568354e-02 -8.173185616722281055e-02 -6.186126841818537919e-02 1.093353544581250336e-01 2.895246700103565329e-01
2.990193767389015544e-01 1.911101720675819349e-01 1.338724060590936737e-01 7.086917919917926079e-02 5.744418136466457325e-02 -1.379304180528029625e-02 -6.111879705493332426e-02 -8.767064824110454291e-02 1.758727783061646635e-02 1.541771803714167277e-01
1.916336956706422290e-01 1.338724060590936737e-01 1.093396167845580025e-01 8.155010354578219600e-02 1.189351871694432905e-01 4.923838973479147119e-02 -3.216493504174129658e-02 -9.065027175158091310e-02 -2.825481902358601555e-02 8.176003443939010296e-02
7.899767780575187026e-02 7.086917919917926079e-02 8.155010354578219600e-02 9.805081143495897322e-02 2.056623940235268733e-01 1.415110337219177561e-01 2.283344763321656576e-02 -5.879516699938656943e-02 -5.068028114877525664e-02 1.401289486193019705e-02
1.774398869046397639e-02 5.744418136466457325e-02 1.189351871694432905e-01 2.056623940235268733e-01 5.038422509019849782e-01 3.918355885627605728e-01 1.289320494001043871e-01 -3.702827148423522285e-02 -9.256158635131277179e-02 -4.180972001364815366e-02
-6.479354860711568354e-02 -1.379304180528029625e-02 4.923838973479147119e-02 1.415110337219177561e-01 3.918355885627605728e-01 3.589685584908584026e-01 1.770078694216554172e-01 9.573249837375488736e-02 3.259440955094004486e-03 -4.363956586328653076e-02
-8.173185616722281055e-02 -6.111879705493332426e-02 -3.216493504174129658e-02 2.283344763321656576e-02 1.289320494001043871e-01 1.770078694216554172e-01 1.703315270647095536e-01 2.370816943075689798e-01 1.499885739294999631e-01 1.210695586873756190e-02
-6.186126841818537919e-02 -8.767064824110454291e-02 -9.065027175158091310e-02 -5.879516699938656943e-02 -3.702827148423522285e-02 9.573249837375488736e-02 2.370816943075689798e-01 4.780040095225188690e-01 3.735447033522115157e-01 1.125533693486409498e-01
1.093353544581250336e-01 1.758727783061646635e-02 -2.825481902358601555e-02 -5.068028114877525664e-02 -9.256158635131277179e-02 3.259440955094004486e-03 1.499885739294999631e-01 3.735447033522115157e-01 3.647484955848739885e-01 1.961866228451265570e-01
2.895246700103565329e-01 1.541771803714167277e-01 8.176003443939010296e-02 1.401289486193019705e-02 -4.180972001364815366e-02 -4.363956586328653076e-02 1.210695586873756190e-02 1.125533693486409498e-01 1.961866228451265570e-01 2.218184676093411800e-01
1.078604765494841911e-01 8.361959752766189025e-02 1.031118324769830508e-01 8.040824439078871066e-02 8.956039975170578676e-03 -5.614999118297336195e-02 -8.341326635633189435e-02 -1.598317032501497814e-02 1.295141444101787775e-01 2.078857359574731722e-01
8.361959752766189025e-02 1.097219594446286473e-01 1.842682208518538478e-01 1.793091667854244120e-01 7.115620064931046929e-02 4.932379424666983626e-03 -5.372429225553381621e-02 -5.349968432623028458e-02 2.581141001273678723e-02 1.047852566247751138e-01
1.031118324769830508e-01 1.842682208518538478e-01 3.460579014403888376e-01 3.558178020335045488e-01 1.660649639147936674e-01 7.663403614697242294e-02 -2.920016882112557235e-02 -8.660921972638147004e-02 -3.535517051503445779e-02 7.215930114215572677e-02
8.040824439078871066e-02 1.793091667854244120e-01 3.558178020335045488e-01 3.929236165374078160e-01 1.996199395180668357e-01 1.324319438462304432e-01 3.187224113519160351e-02 -5.764505506256435707e-02 -6.265267929882213649e-02 1.797336101688791488e-02
8.956039975170578676e-03 7.115620064931046929e-02 1.660649639147936674e-01 1.996199395180668357e-01 1.265216380179358113e-01 1.368666100119972917e-01 1.100694382577531577e-01 3.683058143011982977e-02 -3.866022629411460659e-02 -4.732799809645232836e-02
-5.614999118297336195e-02 4.932379424666983626e-03 7.663403614697242294e-02 1.324319438462304432e-01 1.368666100119972917e-01 2.445112064552087128e-01 2.861783114375029413e-01 1.862358268684314311e-01 -1.464704352320255441e-02 -1.317653318757083802e-01
-8.341326635633189435e-02 -5.372429225553381621e-02 -2.920016882112557235e-02 3.187224113519160351e-02 1.100694382577531577e-01 2.861783114375029413e-01 4.064348721439679513e-01 3.289401653606607301e-01 7.943571079859354511e-02 -1.200874019918703739e-01
-1.598317032501497814e-02 -5.349968432623028458e-02 -8.660921972638147004e-02 -5.764505506256435707e-02 3.683058143011982977e-02 1.862358268684314311e-01 3.289401653606607301e-01 3.689297770344251437e-01 2.504792786592275888e-01 7.484265987174726353e-02
1.295141444101787775e-01 2.581141001273678723e-02 -3.535517051503445779e-02 -6.265267929882213649e-02 -3.866022629411460659e-02 -1.464704352320255441e-02 7.943571079859354511e-02 2.504792786592275888e-01 4.118815232184407371e-01 3.764365985625322542e-01
2.078857359574731722e-01 1.047852566247751138e-01 7.215930114215572677e-02 1.797336101688791488e-02 -4.732799809645232836e-02 -1.317653318757083802e-01 -1.200874019918703739e-01 7.484265987174726353e-02 3.764365985625322542e-01 4.851570291581117633e-01
9.020185870574239095e-02 1.892354701962517816e-01 1.357547004131393620e-01 4.550572668791443010e-02 -2.596768017293489550e-02 -7.463024696340150865e-02 -2.640225685347807189e-02 8.100891661493821172e-02 8.122669664961515434e-02 6.395317001277389668e-02
1.892354701962517816e-01 4.448590016545858616e-01 3.603641571665714416e-01 1.861387616461714911e-01 2.133702550651989452e-02 -8.222187772549241491e-02 -6.625022296838595226e-02 7.195778947332323594e-02 1.000584853595630763e-01 1.048185530101873875e-01
1.357547004131393620e-01 3.603641571665714416e-01 3.469542523041738713e-01 2.363840921570314335e-01 1.021154519817813189e-01 3.464544652892916077e-02 -3.225134842366221555e-02 -3.107102197770788415e-02 6.854721288684980686e-03 4.746168207763742236e-02
4.550572668791443010e-02 1.861387616461714911e-01 2.363840921570314335e-01 2.303676706678330910e-01 1.673465256747854180e-01 1.648169728303445769e-01 3.517771437759419778e-02 -1.186972389624820490e-01 -8.972766058010595014e-02 -2.479457061792029321e-02
-2.596768017293489550e-02 2.133702550651989452e-02 1.021154519817813189e-01 1.673465256747854180e-01 1.783940051049746067e-01 2.418288195556753395e-01 1.237701672882694920e-01 -1.110168245002930709e-01 -1.176806120933109878e-01 -6.297346681292187442e-02
-7.463024696340150865e-02 -8.222187772549241491e-02 3.464544652892916077e-02 1.648169728303445769e-01 2.418288195556753395e-01 4.150617792072306411e-01 3.353643277208917528e-01 -3.326595417957731171e-02 -1.214291568392536491e-01 -8.875609941641098011e-02
-2.640225685347807189e-02 -6.625022296838595226e-02 -3.225134842366221555e-02 3.517771437759419778e-02 1.237701672882694920e-01 3.353643277208917528e-01 5.262360765924819495e-01 3.139936938987262782e-01 9.380213197556613869e-02 9.006086795535033634e-03
8.100891661493821172e-02 7.195778947332323594e-02 -3.107102197770788415e-02 -1.186972389624820490e-01 -1.110168245002930709e-01 -3.326595417957731171e-02 3.139936938987262782e-01 4.956724768866642705e-01 2.930010296569661721e-01 1.350494022854777099e-01
8.122669664961515434e-02 1.000584853595630763e-01 6.854721288684980686e-03 -8.972766058010595014e-02 -1.176806120933109878e-01 -1.214291568392536491e-01 9.380213197556613869e-02 2.930010296569661721e-01 2.066693886699856875e-01 1.083953330469123871e-01
6.395317001277389668e-02 1.048185530101873875e-01 4.746168207763742236e-02 -2.479457061792029321e-02 -6.297346681292187442e-02 -8.875609941641098011e-02 9.006086795535033634e-03 1.350494022854777099e-01 1.083953330469123871e-01 6.558349020632901760e-02
1.722956593767304145e-01 1.011086863749940529e-01 1.385768672841984905e-01 -6.108849912606280873e-03 -1.178987393817746143e-01 -7.865603617838723416e-02 -5.264202344403368095e-02 5.439518446199145124e-02 1.038130698985547801e-01 2.618070211686148729e-01
1.011086863749940529e-01 9.903555938667416014e-02 2.237582625048212537e-01 8.394581605962417314e-02 1.516011449098159103e-03 -2.392516353167259413e-02 -3.869972927519269024e-02 -3.278660551479357921e-03 4.084240855730114639e-02 1.255065070574639119e-01
1.385768672841984905e-01 2.237582625048212537e-01 6.320801276947589642e-01 3.173971872921107495e-01 1.757178246302462665e-01 2.962824535945103241e-02 -4.954197994343769590e-02 -6.151773921365043252e-02 1.730280888531272182e-02 1.139978329310486621e-01
-6.108849912606280873e-03 8.394581605962417314e-02 3.173971872921107495e-01 2.166043949533724977e-01 2.057022492295356164e-01 8.576549483975634547e-02 3.768445844494393293e-02 -2.610662845863604906e-02 -3.353061036352517760e-02 -6.269501588874852593e-02
-1.178987393817746143e-01 1.516011449098159103e-03 1.757178246302462665e-01 2.057022492295356164e-01 3.031780272277451171e-01 1.678626193522707033e-01 1.442932579805190074e-01 2.745090539807343299e-02 -7.184805580618000564e-02 -2.104043937683767462e-01
-7.865603617838723416e-02 -2.392516353167259413e-02 2.962824535945103241e-02 8.576549483975634547e-02 1.678626193522707033e-01 1.231908355219446666e-01 1.702356656005732938e-01 1.261415625069037261e-01 -1.089104401130749737e-02 -1.178190562261855756e-01
-5.264202344403368095e-02 -3.869972927519269024e-02 -4.954197994343769590e-02 3.768445844494393293e-02 1.442932579805190074e-01 1.702356656005732938e-01 3.603806492965180297e-01 3.933059537601106270e-01 8.606433764328398628e-02 -4.117568621329319861e-02
5.439518446199145124e-02 -3.278660551479357921e-03 -6.151773921365043252e-02 -2.610662845863604906e-02 2.745090539807343299e-02 1.261415625069037261e-01 3.933059537601106270e-01 5.500010483677044704e-01 1.914448775401170755e-01 1.454852312631490230e-01
1.038130698985547801e-01 4.084240855730114639e-02 1.730280888531272182e-02 -3.353061036352517760e-02 -7.184805580618000564e-02 -1.089104401130749737e-02 8.606433764328398628e-02 1.914448775401170755e-01 1.131730196209441014e-01 1.843320946169256791e-01
2.618070211686148729e-01 1.255065070574639119e-01 1.139978329310486621e-01 -6.269501588874852593e-02 -2.104043937683767462e-01 -1.178190562261855756e-01 -4.117568621329319861e-02 1.454852312631490230e-01 1.843320946169256791e-01 4.300606785536070231e-01
3.251042613034298978e-01 3.521741619973758342e-01 1.277669277090092981e-01 -1.202316489141588424e-01 -8.028816801099250555e-02 -5.618440405888984468e-02 -6.377023571999673734e-02 -3.080752941118420837e-02 9.328969293365958759e-02 1.870003272105076608e-01
3.521741619973758342e-01 4.509679917956737061e-01 2.554453272770833561e-01 1.263534381661643446e-02 -4.173357425141419053e-02 -5.511363699209151368e-02 -9.397975456846952014e-02 -1.006869075376901346e-01 1.136332005296317865e-02 1.637321914025978709e-01
1.277669277090092981e-01 2.554453272770833561e-01 3.322728527467144755e-01 3.464083661460401475e-01 1.061108685502149540e-01 2.302320063961131591e-02 -1.340264874089579054e-02 -4.038110334736973867e-02 -3.093444399829036948e-02 3.180808209110815021e-02
-1.202316489141588424e-01 1.263534381661643446e-02 3.464083661460401475e-01 6.387931576518559584e-01 2.425059666232222133e-01 1.043255829045278416e-01 8.659325256642851076e-02 5.928225156878433322e-02 -3.230032051873023280e-02 -9.375190253562204479e-02
-8.028816801099250555e-02 -4.173357425141419053e-02 1.061108685502149540e-01 2.425059666232222133e-01 9.888585705119606883e-02 4.898893774512817767e-02 5.194650160364043534e-02 5.103781177343873904e-02 7.201391190169781527e-03 -4.443462813183157722e-02
-5.618440405888984468e-02 -5.511363699209151368e-02 2.302320063961131591e-02 1.043255829045278416e-01 4.898893774512817767e-02 3.309670380324260947e-02 5.196908497053803061e-02 7.477087443240595932e-02 5.479299193780938493e-02 -1.007011720378405382e-02
-6.377023571999673734e-02 -9.397975456846952014e-02 -1.340264874089579054e-02 8.659325256642851076e-02 5.194650160364043534e-02 5.196908497053803061e-02 1.089689367739610365e-01 1.873299710485066272e-01 1.799711235388232744e-01 3.321289930050823347e-02
-3.080752941118420837e-02 -1.006869075376901346e-01 -4.038110334736973867e-02 5.928225156878433322e-02 5.103781177343873904e-02 7.477087443240595932e-02 1.873299710485066272e-01 3.562509611958830646e-01 3.832476025189009428e-01 1.240611621771215839e-01
9.328969293365958759e-02 1.136332005296317865e-02 -3.093444399829036948e-02 -3.230032051873023280e-02 7.201391190169781527e-03 5.479299193780938493e-02 1.799711235388232744e-01 3.832476025189009428e-01 4.850394385461319069e-01 2.203803173998395426e-01
1.870003272105076608e-01 1.637321914025978709e-01 3.180808209110815021e-02 -9.375190253562204479e-02 -4.443462813183157722e-02 -1.007011720378405382e-02 3.321289930050823347e-02 1.240611621771215839e-01 2.203803173998395426e-01 1.706198391319137531e-01
6.605489148694723700e-02 1.755265740251596429e-01 1.031684794582844733e-01 -1.563503419065719741e-02 -9.958763393320133051e-02 -9.396919255521761841e-03 7.207730079665623790e-02 4.621809566999955654e-02 2.451445080145905203e-02 2.554949141286665462e-02
1.755265740251596429e-01 5.202973287404885072e-01 4.025721527179426662e-01 2.628459448581169783e-02 -1.708851966023658964e-01 -3.435058111299774120e-02 8.333876669337059173e-02 6.091776181412617008e-02 3.877902651001714773e-02 5.627826016387620089e-02
1.031684794582844733e-01 4.025721527179426662e-01 5.206569474920574869e-01 1.745600802871111745e-01 1.484138205813478883e-01 4.668106007711681979e-03 -1.014053385599517354e-01 -5.815068534790622523e-02 -1.959132476985912807e-02 1.315162024631805551e-02
-1.563503419065719741e-02 2.628459448581169783e-02 1.745600802871111745e-01 1.375154043279651628e-01 2.745045226243731928e-01 7.101292559703645257e-02 -4.797465237658004450e-02 -4.350104500164154314e-02 -2.418171118226645697e-02 -1.677136825420674424e-02
-9.958763393320133051e-02 -1.708851966023658964e-01 1.484138205813478883e-01 2.745045226243731928e-01 7.086707491204293774e-01 2.416038267788943039e-01 3.229653856518242827e-02 -3.393533908056039355e-02 -3.528448046367067825e-02 -4.577362643488845639e-02
-9.396919255521761841e-03 -3.435058111299774120e-02 4.668106007711681979e-03 7.101292559703645257e-02 2.416038267788943039e-01 1.664710217959171623e-01 2.444524892928165993e-01 1.074722318385736008e-01 3.569152420408212845e-02 8.078412893473031764e-03
7.207730079665623790e-02 8.333876669337059173e-02 -1.014053385599517354e-01 -4.797465237658004450e-02 3.229653856518242827e-02 2.444524892928165993e-01 6.627197270102832549e-01 3.329473759323644533e-01 1.328462326551890227e-01 6.638309928383571978e-02
4.621809566999955654e-02 6.091776181412617008e-02 -5.815068534790622523e-02 -4.350104500164154314e-02 -3.393533908056039355e-02 1.074722318385736008e-01 3.329473759323644533e-01 1.743507479938675719e-01 7.141169525506090021e-02 3.811606954692314114e-02
2.451445080145905203e-02 3.877902651001714773e-02 -1.959132476985912807e-02 -2.418171118226645697e-02 -3.528448046367067825e-02 3.569152420408212845e-02 1.328462326551890227e-01 7.141169525506090021e-02 3.017291880554297256e-02 1.753857754282935402e-02
2.554949141286665462e-02 5.627826016387620089e-02 1.315162024631805551e-02 -1.677136825420674424e-02 -4.577362643488845639e-02 8.078412893473031764e-03 6.638309928383571978e-02 3.811606954692314114e-02 1.753857754282935402e-02 1.309026322649995029e-02
7.159867383717277711e-01 2.740837912936446852e-01 1.290461923211643769e-01 2.899976424515807866e-02 -2.561090403061388673e-02 -2.695713343825439923e-02 -9.144955802218066032e-03 2.250909922127036430e-02 1.028315192862048200e-01 3.063039998822875143e-01
2.740837912936446852e-01 1.630996309946935452e-01 1.552647110365150684e-01 7.522123030823696377e-02 4.302500914066208215e-02 -6.401088028167922772e-02 -9.094256363434072288e-02 -8.917170007004734944e-02 -5.130534710605390292e-02 5.517202828548730537e-02
1.290461923211643769e-01 1.552647110365150684e-01 2.229758363426058987e-01 1.367262132170841138e-01 1.383849924149275767e-01 -7.687478438927516922e-02 -1.497517848892759296e-01 -1.679640837053558156e-01 -1.432862208726712328e-01 -5.749218164692162375e-02
2.899976424515807866e-02 7.522123030823696377e-02 1.367262132170841138e-01 1.261629928893191477e-01 2.452654549215303736e-01 4.368989900639588808e-02 -5.409487575995072794e-02 -8.650998791298193658e-02 -8.425310813727708570e-02 -5.083309706848759824e-02
-2.561090403061388673e-02 4.302500914066208215e-02 1.383849924149275767e-01 2.452654549215303736e-01 7.180712293387624401e-01 3.256922361857260695e-01 7.915300879547010338e-02 -1.056058131017904855e-02 -3.900345731133871702e-02 -4.291534896856154246e-02
-2.695713343825439923e-02 -6.401088028167922772e-02 -7.687478438927516922e-02 4.368989900639588808e-02 3.256922361857260695e-01 2.739108813997711001e-01 1.851486185595663803e-01 1.486757152374686974e-01 1.179033027804100714e-01 6.702247654848579594e-02
-9.144955802218066032e-03 -9.094256363434072288e-02 -1.497517848892759296e-01 -5.409487575995072794e-02 7.915300879547010338e-02 1.851486185595663803e-01 1.911085473802940915e-01 1.880988185598854168e-01 1.637687530320208751e-01 1.060321926399964976e-01
2.250909922127036430e-02 -8.917170007004734944e-02 -1.679640837053558156e-01 -8.650998791298193658e-02 -1.056058131017904855e-02 1.486757152374686974e-01 1.880988185598854168e-01 2.011741615104895020e-01 1.827824348447576186e-01 1.298338449368423297e-01
1.028315192862048200e-01 -5.130534710605390292e-02 -1.432862208726712328e-01 -8.425310813727708570e-02 -3.900345731133871702e-02 1.179033027804100714e-01 1.637687530320208751e-01 1.827824348447576186e-01 1.792286556073955095e-01 1.549980108987680238e-01
3.063039998822875143e-01 5.517202828548730537e-02 -5.749218164692162375e-02 -5.083309706848759824e-02 -4.291534896856154246e-02 6.702247654848579594e-02 1.060321926399964976e-01 1.298338449368423297e-01 1.549980108987680238e-01 2.082813261649382464e-01
1.534644575839602676e-01 2.187463957659683267e-01 1.149126957675001837e-01 1.196255397362769486e-02 -5.997153313371864775e-02 -2.016846832044472820e-02 1.742402966891708899e-02 6.242696602320431387e-02 9.120372555874815823e-02 2.236069595928419917e-01
2.187463957659683267e-01 5.423424369265563705e-01 3.706411588136069302e-01 1.279647574398972143e-01 -6.238120132746230451e-02 -7.603655892508962011e-02 -9.422506576046317528e-02 -8.879851889704649948e-02 -8.805623586991589286e-03 1.083096109776502530e-01
1.149126957675001837e-01 3.706411588136069302e-01 3.049652449913224928e-01 1.726223985566935071e-01 9.084013239807559037e-02 -9.173236734481116095e-03 -6.720925318387077629e-02 -9.656052414959580277e-02 -5.070670109758527999e-02 -1.797757754470401606e-02
1.196255397362769486e-02 1.279647574398972143e-01 1.726223985566935071e-01 2.174180119210017137e-01 3.184173078871166407e-01 1.117074155462995655e-01 2.638757665001622427e-02 -2.273204247073410539e-02 -3.565374012933432424e-02 -6.467361710592137158e-02
-5.997153313371864775e-02 -6.238120132746230451e-02 9.084013239807559037e-02 3.184173078871166407e-01 6.441995823173204405e-01 2.723420276828820707e-01 1.476373319284600694e-01 7.902705686892078085e-02 2.049440807651701189e-03 -6.739883869134392913e-02
-2.016846832044472820e-02 -7.603655892508962011e-02 -9.173236734481116095e-03 1.117074155462995655e-01 2.723420276828820707e-01 1.326936275061776915e-01 9.947128196616412954e-02 8.716125512995899494e-02 4.172497736087722731e-02 3.236249507703692352e-02
1.742402966891708899e-02 -9.422506576046317528e-02 -6.720925318387077629e-02 2.638757665001622427e-02 1.476373319284600694e-01 9.947128196616412954e-02 1.186764806103333264e-01 1.458193202694914592e-01 1.021691026437425154e-01 1.455452120385996584e-01
6.242696602320431387e-02 -8.879851889704649948e-02 -9.656052414959580277e-02 -2.273204247073410539e-02 7.902705686892078085e-02 8.716125512995899494e-02 1.458193202694914592e-01 2.077694771247100558e-01 1.635366563831615050e-01 2.611253196698688495e-01
9.120372555874815823e-02 -8.805623586991589286e-03 -5.070670109758527999e-02 -3.565374012933432424e-02 2.049440807651701189e-03 4.172497736087722731e-02 1.021691026437425154e-01 1.635366563831615050e-01 1.471122951263558742e-01 2.650377075664781534e-01
2.236069595928419917e-01 1.083096109776502530e-01 -1.797757754470401606e-02 -6.467361710592137158e-02 -6.739883869134392913e-02 3.236249507703692352e-02 1.455452120385996584e-01 2.611253196698688495e-01 2.650377075664781534e-01 5.313583858922554803e-01
6.979468649347011500e-01 2.993717331475976295e-01 1.123742041078473752e-01 -1.506352916787353537e-02 -1.042878127791110610e-01 -5.794599638423751642e-02 1.176289979230633886e-02 9.449318277938062449e-02 1.510758799497644578e-01 2.286165854915909734e-01
2.993717331475976295e-01 2.115708333488524606e-01 2.349795957797494728e-01 7.629399161204236668e-02 2.385810637291002623e-02 -2.129160264528473859e-02 -3.769309660648532262e-02 -6.595056653737246810e-02 -2.423340952128771875e-02 6.541455778374716257e-02
1.123742041078473752e-01 2.349795957797494728e-01 4.585515537212475623e-01 2.034405608863987247e-01 1.860444457398203744e-01 3.721009290470797537e-02 -7.101480302768689579e-02 -1.958784815415381131e-01 -1.584308829652856521e-01 -3.307441871470587214e-02
-1.506352916787353537e-02 7.629399161204236668e-02 2.034405608863987247e-01 1.313833702830991546e-01 2.109446595848096240e-01 1.139235170673280478e-01 1.828409164760501707e-02 -4.209089999395237286e-02 -5.082403216228779941e-02 -2.641772011534244610e-02
-1.042878127791110610e-01 2.385810637291002623e-02 1.860444457398203744e-01 2.109446595848096240e-01 4.921004656255348886e-01 3.361564766202330690e-01 1.462309858978913246e-01 9.851239368832939713e-02 3.072737735066045570e-02 -2.538733365148221344e-02
-5.794599638423751642e-02 -2.129160264528473859e-02 3.721009290470797537e-02 1.139235170673280478e-01 3.361564766202330690e-01 2.679664586835701634e-01 1.495709946767780907e-01 1.602682315365436816e-01 9.463902430204625127e-02 1.162240294856163418e-02
1.176289979230633886e-02 -3.769309660648532262e-02 -7.101480302768689579e-02 1.828409164760501707e-02 1.462309858978913246e-01 1.495709946767780907e-01 1.176865365734826308e-01 1.758897343102483468e-01 1.269889801216751435e-01 4.384641939762955881e-02
9.449318277938062449e-02 -6.595056653737246810e-02 -1.958784815415381131e-01 -4.209089999395237286e-02 9.851239368832939713e-02 1.602682315365436816e-01 1.758897343102483468e-01 3.190753084315520183e-01 2.483386261788644300e-01 1.068106372511700569e-01
1.510758799497644578e-01 -2.423340952128771875e-02 -1.584308829652856521e-01 -5.082403216228779941e-02 3.072737735066045570e-02 9.463902430204625127e-02 1.269889801216751435e-01 2.483386261788644300e-01 2.080583189777179265e-01 1.088006343995362030e-01
2.286165854915909734e-01 6.541455778374716257e-02 -3.307441871470587214e-02 -2.641772011534244610e-02 -2.538733365148221344e-02 1.162240294856163418e-02 4.384641939762955881e-02 1.068106372511700569e-01 1.088006343995362030e-01 9.566028942024848436e-02
3.755812202541540801e-01 2.490495592621724541e-01 6.801683410330815194e-02 -1.845085510920211475e-02 -4.943582931981715944e-02 -6.528485274244741343e-02 2.305118782991633000e-03 7.324723255019899293e-02 2.275739330019145579e-01 3.094594826289672751e-01
2.490495592621724541e-01 3.692201768234769643e-01 3.628369517648758480e-01 1.292310426980642912e-01 3.809710994769998499e-02 -1.764957253818338206e-02 -4.385079544421047887e-02 -7.292956340540954555e-03 3.348959350364399956e-02 1.072517054412649995e-01
6.801683410330815194e-02 3.628369517648758480e-01 5.304052627265986031e-01 2.274513352852289838e-01 1.141839503235802245e-01 5.396961193007587115e-02 -4.485900006316097949e-02 -6.744283306055834371e-02 -1.423246404166013668e-01 -9.962460163447595107e-02
-1.845085510920211475e-02 1.292310426980642912e-01 2.274513352852289838e-01 1.102098377862665568e-01 7.569261103281968439e-02 7.779237038707570440e-02 2.821939810031579704e-02 -2.482938452763019249e-02 -8.665888629812976141e-02 -8.297891560799330879e-02
-4.943582931981715944e-02 3.809710994769998499e-02 1.141839503235802245e-01 7.569261103281968439e-02 9.560769531847385094e-02 1.760540884499553760e-01 1.533760012182363575e-01 2.285525408029083841e-02 -4.742620876060046203e-02 -6.854707884100535997e-02
-6.528485274244741343e-02 -1.764957253818338206e-02 5.396961193007587115e-02 7.779237038707570440e-02 1.760540884499553760e-01 4.107750524708629891e-01 4.167194570396999254e-01 1.114237421335082107e-01 8.713805386043362022e-03 -4.662038739500888596e-02
2.305118782991633000e-03 -4.385079544421047887e-02 -4.485900006316097949e-02 2.821939810031579704e-02 1.533760012182363575e-01 4.167194570396999254e-01 4.844392329245249540e-01 1.598954389564322121e-01 1.011114351524182997e-01 4.843524551162567415e-02
7.324723255019899293e-02 -7.292956340540954555e-03 -6.744283306055834371e-02 -2.482938452763019249e-02 2.285525408029083841e-02 1.114237421335082107e-01 1.598954389564322121e-01 7.679644963586715334e-02 1.039933251369311029e-01 9.822011656454304740e-02
2.275739330019145579e-01 3.348959350364399956e-02 -1.423246404166013668e-01 -8.665888629812976141e-02 -4.742620876060046203e-02 8.713805386043362022e-03 1.011114351524182997e-01 1.039933251369311029e-01 2.319193370557204315e-01 2.586583071430868519e-01
3.094594826289672751e-01 1.072517054412649995e-01 -9.962460163447595107e-02 -8.297891560799330879e-02 -6.854707884100535997e-02 -4.662038739500888596e-02 4.843524551162567415e-02 9.822011656454304740e-02 2.586583071430868519e-01 3.150457350040591908e-01
2.822655395839958059e-01 1.092647098155164753e-01 1.611424658494705342e-01 -1.743452840240166529e-02 -1.490397000287312090e-01 -7.632349022789916559e-02 2.640452996312282405e-02 1.370453532212719261e-01 2.131985108573808685e-01 2.416971144357378809e-01
1.092647098155164753e-01 7.116013887897726375e-02 1.926749739662437233e-01 6.386871821798728588e-02 -3.159746784424806443e-02 -4.103751532169344629e-02 -2.638282842203552858e-02 1.218684242002120166e-02 4.994664608197128819e-02 7.627042693601865375e-02
1.611424658494705342e-01 1.926749739662437233e-01 6.897042129300379187e-01 3.288732800457438987e-01 7.466409158248385469e-02 -6.282217255377653409e-02 -1.194492502424572417e-01 -8.535829195058947105e-02 -1.492212510274125263e-02 6.302953040296752074e-02
-1.743452840240166529e-02 6.386871821798728588e-02 3.288732800457438987e-01 2.578472031432419431e-01 2.416030531900550116e-01 1.053124804061980752e-01 2.894218543158843041e-02 -2.480479646952379186e-02 -4.856246171783230869e-02 -4.305424498502451180e-02
-1.490397000287312090e-01 -3.159746784424806443e-02 7.466409158248385469e-02 2.416030531900550116e-01 4.537014485774799044e-01 2.966332765671967353e-01 2.036499067356890569e-01 6.802450816859120786e-02 -4.572496938455367782e-02 -1.113033214160361051e-01
-7.632349022789916559e-02 -4.103751532169344629e-02 -6.282217255377653409e-02 1.053124804061980752e-01 2.966332765671967353e-01 2.401074057837998266e-01 2.169278098436691338e-01 1.314980331964602511e-01 4.170729367649596980e-02 -2.836522986082631870e-02
2.640452996312282405e-02 -2.638282842203552858e-02 -1.194492502424572417e-01 2.894218543158843041e-02 2.036499067356890569e-01 2.169278098436691338e-01 2.651527562641686764e-01 2.270875573797258573e-01 1.574887466833629346e-01 7.971741986844038674e-02
1.370453532212719261e-01 1.218684242002120166e-02 -8.535829195058947105e-02 -2.480479646952379186e-02 6.802450816859120786e-02 1.314980331964602511e-01 2.270875573797258573e-01 2.552891106203391547e-01 2.314447900061210317e-01 1.728777159724083079e-01
2.131985108573808685e-01 4.994664608197128819e-02 -1.492212510274125263e-02 -4.856246171783230869e-02 -4.572496938455367782e-02 4.170729367649596980e-02 1.574887466833629346e-01 2.314447900061210317e-01 2.557161449834396416e-01 2.255434968801000306e-01
2.416971144357378809e-01 7.627042693601865375e-02 6.302953040296752074e-02 -4.305424498502451180e-02 -1.113033214160361051e-01 -2.836522986082631870e-02 7.971741986844038674e-02 1.728777159724083079e-01 2.255434968801000306e-01 2.290560392345219465e-01
2.128543051970503419e-01 2.222442380933362382e-01 1.767673209307974724e-01 3.661132874917198687e-02 -5.958481372472543974e-02 -5.791689951098456801e-02 1.804231200701001542e-02 1.082922848298863844e-01 1.415757752671649994e-01 2.052293315978446220e-01
2.222442380933362382e-01 3.370650459677662636e-01 3.503943340156267516e-01 1.328396101778893668e-01 5.522831030986151760e-03 -7.959791787324840828e-02 -5.103542609337560765e-02 -3.113742630435369779e-02 3.186552583845433939e-02 1.282227196612367726e-01
1.767673209307974724e-01 3.503943340156267516e-01 4.324137415073427415e-01 2.051706380566485077e-01 1.116734066398050867e-01 -2.945373773781347418e-02 -7.603080497603023624e-02 -1.271975840739871522e-01 -6.234415549528551925e-02 3.521891207076607161e-02
3.661132874917198687e-02 1.328396101778893668e-01 2.051706380566485077e-01 1.497364386373545297e-01 2.012422701687170967e-01 1.167575505741709208e-01 2.034135498310652140e-03 -6.955955088609405701e-02 -6.188172793653601289e-02 -3.499939296817550921e-02
-5.958481372472543974e-02 5.522831030986151760e-03 1.116734066398050867e-01 2.012422701687170967e-01 4.690378947966613588e-01 3.967869664889855930e-01 1.229082378989621166e-01 -2.444508967989382844e-05 -5.739126318941722982e-02 -8.881500669989444985e-02
-5.791689951098456801e-02 -7.959791787324840828e-02 -2.945373773781347418e-02 1.167575505741709208e-01 3.967869664889855930e-01 4.185154318976342935e-01 1.854927938313796210e-01 1.286972074438462177e-01 4.534262565005978129e-02 -1.328422003125508295e-02
1.804231200701001542e-02 -5.103542609337560765e-02 -7.603080497603023624e-02 2.034135498310652140e-03 1.229082378989621166e-01 1.854927938313796210e-01 1.318200639592949641e-01 1.748761888616603977e-01 1.234774468225294519e-01 8.924334446572776414e-02
1.082922848298863844e-01 -3.113742630435369779e-02 -1.271975840739871522e-01 -6.955955088609405701e-02 -2.444508967989382844e-05 1.286972074438462177e-01 1.748761888616603977e-01 3.266378383523771411e-01 2.684967062189838050e-01 2.375169629935219850e-01
1.415757752671649994e-01 3.186552583845433939e-02 -6.234415549528551925e-02 -6.188172793653601289e-02 -5.739126318941722982e-02 4.534262565005978129e-02 1.234774468225294519e-01 2.684967062189838050e-01 2.451092279139876484e-01 2.420684966049655440e-01
2.052293315978446220e-01 1.282227196612367726e-01 3.521891207076607161e-02 -3.499939296817550921e-02 -8.881500669989444985e-02 -1.328422003125508295e-02 8.924334446572776414e-02 2.375169629935219850e-01 2.420684966049655440e-01 2.768100117705313279e-01
3.569078176951461234e-01 2.388881940401311743e-01 2.070332462605221080e-01 1.358266312858711911e-01 8.126659838713071182e-02 -7.868253515575227008e-02 -4.303527889549569468e-02 2.507292116310671365e-02 1.218653274807014880e-01 2.688726797398744428e-01
2.388881940401311743e-01 1.699417913993515883e-01 1.557291958103287077e-01 1.102394348486648856e-01 8.211310952719452771e-02 -4.035960747604806775e-02 -5.085101026826333026e-02 -3.920611155952145183e-02 5.465900597323192223e-02 1.692958285445919642e-01
2.070332462605221080e-01 1.557291958103287077e-01 1.530337339594142199e-01 1.190679486517051272e-01 1.119248861928502647e-01 -6.253527571895450311e-04 -5.998503754508015956e-02 -9.009677175418437378e-02 1.915095917848766774e-02 1.350821117896687795e-01
1.358266312858711911e-01 1.102394348486648856e-01 1.190679486517051272e-01 1.111682661426988128e-01 1.480242418927811276e-01 9.420660739603264888e-02 -3.653414596650772506e-02 -1.116860562349894226e-01 -1.700813827497961450e-02 7.509565590514533096e-02
8.126659838713071182e-02 8.211310952719452771e-02 1.119248861928502647e-01 1.480242418927811276e-01 2.974396855045825516e-01 3.620177835056462845e-01 3.165493903461257669e-02 -1.382038071550444891e-01 -5.780194372631121402e-02 2.095818491141170775e-02
-7.868253515575227008e-02 -4.035960747604806775e-02 -6.253527571895450311e-04 9.420660739603264888e-02 3.620177835056462845e-01 6.949889705254506111e-01 2.253620630329253305e-01 5.585866293927299608e-02 -2.529356807696673398e-02 -6.755182646225998955e-02
-4.303527889549569468e-02 -5.085101026826333026e-02 -5.998503754508015956e-02 -3.653414596650772506e-02 3.165493903461257669e-02 2.253620630329253305e-01 1.916299008621370203e-01 2.799174566336146697e-01 1.132307975241177295e-01 1.870615564008884860e-02
2.507292116310671365e-02 -3.920611155952145183e-02 -9.009677175418437378e-02 -1.116860562349894226e-01 -1.382038071550444891e-01 5.585866293927299608e-02 2.799174566336146697e-01 6.095110183781919932e-01 2.970480492344236279e-01 1.400136261040542396e-01
1.218653274807014880e-01 5.465900597323192223e-02 1.915095917848766774e-02 -1.700813827497961450e-02 -5.780194372631121402e-02 -2.529356807696673398e-02 1.132307975241177295e-01 2.970480492344236279e-01 1.831365839715580202e-01 1.529989473355726770e-01
2.688726797398744428e-01 1.692958285445919642e-01 1.350821117896687795e-01 7.509565590514533096e-02 2.095818491141170775e-02 -6.755182646225998955e-02 1.870615564008884860e-02 1.400136261040542396e-01 1.529989473355726770e-01 2.322422315614672828e-01
2.579488348031354628e-01 2.602677281919450469e-01 1.334657962455666480e-01 5.924728039795189999e-02 2.293294791655886219e-02 -1.841525967735085229e-02 -7.120829739514257517e-02 -2.951917530510721199e-02 1.135456539664476266e-01 2.808074445753770410e-01
2.602677281919450469e-01 4.179946459039245443e-01 2.760849590901620076e-01 1.836738742202244645e-01 1.653651983926597846e-01 7.297949205916273718e-02 8.991664889146926132e-03 -8.900060310816054754e-02 -2.911022929363873968e-02 1.195289892981200724e-01
1.334657962455666480e-01 2.760849590901620076e-01 2.057049042900863378e-01 1.525674525476449772e-01 1.533948470899729744e-01 8.400464713281113882e-02 5.419199306507995612e-02 -5.582924551384935846e-02 -7.080625360756866160e-02 -7.489163146123621086e-03
5.924728039795189999e-02 1.836738742202244645e-01 1.525674525476449772e-01 1.261975402976421301e-01 1.392989709961814926e-01 8.832231149719957375e-02 8.601148643270981053e-02 -1.893988828650752104e-02 -7.925308896698993189e-02 -6.842704501543521445e-02
2.293294791655886219e-02 1.653651983926597846e-01 1.533948470899729744e-01 1.392989709961814926e-01 1.675063161718065574e-01 1.204016890101450438e-01 1.500926243850587705e-01 2.762720863055655868e-02 -9.267188913795332272e-02 -1.228107694071831485e-01
-1.841525967735085229e-02 7.297949205916273718e-02 8.400464713281113882e-02 8.832231149719957375e-02 1.204016890101450438e-01 1.089038255901334101e-01 1.856385777903158119e-01 1.145784918703961763e-01 -3.438435261546357591e-02 -1.039430966778218945e-01
-7.120829739514257517e-02 8.991664889146926132e-03 5.419199306507995612e-02 8.601148643270981053e-02 1.500926243850587705e-01 1.856385777903158119e-01 4.147378703561700464e-01 3.790261364707946390e-01 6.183428042086633325e-02 -1.192209343898485013e-01
