2.712251149737820444e-01 2.154309966157269829e-01 1.312303090580209386e-01 3.136672195097128801e-02 -5.504106740601119596e-02 -6.876770706886556339e-02 -1.499889800723768797e-02 5.491241342266441061e-02 1.158120124175231747e-01 1.802840656182446988e-01
2.154309966157269829e-01 3.170619737075048850e-01 2.197028766461890104e-01 1.106891341813096286e-01 -5.829542572527908820e-03 -6.141909697194990192e-02 -5.501366210247103650e-02 -2.669830645822945589e-02 3.402226426684898386e-02 1.054083781723997859e-01
1.312303090580209386e-01 2.197028766461890104e-01 3.303967839692299457e-01 2.095261777591971852e-01 8.318258006590696640e-02 -7.532382317224178142e-03 -5.177095421916239060e-02 -6.397593186599719040e-02 -3.337681668793147927e-02 3.767734941842343366e-02
3.136672195097128801e-02 1.106891341813096286e-01 2.095261777591971852e-01 2.985079881340542696e-01 2.148177536382313568e-01 1.167578070738829327e-01 1.280068173166439525e-02 -5.606432917446523695e-02 -6.586592135847238461e-02 -3.402206164787311554e-02
-5.504106740601119596e-02 -5.829542572527908820e-03 8.318258006590696640e-02 2.148177536382313568e-01 3.834961647235411997e-01 2.227181030573316678e-01 1.028163387186583622e-01 1.802969170115943653e-02 -3.574570049243894904e-02 -5.532206216945718957e-02
-6.876770706886556339e-02 -6.141909697194990192e-02 -7.532382317224178142e-03 1.167578070738829327e-01 2.227181030573316678e-01 3.521539296878619663e-01 1.903544809621961764e-01 9.962790133712337570e-02 3.433201227966187208e-02 -2.701608126812329869e-02
-1.499889800723768797e-02 -5.501366210247103650e-02 -5.177095421916239060e-02 1.280068173166439525e-02 1.028163387186583622e-01 1.903544809621961764e-01 1.945801974141878610e-01 1.902105591860980272e-01 1.189136089823453341e-01 5.166691433284410079e-02
5.491241342266441061e-02 -2.669830645822945589e-02 -6.397593186599719040e-02 -5.606432917446523695e-02 1.802969170115943653e-02 9.962790133712337570e-02 1.902105591860980272e-01 3.284492568716922967e-01 2.209468088847036105e-01 1.324477169171842106e-01
1.158120124175231747e-01 3.402226426684898386e-02 -3.337681668793147927e-02 -6.586592135847238461e-02 -3.574570049243894904e-02 3.433201227966187208e-02 1.189136089823453341e-01 2.209468088847036105e-01 3.116221464978289335e-01 2.020902270022733593e-01
1.802840656182446988e-01 1.054083781723997859e-01 3.767734941842343366e-02 -3.402206164787311554e-02 -5.532206216945718957e-02 -2.701608126812329869e-02 5.166691433284410079e-02 1.324477169171842106e-01 2.020902270022733593e-01 2.125064440203138227e-01
2.389858805606285830e-01 1.947905760340837844e-01 1.184720171645144149e-01 5.150257926941895215e-02 -1.281130188252131014e-02 -5.923959992451217904e-02 -5.855233396692025027e-02 -1.473018923221534708e-02 9.719788580922913979e-02 2.113250860605312142e-01
1.947905760340837844e-01 2.855725934529544374e-01 2.071179423361880767e-01 1.267962113757070131e-01 5.333253925894068659e-02 -1.985466262021605768e-02 -5.640079949971409101e-02 -5.846001019606620469e-02 1.074671113869855345e-02 1.126580308207102143e-01
1.184720171645144149e-01 2.071179423361880767e-01 2.543668969760337073e-01 2.019240059293320178e-01 1.167536623156368858e-01 4.763548187244637244e-02 -1.929131413115142690e-02 -6.123634678702260387e-02 -4.187275310149873864e-02 4.237072645066401050e-02
5.150257926941895215e-02 1.267962113757070131e-01 2.019240059293320178e-01 2.865704232271674146e-01 1.964387744871337882e-01 1.211001970396763522e-01 4.470591702929779809e-02 -2.951956317218007442e-02 -5.589718710100130550e-02 -2.369591558040221729e-02
-1.281130188252131014e-02 5.333253925894068659e-02 1.167536623156368858e-01 1.964387744871337882e-01 2.201926675892222907e-01 1.991754726099043138e-01 1.075106274647420479e-01 3.125397160857076861e-02 -4.352166572236304543e-02 -5.928325397281779263e-02
-5.923959992451217904e-02 -1.985466262021605768e-02 4.763548187244637244e-02 1.211001970396763522e-01 1.991754726099043138e-01 3.432099889952360261e-01 1.998374169091245989e-01 1.068922644767463237e-01 1.416197595370764740e-03 -6.514952547533871263e-02
-5.855233396692025027e-02 -5.640079949971409101e-02 -1.929131413115142690e-02 4.470591702929779809e-02 1.075106274647420479e-01 1.998374169091245989e-01 2.249365270938141481e-01 2.064436496921243092e-01 9.278026561212776580e-02 -1.817569996245360642e-02
-1.473018923221534708e-02 -5.846001019606620469e-02 -6.123634678702260387e-02 -2.951956317218007442e-02 3.125397160857076861e-02 1.068922644767463237e-01 2.064436496921243092e-01 3.906602843467165131e-01 2.106378183260507186e-01 8.294062761009082796e-02
9.719788580922913979e-02 1.074671113869855345e-02 -4.187275310149873864e-02 -5.589718710100130550e-02 -4.352166572236304543e-02 1.416197595370764740e-03 9.278026561212776580e-02 2.106378183260507186e-01 3.877571708801759165e-01 2.113465264704096347e-01
2.113250860605312142e-01 1.126580308207102143e-01 4.237072645066401050e-02 -2.369591558040221729e-02 -5.928325397281779263e-02 -6.514952547533871263e-02 -1.817569996245360642e-02 8.294062761009082796e-02 2.113465264704096347e-01 3.677475668780548212e-01
3.548620418728767323e-01 2.042003939431891735e-01 1.072908590429712122e-01 2.296765621063080048e-02 -4.440014983709195118e-02 -5.484344977679075223e-02 -2.101270980467112928e-02 3.933775238830487103e-02 1.262874901443697406e-01 2.175151054677527118e-01
2.042003939431891735e-01 2.545519245856646684e-01 2.096025313971188742e-01 1.140437877764722968e-01 1.205584414286120162e-02 -5.650153229855084391e-02 -7.039184364329487131e-02 -3.854471263027077488e-02 1.995866152163743371e-02 1.048358047358778633e-01
1.072908590429712122e-01 2.096025313971188742e-01 3.364115262757457203e-01 2.155283705298072783e-01 9.779352040959997383e-02 -8.592371658041362409e-03 -6.831523032321722144e-02 -6.987997608386728454e-02 -5.441894846369243338e-02 1.497192054219934065e-02
2.296765621063080048e-02 1.140437877764722968e-01 2.155283705298072783e-01 3.072200046438462451e-01 2.107167360003156520e-01 9.783237942080223737e-02 -2.045638511578577040e-03 -4.975634075167821579e-02 -7.057532425373141960e-02 -4.732992155732060335e-02
-4.440014983709195118e-02 1.205584414286120162e-02 9.779352040959997383e-02 2.107167360003156520e-01 3.826596376535531530e-01 2.196436749814784095e-01 1.183471435669621180e-01 3.503970322097785944e-02 -2.287730875320592369e-02 -5.196734823583083751e-02
-5.484344977679075223e-02 -5.650153229855084391e-02 -8.592371658041362409e-03 9.783237942080223737e-02 2.196436749814784095e-01 3.216707675199146910e-01 2.155971729864814002e-01 1.096013404909141342e-01 5.309478149395566865e-02 -1.223886591955122838e-02
-2.101270980467112928e-02 -7.039184364329487131e-02 -6.831523032321722144e-02 -2.045638511578577040e-03 1.183471435669621180e-01 2.155971729864814002e-01 2.752320968191448447e-01 1.734510075784095051e-01 1.221834912002731921e-01 5.443331778964820983e-02
3.933775238830487103e-02 -3.854471263027077488e-02 -6.987997608386728454e-02 -4.975634075167821579e-02 3.503970322097785944e-02 1.096013404909141342e-01 1.734510075784095051e-01 1.712545754684560995e-01 1.776406995770030139e-01 1.103089697746645059e-01
1.262874901443697406e-01 1.995866152163743371e-02 -5.441894846369243338e-02 -7.057532425373141960e-02 -2.287730875320592369e-02 5.309478149395566865e-02 1.221834912002731921e-01 1.776406995770030139e-01 2.972874768156252845e-01 2.171258122545118852e-01
2.175151054677527118e-01 1.048358047358778633e-01 1.497192054219934065e-02 -4.732992155732060335e-02 -5.196734823583083751e-02 -1.223886591955122838e-02 5.443331778964820983e-02 1.103089697746645059e-01 2.171258122545118852e-01 2.988499483451759753e-01
2.408230584980523004e-01 2.006729293733112152e-01 1.037176949790485914e-01 3.745946714074609857e-02 -2.860029614178237478e-02 -6.216330983297753410e-02 -5.436589716104472947e-02 1.510722301804638852e-02 1.103706804702295485e-01 2.100519975481392188e-01
2.006729293733112152e-01 3.571075365557033199e-01 2.025741915110486624e-01 1.253326394006942512e-01 4.229246731614656751e-02 -2.571474209873758632e-02 -6.300900552796284693e-02 -5.074357310910352498e-02 1.340913894063733812e-02 1.043450472265993606e-01
1.037176949790485914e-01 2.025741915110486624e-01 2.256332443086691564e-01 2.045266043357765462e-01 1.076653664589072856e-01 4.161247910330771044e-02 -2.862151153212866977e-02 -5.846804291630743056e-02 -4.397569037846195406e-02 2.194302658831809999e-02
3.745946714074609857e-02 1.253326394006942512e-01 2.045266043357765462e-01 3.205564542705259257e-01 1.926869532646642569e-01 1.163457198878544013e-01 3.613698102421879221e-02 -3.591061665936826075e-02 -6.653839380486981092e-02 -4.074310456986604545e-02
-2.860029614178237478e-02 4.229246731614656751e-02 1.076653664589072856e-01 1.926869532646642569e-01 2.192413681275758863e-01 2.025060977895491721e-01 1.151286437415393049e-01 3.234416297633222609e-02 -4.796676606743929122e-02 -6.325641559993834540e-02
-6.216330983297753410e-02 -2.571474209873758632e-02 4.161247910330771044e-02 1.163457198878544013e-01 2.025060977895491721e-01 3.191597163903943657e-01 2.137279085335044293e-01 1.166141131473897585e-01 8.920960378944263469e-03 -5.409402006590165873e-02
-5.436589716104472947e-02 -6.300900552796284693e-02 -2.862151153212866977e-02 3.613698102421879221e-02 1.151286437415393049e-01 2.137279085335044293e-01 3.186220205040406483e-01 2.172058120543154947e-01 1.016826637952437384e-01 4.125619492239469312e-03
1.510722301804638852e-02 -5.074357310910352498e-02 -5.846804291630743056e-02 -3.591061665936826075e-02 3.234416297633222609e-02 1.166141131473897585e-01 2.172058120543154947e-01 3.152905245063788442e-01 2.140159204192163822e-01 1.071053953589925362e-01
1.103706804702295485e-01 1.340913894063733812e-02 -4.397569037846195406e-02 -6.653839380486981092e-02 -4.796676606743929122e-02 8.920960378944263469e-03 1.016826637952437384e-01 2.140159204192163822e-01 3.177373789995978082e-01 2.147011260473345451e-01
2.100519975481392188e-01 1.043450472265993606e-01 2.194302658831809999e-02 -4.074310456986604545e-02 -6.325641559993834540e-02 -5.409402006590165873e-02 4.125619492239469312e-03 1.071053953589925362e-01 2.147011260473345451e-01 3.658286978390646316e-01
2.561310074675132165e-01 2.047787644478952784e-01 1.086285170930706145e-01 1.485441574579052237e-02 -4.791188894729833669e-02 -5.971253307405250538e-02 -2.931335270907874102e-02 4.509202048944778440e-02 1.135134476104340817e-01 2.038254358072850436e-01
2.047787644478952784e-01 4.167571685553949634e-01 2.060309572293291536e-01 1.045336013329384306e-01 1.772438526318195068e-02 -3.959303488081040989e-02 -5.905860487421182858e-02 -3.095273355214860425e-02 2.573537514259394837e-02 1.077731328569575542e-01
1.086285170930706145e-01 2.060309572293291536e-01 2.620355010760225256e-01 2.075468306804039986e-01 1.098822804366954287e-01 3.495405827179993985e-02 -4.046526403424226259e-02 -5.983883318266285806e-02 -4.450836355199715849e-02 2.045072879286214534e-02
1.485441574579052237e-02 1.045336013329384306e-01 2.075468306804039986e-01 2.877896180078701738e-01 2.055558303953408661e-01 1.194369300294437913e-01 2.605142979100199749e-02 -4.569705829149796339e-02 -7.276803086656093156e-02 -5.276696223944384034e-02
-4.791188894729833669e-02 1.772438526318195068e-02 1.098822804366954287e-01 2.055558303953408661e-01 3.018188591989568459e-01 2.179997600865485330e-01 1.147030755433909310e-01 1.625422599780882577e-02 -5.325298525171771186e-02 -7.075405236305661039e-02
-5.971253307405250538e-02 -3.959303488081040989e-02 3.495405827179993985e-02 1.194369300294437913e-01 2.179997600865485330e-01 3.019284986412837934e-01 2.126019203267077440e-01 1.059155406443147845e-01 2.273373170371122479e-02 -3.905425727349760845e-02
-2.931335270907874102e-02 -5.905860487421182858e-02 -4.046526403424226259e-02 2.605142979100199749e-02 1.147030755433909310e-01 2.126019203267077440e-01 3.365506696372658757e-01 2.098274294617770430e-01 1.192194440902639152e-01 3.799918700889543671e-02
4.509202048944778440e-02 -3.095273355214860425e-02 -5.983883318266285806e-02 -4.569705829149796339e-02 1.625422599780882577e-02 1.059155406443147845e-01 2.098274294617770430e-01 2.788984717927884271e-01 2.139020703117272548e-01 1.213833463788381306e-01
1.135134476104340817e-01 2.573537514259394837e-02 -4.450836355199715849e-02 -7.276803086656093156e-02 -5.325298525171771186e-02 2.273373170371122479e-02 1.192194440902639152e-01 2.139020703117272548e-01 2.911484683037329768e-01 2.005718605873962057e-01
2.038254358072850436e-01 1.077731328569575542e-01 2.045072879286214534e-02 -5.276696223944384034e-02 -7.075405236305661039e-02 -3.905425727349760845e-02 3.799918700889543671e-02 1.213833463788381306e-01 2.005718605873962057e-01 2.669417373191718124e-01
2.588306923049935593e-01 2.072811412858572289e-01 1.143327856624540007e-01 3.858309285125045840e-02 -3.628352706473979283e-02 -6.276597436604579305e-02 -5.894991712065143774e-02 -2.966578963394012666e-03 1.003650988372766922e-01 2.087911369322776045e-01
2.072811412858572289e-01 2.898849458651846511e-01 1.999513955700622514e-01 1.147555247312030263e-01 2.648685731750539257e-02 -4.272400223740698694e-02 -7.553429806895661791e-02 -6.364553726911072185e-02 8.671269874386645232e-03 1.102712410981505908e-01
1.143327856624540007e-01 1.999513955700622514e-01 2.670137807956116660e-01 2.142052759586097199e-01 1.176116540659435106e-01 2.773323022520719772e-02 -4.226273317539378654e-02 -6.738071927922281712e-02 -4.438467474260301970e-02 3.059107110161258733e-02
3.858309285125045840e-02 1.147555247312030263e-01 2.142052759586097199e-01 3.126203973149781490e-01 2.151628242117660794e-01 1.134598100763040962e-01 3.419703455582050883e-02 -2.939999903586312802e-02 -5.519423887799995015e-02 -3.406096646637808700e-02
-3.628352706473979283e-02 2.648685731750539257e-02 1.176116540659435106e-01 2.151628242117660794e-01 3.516878200365265439e-01 2.043303738169958694e-01 1.155524252965290516e-01 4.347706012292049116e-02 -2.908917120488668795e-02 -5.920662441032065182e-02
-6.276597436604579305e-02 -4.272400223740698694e-02 2.773323022520719772e-02 1.134598100763040962e-01 2.043303738169958694e-01 2.256765138539198468e-01 1.914340397325047793e-01 1.166680905491018772e-01 3.918372127328943050e-02 -4.097776215009563128e-02
-5.894991712065143774e-02 -7.553429806895661791e-02 -4.226273317539378654e-02 3.419703455582050883e-02 1.155524252965290516e-01 1.914340397325047793e-01 2.722073723428906078e-01 2.071593032872595108e-01 1.146946025866836111e-01 8.893666280278246516e-03
-2.966578963394012666e-03 -6.364553726911072185e-02 -6.738071927922281712e-02 -2.939999903586312802e-02 4.347706012292049116e-02 1.166680905491018772e-01 2.071593032872595108e-01 2.893143073454731429e-01 2.173206814953068666e-01 1.015252708112337754e-01
1.003650988372766922e-01 8.671269874386645232e-03 -4.438467474260301970e-02 -5.519423887799995015e-02 -2.908917120488668795e-02 3.918372127328943050e-02 1.146946025866836111e-01 2.173206814953068666e-01 3.439922367035249118e-01 2.132030330652795180e-01
2.087911369322776045e-01 1.102712410981505908e-01 3.059107110161258733e-02 -3.406096646637808700e-02 -5.920662441032065182e-02 -4.097776215009563128e-02 8.893666280278246516e-03 1.015252708112337754e-01 2.132030330652795180e-01 3.887719334368966995e-01
3.602048774719671664e-01 1.843796877515229971e-01 1.072824874643520110e-01 3.546330466022967753e-02 -3.013700338770314985e-02 -6.855557284763061365e-02 -5.341130901325961966e-02 1.252817938656671307e-02 1.179501245091284511e-01 2.092393411644347390e-01
1.843796877515229971e-01 1.718564603024503035e-01 1.856056584715174429e-01 1.018549247225153248e-01 3.810148464488073705e-02 -3.207840405160006236e-02 -5.619651769192460927e-02 -4.057292347732219251e-02 2.823044815675471858e-02 9.822688376217268702e-02
1.072824874643520110e-01 1.856056584715174429e-01 3.773514752470956690e-01 2.051345205535032024e-01 1.215282794136295502e-01 2.869771735607861557e-02 -3.917529791561816244e-02 -6.569138078062669583e-02 -3.846622775880434442e-02 2.914797598422698421e-02
3.546330466022967753e-02 1.018549247225153248e-01 2.051345205535032024e-01 2.489038756677619812e-01 2.090875229520076095e-01 1.072212465806931803e-01 2.757388874524663649e-02 -4.532589830635495864e-02 -6.024657673459930807e-02 -3.199193911048021921e-02
-3.013700338770314985e-02 3.810148464488073705e-02 1.215282794136295502e-01 2.090875229520076095e-01 2.987886708093834276e-01 2.031745528823510893e-01 1.133166961429067643e-01 2.269033243994531684e-02 -4.417594768285264262e-02 -6.000982897768626645e-02
-6.855557284763061365e-02 -3.207840405160006236e-02 2.869771735607861557e-02 1.072212465806931803e-01 2.031745528823510893e-01 2.926988606364797629e-01 2.184087163409694221e-01 1.173496950825921176e-01 1.637598890409607683e-02 -5.398993153435584225e-02
-5.341130901325961966e-02 -5.619651769192460927e-02 -3.917529791561816244e-02 2.757388874524663649e-02 1.133166961429067643e-01 2.184087163409694221e-01 3.316623774914206901e-01 2.153789738057165504e-01 1.046751794957248849e-01 1.025243783189812123e-02
1.252817938656671307e-02 -4.057292347732219251e-02 -6.569138078062669583e-02 -4.532589830635495864e-02 2.269033243994531684e-02 1.173496950825921176e-01 2.153789738057165504e-01 2.979513417937996178e-01 2.080991358355815390e-01 1.042735594128993137e-01
1.179501245091284511e-01 2.823044815675471858e-02 -3.846622775880434442e-02 -6.024657673459930807e-02 -4.417594768285264262e-02 1.637598890409607683e-02 1.046751794957248849e-01 2.080991358355815390e-01 3.461926320676713686e-01 2.180306762360051942e-01
2.092393411644347390e-01 9.822688376217268702e-02 2.914797598422698421e-02 -3.199193911048021921e-02 -6.000982897768626645e-02 -5.398993153435584225e-02 1.025243783189812123e-02 1.042735594128993137e-01 2.180306762360051942e-01 2.743894285119676257e-01
3.030895181738173516e-01 1.944044925010445513e-01 1.019958482204637445e-01 3.571764626906910600e-02 -2.709625793278419223e-02 -7.163713631445886576e-02 -5.195790628120222632e-02 2.474031571176784489e-02 1.287864793245891426e-01 2.185534077241912954e-01
1.944044925010445513e-01 2.266810582380217320e-01 2.047568242130669569e-01 1.284557546922945881e-01 4.576982531895355810e-02 -2.670001808405265964e-02 -5.322255926145712246e-02 -3.828510752282897334e-02 3.097361375935459710e-02 1.056252438596562981e-01
1.019958482204637445e-01 2.047568242130669569e-01 3.714563938222669726e-01 2.210762795372739065e-01 1.164865742724707498e-01 4.113799989700001047e-02 -2.831222739841477570e-02 -6.506057702220256755e-02 -4.806627103324042499e-02 1.362140244532488928e-02
3.571764626906910600e-02 1.284557546922945881e-01 2.210762795372739065e-01 2.914917216690482982e-01 1.813628433074018775e-01 1.084977031961212868e-01 3.298050804564672117e-02 -4.548210647924260525e-02 -6.881196534888897598e-02 -4.210875469044736419e-02
-2.709625793278419223e-02 4.576982531895355810e-02 1.164865742724707498e-01 1.813628433074018775e-01 1.777410054241960746e-01 1.814512902889481027e-01 1.040236872254013262e-01 2.449351505647059946e-02 -4.179905176705497188e-02 -5.797041471085974396e-02
-7.163713631445886576e-02 -2.670001808405265964e-02 4.113799989700001047e-02 1.084977031961212868e-01 1.814512902889481027e-01 3.426679677251465161e-01 2.246880288256744018e-01 1.286769981279382302e-01 1.435897021992758524e-02 -5.849567782593458054e-02
-5.195790628120222632e-02 -5.322255926145712246e-02 -2.831222739841477570e-02 3.298050804564672117e-02 1.040236872254013262e-01 2.246880288256744018e-01 3.367503542366109826e-01 2.187861679266400183e-01 9.521689018065615517e-02 1.616998971969252612e-03
2.474031571176784489e-02 -3.828510752282897334e-02 -6.506057702220256755e-02 -4.548210647924260525e-02 2.449351505647059946e-02 1.286769981279382302e-01 2.187861679266400183e-01 3.171590553948105962e-01 2.014541961274539938e-01 1.029489901762604964e-01
1.287864793245891426e-01 3.097361375935459710e-02 -4.806627103324042499e-02 -6.881196534888897598e-02 -4.179905176705497188e-02 1.435897021992758524e-02 9.521689018065615517e-02 2.014541961274539938e-01 2.698871901198037770e-01 2.168672590152700419e-01
2.185534077241912954e-01 1.056252438596562981e-01 1.362140244532488928e-02 -4.210875469044736419e-02 -5.797041471085974396e-02 -5.849567782593458054e-02 1.616998971969252612e-03 1.029489901762604964e-01 2.168672590152700419e-01 3.630757351962765611e-01
2.861644511931764612e-01 2.209898585878991573e-01 1.161214707993583062e-01 3.484647175671534702e-02 -3.566548447806464073e-02 -5.037100919501639323e-02 -5.363069258630417946e-02 -1.079855433844440849e-03 9.521359114622594821e-02 2.068717049537457386e-01
2.209898585878991573e-01 3.298057227577275707e-01 2.108157473969071716e-01 1.108170157622354879e-01 3.697961022457445929e-02 -2.072218375922788708e-02 -6.104525459444558322e-02 -6.241188942884252217e-02 6.881303481771038066e-05 1.006350831890542724e-01
1.161214707993583062e-01 2.108157473969071716e-01 3.124449796532930979e-01 1.952251224805208185e-01 1.165063872145156443e-01 4.297353317402978490e-02 -1.597369907831151445e-02 -5.826425648347781372e-02 -5.000655550374613623e-02 6.619466115246355059e-03
3.484647175671534702e-02 1.108170157622354879e-01 1.952251224805208185e-01 1.950342094727711140e-01 1.902314786105244737e-01 9.502165557961317344e-02 4.507754189392373934e-02 -1.848212411838714986e-02 -5.125195384749249572e-02 -4.245081547914719006e-02
-3.566548447806464073e-02 3.697961022457445929e-02 1.165063872145156443e-01 1.902314786105244737e-01 3.672109040642395072e-01 1.834900736662019027e-01 1.159439694247080960e-01 4.141088914538348237e-02 -3.453956768276817552e-02 -6.671130790325469073e-02
-5.037100919501639323e-02 -2.072218375922788708e-02 4.297353317402978490e-02 9.502165557961317344e-02 1.834900736662019027e-01 1.699109206759119584e-01 1.835904574926962574e-01 1.058844276217719149e-01 3.232206104929814111e-02 -4.161709972112617034e-02
-5.363069258630417946e-02 -6.104525459444558322e-02 -1.597369907831151445e-02 4.507754189392373934e-02 1.159439694247080960e-01 1.835904574926962574e-01 3.219045358598784379e-01 2.129616116523525005e-01 1.162253371778173699e-01 2.190798205871321170e-03
-1.079855433844440849e-03 -6.241188942884252217e-02 -5.826425648347781372e-02 -1.848212411838714986e-02 4.141088914538348237e-02 1.058844276217719149e-01 2.129616116523525005e-01 3.142131421454117390e-01 2.232301618711197422e-01 1.004626383163404330e-01
9.521359114622594821e-02 6.881303481771038066e-05 -5.000655550374613623e-02 -5.125195384749249572e-02 -3.453956768276817552e-02 3.232206104929814111e-02 1.162253371778173699e-01 2.232301618711197422e-01 3.152171086452723592e-01 2.088325205190904588e-01
2.068717049537457386e-01 1.006350831890542724e-01 6.619466115246355059e-03 -4.245081547914719006e-02 -6.671130790325469073e-02 -4.161709972112617034e-02 2.190798205871321170e-03 1.004626383163404330e-01 2.088325205190904588e-01 3.880940255323195864e-01
2.699236926434497308e-01 2.113041546720574038e-01 1.123134487389210456e-01 8.844640712094785015e-03 -5.515250967617163491e-02 -6.077973073098482532e-02 -1.586523716048835603e-02 5.215234138856535834e-02 1.192308778982875545e-01 2.032338579189573724e-01
2.113041546720574038e-01 3.678515954989020065e-01 2.158037163653530321e-01 1.038966397067352110e-01 1.307415343687183670e-03 -5.772504854391089651e-02 -6.213486643626529859e-02 -2.627317800646441701e-02 3.541852695986186933e-02 1.137131543229635278e-01
1.123134487389210456e-01 2.158037163653530321e-01 3.021881062929893114e-01 2.145952541580633810e-01 1.024099303942635764e-01 6.513881591657112204e-03 -5.530022826353429843e-02 -6.372705370431194782e-02 -4.214315860338639641e-02 2.413667905524749524e-02
8.844640712094785015e-03 1.038966397067352110e-01 2.145952541580633810e-01 3.312673313672245268e-01 2.154291709237583508e-01 1.106957757593392960e-01 1.335207708536507651e-02 -4.886330211635662307e-02 -7.086121645898176002e-02 -5.302352268184860884e-02
-5.515250967617163491e-02 1.307415343687183670e-03 1.024099303942635764e-01 2.154291709237583508e-01 3.323618898435653501e-01 2.178753623663018391e-01 1.125774717400532254e-01 2.474073353360966426e-02 -3.976576119042971036e-02 -6.443032793504581413e-02
-6.077973073098482532e-02 -5.772504854391089651e-02 6.513881591657112204e-03 1.106957757593392960e-01 2.178753623663018391e-01 3.194608876124438446e-01 2.123671158538682491e-01 1.143919006674049277e-01 4.316148517249539240e-02 -2.272213588755454122e-02
-1.586523716048835603e-02 -6.213486643626529859e-02 -5.530022826353429843e-02 1.335207708536507651e-02 1.125774717400532254e-01 2.123671158538682491e-01 2.846866272627432970e-01 2.015695077573380900e-01 1.249487896502541884e-01 5.464666788160492394e-02
5.215234138856535834e-02 -2.627317800646441701e-02 -6.372705370431194782e-02 -4.886330211635662307e-02 2.474073353360966426e-02 1.143919006674049277e-01 2.015695077573380900e-01 2.550269592179016387e-01 2.042564416447495701e-01 1.243046700252347092e-01
1.192308778982875545e-01 3.541852695986186933e-02 -4.214315860338639641e-02 -7.086121645898176002e-02 -3.976576119042971036e-02 4.316148517249539240e-02 1.249487896502541884e-01 2.042564416447495701e-01 2.749608733133140914e-01 2.012511330297369339e-01
2.032338579189573724e-01 1.137131543229635278e-01 2.413667905524749524e-02 -5.302352268184860884e-02 -6.443032793504581413e-02 -2.272213588755454122e-02 5.464666788160492394e-02 1.243046700252347092e-01 2.012511330297369339e-01 2.622720369474674795e-01
3.678540193980145423e-01 2.158161403688919899e-01 9.911962544269964370e-02 -7.625093943962639930e-04 -5.996253628970777544e-02 -6.671012471683038236e-02 -3.300993346295418018e-02 2.539686517122490342e-02 1.097096527214625195e-01 2.128628357760567746e-01
2.158161403688919899e-01 2.989949627933914944e-01 2.134161440195594395e-01 1.018321787839963355e-01 9.691519137498005171e-03 -5.021742362669340265e-02 -6.046562526029179707e-02 -5.421844453695838506e-02 7.500493972722839346e-03 1.025586008475233291e-01
9.911962544269964370e-02 2.134161440195594395e-01 3.827369578042322251e-01 2.066514265599959099e-01 1.067866244872447551e-01 2.254966761192250813e-02 -3.405361814447760427e-02 -6.968572467430815542e-02 -5.994582010560237095e-02 -3.961821749037890660e-03
-7.625093943962639930e-04 1.018321787839963355e-01 2.066514265599959099e-01 2.661577536760924012e-01 2.130868697591269401e-01 1.198621608410484207e-01 4.512790460226269451e-02 -2.151380350719402090e-02 -5.617446334761375115e-02 -5.370233320971136426e-02
-5.996253628970777544e-02 9.691519137498005171e-03 1.067866244872447551e-01 2.130868697591269401e-01 3.230274253439349152e-01 2.118233084597229698e-01 1.199498812506133161e-01 5.527708770862162224e-02 -1.240681293930751515e-02 -5.775774752170141635e-02
-6.671012471683038236e-02 -5.021742362669340265e-02 2.254966761192250813e-02 1.198621608410484207e-01 2.118233084597229698e-01 2.774061540695601513e-01 1.898361160099082401e-01 1.237303896297800160e-01 5.464412117918637790e-02 -2.055124821943721952e-02
-3.300993346295418018e-02 -6.046562526029179707e-02 -3.405361814447760427e-02 4.512790460226269451e-02 1.199498812506133161e-01 1.898361160099082401e-01 2.050144992828220603e-01 1.883132909655616805e-01 1.158521713428367350e-01 4.330879840685694648e-02
2.539686517122490342e-02 -5.421844453695838506e-02 -6.968572467430815542e-02 -2.151380350719402090e-02 5.527708770862162224e-02 1.237303896297800160e-01 1.883132909655616805e-01 2.879656704611770479e-01 2.105357654207307971e-01 1.215945297465662184e-01
1.097096527214625195e-01 7.500493972722839346e-03 -5.994582010560237095e-02 -5.617446334761375115e-02 -1.240681293930751515e-02 5.464412117918637790e-02 1.158521713428367350e-01 2.105357654207307971e-01 2.860478101691604214e-01 2.134638393389381994e-01
2.128628357760567746e-01 1.025586008475233291e-01 -3.961821749037890660e-03 -5.370233320971136426e-02 -5.775774752170141635e-02 -2.055124821943721952e-02 4.330879840685694648e-02 1.215945297465662184e-01 2.134638393389381994e-01 3.047947470016161287e-01
3.256522906949379514e-01 2.018416151072557896e-01 1.146917733152304775e-01 4.259218576174536586e-02 -1.902986317925903573e-02 -5.944538525524652173e-02 -4.561585744134594861e-02 2.535682691422985052e-02 1.211829522199818626e-01 2.162130761560532577e-01
2.018416151072557896e-01 2.332482387723114892e-01 2.053129036228648618e-01 1.186198304444582297e-01 5.397527047574179893e-02 -2.502664808970405524e-02 -5.787684468603294941e-02 -4.452909265078225376e-02 2.030384042943549766e-02 1.037236226552530477e-01
1.146917733152304775e-01 2.053129036228648618e-01 3.434967054742319448e-01 2.029274426437734369e-01 1.214530093216359269e-01 3.177050414784857169e-02 -4.200939101177154911e-02 -7.359736597394524182e-02 -5.221076874090774256e-02 1.951803572183204161e-02
4.259218576174536586e-02 1.186198304444582297e-01 2.029274426437734369e-01 2.275862210043963496e-01 1.914798662769192639e-01 1.043603597028164853e-01 2.497712469952759196e-02 -5.180579408905295474e-02 -6.871028055951516889e-02 -3.750234262949641434e-02
-1.902986317925903573e-02 5.397527047574179893e-02 1.214530093216359269e-01 1.914798662769192639e-01 2.587982434600870629e-01 2.074341143971711876e-01 1.151903736894678565e-01 9.457989604639829503e-03 -5.380592273227075006e-02 -6.231946131725912830e-02
-5.944538525524652173e-02 -2.502664808970405524e-02 3.177050414784857169e-02 1.043603597028164853e-01 2.074341143971711876e-01 3.763403789994840820e-01 2.230533739643433822e-01 1.119444655263013011e-01 1.526833528144135727e-02 -4.839462504995255265e-02
-4.561585744134594861e-02 -5.787684468603294941e-02 -4.200939101177154911e-02 2.497712469952759196e-02 1.151903736894678565e-01 2.230533739643433822e-01 3.286755474011839873e-01 2.096853668748121235e-01 1.018533461720549094e-01 1.889865574215962574e-02
2.535682691422985052e-02 -4.452909265078225376e-02 -7.359736597394524182e-02 -5.180579408905295474e-02 9.457989604639829503e-03 1.119444655263013011e-01 2.096853668748121235e-01 2.743788395442002814e-01 2.025801760659854400e-01 1.129539964189400364e-01
1.211829522199818626e-01 2.030384042943549766e-02 -5.221076874090774256e-02 -6.871028055951516889e-02 -5.380592273227075006e-02 1.526833528144135727e-02 1.018533461720549094e-01 2.025801760659854400e-01 2.893523873920219036e-01 2.189180009191181442e-01
2.162130761560532577e-01 1.037236226552530477e-01 1.951803572183204161e-02 -3.750234262949641434e-02 -6.231946131725912830e-02 -4.839462504995255265e-02 1.889865574215962574e-02 1.129539964189400364e-01 2.189180009191181442e-01 3.424711472571455029e-01
2.479446937374631399e-01 2.087803735071868116e-01 1.146112853496603495e-01 2.381914320666884272e-02 -4.792519678581922543e-02 -5.598213417866390595e-02 -2.643208519297650730e-02 4.264463829936360195e-02 1.106920165791866195e-01 2.021399414935326211e-01
2.087803735071868116e-01 3.789494981639910942e-01 2.208578321951955581e-01 1.155548199195212400e-01 2.052808704015717314e-02 -4.018781918192139424e-02 -6.329915267993010963e-02 -4.586455936462861815e-02 6.344661673959339429e-03 8.454418600402788253e-02
1.146112853496603495e-01 2.208578321951955581e-01 3.347339005038394988e-01 2.024123157352816782e-01 9.702464084508952147e-02 1.747458132181237828e-02 -4.563476325346704082e-02 -6.584099178972402377e-02 -5.038158478753853448e-02 -5.674066283057582327e-04
2.381914320666884272e-02 1.155548199195212400e-01 2.024123157352816782e-01 2.264740603472757408e-01 1.963102292356171397e-01 1.101459565072509250e-01 3.605603498806321527e-02 -3.277554105916334615e-02 -6.062848160496664418e-02 -5.111996616922243053e-02
-4.792519678581922543e-02 2.052808704015717314e-02 9.702464084508952147e-02 1.963102292356171397e-01 3.311335507676022583e-01 2.197859448013821382e-01 1.323321213119446338e-01 3.516369349830396340e-02 -3.599037613493791254e-02 -6.459426017462180369e-02
-5.598213417866390595e-02 -4.018781918192139424e-02 1.747458132181237828e-02 1.101459565072509250e-01 2.197859448013821382e-01 3.294425258032334658e-01 2.185653595891612622e-01 1.098119428020705446e-01 3.363058109541749996e-02 -2.789497764685945971e-02
-2.643208519297650730e-02 -6.329915267993010963e-02 -4.563476325346704082e-02 3.605603498806321527e-02 1.323321213119446338e-01 2.185653595891612622e-01 2.663513410919511326e-01 1.876029304354430716e-01 1.095293999098366639e-01 4.411461531115995482e-02
4.264463829936360195e-02 -4.586455936462861815e-02 -6.584099178972402377e-02 -3.277554105916334615e-02 3.516369349830396340e-02 1.098119428020705446e-01 1.876029304354430716e-01 2.482711202390649741e-01 2.003366218999877435e-01 1.271815824319317279e-01
1.106920165791866195e-01 6.344661673959339429e-03 -5.038158478753853448e-02 -6.062848160496664418e-02 -3.599037613493791254e-02 3.363058109541749996e-02 1.095293999098366639e-01 2.003366218999877435e-01 2.495539209181365792e-01 2.089406065107450305e-01
2.021399414935326211e-01 8.454418600402788253e-02 -5.674066283057582327e-04 -5.111996616922243053e-02 -6.459426017462180369e-02 -2.789497764685945971e-02 4.411461531115995482e-02 1.271815824319317279e-01 2.089406065107450305e-01 3.871453884274416168e-01
2.896118196566301872e-01 2.166765362098559133e-01 1.138746964260314853e-01 6.650019726594479964e-03 -5.871479113373882092e-02 -6.156844574105025530e-02 -4.140816152434363684e-02 2.834304489121507870e-02 1.065356049518835779e-01 2.077883062448561413e-01
2.166765362098559133e-01 3.455417731516003399e-01 2.135912155788615707e-01 9.745801991554076116e-02 -6.052449574398413926e-04 -4.731423216922978070e-02 -6.670805502388578445e-02 -4.303945882180046367e-02 2.488256298369165287e-02 1.160295517750878497e-01
1.138746964260314853e-01 2.135912155788615707e-01 3.343967486499023201e-01 2.152225135524746813e-01 1.081558142880290063e-01 2.111018697621057719e-02 -3.986446166563256677e-02 -6.144443765361251586e-02 -4.046339536309072338e-02 2.391377773618658803e-02
6.650019726594479964e-03 9.745801991554076116e-02 2.152225135524746813e-01 2.810007956430791709e-01 2.117735619073803921e-01 1.069578744317848662e-01 4.132330778267211818e-02 -2.794454752759386804e-02 -5.636820792683351622e-02 -5.302098596375375006e-02
-5.871479113373882092e-02 -6.052449574398413926e-04 1.081558142880290063e-01 2.117735619073803921e-01 3.908879307732066044e-01 1.883553326521051619e-01 1.100186427016069945e-01 3.396596558422552287e-02 -2.970991091126023650e-02 -6.822151818059968287e-02
-6.156844574105025530e-02 -4.731423216922978070e-02 2.111018697621057719e-02 1.069578744317848662e-01 1.883553326521051619e-01 1.828954425448340859e-01 1.808652893867348788e-01 1.089106846394821138e-01 4.494126784542044895e-02 -2.860793200971661204e-02
-4.140816152434363684e-02 -6.670805502388578445e-02 -3.986446166563256677e-02 4.132330778267211818e-02 1.100186427016069945e-01 1.808652893867348788e-01 2.836104220016400501e-01 2.137752800429726374e-01 1.309866327774340533e-01 3.544023117153270036e-02
2.834304489121507870e-02 -4.303945882180046367e-02 -6.144443765361251586e-02 -2.794454752759386804e-02 3.396596558422552287e-02 1.089106846394821138e-01 2.137752800429726374e-01 3.260895721250290369e-01 2.211454176185854714e-01 1.171860209812897319e-01
1.065356049518835779e-01 2.488256298369165287e-02 -4.046339536309072338e-02 -5.636820792683351622e-02 -2.970991091126023650e-02 4.494126784542044895e-02 1.309866327774340533e-01 2.211454176185854714e-01 2.895173359502546950e-01 2.010216735850637315e-01
2.077883062448561413e-01 1.160295517750878497e-01 2.391377773618658803e-02 -5.302098596375375006e-02 -6.822151818059968287e-02 -2.860793200971661204e-02 3.544023117153270036e-02 1.171860209812897319e-01 2.010216735850637315e-01 2.764481595038197348e-01
2.433982942396144544e-01 1.960937277798940337e-01 1.169830699366051774e-01 3.160887147780595124e-02 -3.729291338224656471e-02 -5.950504114760838542e-02 -4.850206468897640122e-02 4.061384432432538910e-03 1.056700832780664290e-01 2.080153562182366356e-01
1.960937277798940337e-01 2.295636131949818637e-01 1.782937881442266947e-01 9.573089022890016175e-02 1.821070534465298041e-02 -4.867025779162331700e-02 -7.020272172001740252e-02 -4.733765957358182508e-02 4.207002858599016154e-02 1.301004449869369584e-01
1.169830699366051774e-01 1.782937881442266947e-01 2.400407181105825571e-01 2.107196158593738766e-01 1.155677312325072703e-01 4.406976927472884900e-03 -6.077194608031565026e-02 -6.786169364674624060e-02 -1.874046514703731417e-02 5.940193197431328787e-02
3.160887147780595124e-02 9.573089022890016175e-02 2.107196158593738766e-01 3.661188721829929937e-01 2.222024167667610017e-01 9.931667303901942079e-02 9.199794755479061975e-03 -4.072638461425791279e-02 -4.871913593312902219e-02 -1.987182902389098352e-02
-3.729291338224656471e-02 1.821070534465298041e-02 1.155677312325072703e-01 2.222024167667610017e-01 4.055351950088060264e-01 1.894050145398145091e-01 8.824584182385049325e-02 2.099446074935373135e-02 -3.451175010860339787e-02 -5.520131765527951095e-02
-5.950504114760838542e-02 -4.867025779162331700e-02 4.406976927472884900e-03 9.931667303901942079e-02 1.894050145398145091e-01 2.149176145634809632e-01 1.947416891367154679e-01 1.215363267392194080e-01 4.742050345154001645e-02 -3.926520913589441608e-02
-4.850206468897640122e-02 -7.020272172001740252e-02 -6.077194608031565026e-02 9.199794755479061975e-03 8.824584182385049325e-02 1.947416891367154679e-01 2.777046261590698784e-01 2.148320873512800655e-01 1.223608809965339161e-01 5.911294891493152834e-03
4.061384432432538910e-03 -4.733765957358182508e-02 -6.786169364674624060e-02 -4.072638461425791279e-02 2.099446074935373135e-02 1.215363267392194080e-01 2.148320873512800655e-01 3.830752791166933680e-01 2.111852897864709144e-01 8.434444420142268861e-02
1.056700832780664290e-01 4.207002858599016154e-02 -1.874046514703731417e-02 -4.871913593312902219e-02 -3.451175010860339787e-02 4.742050345154001645e-02 1.223608809965339161e-01 2.111852897864709144e-01 2.486021095226613187e-01 1.988050697500502728e-01
2.080153562182366356e-01 1.301004449869369584e-01 5.940193197431328787e-02 -1.987182902389098352e-02 -5.520131765527951095e-02 -3.926520913589441608e-02 5.911294891493152834e-03 8.434444420142268861e-02 1.988050697500502728e-01 3.910436779011143282e-01
3.593347258006153178e-01 1.802156460717041220e-01 1.021335112810104750e-01 4.159097790217039514e-02 -1.475955007258754857e-02 -6.177181633218038759e-02 -6.262402290410168382e-02 -1.359520896346427983e-02 1.093674047553027107e-01 2.186223163044536399e-01
1.802156460717041220e-01 1.485985417295780375e-01 1.650820963980408340e-01 9.694716192962955781e-02 4.904263111221429661e-02 -1.586479059849323775e-02 -5.366666745486174672e-02 -4.847335022600124388e-02 1.514943683786067544e-02 9.797869477966242302e-02
1.021335112810104750e-01 1.650820963980408340e-01 3.386927614970932643e-01 2.097334517030239320e-01 1.364937276457111603e-01 4.735705159230157307e-02 -3.581463541588416483e-02 -6.456190806122476256e-02 -4.652199056533253690e-02 2.581357671660009651e-02
4.159097790217039514e-02 9.694716192962955781e-02 2.097334517030239320e-01 2.223136905991125178e-01 2.016872092061824662e-01 1.012869554505860387e-01 2.076169090862795344e-02 -3.725479354892247824e-02 -5.506325917098101735e-02 -2.369502598383281186e-02
-1.475955007258754857e-02 4.904263111221429661e-02 1.364937276457111603e-01 2.016872092061824662e-01 3.326742132981827527e-01 1.940580306391073984e-01 9.860813284340846918e-02 2.054370911216065604e-02 -3.929795016364875243e-02 -4.962445205901888645e-02
-6.177181633218038759e-02 -1.586479059849323775e-02 4.735705159230157307e-02 1.012869554505860387e-01 1.940580306391073984e-01 2.241422092161708679e-01 2.049320509010536806e-01 1.143421305980374392e-01 3.227107696025743877e-02 -4.814171427011534887e-02
-6.262402290410168382e-02 -5.366666745486174672e-02 -3.581463541588416483e-02 2.076169090862795344e-02 9.860813284340846918e-02 2.049320509010536806e-01 3.814165460211402792e-01 2.093836809212660244e-01 1.115493624434674563e-01 -6.662641388478211801e-03
