7.602054049330456142e-02 4.875832452472279172e-02 3.613517612671687806e-02 2.356555287048010469e-02 2.384704957826398047e-02 2.642835004870639631e-02 4.271887115533512698e-03 -1.605174851665647218e-02 -5.549706216817339860e-02 -1.076104092029326470e-01 -1.511901439214923815e-01 -1.593960862144551960e-01
4.875832452472279172e-02 3.603510992315259176e-02 3.383512752145852176e-02 3.144267176237916517e-02 4.604565094173493356e-02 6.525717699243702152e-02 2.541082953204229153e-02 -8.953843354641414284e-04 -2.839388388440640051e-02 -6.227273803957811271e-02 -9.065915597809234838e-02 -9.724666438028796434e-02
3.613517612671687806e-02 3.383512752145852176e-02 4.132146501972681907e-02 4.836118735402657187e-02 8.144114577746477956e-02 1.227176969894911568e-01 5.375251527213562031e-02 1.391488489056404154e-02 -9.615353985745141857e-03 -3.514768877612822057e-02 -5.709940092439615145e-02 -6.483538984549019890e-02
2.356555287048010469e-02 3.144267176237916517e-02 4.836118735402657187e-02 6.482938987323055846e-02 1.162870360594950025e-01 1.795147690525042972e-01 8.164076842943951418e-02 2.852728391232679100e-02 9.065575058379923487e-03 -8.026756199448250792e-03 -2.364275429552164381e-02 -3.280993346190255733e-02
2.384704957826398047e-02 4.604565094173493356e-02 8.144114577746477956e-02 1.162870360594950025e-01 2.150933957102434402e-01 3.363657576619566436e-01 1.544427346332047368e-01 5.871152684571044611e-02 3.262643573715971745e-02 1.465823197020682880e-02 -3.159759287078968935e-03 -1.882817898466147832e-02
2.642835004870639631e-02 6.525717699243702152e-02 1.227176969894911568e-01 1.795147690525042972e-01 3.363657576619566436e-01 5.427140932555990505e-01 2.472088622709359695e-01 9.594957617620683554e-02 5.999663642293385363e-02 3.924438786451352190e-02 1.739938814642473866e-02 -6.467172444686910757e-03
4.271887115533512698e-03 2.541082953204229153e-02 5.375251527213562031e-02 8.164076842943951418e-02 1.544427346332047368e-01 2.472088622709359695e-01 1.149110490698076747e-01 4.668921668955109544e-02 3.428029662872295741e-02 3.031841775582028511e-02 2.466590677375126925e-02 1.397144213026534770e-02
-1.605174851665647218e-02 -8.953843354641414284e-04 1.391488489056404154e-02 2.852728391232679100e-02 5.871152684571044611e-02 9.594957617620683554e-02 4.668921668955109544e-02 2.335773523205529612e-02 2.781734312240620455e-02 3.882841654382060415e-02 4.651633463410303343e-02 4.306708790214141408e-02
-5.549706216817339860e-02 -2.839388388440640051e-02 -9.615353985745141857e-03 9.065575058379923487e-03 3.262643573715971745e-02 5.999663642293385363e-02 3.428029662872295741e-02 2.781734312240620455e-02 5.450887637376529427e-02 9.373527027686937019e-02 1.238816117501037456e-01 1.233370811956248508e-01
-1.076104092029326470e-01 -6.227273803957811271e-02 -3.514768877612822057e-02 -8.026756199448250792e-03 1.465823197020682880e-02 3.924438786451352190e-02 3.031841775582028511e-02 3.882841654382060415e-02 9.373527027686937019e-02 1.706679149576655619e-01 2.304554295506230366e-01 2.320025336970356067e-01
-1.511901439214923815e-01 -9.065915597809234838e-02 -5.709940092439615145e-02 -2.364275429552164381e-02 -3.159759287078968935e-03 1.739938814642473866e-02 2.466590677375126925e-02 4.651633463410303343e-02 1.238816117501037456e-01 2.304554295506230366e-01 3.191108005707158912e-01 3.238553935697835451e-01
-1.593960862144551960e-01 -9.724666438028796434e-02 -6.483538984549019890e-02 -3.280993346190255733e-02 -1.882817898466147832e-02 -6.467172444686910757e-03 1.397144213026534770e-02 4.306708790214141408e-02 1.233370811956248508e-01 2.320025336970356067e-01 3.238553935697835451e-01 3.414296295207329690e-01
7.082973615433642289e-02 8.031241444760653381e-02 6.096586667049457009e-02 4.617102019427807291e-02 5.302687870943593312e-02 7.088525549714960738e-02 4.442474399468861190e-02 -3.315663135807108124e-04 -5.274860298734442010e-02 -9.751386976205121682e-02 -1.410886481619255117e-01 -9.522623176841289727e-02
8.031241444760653381e-02 9.764066116540633111e-02 7.808339327592309087e-02 6.385040021957541501e-02 8.013100245878296279e-02 1.153744081916443787e-01 8.458180205052366618e-02 2.803376927328813176e-02 -3.269950400797411866e-02 -8.833710926072993463e-02 -1.396694298619568508e-01 -9.987116562085478211e-02
6.096586667049457009e-02 7.808339327592309087e-02 6.529323688470814457e-02 5.665277266075850054e-02 7.545657623447390994e-02 1.133602401075550214e-01 8.892500951602594350e-02 4.137204504845211350e-02 -6.068139963700588252e-03 -5.237463506450018569e-02 -9.365082207249289525e-02 -7.094086900558128905e-02
4.617102019427807291e-02 6.385040021957541501e-02 5.665277266075850054e-02 5.318395964933153586e-02 7.600439217003078507e-02 1.194198167093556973e-01 9.901543797579620554e-02 5.666164084667084377e-02 1.882136869030519299e-02 -2.154920273510149351e-02 -5.603602235811643711e-02 -4.791296366492878850e-02
5.302687870943593312e-02 8.013100245878296279e-02 7.545657623447390994e-02 7.600439217003078507e-02 1.153659968045856188e-01 1.877184294378490548e-01 1.607013622355645821e-01 1.021615947176305328e-01 5.571117961674558472e-02 1.605777303048711415e-03 -4.274676771840359851e-02 -4.661772381433552243e-02
7.088525549714960738e-02 1.153744081916443787e-01 1.133602401075550214e-01 1.194198167093556973e-01 1.877184294378490548e-01 3.145278986748977212e-01 2.732772808709286738e-01 1.819996471505542224e-01 1.159445341290778753e-01 3.426829327386511637e-02 -3.068244537982399781e-02 -5.203903962644515491e-02
4.442474399468861190e-02 8.458180205052366618e-02 8.892500951602594350e-02 9.901543797579620554e-02 1.607013622355645821e-01 2.732772808709286738e-01 2.504296015005025300e-01 1.782441149149003312e-01 1.322718373563151473e-01 6.825121530501263023e-02 2.002244785169514721e-02 -1.727583367348221877e-02
-3.315663135807108124e-04 2.803376927328813176e-02 4.137204504845211350e-02 5.666164084667084377e-02 1.021615947176305328e-01 1.819996471505542224e-01 1.782441149149003312e-01 1.465236675779343356e-01 1.376064057987270994e-01 1.084293788781793971e-01 9.119365156312671250e-02 3.583022107582434224e-02
-5.274860298734442010e-02 -3.269950400797411866e-02 -6.068139963700588252e-03 1.882136869030519299e-02 5.571117961674558472e-02 1.159445341290778753e-01 1.322718373563151473e-01 1.376064057987270994e-01 1.709105785654059240e-01 1.771222466582256239e-01 1.926034268078063438e-01 1.049520889505460436e-01
-9.751386976205121682e-02 -8.833710926072993463e-02 -5.237463506450018569e-02 -2.154920273510149351e-02 1.605777303048711415e-03 3.426829327386511637e-02 6.825121530501263023e-02 1.084293788781793971e-01 1.771222466582256239e-01 2.210602172896314332e-01 2.692968818539342446e-01 1.598009637362998725e-01
-1.410886481619255117e-01 -1.396694298619568508e-01 -9.365082207249289525e-02 -5.603602235811643711e-02 -4.274676771840359851e-02 -3.068244537982399781e-02 2.002244785169514721e-02 9.119365156312671250e-02 1.926034268078063438e-01 2.692968818539342446e-01 3.551985940503971095e-01 2.173129727154667346e-01
-9.522623176841289727e-02 -9.987116562085478211e-02 -7.094086900558128905e-02 -4.791296366492878850e-02 -4.661772381433552243e-02 -5.203903962644515491e-02 -1.727583367348221877e-02 3.583022107582434224e-02 1.049520889505460436e-01 1.598009637362998725e-01 2.173129727154667346e-01 1.390358516828628654e-01
2.117923540987411424e-01 2.004223545748485269e-01 1.622969274646296756e-01 9.936485415608009575e-02 5.173762738992156163e-02 1.384366818317193937e-02 -1.831972193407351707e-02 -4.270301807811369144e-02 -5.475286801148346316e-02 -9.989647113242267062e-02 -1.882288444043796471e-01 -1.749909464472544918e-01
2.004223545748485269e-01 2.086752002621257984e-01 1.863545934666192005e-01 1.326555004461917875e-01 9.529223657940741332e-02 6.732759967864883344e-02 3.562181737525438319e-02 4.919947159053653096e-03 -2.496483391877206762e-02 -7.094803084242494451e-02 -1.496235866508752732e-01 -1.517396710391205605e-01
1.622969274646296756e-01 1.863545934666192005e-01 1.864646794997000256e-01 1.505862861277590392e-01 1.290736508160587881e-01 1.150738924910587324e-01 8.783777384581034631e-02 5.438667235150761864e-02 9.374092485418789034e-03 -3.215793441962160742e-02 -9.177313521706080557e-02 -1.089007431238007972e-01
9.936485415608009575e-02 1.326555004461917875e-01 1.505862861277590392e-01 1.397154538003940183e-01 1.378343771866587519e-01 1.395674163720174443e-01 1.209270910300976609e-01 9.050500879414383193e-02 3.938380505222983941e-02 9.253079578194756821e-03 -2.236903506429964439e-02 -5.063203908919334389e-02
5.173762738992156163e-02 9.529223657940741332e-02 1.290736508160587881e-01 1.378343771866587519e-01 1.544073176778968381e-01 1.709843057047519543e-01 1.585043327516683087e-01 1.281612287941258088e-01 6.799124405543394145e-02 4.560355631077278593e-02 3.612636391407253456e-02 -3.612900748059305958e-03
1.384366818317193937e-02 6.732759967864883344e-02 1.150738924910587324e-01 1.395674163720174443e-01 1.709843057047519543e-01 2.030183795781026479e-01 1.962514745265816762e-01 1.645917680221468116e-01 9.414911851984471280e-02 7.702384176764676127e-02 8.532757816206615331e-02 3.512261111347166065e-02
-1.831972193407351707e-02 3.562181737525438319e-02 8.783777384581034631e-02 1.209270910300976609e-01 1.585043327516683087e-01 1.962514745265816762e-01 1.984597721378977553e-01 1.712099440933372296e-01 1.020802423416703464e-01 9.133086104758351975e-02 1.124897866274270769e-01 6.101692403147730703e-02
-4.270301807811369144e-02 4.919947159053653096e-03 5.438667235150761864e-02 9.050500879414383193e-02 1.281612287941258088e-01 1.645917680221468116e-01 1.712099440933372296e-01 1.532493743317882573e-01 9.526277285249824811e-02 9.185443106265697710e-02 1.215583167707709605e-01 7.510385315964553110e-02
-5.475286801148346316e-02 -2.496483391877206762e-02 9.374092485418789034e-03 3.938380505222983941e-02 6.799124405543394145e-02 9.414911851984471280e-02 1.020802423416703464e-01 9.526277285249824811e-02 6.397443972678858171e-02 6.924818512143166016e-02 1.003245740867586000e-01 6.977325858014368776e-02
-9.989647113242267062e-02 -7.094803084242494451e-02 -3.215793441962160742e-02 9.253079578194756821e-03 4.560355631077278593e-02 7.702384176764676127e-02 9.133086104758351975e-02 9.185443106265697710e-02 6.924818512143166016e-02 8.700067042685991070e-02 1.385248622415478637e-01 1.060183348589085472e-01
-1.882288444043796471e-01 -1.496235866508752732e-01 -9.177313521706080557e-02 -2.236903506429964439e-02 3.612636391407253456e-02 8.532757816206615331e-02 1.124897866274270769e-01 1.215583167707709605e-01 1.003245740867586000e-01 1.385248622415478637e-01 2.332736004780504024e-01 1.865077062581312617e-01
-1.749909464472544918e-01 -1.517396710391205605e-01 -1.089007431238007972e-01 -5.063203908919334389e-02 -3.612900748059305958e-03 3.512261111347166065e-02 6.101692403147730703e-02 7.510385315964553110e-02 6.977325858014368776e-02 1.060183348589085472e-01 1.865077062581312617e-01 1.599687579816568284e-01
5.645379702623749829e-02 4.994552030341870008e-02 3.987262599902970106e-02 5.140350700507313741e-02 7.940661194778439458e-02 5.451593503524675838e-02 2.369067935799570954e-03 -5.151715494695012498e-02 -8.479453365784549168e-02 -1.209012572599990620e-01 -7.912025817179560438e-02 -6.514949294487115683e-02
4.994552030341870008e-02 4.629662095390452148e-02 3.965096161064982083e-02 5.541627243095370581e-02 9.113277569988090243e-02 7.063817494662116836e-02 2.064230923214021782e-02 -2.919258102515621262e-02 -6.325204689067040476e-02 -9.637658113138691807e-02 -6.506860744666337348e-02 -5.550719128515707590e-02
3.987262599902970106e-02 3.965096161064982083e-02 3.751833379480920549e-02 5.778161264444281464e-02 1.013585732142094908e-01 8.666659486532277135e-02 4.130579201471892142e-02 -1.479749109750319765e-03 -3.510157487917887897e-02 -6.358775364497358529e-02 -4.577231879685463717e-02 -4.164294827471285571e-02
5.140350700507313741e-02 5.541627243095370581e-02 5.778161264444281464e-02 9.660264084246251992e-02 1.777321329192658173e-01 1.608100964920403664e-01 9.323624094359715675e-02 3.327016000716806476e-02 -2.043206753539858478e-02 -6.053932928868254598e-02 -4.912840666891131469e-02 -4.942511187293165131e-02
7.940661194778439458e-02 9.113277569988090243e-02 1.013585732142094908e-01 1.777321329192658173e-01 3.379806504479098139e-01 3.134633073832177597e-01 1.963056196563481848e-01 9.729847690141951722e-02 9.155513409249539745e-04 -6.545947573643937090e-02 -6.300872298301801733e-02 -7.082731242945389249e-02
5.451593503524675838e-02 7.063817494662116836e-02 8.666659486532277135e-02 1.608100964920403664e-01 3.134633073832177597e-01 3.121793414600043670e-01 2.142363102821483734e-01 1.365455683447002189e-01 5.029387467782107241e-02 -1.685800614100804382e-03 -2.346796212421087963e-02 -4.023467531137139841e-02
2.369067935799570954e-03 2.064230923214021782e-02 4.130579201471892142e-02 9.323624094359715675e-02 1.963056196563481848e-01 2.142363102821483734e-01 1.775220105015747063e-01 1.553428863447595953e-01 1.087627033098265139e-01 9.289484726107606616e-02 4.156777291439484739e-02 1.634957296854296430e-02
-5.151715494695012498e-02 -2.919258102515621262e-02 -1.479749109750319765e-03 3.327016000716806476e-02 9.729847690141951722e-02 1.365455683447002189e-01 1.553428863447595953e-01 1.902558925397077882e-01 1.807280384619220914e-01 2.007300444164798192e-01 1.132651865524837709e-01 7.667867932441090051e-02
-8.479453365784549168e-02 -6.325204689067040476e-02 -3.510157487917887897e-02 -2.043206753539858478e-02 9.155513409249539745e-04 5.029387467782107241e-02 1.087627033098265139e-01 1.807280384619220914e-01 2.062345501083547306e-01 2.539815486918908238e-01 1.510520960525529865e-01 1.109179686274708587e-01
-1.209012572599990620e-01 -9.637658113138691807e-02 -6.358775364497358529e-02 -6.053932928868254598e-02 -6.545947573643937090e-02 -1.685800614100804382e-03 9.289484726107606616e-02 2.007300444164798192e-01 2.539815486918908238e-01 3.351699934243841383e-01 2.024811808165669913e-01 1.523045761628259442e-01
-7.912025817179560438e-02 -6.506860744666337348e-02 -4.577231879685463717e-02 -4.912840666891131469e-02 -6.300872298301801733e-02 -2.346796212421087963e-02 4.156777291439484739e-02 1.132651865524837709e-01 1.510520960525529865e-01 2.024811808165669913e-01 1.260473450589467970e-01 9.729284067586432827e-02
-6.514949294487115683e-02 -5.550719128515707590e-02 -4.164294827471285571e-02 -4.942511187293165131e-02 -7.082731242945389249e-02 -4.023467531137139841e-02 1.634957296854296430e-02 7.667867932441090051e-02 1.109179686274708587e-01 1.523045761628259442e-01 9.729284067586432827e-02 7.773882384170477389e-02
1.566116781636753552e-01 1.452276848056857084e-01 1.129771963080613562e-01 8.298995608258472045e-02 6.156027568987214316e-02 3.058785157077979072e-02 5.914312659926532385e-03 -2.241921313620786824e-02 -6.420801200359832483e-02 -9.465158357338895878e-02 -1.848558736474721076e-01 -1.865959208721915674e-01
1.452276848056857084e-01 1.536672427589038104e-01 1.367047463828143794e-01 1.190822246838474791e-01 1.098542318990503031e-01 7.947469003876074523e-02 6.305759809310867992e-02 1.692975086061637713e-02 -2.287758858115718913e-02 -6.152657914210352824e-02 -1.407319228763251329e-01 -1.549507222422879804e-01
1.129771963080613562e-01 1.367047463828143794e-01 1.380416013496068017e-01 1.354740829669191238e-01 1.392550426738399239e-01 1.135076196859739067e-01 1.068698796220698410e-01 5.100141103587371716e-02 1.888186025831404061e-02 -2.203208555532942120e-02 -8.033842281324940493e-02 -1.039503941281149368e-01
8.298995608258472045e-02 1.190822246838474791e-01 1.354740829669191238e-01 1.477327368144786268e-01 1.638934634414843661e-01 1.424648294377803548e-01 1.442362233071657340e-01 8.026568917779640377e-02 5.524049234949662823e-02 1.294070041782979796e-02 -2.622990148586384559e-02 -5.790010478318118742e-02
6.156027568987214316e-02 1.098542318990503031e-01 1.392550426738399239e-01 1.638934634414843661e-01 1.935759517565715515e-01 1.756617228061602698e-01 1.851118873970221124e-01 1.099991312542232952e-01 8.935756912188086432e-02 4.357113012479511133e-02 1.881298120813088351e-02 -2.140847089928172090e-02
3.058785157077979072e-02 7.947469003876074523e-02 1.135076196859739067e-01 1.424648294377803548e-01 1.756617228061602698e-01 1.680416376971727854e-01 1.842834122019137988e-01 1.139932398241680911e-01 1.008633166855539970e-01 6.103991352063636855e-02 5.357003690966462284e-02 1.431060513885764121e-02
5.914312659926532385e-03 6.305759809310867992e-02 1.068698796220698410e-01 1.442362233071657340e-01 1.851118873970221124e-01 1.842834122019137988e-01 2.113855494600547225e-01 1.352873573265555018e-01 1.274494885804228761e-01 8.708625909139708354e-02 9.482799123975013678e-02 5.044073552711009212e-02
-2.241921313620786824e-02 1.692975086061637713e-02 5.100141103587371716e-02 8.026568917779640377e-02 1.099991312542232952e-01 1.139932398241680911e-01 1.352873573265555018e-01 9.209715712362719076e-02 9.483041688249758960e-02 7.352366693206152659e-02 9.389882229273491254e-02 6.461159240496509859e-02
-6.420801200359832483e-02 -2.287758858115718913e-02 1.888186025831404061e-02 5.524049234949662823e-02 8.935756912188086432e-02 1.008633166855539970e-01 1.274494885804228761e-01 9.483041688249758960e-02 1.102920681282049259e-01 9.817202963500319679e-02 1.430736707812556574e-01 1.139560936787983869e-01
-9.465158357338895878e-02 -6.152657914210352824e-02 -2.203208555532942120e-02 1.294070041782979796e-02 4.357113012479511133e-02 6.103991352063636855e-02 8.708625909139708354e-02 7.352366693206152659e-02 9.817202963500319679e-02 1.006339175463702995e-01 1.629901658053795055e-01 1.408877304907157624e-01
-1.848558736474721076e-01 -1.407319228763251329e-01 -8.033842281324940493e-02 -2.622990148586384559e-02 1.881298120813088351e-02 5.357003690966462284e-02 9.482799123975013678e-02 9.389882229273491254e-02 1.430736707812556574e-01 1.629901658053795055e-01 2.839645901281490636e-01 2.557265138685307915e-01
-1.865959208721915674e-01 -1.549507222422879804e-01 -1.039503941281149368e-01 -5.790010478318118742e-02 -2.140847089928172090e-02 1.431060513885764121e-02 5.044073552711009212e-02 6.461159240496509859e-02 1.139560936787983869e-01 1.408877304907157624e-01 2.557265138685307915e-01 2.439558690731849222e-01
2.069101819193005509e-01 1.407271783421542299e-01 9.013476038710199756e-02 9.806661519763837376e-02 6.899680789698486860e-02 5.061930288651907833e-02 1.388403152209638503e-02 -2.804237814520546893e-02 -6.214257761410264119e-02 -1.110749884340904992e-01 -1.922759001341580176e-01 -2.451579508445077549e-01
1.407271783421542299e-01 9.997337314239022887e-02 6.883887328965673791e-02 8.237623417874523346e-02 6.533245765054060405e-02 5.964771252917969169e-02 3.514005988877145353e-02 8.747849920643330918e-03 -2.565937445614668508e-02 -6.588809191271971510e-02 -1.241491685541803724e-01 -1.626115930544831945e-01
9.013476038710199756e-02 6.883887328965673791e-02 5.408336952659958952e-02 7.447335575706953703e-02 6.770017743710192437e-02 7.382671676484320322e-02 5.880782475067533599e-02 4.499930535010522592e-02 7.308971519798953057e-03 -2.823547606505513036e-02 -7.015424376838708120e-02 -9.909803721401923282e-02
9.806661519763837376e-02 8.237623417874523346e-02 7.447335575706953703e-02 1.155912986385162211e-01 1.150571808135613938e-01 1.374756540884662925e-01 1.221054408186602741e-01 1.119739971061782108e-01 4.611709659184087817e-02 -8.025211258245833548e-03 -6.090978937210747568e-02 -9.961740145872041707e-02
6.899680789698486860e-02 6.533245765054060405e-02 6.770017743710192437e-02 1.150571808135613938e-01 1.229403118750302393e-01 1.559814725995043450e-01 1.463369197046122949e-01 1.440801661221817742e-01 7.199526636622594067e-02 1.802693494149440467e-02 -2.661560863918644229e-02 -6.156948632968151092e-02
5.061930288651907833e-02 5.964771252917969169e-02 7.382671676484320322e-02 1.374756540884662925e-01 1.559814725995043450e-01 2.094644553218306116e-01 2.050780022897022437e-01 2.114410574472385118e-01 1.166148662656233820e-01 5.133477446888112805e-02 6.657251535002863506e-03 -3.142206263506350239e-02
1.388403152209638503e-02 3.514005988877145353e-02 5.880782475067533599e-02 1.221054408186602741e-01 1.463369197046122949e-01 2.050780022897022437e-01 2.130263217670095577e-01 2.305074658660587472e-01 1.355516792378955448e-01 7.553578946132315231e-02 4.389182766610220249e-02 1.350295590794809049e-02
-2.804237814520546893e-02 8.747849920643330918e-03 4.499930535010522592e-02 1.119739971061782108e-01 1.440801661221817742e-01 2.114410574472385118e-01 2.305074658660587472e-01 2.652985654851917618e-01 1.651679107228174737e-01 1.078904471913605112e-01 8.962322944789587187e-02 6.651746910574743432e-02
-6.214257761410264119e-02 -2.565937445614668508e-02 7.308971519798953057e-03 4.611709659184087817e-02 7.199526636622594067e-02 1.166148662656233820e-01 1.355516792378955448e-01 1.651679107228174737e-01 1.139592060389651024e-01 9.056702341395556077e-02 9.761729621130010859e-02 9.444296860391176995e-02
-1.110749884340904992e-01 -6.588809191271971510e-02 -2.823547606505513036e-02 -8.025211258245833548e-03 1.802693494149440467e-02 5.133477446888112805e-02 7.553578946132315231e-02 1.078904471913605112e-01 9.056702341395556077e-02 9.545316882957538551e-02 1.298152320278389282e-01 1.456306071930715818e-01
-1.922759001341580176e-01 -1.241491685541803724e-01 -7.015424376838708120e-02 -6.090978937210747568e-02 -2.661560863918644229e-02 6.657251535002863506e-03 4.389182766610220249e-02 8.962322944789587187e-02 9.761729621130010859e-02 1.298152320278389282e-01 2.017669959940557867e-01 2.409211471652784320e-01
-2.451579508445077549e-01 -1.626115930544831945e-01 -9.909803721401923282e-02 -9.961740145872041707e-02 -6.156948632968151092e-02 -3.142206263506350239e-02 1.350295590794809049e-02 6.651746910574743432e-02 9.444296860391176995e-02 1.456306071930715818e-01 2.409211471652784320e-01 3.015327514615359084e-01
1.584035859792268519e-01 1.031730055287746195e-01 1.203889372126186047e-01 9.561515172016343822e-02 7.083093526133102391e-02 4.571687420383562656e-02 9.599926708750827070e-03 -2.507908707809763937e-02 -6.244425579817539096e-02 -1.370373906275746401e-01 -1.849135495025296949e-01 -1.719599784536165743e-01
1.031730055287746195e-01 8.634311966906146885e-02 1.267760213866540309e-01 1.157782435701527890e-01 9.954061104068021026e-02 8.033891067580480050e-02 4.204389111752084018e-02 1.943650084482800508e-02 -9.830016449499975884e-03 -4.921616529310882809e-02 -8.297246685496875718e-02 -9.251922355048677882e-02
1.203889372126186047e-01 1.267760213866540309e-01 2.152304667535208105e-01 2.092105307336455389e-01 1.894376867102990913e-01 1.626976782180188374e-01 9.784126138587971588e-02 7.153091443833023422e-02 3.082000928737758591e-02 -2.347494247915500078e-03 -4.541843275845617450e-02 -8.138218071161897049e-02
9.561515172016343822e-02 1.157782435701527890e-01 2.092105307336455389e-01 2.130847975953773510e-01 1.987845862080609149e-01 1.747684349139672355e-01 1.093465712543368606e-01 8.789591705097356267e-02 5.104744565489643254e-02 3.250035957214258975e-02 -4.175276318248363761e-03 -4.836240646508831176e-02
7.083093526133102391e-02 9.954061104068021026e-02 1.894376867102990913e-01 1.987845862080609149e-01 1.934510172049679899e-01 1.742715280218211926e-01 1.119375876178886342e-01 9.515727761303294230e-02 6.318300067507605366e-02 5.661693247198579249e-02 2.703201814133670070e-02 -2.051201789053767530e-02
4.571687420383562656e-02 8.033891067580480050e-02 1.626976782180188374e-01 1.747684349139672355e-01 1.742715280218211926e-01 1.621322315425837157e-01 1.070509910558670869e-01 9.561120268366415931e-02 6.980896465939891160e-02 7.388558111549674290e-02 5.204737535079646121e-02 4.411634665893836814e-03
9.599926708750827070e-03 4.204389111752084018e-02 9.784126138587971588e-02 1.093465712543368606e-01 1.119375876178886342e-01 1.070509910558670869e-01 7.433548706712543586e-02 7.173128114876139994e-02 5.898587027683635520e-02 7.294921546795227196e-02 6.419683122485930760e-02 2.812427857364312167e-02
-2.507908707809763937e-02 1.943650084482800508e-02 7.153091443833023422e-02 8.789591705097356267e-02 9.515727761303294230e-02 9.561120268366415931e-02 7.173128114876139994e-02 7.758170740610675908e-02 7.348420847224500230e-02 1.045388622932923728e-01 1.059638082892997574e-01 6.617625814920312377e-02
-6.244425579817539096e-02 -9.830016449499975884e-03 3.082000928737758591e-02 5.104744565489643254e-02 6.318300067507605366e-02 6.980896465939891160e-02 5.898587027683635520e-02 7.348420847224500230e-02 8.061323513298501720e-02 1.282489434638227621e-01 1.414815443689926289e-01 1.021166466085562247e-01
-1.370373906275746401e-01 -4.921616529310882809e-02 -2.347494247915500078e-03 3.250035957214258975e-02 5.661693247198579249e-02 7.388558111549674290e-02 7.294921546795227196e-02 1.045388622932923728e-01 1.282489434638227621e-01 2.199657566861281111e-01 2.539339603039517668e-01 1.948271015677336959e-01
-1.849135495025296949e-01 -8.297246685496875718e-02 -4.541843275845617450e-02 -4.175276318248363761e-03 2.703201814133670070e-02 5.204737535079646121e-02 6.419683122485930760e-02 1.059638082892997574e-01 1.414815443689926289e-01 2.539339603039517668e-01 3.084420157569465748e-01 2.457356362183879539e-01
-1.719599784536165743e-01 -9.251922355048677882e-02 -8.138218071161897049e-02 -4.836240646508831176e-02 -2.051201789053767530e-02 4.411634665893836814e-03 2.812427857364312167e-02 6.617625814920312377e-02 1.021166466085562247e-01 1.948271015677336959e-01 2.457356362183879539e-01 2.104165792059702056e-01
1.499227268128571766e-01 7.665185865577854585e-02 9.245946260211486412e-02 9.872189121524552191e-02 5.879042742723133985e-02 5.033846601203083304e-02 5.966745322238693056e-02 7.621333485610629933e-03 -5.615036002962504880e-02 -1.366860466806167074e-01 -1.563133154531330393e-01 -2.047022736967879786e-01
7.665185865577854585e-02 4.352439475608996938e-02 5.961041756834681293e-02 6.822960149642261218e-02 4.396928149943701847e-02 4.386125427053022552e-02 6.214521035984778285e-02 2.708087253720986576e-02 -8.868241145486328511e-03 -5.097408888848338482e-02 -6.949125124306712586e-02 -9.868172721125714753e-02
9.245946260211486412e-02 5.961041756834681293e-02 9.251402717641228624e-02 1.120631717910411107e-01 7.630214338649922434e-02 8.312794823507818620e-02 1.276443029778243643e-01 7.147289185255932542e-02 2.286322195276048810e-02 -2.910094314519166142e-02 -6.595986424511920965e-02 -1.090879961529501591e-01
9.872189121524552191e-02 6.822960149642261218e-02 1.120631717910411107e-01 1.395044095078312174e-01 9.738237434168331430e-02 1.100158770525842544e-01 1.738623861246638425e-01 1.037658583420821845e-01 4.808937189303297277e-02 -8.091070760696058781e-03 -5.786587927025652056e-02 -1.098405101276953288e-01
5.879042742723133985e-02 4.396928149943701847e-02 7.630214338649922434e-02 9.738237434168331430e-02 7.098595623872941407e-02 8.507700941808618578e-02 1.401031723922808170e-01 8.747781289383561865e-02 4.992820748367154948e-02 1.554189800972185891e-02 -2.353343702897730746e-02 -6.007601383083337881e-02
5.033846601203083304e-02 4.386125427053022552e-02 8.312794823507818620e-02 1.100158770525842544e-01 8.507700941808618578e-02 1.105633992225802387e-01 1.916208805653784042e-01 1.244861443886361163e-01 8.324917815944878063e-02 5.178486933456787067e-02 4.808017941622605776e-04 -4.140183108258403688e-02
5.966745322238693056e-02 6.214521035984778285e-02 1.276443029778243643e-01 1.738623861246638425e-01 1.401031723922808170e-01 1.916208805653784042e-01 3.452077589487244080e-01 2.283866856110100263e-01 1.641701134454818800e-01 1.233918317102253165e-01 3.387745660222801769e-02 -3.275222348840146902e-02
7.621333485610629933e-03 2.708087253720986576e-02 7.147289185255932542e-02 1.037658583420821845e-01 8.747781289383561865e-02 1.244861443886361163e-01 2.283866856110100263e-01 1.628934888235579193e-01 1.344209948857688075e-01 1.256822787584886136e-01 6.388052379893083277e-02 2.559607236563148785e-02
-5.615036002962504880e-02 -8.868241145486328511e-03 2.286322195276048810e-02 4.808937189303297277e-02 4.992820748367154948e-02 8.324917815944878063e-02 1.641701134454818800e-01 1.344209948857688075e-01 1.415574262379662163e-01 1.710383376079019913e-01 1.234223919663807456e-01 1.081694667309057722e-01
-1.366860466806167074e-01 -5.097408888848338482e-02 -2.910094314519166142e-02 -8.091070760696058781e-03 1.554189800972185891e-02 5.178486933456787067e-02 1.233918317102253165e-01 1.256822787584886136e-01 1.710383376079019913e-01 2.494453944569092196e-01 2.100805069081957965e-01 2.179936634227023495e-01
-1.563133154531330393e-01 -6.949125124306712586e-02 -6.595986424511920965e-02 -5.786587927025652056e-02 -2.353343702897730746e-02 4.808017941622605776e-04 3.387745660222801769e-02 6.388052379893083277e-02 1.234223919663807456e-01 2.100805069081957965e-01 2.017751374655839813e-01 2.322130307464382870e-01
-2.047022736967879786e-01 -9.868172721125714753e-02 -1.090879961529501591e-01 -1.098405101276953288e-01 -6.007601383083337881e-02 -4.140183108258403688e-02 -3.275222348840146902e-02 2.559607236563148785e-02 1.081694667309057722e-01 2.179936634227023495e-01 2.322130307464382870e-01 2.921058803527567527e-01
2.007186254892806554e-01 1.921414018137457824e-01 1.438620646637094325e-01 1.094450805614508859e-01 5.137727367489736130e-02 5.460819090037018209e-02 5.343752953317796456e-02 2.364815742943630894e-02 -3.013098885891407272e-02 -9.119613527750373982e-02 -1.516149806791425025e-01 -2.117954587063542449e-01
1.921414018137457824e-01 1.921511324059845816e-01 1.470433867163308261e-01 1.145940714422343520e-01 5.730914612730701740e-02 6.924875233408614439e-02 7.910040263839521191e-02 5.566246744457773593e-02 1.235540394436885096e-03 -6.582333603443567271e-02 -1.317387384078903823e-01 -1.948986597555519285e-01
1.438620646637094325e-01 1.470433867163308261e-01 1.156784182577815789e-01 9.240880067148936339e-02 4.862858613486535642e-02 6.401970807915226269e-02 7.923654516285233429e-02 6.508606869650207516e-02 2.199619186688260564e-02 -3.463901799694386191e-02 -9.031547880197415834e-02 -1.420359129517652086e-01
1.094450805614508859e-01 1.145940714422343520e-01 9.240880067148936339e-02 7.637212759101130732e-02 4.281345420351092418e-02 6.172049388805431192e-02 8.195861619562977429e-02 7.486929235557586437e-02 3.954839387997204081e-02 -1.037998138245740422e-02 -5.962682948525137999e-02 -1.040299958245026746e-01
5.137727367489736130e-02 5.730914612730701740e-02 4.862858613486535642e-02 4.281345420351092418e-02 2.724284485914967371e-02 4.548486987996195469e-02 6.625733412763845642e-02 6.759307490070545765e-02 4.766400555270586259e-02 1.565443048257197933e-02 -1.608206025623787686e-02 -4.342491725624848115e-02
5.460819090037018209e-02 6.924875233408614439e-02 6.401970807915226269e-02 6.172049388805431192e-02 4.548486987996195469e-02 8.663377154733868657e-02 1.349355206439731281e-01 1.469474422713007156e-01 1.177673640316933279e-01 6.400239031642263043e-02 1.053139755305214711e-02 -3.345298994264406939e-02
5.343752953317796456e-02 7.910040263839521191e-02 7.923654516285233429e-02 8.195861619562977429e-02 6.625733412763845642e-02 1.349355206439731281e-01 2.180273131690777799e-01 2.442066967500059749e-01 2.043961532735541209e-01 1.253695969732274706e-01 4.704271920492207604e-02 -1.563286199894733594e-02
2.364815742943630894e-02 5.566246744457773593e-02 6.508606869650207516e-02 7.486929235557586437e-02 6.759307490070545765e-02 1.469474422713007156e-01 2.442066967500059749e-01 2.871887279738455923e-01 2.510871513520717135e-01 1.682090202702922199e-01 8.673770906167485584e-02 2.395447910949200301e-02
-3.013098885891407272e-02 1.235540394436885096e-03 2.199619186688260564e-02 3.954839387997204081e-02 4.766400555270586259e-02 1.177673640316933279e-01 2.043961532735541209e-01 2.510871513520717135e-01 2.387001892061322572e-01 1.789484325960856437e-01 1.195424059107991072e-01 7.721377144703192585e-02
-9.119613527750373982e-02 -6.582333603443567271e-02 -3.463901799694386191e-02 -1.037998138245740422e-02 1.565443048257197933e-02 6.400239031642263043e-02 1.253695969732274706e-01 1.682090202702922199e-01 1.789484325960856437e-01 1.605672552982815304e-01 1.397228897034140660e-01 1.299527729816634114e-01
-1.516149806791425025e-01 -1.317387384078903823e-01 -9.031547880197415834e-02 -5.962682948525137999e-02 -1.608206025623787686e-02 1.053139755305214711e-02 4.704271920492207604e-02 8.673770906167485584e-02 1.195424059107991072e-01 1.397228897034140660e-01 1.590039258550135226e-01 1.825250680980108064e-01
-2.117954587063542449e-01 -1.948986597555519285e-01 -1.420359129517652086e-01 -1.040299958245026746e-01 -4.342491725624848115e-02 -3.345298994264406939e-02 -1.563286199894733594e-02 2.395447910949200301e-02 7.721377144703192585e-02 1.299527729816634114e-01 1.825250680980108064e-01 2.377156683471030041e-01
2.945697020854569637e-01 2.606385065844597504e-01 1.408965424441273873e-01 1.446739933741678953e-02 -5.775525699562386595e-02 -5.668867276907556263e-02 -4.940658602000943395e-02 -4.564121398352059822e-02 -4.849483214742026510e-02 -7.735312808034428000e-02 -1.594981816336827896e-01 -2.632308283937435656e-01
2.606385065844597504e-01 3.063505832299769915e-01 2.528542388632153415e-01 1.337194340047861696e-01 7.927072007824517708e-02 2.865518540812221279e-02 6.044061694315817392e-03 -6.268055330404608862e-03 -1.778136420838109452e-02 -4.152908174044980111e-02 -1.012097600240997319e-01 -1.917637425916065008e-01
1.408965424441273873e-01 2.528542388632153415e-01 2.984741394616990950e-01 2.257165027499203058e-01 2.087751828541750676e-01 1.159946863611174828e-01 6.682153757453375420e-02 4.022497003226213619e-02 2.249112351408896066e-02 1.179582928302979478e-02 -4.390990991279446545e-03 -5.295445037014796796e-02
1.446739933741678953e-02 1.337194340047861696e-01 2.257165027499203058e-01 2.149888452346223888e-01 2.324517661748669584e-01 1.390694520097157660e-01 8.670405491880424365e-02 5.857060034762474193e-02 4.214712004545699553e-02 4.349982440582002979e-02 6.155335045067487909e-02 5.711160842213196254e-02
-5.775525699562386595e-02 7.927072007824517708e-02 2.087751828541750676e-01 2.324517661748669584e-01 2.779179819548633357e-01 1.711314866489082320e-01 1.094684115615544573e-01 7.651552717025925099e-02 5.858699563752858830e-02 6.685766421011471450e-02 1.066034079102307075e-01 1.272285980607892886e-01
-5.668867276907556263e-02 2.865518540812221279e-02 1.159946863611174828e-01 1.390694520097157660e-01 1.711314866489082320e-01 1.080243283698231749e-01 7.028742225036722913e-02 4.998997848798761301e-02 3.927044047236828012e-02 4.641026256788806370e-02 7.660673575038443039e-02 9.665261636395039435e-02
-4.940658602000943395e-02 6.044061694315817392e-03 6.682153757453375420e-02 8.670405491880424365e-02 1.094684115615544573e-01 7.028742225036722913e-02 4.661098190470801261e-02 3.374781216557166952e-02 2.715202225784799084e-02 3.306023284414896790e-02 5.606157129086567631e-02 7.349928286610608874e-02
-4.564121398352059822e-02 -6.268055330404608862e-03 4.022497003226213619e-02 5.857060034762474193e-02 7.651552717025925099e-02 4.998997848798761301e-02 3.374781216557166952e-02 2.494471854556001844e-02 2.061312108518776817e-02 2.590243649516505570e-02 4.511345182286498334e-02 6.123927868516225448e-02
-4.849483214742026510e-02 -1.778136420838109452e-02 2.249112351408896066e-02 4.214712004545699553e-02 5.858699563752858830e-02 3.927044047236828012e-02 2.715202225784799084e-02 2.061312108518776817e-02 1.767264914427459782e-02 2.314469235832603694e-02 4.166776639249376857e-02 5.885876159634084726e-02
-7.735312808034428000e-02 -4.152908174044980111e-02 1.179582928302979478e-02 4.349982440582002979e-02 6.685766421011471450e-02 4.641026256788806370e-02 3.306023284414896790e-02 2.590243649516505570e-02 2.314469235832603694e-02 3.170448516457313043e-02 5.904374146082857350e-02 8.658812515330600867e-02
-1.594981816336827896e-01 -1.012097600240997319e-01 -4.390990991279446545e-03 6.155335045067487909e-02 1.066034079102307075e-01 7.660673575038443039e-02 5.606157129086567631e-02 4.511345182286498334e-02 4.166776639249376857e-02 5.904374146082857350e-02 1.128677606261483113e-01 1.699854494121772475e-01
-2.632308283937435656e-01 -1.917637425916065008e-01 -5.295445037014796796e-02 5.711160842213196254e-02 1.272285980607892886e-01 9.665261636395039435e-02 7.349928286610608874e-02 6.123927868516225448e-02 5.885876159634084726e-02 8.658812515330600867e-02 1.699854494121772475e-01 2.658738242782943129e-01
3.120855354577949936e-01 2.523669894175264439e-01 1.304064099697559986e-01 1.126347599311251224e-01 4.709381780925792765e-02 -1.233799669265110699e-02 -4.888544206061112146e-02 -8.262610136204380507e-02 -1.057330132746250734e-01 -1.381748127065681730e-01 -1.670151768057062114e-01 -2.046607453598892901e-01
2.523669894175264439e-01 2.128669660151886189e-01 1.179070157754315284e-01 1.189342399677713602e-01 7.108097952281564047e-02 2.819176373787088408e-02 -1.585888660712805528e-02 -5.093700189932194589e-02 -7.580579194095574125e-02 -1.055348002921225881e-01 -1.314755538672605639e-01 -1.638490812291084620e-01
1.304064099697559986e-01 1.179070157754315284e-01 7.939149699299749563e-02 1.078115844072156104e-01 9.314893831130979795e-02 8.066873911871473568e-02 3.352457005488747310e-02 2.537559865659659401e-03 -2.073786685377154715e-02 -4.197446728110169195e-02 -6.018875988332761384e-02 -8.100878056149596329e-02
1.126347599311251224e-01 1.189342399677713602e-01 1.078115844072156104e-01 1.934384786761154940e-01 2.031587313731652578e-01 2.136223572165527607e-01 1.201852196307487686e-01 6.595126330655499969e-02 2.355392909875922772e-02 -7.205700388310532813e-03 -3.345225333501842396e-02 -6.096185616877813906e-02
4.709381780925792765e-02 7.108097952281564047e-02 9.314893831130979795e-02 2.031587313731652578e-01 2.400147033698589727e-01 2.740834702052875604e-01 1.666994077808424679e-01 1.087859854075046151e-01 6.295142592528565895e-02 3.466717440991956556e-02 1.045711268434768026e-02 -1.344835488767473497e-02
-1.233799669265110699e-02 2.819176373787088408e-02 8.066873911871473568e-02 2.136223572165527607e-01 2.740834702052875604e-01 3.378617517180916852e-01 2.138716660564616567e-01 1.505531887858761464e-01 1.003932987823479839e-01 7.383674260889551422e-02 5.110437804152089675e-02 3.007804669269995707e-02
-4.888544206061112146e-02 -1.585888660712805528e-02 3.352457005488747310e-02 1.201852196307487686e-01 1.666994077808424679e-01 2.138716660564616567e-01 1.434644437903890291e-01 1.084885843960445573e-01 7.966216762837100007e-02 6.710037580815261804e-02 5.615032536033039146e-02 4.699954883592062649e-02
-8.262610136204380507e-02 -5.093700189932194589e-02 2.537559865659659401e-03 6.595126330655499969e-02 1.087859854075046151e-01 1.505531887858761464e-01 1.084885843960445573e-01 9.075369554692805374e-02 7.451861968688730520e-02 7.098541479841552482e-02 6.746058005144854597e-02 6.592173223650127367e-02
-1.057330132746250734e-01 -7.580579194095574125e-02 -2.073786685377154715e-02 2.355392909875922772e-02 6.295142592528565895e-02 1.003932987823479839e-01 7.966216762837100007e-02 7.451861968688730520e-02 6.842796207883417026e-02 7.194568644363430465e-02 7.418900831719772715e-02 7.841450343552366919e-02
-1.381748127065681730e-01 -1.055348002921225881e-01 -4.197446728110169195e-02 -7.205700388310532813e-03 3.466717440991956556e-02 7.383674260889551422e-02 6.710037580815261804e-02 7.098541479841552482e-02 7.194568644363430465e-02 8.174499584547051390e-02 8.909806114526191978e-02 9.866708738038744431e-02
-1.670151768057062114e-01 -1.314755538672605639e-01 -6.018875988332761384e-02 -3.345225333501842396e-02 1.045711268434768026e-02 5.110437804152089675e-02 5.615032536033039146e-02 6.746058005144854597e-02 7.418900831719772715e-02 8.909806114526191978e-02 1.013808184535846812e-01 1.162349812583962361e-01
