2.691775485306939220e-01 2.062262006059341068e-01 1.084654873047885826e-01 2.031683872158045190e-02 -4.839789241651119844e-02 -6.931510768798990196e-02 -4.797924649246341350e-02 2.664557868757868112e-02 1.180463977434589862e-01 2.119276359091709638e-01
2.062262006059341068e-01 2.961038967253109000e-01 2.079575246984421144e-01 1.110947526083611442e-01 2.074601653130626541e-02 -4.521223930833703775e-02 -6.747466737223659083e-02 -3.711171616337098633e-02 4.204316678422072295e-02 1.249330593917777482e-01
1.084654873047885826e-01 2.079575246984421144e-01 2.878532617330542553e-01 2.170270224557701022e-01 1.186904716462445220e-01 3.095615697466594374e-02 -4.306171272702000868e-02 -6.130129366420830617e-02 -3.356076048049567995e-02 3.495944070628201339e-02
2.031683872158045190e-02 1.110947526083611442e-01 2.170270224557701022e-01 3.676923996178484977e-01 2.106771583377740065e-01 1.121575902241869621e-01 2.506214689783903618e-02 -4.000933208020426846e-02 -6.366981353304641822e-02 -4.273427978148233719e-02
-4.839789241651119844e-02 2.074601653130626541e-02 1.186904716462445220e-01 2.106771583377740065e-01 2.609386296632429936e-01 1.992728575570852645e-01 1.093124953359816409e-01 3.015548698117488657e-02 -4.546532675876058249e-02 -6.958308216260236656e-02
-6.931510768798990196e-02 -4.521223930833703775e-02 3.095615697466594374e-02 1.121575902241869621e-01 1.992728575570852645e-01 2.660406824224489930e-01 2.094150844151997093e-01 1.190258816036731948e-01 2.161111256566981831e-02 -5.069456842311891032e-02
-4.797924649246341350e-02 -6.747466737223659083e-02 -4.306171272702000868e-02 2.506214689783903618e-02 1.093124953359816409e-01 2.094150844151997093e-01 3.293400202811360700e-01 2.200471838233146182e-01 1.135756052503650859e-01 1.575619438953748674e-02
2.664557868757868112e-02 -3.711171616337098633e-02 -6.130129366420830617e-02 -4.000933208020426846e-02 3.015548698117488657e-02 1.190258816036731948e-01 2.200471838233146182e-01 3.359236166488931419e-01 2.114577457894130097e-01 1.071274506143739674e-01
1.180463977434589862e-01 4.204316678422072295e-02 -3.356076048049567995e-02 -6.366981353304641822e-02 -4.546532675876058249e-02 2.161111256566981831e-02 1.135756052503650859e-01 2.114577457894130097e-01 2.746705947729113362e-01 2.075849907038017084e-01
2.119276359091709638e-01 1.249330593917777482e-01 3.495944070628201339e-02 -4.273427978148233719e-02 -6.958308216260236656e-02 -5.069456842311891032e-02 1.575619438953748674e-02 1.071274506143739674e-01 2.075849907038017084e-01 3.122593496044631101e-01
3.064095981024784199e-01 2.187180818467040488e-01 1.244408195643642440e-01 3.185787175217376366e-02 -3.937552726648983759e-02 -6.515392184984068746e-02 -4.971069196531339995e-02 2.251563665833890976e-02 1.101480447771777532e-01 2.023269955888032934e-01
2.187180818467040488e-01 3.163184381824309943e-01 2.167227309632196453e-01 1.112895054943089379e-01 3.756487151676114050e-02 -2.689896739603378495e-02 -5.898322392614657045e-02 -4.423427302287741281e-02 2.617069558289741860e-02 1.123257208455224754e-01
1.244408195643642440e-01 2.167227309632196453e-01 3.139379049388292819e-01 1.954563804685607309e-01 1.182236518393161295e-01 4.728031856287652490e-02 -2.501706870539795180e-02 -6.376301376811273347e-02 -4.547755270802891769e-02 2.714057262112679059e-02
3.185787175217376366e-02 1.112895054943089379e-01 1.954563804685607309e-01 2.164029835476594388e-01 1.955099069569662951e-01 1.177415729253940835e-01 4.283375698710999158e-02 -4.021472145022094574e-02 -6.587918874464371299e-02 -3.964037327235966218e-02
-3.937552726648983759e-02 3.756487151676114050e-02 1.182236518393161295e-01 1.955099069569662951e-01 3.013544594411897704e-01 2.104060993101345978e-01 1.203716130849883797e-01 1.456127817870729070e-02 -5.799621603099237854e-02 -7.236493047770714560e-02
-6.515392184984068746e-02 -2.689896739603378495e-02 4.728031856287652490e-02 1.177415729253940835e-01 2.104060993101345978e-01 2.805723419211080816e-01 2.145839688943716184e-01 1.018607211590824846e-01 2.705194047887070786e-03 -5.794517710058262605e-02
-4.971069196531339995e-02 -5.898322392614657045e-02 -2.501706870539795180e-02 4.283375698710999158e-02 1.203716130849883797e-01 2.145839688943716184e-01 3.250739193669467397e-01 2.136021439667905308e-01 1.069477344251807682e-01 1.045481941680152099e-02
2.251563665833890976e-02 -4.423427302287741281e-02 -6.376301376811273347e-02 -4.021472145022094574e-02 1.456127817870729070e-02 1.018607211590824846e-01 2.136021439667905308e-01 3.606348769635694396e-01 2.181499721502545841e-01 1.124573482221155885e-01
1.101480447771777532e-01 2.617069558289741860e-02 -4.547755270802891769e-02 -6.587918874464371299e-02 -5.799621603099237854e-02 2.705194047887070786e-03 1.069477344251807682e-01 2.181499721502545841e-01 3.158094459835375512e-01 2.100415222495033984e-01
2.023269955888032934e-01 1.123257208455224754e-01 2.714057262112679059e-02 -3.964037327235966218e-02 -7.236493047770714560e-02 -5.794517710058262605e-02 1.045481941680152099e-02 1.124573482221155885e-01 2.100415222495033984e-01 2.634860315522519203e-01
2.989809053872560241e-01 2.099534536150226560e-01 1.027819514620239572e-01 2.867999137207962596e-02 -3.632103647582456823e-02 -6.130107704916028244e-02 -4.843038822922050846e-02 1.996586194993432706e-02 1.140954016032497964e-01 2.200940926343800674e-01
2.099534536150226560e-01 2.876516038304380851e-01 1.966898250202945286e-01 1.199138315049332604e-01 4.266886391340093954e-02 -2.904429216387103066e-02 -6.727757427180464100e-02 -5.114245461559158157e-02 1.718246586172965037e-02 1.157193463021841950e-01
1.027819514620239572e-01 1.966898250202945286e-01 2.490230324272546536e-01 2.136447000154544917e-01 1.246886764811012405e-01 4.063847958601703170e-02 -3.990736062591477423e-02 -6.425052288924271160e-02 -4.630825803101555616e-02 2.158431393206153293e-02
2.867999137207962596e-02 1.199138315049332604e-01 2.136447000154544917e-01 3.441973511271164687e-01 2.101712883461973047e-01 1.123275061797899266e-01 2.072093275454023331e-02 -4.183652447725785817e-02 -6.589661950992736772e-02 -4.387177799123802985e-02
-3.632103647582456823e-02 4.266886391340093954e-02 1.246886764811012405e-01 2.101712883461973047e-01 2.716136645740184763e-01 2.012945206954173394e-01 1.076593655097081992e-01 3.033832060578094125e-02 -3.940762541945250913e-02 -6.369581383099844063e-02
-6.130107704916028244e-02 -2.904429216387103066e-02 4.063847958601703170e-02 1.123275061797899266e-01 2.012945206954173394e-01 2.572261847757379982e-01 2.089969423852512942e-01 1.197887448696089291e-01 3.237446509806610195e-02 -4.307492354157636122e-02
-4.843038822922050846e-02 -6.727757427180464100e-02 -3.990736062591477423e-02 2.072093275454023331e-02 1.076593655097081992e-01 2.089969423852512942e-01 3.717981745592360832e-01 2.137559362065160617e-01 1.134371881972055934e-01 1.488787491209644237e-02
1.996586194993432706e-02 -5.114245461559158157e-02 -6.425052288924271160e-02 -4.183652447725785817e-02 3.033832060578094125e-02 1.197887448696089291e-01 2.137559362065160617e-01 2.778069694312200744e-01 2.052715004455568093e-01 1.011225790395145069e-01
1.140954016032497964e-01 1.718246586172965037e-02 -4.630825803101555616e-02 -6.589661950992736772e-02 -3.940762541945250913e-02 3.237446509806610195e-02 1.134371881972055934e-01 2.052715004455568093e-01 2.634434686483861365e-01 2.054601238368907179e-01
2.200940926343800674e-01 1.157193463021841950e-01 2.158431393206153293e-02 -4.387177799123802985e-02 -6.369581383099844063e-02 -4.307492354157636122e-02 1.488787491209644237e-02 1.011225790395145069e-01 2.054601238368907179e-01 3.782586452393347787e-01
3.182936070892457003e-01 2.139923824879675363e-01 1.179301355885006425e-01 2.381707892237302365e-02 -4.232569043171181128e-02 -6.592970176977683283e-02 -4.217342970474417113e-02 3.142359067260006023e-02 1.134355259730932819e-01 2.064101462278049026e-01
2.139923824879675363e-01 3.301877526498947502e-01 2.170518685285040550e-01 1.149566178321489440e-01 2.995928921510688722e-02 -4.014010786290425625e-02 -6.307886900330793301e-02 -3.991113613597577214e-02 2.386144605320079937e-02 1.105328453531616018e-01
1.179301355885006425e-01 2.170518685285040550e-01 2.862041229511825824e-01 2.068597286395842394e-01 1.132756230350648041e-01 3.497726714196493225e-02 -3.638433935783568635e-02 -6.282455967047408107e-02 -4.624352200460439544e-02 2.594564797670938228e-02
2.381707892237302365e-02 1.149566178321489440e-01 2.068597286395842394e-01 2.883237146712457899e-01 2.053309898626182739e-01 1.188698468593616109e-01 3.096941222831569446e-02 -4.478180076309117019e-02 -7.209747057310934848e-02 -4.571283480963053703e-02
-4.232569043171181128e-02 2.995928921510688722e-02 1.132756230350648041e-01 2.053309898626182739e-01 2.747414747592550333e-01 2.139049001375549763e-01 1.168587105881904453e-01 2.383189795320582796e-02 -4.969755361296161744e-02 -6.487467937108007399e-02
-6.592970176977683283e-02 -4.014010786290425625e-02 3.497726714196493225e-02 1.188698468593616109e-01 2.139049001375549763e-01 3.149837324607773215e-01 2.122899534396668342e-01 1.094767076746935019e-01 1.687475007464276852e-02 -4.432253970562037571e-02
-4.217342970474417113e-02 -6.307886900330793301e-02 -3.638433935783568635e-02 3.096941222831569446e-02 1.168587105881904453e-01 2.122899534396668342e-01 3.241381752487073609e-01 2.134707938310011766e-01 1.139397161115918017e-01 2.721496023840936848e-02
3.142359067260006023e-02 -3.991113613597577214e-02 -6.282455967047408107e-02 -4.478180076309117019e-02 2.383189795320582796e-02 1.094767076746935019e-01 2.134707938310011766e-01 2.740490171076360726e-01 2.111424894589810086e-01 1.118579414846030268e-01
1.134355259730932819e-01 2.386144605320079937e-02 -4.624352200460439544e-02 -7.209747057310934848e-02 -4.969755361296161744e-02 1.687475007464276852e-02 1.139397161115918017e-01 2.111424894589810086e-01 3.458534297191256934e-01 2.043400710480836047e-01
2.064101462278049026e-01 1.105328453531616018e-01 2.594564797670938228e-02 -4.571283480963053703e-02 -6.487467937108007399e-02 -4.432253970562037571e-02 2.721496023840936848e-02 1.118579414846030268e-01 2.043400710480836047e-01 2.432249733429335536e-01
3.211653665417263381e-01 2.158358221586155201e-01 1.175565099511105965e-01 1.953944086129200813e-02 -4.582043778072443507e-02 -6.946930334022269338e-02 -4.691194412740262026e-02 1.926793344487708406e-02 1.065442896323117034e-01 2.091637784001965650e-01
2.158358221586155201e-01 3.359280733228558469e-01 2.180332440917339132e-01 1.120877778597813845e-01 2.727590798410659684e-02 -3.961937472434823304e-02 -6.224278207753984604e-02 -4.845023614570904968e-02 1.324387517606263887e-02 1.083175529533180748e-01
1.175565099511105965e-01 2.180332440917339132e-01 2.915784075835016198e-01 2.062846896686775788e-01 1.123741205316229341e-01 3.911686422843108774e-02 -2.962762634036889692e-02 -6.489903621351839069e-02 -5.286585634747400370e-02 1.985635584281498708e-02
1.953944086129200813e-02 1.120877778597813845e-01 2.062846896686775788e-01 2.907873686659892543e-01 2.053333443405760961e-01 1.253604787367250673e-01 4.339608291785342076e-02 -3.322577426180200327e-02 -6.702440069109549814e-02 -4.862523635576046499e-02
-4.582043778072443507e-02 2.727590798410659684e-02 1.123741205316229341e-01 2.053333443405760961e-01 2.585907396892650478e-01 2.103133131088090191e-01 1.165008509510586376e-01 3.499489745233506227e-02 -3.922054956527576408e-02 -6.452757465037706197e-02
-6.946930334022269338e-02 -3.961937472434823304e-02 3.911686422843108774e-02 1.253604787367250673e-01 2.103133131088090191e-01 3.209019366933328898e-01 2.039334173912067394e-01 1.128158312584474215e-01 2.510879922431301370e-02 -4.459815990527008639e-02
-4.691194412740262026e-02 -6.224278207753984604e-02 -2.962762634036889692e-02 4.339608291785342076e-02 1.165008509510586376e-01 2.039334173912067394e-01 2.546865578811303710e-01 2.086828255220680162e-01 1.147370110643544383e-01 2.759170556608198793e-02
1.926793344487708406e-02 -4.845023614570904968e-02 -6.489903621351839069e-02 -3.322577426180200327e-02 3.499489745233506227e-02 1.128158312584474215e-01 2.086828255220680162e-01 3.125501044255025729e-01 2.156864878956836762e-01 1.169268684846713618e-01
1.065442896323117034e-01 1.324387517606263887e-02 -5.286585634747400370e-02 -6.702440069109549814e-02 -3.922054956527576408e-02 2.510879922431301370e-02 1.147370110643544383e-01 2.156864878956836762e-01 3.395170006522512662e-01 2.129726655826465198e-01
2.091637784001965650e-01 1.083175529533180748e-01 1.985635584281498708e-02 -4.862523635576046499e-02 -6.452757465037706197e-02 -4.459815990527008639e-02 2.759170556608198793e-02 1.169268684846713618e-01 2.129726655826465198e-01 2.742944445444449597e-01
2.946733627367629782e-01 2.184682111852500608e-01 1.244511848321592506e-01 2.813954137846966241e-02 -4.752148922863633912e-02 -6.683262707318166074e-02 -3.063115729026709422e-02 3.953200251420692368e-02 1.109947445083255269e-01 1.973828556220179886e-01
2.184682111852500608e-01 3.584361932380075721e-01 2.119615208723871769e-01 1.062954341719394014e-01 1.223990212665526829e-02 -5.135980711680047939e-02 -6.311699493500036451e-02 -3.405347482073785292e-02 3.093094670102845833e-02 1.150054976973073073e-01
1.244511848321592506e-01 2.119615208723871769e-01 2.628509366176559059e-01 2.029322446644143962e-01 1.046341867834772316e-01 2.132892123319081457e-02 -4.773826883795015408e-02 -6.444688847074969695e-02 -3.991565792182816264e-02 3.444583850703455269e-02
2.813954137846966241e-02 1.062954341719394014e-01 2.029322446644143962e-01 2.951060022592074672e-01 2.156868977463725079e-01 1.214983242811235181e-01 1.669059089675965085e-02 -5.325572220692478820e-02 -7.108514762224801831e-02 -3.934732135106111528e-02
-4.752148922863633912e-02 1.223990212665526829e-02 1.046341867834772316e-01 2.156868977463725079e-01 3.571406040439843999e-01 2.202677647306494069e-01 1.069683359598873895e-01 1.352707056821770767e-02 -4.773531060069076404e-02 -6.250898718743044813e-02
-6.683262707318166074e-02 -5.135980711680047939e-02 2.132892123319081457e-02 1.214983242811235181e-01 2.202677647306494069e-01 3.120227756485520754e-01 2.058227243901985248e-01 1.060431601425382842e-01 3.108635528130776482e-02 -3.428169910206563253e-02
-3.063115729026709422e-02 -6.311699493500036451e-02 -4.773826883795015408e-02 1.669059089675965085e-02 1.069683359598873895e-01 2.058227243901985248e-01 2.753458655210610506e-01 2.097573616572979693e-01 1.273925396760444972e-01 4.333323177437720108e-02
3.953200251420692368e-02 -3.405347482073785292e-02 -6.444688847074969695e-02 -5.325572220692478820e-02 1.352707056821770767e-02 1.060431601425382842e-01 2.097573616572979693e-01 3.047101530081748888e-01 2.185844732863106710e-01 1.200372577014261199e-01
1.109947445083255269e-01 3.093094670102845833e-02 -3.991565792182816264e-02 -7.108514762224801831e-02 -4.773531060069076404e-02 3.108635528130776482e-02 1.273925396760444972e-01 2.185844732863106710e-01 3.104410215887213331e-01 1.975592788482883333e-01
1.973828556220179886e-01 1.150054976973073073e-01 3.444583850703455269e-02 -3.934732135106111528e-02 -6.250898718743044813e-02 -3.428169910206563253e-02 4.333323177437720108e-02 1.200372577014261199e-01 1.975592788482883333e-01 2.292730853378754097e-01
2.828761369494201539e-01 2.125891349034087496e-01 1.187030560597144568e-01 3.358402466214127635e-02 -3.510023182840524281e-02 -6.299952753574913911e-02 -4.914200526202794350e-02 3.024793198869817762e-02 1.132276788012310659e-01 2.042310653043338253e-01
2.125891349034087496e-01 3.564822080779942448e-01 2.129860380436585654e-01 1.185512194366251243e-01 3.877204506545307156e-02 -2.789233383831488805e-02 -6.053056410371604468e-02 -4.085475380828020031e-02 2.569514485059633258e-02 1.121582674302150084e-01
1.187030560597144568e-01 2.129860380436585654e-01 2.631153942113104716e-01 2.016763013604765398e-01 1.154387538820262349e-01 4.548184789484073509e-02 -2.727335571399456399e-02 -6.047533524933858956e-02 -4.243832366527495320e-02 2.978601002548775245e-02
3.358402466214127635e-02 1.185512194366251243e-01 2.016763013604765398e-01 2.639597592705271722e-01 1.972852047638199435e-01 1.199216778628840185e-01 3.723390264027169605e-02 -4.596529819711403508e-02 -7.269947063320376934e-02 -4.100393069889318731e-02
-3.510023182840524281e-02 3.877204506545307156e-02 1.154387538820262349e-01 1.972852047638199435e-01 2.642947974652388732e-01 2.106573127696414194e-01 1.175807334776501345e-01 1.535190837697772079e-02 -6.077005098295831798e-02 -6.878261076561345555e-02
-6.299952753574913911e-02 -2.789233383831488805e-02 4.548184789484073509e-02 1.199216778628840185e-01 2.106573127696414194e-01 2.963235842942562037e-01 2.137665387485209734e-01 1.034874662854112226e-01 -2.223461705151330483e-03 -5.513556380460246653e-02
-4.914200526202794350e-02 -6.053056410371604468e-02 -2.727335571399456399e-02 3.723390264027169605e-02 1.175807334776501345e-01 2.137665387485209734e-01 3.607774443595727076e-01 2.152363580104006691e-01 1.034092596219759186e-01 9.822112150716856560e-03
3.024793198869817762e-02 -4.085475380828020031e-02 -6.047533524933858956e-02 -4.596529819711403508e-02 1.535190837697772079e-02 1.034874662854112226e-01 2.152363580104006691e-01 3.123175388529092489e-01 2.180971972431991479e-01 1.126856752976175824e-01
1.132276788012310659e-01 2.569514485059633258e-02 -4.243832366527495320e-02 -7.269947063320376934e-02 -6.077005098295831798e-02 -2.223461705151330483e-03 1.034092596219759186e-01 2.180971972431991479e-01 3.439980930949219085e-01 2.062427381570461626e-01
2.042310653043338253e-01 1.121582674302150084e-01 2.978601002548775245e-02 -4.100393069889318731e-02 -6.878261076561345555e-02 -5.513556380460246653e-02 9.822112150716856560e-03 1.126856752976175824e-01 2.062427381570461626e-01 2.558550434238474613e-01
2.724988644122962045e-01 2.108570676363126228e-01 1.241634050086111163e-01 3.539308643413972139e-02 -4.349715102490512436e-02 -6.551151484384759582e-02 -3.213566884357343945e-02 4.224540415222817480e-02 1.169587725222494268e-01 1.980393559841995277e-01
2.108570676363126228e-01 3.049204566461330979e-01 2.170276754667307406e-01 1.179716705577156105e-01 2.411779532455034930e-02 -4.700103953210200969e-02 -6.338647415026391063e-02 -3.213769818624952201e-02 3.606047018409975352e-02 1.138688493321145245e-01
1.241634050086111163e-01 2.170276754667307406e-01 3.131722326565022918e-01 2.074386300683034867e-01 1.058256633522208778e-01 1.484253259809754227e-02 -5.173124059396069785e-02 -6.640188247017694834e-02 -3.643333971003358263e-02 3.683886090591251966e-02
3.539308643413972139e-02 1.179716705577156105e-01 2.074386300683034867e-01 2.778554812376730077e-01 2.110038622448327239e-01 1.111871546469482691e-01 1.542209140304766357e-02 -5.445957113875066896e-02 -6.694378665491673708e-02 -3.511115282216178968e-02
-4.349715102490512436e-02 2.411779532455034930e-02 1.058256633522208778e-01 2.110038622448327239e-01 3.112612981068763607e-01 2.173027314089246709e-01 1.122063182684613358e-01 1.096743614808544029e-02 -5.162438932415257253e-02 -6.616640132019985243e-02
-6.551151484384759582e-02 -4.700103953210200969e-02 1.484253259809754227e-02 1.111871546469482691e-01 2.173027314089246709e-01 3.717771535908760416e-01 2.113043331209540909e-01 1.023753577502211076e-01 1.572958163470437876e-02 -4.379583603185695229e-02
-3.213566884357343945e-02 -6.338647415026391063e-02 -5.173124059396069785e-02 1.542209140304766357e-02 1.122063182684613358e-01 2.113043331209540909e-01 2.762728016354627503e-01 2.096891419967000514e-01 1.150746034418437536e-01 3.862068321832008710e-02
4.224540415222817480e-02 -3.213769818624952201e-02 -6.640188247017694834e-02 -5.445957113875066896e-02 1.096743614808544029e-02 1.023753577502211076e-01 2.096891419967000514e-01 3.085819099047217851e-01 2.132542067056881208e-01 1.255417888353547451e-01
1.169587725222494268e-01 3.606047018409975352e-02 -3.643333971003358263e-02 -6.694378665491673708e-02 -5.162438932415257253e-02 1.572958163470437876e-02 1.150746034418437536e-01 2.132542067056881208e-01 3.005453316282857279e-01 2.102059883414808261e-01
1.980393559841995277e-01 1.138688493321145245e-01 3.683886090591251966e-02 -3.511115282216178968e-02 -6.616640132019985243e-02 -4.379583603185695229e-02 3.862068321832008710e-02 1.255417888353547451e-01 2.102059883414808261e-01 2.631144701811745645e-01
2.962978099655798614e-01 2.124061001946034866e-01 1.102830395464466651e-01 3.186367026161288085e-02 -3.263695085381952687e-02 -6.436419509681130802e-02 -5.531839486023330810e-02 8.664482517193086361e-03 1.089742248082629650e-01 2.158021644791671134e-01
2.124061001946034866e-01 3.418411348952712370e-01 2.106470750964248295e-01 1.242503851840842805e-01 4.733267037589651560e-02 -1.852024232834957596e-02 -5.966094522301917946e-02 -5.536077434101931150e-02 6.666928224033918937e-03 1.051064886737931581e-01
1.102830395464466651e-01 2.106470750964248295e-01 2.597009206033092932e-01 2.053320474070537416e-01 1.168831951758525778e-01 5.198927572315455159e-02 -2.031745318919338239e-02 -6.172735984472407789e-02 -5.335697189542660396e-02 1.306083915315012223e-02
3.186367026161288085e-02 1.242503851840842805e-01 2.053320474070537416e-01 2.791464011914331356e-01 1.922032750372433818e-01 1.223622795529668850e-01 4.665157125139943878e-02 -3.192746709631046065e-02 -6.913165813434035689e-02 -4.912445721260840642e-02
-3.263695085381952687e-02 4.733267037589651560e-02 1.168831951758525778e-01 1.922032750372433818e-01 2.229650150925085450e-01 1.981094370525173509e-01 1.164493808613817488e-01 3.342437090647663173e-02 -4.645413443546336785e-02 -6.762474310119549747e-02
-6.436419509681130802e-02 -1.852024232834957596e-02 5.198927572315455159e-02 1.223622795529668850e-01 1.981094370525173509e-01 3.008264389459042176e-01 2.139005743530130177e-01 1.179635185111833212e-01 1.373314542014549694e-02 -5.584660187541735932e-02
-5.531839486023330810e-02 -5.966094522301917946e-02 -2.031745318919338239e-02 4.665157125139943878e-02 1.164493808613817488e-01 2.139005743530130177e-01 3.062895337743349877e-01 2.169864711712147232e-01 1.060296960112611653e-01 6.822916197821436365e-03
8.664482517193086361e-03 -5.536077434101931150e-02 -6.172735984472407789e-02 -3.192746709631046065e-02 3.342437090647663173e-02 1.179635185111833212e-01 2.169864711712147232e-01 3.368631234225719084e-01 2.131675913762416941e-01 1.053550338145253229e-01
1.089742248082629650e-01 6.666928224033918937e-03 -5.335697189542660396e-02 -6.913165813434035689e-02 -4.645413443546336785e-02 1.373314542014549694e-02 1.060296960112611653e-01 2.131675913762416941e-01 3.021213099597476748e-01 2.152363850122128164e-01
2.158021644791671134e-01 1.051064886737931581e-01 1.306083915315012223e-02 -4.912445721260840642e-02 -6.762474310119549747e-02 -5.584660187541735932e-02 6.822916197821436365e-03 1.053550338145253229e-01 2.152363850122128164e-01 3.539483121493349205e-01
2.649138825829128185e-01 2.059638020100525158e-01 1.140480024108432022e-01 3.083886101832987447e-02 -4.324851881062438674e-02 -6.490296556127922445e-02 -5.282818840572845592e-02 1.638703058622472536e-02 1.111103630030340766e-01 2.115291800480588735e-01
2.059638020100525158e-01 3.052051898239542815e-01 2.117086732342466360e-01 1.174059170710415045e-01 2.039710823159276293e-02 -4.623225717024168069e-02 -7.354812895655853111e-02 -5.199307701559989503e-02 1.837569307493545911e-02 1.100044635845719987e-01
1.140480024108432022e-01 2.117086732342466360e-01 3.048874365089119243e-01 2.178363916022092728e-01 1.137527981129646537e-01 2.648769216772257906e-02 -4.194178898688566415e-02 -6.286711455876908827e-02 -4.278927683612997190e-02 2.660630737177642480e-02
3.083886101832987447e-02 1.174059170710415045e-01 2.178363916022092728e-01 3.063718061638170953e-01 2.106992386714712229e-01 1.122411627602583062e-01 3.573226715250069074e-02 -3.039068447683935734e-02 -6.059020525064375690e-02 -4.338841365297736730e-02
-4.324851881062438674e-02 2.039710823159276293e-02 1.137527981129646537e-01 2.106992386714712229e-01 3.204951332140876241e-01 2.064555693030994121e-01 1.224601100533432713e-01 4.276197415387832795e-02 -3.404603213651703764e-02 -6.475835475758549842e-02
-6.490296556127922445e-02 -4.623225717024168069e-02 2.648769216772257906e-02 1.122411627602583062e-01 2.064555693030994121e-01 2.391874703669811253e-01 2.018564955983822851e-01 1.123143238907070018e-01 3.078980227754318094e-02 -4.253788203913214105e-02
-5.282818840572845592e-02 -7.354812895655853111e-02 -4.194178898688566415e-02 3.573226715250069074e-02 1.224601100533432713e-01 2.018564955983822851e-01 3.116048571708132098e-01 2.053347756520838008e-01 1.112123672128862706e-01 1.667478667546738041e-02
1.638703058622472536e-02 -5.199307701559989503e-02 -6.286711455876908827e-02 -3.039068447683935734e-02 4.276197415387832795e-02 1.123143238907070018e-01 2.053347756520838008e-01 2.594513613169479593e-01 2.125817959423831338e-01 1.113643994528854125e-01
1.111103630030340766e-01 1.837569307493545911e-02 -4.278927683612997190e-02 -6.059020525064375690e-02 -3.404603213651703764e-02 3.078980227754318094e-02 1.112123672128862706e-01 2.125817959423831338e-01 3.536770000279793047e-01 2.162871522950411685e-01
2.115291800480588735e-01 1.100044635845719987e-01 2.660630737177642480e-02 -4.338841365297736730e-02 -6.475835475758549842e-02 -4.253788203913214105e-02 1.667478667546738041e-02 1.113643994528854125e-01 2.162871522950411685e-01 3.342058628235977658e-01
3.153315133514029700e-01 2.131677687860011328e-01 1.076004482897792158e-01 1.425868474802558308e-02 -4.211361698877641446e-02 -6.568273717225114883e-02 -4.064384990428235311e-02 3.707659063706415792e-02 1.178189895484370031e-01 2.132997429768118125e-01
2.131677687860011328e-01 3.499204895654671743e-01 2.150981782154419153e-01 1.165200542959836105e-01 3.299295569995952526e-02 -3.226145708933111228e-02 -5.740861513841150066e-02 -3.586932827795388801e-02 2.755276000914820556e-02 1.125891924414328532e-01
1.076004482897792158e-01 2.150981782154419153e-01 2.771924514839563813e-01 2.117878006143776581e-01 1.110084836342955239e-01 4.231144236653805457e-02 -3.110175355981932566e-02 -6.250532402765335283e-02 -4.861794436311461798e-02 1.574752418037750692e-02
1.425868474802558308e-02 1.165200542959836105e-01 2.117878006143776581e-01 3.162270877085209264e-01 1.922423608688683672e-01 1.168325671514068159e-01 3.199597000509529082e-02 -4.668566414502906686e-02 -7.523097875592751893e-02 -5.519982440030608839e-02
-4.211361698877641446e-02 3.299295569995952526e-02 1.110084836342955239e-01 1.922423608688683672e-01 2.094376865917900177e-01 1.986049383638825716e-01 1.083409646791898689e-01 2.051542213788340105e-02 -4.976077239805986457e-02 -6.627921361752051044e-02
-6.568273717225114883e-02 -3.226145708933111228e-02 4.231144236653805457e-02 1.168325671514068159e-01 1.986049383638825716e-01 3.313122688106082681e-01 2.165831694120833595e-01 1.153425201188883198e-01 1.221875793393214019e-02 -4.901908702753705882e-02
-4.064384990428235311e-02 -5.740861513841150066e-02 -3.110175355981932566e-02 3.199597000509529082e-02 1.083409646791898689e-01 2.165831694120833595e-01 3.442937311557294211e-01 2.192087592754156378e-01 1.096305805089132224e-01 2.571839662315222527e-02
3.707659063706415792e-02 -3.586932827795388801e-02 -6.250532402765335283e-02 -4.668566414502906686e-02 2.051542213788340105e-02 1.153425201188883198e-01 2.192087592754156378e-01 3.067543210477187143e-01 2.082397463027145512e-01 1.147075569913504622e-01
1.178189895484370031e-01 2.755276000914820556e-02 -4.861794436311461798e-02 -7.523097875592751893e-02 -4.976077239805986457e-02 1.221875793393214019e-02 1.096305805089132224e-01 2.082397463027145512e-01 2.762238432995875459e-01 2.028361603916007949e-01
2.132997429768118125e-01 1.125891924414328532e-01 1.574752418037750692e-02 -5.519982440030608839e-02 -6.627921361752051044e-02 -4.901908702753705882e-02 2.571839662315222527e-02 1.147075569913504622e-01 2.028361603916007949e-01 2.733066069852190250e-01
2.360117402251576402e-01 1.851185312078402201e-01 1.176629041293069527e-01 4.730737010266503062e-02 -2.901496400830292505e-02 -6.898005831343348437e-02 -5.134136078020838656e-02 3.111050151600200722e-02 1.212014212656492840e-01 2.021068768440769103e-01
1.851185312078402201e-01 2.449394499421631566e-01 2.114019086978998763e-01 1.280630234045126992e-01 3.911274640962666277e-02 -4.326825002520685165e-02 -6.595675925058698541e-02 -3.362699759674175892e-02 4.316467786242138976e-02 1.146319999102376197e-01
1.176629041293069527e-01 2.114019086978998763e-01 3.275576664223558976e-01 2.161218669043804552e-01 1.153498519123861143e-01 1.863828829082822547e-02 -4.671849153870292343e-02 -6.326232673895243463e-02 -2.633210885797167972e-02 4.362869772438193738e-02
4.730737010266503062e-02 1.280630234045126992e-01 2.161218669043804552e-01 3.033873005769969211e-01 2.061628466806164073e-01 1.040491250012512969e-01 1.974560472542349204e-02 -5.066194557715524710e-02 -5.993450514982134880e-02 -2.520996637531757248e-02
-2.901496400830292505e-02 3.911274640962666277e-02 1.153498519123861143e-01 2.061628466806164073e-01 2.607427740591294896e-01 2.080502814721071347e-01 1.139648293733619561e-01 1.575704903893248437e-02 -5.381824756196331577e-02 -6.491524343747498427e-02
-6.898005831343348437e-02 -4.326825002520685165e-02 1.863828829082822547e-02 1.040491250012512969e-01 2.080502814721071347e-01 3.558888241154340992e-01 2.185163813191943194e-01 1.092949654665409942e-01 -5.253890926557114663e-04 -5.929205292708235320e-02
-5.134136078020838656e-02 -6.595675925058698541e-02 -4.671849153870292343e-02 1.974560472542349204e-02 1.139648293733619561e-01 2.185163813191943194e-01 3.180953256012475361e-01 2.150225640779830361e-01 9.708277921259934884e-02 6.919208361147620098e-03
3.111050151600200722e-02 -3.362699759674175892e-02 -6.326232673895243463e-02 -5.066194557715524710e-02 1.575704903893248437e-02 1.092949654665409942e-01 2.150225640779830361e-01 3.158332799451174511e-01 2.143471742310119055e-01 1.170553745378255933e-01
1.212014212656492840e-01 4.316467786242138976e-02 -2.633210885797167972e-02 -5.993450514982134880e-02 -5.381824756196331577e-02 -5.253890926557114663e-04 9.708277921259934884e-02 2.143471742310119055e-01 3.427995702532885547e-01 2.181570428698427211e-01
2.021068768440769103e-01 1.146319999102376197e-01 4.362869772438193738e-02 -2.520996637531757248e-02 -6.491524343747498427e-02 -5.929205292708235320e-02 6.919208361147620098e-03 1.170553745378255933e-01 2.181570428698427211e-01 2.947440688591074220e-01
3.236472723022834064e-01 2.173731813271451707e-01 1.180542920778645394e-01 3.034288933261037463e-02 -4.069164797946063505e-02 -6.410241392286533668e-02 -4.493147698492950398e-02 2.145181784584466317e-02 1.101945788278597543e-01 2.125392600182515190e-01
2.173731813271451707e-01 2.992607316951043095e-01 2.093325318511227995e-01 1.119057458673300559e-01 3.091869454583250423e-02 -3.863372851461586988e-02 -6.680379642816360042e-02 -4.919493194889086596e-02 2.192999902654025474e-02 1.160967337553641399e-01
1.180542920778645394e-01 2.093325318511227995e-01 2.922604916991224933e-01 2.050473527297047016e-01 1.180363745738077785e-01 3.409292546182968175e-02 -4.070957479810698165e-02 -6.882366355373967237e-02 -4.687959294007779110e-02 2.520496282367831048e-02
3.034288933261037463e-02 1.119057458673300559e-01 2.050473527297047016e-01 2.616221720341506130e-01 2.106244179999026134e-01 1.166451890432325389e-01 2.935088566512628755e-02 -4.405363325870598201e-02 -6.628031588328413271e-02 -4.339813118464001113e-02
-4.069164797946063505e-02 3.091869454583250423e-02 1.180363745738077785e-01 2.106244179999026134e-01 3.390662690502178611e-01 2.115563595211858439e-01 1.142351935871496887e-01 2.287726578832469798e-02 -4.505916205806473340e-02 -6.758031694343627493e-02
-6.410241392286533668e-02 -3.863372851461586988e-02 3.409292546182968175e-02 1.166451890432325389e-01 2.115563595211858439e-01 2.755461547278585943e-01 2.099028083329205208e-01 1.120013095171853157e-01 2.820766490900326190e-02 -4.376039146231611165e-02
-4.493147698492950398e-02 -6.680379642816360042e-02 -4.070957479810698165e-02 2.935088566512628755e-02 1.142351935871496887e-01 2.099028083329205208e-01 3.044816169287692942e-01 2.122825199282671327e-01 1.187628837956068162e-01 2.751592392386754959e-02
2.145181784584466317e-02 -4.919493194889086596e-02 -6.882366355373967237e-02 -4.405363325870598201e-02 2.287726578832469798e-02 1.120013095171853157e-01 2.122825199282671327e-01 3.089944932962976898e-01 2.148223331120186763e-01 1.144136253021164340e-01
1.101945788278597543e-01 2.192999902654025474e-02 -4.687959294007779110e-02 -6.628031588328413271e-02 -4.505916205806473340e-02 2.820766490900326190e-02 1.187628837956068162e-01 2.148223331120186763e-01 2.989214247007909719e-01 2.105133594965472033e-01
2.125392600182515190e-01 1.160967337553641399e-01 2.520496282367831048e-02 -4.339813118464001113e-02 -6.758031694343627493e-02 -4.376039146231611165e-02 2.751592392386754959e-02 1.144136253021164340e-01 2.105133594965472033e-01 2.961993735654024906e-01
2.777645260174594899e-01 2.084345250888061940e-01 1.148588054836461453e-01 2.712301713828252706e-02 -4.256527273593899152e-02 -6.524837479346523583e-02 -3.927567967021622364e-02 3.761797891824780748e-02 1.191714856997673350e-01 2.083972876154640552e-01
2.084345250888061940e-01 3.198009530692059177e-01 2.097811287990863638e-01 1.129897092590054775e-01 2.242365749158287819e-02 -4.995485269504205961e-02 -6.788731694494942737e-02 -3.340146512165573234e-02 3.856358060212383698e-02 1.211577954330666229e-01
1.148588054836461453e-01 2.097811287990863638e-01 2.612742000434816747e-01 2.094992238256203620e-01 1.108295787723702769e-01 2.071696930058822272e-02 -4.883821713114580576e-02 -6.064916019677598497e-02 -3.271766189540724346e-02 3.918733554113214279e-02
2.712301713828252706e-02 1.129897092590054775e-01 2.094992238256203620e-01 3.432660584393509851e-01 2.134183748215364163e-01 1.125110696482390649e-01 1.382179932091756602e-02 -4.975332215873176644e-02 -6.845276624732685167e-02 -3.893188743517665695e-02
-4.256527273593899152e-02 2.242365749158287819e-02 1.108295787723702769e-01 2.134183748215364163e-01 3.050438693097500820e-01 2.163474437821023277e-01 1.095048247330006053e-01 1.848385743522509145e-02 -5.070266648001073295e-02 -6.480785723724497016e-02
-6.524837479346523583e-02 -4.995485269504205961e-02 2.071696930058822272e-02 1.125110696482390649e-01 2.163474437821023277e-01 2.988340231434093996e-01 2.114364935960217351e-01 1.104960081428512098e-01 2.317353281883034744e-02 -4.203960102234040319e-02
-3.927567967021622364e-02 -6.788731694494942737e-02 -4.883821713114580576e-02 1.382179932091756602e-02 1.095048247330006053e-01 2.114364935960217351e-01 3.405807824461402622e-01 2.122314386356645433e-01 1.166340225236011108e-01 2.825861640394555785e-02
3.761797891824780748e-02 -3.340146512165573234e-02 -6.064916019677598497e-02 -4.975332215873176644e-02 1.848385743522509145e-02 1.104960081428512098e-01 2.122314386356645433e-01 2.728842076380579851e-01 2.119410292873529222e-01 1.135270785944056671e-01
1.191714856997673350e-01 3.856358060212383698e-02 -3.271766189540724346e-02 -6.845276624732685167e-02 -5.070266648001073295e-02 2.317353281883034744e-02 1.166340225236011108e-01 2.119410292873529222e-01 3.142291581029824643e-01 2.046439901562583930e-01
2.083972876154640552e-01 1.211577954330666229e-01 3.918733554113214279e-02 -3.893188743517665695e-02 -6.480785723724497016e-02 -4.203960102234040319e-02 2.825861640394555785e-02 1.135270785944056671e-01 2.046439901562583930e-01 2.663222217901628497e-01
2.594452153870117073e-01 2.073747036273171918e-01 1.249919936254736824e-01 3.965078347161234140e-02 -4.317839489008218345e-02 -6.808544040827206600e-02 -4.496271001394849809e-02 2.212199930103037754e-02 1.085133126632421979e-01 2.012868262192195612e-01
2.073747036273171918e-01 2.848055926000764293e-01 2.111674620907070532e-01 1.139112225757078073e-01 1.650855229275405983e-02 -5.033963012250734087e-02 -6.799454159312612322e-02 -4.610764645657876304e-02 3.011051092914582283e-02 1.171059295560047120e-01
1.249919936254736824e-01 2.111674620907070532e-01 3.152579815354858983e-01 2.102128151257696143e-01 1.044795307144344987e-01 1.412542562790894060e-02 -4.891334388733013794e-02 -6.861352774124460097e-02 -3.496003557385334026e-02 4.287653246586331512e-02
3.965078347161234140e-02 1.139112225757078073e-01 2.102128151257696143e-01 2.779465615371360387e-01 2.131173718919470161e-01 1.156087682683951678e-01 2.775833970635947431e-02 -4.362256398235264676e-02 -5.883461669027591212e-02 -3.050034257168300969e-02
-4.317839489008218345e-02 1.650855229275405983e-02 1.044795307144344987e-01 2.131173718919470161e-01 3.663923397876877042e-01 2.148334281892071429e-01 1.149619806279247730e-01 2.573687980602858139e-02 -4.072519245198719107e-02 -6.565116808476589849e-02
-6.808544040827206600e-02 -5.033963012250734087e-02 1.412542562790894060e-02 1.156087682683951678e-01 2.148334281892071429e-01 2.903753643933846273e-01 2.039531512055628992e-01 1.088685582180264483e-01 2.689212480736940039e-02 -4.787361193537101323e-02
-4.496271001394849809e-02 -6.799454159312612322e-02 -4.891334388733013794e-02 2.775833970635947431e-02 1.149619806279247730e-01 2.039531512055628992e-01 2.482604392822918560e-01 2.027246375967718672e-01 1.122925255511230125e-01 2.275934789750958670e-02
2.212199930103037754e-02 -4.610764645657876304e-02 -6.861352774124460097e-02 -4.362256398235264676e-02 2.573687980602858139e-02 1.088685582180264483e-01 2.027246375967718672e-01 3.378166017995415382e-01 2.197696988610532975e-01 1.205595204548446375e-01
1.085133126632421979e-01 3.011051092914582283e-02 -3.496003557385334026e-02 -5.883461669027591212e-02 -4.072519245198719107e-02 2.689212480736940039e-02 1.122925255511230125e-01 2.197696988610532975e-01 3.164427276086241858e-01 2.164567545819529037e-01
2.012868262192195612e-01 1.171059295560047120e-01 4.287653246586331512e-02 -3.050034257168300969e-02 -6.565116808476589849e-02 -4.787361193537101323e-02 2.275934789750958670e-02 1.205595204548446375e-01 2.164567545819529037e-01 3.032571760687569062e-01
3.068680445550566738e-01 2.192885875989367683e-01 1.243907424904373421e-01 3.492397348699238790e-02 -4.087231892783436960e-02 -6.709224366831917363e-02 -4.779655272955120326e-02 2.259788676951644121e-02 1.074134162704964007e-01 2.033755328084139169e-01
2.192885875989367683e-01 3.218802738628940840e-01 2.075185516780624628e-01 1.093560472045170262e-01 2.432915067406812501e-02 -4.306080777114111580e-02 -6.736542355201299848e-02 -4.216121538269780589e-02 3.160570759143542519e-02 1.215269014904818146e-01
1.243907424904373421e-01 2.075185516780624628e-01 2.568790189538177060e-01 2.005556306920363019e-01 1.129269228917181705e-01 3.279670136178757661e-02 -3.956601422051802402e-02 -6.327757480982371119e-02 -3.684670269025551448e-02 3.973947052214113485e-02
3.492397348699238790e-02 1.093560472045170262e-01 2.005556306920363019e-01 2.853945735022781482e-01 2.163928327558995446e-01 1.244144089049720042e-01 2.951826396981192813e-02 -4.795237920385252151e-02 -6.803273088825756432e-02 -3.477317183008181434e-02
-4.087231892783436960e-02 2.432915067406812501e-02 1.129269228917181705e-01 2.163928327558995446e-01 3.479966618563936076e-01 2.145840916649474350e-01 1.096556466603688107e-01 1.305680721453070930e-02 -5.145949790914493283e-02 -6.510168479845136746e-02
-6.709224366831917363e-02 -4.306080777114111580e-02 3.279670136178757661e-02 1.244144089049720042e-01 2.145840916649474350e-01 2.781980888999252555e-01 2.049038375369682252e-01 1.037396834798859080e-01 2.031163936090281397e-02 -4.622457720554348781e-02
-4.779655272955120326e-02 -6.736542355201299848e-02 -3.956601422051802402e-02 2.951826396981192813e-02 1.096556466603688107e-01 2.049038375369682252e-01 2.899043735033736136e-01 2.147530583964362139e-01 1.219899064676565476e-01 2.424787297191453514e-02
2.259788676951644121e-02 -4.216121538269780589e-02 -6.327757480982371119e-02 -4.795237920385252151e-02 1.305680721453070930e-02 1.037396834798859080e-01 2.147530583964362139e-01 3.493167699107072588e-01 2.204696941261821419e-01 1.123482026407136292e-01
