2.773174239157277787e-01 1.660537328889201136e-01 9.494928936806301678e-02 3.743010041554702128e-02 1.043324155388410026e-03 -3.206449507543512878e-02 -3.754180728904388947e-02 -2.441198894996288865e-02 1.860931923340054112e-02 7.141086850569772215e-02 1.602336106361609280e-01 2.212482568923969384e-01
1.660537328889201136e-01 1.646967477734516683e-01 1.686737063440715001e-01 9.769726587757331104e-02 5.849323537599422640e-02 2.778611104447838674e-03 -3.971710638888205358e-02 -4.618122217973368027e-02 -2.412274170470481149e-02 1.796868141918348330e-02 7.538818097587329792e-02 1.158743058856781943e-01
9.494928936806301678e-02 1.686737063440715001e-01 2.801566391580038173e-01 1.847039547720447372e-01 1.292887139609049663e-01 5.394236988567520374e-02 -2.819731050965578953e-02 -5.697831712200918802e-02 -5.691229975126789464e-02 -3.060380466107753133e-02 -5.403105680742910019e-03 4.105990663414990638e-02
3.743010041554702128e-02 9.769726587757331104e-02 1.847039547720447372e-01 1.704536571246936805e-01 1.827238760877303858e-01 8.979805591712544666e-02 1.419905425169141339e-02 -3.003757535768216552e-02 -4.434186958110668264e-02 -3.620894420574459482e-02 -3.558416212246051646e-02 -4.321925844137772602e-03
1.043324155388410026e-03 5.849323537599422640e-02 1.292887139609049663e-01 1.827238760877303858e-01 4.001242407546616309e-01 1.855586788400188647e-01 8.105783285078961564e-02 1.236138151773698637e-02 -2.393922792823684892e-02 -3.396368134394887189e-02 -4.955212366218000875e-02 -3.362642434853933132e-02
-3.206449507543512878e-02 2.778611104447838674e-03 5.394236988567520374e-02 8.979805591712544666e-02 1.855586788400188647e-01 2.200468210092244858e-01 2.062618970390577289e-01 1.219197630576531743e-01 7.043705614937165183e-02 1.300372789825392228e-02 -2.877651169573107806e-02 -3.941127252134058595e-02
-3.754180728904388947e-02 -3.971710638888205358e-02 -2.819731050965578953e-02 1.419905425169141339e-02 8.105783285078961564e-02 2.062618970390577289e-01 3.409047995188002611e-01 2.122925714163630961e-01 1.410599057836396386e-01 6.084562359187794395e-02 1.691689180956938710e-02 -1.767512753908356826e-02
-2.441198894996288865e-02 -4.618122217973368027e-02 -5.697831712200918802e-02 -3.003757535768216552e-02 1.236138151773698637e-02 1.219197630576531743e-01 2.122925714163630961e-01 2.891296732784530699e-01 2.059960314933984293e-01 9.481353099585720923e-02 5.176812435873149459e-02 1.080683414490027708e-02
1.860931923340054112e-02 -2.412274170470481149e-02 -5.691229975126789464e-02 -4.434186958110668264e-02 -2.393922792823684892e-02 7.043705614937165183e-02 1.410599057836396386e-01 2.059960314933984293e-01 1.907614115696928125e-01 1.076835932575237187e-01 9.205544938643930863e-02 5.421429328682920989e-02
7.141086850569772215e-02 1.796868141918348330e-02 -3.060380466107753133e-02 -3.620894420574459482e-02 -3.396368134394887189e-02 1.300372789825392228e-02 6.084562359187794395e-02 9.481353099585720923e-02 1.076835932575237187e-01 9.588740357097372269e-02 1.341844634250161095e-01 1.038787317249564995e-01
1.602336106361609280e-01 7.538818097587329792e-02 -5.403105680742910019e-03 -3.558416212246051646e-02 -4.955212366218000875e-02 -2.877651169573107806e-02 1.691689180956938710e-02 5.176812435873149459e-02 9.205544938643930863e-02 1.341844634250161095e-01 2.634106055016851577e-01 2.236120830928957637e-01
2.212482568923969384e-01 1.158743058856781943e-01 4.105990663414990638e-02 -4.321925844137772602e-03 -3.362642434853933132e-02 -3.941127252134058595e-02 -1.767512753908356826e-02 1.080683414490027708e-02 5.421429328682920989e-02 1.038787317249564995e-01 2.236120830928957637e-01 3.071105768246251699e-01
1.915399183347667456e-01 1.772398337126331047e-01 9.109848052265895335e-02 4.550262871823854138e-02 5.723185764510056815e-04 -3.002128780123052010e-02 -3.532498440362556724e-02 -2.665389867820361358e-02 6.298812517330412003e-03 4.722525116565393782e-02 1.348159122156478151e-01 2.008607136841160656e-01
1.772398337126331047e-01 2.964208479474444435e-01 1.841307289079573972e-01 1.169469017239130604e-01 4.955069281551261612e-02 -2.630622218645556343e-02 -6.335612782530009035e-02 -7.536967555641904681e-02 -4.976143086264331328e-02 -5.109219924898498848e-03 4.914047491287400204e-02 1.053216977197999477e-01
9.109848052265895335e-02 1.841307289079573972e-01 1.747477420167358186e-01 1.574767536101075449e-01 1.033529512705955722e-01 3.246267927203946857e-02 -3.319816541743184080e-02 -6.639720666844378671e-02 -5.679536475993038347e-02 -3.082111430015204573e-02 -2.025356153871420151e-02 3.041413556513008348e-02
4.550262871823854138e-02 1.169469017239130604e-01 1.574767536101075449e-01 2.223913585125760206e-01 2.082781364636466515e-01 1.178256736065436960e-01 1.968307983791846988e-02 -4.434663251905056336e-02 -5.080809570797580055e-02 -3.712051758543929991e-02 -4.702404355813366577e-02 -8.153233984636168788e-03
5.723185764510056815e-04 4.955069281551261612e-02 1.033529512705955722e-01 2.082781364636466515e-01 4.038327858089078015e-01 2.151353886899330936e-01 1.032628469655255399e-01 2.750728359993208014e-02 -7.765476237754113595e-03 -2.093351949944653040e-02 -4.434662907028399936e-02 -3.330284183297353706e-02
-3.002128780123052010e-02 -2.630622218645556343e-02 3.246267927203946857e-02 1.178256736065436960e-01 2.151353886899330936e-01 3.211944918253266112e-01 1.992455089084170239e-01 1.145838182445493986e-01 6.221906199561115514e-02 2.073021823111168699e-02 -5.342016863251078471e-04 -2.240424912143294811e-02
-3.532498440362556724e-02 -6.335612782530009035e-02 -3.319816541743184080e-02 1.968307983791846988e-02 1.032628469655255399e-01 1.992455089084170239e-01 2.222529078229319166e-01 1.882807917120321861e-01 1.158050368938290109e-01 5.248880549267693346e-02 4.012106709781036729e-02 1.109772009988031424e-03
-2.665389867820361358e-02 -7.536967555641904681e-02 -6.639720666844378671e-02 -4.434663251905056336e-02 2.750728359993208014e-02 1.145838182445493986e-01 1.882807917120321861e-01 2.525426225622870446e-01 1.694300695891987063e-01 8.194575944181450855e-02 7.574031640414038979e-02 3.082122198786298867e-02
6.298812517330412003e-03 -4.976143086264331328e-02 -5.679536475993038347e-02 -5.080809570797580055e-02 -7.765476237754113595e-03 6.221906199561115514e-02 1.158050368938290109e-01 1.694300695891987063e-01 1.381520749551930494e-01 8.381225729930101565e-02 1.055439148099348579e-01 6.356180104391623287e-02
4.722525116565393782e-02 -5.109219924898498848e-03 -3.082111430015204573e-02 -3.712051758543929991e-02 -2.093351949944653040e-02 2.073021823111168699e-02 5.248880549267693346e-02 8.194575944181450855e-02 8.381225729930101565e-02 7.765987554924386194e-02 1.382149312222009374e-01 9.653538178098705624e-02
1.348159122156478151e-01 4.914047491287400204e-02 -2.025356153871420151e-02 -4.702404355813366577e-02 -4.434662907028399936e-02 -5.342016863251078471e-04 4.012106709781036729e-02 7.574031640414038979e-02 1.055439148099348579e-01 1.382149312222009374e-01 3.083445822037274020e-01 2.255622516648421172e-01
2.008607136841160656e-01 1.053216977197999477e-01 3.041413556513008348e-02 -8.153233984636168788e-03 -3.330284183297353706e-02 -2.240424912143294811e-02 1.109772009988031424e-03 3.082122198786298867e-02 6.356180104391623287e-02 9.653538178098705624e-02 2.255622516648421172e-01 3.909207924608515405e-01
3.000656531260164073e-01 2.186112495269780243e-01 9.913965250658508810e-02 5.309479673272690659e-02 2.157989115869201821e-02 -1.269180394158524877e-02 -3.635474482335251944e-02 -4.757406759968017818e-02 -2.019672804092369905e-02 2.725111724883016659e-02 1.024203060922229680e-01 2.200184858345889671e-01
2.186112495269780243e-01 3.435340271804375734e-01 1.560072325880141886e-01 9.438476771883536065e-02 6.460446462097987896e-02 2.223135377879596752e-02 -2.859611754111540671e-02 -6.720603552302115147e-02 -6.319650159668827039e-02 -4.072581606788422404e-02 1.979098965223569789e-02 1.298383270089275010e-01
9.913965250658508810e-02 1.560072325880141886e-01 9.965888209228965233e-02 9.364192549625866002e-02 9.490586667103188823e-02 5.987877663594177308e-02 1.386077216673643059e-02 -3.346941744938060348e-02 -4.858899970579122485e-02 -4.437052958779318101e-02 -2.105038747318680598e-02 4.458091971192190001e-02
5.309479673272690659e-02 9.438476771883536065e-02 9.364192549625866002e-02 1.359208145865029305e-01 1.729439808206840734e-01 1.247987344064933057e-01 6.787870345139705719e-02 -3.546584795565623123e-04 -4.151242475680271687e-02 -5.110971779927320213e-02 -4.710306150573728007e-02 -1.676141571973728929e-03
2.157989115869201821e-02 6.460446462097987896e-02 9.490586667103188823e-02 1.729439808206840734e-01 2.704488217005964201e-01 2.168629582954230139e-01 1.326985990960915796e-01 4.938764590342127614e-02 -1.909083768499585457e-02 -4.659502195008007053e-02 -5.891814403532845412e-02 -3.280574544904676232e-02
-1.269180394158524877e-02 2.223135377879596752e-02 5.987877663594177308e-02 1.247987344064933057e-01 2.168629582954230139e-01 3.717605840747009727e-01 2.048035607116165668e-01 1.072177887218027093e-01 3.498670415138723649e-02 -7.199274950811419480e-03 -3.712602833526965768e-02 -3.831344210793351246e-02
-3.635474482335251944e-02 -2.859611754111540671e-02 1.386077216673643059e-02 6.787870345139705719e-02 1.326985990960915796e-01 2.048035607116165668e-01 2.085461702843785514e-01 1.767969724684065047e-01 1.023470435586977118e-01 5.457106267867617433e-02 1.933674122492641534e-02 -2.118485242365813689e-02
-4.757406759968017818e-02 -6.720603552302115147e-02 -3.346941744938060348e-02 -3.546584795565623123e-04 4.938764590342127614e-02 1.072177887218027093e-01 1.767969724684065047e-01 2.611058355567673628e-01 1.899965960110354679e-01 1.237182455991781144e-01 8.272927635049634465e-02 1.148835752811630008e-02
-2.019672804092369905e-02 -6.319650159668827039e-02 -4.858899970579122485e-02 -4.151242475680271687e-02 -1.909083768499585457e-02 3.498670415138723649e-02 1.023470435586977118e-01 1.899965960110354679e-01 2.030329316144169893e-01 1.653456677511732920e-01 1.276848564108000184e-01 5.525654320510706152e-02
2.725111724883016659e-02 -4.072581606788422404e-02 -4.437052958779318101e-02 -5.110971779927320213e-02 -4.659502195008007053e-02 -7.199274950811419480e-03 5.457106267867617433e-02 1.237182455991781144e-01 1.653456677511732920e-01 2.058395777656813197e-01 1.981412085893300146e-01 1.097797356313214567e-01
1.024203060922229680e-01 1.979098965223569789e-02 -2.105038747318680598e-02 -4.710306150573728007e-02 -5.891814403532845412e-02 -3.712602833526965768e-02 1.933674122492641534e-02 8.272927635049634465e-02 1.276848564108000184e-01 1.981412085893300146e-01 2.893672298952198463e-01 2.002016332035727042e-01
2.200184858345889671e-01 1.298383270089275010e-01 4.458091971192190001e-02 -1.676141571973728929e-03 -3.280574544904676232e-02 -3.831344210793351246e-02 -2.118485242365813689e-02 1.148835752811630008e-02 5.525654320510706152e-02 1.097797356313214567e-01 2.002016332035727042e-01 3.107194721229997736e-01
2.447873109427278204e-01 1.455709240912991809e-01 1.044115200178121206e-01 5.438952994360272963e-02 -4.460667861068773332e-03 -4.972639008458241278e-02 -5.272114938953633562e-02 -5.335127034285554182e-02 -1.397567007750124234e-02 5.394948593318529828e-02 1.422015560847792182e-01 2.163117192266582611e-01
1.455709240912991809e-01 1.610963369334694195e-01 1.883345185473245809e-01 1.249737094883505983e-01 4.884782363992699883e-02 -6.885262540745707392e-03 -3.373713677014678058e-02 -4.830696912155992007e-02 -3.976163886629731359e-02 -1.201227911488181137e-02 4.062741192309306248e-02 8.810214726755530301e-02
1.044115200178121206e-01 1.883345185473245809e-01 3.088955507487317065e-01 2.204717828785416889e-01 1.117864618446951230e-01 4.874060486490475880e-02 -4.306753765572974776e-03 -3.415061085490214005e-02 -4.834358885789177135e-02 -4.997028632114507152e-02 -2.493165737947240779e-02 2.270002883096625124e-02
5.438952994360272963e-02 1.249737094883505983e-01 2.204717828785416889e-01 4.079372451364743912e-01 1.722988989091870371e-01 9.056702832365842726e-02 3.347715699825851848e-02 3.454921908861627138e-03 -2.450480918547493989e-02 -4.311309578945982102e-02 -4.365064730344697663e-02 -1.666404698030586606e-02
-4.460667861068773332e-03 4.884782363992699883e-02 1.117864618446951230e-01 1.722988989091870371e-01 1.346818072854112924e-01 1.427147982469280096e-01 9.330398925694562140e-02 6.856722134802907542e-02 3.870518125682401167e-02 2.934054047849391292e-03 -3.237778452684647590e-02 -3.381926162689538606e-02
-4.972639008458241278e-02 -6.885262540745707392e-03 4.874060486490475880e-02 9.056702832365842726e-02 1.427147982469280096e-01 2.380624948285520737e-01 1.813129023543025853e-01 1.468346971970728165e-01 1.065525010401479622e-01 5.183328180945375591e-02 -1.930687266920931219e-02 -4.670109631291032015e-02
-5.272114938953633562e-02 -3.373713677014678058e-02 -4.306753765572974776e-03 3.347715699825851848e-02 9.330398925694562140e-02 1.813129023543025853e-01 1.807979128150434267e-01 1.818027711508964084e-01 1.271483759999997298e-01 7.079827467706975574e-02 5.009392858662333609e-03 -3.276839584374335174e-02
-5.335127034285554182e-02 -4.830696912155992007e-02 -3.415061085490214005e-02 3.454921908861627138e-03 6.856722134802907542e-02 1.468346971970728165e-01 1.818027711508964084e-01 2.893217809227354165e-01 1.998353767070966680e-01 1.122418614826172223e-01 3.582857282045162628e-02 -1.662905766225650575e-02
-1.397567007750124234e-02 -3.976163886629731359e-02 -4.834358885789177135e-02 -2.450480918547493989e-02 3.870518125682401167e-02 1.065525010401479622e-01 1.271483759999997298e-01 1.998353767070966680e-01 1.913522815944760924e-01 1.386928270446233791e-01 8.857094521675508425e-02 3.788357387449759611e-02
5.394948593318529828e-02 -1.201227911488181137e-02 -4.997028632114507152e-02 -4.311309578945982102e-02 2.934054047849391292e-03 5.183328180945375591e-02 7.079827467706975574e-02 1.122418614826172223e-01 1.386928270446233791e-01 1.652151286670370811e-01 1.866327158189551305e-01 1.154002114243336402e-01
1.422015560847792182e-01 4.062741192309306248e-02 -2.493165737947240779e-02 -4.365064730344697663e-02 -3.237778452684647590e-02 -1.930687266920931219e-02 5.009392858662333609e-03 3.582857282045162628e-02 8.857094521675508425e-02 1.866327158189551305e-01 3.738343121855647322e-01 2.205393441180583392e-01
2.163117192266582611e-01 8.810214726755530301e-02 2.270002883096625124e-02 -1.666404698030586606e-02 -3.381926162689538606e-02 -4.670109631291032015e-02 -3.276839584374335174e-02 -1.662905766225650575e-02 3.788357387449759611e-02 1.154002114243336402e-01 2.205393441180583392e-01 3.040178379397734387e-01
2.885605168146797572e-01 1.820410198494207266e-01 1.112382926967225572e-01 8.142725041637161043e-02 2.869153192757330564e-02 -9.973353380324730816e-03 -4.875173850010366960e-02 -6.363521343568626087e-02 -3.391820774753311063e-02 4.206592782042498091e-02 1.253540666440114970e-01 1.848957625785154768e-01
1.820410198494207266e-01 1.525776718956435851e-01 1.204535829443435235e-01 1.128220864617793529e-01 5.509445587964446889e-02 2.780430630196320529e-02 -1.886736123786536545e-02 -4.866524823857422410e-02 -4.444673320702943048e-02 1.350242152839036544e-03 7.132833115381878586e-02 1.129019158094110853e-01
1.112382926967225572e-01 1.204535829443435235e-01 1.453585180806261645e-01 1.791633505841985774e-01 9.515063641131030203e-02 6.809837691737560816e-02 1.944671530933160877e-02 -2.271728097248564004e-02 -4.309853437076386490e-02 -2.432083064139164280e-02 3.067492316342729231e-02 6.664171148419203994e-02
8.142725041637161043e-02 1.128220864617793529e-01 1.791633505841985774e-01 2.829140966974238447e-01 1.599330247408491945e-01 1.274110334779155473e-01 7.194704261465247053e-02 1.597366679036692216e-02 -3.842421506165993872e-02 -4.574286748968493105e-02 -7.846095153623078647e-03 3.630604275691075300e-02
2.869153192757330564e-02 5.509445587964446889e-02 9.515063641131030203e-02 1.599330247408491945e-01 1.354610241375693858e-01 1.682300482144770126e-01 1.014093304990488775e-01 5.077157955491727603e-02 -7.607624807835517561e-03 -3.767910806404548701e-02 -3.307658692331178624e-02 -5.165855774397643679e-03
-9.973353380324730816e-03 2.780430630196320529e-02 6.809837691737560816e-02 1.274110334779155473e-01 1.682300482144770126e-01 3.300796290151943868e-01 1.993190719716099735e-01 1.143554363515803252e-01 3.132398754361541415e-02 -3.539000585049733444e-02 -6.060667018591298777e-02 -4.180610914284818569e-02
-4.875173850010366960e-02 -1.886736123786536545e-02 1.944671530933160877e-02 7.194704261465247053e-02 1.014093304990488775e-01 1.993190719716099735e-01 2.141819507438557091e-01 1.807387812709940755e-01 1.017356192648115609e-01 2.729823465907774485e-02 -4.976331030279591838e-02 -5.745710481220689392e-02
-6.363521343568626087e-02 -4.866524823857422410e-02 -2.271728097248564004e-02 1.597366679036692216e-02 5.077157955491727603e-02 1.143554363515803252e-01 1.807387812709940755e-01 2.463430890573816701e-01 2.046644248711028957e-01 1.117914249684877070e-01 -3.669986543931296353e-03 -4.827772614739225809e-02
-3.391820774753311063e-02 -4.444673320702943048e-02 -4.309853437076386490e-02 -3.842421506165993872e-02 -7.607624807835517561e-03 3.132398754361541415e-02 1.017356192648115609e-01 2.046644248711028957e-01 3.910947465493397335e-01 2.236977872346464502e-01 1.040119362465583286e-01 1.801607081693820667e-02
4.206592782042498091e-02 1.350242152839036544e-03 -2.432083064139164280e-02 -4.574286748968493105e-02 -3.767910806404548701e-02 -3.539000585049733444e-02 2.729823465907774485e-02 1.117914249684877070e-01 2.236977872346464502e-01 3.403581373149570655e-01 2.082668161972228704e-01 9.808793190192816036e-02
1.253540666440114970e-01 7.132833115381878586e-02 3.067492316342729231e-02 -7.846095153623078647e-03 -3.307658692331178624e-02 -6.060667018591298777e-02 -4.976331030279591838e-02 -3.669986543931296353e-03 1.040119362465583286e-01 2.082668161972228704e-01 2.851406434460942441e-01 1.815111217109164898e-01
1.848957625785154768e-01 1.129019158094110853e-01 6.664171148419203994e-02 3.630604275691075300e-02 -5.165855774397643679e-03 -4.180610914284818569e-02 -5.745710481220689392e-02 -4.827772614739225809e-02 1.801607081693820667e-02 9.808793190192816036e-02 1.815111217109164898e-01 1.879299762472291802e-01
2.216418256517795338e-01 2.067964696498167110e-01 1.149432442374899305e-01 1.854406829298527182e-02 -4.209528221392720704e-02 -5.699960051563776608e-02 -3.516893909070272634e-02 -1.388591403112218389e-02 1.092789273398832306e-02 4.941657602479748723e-02 1.171421762288663709e-01 1.811011789043166786e-01
2.067964696498167110e-01 3.780171628452156374e-01 2.007056916739098085e-01 8.454988814762454119e-02 4.327113125760877893e-03 -3.138215340035549472e-02 -3.295193258152068205e-02 -3.516176815334712269e-02 -1.931361257371463566e-02 2.118022664751309514e-02 7.856445869332275012e-02 1.339456625383946275e-01
1.149432442374899305e-01 2.007056916739098085e-01 2.688414938954757361e-01 2.036341203457191773e-01 1.168397712412810874e-01 5.763908970312267566e-02 1.824964451686277456e-03 -4.038596908894442894e-02 -4.276614093722426457e-02 -1.819657657840503123e-02 1.477791007782433379e-02 6.140840159100171419e-02
1.854406829298527182e-02 8.454988814762454119e-02 2.036341203457191773e-01 2.636289049919730010e-01 2.105961889742986592e-01 1.318444720659668612e-01 4.738471901623673987e-02 -9.962921402052880154e-03 -2.984345111079074117e-02 -3.555645330642980689e-02 -4.329362146854446453e-02 -2.655435431796561094e-02
-4.209528221392720704e-02 4.327113125760877893e-03 1.168397712412810874e-01 2.105961889742986592e-01 4.034757487203561865e-01 2.011216345107363634e-01 8.058742642793186028e-02 2.617029927022663724e-02 -3.447087598441042101e-03 -2.865430943254769838e-02 -5.691879391230678792e-02 -6.365864604376011981e-02
-5.699960051563776608e-02 -3.138215340035549472e-02 5.763908970312267566e-02 1.318444720659668612e-01 2.011216345107363634e-01 1.771437108690951667e-01 1.088955213766398256e-01 9.829782383131277501e-02 6.892246766664020252e-02 1.675641438075137560e-02 -3.173571216635587972e-02 -6.117944238113141864e-02
-3.516893909070272634e-02 -3.295193258152068205e-02 1.824964451686277456e-03 4.738471901623673987e-02 8.058742642793186028e-02 1.088955213766398256e-01 1.140340347970249385e-01 1.725289985509237400e-01 1.208291125594499194e-01 6.155157751009609352e-02 1.698538908936403011e-02 -2.080726112873811789e-02
-1.388591403112218389e-02 -3.516176815334712269e-02 -4.038596908894442894e-02 -9.962921402052880154e-03 2.617029927022663724e-02 9.829782383131277501e-02 1.725289985509237400e-01 3.888210712457322860e-01 2.256083106325982857e-01 1.298172733430745796e-01 7.838465236669658887e-02 2.408155514237356187e-02
1.092789273398832306e-02 -1.931361257371463566e-02 -4.276614093722426457e-02 -2.984345111079074117e-02 -3.447087598441042101e-03 6.892246766664020252e-02 1.208291125594499194e-01 2.256083106325982857e-01 3.129638187479660827e-01 1.784237155723968904e-01 1.113691765654926114e-01 5.270799793498590069e-02
4.941657602479748723e-02 2.118022664751309514e-02 -1.819657657840503123e-02 -3.555645330642980689e-02 -2.865430943254769838e-02 1.675641438075137560e-02 6.155157751009609352e-02 1.298172733430745796e-01 1.784237155723968904e-01 1.294950699498413349e-01 1.094567008127520363e-01 8.170534158022203786e-02
1.171421762288663709e-01 7.856445869332275012e-02 1.477791007782433379e-02 -4.329362146854446453e-02 -5.691879391230678792e-02 -3.173571216635587972e-02 1.698538908936403011e-02 7.838465236669658887e-02 1.113691765654926114e-01 1.094567008127520363e-01 1.428323385173635718e-01 1.488053399488713513e-01
1.811011789043166786e-01 1.339456625383946275e-01 6.140840159100171419e-02 -2.655435431796561094e-02 -6.365864604376011981e-02 -6.117944238113141864e-02 -2.080726112873811789e-02 2.408155514237356187e-02 5.270799793498590069e-02 8.170534158022203786e-02 1.488053399488713513e-01 1.991048197681772325e-01
1.861845535622410341e-01 1.906716213581438335e-01 8.672427956504476232e-02 6.095858787043310911e-02 3.027189745032502974e-02 -7.083763704420551269e-03 -3.692790436175273638e-02 -5.242433249958262237e-02 -4.158292767801209655e-02 5.677767788640764035e-03 9.013525286222366650e-02 1.851862694415508381e-01
1.906716213581438335e-01 3.060400253522872482e-01 1.465115667125689858e-01 1.105838252577286684e-01 7.234789705738906007e-02 2.369376972141475080e-02 -2.748682184704202142e-02 -6.094329263711337902e-02 -6.989208766684426588e-02 -5.050927217922103474e-02 6.453277385281600345e-03 8.980386429978712282e-02
8.672427956504476232e-02 1.465115667125689858e-01 9.580214049661281428e-02 1.130490222134512279e-01 9.514452763113374900e-02 5.493359702193045119e-02 1.607930574906762944e-02 -2.163759025660774021e-02 -4.277806554651711335e-02 -3.921189790261564445e-02 -1.647546026062541441e-02 3.224903845984086748e-02
6.095858787043310911e-02 1.105838252577286684e-01 1.130490222134512279e-01 2.091190679114956485e-01 2.053790762082902122e-01 1.308731982878159616e-01 7.513055396610052172e-02 1.138472789643740074e-02 -3.636878640259598450e-02 -4.502086493617940555e-02 -3.356387286414008048e-02 1.029634362566441731e-02
3.027189745032502974e-02 7.234789705738906007e-02 9.514452763113374900e-02 2.053790762082902122e-01 2.719434098554366908e-01 1.952628156572894513e-01 1.262099518341540660e-01 6.124083125822970403e-02 6.687072097531731457e-03 -2.120235975058969852e-02 -3.471593592762606262e-02 -1.376477441784350851e-02
-7.083763704420551269e-03 2.369376972141475080e-02 5.493359702193045119e-02 1.308731982878159616e-01 1.952628156572894513e-01 2.569801847438833997e-01 1.991027310185150279e-01 1.221156098431307180e-01 6.763563027136251793e-02 2.291198237151030603e-02 -2.358845980767827061e-02 -2.900424765441534519e-02
-3.692790436175273638e-02 -2.748682184704202142e-02 1.607930574906762944e-02 7.513055396610052172e-02 1.262099518341540660e-01 1.991027310185150279e-01 2.286822991479596501e-01 1.768122833657543580e-01 1.185550758681173794e-01 6.268371676686636251e-02 1.916163186881076393e-03 -3.179906702082384296e-02
-5.242433249958262237e-02 -6.094329263711337902e-02 -2.163759025660774021e-02 1.138472789643740074e-02 6.124083125822970403e-02 1.221156098431307180e-01 1.768122833657543580e-01 2.287971248986190587e-01 1.902216687297541009e-01 1.132406592093269104e-01 3.664019971280016441e-02 -2.402273177518475175e-02
-4.158292767801209655e-02 -6.989208766684426588e-02 -4.277806554651711335e-02 -3.636878640259598450e-02 6.687072097531731457e-03 6.763563027136251793e-02 1.185550758681173794e-01 1.902216687297541009e-01 2.176246590156786231e-01 1.544482291496805382e-01 8.522591100161402977e-02 1.883260558960308390e-02
5.677767788640764035e-03 -5.050927217922103474e-02 -3.921189790261564445e-02 -4.502086493617940555e-02 -2.120235975058969852e-02 2.291198237151030603e-02 6.268371676686636251e-02 1.132406592093269104e-01 1.544482291496805382e-01 1.689182106917630766e-01 1.835442319783754939e-01 1.003074892722249367e-01
9.013525286222366650e-02 6.453277385281600345e-03 -1.647546026062541441e-02 -3.356387286414008048e-02 -3.471593592762606262e-02 -2.358845980767827061e-02 1.916163186881076393e-03 3.664019971280016441e-02 8.522591100161402977e-02 1.835442319783754939e-01 4.309227294912688633e-01 2.169430567028024504e-01
1.851862694415508381e-01 8.980386429978712282e-02 3.224903845984086748e-02 1.029634362566441731e-02 -1.376477441784350851e-02 -2.900424765441534519e-02 -3.179906702082384296e-02 -2.402273177518475175e-02 1.883260558960308390e-02 1.003074892722249367e-01 2.169430567028024504e-01 3.989855948327489799e-01
1.510685533583410733e-01 1.564111468969574814e-01 9.325100427253735225e-02 5.927003479012793452e-02 1.243648397352978274e-02 -2.345147693052593990e-02 -5.579043789429458111e-02 -3.840232829226508660e-02 -3.527078669597025207e-02 2.907899880064677284e-02 1.035217833993344189e-01 1.799118411611124735e-01
1.564111468969574814e-01 2.474312676423558732e-01 1.726636363832408927e-01 1.334422290007743761e-01 7.649602653742677838e-02 4.880529364946038437e-03 -5.578195637289727615e-02 -4.994748449606815910e-02 -6.750998080350227581e-02 -2.190814864694269962e-02 5.285409373882526962e-02 1.221180314573854231e-01
9.325100427253735225e-02 1.726636363832408927e-01 1.696664861115386447e-01 1.776723491814938549e-01 1.199178428125177165e-01 4.624290973391262383e-02 -5.844926317086515319e-03 -2.631057978495358537e-02 -5.250157669440386199e-02 -3.840027644819606067e-02 1.009487191122118883e-03 5.610852255901814523e-02
5.927003479012793452e-02 1.334422290007743761e-01 1.776723491814938549e-01 2.900329936858785929e-01 2.193511315829171082e-01 1.081962560176782107e-01 5.900276268819563963e-02 3.064782209061009659e-03 -3.564181651055761679e-02 -4.525296510456301713e-02 -3.164380075088136374e-02 1.580330856207311577e-02
1.243648397352978274e-02 7.649602653742677838e-02 1.199178428125177165e-01 2.193511315829171082e-01 3.218114967275791383e-01 1.688138853700019149e-01 1.191428100359604447e-01 4.648773936412201740e-02 1.918330807584671394e-02 -2.017976685597493852e-02 -4.192394902510156174e-02 -3.294005328779489594e-02
-2.345147693052593990e-02 4.880529364946038437e-03 4.624290973391262383e-02 1.081962560176782107e-01 1.688138853700019149e-01 1.522081547981756211e-01 1.791515222210773584e-01 8.037074345955305676e-02 5.890202917276361749e-02 1.667081510692869709e-02 -2.545029876340519637e-02 -4.402593598836136712e-02
-5.579043789429458111e-02 -5.578195637289727615e-02 -5.844926317086515319e-03 5.900276268819563963e-02 1.191428100359604447e-01 1.791515222210773584e-01 3.211557245042745978e-01 1.500950573172553926e-01 1.204275899720591569e-01 6.521207496503839129e-02 -2.755223027730563292e-03 -5.643387442240879737e-02
-3.840232829226508660e-02 -4.994748449606815910e-02 -2.631057978495358537e-02 3.064782209061009659e-03 4.648773936412201740e-02 8.037074345955305676e-02 1.500950573172553926e-01 1.045197519824767052e-01 1.383397156781191462e-01 9.238608583472140978e-02 3.667795521133218606e-02 -2.126919623990569663e-02
-3.527078669597025207e-02 -6.750998080350227581e-02 -5.250157669440386199e-02 -3.564181651055761679e-02 1.918330807584671394e-02 5.890202917276361749e-02 1.204275899720591569e-01 1.383397156781191462e-01 2.823182873317655606e-01 2.125389372643843866e-01 1.159817154505273923e-01 1.993184904072340877e-02
2.907899880064677284e-02 -2.190814864694269962e-02 -3.840027644819606067e-02 -4.525296510456301713e-02 -2.017976685597493852e-02 1.667081510692869709e-02 6.521207496503839129e-02 9.238608583472140978e-02 2.125389372643843866e-01 2.776168726386440966e-01 2.142477273642451607e-01 1.133935879218246900e-01
1.035217833993344189e-01 5.285409373882526962e-02 1.009487191122118883e-03 -3.164380075088136374e-02 -4.192394902510156174e-02 -2.545029876340519637e-02 -2.755223027730563292e-03 3.667795521133218606e-02 1.159817154505273923e-01 2.142477273642451607e-01 3.450747780785855534e-01 2.144932695771120668e-01
1.799118411611124735e-01 1.221180314573854231e-01 5.610852255901814523e-02 1.580330856207311577e-02 -3.294005328779489594e-02 -4.402593598836136712e-02 -5.643387442240879737e-02 -2.126919623990569663e-02 1.993184904072340877e-02 1.133935879218246900e-01 2.144932695771120668e-01 3.370956331403955897e-01
2.154320833345564068e-01 1.752416732510126418e-01 1.106874898589266104e-01 5.244202256338796608e-02 1.211716293222751296e-02 -1.687494640967387993e-02 -3.637138211201459970e-02 -3.670463028098135128e-02 -2.311849215978133143e-02 3.561145009371164544e-02 1.178279374567437754e-01 2.090909794049963799e-01
1.752416732510126418e-01 2.682884053339956720e-01 1.983306961336427920e-01 1.041753680112969815e-01 5.503530445050598685e-02 8.866049757214498547e-03 -3.527856095029514166e-02 -5.180508727686387871e-02 -5.718740243604886198e-02 -1.385505179358971148e-02 4.012661019744907798e-02 1.181271777854970007e-01
1.106874898589266104e-01 1.983306961336427920e-01 1.891295278981691697e-01 1.182410326848953586e-01 9.189804496300718606e-02 4.568732959653321046e-02 -3.091232334856107433e-04 -3.538733868415817885e-02 -5.634173056397584478e-02 -3.392037379415049902e-02 -1.230939170665996604e-02 5.907481826360504173e-02
5.244202256338796608e-02 1.041753680112969815e-01 1.182410326848953586e-01 1.145051670348187500e-01 1.629868936468110152e-01 8.995956427270998534e-02 4.944881559815005739e-02 7.786199565992407180e-04 -3.442541704313571704e-02 -2.879663358092825545e-02 -2.683748278693518993e-02 1.668802282047247149e-02
1.211716293222751296e-02 5.503530445050598685e-02 9.189804496300718606e-02 1.629868936468110152e-01 4.010102282445209276e-01 1.944353782227975780e-01 1.254916509588231976e-01 5.096160362258050913e-02 -6.832056093446104567e-03 -2.277702782959543232e-02 -3.840261657476164853e-02 -2.131501196095347481e-02
-1.687494640967387993e-02 8.866049757214498547e-03 4.568732959653321046e-02 8.995956427270998534e-02 1.944353782227975780e-01 2.186186050218621446e-01 2.036636331926767740e-01 1.068812131350762029e-01 5.199808086980187843e-02 8.250626469331924506e-03 -2.662584628586225910e-02 -3.129382751626837156e-02
-3.637138211201459970e-02 -3.527856095029514166e-02 -3.091232334856107433e-04 4.944881559815005739e-02 1.254916509588231976e-01 2.036636331926767740e-01 2.629437933842666553e-01 1.610596689789772773e-01 1.089008997637863629e-01 4.404454907347828824e-02 3.686177597194646716e-03 -2.782815318518815431e-02
-3.670463028098135128e-02 -5.180508727686387871e-02 -3.538733868415817885e-02 7.786199565992407180e-04 5.096160362258050913e-02 1.068812131350762029e-01 1.610596689789772773e-01 1.655326692692120627e-01 1.879317461748393203e-01 8.449337148415937693e-02 4.108996281272496442e-02 -8.155458961109255528e-03
-2.311849215978133143e-02 -5.718740243604886198e-02 -5.634173056397584478e-02 -3.442541704313571704e-02 -6.832056093446104567e-03 5.199808086980187843e-02 1.089008997637863629e-01 1.879317461748393203e-01 3.403593281131713777e-01 1.581066300919084511e-01 9.520247743278675845e-02 3.144982732949905269e-02
3.561145009371164544e-02 -1.385505179358971148e-02 -3.392037379415049902e-02 -2.879663358092825545e-02 -2.277702782959543232e-02 8.250626469331924506e-03 4.404454907347828824e-02 8.449337148415937693e-02 1.581066300919084511e-01 1.250424652174227935e-01 1.656539442856908573e-01 9.034854996123600768e-02
1.178279374567437754e-01 4.012661019744907798e-02 -1.230939170665996604e-02 -2.683748278693518993e-02 -3.840261657476164853e-02 -2.662584628586225910e-02 3.686177597194646716e-03 4.108996281272496442e-02 9.520247743278675845e-02 1.656539442856908573e-01 3.974703312263577759e-01 2.073728108067093012e-01
2.090909794049963799e-01 1.181271777854970007e-01 5.907481826360504173e-02 1.668802282047247149e-02 -2.131501196095347481e-02 -3.129382751626837156e-02 -2.782815318518815431e-02 -8.155458961109255528e-03 3.144982732949905269e-02 9.034854996123600768e-02 2.073728108067093012e-01 3.016673959216387146e-01
4.195659746166942039e-01 1.573569754596714221e-01 8.684376722446002228e-02 3.855263695642204003e-02 2.029506585230814175e-02 3.798169113317803602e-03 -1.948302477176817524e-02 -6.111026962911672578e-02 -4.662865434248344987e-02 -8.639776426374520812e-03 1.155536183983691123e-01 2.116130203196110449e-01
1.573569754596714221e-01 9.935746123605972147e-02 9.355454831709722474e-02 6.305985088220235346e-02 6.691138262052581664e-02 6.188101578428262250e-02 1.434399571441258812e-02 -2.991278221823643474e-02 -4.009443993287663266e-02 -2.875641355209689748e-02 3.261267701884541098e-02 9.759275229572518529e-02
8.684376722446002228e-02 9.355454831709722474e-02 1.235792714879189735e-01 9.816955972662048946e-02 1.235044512351737150e-01 1.203091280059612328e-01 4.517057539314575654e-02 -5.921868986643994207e-03 -3.712549942866279207e-02 -4.092234312305310928e-02 -9.789101556833035983e-03 5.547837103598918240e-02
3.855263695642204003e-02 6.305985088220235346e-02 9.816955972662048946e-02 9.509766913771705577e-02 1.613669384096510784e-01 1.218252219492192145e-01 5.163692597172209880e-02 1.836998237150668650e-02 -1.565870725383046447e-02 -2.937633372265968310e-02 -2.526699001823529134e-02 1.626291676683507686e-02
2.029506585230814175e-02 6.691138262052581664e-02 1.235044512351737150e-01 1.613669384096510784e-01 4.386413171304735514e-01 2.107887872357815662e-01 8.865816682566214635e-02 5.616022192806130464e-02 3.170993500827102435e-03 -2.784749334007818530e-02 -4.469809892517147276e-02 -8.570427607259487740e-03
3.798169113317803602e-03 6.188101578428262250e-02 1.203091280059612328e-01 1.218252219492192145e-01 2.107887872357815662e-01 2.228769668094794099e-01 1.105874525455334129e-01 9.534752969875490147e-02 3.142239437646941747e-02 -9.114677673677445274e-03 -4.620408505047086251e-02 -2.350002021421796622e-02
-1.948302477176817524e-02 1.434399571441258812e-02 4.517057539314575654e-02 5.163692597172209880e-02 8.865816682566214635e-02 1.105874525455334129e-01 7.928643980132503433e-02 1.222231612126672279e-01 7.153019842194702216e-02 3.389805745613485438e-02 -1.029624241142302818e-02 -2.697050382809052307e-02
-6.111026962911672578e-02 -2.991278221823643474e-02 -5.921868986643994207e-03 1.836998237150668650e-02 5.616022192806130464e-02 9.534752969875490147e-02 1.222231612126672279e-01 2.986841992558438297e-01 2.088587637477631320e-01 1.281266723460040557e-01 3.726027700008901350e-02 -4.859145604329267315e-02
-4.662865434248344987e-02 -4.009443993287663266e-02 -3.712549942866279207e-02 -1.565870725383046447e-02 3.170993500827102435e-03 3.142239437646941747e-02 7.153019842194702216e-02 2.088587637477631320e-01 2.136852624637134435e-01 1.966217334829542529e-01 9.648333280109272492e-02 -3.171077821183907776e-03
-8.639776426374520812e-03 -2.875641355209689748e-02 -4.092234312305310928e-02 -2.937633372265968310e-02 -2.784749334007818530e-02 -9.114677673677445274e-03 3.389805745613485438e-02 1.281266723460040557e-01 1.966217334829542529e-01 4.151902674405839044e-01 1.943404498070949726e-01 7.259744746406279758e-02
1.155536183983691123e-01 3.261267701884541098e-02 -9.789101556833035983e-03 -2.526699001823529134e-02 -4.469809892517147276e-02 -4.620408505047086251e-02 -1.029624241142302818e-02 3.726027700008901350e-02 9.648333280109272492e-02 1.943404498070949726e-01 2.959799702550360845e-01 2.194181604940277364e-01
2.116130203196110449e-01 9.759275229572518529e-02 5.547837103598918240e-02 1.626291676683507686e-02 -8.570427607259487740e-03 -2.350002021421796622e-02 -2.697050382809052307e-02 -4.859145604329267315e-02 -3.171077821183907776e-03 7.259744746406279758e-02 2.194181604940277364e-01 2.980552003651506521e-01
2.082798272315769528e-01 1.787620658587710798e-01 9.341268281775760851e-02 2.483098903921449052e-02 -3.368138851546712692e-02 -5.678784675940520138e-02 -6.559958392928466608e-02 -3.075630511834250708e-02 -2.363806124689178320e-02 4.413903040049872717e-02 1.118909055362392047e-01 1.987104256201441821e-01
1.787620658587710798e-01 2.498986825642328657e-01 2.035281632739310842e-01 1.183644775419528394e-01 3.033296426384897437e-02 -2.975888952681255209e-02 -5.603665476476801799e-02 -3.349459318154340143e-02 -4.485317782206917070e-02 -6.479655466456572116e-03 4.979213722542772530e-02 1.132954303026940668e-01
9.341268281775760851e-02 2.035281632739310842e-01 4.314992235174072710e-01 2.112222553467222874e-01 1.142288370644129469e-01 4.163117995132628590e-02 7.558102474042907928e-03 -8.613738653726443761e-03 -3.151176810998616157e-02 -3.645222264754709868e-02 -1.819022003745395313e-02 2.230139177096839703e-02
2.483098903921449052e-02 1.183644775419528394e-01 2.112222553467222874e-01 2.617543826029397058e-01 1.926314864041392683e-01 1.039999705903908445e-01 6.830240922835970063e-02 2.336812784802299800e-02 7.758639303663395978e-03 -2.703194083819274521e-02 -4.287059286562300287e-02 -4.074397391809279900e-02
-3.368138851546712692e-02 3.033296426384897437e-02 1.142288370644129469e-01 1.926314864041392683e-01 2.158868477719045886e-01 1.515683930154224091e-01 1.228727005669752459e-01 5.201663505374934382e-02 4.612765695577816100e-02 3.154169665423727908e-03 -3.885086973281128009e-02 -6.631195400606781920e-02
-5.678784675940520138e-02 -2.975888952681255209e-02 4.163117995132628590e-02 1.039999705903908445e-01 1.515683930154224091e-01 1.509885983522544217e-01 1.476517612256945111e-01 6.906297813319529910e-02 7.473300193961779359e-02 3.996358888229796513e-02 -1.332398895082673000e-02 -6.255027221312985108e-02
-6.559958392928466608e-02 -5.603665476476801799e-02 7.558102474042907928e-03 6.830240922835970063e-02 1.228727005669752459e-01 1.476517612256945111e-01 1.681637666701754907e-01 8.745645106526850343e-02 1.132503179003799265e-01 7.560391064698014640e-02 1.257873663049897776e-02 -5.751501514402828502e-02
-3.075630511834250708e-02 -3.349459318154340143e-02 -8.613738653726443761e-03 2.336812784802299800e-02 5.201663505374934382e-02 6.906297813319529910e-02 8.745645106526850343e-02 6.490033440538860166e-02 1.333978516081384957e-01 7.956506708366539726e-02 3.580644074619599576e-02 -1.430514762007376039e-02
-2.363806124689178320e-02 -4.485317782206917070e-02 -3.151176810998616157e-02 7.758639303663395978e-03 4.612765695577816100e-02 7.473300193961779359e-02 1.132503179003799265e-01 1.333978516081384957e-01 3.967962818155599258e-01 2.048469133335566461e-01 1.139949725824393467e-01 2.704014435719175047e-02
4.413903040049872717e-02 -6.479655466456572116e-03 -3.645222264754709868e-02 -2.703194083819274521e-02 3.154169665423727908e-03 3.996358888229796513e-02 7.560391064698014640e-02 7.956506708366539726e-02 2.048469133335566461e-01 2.553183548263934233e-01 2.029444661029386476e-01 1.107823746696681017e-01
1.118909055362392047e-01 4.979213722542772530e-02 -1.819022003745395313e-02 -4.287059286562300287e-02 -3.885086973281128009e-02 -1.332398895082673000e-02 1.257873663049897776e-02 3.580644074619599576e-02 1.139949725824393467e-01 2.029444661029386476e-01 2.567158504667654828e-01 2.010509976198040505e-01
