3.644239293753843700e-01 2.524139827672571279e-01 9.947276309136100780e-02 -5.338557074575500661e-02 -8.499145279333894520e-02 -1.117941894500893568e-02 7.680292710681554946e-02 6.047425010684497754e-02 -9.258651767927106313e-02 -2.667183937085926271e-01
2.524139827672571279e-01 3.579147936511037909e-01 2.668265388074747002e-01 7.822899597872295940e-02 -7.033214097929868514e-02 -8.299102131708238628e-02 -1.961915202393362326e-03 7.739424479129991541e-02 5.177252585948899366e-02 -9.640723426626823800e-02
9.947276309136100780e-02 2.668265388074747002e-01 4.377870513296527877e-01 2.655737500884630120e-01 6.821704086335736439e-02 -5.974578936091042014e-02 -7.387041411933321922e-02 8.555639818398892357e-03 8.134349016248255959e-02 4.426064134650348203e-02
-5.338557074575500661e-02 7.822899597872295940e-02 2.655737500884630120e-01 4.161379723914014339e-01 2.678455190653675766e-01 9.806971144358885006e-02 -4.620739256700034936e-02 -7.346356947687748828e-02 1.377227766743123819e-04 7.198723576856355666e-02
-8.499145279333894520e-02 -7.033214097929868514e-02 6.821704086335736439e-02 2.678455190653675766e-01 3.993908475760596932e-01 2.584482648825145445e-01 9.124815124934471111e-02 -5.844435909284322050e-02 -8.179323704500668368e-02 3.490028214892073374e-03
-1.117941894500893568e-02 -8.299102131708238628e-02 -5.974578936091042014e-02 9.806971144358885006e-02 2.584482648825145445e-01 3.461219105817347486e-01 2.582852977482896772e-01 8.436173771671165444e-02 -6.526508858729199170e-02 -7.349646911095419899e-02
7.680292710681554946e-02 -1.961915202393362326e-03 -7.387041411933321922e-02 -4.620739256700034936e-02 9.124815124934471111e-02 2.582852977482896772e-01 4.321582200300424503e-01 2.764219052769559259e-01 6.982250254326566319e-02 -6.947248617560697337e-02
6.047425010684497754e-02 7.739424479129991541e-02 8.555639818398892357e-03 -7.346356947687748828e-02 -5.844435909284322050e-02 8.436173771671165444e-02 2.764219052769559259e-01 4.204468322214363063e-01 2.564751830847238900e-01 6.996163388088920410e-02
-9.258651767927106313e-02 5.177252585948899366e-02 8.134349016248255959e-02 1.377227766743123819e-04 -8.179323704500668368e-02 -6.526508858729199170e-02 6.982250254326566319e-02 2.564751830847238900e-01 4.083008981447697194e-01 2.695016686409648088e-01
-2.667183937085926271e-01 -9.640723426626823800e-02 4.426064134650348203e-02 7.198723576856355666e-02 3.490028214892073374e-03 -7.349646911095419899e-02 -6.947248617560697337e-02 6.996163388088920410e-02 2.695016686409648088e-01 4.173175446984211945e-01
3.502677353575354147e-01 2.589526412055861981e-01 8.152756844120967461e-02 -6.894608440751548439e-02 -8.009773915656917542e-02 4.147331027044422018e-03 7.629623335208095269e-02 3.390639390949475029e-02 -1.147237379806433089e-01 -2.568384421276048712e-01
2.589526412055861981e-01 4.128439584448500566e-01 2.666500136899818130e-01 6.097047297101249735e-02 -7.320736750295223083e-02 -7.710360158646302475e-02 1.302093893214249613e-02 7.859687446895685659e-02 2.884397052810518808e-02 -1.083206218594336828e-01
8.152756844120967461e-02 2.666500136899818130e-01 4.406717831695552423e-01 2.693704769672732313e-01 7.742021031790198571e-02 -5.795661958095779664e-02 -6.720770502035858240e-02 1.922398665302172543e-02 7.716625828168938162e-02 4.565029011081671306e-02
-6.894608440751548439e-02 6.097047297101249735e-02 2.693704769672732313e-01 4.234851067209327025e-01 2.623902878180949250e-01 9.328867062596191140e-02 -5.245527345976370298e-02 -7.122032921636045621e-02 1.211922357046965083e-02 8.143033258304946398e-02
-8.009773915656917542e-02 -7.320736750295223083e-02 7.742021031790198571e-02 2.623902878180949250e-01 3.619566789546132535e-01 2.581123009156657266e-01 8.385193221689546395e-02 -7.098135787637319116e-02 -7.691593496060761259e-02 4.768068969945803669e-03
4.147331027044422018e-03 -7.710360158646302475e-02 -5.795661958095779664e-02 9.328867062596191140e-02 2.581123009156657266e-01 3.973756086737931237e-01 2.675347913323574689e-01 5.780098894045966607e-02 -7.764769432626911216e-02 -8.044245002064026595e-02
7.629623335208095269e-02 1.302093893214249613e-02 -6.720770502035858240e-02 -5.245527345976370298e-02 8.385193221689546395e-02 2.675347913323574689e-01 4.499608152654616111e-01 2.690043354626165395e-01 6.310902796609332843e-02 -6.046811830001372345e-02
3.390639390949475029e-02 7.859687446895685659e-02 1.922398665302172543e-02 -7.122032921636045621e-02 -7.098135787637319116e-02 5.780098894045966607e-02 2.690043354626165395e-01 4.411059336006883935e-01 2.616949728563440214e-01 9.673548698693282266e-02
-1.147237379806433089e-01 2.884397052810518808e-02 7.716625828168938162e-02 1.211922357046965083e-02 -7.691593496060761259e-02 -7.764769432626911216e-02 6.310902796609332843e-02 2.616949728563440214e-01 3.717045902298705684e-01 2.579080200937721723e-01
-2.568384421276048712e-01 -1.083206218594336828e-01 4.565029011081671306e-02 8.143033258304946398e-02 4.768068969945803669e-03 -8.044245002064026595e-02 -6.046811830001372345e-02 9.673548698693282266e-02 2.579080200937721723e-01 3.506277895826961366e-01
4.141926260813616478e-01 2.548763669291732592e-01 7.005412898431587210e-02 -6.537837334246349164e-02 -7.393485636509984638e-02 1.011573273817250977e-02 8.458877006694257017e-02 6.198583035093963717e-02 -8.533656335427244888e-02 -2.755974920029580222e-01
2.548763669291732592e-01 3.953200754138638251e-01 2.739921126889152125e-01 8.213417636923099618e-02 -6.684699112771276541e-02 -7.703284090751660873e-02 2.554676188187697712e-03 7.568310980380359154e-02 6.096553493557179543e-02 -7.808213710362366111e-02
7.005412898431587210e-02 2.739921126889152125e-01 4.481290202170534198e-01 2.636740229964932292e-01 6.949614475717946771e-02 -6.158597991423028079e-02 -7.912484566414533516e-02 -8.113998687335243279e-03 7.508166407820901500e-02 6.879449622441653756e-02
-6.537837334246349164e-02 8.213417636923099618e-02 2.636740229964932292e-01 3.784035400787571501e-01 2.616735178416580432e-01 9.428963833667994288e-02 -4.980984436248889202e-02 -8.062746623707919835e-02 -1.562640708875313172e-02 7.297380520816956762e-02
-7.393485636509984638e-02 -6.684699112771276541e-02 6.949614475717946771e-02 2.616735178416580432e-01 4.257560075079444006e-01 2.727304034569053570e-01 9.385690596074880432e-02 -4.932348893428778469e-02 -8.411240657442500823e-02 -1.350222270675426051e-02
1.011573273817250977e-02 -7.703284090751660873e-02 -6.158597991423028079e-02 9.428963833667994288e-02 2.727304034569053570e-01 3.718527569941892930e-01 2.517479943636201645e-01 9.686116763402911889e-02 -4.200696900634834363e-02 -7.729409628545225175e-02
8.458877006694257017e-02 2.554676188187697712e-03 -7.912484566414533516e-02 -4.980984436248889202e-02 9.385690596074880432e-02 2.517479943636201645e-01 3.703157465901179002e-01 2.685068734812363078e-01 1.053214315398848799e-01 -5.147149311516237974e-02
6.198583035093963717e-02 7.568310980380359154e-02 -8.113998687335243279e-03 -8.062746623707919835e-02 -4.932348893428778469e-02 9.686116763402911889e-02 2.685068734812363078e-01 3.965689756383451448e-01 2.638064858816063230e-01 8.103916881158701457e-02
-8.533656335427244888e-02 6.096553493557179543e-02 7.508166407820901500e-02 -1.562640708875313172e-02 -8.411240657442500823e-02 -4.200696900634834363e-02 1.053214315398848799e-01 2.638064858816063230e-01 3.816188173310807175e-01 2.597115941401110795e-01
-2.755974920029580222e-01 -7.808213710362366111e-02 6.879449622441653756e-02 7.297380520816956762e-02 -1.350222270675426051e-02 -7.729409628545225175e-02 -5.147149311516237974e-02 8.103916881158701457e-02 2.597115941401110795e-01 4.178424341472792847e-01
4.284342469591235769e-01 2.671163627488650771e-01 7.593080789106113060e-02 -6.342751206145680332e-02 -8.124346210614491470e-02 -9.518628195339464554e-03 7.359802506150667223e-02 6.631515747908310610e-02 -7.253525906667830647e-02 -2.708925780960625973e-01
2.671163627488650771e-01 3.691414179675971408e-01 2.531248497628221239e-01 8.601023137600544155e-02 -5.391578917621227263e-02 -8.038608437322188049e-02 -4.242480768151482388e-03 8.281263968490766569e-02 6.049845997714221879e-02 -9.703051876236523654e-02
7.593080789106113060e-02 2.531248497628221239e-01 4.227633816270378042e-01 2.818944966335861779e-01 9.436318889520366182e-02 -5.268749527304484453e-02 -7.774843495735531129e-02 -2.418536612286902813e-03 7.246301120974968368e-02 5.526843084021102609e-02
-6.342751206145680332e-02 8.601023137600544155e-02 2.818944966335861779e-01 4.077643632790384776e-01 2.487107769745236230e-01 8.655461835290986783e-02 -4.837543832044047254e-02 -7.748258146232456234e-02 -6.571491971663602494e-03 7.859896376100095061e-02
-8.124346210614491470e-02 -5.391578917621227263e-02 9.436318889520366182e-02 2.487107769745236230e-01 3.372856817981720878e-01 2.622128841257200249e-01 1.012461111785577239e-01 -5.764891866203823712e-02 -8.290219433253372128e-02 2.149936705912492384e-03
-9.518628195339464554e-03 -8.038608437322188049e-02 -5.268749527304484453e-02 8.655461835290986783e-02 2.622128841257200249e-01 4.307541871427888469e-01 2.753588405839146880e-01 7.292931599726945602e-02 -6.668352642897670823e-02 -7.494879580338478786e-02
7.359802506150667223e-02 -4.242480768151482388e-03 -7.774843495735531129e-02 -4.837543832044047254e-02 1.012461111785577239e-01 2.753588405839146880e-01 3.928153831726441947e-01 2.530641117873178025e-01 8.232116343183798479e-02 -5.627070880492835575e-02
6.631515747908310610e-02 8.281263968490766569e-02 -2.418536612286902813e-03 -7.748258146232456234e-02 -5.764891866203823712e-02 7.292931599726945602e-02 2.530641117873178025e-01 4.089081799659647354e-01 2.765786294712375137e-01 8.628678067590259126e-02
-7.253525906667830647e-02 6.049845997714221879e-02 7.246301120974968368e-02 -6.571491971663602494e-03 -8.290219433253372128e-02 -6.668352642897670823e-02 8.232116343183798479e-02 2.765786294712375137e-01 4.145042113635563075e-01 2.564884925415141792e-01
-2.708925780960625973e-01 -9.703051876236523654e-02 5.526843084021102609e-02 7.859896376100095061e-02 2.149936705912492384e-03 -7.494879580338478786e-02 -5.627070880492835575e-02 8.628678067590259126e-02 2.564884925415141792e-01 3.876289467240734421e-01
3.538052835442259125e-01 2.491275693786215717e-01 8.294693749028914098e-02 -5.494984272440274486e-02 -7.766139300866548023e-02 -2.774808186382291680e-03 8.493622977512546579e-02 7.106210904885018609e-02 -8.953632289271007405e-02 -2.679441550259582527e-01
2.491275693786215717e-01 4.184540603069527576e-01 2.829150027620356833e-01 1.006912495325658352e-01 -4.656660315932534266e-02 -7.668286379023017685e-02 -1.280304782959405981e-03 7.358261620783887458e-02 5.103164350755858003e-02 -8.394701794713503584e-02
8.294693749028914098e-02 2.829150027620356833e-01 4.147676437676169892e-01 2.531310363298456823e-01 8.648003020032625499e-02 -5.008587405594422393e-02 -7.772443270664147752e-02 -1.382919345488739689e-02 7.010733973051581913e-02 6.111126152042137966e-02
-5.494984272440274486e-02 1.006912495325658352e-01 2.531310363298456823e-01 3.291698831880579545e-01 2.493326590347458571e-01 9.395577225559072210e-02 -5.938479086829557413e-02 -8.791262805041408224e-02 1.846619945577085680e-03 8.887315174307378052e-02
-7.766139300866548023e-02 -4.656660315932534266e-02 8.648003020032625499e-02 2.493326590347458571e-01 4.146765730509228698e-01 2.850605434717291553e-01 7.932803967851544125e-02 -6.491567581457630132e-02 -6.920484684669123143e-02 1.765349765617830330e-02
-2.774808186382291680e-03 -7.668286379023017685e-02 -5.008587405594422393e-02 9.395577225559072210e-02 2.850605434717291553e-01 4.359514596035531930e-01 2.501973548055355101e-01 7.975232140933208314e-02 -5.135149041028067018e-02 -7.138480242993612557e-02
8.493622977512546579e-02 -1.280304782959405981e-03 -7.772443270664147752e-02 -5.938479086829557413e-02 7.932803967851544125e-02 2.501973548055355101e-01 3.516548658682521200e-01 2.660142696393740236e-01 9.156526250855268056e-02 -6.963211918596211303e-02
7.106210904885018609e-02 7.358261620783887458e-02 -1.382919345488739689e-02 -8.791262805041408224e-02 -6.491567581457630132e-02 7.975232140933208314e-02 2.660142696393740236e-01 4.373452771737874611e-01 2.678947979097185961e-01 5.819667091347008325e-02
-8.953632289271007405e-02 5.103164350755858003e-02 7.010733973051581913e-02 1.846619945577085680e-03 -6.920484684669123143e-02 -5.135149041028067018e-02 9.156526250855268056e-02 2.678947979097185961e-01 4.055695498806075605e-01 2.661793423271861525e-01
-2.679441550259582527e-01 -8.394701794713503584e-02 6.111126152042137966e-02 8.887315174307378052e-02 1.765349765617830330e-02 -7.138480242993612557e-02 -6.963211918596211303e-02 5.819667091347008325e-02 2.661793423271861525e-01 4.386054036160264014e-01
3.871649979687549203e-01 2.740093648030588747e-01 8.859805520203413443e-02 -6.002559546396405571e-02 -7.893753165763797708e-02 -3.955136371050925383e-04 7.539806646358576669e-02 5.402841426566876853e-02 -8.606582520617227228e-02 -2.550853774906797211e-01
2.740093648030588747e-01 4.287259831620063855e-01 2.596339047832405544e-01 8.271670533559000171e-02 -5.233225839648403960e-02 -7.661490185110340911e-02 3.361402372803611212e-03 8.301957538363817501e-02 5.708346693070258382e-02 -8.833080430501341618e-02
8.859805520203413443e-02 2.596339047832405544e-01 3.658599925125358143e-01 2.643649763799333363e-01 9.998424725975574301e-02 -5.387841262669720854e-02 -7.673272457742844055e-02 2.209876843637149663e-03 7.619289014983923747e-02 5.522883090603060430e-02
-6.002559546396405571e-02 8.271670533559000171e-02 2.643649763799333363e-01 4.143935173656909665e-01 2.674476769234824802e-01 7.851437501668716290e-02 -6.689563579003063309e-02 -8.136558074802183183e-02 5.451325728578470045e-03 8.427638144262493414e-02
-7.893753165763797708e-02 -5.233225839648403960e-02 9.998424725975574301e-02 2.674476769234824802e-01 3.770588945727001429e-01 2.589922755603044635e-01 7.773133952444244432e-02 -6.364315249281585207e-02 -7.280268800524700157e-02 7.443502448065810427e-03
-3.955136371050925383e-04 -7.661490185110340911e-02 -5.387841262669720854e-02 7.851437501668716290e-02 2.589922755603044635e-01 4.371416809860039221e-01 2.752921111130987031e-01 7.958795652559937095e-02 -6.331751740313062982e-02 -8.068945985153143374e-02
7.539806646358576669e-02 3.361402372803611212e-03 -7.673272457742844055e-02 -6.689563579003063309e-02 7.773133952444244432e-02 2.752921111130987031e-01 4.056709073177464098e-01 2.568884690916434232e-01 8.015464550374887254e-02 -5.666538568100284307e-02
5.402841426566876853e-02 8.301957538363817501e-02 2.209876843637149663e-03 -8.136558074802183183e-02 -6.364315249281585207e-02 7.958795652559937095e-02 2.568884690916434232e-01 3.917039958595845972e-01 2.679408051156554338e-01 9.675459681323939076e-02
-8.606582520617227228e-02 5.708346693070258382e-02 7.619289014983923747e-02 5.451325728578470045e-03 -7.280268800524700157e-02 -6.331751740313062982e-02 8.015464550374887254e-02 2.679408051156554338e-01 4.069598484254031145e-01 2.685778602004623705e-01
-2.550853774906797211e-01 -8.833080430501341618e-02 5.522883090603060430e-02 8.427638144262493414e-02 7.443502448065810427e-03 -8.068945985153143374e-02 -5.666538568100284307e-02 9.675459681323939076e-02 2.685778602004623705e-01 3.853201818295701742e-01
4.280924404059216481e-01 2.752931697016887114e-01 4.789206818758050266e-02 -8.231723751678969581e-02 -5.874191724395417397e-02 3.261341492807466602e-02 7.910778642061544463e-02 4.621862145860967941e-02 -8.663636479263295276e-02 -2.608682266192267063e-01
2.752931697016887114e-01 4.365292082772821436e-01 2.569348339543252036e-01 6.383292240122336036e-02 -6.350189028309527473e-02 -6.382792694978928205e-02 1.758461332466663279e-02 8.059648706199079582e-02 5.019588276313723119e-02 -9.268667877144570744e-02
4.789206818758050266e-02 2.569348339543252036e-01 4.413476374655632695e-01 2.759603703397697783e-01 6.755378386074917252e-02 -7.316194268666785516e-02 -7.754865067422712921e-02 -6.596891070785823943e-03 6.682013522532127825e-02 7.167503873735069087e-02
-8.231723751678969581e-02 6.383292240122336036e-02 2.759603703397697783e-01 4.200103748787017421e-01 2.486115896271072490e-01 6.598862040524383632e-02 -5.869033035259658276e-02 -8.017118351456307968e-02 -1.080470112019978578e-02 8.167518189849504173e-02
-5.874191724395417397e-02 -6.350189028309527473e-02 6.755378386074917252e-02 2.486115896271072490e-01 4.049455186694637665e-01 2.833343185220593141e-01 1.030335243225849323e-01 -4.244001733157026779e-02 -7.664352112405617423e-02 -2.371777486288600273e-02
3.261341492807466602e-02 -6.382792694978928205e-02 -7.316194268666785516e-02 6.598862040524383632e-02 2.833343185220593141e-01 4.400443142328498425e-01 2.517702862374536221e-01 9.145188857084339540e-02 -3.728941382617011885e-02 -8.522431820785890400e-02
7.910778642061544463e-02 1.758461332466663279e-02 -7.754865067422712921e-02 -5.869033035259658276e-02 1.030335243225849323e-01 2.517702862374536221e-01 2.965830133495972465e-01 2.429597900702801239e-01 1.102687541524307591e-01 -3.078665939330594431e-02
4.621862145860967941e-02 8.059648706199079582e-02 -6.596891070785823943e-03 -8.017118351456307968e-02 -4.244001733157026779e-02 9.145188857084339540e-02 2.429597900702801239e-01 4.089375348686369871e-01 2.818462273347867031e-01 1.071920344019662436e-01
-8.663636479263295276e-02 5.019588276313723119e-02 6.682013522532127825e-02 -1.080470112019978578e-02 -7.664352112405617423e-02 -3.728941382617011885e-02 1.102687541524307591e-01 2.818462273347867031e-01 3.819123900785851289e-01 2.466437841597167169e-01
-2.608682266192267063e-01 -9.268667877144570744e-02 7.167503873735069087e-02 8.167518189849504173e-02 -2.371777486288600273e-02 -8.522431820785890400e-02 -3.078665939330594431e-02 1.071920344019662436e-01 2.466437841597167169e-01 3.415975677733950611e-01
4.083589320449012017e-01 2.724178963625659700e-01 9.471512847798987944e-02 -5.429163076946952327e-02 -8.312590702654902575e-02 -1.060326452016618903e-02 7.225592226062751977e-02 5.824382217466488043e-02 -7.871842283280856833e-02 -2.600494682413417857e-01
2.724178963625659700e-01 3.911436401358897030e-01 2.551346715278660637e-01 8.494437472342401818e-02 -5.448457516813493690e-02 -8.019792272468187488e-02 -3.135418976161731368e-03 8.252800052167820477e-02 6.314465612666965433e-02 -8.857988109451767067e-02
9.471512847798987944e-02 2.551346715278660637e-01 3.735310103523674652e-01 2.682690193086704200e-01 9.810663890642265517e-02 -5.291017457378689032e-02 -7.751461307457499506e-02 5.523905404543965995e-03 8.064140099161577757e-02 5.167043473710296320e-02
-5.429163076946952327e-02 8.494437472342401818e-02 2.682690193086704200e-01 4.232414282723743204e-01 2.692230521375137964e-01 8.450362261793110952e-02 -5.958219936988160687e-02 -7.663633436545345956e-02 2.859538901446158181e-03 7.724428864464960576e-02
-8.312590702654902575e-02 -5.448457516813493690e-02 9.810663890642265517e-02 2.692230521375137964e-01 3.710537963685635598e-01 2.525533488995200804e-01 8.250568653180440082e-02 -6.275155680564963034e-02 -7.917491590538744406e-02 5.092473144846651305e-03
-1.060326452016618903e-02 -8.019792272468187488e-02 -5.291017457378689032e-02 8.450362261793110952e-02 2.525533488995200804e-01 4.028617519134037317e-01 2.767431559171610322e-01 7.912397802117200618e-02 -6.835173640011887874e-02 -7.720404908959815904e-02
7.225592226062751977e-02 -3.135418976161731368e-03 -7.751461307457499506e-02 -5.958219936988160687e-02 8.250568653180440082e-02 2.767431559171610322e-01 4.379339624537729181e-01 2.610341153704470174e-01 7.356085438627414652e-02 -5.865585740633984246e-02
5.824382217466488043e-02 8.252800052167820477e-02 5.523905404543965995e-03 -7.663633436545345956e-02 -6.275155680564963034e-02 7.912397802117200618e-02 2.610341153704470174e-01 3.849429134647112116e-01 2.643709383508535682e-01 9.335049931222752506e-02
-7.871842283280856833e-02 6.314465612666965433e-02 8.064140099161577757e-02 2.859538901446158181e-03 -7.917491590538744406e-02 -6.835173640011887874e-02 7.356085438627414652e-02 2.643709383508535682e-01 4.139263189457121905e-01 2.689316860128600495e-01
-2.600494682413417857e-01 -8.857988109451767067e-02 5.167043473710296320e-02 7.724428864464960576e-02 5.092473144846651305e-03 -7.720404908959815904e-02 -5.865585740633984246e-02 9.335049931222752506e-02 2.689316860128600495e-01 3.930062460483078057e-01
3.696495337387793456e-01 2.655465675439254714e-01 9.265733066389042483e-02 -6.172534841041862896e-02 -7.259534295772747392e-02 2.157094039305267746e-02 8.175911025440041335e-02 3.653093689221949270e-02 -1.032836327376945029e-01 -2.579249764802045153e-01
2.655465675439254714e-01 4.101915178653963712e-01 2.668564330115119621e-01 6.974590807403360793e-02 -7.306178394596837822e-02 -6.848143167025459721e-02 2.527882140673576999e-02 8.427490309413712688e-02 4.531030273710291711e-02 -9.444794051068514107e-02
9.265733066389042483e-02 2.668564330115119621e-01 4.036581386768494095e-01 2.620524443855233310e-01 6.287212981341878948e-02 -7.436235921508672908e-02 -6.827374734627877917e-02 2.113039259227724592e-02 8.219387790880224032e-02 5.165681388982289179e-02
-6.172534841041862896e-02 6.974590807403360793e-02 2.620524443855233310e-01 4.449450155215458058e-01 2.714131725990422961e-01 5.971598675659735289e-02 -7.364197935014393792e-02 -7.389937928134560075e-02 6.874191741584023338e-03 7.710112282977198139e-02
-7.259534295772747392e-02 -7.306178394596837822e-02 6.287212981341878948e-02 2.714131725990422961e-01 4.338035699671082268e-01 2.611273974798080655e-01 7.156822989308919691e-02 -6.065870608981549506e-02 -7.696478781862121921e-02 -9.488569533237130316e-03
2.157094039305267746e-02 -6.848143167025459721e-02 -7.436235921508672908e-02 5.971598675659735289e-02 2.611273974798080655e-01 4.153861649279983470e-01 2.688809159453092734e-01 9.319497638457552302e-02 -4.979164235801854937e-02 -8.341356368900082474e-02
8.175911025440041335e-02 2.527882140673576999e-02 -6.827374734627877917e-02 -7.364197935014393792e-02 7.156822989308919691e-02 2.688809159453092734e-01 4.011752369648481364e-01 2.623711174376774924e-01 9.705698452275132726e-02 -4.146025898836091378e-02
3.653093689221949270e-02 8.427490309413712688e-02 2.113039259227724592e-02 -7.389937928134560075e-02 -6.065870608981549506e-02 9.319497638457552302e-02 2.623711174376774924e-01 3.661550082999381339e-01 2.583142169798844368e-01 1.068934623572651010e-01
-1.032836327376945029e-01 4.531030273710291711e-02 8.219387790880224032e-02 6.874191741584023338e-03 -7.696478781862121921e-02 -4.979164235801854937e-02 9.705698452275132726e-02 2.583142169798844368e-01 3.747188122811957456e-01 2.657887156996481259e-01
-2.579249764802045153e-01 -9.444794051068514107e-02 5.165681388982289179e-02 7.710112282977198139e-02 -9.488569533237130316e-03 -8.341356368900082474e-02 -4.146025898836091378e-02 1.068934623572651010e-01 2.657887156996481259e-01 3.803170017563379801e-01
4.017094922064419205e-01 2.554949323879762146e-01 8.803228547258713788e-02 -5.152296355912096976e-02 -8.646745358643306845e-02 -1.605856739952316037e-02 7.978885385087899906e-02 7.416041031808714989e-02 -7.346202262484483048e-02 -2.702559961700262692e-01
2.554949323879762146e-01 3.683460938614177005e-01 2.696839491772801134e-01 9.978935168418098800e-02 -4.715020966815867964e-02 -7.821424580415532735e-02 -1.082135470895861928e-02 7.313582948596729361e-02 6.145334033160355230e-02 -8.684556889140496172e-02
8.803228547258713788e-02 2.696839491772801134e-01 4.251842793958134914e-01 2.641153297324518867e-01 9.381287688528112956e-02 -4.689713909341357290e-02 -8.340398648485139455e-02 -1.026968038623280420e-02 7.620941151213343756e-02 5.577070801404229033e-02
-5.152296355912096976e-02 9.978935168418098800e-02 2.641153297324518867e-01 3.477219337558992152e-01 2.538885627497299291e-01 9.742370735782644731e-02 -5.109537249609855808e-02 -7.882835376967796404e-02 -2.753971966310124822e-03 7.766660322477803025e-02
-8.646745358643306845e-02 -4.715020966815867964e-02 9.381287688528112956e-02 2.538885627497299291e-01 3.969065148337492244e-01 2.715193690668120108e-01 8.980345617859898655e-02 -6.128371538934133944e-02 -8.036012989569409071e-02 1.372089099756936860e-02
-1.605856739952316037e-02 -7.821424580415532735e-02 -4.689713909341357290e-02 9.742370735782644731e-02 2.715193690668120108e-01 3.986810322262324124e-01 2.626366356319198014e-01 8.013556010356401305e-02 -6.103481562733949206e-02 -6.695498387512784089e-02
7.978885385087899906e-02 -1.082135470895861928e-02 -8.340398648485139455e-02 -5.109537249609855808e-02 8.980345617859898655e-02 2.626366356319198014e-01 4.027650156339732668e-01 2.646074591587876945e-01 8.092730307832897430e-02 -6.854353694486772786e-02
7.416041031808714989e-02 7.313582948596729361e-02 -1.026968038623280420e-02 -7.882835376967796404e-02 -6.128371538934133944e-02 8.013556010356401305e-02 2.646074591587876945e-01 4.049930916767952582e-01 2.671448393760054718e-01 6.513203416678635393e-02
-7.346202262484483048e-02 6.145334033160355230e-02 7.620941151213343756e-02 -2.753971966310124822e-03 -8.036012989569409071e-02 -6.103481562733949206e-02 8.092730307832897430e-02 2.671448393760054718e-01 4.328156414585844214e-01 2.653253152100745749e-01
-2.702559961700262692e-01 -8.684556889140496172e-02 5.577070801404229033e-02 7.766660322477803025e-02 1.372089099756936860e-02 -6.695498387512784089e-02 -6.854353694486772786e-02 6.513203416678635393e-02 2.653253152100745749e-01 4.208769049510947546e-01
4.267508557264332314e-01 2.687844486109541853e-01 8.160135024416217964e-02 -5.957791788262443988e-02 -7.995343415667933995e-02 -7.756179111572368296e-05 8.073652470430443817e-02 6.035299107037203625e-02 -8.384917015020158793e-02 -2.636224004156071388e-01
2.687844486109541853e-01 3.983733764133149391e-01 2.657450012046357335e-01 8.402710048581295277e-02 -5.805000696671762384e-02 -7.618341137609294100e-02 -1.286165494310404639e-02 6.719520631826370050e-02 6.187562510562656659e-02 -8.092642165594529646e-02
8.160135024416217964e-02 2.657450012046357335e-01 4.088466684694731512e-01 2.592021631612211330e-01 8.508294481369436946e-02 -5.434057466766570310e-02 -8.826063704615805250e-02 -1.021125330179891051e-02 8.396821658401676380e-02 6.529819147853181682e-02
-5.957791788262443988e-02 8.402710048581295277e-02 2.592021631612211330e-01 3.828388123071555516e-01 2.712844821104432036e-01 9.641495232822544503e-02 -4.785222886698480005e-02 -7.286108229805648984e-02 -2.411997031701117351e-03 7.336230608799609865e-02
-7.995343415667933995e-02 -5.805000696671762384e-02 8.508294481369436946e-02 2.712844821104432036e-01 4.248504086700232163e-01 2.597824169038459585e-01 9.643393047635220872e-02 -4.649590024469110738e-02 -8.269709916124309834e-02 -5.629827269135963090e-03
-7.756179111572368296e-05 -7.618341137609294100e-02 -5.434057466766570310e-02 9.641495232822544503e-02 2.597824169038459585e-01 3.342432875940746229e-01 2.556097080486086637e-01 9.390862191812608673e-02 -5.903424063927514842e-02 -7.757306868248978193e-02
8.073652470430443817e-02 -1.286165494310404639e-02 -8.826063704615805250e-02 -4.785222886698480005e-02 9.643393047635220872e-02 2.556097080486086637e-01 4.120054096912795227e-01 2.700977916570117543e-01 7.496891945237738053e-02 -6.741786003012127659e-02
6.035299107037203625e-02 6.719520631826370050e-02 -1.021125330179891051e-02 -7.286108229805648984e-02 -4.649590024469110738e-02 9.390862191812608673e-02 2.700977916570117543e-01 4.073176583736602963e-01 2.655327785371768279e-01 7.811936073460906682e-02
-8.384917015020158793e-02 6.187562510562656659e-02 8.396821658401676380e-02 -2.411997031701117351e-03 -8.269709916124309834e-02 -5.903424063927514842e-02 7.496891945237738053e-02 2.655327785371768279e-01 4.285326071205458609e-01 2.639313789894718321e-01
-2.636224004156071388e-01 -8.092642165594529646e-02 6.529819147853181682e-02 7.336230608799609865e-02 -5.629827269135963090e-03 -7.757306868248978193e-02 -6.741786003012127659e-02 7.811936073460906682e-02 2.639313789894718321e-01 3.762409156340348337e-01
4.019059371239015466e-01 2.565528978050398701e-01 7.957294682993712454e-02 -5.854920845399689405e-02 -7.650535110767767155e-02 2.682785902799338790e-03 8.099721844606694310e-02 5.113420204827345827e-02 -1.024964771653918000e-01 -2.726844790498257898e-01
2.565528978050398701e-01 3.925527077739224824e-01 2.727788110209572459e-01 8.544538049502051202e-02 -6.429491331945530463e-02 -8.006296966822673555e-02 -1.909148368330698892e-03 7.318114609751935618e-02 5.153102246448858920e-02 -8.600072427666288766e-02
7.957294682993712454e-02 2.727788110209572459e-01 4.322273794635765887e-01 2.602245386271005434e-01 7.290281172748354355e-02 -5.982439072804328350e-02 -7.831038516215955980e-02 3.805049107537595600e-03 8.461154988682317857e-02 6.308275472260863048e-02
-5.854920845399689405e-02 8.544538049502051202e-02 2.602245386271005434e-01 3.797176935534455344e-01 2.670064938796826715e-01 9.850707488497484343e-02 -5.039395248735294153e-02 -7.378646449186930523e-02 2.729876985825001497e-03 7.639993177107910760e-02
-7.650535110767767155e-02 -6.429491331945530463e-02 7.290281172748354355e-02 2.670064938796826715e-01 4.277429773796280754e-01 2.690712901895577769e-01 8.656462194040330516e-02 -6.020156793876201701e-02 -8.231559349716495444e-02 -4.781742653014307842e-03
2.682785902799338790e-03 -8.006296966822673555e-02 -5.982439072804328350e-02 9.850707488497484343e-02 2.690712901895577769e-01 3.573964597841080004e-01 2.508568252767328088e-01 8.068753069176609616e-02 -6.168562568408902935e-02 -7.848756656365052375e-02
8.099721844606694310e-02 -1.909148368330698892e-03 -7.831038516215955980e-02 -5.039395248735294153e-02 8.656462194040330516e-02 2.508568252767328088e-01 4.142801106312489212e-01 2.784413704285167990e-01 8.307089340519491216e-02 -6.195238847885106703e-02
5.113420204827345827e-02 7.318114609751935618e-02 3.805049107537595600e-03 -7.378646449186930523e-02 -6.020156793876201701e-02 8.068753069176609616e-02 2.784413704285167990e-01 4.318347551605593027e-01 2.596936886201080541e-01 8.118071490418068969e-02
-1.024964771653918000e-01 5.153102246448858920e-02 8.461154988682317857e-02 2.729876985825001497e-03 -8.231559349716495444e-02 -6.168562568408902935e-02 8.307089340519491216e-02 2.596936886201080541e-01 3.712488917344362038e-01 2.592104630947565935e-01
-2.726844790498257898e-01 -8.600072427666288766e-02 6.308275472260863048e-02 7.639993177107910760e-02 -4.781742653014307842e-03 -7.848756656365052375e-02 -6.195238847885106703e-02 8.118071490418068969e-02 2.592104630947565935e-01 3.910930873951739550e-01
4.221735333096723886e-01 2.642974489862096599e-01 7.447372340465684137e-02 -6.612425392953608094e-02 -8.075152859673512262e-02 -1.821992148501982555e-03 7.644814773401087393e-02 5.969066903318660106e-02 -7.568866167921689536e-02 -2.667736083466349939e-01
2.642974489862096599e-01 4.125307734756897826e-01 2.652945942083989039e-01 7.786267182722655944e-02 -6.182670517790418707e-02 -7.812426029001520722e-02 1.704492747369273833e-03 8.122562678214206855e-02 7.116728961596895109e-02 -6.750347653427460348e-02
7.447372340465684137e-02 2.652945942083989039e-01 4.158000925458786856e-01 2.682818337684593768e-01 9.328931988549654664e-02 -4.967052789709778399e-02 -7.638005164231190247e-02 -6.574636012673646876e-03 7.362698062266344323e-02 6.701990669780850951e-02
-6.612425392953608094e-02 7.786267182722655944e-02 2.682818337684593768e-01 3.954047856773306169e-01 2.625325061041190455e-01 9.405711043182601871e-02 -5.316950636624857840e-02 -8.399557432810732249e-02 -1.945970540166530940e-02 6.907581477823852845e-02
-8.075152859673512262e-02 -6.182670517790418707e-02 9.328931988549654664e-02 2.625325061041190455e-01 3.687509123216859419e-01 2.583622556814059168e-01 8.673654310894990394e-02 -5.669486541439226757e-02 -8.571127808037005968e-02 -1.148015323711550767e-02
-1.821992148501982555e-03 -7.812426029001520722e-02 -4.967052789709778399e-02 9.405711043182601871e-02 2.583622556814059168e-01 4.029856873226358993e-01 2.719615564049350231e-01 9.084315025455516612e-02 -5.065125611326162791e-02 -7.657700406948653171e-02
7.644814773401087393e-02 1.704492747369273833e-03 -7.638005164231190247e-02 -5.316950636624857840e-02 8.673654310894990394e-02 2.719615564049350231e-01 4.173882220009758059e-01 2.615561667975489502e-01 9.673466885846772334e-02 -4.530331253275799580e-02
5.969066903318660106e-02 8.122562678214206855e-02 -6.574636012673646876e-03 -8.399557432810732249e-02 -5.669486541439226757e-02 9.084315025455516612e-02 2.615561667975489502e-01 3.549716652114583981e-01 2.557501135800050451e-01 9.604153227762800282e-02
-7.568866167921689536e-02 7.116728961596895109e-02 7.362698062266344323e-02 -1.945970540166530940e-02 -8.571127808037005968e-02 -5.065125611326162791e-02 9.673466885846772334e-02 2.557501135800050451e-01 3.809322821531871406e-01 2.688704375324865170e-01
-2.667736083466349939e-01 -6.750347653427460348e-02 6.701990669780850951e-02 6.907581477823852845e-02 -1.148015323711550767e-02 -7.657700406948653171e-02 -4.530331253275799580e-02 9.604153227762800282e-02 2.688704375324865170e-01 4.290620459814808441e-01
4.169696587658980325e-01 2.587521332829294529e-01 8.677187397482269415e-02 -4.911097460450306040e-02 -8.159535708457354986e-02 -1.195401247267703984e-02 7.649640996952372651e-02 6.136057894340046781e-02 -8.305770664447434393e-02 -2.727017441402568299e-01
2.587521332829294529e-01 3.776019942331900192e-01 2.656613216006913913e-01 1.027777457375036591e-01 -4.619415101510286614e-02 -7.952367822477095227e-02 -3.264381499348252211e-03 7.908664757265529421e-02 6.246353418003234431e-02 -8.118534154553995463e-02
8.677187397482269415e-02 2.656613216006913913e-01 3.998983626905992517e-01 2.652657060415964940e-01 9.591992418776384977e-02 -5.098715241035638168e-02 -7.762766962682551841e-02 2.701752196303507277e-03 8.171311552194820971e-02 5.951723097492052361e-02
-4.911097460450306040e-02 1.027777457375036591e-01 2.652657060415964940e-01 3.631617766395185409e-01 2.570509565110304928e-01 8.942615633171721590e-02 -6.072722409747699501e-02 -7.760624273113832239e-02 4.174120520940446943e-03 7.921329610494454165e-02
-8.159535708457354986e-02 -4.619415101510286614e-02 9.591992418776384977e-02 2.570509565110304928e-01 3.958645968640596702e-01 2.691248594920339077e-01 7.314433885586650586e-02 -7.218614170016046661e-02 -8.059456064289091670e-02 8.908854015185142111e-03
-1.195401247267703984e-02 -7.952367822477095227e-02 -5.098715241035638168e-02 8.942615633171721590e-02 2.691248594920339077e-01 4.259873506453766279e-01 2.652430841417218188e-01 6.919844534327122820e-02 -6.444168610690485799e-02 -7.105139916736233352e-02
7.649640996952372651e-02 -3.264381499348252211e-03 -7.762766962682551841e-02 -6.072722409747699501e-02 7.314433885586650586e-02 2.652430841417218188e-01 4.244918488048666783e-01 2.674882384688835879e-01 8.888808448344426294e-02 -5.556764733498599507e-02
6.136057894340046781e-02 7.908664757265529421e-02 2.701752196303507277e-03 -7.760624273113832239e-02 -7.218614170016046661e-02 6.919844534327122820e-02 2.674882384688835879e-01 3.983913657906165140e-01 2.626164245820046816e-01 8.558387577956302894e-02
-8.305770664447434393e-02 6.246353418003234431e-02 8.171311552194820971e-02 4.174120520940446943e-03 -8.059456064289091670e-02 -6.444168610690485799e-02 8.888808448344426294e-02 2.626164245820046816e-01 3.825622016021295035e-01 2.622793173710804560e-01
-2.727017441402568299e-01 -8.118534154553995463e-02 5.951723097492052361e-02 7.921329610494454165e-02 8.908854015185142111e-03 -7.105139916736233352e-02 -5.556764733498599507e-02 8.558387577956302894e-02 2.622793173710804560e-01 4.150708439637456060e-01
4.248720869372601960e-01 2.565308379041758569e-01 8.631582268961413007e-02 -4.685359242413334596e-02 -7.794876914216986030e-02 -1.638898101387012071e-02 6.919804714403191004e-02 6.642455945059105860e-02 -7.244707139192224643e-02 -2.750669554415852147e-01
2.565308379041758569e-01 4.097656263379746422e-01 2.734028896971854583e-01 1.000760264440935798e-01 -4.811852893684842591e-02 -8.450245526591559919e-02 -2.273822335506561765e-02 6.702571892583977786e-02 7.664165998627606169e-02 -5.008566518015764024e-02
8.631582268961413007e-02 2.734028896971854583e-01 3.821585773008693288e-01 2.506218173426479900e-01 9.356436191228217902e-02 -4.129537816565453934e-02 -8.008092388741214207e-02 -1.452286196271364294e-02 8.021640162336490798e-02 7.425153772399237240e-02
-4.685359242413334596e-02 1.000760264440935798e-01 2.506218173426479900e-01 3.522534222924461056e-01 2.676693126982659932e-01 1.106546013586935662e-01 -4.155166993313111345e-02 -8.064987140122491238e-02 -1.172509956687126619e-02 7.082690523055726328e-02
-7.794876914216986030e-02 -4.811852893684842591e-02 9.356436191228217902e-02 2.676693126982659932e-01 4.162813280499640389e-01 2.656912614916961957e-01 8.708253302749394131e-02 -5.721821660737683862e-02 -8.431491066737870077e-02 -5.372607948178055766e-03
-1.638898101387012071e-02 -8.450245526591559919e-02 -4.129537816565453934e-02 1.106546013586935662e-01 2.656912614916961957e-01 3.505538670456224137e-01 2.498030742457419129e-01 8.830781373875890017e-02 -5.651323180363983928e-02 -7.494291737540695331e-02
6.919804714403191004e-02 -2.273822335506561765e-02 -8.008092388741214207e-02 -4.155166993313111345e-02 8.708253302749394131e-02 2.498030742457419129e-01 4.128954184798534488e-01 2.828091865543506112e-01 9.054590614002526461e-02 -6.172409605242636793e-02
6.642455945059105860e-02 6.702571892583977786e-02 -1.452286196271364294e-02 -8.064987140122491238e-02 -5.721821660737683862e-02 8.830781373875890017e-02 2.828091865543506112e-01 4.190172579623260285e-01 2.527939371184380057e-01 6.896471853883197334e-02
-7.244707139192224643e-02 7.664165998627606169e-02 8.021640162336490798e-02 -1.172509956687126619e-02 -8.431491066737870077e-02 -5.651323180363983928e-02 9.054590614002526461e-02 2.527939371184380057e-01 3.637999750747608063e-01 2.640611242498128730e-01
-2.750669554415852147e-01 -5.008566518015764024e-02 7.425153772399237240e-02 7.082690523055726328e-02 -5.372607948178055766e-03 -7.494291737540695331e-02 -6.172409605242636793e-02 6.896471853883197334e-02 2.640611242498128730e-01 4.684024405189270990e-01
3.987157880167532809e-01 2.519901423403233531e-01 8.220813986432543019e-02 -5.691580336023649433e-02 -7.080323627486048710e-02 9.683289490018634482e-03 8.262202964459247623e-02 6.305209863618276012e-02 -8.450126268513910577e-02 -2.796724387697980263e-01
2.519901423403233531e-01 3.477719292107669391e-01 2.615535126222531259e-01 8.897018914767781950e-02 -6.721239885488418386e-02 -7.819281360389507274e-02 1.303097488503007426e-02 8.463022346952184249e-02 5.215357526036990682e-02 -9.934330066333223186e-02
8.220813986432543019e-02 2.615535126222531259e-01 4.412462379109432509e-01 2.760547785755613770e-01 5.621045889510901949e-02 -7.662597878218108116e-02 -7.242809631866820030e-02 7.280577831454591690e-03 7.499133110806985303e-02 5.294740171447780835e-02
-5.691580336023649433e-02 8.897018914767781950e-02 2.760547785755613770e-01 4.190296599378627307e-01 2.536855712311518185e-01 7.120417848813152817e-02 -5.791372264056038333e-02 -7.610399728395780827e-02 -3.038977975119754038e-03 7.730433668495963195e-02
-7.080323627486048710e-02 -6.721239885488418386e-02 5.621045889510901949e-02 2.536855712311518185e-01 4.285331540944351536e-01 2.788472237936211462e-01 9.198140028428089532e-02 -5.400659863781929332e-02 -7.953359280879085391e-02 -7.521564506220487084e-03
9.683289490018634482e-03 -7.819281360389507274e-02 -7.662597878218108116e-02 7.120417848813152817e-02 2.788472237936211462e-01 4.102758220666405387e-01 2.504685062379575777e-01 8.868333513433813986e-02 -4.510155994411094160e-02 -7.702707670996911116e-02
8.262202964459247623e-02 1.303097488503007426e-02 -7.242809631866820030e-02 -5.791372264056038333e-02 9.198140028428089532e-02 2.504685062379575777e-01 3.405197260715815966e-01 2.638034107323207755e-01 1.084238103963133804e-01 -4.861089396739915608e-02
