3.161330739042405025e-01 2.595450086998167816e-01 1.144717941594339608e-02 -7.976138302841147276e-02 3.598209674850662981e-02 5.410972999394948746e-02 -1.551215442461973369e-02 -8.189968320152868353e-02 -9.134251540910119649e-02 3.446353545933142914e-01
2.595450086998167816e-01 7.853579368335370514e-01 2.750699893521327821e-01 -1.012890703107821588e-02 -9.493032962351929949e-02 4.741596681591736875e-03 7.952129607535513012e-02 4.578039139692475362e-02 -2.808020970477970862e-02 -7.050655631059846162e-02
1.144717941594339608e-02 2.750699893521327821e-01 2.214178649865616855e-01 2.624904869425424003e-01 3.470310600249907479e-02 -7.594411495460683115e-02 -5.504127655024206034e-02 2.186917383447807561e-02 7.096830896453218407e-02 -9.917982945988432220e-02
-7.976138302841147276e-02 -1.012890703107821588e-02 2.624904869425424003e-01 6.698827693175279929e-01 3.213568175766601809e-01 -5.632267971639660226e-02 -1.590209539113934811e-01 -3.933434571052495110e-02 8.155107499821037664e-02 -2.398133355303283532e-02
3.598209674850662981e-02 -9.493032962351929949e-02 3.470310600249907479e-02 3.213568175766601809e-01 4.597380760860078630e-01 2.995862628029278829e-01 1.298024262370857385e-01 -1.985024956503024171e-02 -1.077509597819492349e-01 9.234500875056714242e-02
5.410972999394948746e-02 4.741596681591736875e-03 -7.594411495460683115e-02 -5.632267971639660226e-02 2.995862628029278829e-01 4.233388667739489408e-01 3.468296903674064069e-01 9.295988838687294087e-02 -8.253418588328589878e-02 1.080684013190362849e-02
-1.551215442461973369e-02 7.952129607535513012e-02 -5.504127655024206034e-02 -1.590209539113934811e-01 1.298024262370857385e-01 3.468296903674064069e-01 3.976215173138922809e-01 2.014826862920258144e-01 9.250515683058493921e-02 -1.037885633916298400e-01
-8.189968320152868353e-02 4.578039139692475362e-02 2.186917383447807561e-02 -3.933434571052495110e-02 -1.985024956503024171e-02 9.295988838687294087e-02 2.014826862920258144e-01 2.130421769342566718e-01 3.144602163542932205e-01 -7.475911626021072842e-02
-9.134251540910119649e-02 -2.808020970477970862e-02 7.096830896453218407e-02 8.155107499821037664e-02 -1.077509597819492349e-01 -8.253418588328589878e-02 9.250515683058493921e-02 3.144602163542932205e-01 7.694502859014272778e-01 1.647056163384383320e-01
3.446353545933142914e-01 -7.050655631059846162e-02 -9.917982945988432220e-02 -2.398133355303283532e-02 9.234500875056714242e-02 1.080684013190362849e-02 -1.037885633916298400e-01 -7.475911626021072842e-02 1.647056163384383320e-01 7.440174319485974852e-01
7.438780672588052312e-01 3.093002131773642249e-01 -5.427610142043584607e-02 -1.139444257278924288e-01 -6.279830207158057509e-02 1.001083779349844494e-01 4.606314679993808725e-02 -8.595657410549348287e-02 -8.377941658119951451e-02 2.106202888937722673e-01
3.093002131773642249e-01 3.845372568577255512e-01 3.204330217562614824e-01 6.819489483363086468e-02 -7.487777194711509043e-02 -2.157472012003547324e-02 5.832940480921715298e-02 5.087773150104103748e-02 -7.636406462510897386e-02 -1.021290843186278691e-01
-5.427610142043584607e-02 3.204330217562614824e-01 5.985764171105845133e-01 3.007571470173192596e-01 7.624327222546009586e-02 -1.281562596284058775e-01 -4.360265259777287156e-02 7.923580100074895105e-02 5.443791069987088255e-02 -7.001362938657568202e-02
-1.139444257278924288e-01 6.819489483363086468e-02 3.007571470173192596e-01 2.599109114816165467e-01 2.561071878097382903e-01 2.703723138066631976e-02 -7.344389254102148823e-02 -4.630407141289911294e-02 5.377431038316491524e-02 6.166261597579046627e-02
-6.279830207158057509e-02 -7.487777194711509043e-02 7.624327222546009586e-02 2.561071878097382903e-01 5.444032669859804052e-01 3.494688154292496240e-01 -4.933161686121085437e-03 -1.501689474987940032e-01 -8.306625332712966325e-03 1.197195457514951267e-01
1.001083779349844494e-01 -2.157472012003547324e-02 -1.281562596284058775e-01 2.703723138066631976e-02 3.494688154292496240e-01 5.365281861806444619e-01 2.749305100910747202e-01 6.512504052953588252e-02 -7.612831765304778342e-02 -7.726119031315809016e-02
4.606314679993808725e-02 5.832940480921715298e-02 -4.360265259777287156e-02 -7.344389254102148823e-02 -4.933161686121085437e-03 2.749305100910747202e-01 3.409206116695701061e-01 3.330848891662242517e-01 5.614686862080718599e-02 -1.284157377333293715e-01
-8.595657410549348287e-02 5.087773150104103748e-02 7.923580100074895105e-02 -4.630407141289911294e-02 -1.501689474987940032e-01 6.512504052953588252e-02 3.330848891662242517e-01 5.595051954124500293e-01 2.885230521332073916e-01 6.412133933525247104e-03
-8.377941658119951451e-02 -7.636406462510897386e-02 5.443791069987088255e-02 5.377431038316491524e-02 -8.306625332712966325e-03 -7.612831765304778342e-02 5.614686862080718599e-02 2.885230521332073916e-01 3.616030141300357603e-01 3.383783837530405236e-01
2.106202888937722673e-01 -1.021290843186278691e-01 -7.001362938657568202e-02 6.166261597579046627e-02 1.197195457514951267e-01 -7.726119031315809016e-02 -1.284157377333293715e-01 6.412133933525247104e-03 3.383783837530405236e-01 6.701370729126112646e-01
5.291016190552523257e-01 3.416500001368534267e-01 1.118064711810235062e-01 -1.050745187722353230e-01 -4.832977091505141765e-02 6.893171809003223460e-02 7.137623497432396547e-02 -8.151879799827085882e-02 -8.452230607738962787e-02 2.758967040520907132e-01
3.416500001368534267e-01 3.885928774636103755e-01 2.758560142120698999e-01 3.682589337079582303e-02 -1.084686774397257969e-01 -4.928327333627079143e-02 7.590030829312358063e-02 5.128675910659163950e-02 -1.116838826095453152e-01 -4.314656766421458289e-02
1.118064711810235062e-01 2.758560142120698999e-01 3.699737447477602914e-01 3.178316056942517287e-01 -4.918873320826991531e-03 -1.202488351209131390e-01 -2.210505783871607316e-02 9.589685755791274580e-02 -4.785180400951557535e-03 -1.158148289005409282e-01
-1.050745187722353230e-01 3.682589337079582303e-02 3.178316056942517287e-01 6.355200389510872183e-01 3.043392279858000427e-01 3.705645508344039638e-03 -1.094619683287545719e-01 -6.774909079397837229e-03 8.840502817506494526e-02 -5.809317102289135101e-03
-4.832977091505141765e-02 -1.084686774397257969e-01 -4.918873320826991531e-03 3.043392279858000427e-01 4.000203819556223395e-01 3.116004467771937847e-01 7.793856785073768889e-02 -1.154769897771861092e-01 -3.317121389878088800e-02 9.741513416840506812e-02
6.893171809003223460e-02 -4.928327333627079143e-02 -1.202488351209131390e-01 3.705645508344039638e-03 3.116004467771937847e-01 4.732788199420738806e-01 3.261603333834791063e-01 -1.536545466959674151e-02 -1.236986139030769177e-01 3.864029724651422276e-02
7.137623497432396547e-02 7.590030829312358063e-02 -2.210505783871607316e-02 -1.094619683287545719e-01 7.793856785073768889e-02 3.261603333834791063e-01 4.650762847633254093e-01 3.081676899298596561e-01 -7.398078983582893724e-03 -1.059272804239426852e-01
-8.151879799827085882e-02 5.128675910659163950e-02 9.589685755791274580e-02 -6.774909079397837229e-03 -1.154769897771861092e-01 -1.536545466959674151e-02 3.081676899298596561e-01 5.747670052074048685e-01 3.248473048044631106e-01 -7.274557513703763800e-02
-8.452230607738962787e-02 -1.116838826095453152e-01 -4.785180400951557535e-03 8.840502817506494526e-02 -3.317121389878088800e-02 -1.236986139030769177e-01 -7.398078983582893724e-03 3.248473048044631106e-01 4.831536699341401064e-01 3.055613328674278151e-01
2.758967040520907132e-01 -4.314656766421458289e-02 -1.158148289005409282e-01 -5.809317102289135101e-03 9.741513416840506812e-02 3.864029724651422276e-02 -1.059272804239426852e-01 -7.274557513703763800e-02 3.055613328674278151e-01 6.805155579797275145e-01
6.783828942222629443e-01 2.684032358442742794e-01 -2.321896720567453304e-02 -7.267717342199719877e-02 1.555169295415721221e-02 5.640675766342809899e-02 -7.285499968113515537e-03 -7.123571032983144757e-02 -1.235601078992983881e-01 3.350240094656313783e-01
2.684032358442742794e-01 2.944555465698034391e-01 3.176207687505744892e-01 -1.019017021027653937e-02 -1.192667635394892012e-01 -1.627876684593084280e-02 9.371436068666037789e-02 1.925929068356065435e-02 -7.836231675686766707e-02 2.688513271519425707e-02
-2.321896720567453304e-02 3.176207687505744892e-01 6.982211894682965880e-01 2.586510825536394997e-01 -7.900497660691727098e-02 -8.855102833726212486e-02 5.926776967163678578e-02 6.393895480674829934e-02 4.584797133380630330e-02 -1.198514521656257603e-01
-7.267717342199719877e-02 -1.019017021027653937e-02 2.586510825536394997e-01 5.075134208220657417e-01 3.645951145633474222e-01 5.780675827685700929e-02 -1.622061528512845630e-01 -6.500586154925028226e-02 3.853533675115419777e-02 3.560270805100323316e-02
1.555169295415721221e-02 -1.192667635394892012e-01 -7.900497660691727098e-02 3.645951145633474222e-01 4.783204161511750430e-01 2.732815887434300040e-01 -2.533376835061864479e-02 -6.163849289475135940e-02 -4.281088239083114672e-02 8.668793298031088335e-02
5.640675766342809899e-02 -1.627876684593084280e-02 -8.855102833726212486e-02 5.780675827685700929e-02 2.732815887434300040e-01 4.549166924795824962e-01 3.729683286338371095e-01 8.777582771474001788e-02 -6.803062636355536319e-02 -1.363810438135013361e-02
-7.285499968113515537e-03 9.371436068666037789e-02 5.926776967163678578e-02 -1.622061528512845630e-01 -2.533376835061864479e-02 3.729683286338371095e-01 5.628294821872765752e-01 2.165446680788491451e-01 4.636991045675910306e-02 -1.006252067375210946e-01
-7.123571032983144757e-02 1.925929068356065435e-02 6.393895480674829934e-02 -6.500586154925028226e-02 -6.163849289475135940e-02 8.777582771474001788e-02 2.165446680788491451e-01 1.524488686047924535e-01 2.349602739093597792e-01 1.796700459278306045e-02
-1.235601078992983881e-01 -7.836231675686766707e-02 4.584797133380630330e-02 3.853533675115419777e-02 -4.281088239083114672e-02 -6.803062636355536319e-02 4.636991045675910306e-02 2.349602739093597792e-01 7.626746056233564275e-01 2.990406189915635893e-01
3.350240094656313783e-01 2.688513271519425707e-02 -1.198514521656257603e-01 3.560270805100323316e-02 8.668793298031088335e-02 -1.363810438135013361e-02 -1.006252067375210946e-01 1.796700459278306045e-02 2.990406189915635893e-01 4.102368838713704724e-01
3.672461158122480307e-01 2.780755081459871381e-01 -5.811324058644393165e-02 -5.237842291588774152e-02 6.804071951526706463e-02 7.766432745614332278e-02 -1.276260309436445251e-01 -1.012869927502304673e-01 1.783034913897882726e-02 3.242426813447721323e-01
2.780755081459871381e-01 7.226479030641865808e-01 2.970020374020781451e-01 -1.174172683865723210e-01 -6.004008751600917876e-02 4.233820011461186805e-02 2.440804192524495889e-02 -3.329242834312727550e-02 -9.444754044825191819e-02 -3.445086302417244006e-02
-5.811324058644393165e-02 2.970020374020781451e-01 4.780081871852617237e-01 2.992522257370344718e-01 -3.231620348134610354e-02 -1.284990479921478412e-01 1.050656597966173611e-01 1.193728899015158301e-01 6.828256249091949059e-02 -1.145523716906776124e-01
-5.237842291588774152e-02 -1.174172683865723210e-01 2.992522257370344718e-01 7.253417768352860007e-01 2.716926152274261597e-01 -3.154120419561212436e-03 -9.925733899270829108e-02 -3.475323994051957022e-02 2.895002885461642889e-02 5.914959118516645298e-02
6.804071951526706463e-02 -6.004008751600917876e-02 -3.231620348134610354e-02 2.716926152274261597e-01 2.764283813516894006e-01 3.022740376797919959e-01 -2.736662875961912850e-02 -1.012636200166517619e-01 -8.949256971853568332e-02 5.198538979448819042e-02
7.766432745614332278e-02 4.233820011461186805e-02 -1.284990479921478412e-01 -3.154120419561212436e-03 3.022740376797919959e-01 7.024313799214860765e-01 2.805956123493083543e-01 -1.145892508019657075e-03 -9.585638289256148692e-02 -2.318878207578881426e-02
-1.276260309436445251e-01 2.440804192524495889e-02 1.050656597966173611e-01 -9.925733899270829108e-02 -2.736662875961912850e-02 2.805956123493083543e-01 4.746783057239912784e-01 2.895002918906259826e-01 1.891308895724534700e-01 -6.118960139959301464e-02
-1.012869927502304673e-01 -3.329242834312727550e-02 1.193728899015158301e-01 -3.475323994051957022e-02 -1.012636200166517619e-01 -1.145892508019657075e-03 2.895002918906259826e-01 2.580481596187262916e-01 2.500738915847204868e-01 5.310732374527867006e-02
1.783034913897882726e-02 -9.444754044825191819e-02 6.828256249091949059e-02 2.895002885461642889e-02 -8.949256971853568332e-02 -9.585638289256148692e-02 1.891308895724534700e-01 2.500738915847204868e-01 3.751336567694698587e-01 3.114456433375262789e-01
3.242426813447721323e-01 -3.445086302417244006e-02 -1.145523716906776124e-01 5.914959118516645298e-02 5.198538979448819042e-02 -2.318878207578881426e-02 -6.118960139959301464e-02 5.310732374527867006e-02 3.114456433375262789e-01 6.200361337176638621e-01
3.899644689542706155e-01 2.541645333131977713e-01 -2.342406343947350204e-03 -6.860044472589768572e-02 -2.110865331260720554e-02 7.674003558507117018e-02 -4.060343813749871938e-02 -7.246971666004681234e-02 1.223051703207577723e-01 3.662594403453277581e-01
2.541645333131977713e-01 7.060519611656975725e-01 3.350593265326462511e-01 9.174162375574383688e-02 -8.552807522330681256e-02 3.425389134095487790e-03 6.671537477882047429e-02 -3.374794834113823555e-02 -6.806876517190964260e-02 -2.818319773335495673e-02
-2.342406343947350204e-03 3.350593265326462511e-01 2.544814917796777709e-01 1.735869246083791007e-01 7.743942962609111358e-02 -9.278434084251925562e-02 -6.309126630345161454e-04 7.254193868133113066e-02 -4.773305039653424897e-02 -1.440558994135729132e-01
-6.860044472589768572e-02 9.174162375574383688e-02 1.735869246083791007e-01 2.542434335855017769e-01 3.314621564439924062e-01 -8.254745811822515600e-02 -9.053934569498688079e-02 9.985892482051558772e-02 1.544281358606635485e-02 -8.526763199879214272e-02
-2.110865331260720554e-02 -8.552807522330681256e-02 7.743942962609111358e-02 3.314621564439924062e-01 7.571085604351563969e-01 1.976111236890916723e-01 -1.071828339096976002e-01 3.388807106569587980e-04 5.469354743393035900e-02 5.787801108743281797e-02
7.674003558507117018e-02 3.425389134095487790e-03 -9.278434084251925562e-02 -8.254745811822515600e-02 1.976111236890916723e-01 6.499262926942831475e-01 3.580758196432640705e-01 -1.540964634139949663e-01 -9.166954207107100294e-02 2.409067291015105916e-02
-4.060343813749871938e-02 6.671537477882047429e-02 -6.309126630345161454e-04 -9.053934569498688079e-02 -1.071828339096976002e-01 3.580758196432640705e-01 5.254066085105050243e-01 2.808409158656099969e-01 2.908500134314428130e-03 -9.858737736664234530e-02
-7.246971666004681234e-02 -3.374794834113823555e-02 7.254193868133113066e-02 9.985892482051558772e-02 3.388807106569587980e-04 -1.540964634139949663e-01 2.808409158656099969e-01 7.168589151544217941e-01 2.711832055236302885e-01 3.700305177935296619e-02
1.223051703207577723e-01 -6.806876517190964260e-02 -4.773305039653424897e-02 1.544281358606635485e-02 5.469354743393035900e-02 -9.166954207107100294e-02 2.908500134314428130e-03 2.711832055236302885e-01 2.238510337215547374e-01 2.531535784111368925e-01
3.662594403453277581e-01 -2.818319773335495673e-02 -1.440558994135729132e-01 -8.526763199879214272e-02 5.787801108743281797e-02 2.409067291015105916e-02 -9.858737736664234530e-02 3.700305177935296619e-02 2.531535784111368925e-01 5.221072339989192290e-01
2.538440374034019453e-01 3.221050082932144232e-01 -7.611712862556534176e-02 -5.832258082381276687e-02 5.245210036896740154e-04 5.509286378393133538e-02 -4.930076737760201271e-03 -7.670323739983773981e-02 -4.516571637873858375e-03 2.527129935352592227e-01
3.221050082932144232e-01 7.488112989323596480e-01 1.390002887135939336e-01 -9.412996010038053585e-02 -1.008269608072320245e-01 -9.075771959368789110e-02 9.665305703185625430e-02 8.075348847727775725e-02 -1.135698902426189177e-01 6.216210079970474478e-02
-7.611712862556534176e-02 1.390002887135939336e-01 8.351999698691270346e-01 2.988315216208959901e-01 8.631620880957927011e-02 -3.270661670183583336e-04 -5.885058835417367185e-02 -5.725219852806746369e-03 5.924112888559020934e-02 -8.277551793384527179e-02
-5.832258082381276687e-02 -9.412996010038053585e-02 2.988315216208959901e-01 1.603973627345284814e-01 1.018720012489297833e-01 1.163296906870841946e-01 -2.576082058282374437e-02 -7.050026712377673033e-02 2.655576541232004817e-02 2.799822013815923480e-02
5.245210036896740154e-04 -1.008269608072320245e-01 8.631620880957927011e-02 1.018720012489297833e-01 1.314465505996577632e-01 2.487486040206492444e-01 6.466582914667640125e-02 -8.589245185878735533e-02 -2.518130582543670268e-02 9.821723435233563337e-02
5.509286378393133538e-02 -9.075771959368789110e-02 -3.270661670183583336e-04 1.163296906870841946e-01 2.487486040206492444e-01 5.976571443574232312e-01 3.264013225407742524e-01 -5.220123403232609927e-02 -1.016860377969086848e-01 1.606076569276664590e-01
-4.930076737760201271e-03 9.665305703185625430e-02 -5.885058835417367185e-02 -2.576082058282374437e-02 6.466582914667640125e-02 3.264013225407742524e-01 5.058818041084505168e-01 3.198968174780698059e-01 -1.212991294065518533e-02 -1.259785761776155977e-01
-7.670323739983773981e-02 8.075348847727775725e-02 -5.725219852806746369e-03 -7.050026712377673033e-02 -8.589245185878735533e-02 -5.220123403232609927e-02 3.198968174780698059e-01 4.671228400479724985e-01 2.797726806354278173e-01 -1.798776863918453706e-01
-4.516571637873858375e-03 -1.135698902426189177e-01 5.924112888559020934e-02 2.655576541232004817e-02 -2.518130582543670268e-02 -1.016860377969086848e-01 -1.212991294065518533e-02 2.797726806354278173e-01 7.468772630213975638e-01 2.779542000748448372e-01
2.527129935352592227e-01 6.216210079970474478e-02 -8.277551793384527179e-02 2.799822013815923480e-02 9.821723435233563337e-02 1.606076569276664590e-01 -1.259785761776155977e-01 -1.798776863918453706e-01 2.779542000748448372e-01 5.527617289256747668e-01
6.589430363928883150e-01 2.654570827619767148e-01 -3.662665856361643768e-02 -5.193089119863711356e-02 7.299821701479286551e-02 1.250617775232693851e-01 9.762152592428148534e-02 -4.464937516832526848e-02 -1.113247507273722875e-01 3.153478415213839536e-01
2.654570827619767148e-01 5.177494173482817263e-01 3.712481269693020947e-01 -6.241738227499133568e-02 -1.076172516218142916e-01 -7.381411239836715987e-02 -6.732447743445731971e-03 6.961810660159682695e-02 -6.073801751830288503e-02 -6.679962749005514955e-02
-3.662665856361643768e-02 3.712481269693020947e-01 4.744841894760106760e-01 2.168915323693738628e-01 -7.067675488566800557e-02 -1.341027051284214566e-01 -9.178351671247807209e-02 4.088936739814371529e-02 6.764443127645151932e-02 -1.290444298910482790e-01
-5.193089119863711356e-02 -6.241738227499133568e-02 2.168915323693738628e-01 8.159232134540930215e-01 2.818553696940969688e-01 9.177975351844709639e-02 4.931065076819664446e-03 -5.603021381014652164e-02 2.615599660347224520e-02 5.154703335566390709e-02
7.299821701479286551e-02 -1.076172516218142916e-01 -7.067675488566800557e-02 2.818553696940969688e-01 1.841250207399854066e-01 1.499822089927602131e-01 1.128672831754290729e-01 2.429885198095170160e-02 -9.278852529865429244e-02 3.975940815619369989e-02
1.250617775232693851e-01 -7.381411239836715987e-02 -1.341027051284214566e-01 9.177975351844709639e-02 1.499822089927602131e-01 1.892687079208102974e-01 1.968407455492967029e-01 1.320354043560938162e-01 -1.483844556279789728e-01 -8.099984590655993910e-03
9.762152592428148534e-02 -6.732447743445731971e-03 -9.178351671247807209e-02 4.931065076819664446e-03 1.128672831754290729e-01 1.968407455492967029e-01 2.788585971589045975e-01 3.334797678113851083e-01 -9.691913036922727986e-02 -7.704587832820182502e-02
-4.464937516832526848e-02 6.961810660159682695e-02 4.088936739814371529e-02 -5.603021381014652164e-02 2.429885198095170160e-02 1.320354043560938162e-01 3.334797678113851083e-01 7.068007848211550481e-01 2.292765063497283207e-01 -9.473275325181963746e-02
-1.113247507273722875e-01 -6.073801751830288503e-02 6.764443127645151932e-02 2.615599660347224520e-02 -9.278852529865429244e-02 -1.483844556279789728e-01 -9.691913036922727986e-02 2.292765063497283207e-01 6.631973154790016256e-01 3.215142748938927264e-01
3.153478415213839536e-01 -6.679962749005514955e-02 -1.290444298910482790e-01 5.154703335566390709e-02 3.975940815619369989e-02 -8.099984590655993910e-03 -7.704587832820182502e-02 -9.473275325181963746e-02 3.215142748938927264e-01 5.106497172088610981e-01
4.296553589379363824e-01 3.123499937360852963e-01 2.765002542792923193e-02 -1.362855082390840855e-01 -1.444426647074342207e-01 4.330181251884790417e-02 1.140248511962955180e-01 -9.553313008001393380e-02 -9.303477465167761529e-02 2.567396681984229767e-01
3.123499937360852963e-01 3.694689198179250678e-01 2.784136667535606069e-01 -3.283376190055742327e-02 -1.300557798322562186e-01 -1.254191959482437585e-02 1.221737335405519570e-01 -2.500949315986653043e-02 -1.306382570478771821e-01 3.901300828273993569e-03
2.765002542792923193e-02 2.784136667535606069e-01 7.232792727921595333e-01 3.038232914846954458e-01 9.806691489112150106e-02 -6.969685740666750617e-02 -4.647886027295842354e-02 5.934894923729439054e-02 3.066240309908307288e-02 -6.707768348802166380e-02
-1.362855082390840855e-01 -3.283376190055742327e-02 3.038232914846954458e-01 2.484099254840271831e-01 2.160085293866454981e-01 7.040123893080275919e-02 -1.022289772998375562e-01 -1.250308944590693486e-02 8.667082424650687789e-02 2.293687041497401158e-02
-1.444426647074342207e-01 -1.300557798322562186e-01 9.806691489112150106e-02 2.160085293866454981e-01 3.336399291729656436e-01 3.196965550209737161e-01 -3.588582497860970388e-02 -9.664734158811816300e-02 5.110115024404385253e-02 7.536941550030576420e-02
4.330181251884790417e-02 -1.254191959482437585e-02 -6.969685740666750617e-02 7.040123893080275919e-02 3.196965550209737161e-01 6.720321708763461466e-01 2.926015745240233557e-01 -8.020282419761062820e-02 -9.209755144684324268e-02 3.131762234859493399e-02
1.140248511962955180e-01 1.221737335405519570e-01 -4.647886027295842354e-02 -1.022289772998375562e-01 -3.588582497860970388e-02 2.926015745240233557e-01 4.695207107848202166e-01 3.198788907544177773e-01 -1.469845144384228103e-03 -1.072447881048994023e-01
-9.553313008001393380e-02 -2.500949315986653043e-02 5.934894923729439054e-02 -1.250308944590693486e-02 -9.664734158811816300e-02 -8.020282419761062820e-02 3.198788907544177773e-01 6.331583779129983380e-01 3.061981338879712911e-01 -3.610862306384735737e-02
-9.303477465167761529e-02 -1.306382570478771821e-01 3.066240309908307288e-02 8.667082424650687789e-02 5.110115024404385253e-02 -9.209755144684324268e-02 -1.469845144384228103e-03 3.061981338879712911e-01 3.514201722784623949e-01 2.886704540116412643e-01
2.567396681984229767e-01 3.901300828273993569e-03 -6.707768348802166380e-02 2.293687041497401158e-02 7.536941550030576420e-02 3.131762234859493399e-02 -1.072447881048994023e-01 -3.610862306384735737e-02 2.886704540116412643e-01 7.694151619423701405e-01
3.916654538125016183e-01 2.913951193549118024e-01 -3.360913195520146696e-02 -1.142251417659478352e-01 2.142079183355281857e-02 7.739110043562236196e-02 -4.102767916204013571e-02 -1.280006267078470095e-01 3.463158454216010151e-02 3.273562501774163191e-01
2.913951193549118024e-01 6.951220433651978947e-01 3.009875506376450960e-01 6.869358231266555273e-03 -1.051882284762577224e-01 5.645199639087665477e-02 8.052986578441251320e-02 8.016928973920266904e-03 -1.021245845297036881e-01 -2.529726678836746734e-02
-3.360913195520146696e-02 3.009875506376450960e-01 3.745515985508747203e-01 3.018965274727136161e-01 3.758112790206843273e-02 -1.364729661096679703e-01 -2.027685064694472253e-02 9.806722603395105764e-02 3.230669166949169668e-02 -1.187465495925939252e-01
-1.142251417659478352e-01 6.869358231266555273e-03 3.018965274727136161e-01 4.713166529414734018e-01 3.181938887503171776e-01 -1.190220390561083919e-01 -1.113874426086327307e-01 2.788275822080714048e-02 9.347364694929555240e-02 -2.749496735918387225e-02
2.142079183355281857e-02 -1.051882284762577224e-01 3.758112790206843273e-02 3.181938887503171776e-01 6.382998726171387194e-01 2.983230053452354258e-01 -5.051784599550846605e-03 -1.139453751495380085e-01 -1.751379166680360963e-02 9.102365627936843950e-02
7.739110043562236196e-02 5.645199639087665477e-02 -1.364729661096679703e-01 -1.190220390561083919e-01 2.983230053452354258e-01 5.596261962746121865e-01 3.047802078109064228e-01 6.182977996097874240e-02 -1.018402265249264138e-01 -4.075236242725642499e-02
-4.102767916204013571e-02 8.052986578441251320e-02 -2.027685064694472253e-02 -1.113874426086327307e-01 -5.051784599550846605e-03 3.047802078109064228e-01 3.319616648601257936e-01 2.947692498895419511e-01 6.125698679051260614e-02 -1.094158743007478396e-01
-1.280006267078470095e-01 8.016928973920266904e-03 9.806722603395105764e-02 2.788275822080714048e-02 -1.139453751495380085e-01 6.182977996097874240e-02 2.947692498895419511e-01 5.173233643915144953e-01 3.334634087065841412e-01 -2.815502686069523697e-02
3.463158454216010151e-02 -1.021245845297036881e-01 3.230669166949169668e-02 9.347364694929555240e-02 -1.751379166680360963e-02 -1.018402265249264138e-01 6.125698679051260614e-02 3.334634087065841412e-01 4.657790279357813534e-01 3.081192966811755474e-01
3.273562501774163191e-01 -2.529726678836746734e-02 -1.187465495925939252e-01 -2.749496735918387225e-02 9.102365627936843950e-02 -4.075236242725642499e-02 -1.094158743007478396e-01 -2.815502686069523697e-02 3.081192966811755474e-01 5.543541252507740991e-01
3.668506253924237459e-01 3.378249126287946047e-01 9.569418805409207751e-02 -1.210107666888636802e-01 -2.318335336717933237e-02 8.302130876496419121e-02 5.851222219039624306e-02 -5.709333391990903395e-02 -2.983207082067184518e-02 2.713507569645813300e-01
3.378249126287946047e-01 5.357582978335988511e-01 3.029913620002105956e-01 -3.075278598586240683e-02 -9.005302005015099198e-02 -3.193874821550868326e-02 4.934856989794847437e-02 6.647585522361518229e-02 -1.376726097422370509e-01 -1.029862733201024338e-02
9.569418805409207751e-02 3.029913620002105956e-01 3.651030472119020653e-01 3.130136926056780178e-01 1.771771891886530712e-02 -1.152665793930721660e-01 -5.429936813141318652e-02 6.298095138744717880e-02 -1.645372134287440002e-02 -8.325543411554325868e-02
-1.210107666888636802e-01 -3.075278598586240683e-02 3.130136926056780178e-01 6.897369928830187069e-01 2.784153889528577785e-01 1.223953047665794075e-02 -7.706669176015344680e-02 -4.027702671393962319e-02 1.026511642648551270e-01 -7.264575703076035437e-03
-2.318335336717933237e-02 -9.005302005015099198e-02 1.771771891886530712e-02 2.784153889528577785e-01 2.967461175076054336e-01 3.035840282655022371e-01 1.301959632696542690e-01 -6.470913436318856404e-02 -3.045766639499904171e-02 6.392327428041177928e-02
8.302130876496419121e-02 -3.193874821550868326e-02 -1.152665793930721660e-01 1.223953047665794075e-02 3.035840282655022371e-01 5.290353148656590232e-01 3.226980944075028557e-01 7.219611992653073365e-03 -1.446834394507400257e-01 5.979783313178081011e-02
5.851222219039624306e-02 4.934856989794847437e-02 -5.429936813141318652e-02 -7.706669176015344680e-02 1.301959632696542690e-01 3.226980944075028557e-01 3.001089248229621420e-01 2.553661606755019964e-01 -4.956244579339287581e-02 -4.781877000988942611e-02
-5.709333391990903395e-02 6.647585522361518229e-02 6.298095138744717880e-02 -4.027702671393962319e-02 -6.470913436318856404e-02 7.219611992653073365e-03 2.553661606755019964e-01 7.568781996441134030e-01 2.850494748038869819e-01 -1.300236362000583012e-01
-2.983207082067184518e-02 -1.376726097422370509e-01 -1.645372134287440002e-02 1.026511642648551270e-01 -3.045766639499904171e-02 -1.446834394507400257e-01 -4.956244579339287581e-02 2.850494748038869819e-01 4.813521164716668133e-01 3.254443316966678101e-01
2.713507569645813300e-01 -1.029862733201024338e-02 -8.325543411554325868e-02 -7.264575703076035437e-03 6.392327428041177928e-02 5.979783313178081011e-02 -4.781877000988942611e-02 -1.300236362000583012e-01 3.254443316966678101e-01 6.784303633670412115e-01
7.006991764374668197e-01 3.013919411501547740e-01 6.672060543524978293e-02 -6.073307548250748977e-02 -5.276140097293591236e-02 4.253778151520073991e-02 6.108338386481215743e-02 -9.682979146982853558e-02 7.411186240273290315e-02 2.888086975087683639e-01
3.013919411501547740e-01 2.655218958774597238e-01 2.384969252632274661e-01 1.317329883460261475e-01 -7.373328709211526832e-02 -7.400039219079122821e-02 5.476541423624586846e-02 1.803909951578207965e-02 -1.038446579892391419e-01 2.723582669008749874e-02
6.672060543524978293e-02 2.384969252632274661e-01 3.689989951160135839e-01 3.299315862027824009e-01 2.085999719917954603e-02 -1.228943011003101604e-01 -1.320531664639129979e-02 9.666808326385882555e-02 -1.426586070190544175e-01 -9.621236223526874465e-02
-6.073307548250748977e-02 1.317329883460261475e-01 3.299315862027824009e-01 4.688672000980266263e-01 3.014378901743079431e-01 -6.798216144783377282e-04 -1.040292769613938295e-01 7.204894726702359975e-02 -2.659453781025685609e-02 -6.970220988070308099e-02
-5.276140097293591236e-02 -7.373328709211526832e-02 2.085999719917954603e-02 3.014378901743079431e-01 5.733590740469546310e-01 3.214193899316318825e-01 -3.066009734719413876e-02 -9.003714404585436148e-02 1.388542981659046105e-01 7.586467732864418667e-02
4.253778151520073991e-02 -7.400039219079122821e-02 -1.228943011003101604e-01 -6.798216144783377282e-04 3.214193899316318825e-01 4.177168852462712634e-01 3.145119931301912919e-01 -9.850366758802846234e-02 -5.818179407175733814e-03 5.002204160984281833e-02
6.108338386481215743e-02 5.476541423624586846e-02 -1.320531664639129979e-02 -1.040292769613938295e-01 -3.066009734719413876e-02 3.145119931301912919e-01 6.917038383010249980e-01 2.137484857537733651e-01 -1.885693726441766138e-01 -8.904649910008965996e-02
-9.682979146982853558e-02 1.803909951578207965e-02 9.666808326385882555e-02 7.204894726702359975e-02 -9.003714404585436148e-02 -9.850366758802846234e-02 2.137484857537733651e-01 7.744166246412866883e-01 2.869214351065519364e-01 8.129382646558666950e-03
7.411186240273290315e-02 -1.038446579892391419e-01 -1.426586070190544175e-01 -2.659453781025685609e-02 1.388542981659046105e-01 -5.818179407175733814e-03 -1.885693726441766138e-01 2.869214351065519364e-01 4.973442916979100570e-01 2.544827600627965758e-01
2.888086975087683639e-01 2.723582669008749874e-02 -9.621236223526874465e-02 -6.970220988070308099e-02 7.586467732864418667e-02 5.002204160984281833e-02 -8.904649910008965996e-02 8.129382646558666950e-03 2.544827600627965758e-01 2.413720185375848315e-01
3.294803542122315410e-01 2.955146206543859400e-01 5.059976048647876756e-02 -1.044001389339127284e-01 -4.282239934702905537e-03 8.262217289425718980e-02 2.614272860186531849e-02 -8.229887498105500909e-02 -4.867626045051450662e-02 3.142747549999408418e-01
2.955146206543859400e-01 6.068308241429353211e-01 3.297157571798105535e-01 -6.563410457895209327e-02 -1.064589255180819760e-01 -1.942124658907659965e-02 7.355406944747930331e-02 8.396750901020713642e-02 -9.095305976804439474e-02 -1.002160847485116142e-02
5.059976048647876756e-02 3.297157571798105535e-01 4.089205535993719609e-01 3.072813750111783038e-01 2.136337238633619073e-02 -1.048963024240700953e-01 -3.888052655919756184e-02 5.696677257611190703e-02 3.118557764404723126e-02 -1.134861279845120752e-01
-1.044001389339127284e-01 -6.563410457895209327e-02 3.072813750111783038e-01 6.664132117215078033e-01 2.942146126937077444e-01 2.587924737265428696e-02 -9.104489027157093572e-02 -8.215232886768383813e-02 7.536828677684727362e-02 5.489368914024305574e-03
-4.282239934702905537e-03 -1.064589255180819760e-01 2.136337238633619073e-02 2.942146126937077444e-01 2.947564406284813865e-01 2.864518017436658015e-01 1.066454570078230746e-01 -4.042351007546082092e-02 -5.540473514281166190e-02 8.541648184891489914e-02
8.262217289425718980e-02 -1.942124658907659965e-02 -1.048963024240700953e-01 2.587924737265428696e-02 2.864518017436658015e-01 5.220256012258057687e-01 3.295187826594848102e-01 9.606902348699430938e-02 -1.415024630275833750e-01 6.213442427140401791e-02
2.614272860186531849e-02 7.355406944747930331e-02 -3.888052655919756184e-02 -9.104489027157093572e-02 1.066454570078230746e-01 3.295187826594848102e-01 3.172658754407828297e-01 2.629642478539537809e-01 4.777845292788004961e-03 -8.097044159769140048e-02
-8.229887498105500909e-02 8.396750901020713642e-02 5.696677257611190703e-02 -8.215232886768383813e-02 -4.042351007546082092e-02 9.606902348699430938e-02 2.629642478539537809e-01 4.822654660610076194e-01 3.363615673790017468e-01 -1.599697897074564001e-01
-4.867626045051450662e-02 -9.095305976804439474e-02 3.118557764404723126e-02 7.536828677684727362e-02 -5.540473514281166190e-02 -1.415024630275833750e-01 4.777845292788004961e-03 3.363615673790017468e-01 6.870934567242619195e-01 2.357188196066024033e-01
3.142747549999408418e-01 -1.002160847485116142e-02 -1.134861279845120752e-01 5.489368914024305574e-03 8.541648184891489914e-02 6.213442427140401791e-02 -8.097044159769140048e-02 -1.599697897074564001e-01 2.357188196066024033e-01 6.849482162436133503e-01
6.304255242998126896e-01 3.750669660105627745e-01 9.777854795503594654e-02 -5.338391117277619530e-02 -1.706195600601614903e-02 3.382570094414877326e-02 -1.107810395581337697e-02 -6.896304962360887136e-02 -1.832747019995097093e-02 2.575083176245893668e-01
3.750669660105627745e-01 4.105528049913091393e-01 1.669830834912566508e-01 3.262186739132943991e-02 -6.934051091045331794e-02 -4.643514642776915002e-02 1.171191610446200293e-01 1.018972688009318617e-01 -1.528880567898563414e-01 -9.194827103554376047e-02
9.777854795503594654e-02 1.669830834912566508e-01 1.252770503764141230e-01 2.223011292113808712e-01 1.651610170100014166e-02 -6.098817393194667230e-02 4.878371175907725982e-02 7.284067413569650373e-02 -5.826845696410169750e-02 -7.913848059415387604e-02
-5.338391117277619530e-02 3.262186739132943991e-02 2.223011292113808712e-01 8.554235802307879055e-01 2.481113130600445804e-01 -6.202288380052126820e-02 -4.973616708960530014e-02 8.750865836800991379e-03 3.825099926930113081e-02 -5.046391958439751940e-03
-1.706195600601614903e-02 -6.934051091045331794e-02 1.651610170100014166e-02 2.481113130600445804e-01 2.150431332494029957e-01 2.905565236237316884e-01 9.999989969691589972e-03 -9.945687731658334196e-02 3.611171955312722850e-03 7.330717465537564537e-02
3.382570094414877326e-02 -4.643514642776915002e-02 -6.098817393194667230e-02 -6.202288380052126820e-02 2.905565236237316884e-01 7.982042499255881385e-01 2.381596378862533836e-01 -4.896528996990563709e-02 -5.989129263905993567e-02 3.567886904708138240e-02
-1.107810395581337697e-02 1.171191610446200293e-01 4.878371175907725982e-02 -4.973616708960530014e-02 9.999989969691589972e-03 2.381596378862533836e-01 3.189185279155367092e-01 3.377075343223142068e-01 4.503590408554623836e-02 -1.417216307035354950e-01
-6.896304962360887136e-02 1.018972688009318617e-01 7.284067413569650373e-02 8.750865836800991379e-03 -9.945687731658334196e-02 -4.896528996990563709e-02 3.377075343223142068e-01 5.956402200617813003e-01 2.847885469232690481e-01 -8.369332945436604165e-02
-1.832747019995097093e-02 -1.528880567898563414e-01 -5.826845696410169750e-02 3.825099926930113081e-02 3.611171955312722850e-03 -5.989129263905993567e-02 4.503590408554623836e-02 2.847885469232690481e-01 5.155201789121643952e-01 3.557821941381908992e-01
2.575083176245893668e-01 -9.194827103554376047e-02 -7.913848059415387604e-02 -5.046391958439751940e-03 7.330717465537564537e-02 3.567886904708138240e-02 -1.417216307035354950e-01 -8.369332945436604165e-02 3.557821941381908992e-01 5.349947300372106529e-01
6.154028883402411498e-01 2.993325197566514273e-01 1.776542995939112742e-03 -1.186570444151235776e-01 -2.708977066772032781e-04 9.977830188470508677e-02 2.468004335225031098e-02 -1.005590936204210223e-01 4.483604809330100222e-02 3.223491468556065609e-01
2.993325197566514273e-01 3.452895871096116065e-01 3.096726376736194108e-01 -1.128410843634390787e-01 -8.307320844340565502e-02 2.452428373240666398e-02 6.567393855469044750e-02 1.224345984248667411e-02 -1.026201170952776298e-01 -3.279609011477295846e-03
1.776542995939112742e-03 3.096726376736194108e-01 7.219277697779616920e-01 2.477245429135556953e-01 -2.866854585974301650e-02 -1.072945213856605073e-01 -7.439524936205067773e-03 8.161157072782457278e-02 -6.034102508577002949e-02 -1.260237990544632314e-01
-1.186570444151235776e-01 -1.128410843634390787e-01 2.477245429135556953e-01 6.200214338701066641e-01 2.914178780411934566e-01 7.160436307357036234e-02 -7.886258878545993056e-02 -8.688710110977275469e-02 1.419834866960996145e-01 1.239001822764535660e-01
-2.708977066772032781e-04 -8.307320844340565502e-02 -2.866854585974301650e-02 2.914178780411934566e-01 2.648897747688426785e-01 2.848169380602549872e-01 8.364583279286767759e-02 -7.690313312313593053e-02 1.152826354660458838e-02 6.412435090331344845e-02
9.977830188470508677e-02 2.452428373240666398e-02 -1.072945213856605073e-01 7.160436307357036234e-02 2.848169380602549872e-01 5.834226410866428791e-01 3.223757126875883561e-01 1.169834839584118352e-02 -1.437374448607103283e-01 -5.611773832653552813e-02
2.468004335225031098e-02 6.567393855469044750e-02 -7.439524936205067773e-03 -7.886258878545993056e-02 8.364583279286767759e-02 3.223757126875883561e-01 2.992948473620375971e-01 2.691742277565809527e-01 -3.937337316732947290e-02 -9.566598066974701942e-02
-1.005590936204210223e-01 1.224345984248667411e-02 8.161157072782457278e-02 -8.688710110977275469e-02 -7.690313312313593053e-02 1.169834839584118352e-02 2.691742277565809527e-01 7.357652153384266480e-01 2.957611882304779227e-01 -2.144071179244919252e-03
4.483604809330100222e-02 -1.026201170952776298e-01 -6.034102508577002949e-02 1.419834866960996145e-01 1.152826354660458838e-02 -1.437374448607103283e-01 -3.937337316732947290e-02 2.957611882304779227e-01 3.932552384679162127e-01 2.914765339879997752e-01
3.223491468556065609e-01 -3.279609011477295846e-03 -1.260237990544632314e-01 1.239001822764535660e-01 6.412435090331344845e-02 -5.611773832653552813e-02 -9.566598066974701942e-02 -2.144071179244919252e-03 2.914765339879997752e-01 4.207306038782342439e-01
2.114512617330766842e-01 2.597885613030448404e-01 7.115119205044995176e-02 -8.957072392237304392e-02 -1.722676799743312614e-02 6.778624467957397592e-02 1.231607559941448604e-02 -9.166201923684205721e-02 1.137529874542640360e-02 2.645930368909055752e-01
2.597885613030448404e-01 6.070210034151555245e-01 3.486543380810888659e-01 -5.511030791213211710e-02 -1.249981505927358211e-01 -7.778946019349778848e-03 9.507158887943931158e-02 -1.902345577013599826e-04 -1.103378923405206324e-01 5.702008170492939287e-02
7.115119205044995176e-02 3.486543380810888659e-01 4.071451825027171956e-01 2.929484109429437710e-01 1.892738249901015218e-02 -9.453328257108448152e-02 -1.211370322932141426e-02 7.451579443474268261e-02 -6.602119993166684353e-03 -8.873435144801300467e-02
-8.957072392237304392e-02 -5.511030791213211710e-02 2.929484109429437710e-01 6.418433958912241888e-01 3.191189279560715519e-01 4.964934534150958548e-03 -1.201994305624740911e-01 7.311295497083428012e-03 9.325840137868623980e-02 -5.000097211763579463e-02
-1.722676799743312614e-02 -1.249981505927358211e-01 1.892738249901015218e-02 3.191189279560715519e-01 3.529832312741651990e-01 2.889732717418131425e-01 5.380958671185587933e-02 -1.017813281443376849e-01 -2.234363279652055306e-02 8.682764863149308732e-02
6.778624467957397592e-02 -7.778946019349778848e-03 -9.453328257108448152e-02 4.964934534150958548e-03 2.889732717418131425e-01 5.279786252001714697e-01 3.418233960649419423e-01 -4.426582848248523938e-02 -1.316743323539998345e-01 9.410710333223540336e-02
1.231607559941448604e-02 9.507158887943931158e-02 -1.211370322932141426e-02 -1.201994305624740911e-01 5.380958671185587933e-02 3.418233960649419423e-01 4.899134894630305936e-01 2.989492056700884248e-01 -3.623957471410148030e-03 -9.910734518042499386e-02
