1.150518306743496255e-01 1.200248579834536505e-01 1.182189748837940008e-01 1.104269129333015492e-01 9.332547465043651569e-02 7.599489666177022817e-02 6.800360847902388317e-02 9.063415006488800829e-02 1.046697746998880574e-01 1.036495189690946062e-01
7.530588777947536117e-02 7.767051769645789971e-02 7.723652522951535149e-02 8.820474720732049412e-02 1.147128996581512628e-01 1.151763731603720337e-01 1.181299677588911745e-01 1.221417648108640563e-01 1.122346511426479121e-01 9.918666555630428761e-02
9.862127926370847786e-02 9.660983183694785148e-02 9.573203234377788973e-02 8.697377864183869489e-02 8.399569715038417150e-02 9.664001173880543138e-02 9.189548726324017758e-02 9.585991123049174278e-02 1.285290615360497046e-01 1.251429089947558859e-01
9.974993439862916977e-02 9.907050637229339318e-02 1.008106686897110443e-01 1.020707860336033390e-01 1.132556843757538401e-01 1.049455637690568099e-01 9.907248422359329898e-02 1.094866160985843717e-01 8.959425899806264249e-02 8.194349704071243745e-02
1.166863523184983042e-01 1.110705232846381368e-01 9.821503447744898974e-02 8.697301261574116871e-02 9.161426132185442051e-02 9.409709165077752291e-02 1.105596330978645542e-01 1.101289407391485009e-01 9.027063576781896304e-02 9.038451472620950833e-02
1.024106730051242142e-01 8.334040864072767008e-02 7.569441258962156249e-02 7.168726311730985734e-02 7.796926933365931622e-02 8.241127829493886947e-02 1.048335659092358568e-01 1.375590764684690437e-01 1.421662725438879171e-01 1.219277800970259701e-01
9.780448914356838774e-02 8.989454519218115225e-02 9.337238424302304884e-02 9.925793964678097936e-02 9.487835317457277151e-02 9.934190079027299669e-02 1.001240464488466209e-01 1.215166620324806962e-01 1.120460086925435944e-01 9.176367063572987703e-02
1.234441097065872850e-01 1.354452686829808461e-01 1.098205395794521061e-01 7.771305214621097857e-02 6.701682881571915940e-02 6.905128183335365599e-02 8.308386853018519258e-02 1.019476449798740608e-01 1.227908376201834739e-01 1.096865681054532971e-01
1.049725571687054604e-01 1.026085602122405460e-01 1.153733059454050969e-01 1.264385792730491898e-01 9.189065878001059784e-02 8.926405406558708677e-02 8.776233688241477648e-02 9.068832368876411643e-02 9.133246947118187076e-02 9.966915451264132808e-02
8.822273592983857771e-02 1.083070571691531619e-01 1.204737919996849427e-01 1.136383655603337151e-01 1.086655434566252965e-01 1.067207369873287570e-01 8.868687968541831557e-02 8.811565188326550557e-02 9.094840887085817172e-02 8.622082845749388935e-02
8.146869479874825626e-02 8.364541136357299400e-02 9.089698647526947561e-02 1.053328942810946023e-01 1.216543417297882429e-01 1.359830629719480100e-01 1.050684224685937834e-01 9.653676904843214168e-02 8.972425881917120427e-02 8.968915804338135900e-02
9.670093271809251934e-02 1.084668707189030967e-01 1.231749755079520614e-01 9.405269626516887804e-02 9.199728651565486359e-02 1.084194652508572859e-01 1.056197844680079045e-01 9.156017401005260570e-02 8.558413513116173987e-02 9.442367941414926691e-02
1.037694028438171240e-01 1.083331113837164295e-01 1.053426907130688428e-01 1.035197161357259976e-01 1.032601922168167180e-01 9.838255683858601608e-02 8.864566470093365735e-02 9.680520741010240071e-02 9.356693166115978566e-02 9.837452609607293119e-02
8.944969250621524759e-02 1.025580782715085071e-01 1.213349758918271931e-01 1.186512702873323277e-01 9.522478387713925740e-02 7.724505776086122710e-02 8.902881681581918671e-02 1.045724048007565105e-01 1.124004649453210214e-01 8.953445484321945202e-02
9.758215295456462712e-02 8.354958195824771505e-02 8.387772822200310896e-02 8.468170082780646091e-02 8.837858240766119367e-02 1.050369163351239921e-01 1.286620970178056211e-01 1.124367658921992530e-01 1.109443930747588125e-01 1.048500813098294793e-01
1.292712306121800714e-01 9.471778416485124308e-02 6.832151094951348369e-02 7.451420012665702086e-02 6.798416503875837069e-02 9.239832391314425908e-02 1.038002761347970593e-01 1.106978694250603384e-01 1.222633375218734331e-01 1.360313021131646372e-01
8.867298439984937219e-02 9.447395633308294793e-02 9.406363467713586834e-02 9.515389233340200426e-02 8.683871604808859890e-02 1.236168597038110745e-01 1.254052413243185171e-01 1.077152175662172140e-01 9.750940245592887301e-02 8.655009515816579346e-02
9.989169673208291023e-02 9.906585435031171893e-02 9.212372213106698182e-02 9.982446944895256857e-02 1.055332003899049631e-01 1.070555819675808595e-01 1.089848346749348051e-01 9.351102120966314768e-02 9.102620851154025194e-02 1.029834105839619735e-01
8.030024810017361014e-02 8.224501660226077315e-02 8.163200845806480033e-02 1.043353620643456964e-01 1.130392111911290021e-01 1.204965106851307033e-01 1.203501701726500395e-01 1.148323453681221462e-01 9.870875713324397949e-02 8.406037022487936050e-02
1.381662765484138466e-01 1.250272982440198688e-01 1.036053424520650412e-01 8.176278981510622101e-02 7.619241583577893162e-02 7.276937143901109073e-02 7.980474169108697780e-02 9.038564716858230041e-02 1.049093822320397995e-01 1.273767345738962276e-01
1.146562179384011393e-01 9.404479182465669274e-02 8.850165869630001458e-02 9.169265317475591703e-02 9.985537517277320863e-02 9.587507286604650403e-02 1.062372032927721421e-01 9.555440451358235276e-02 1.058301899234027621e-01 1.077524325973095859e-01
7.572952552186762443e-02 9.294736873314986270e-02 1.250978681425068406e-01 1.434844948055893077e-01 1.220746529555638837e-01 8.936518511382900154e-02 9.060798115755441806e-02 9.183239824766246950e-02 9.362938226105288475e-02 7.523114306122367922e-02
8.288684089543449374e-02 1.080142013825381719e-01 1.145356472844959866e-01 1.100132754631195503e-01 1.114895128531903368e-01 1.087815022253088570e-01 1.087015064314872104e-01 8.758814989873445200e-02 7.828375998039387162e-02 8.970560358529705569e-02
1.137460610856172033e-01 1.003083056527354217e-01 9.997693663801571207e-02 8.810628282070052941e-02 8.876589972223422609e-02 8.505657293716298306e-02 8.996490044778623907e-02 1.113958306574254348e-01 1.132579783380798510e-01 1.094212317002426771e-01
9.961876638369226988e-02 1.098128106692720513e-01 9.037601436910645825e-02 8.325170551594972268e-02 8.573156354638875043e-02 8.693076922757039804e-02 8.923620614493116276e-02 1.094386100317261967e-01 1.177652883625586733e-01 1.278382657488046081e-01
9.230241352550740130e-02 1.026148397505070864e-01 1.180847416048407261e-01 1.239668935766696234e-01 1.118707835699079833e-01 8.631290978507641376e-02 8.856036123608967969e-02 8.200413269781020587e-02 1.065245627786122751e-01 8.775836147497872997e-02
1.081927389731882905e-01 1.076944266195227345e-01 1.066450080333217754e-01 8.682600954754113309e-02 9.897789685531718784e-02 9.889131657159982991e-02 9.011374724016750493e-02 8.970805897286596164e-02 1.012947518859615426e-01 1.116560453005142062e-01
7.173612616591240609e-02 7.729782132339617362e-02 9.346837392804441258e-02 1.054346771576383512e-01 1.165975944154855892e-01 1.197818912149758719e-01 1.206390221317262812e-01 1.113913702489278401e-01 1.042910630536223460e-01 7.936206036027072808e-02
6.220444800309025274e-02 7.490157563631731630e-02 7.694787349930101716e-02 9.290752748084228629e-02 1.146667353862828864e-01 1.106790766045977065e-01 1.345757406361142161e-01 1.403053903892491350e-01 1.121159141657802061e-01 8.069571819842479010e-02
1.093959459435173143e-01 1.124203299952732243e-01 1.047453850796401242e-01 1.085499495623621219e-01 8.903822598504165797e-02 8.250498239911933929e-02 8.323866663972251390e-02 9.184759459217993471e-02 9.839691293938211680e-02 1.198620068637616387e-01
8.166090354940698515e-02 1.024226812268632242e-01 9.107250143781231433e-02 9.484205662073072474e-02 9.255402776061238956e-02 1.047606926315214626e-01 1.375080935140787775e-01 1.335747230988003909e-01 9.090579703353000862e-02 7.069852312664401395e-02
8.535028359747456883e-02 8.423220702209982536e-02 9.155325953410375917e-02 1.058504996144975507e-01 1.387136585504179509e-01 1.336702747423409443e-01 1.054568862485362607e-01 9.164524195966020081e-02 8.039322510323582138e-02 8.313446362763318720e-02
9.632759752625982830e-02 8.128724527672118172e-02 9.072004348710407950e-02 9.465842306176945609e-02 8.606705256152175076e-02 1.046389752225368452e-01 1.166047564486172583e-01 1.056084011335512440e-01 1.076352721216736752e-01 1.164522331602445976e-01
1.054643337005823772e-01 9.344876869658770568e-02 8.248387613125519879e-02 8.337586468160819442e-02 8.707372820230549482e-02 8.028340741140968517e-02 8.414014949990721026e-02 1.149913290641765840e-01 1.296507549471516141e-01 1.390877876650161160e-01
7.985984954369439170e-02 8.534187124493977650e-02 1.017273908005744409e-01 1.191767770319463182e-01 1.271009265556702350e-01 1.184552693221981728e-01 9.672609124967242178e-02 9.278848153984400882e-02 8.491563412742973715e-02 9.390770858403034438e-02
7.404207806832477368e-02 9.582305584168598900e-02 1.386902242885938996e-01 1.345208441021696066e-01 1.083366665576643573e-01 1.055613041895300808e-01 8.924689791524327565e-02 8.448304174885951090e-02 9.181252809115836300e-02 7.748335919677015737e-02
9.902613419056736921e-02 9.462088236305279954e-02 9.150982474394148136e-02 8.963316446476948807e-02 1.047445869547345004e-01 1.049566649747197128e-01 1.034891928831643548e-01 1.015664732361071382e-01 1.027833285824751863e-01 1.076697476064683301e-01
9.896894340015957581e-02 1.103975841986792467e-01 1.179297824493959895e-01 1.160111866071685260e-01 1.108186583773971556e-01 9.627822077576077275e-02 9.196700260971230056e-02 8.488971608505979649e-02 7.499511170212019850e-02 9.774379379454639638e-02
8.203841763838995438e-02 8.363765277928317254e-02 1.024069685443862315e-01 1.052789175098134411e-01 1.181812310573263358e-01 1.112604725585309151e-01 9.722588054318780093e-02 9.626462150491582603e-02 1.019779577422795236e-01 1.017278801218868406e-01
8.829703217114298619e-02 7.783956667339470004e-02 8.715822297992933954e-02 1.094591049363145691e-01 1.122940831297525033e-01 1.098517542912324230e-01 1.158328261741971843e-01 1.075187346195308480e-01 9.716015648110669367e-02 9.458851854339858645e-02
1.031067732727540820e-01 1.208629290426902203e-01 1.097551140072026143e-01 9.900456982753065571e-02 1.112873802405628249e-01 9.424502608542523197e-02 9.239421630040592359e-02 8.306730524282013306e-02 9.192526501908336589e-02 9.435142096152526747e-02
8.637714678011043645e-02 8.555103610942349501e-02 8.757707218773072566e-02 1.040207304111718800e-01 1.186487947817346095e-01 1.299551668842085506e-01 1.223655949097822437e-01 1.049331153121284832e-01 8.135598728904172572e-02 7.921535533466783630e-02
9.876350105094683363e-02 8.306731358199284654e-02 9.054748100594245397e-02 8.333550388898848527e-02 9.797327899510081817e-02 1.056438884008702866e-01 1.060690658632093553e-01 9.597337359665486511e-02 1.287134783809946725e-01 1.099131152352995910e-01
1.384381925274600356e-01 1.320195876905820853e-01 1.150949370044037634e-01 8.807385987951966977e-02 7.799253098694607089e-02 6.690883331859287519e-02 8.315727867978071897e-02 9.112894834251697440e-02 9.732559144409706764e-02 1.098602401261009054e-01
1.066982404068935325e-01 1.278592288172960001e-01 1.078383273874313208e-01 1.114653480153965093e-01 1.065928756678620332e-01 1.083249466560692875e-01 9.079715643155326921e-02 7.670319484412913003e-02 8.198067628980271193e-02 8.174000548356655238e-02
1.094931700284533793e-01 1.009638196468135574e-01 9.779261314263337779e-02 8.332451178431712902e-02 7.755195425854038982e-02 8.367399927938425075e-02 1.024540821145925734e-01 9.993126986491622510e-02 1.223663421746073732e-01 1.224482377057418414e-01
1.372272918581410872e-01 1.454986546677484727e-01 1.145537501248198309e-01 9.866658895041172106e-02 7.790611114186447861e-02 7.271452395197813834e-02 7.528866896091972183e-02 8.200476281474566864e-02 9.009400056283592417e-02 1.060456469665348733e-01
8.918414523989429132e-02 9.721468781053749231e-02 1.203686723688097426e-01 1.177613594588585999e-01 9.780452050761313798e-02 1.037720685791290870e-01 9.759184156042227665e-02 9.733966583486872159e-02 9.408173492173674268e-02 8.488130371813008834e-02
8.230830689670212696e-02 8.549895007617985820e-02 8.100280334537103555e-02 8.120496026955179025e-02 9.892661756553831898e-02 1.107535944161542607e-01 1.170403689901683558e-01 1.222240757646878700e-01 1.162792332108326387e-01 1.047610894648137031e-01
1.008149637367599660e-01 9.177379168246529995e-02 8.280674045408245587e-02 8.937164718014066478e-02 9.794969684264595577e-02 9.718438779147151041e-02 1.060161061713175562e-01 1.065073144356345758e-01 1.203487800710668909e-01 1.072265716344151520e-01
9.527537671065963720e-02 8.648592131790465432e-02 8.736037105306791728e-02 8.389570639399515639e-02 8.183422407398838194e-02 9.953185426333029107e-02 1.014853238634341459e-01 1.258790224855995121e-01 1.319847908769089528e-01 1.062674089611116285e-01
8.861855649729205586e-02 1.129694539494606464e-01 1.128045390122678349e-01 1.124685992021481062e-01 1.064492229183778282e-01 1.013509925343095142e-01 1.027920471691005505e-01 9.502132688338885136e-02 8.704393326142856324e-02 8.048132857222632663e-02
1.121683384802318467e-01 8.574363180335974055e-02 8.014041088186271700e-02 8.730048348912372580e-02 1.133768541791594364e-01 1.125195277598914495e-01 1.164244246157279117e-01 9.492954537880647636e-02 9.257542424496917333e-02 1.048213591668677169e-01
9.941336580636184195e-02 8.761309719080802305e-02 8.263479969175806239e-02 8.270496421831668998e-02 8.437547291012938155e-02 8.860575394966579976e-02 1.043752378748526166e-01 1.210830675017853797e-01 1.302792698235148983e-01 1.189149710328075149e-01
1.005708094478721115e-01 1.100132086651998270e-01 1.305948029793354837e-01 1.236039131412707132e-01 1.223016481470480116e-01 8.981140960013847541e-02 9.416666866952738690e-02 8.566857730307231300e-02 6.624548758849288510e-02 7.702347445804283432e-02
8.654775950148270447e-02 6.716993071006231719e-02 5.578830965573602224e-02 6.473825826912456283e-02 9.675058622794679986e-02 1.135999437739564633e-01 1.174601946637660044e-01 1.397030775779940504e-01 1.344322041643253862e-01 1.238097354556055019e-01
1.086548468936501533e-01 9.564732915163567939e-02 7.637334099496918827e-02 6.993227534628718156e-02 8.696612866104569406e-02 8.866768800066647527e-02 1.203287004818585221e-01 1.228205178400982589e-01 1.024296339030936198e-01 1.281795387266952135e-01
9.657699084014628732e-02 9.177863233645078278e-02 1.025202207665307785e-01 1.122707678834320572e-01 1.320139627270890958e-01 1.233070225602432568e-01 8.900551199620379550e-02 7.559036845859215537e-02 8.262577032781537323e-02 9.431075210349634808e-02
9.777527738133034996e-02 7.741721315689564786e-02 7.004472374092565734e-02 6.914593141801533838e-02 1.000819601016356142e-01 1.312431084973090245e-01 1.236089729746736449e-01 1.059564624054224469e-01 1.100389396991435509e-01 1.146874106246490166e-01
9.489646717060538916e-02 1.115904987662616477e-01 1.219140188281754023e-01 1.177212890917195831e-01 9.911864538828470128e-02 8.519921839652803974e-02 8.884255169036581190e-02 8.882104406092566906e-02 8.859069597649256445e-02 1.033055706306412469e-01
8.474115322272740558e-02 9.422208445980446989e-02 9.328960788784060321e-02 1.073130121093065770e-01 1.093704977956413693e-01 1.189783498290880592e-01 1.120103555002492923e-01 1.087647922922759663e-01 9.001274393816625918e-02 8.129740296490017837e-02
9.536661623816659883e-02 1.250132395017453657e-01 1.280163539177773258e-01 1.140008641009905288e-01 8.677649460857873864e-02 7.851013343426714586e-02 8.222037982261576339e-02 8.868231619502392471e-02 1.039583013622876750e-01 9.745530081854708593e-02
9.274143170905584099e-02 9.097357030272279488e-02 8.528622972675298231e-02 1.019549155375025912e-01 1.011645097825816658e-01 1.067218583313211122e-01 1.194526651836770315e-01 1.165919638731116870e-01 9.734205759651963497e-02 8.777079795675463147e-02
9.344644481030250915e-02 9.622817728097399215e-02 9.917457972183012227e-02 9.332169067475989954e-02 8.621982348556961329e-02 9.942760129953247261e-02 1.174779405607918881e-01 1.223891044278160589e-01 1.028292474837732146e-01 8.948539025465017394e-02
1.054135159757415147e-01 1.238061416206876209e-01 1.345247453395750081e-01 1.125282006005784707e-01 9.100179798894997285e-02 6.938336690795209039e-02 8.417310852486085959e-02 9.659723894981211978e-02 8.257062348373453431e-02 1.000012606081079752e-01
1.318919265865830248e-01 1.064383662288941462e-01 7.044045563663536846e-02 6.353502490795209789e-02 7.763686308475845066e-02 1.023441202358795071e-01 1.184129696818557037e-01 1.004252182039112873e-01 1.052137561354432871e-01 1.236612992980870018e-01
1.184059955847487078e-01 1.061944805076691090e-01 1.033541505556349327e-01 8.150801992822859221e-02 6.711340309788088598e-02 7.811799762617928355e-02 9.840192521814038196e-02 1.134129209307229574e-01 1.078667579597568094e-01 1.256243485910382429e-01
8.735161293026624807e-02 7.813323068862487730e-02 9.653833738830214228e-02 8.574964918640189115e-02 9.296395915628459516e-02 9.062807428937705301e-02 1.128507079188301454e-01 1.355218589410840946e-01 1.179865386116448062e-01 1.022760308891844105e-01
1.393928648036588669e-01 1.121796309473241104e-01 1.220529370173466382e-01 1.071947854572850856e-01 8.475716591703211233e-02 8.005762085494769198e-02 8.166260459160915031e-02 8.522230849810365216e-02 8.684507473795718968e-02 1.006350071747356967e-01
7.272495546344011352e-02 8.596234125659520109e-02 1.024936636936270573e-01 1.089213074407636705e-01 1.058342377295517778e-01 1.354591051773481325e-01 1.202109189382225551e-01 9.659211746107972119e-02 9.078819767827978060e-02 8.101315516109185155e-02
8.079388644012339138e-02 6.568941965593533272e-02 6.096959935360874577e-02 8.965561147907721851e-02 1.137761933305052875e-01 1.356122650697717535e-01 1.182782916892004543e-01 1.044808019244758968e-01 1.121155351419396429e-01 1.186283959153625334e-01
6.452545110567579900e-02 7.434569269130156255e-02 7.867025998417549737e-02 8.925524928612010855e-02 1.094616596409011544e-01 1.326977250350506732e-01 1.322047269959942817e-01 1.207573759758977655e-01 1.133591992402887549e-01 8.472266004459466648e-02
9.328450050486905565e-02 7.437272708133366161e-02 8.934379255587257540e-02 9.026616280989882557e-02 9.479524266495854834e-02 1.002822546978146129e-01 1.121922725815451549e-01 1.213066616670089998e-01 1.141436339875046280e-01 1.100127514491938963e-01
6.221896827751463577e-02 5.968479132700491713e-02 7.466125485963022446e-02 9.147498303375060924e-02 1.159360276611524077e-01 1.429742845962256315e-01 1.325418122322205849e-01 1.362214038676943240e-01 1.006736183788062705e-01 8.361285576600060998e-02
8.487648928938329451e-02 1.001754431839955300e-01 1.041014259692307764e-01 8.497974499942723137e-02 9.106171583431596495e-02 1.257416377840891997e-01 1.086049427480658969e-01 1.237696208153502009e-01 9.929500321260438522e-02 7.739397616353746456e-02
9.851678935837515638e-02 9.538838188823513253e-02 8.375459422013942223e-02 7.280937000092435607e-02 7.539320467025303896e-02 9.924718185488402844e-02 1.256274789448095786e-01 1.184639434431243865e-01 1.141141188706831511e-01 1.166849367485716937e-01
8.022456492088934910e-02 7.599492007200006616e-02 8.594916756383372269e-02 9.786547808525004888e-02 1.029930810357531645e-01 1.128461966335857214e-01 1.334793876606672203e-01 1.181871512366629295e-01 1.000608850671606126e-01 9.239916772419708157e-02
1.064225428731114531e-01 1.250369910291257436e-01 1.266444896678776688e-01 1.034462198774830366e-01 7.778840828960723042e-02 8.256704289707070266e-02 9.189128227360497669e-02 9.293095841753641617e-02 8.464963627190623396e-02 1.086224284026767462e-01
1.219789764149421946e-01 1.039499465159777203e-01 1.121265188192531181e-01 1.115170503810482827e-01 8.324298411228110706e-02 8.490837714521221047e-02 8.622878920912499523e-02 9.348530807586311053e-02 9.400328707472785372e-02 1.085587622515693934e-01
1.047720116768903476e-01 1.143160319426429344e-01 1.010739781675391302e-01 9.312798702036104159e-02 8.449348311068730077e-02 8.902517611646815210e-02 8.193082003429602578e-02 1.034567714242041886e-01 1.091804932051428506e-01 1.186232473017680422e-01
6.825704089782622108e-02 7.871129143397923023e-02 9.631295434203568373e-02 1.204395234834312600e-01 1.259306986632950931e-01 1.353763830198929374e-01 1.097604370444166394e-01 9.488813501878790024e-02 9.511062896162857105e-02 7.521290713470654699e-02
9.180954150187846385e-02 9.752255770714927940e-02 1.159264782931341831e-01 1.389711292252271413e-01 1.303449296608992225e-01 1.112098987034447900e-01 8.255738759948814953e-02 6.490414892280335635e-02 7.184210174572011609e-02 9.491182664025550608e-02
5.927035831481083233e-02 6.442698980879457693e-02 6.720600657762487717e-02 9.740425317794199067e-02 1.133175660423121900e-01 1.290297689615788335e-01 1.428334124905511759e-01 1.311406277889139715e-01 1.173959897808510289e-01 7.797502705662084921e-02
1.001452990671317933e-01 1.036496549978271203e-01 8.601163792739116576e-02 9.232620385570074195e-02 8.876695926941208237e-02 9.960079992056192211e-02 9.887259121328031974e-02 9.687727642145996243e-02 1.228658478025954348e-01 1.108837295246394156e-01
1.314562135271585830e-01 1.443319452204337439e-01 1.049141268335012922e-01 9.526212406688375212e-02 9.639097022124669401e-02 7.075752872745141864e-02 6.041404728010339037e-02 8.242242797109239349e-02 9.598788818828303537e-02 1.180627279638460508e-01
9.629961543138124136e-02 9.952883067290180241e-02 9.913153581223396738e-02 9.849766662269196504e-02 9.616021168201471792e-02 1.028358804916320590e-01 1.086843179168701934e-01 1.000613157570204859e-01 9.162131252049024455e-02 1.071793130927630733e-01
1.049784233917568366e-01 1.169497518519348189e-01 1.137857603978700005e-01 1.019649569018064167e-01 9.473652066765814173e-02 9.601671193919547598e-02 1.001184469178763303e-01 9.549153282042552315e-02 7.408647444724386633e-02 1.018714206642326037e-01
1.200994457688396855e-01 9.327996617184171335e-02 8.636510545972619912e-02 8.696844262433209294e-02 8.707356196981783092e-02 9.082581777177790860e-02 9.358753774789256574e-02 1.002778169335204472e-01 1.157622461546427145e-01 1.257600593976086478e-01
1.099075042804029539e-01 9.871068903555180185e-02 9.270594457606573524e-02 1.077105683798019603e-01 1.027579881835792713e-01 9.988635332719000837e-02 9.522833032101241102e-02 9.866739185556903935e-02 9.587972387437493360e-02 9.854550616645182948e-02
9.387980997134598438e-02 1.161087636693654834e-01 1.143109800562709111e-01 1.019478314337149832e-01 1.021292753672575354e-01 1.112960880455762802e-01 1.031865158071227084e-01 9.620093478131128140e-02 8.151246995372583848e-02 7.942733091430913273e-02
9.730042128437529914e-02 1.071474320550599990e-01 9.726731158718379677e-02 9.230915426322557071e-02 1.079387507211724828e-01 1.136750151805948211e-01 1.190387902115863789e-01 9.419642281362652914e-02 8.795358817242017457e-02 8.317311371075516990e-02
1.293137071810837035e-01 1.018291273980900524e-01 8.403027823969820564e-02 7.938717939677636393e-02 7.661556682100258142e-02 8.051574365748928597e-02 8.178389548407069554e-02 1.077599468589320320e-01 1.153721060763579220e-01 1.433924488864991020e-01
9.933247235850645174e-02 8.092773685382687043e-02 8.997718241837049380e-02 9.428027627992555115e-02 1.176641904013305540e-01 1.093099480480171914e-01 1.137657798012611243e-01 1.000055886960802970e-01 9.727175324897843756e-02 9.746507189370302859e-02
9.002176241843892757e-02 9.042262527252652171e-02 9.766276793963007963e-02 1.211482180342880882e-01 1.142337332560805774e-01 8.585486609220081833e-02 8.099184120458972902e-02 1.001687113263514534e-01 1.093756498680094752e-01 1.101198245878843851e-01
8.718944630862382472e-02 9.651091334834609181e-02 1.119038355327014733e-01 1.250596180532920210e-01 1.161211014386927115e-01 1.233262709814577918e-01 9.946259281399996710e-02 8.360815252718151180e-02 8.623903693839951590e-02 7.057903205730520213e-02
7.196138075625616026e-02 9.942013050540263186e-02 1.349612809809547509e-01 1.216862854489903223e-01 1.136052923088954753e-01 1.247803539717170090e-01 1.323620165253627246e-01 8.015476043545002871e-02 6.086587952967694587e-02 6.020261953729416637e-02
1.013583936366371507e-01 8.007453465530130210e-02 8.307928966594718689e-02 1.063884328086760062e-01 1.148181825777207371e-01 9.790035223398901865e-02 9.152682774389303555e-02 1.127944414734447509e-01 1.114096799782774150e-01 1.006498652261136328e-01
7.897991607559948224e-02 9.103494485597157793e-02 1.108826358433794707e-01 1.036463726332727819e-01 1.168759817167963760e-01 1.328442610062969542e-01 1.317761802488801315e-01 8.720151112357521495e-02 6.672087442136093172e-02 8.003732207486718986e-02
9.286754112452470789e-02 9.258986622939875677e-02 9.191647081866648195e-02 7.936111258410277758e-02 8.049882775483413466e-02 1.121880526193682198e-01 1.279431063454323780e-01 1.025253878693975634e-01 9.920665701732285513e-02 1.209029776369522774e-01
1.302014117535558735e-01 1.106017322766319894e-01 1.045413139485444898e-01 9.642839668644483109e-02 7.796086763151507948e-02 6.861240988202267632e-02 6.925090109421416784e-02 8.640140713683926166e-02 1.209438990258499130e-01 1.350576605643817041e-01
