1.150518306743496255e-01 1.166909477426288921e-01 1.142949788668176647e-01 1.091936137538304513e-01 9.991595565013337843e-02 9.033237033563264184e-02 8.584443345532380421e-02 9.944505216995033758e-02 1.077211076383393223e-01 1.084736926670111234e-01
1.166909477426288921e-01 1.200248579834536505e-01 1.183214882417139152e-01 1.130738898532994696e-01 1.030406211392104476e-01 9.252825886884324946e-02 8.723301266405067422e-02 1.003758030970966497e-01 1.083736249052977829e-01 1.092818998842400302e-01
1.142949788668176647e-01 1.183214882417139152e-01 1.182189748837940008e-01 1.136023657097078587e-01 1.034750006507894338e-01 9.250964262401101257e-02 8.662502136560326638e-02 9.900308394331082396e-02 1.063432734795795864e-01 1.069469394308511095e-01
1.091936137538304513e-01 1.130738898532994696e-01 1.136023657097078587e-01 1.104269129333015492e-01 1.010217537498725449e-01 9.028909903392509650e-02 8.426514009965480057e-02 9.586953870958160595e-02 1.024588204238593425e-01 1.025277405007949810e-01
9.991595565013337843e-02 1.030406211392104476e-01 1.034750006507894338e-01 1.010217537498725449e-01 9.332547465043651569e-02 8.380376784398810286e-02 7.832604257685588101e-02 8.903810853434480921e-02 9.483581148349014278e-02 9.437726774306762212e-02
9.033237033563264184e-02 9.252825886884324946e-02 9.250964262401101257e-02 9.028909903392509650e-02 8.380376784398810286e-02 7.599489666177022817e-02 7.148695309854991020e-02 8.152976799760178195e-02 8.675224208159809658e-02 8.591620424711905735e-02
8.584443345532380421e-02 8.723301266405067422e-02 8.662502136560326638e-02 8.426514009965480057e-02 7.832604257685588101e-02 7.148695309854991020e-02 6.800360847902388317e-02 7.812472155193089796e-02 8.327017962406735307e-02 8.219175387551186374e-02
9.944505216995033758e-02 1.003758030970966497e-01 9.900308394331082396e-02 9.586953870958160595e-02 8.903810853434480921e-02 8.152976799760178195e-02 7.812472155193089796e-02 9.063415006488800829e-02 9.699312649526367625e-02 9.564391220747528455e-02
1.077211076383393223e-01 1.083736249052977829e-01 1.063432734795795864e-01 1.024588204238593425e-01 9.483581148349014278e-02 8.675224208159809658e-02 8.327017962406735307e-02 9.699312649526367625e-02 1.046697746998880574e-01 1.035961873964210550e-01
1.084736926670111234e-01 1.092818998842400302e-01 1.069469394308511095e-01 1.025277405007949810e-01 9.437726774306762212e-02 8.591620424711905735e-02 8.219175387551186374e-02 9.564391220747528455e-02 1.035961873964210550e-01 1.036495189690946062e-01
7.530588777947536117e-02 7.610470477946329471e-02 7.514295747498428435e-02 7.931936541724984857e-02 8.955554793816647430e-02 8.968440249884604420e-02 9.127713276043428192e-02 9.356070986980373483e-02 9.063127665152014012e-02 8.600351158465195656e-02
7.610470477946329471e-02 7.767051769645789971e-02 7.709620428553297378e-02 8.152173096524674423e-02 9.188690200459745383e-02 9.152153949743307981e-02 9.246484759224997407e-02 9.416307202801890708e-02 9.092245145096430892e-02 8.637801745068318660e-02
7.514295747498428435e-02 7.709620428553297378e-02 7.723652522951535149e-02 8.213206983171930653e-02 9.272303346857774242e-02 9.205956870216094878e-02 9.242265994546786101e-02 9.346201713876976791e-02 8.977076025009968208e-02 8.510986232637897386e-02
7.931936541724984857e-02 8.152173096524674423e-02 8.213206983171930653e-02 8.820474720732049412e-02 1.001049797424289067e-01 9.935556639868500794e-02 9.931822339899565311e-02 9.979714089438020130e-02 9.526306288715929993e-02 8.993874081594012415e-02
8.955554793816647430e-02 9.188690200459745383e-02 9.272303346857774242e-02 1.001049797424289067e-01 1.147128996581512628e-01 1.142781718027582050e-01 1.141663490489650129e-01 1.142796812488213742e-01 1.084993932422623764e-01 1.019133287484316752e-01
8.968440249884604420e-02 9.152153949743307981e-02 9.205956870216094878e-02 9.935556639868500794e-02 1.142781718027582050e-01 1.151763731603720337e-01 1.158001803137689023e-01 1.160623953522452317e-01 1.098693083630757489e-01 1.026719402044116020e-01
9.127713276043428192e-02 9.246484759224997407e-02 9.242265994546786101e-02 9.931822339899565311e-02 1.141663490489650129e-01 1.158001803137689023e-01 1.181299677588911745e-01 1.192658068570270624e-01 1.129795478673203957e-01 1.051872226350954037e-01
9.356070986980373483e-02 9.416307202801890708e-02 9.346201713876976791e-02 9.979714089438020130e-02 1.142796812488213742e-01 1.160623953522452317e-01 1.192658068570270624e-01 1.221417648108640563e-01 1.163706398706777778e-01 1.083170161732557868e-01
9.063127665152014012e-02 9.092245145096430892e-02 8.977076025009968208e-02 9.526306288715929993e-02 1.084993932422623764e-01 1.098693083630757489e-01 1.129795478673203957e-01 1.163706398706777778e-01 1.122346511426479121e-01 1.049749682476258106e-01
8.600351158465195656e-02 8.637801745068318660e-02 8.510986232637897386e-02 8.993874081594012415e-02 1.019133287484316752e-01 1.026719402044116020e-01 1.051872226350954037e-01 1.083170161732557868e-01 1.049749682476258106e-01 9.918666555630428761e-02
9.862127926370847786e-02 9.695502317302330531e-02 9.537164715919727032e-02 8.997768513049603234e-02 8.778749471814382976e-02 9.389255977444047052e-02 9.211787599927812042e-02 9.496348352639646939e-02 1.107635762422450321e-01 1.103759719360779545e-01
9.695502317302330531e-02 9.660983183694785148e-02 9.565680207347523889e-02 9.032446215971193237e-02 8.785147969556923730e-02 9.343982904896144803e-02 9.099599385797228768e-02 9.306976290673966978e-02 1.079679007481073177e-01 1.076561861121113906e-01
9.537164715919727032e-02 9.565680207347523889e-02 9.573203234377788973e-02 9.082065987700063681e-02 8.837687299833248133e-02 9.374454521318406619e-02 9.076410824087699503e-02 9.213784290447249448e-02 1.062080418719081043e-01 1.056395734691137067e-01
8.997768513049603234e-02 9.032446215971193237e-02 9.082065987700063681e-02 8.697377864183869489e-02 8.505956935078182179e-02 9.033409693777647020e-02 8.720694523957443767e-02 8.802802005543905461e-02 1.008621410237743182e-01 9.986591057753764489e-02
8.778749471814382976e-02 8.785147969556923730e-02 8.837687299833248133e-02 8.505956935078182179e-02 8.399569715038417150e-02 8.967977270135855938e-02 8.661694249797663447e-02 8.717924508174534903e-02 9.943087662840727203e-02 9.791792083228914589e-02
9.389255977444047052e-02 9.343982904896144803e-02 9.374454521318406619e-02 9.033409693777647020e-02 8.967977270135855938e-02 9.664001173880543138e-02 9.374232332127793721e-02 9.443264196061990079e-02 1.075040786612307675e-01 1.053744410044470808e-01
9.211787599927812042e-02 9.099599385797228768e-02 9.076410824087699503e-02 8.720694523957443767e-02 8.661694249797663447e-02 9.374232332127793721e-02 9.189548726324017758e-02 9.321966940208487040e-02 1.064251512702373836e-01 1.040480738660287952e-01
9.496348352639646939e-02 9.306976290673966978e-02 9.213784290447249448e-02 8.802802005543905461e-02 8.717924508174534903e-02 9.443264196061990079e-02 9.321966940208487040e-02 9.585991123049174278e-02 1.103120218937809066e-01 1.078617190816365812e-01
1.107635762422450321e-01 1.079679007481073177e-01 1.062080418719081043e-01 1.008621410237743182e-01 9.943087662840727203e-02 1.075040786612307675e-01 1.064251512702373836e-01 1.103120218937809066e-01 1.285290615360497046e-01 1.261253385554909623e-01
1.103759719360779545e-01 1.076561861121113906e-01 1.056395734691137067e-01 9.986591057753764489e-02 9.791792083228914589e-02 1.053744410044470808e-01 1.040480738660287952e-01 1.078617190816365812e-01 1.261253385554909623e-01 1.251429089947558859e-01
9.974993439862916977e-02 9.892706713159733767e-02 9.875089892661886859e-02 9.811939965712450362e-02 1.022262989421692803e-01 9.813140519891502822e-02 9.562940815127714267e-02 1.011680487886914975e-01 9.278812492919148724e-02 8.992443351365056459e-02
9.892706713159733767e-02 9.907050637229339318e-02 9.938981612629117779e-02 9.882001430430234490e-02 1.026800445792672295e-01 9.804168937694242303e-02 9.494472574150009114e-02 9.994852160941813946e-02 9.150530976896011082e-02 8.879453252746054293e-02
9.875089892661886859e-02 9.938981612629117779e-02 1.008106686897110443e-01 1.008233770190408995e-01 1.048963207339678183e-01 9.983881328076631145e-02 9.612505971013199368e-02 1.005801911307783597e-01 9.164313376080338025e-02 8.865504956190115027e-02
9.811939965712450362e-02 9.882001430430234490e-02 1.008233770190408995e-01 1.020707860336033390e-01 1.068785233183186939e-01 1.017700086516141605e-01 9.763559317502452928e-02 1.016036583120226433e-01 9.198789755811490054e-02 8.843719941814150165e-02
1.022262989421692803e-01 1.026800445792672295e-01 1.048963207339678183e-01 1.068785233183186939e-01 1.132556843757538401e-01 1.083795700501006404e-01 1.039981342579015949e-01 1.078970161518477411e-01 9.711263855604662654e-02 9.269393404238265854e-02
9.813140519891502822e-02 9.804168937694242303e-02 9.983881328076631145e-02 1.017700086516141605e-01 1.083795700501006404e-01 1.049455637690568099e-01 1.013298421256821902e-01 1.052821489232924901e-01 9.443079808561402611e-02 8.957014662596816945e-02
9.562940815127714267e-02 9.494472574150009114e-02 9.612505971013199368e-02 9.763559317502452928e-02 1.039981342579015949e-01 1.013298421256821902e-01 9.907248422359329898e-02 1.035930807313547586e-01 9.290014036341456838e-02 8.777395631320442093e-02
1.011680487886914975e-01 9.994852160941813946e-02 1.005801911307783597e-01 1.016036583120226433e-01 1.078970161518477411e-01 1.052821489232924901e-01 1.035930807313547586e-01 1.094866160985843717e-01 9.854705673311006664e-02 9.310037610950824827e-02
9.278812492919148724e-02 9.150530976896011082e-02 9.164313376080338025e-02 9.198789755811490054e-02 9.711263855604662654e-02 9.443079808561402611e-02 9.290014036341456838e-02 9.854705673311006664e-02 8.959425899806264249e-02 8.517005753402584478e-02
8.992443351365056459e-02 8.879453252746054293e-02 8.865504956190115027e-02 8.843719941814150165e-02 9.269393404238265854e-02 8.957014662596816945e-02 8.777395631320442093e-02 9.310037610950824827e-02 8.517005753402584478e-02 8.194349704071243745e-02
1.166863523184983042e-01 1.132928139098678538e-01 1.055538473890584861e-01 9.817116954844914978e-02 9.946312543465478384e-02 9.991721705491518613e-02 1.080066863301045177e-01 1.087764684811423632e-01 1.003582783088513425e-01 1.020752979841008656e-01
1.132928139098678538e-01 1.110705232846381368e-01 1.038977348641680343e-01 9.661919343697969453e-02 9.761291971095062414e-02 9.760090879474626890e-02 1.049807608289450578e-01 1.053260349998640794e-01 9.700800429725668639e-02 9.874090254038568604e-02
1.055538473890584861e-01 1.038977348641680343e-01 9.821503447744898974e-02 9.186664649157672002e-02 9.300734210743230590e-02 9.286264696067372815e-02 9.951637403912544366e-02 9.933510372736155392e-02 9.097879789263638162e-02 9.216395778430734598e-02
9.817116954844914978e-02 9.661919343697969453e-02 9.186664649157672002e-02 8.697301261574116871e-02 8.871790457607744984e-02 8.881089911818146332e-02 9.505046786628122690e-02 9.440835001159395001e-02 8.580439933280387121e-02 8.620337858148681420e-02
9.946312543465478384e-02 9.761291971095062414e-02 9.300734210743230590e-02 8.871790457607744984e-02 9.161426132185442051e-02 9.231719879384234217e-02 9.897495381329035613e-02 9.798014186351500232e-02 8.838732785710567974e-02 8.798300082618798479e-02
9.991721705491518613e-02 9.760090879474626890e-02 9.286264696067372815e-02 8.881089911818146332e-02 9.231719879384234217e-02 9.409709165077752291e-02 1.014797134662598632e-01 1.004428760958387262e-01 9.013939088015306134e-02 8.902875754917874418e-02
1.080066863301045177e-01 1.049807608289450578e-01 9.951637403912544366e-02 9.505046786628122690e-02 9.897495381329035613e-02 1.014797134662598632e-01 1.105596330978645542e-01 1.098221895909932688e-01 9.839972790306453221e-02 9.674939896314529997e-02
1.087764684811423632e-01 1.053260349998640794e-01 9.933510372736155392e-02 9.440835001159395001e-02 9.798014186351500232e-02 1.004428760958387262e-01 1.098221895909932688e-01 1.101289407391485009e-01 9.909938117346585307e-02 9.756094531073024323e-02
1.003582783088513425e-01 9.700800429725668639e-02 9.097879789263638162e-02 8.580439933280387121e-02 8.838732785710567974e-02 9.013939088015306134e-02 9.839972790306453221e-02 9.909938117346585307e-02 9.027063576781896304e-02 8.964629361755416248e-02
1.020752979841008656e-01 9.874090254038568604e-02 9.216395778430734598e-02 8.620337858148681420e-02 8.798300082618798479e-02 8.902875754917874418e-02 9.674939896314529997e-02 9.756094531073024323e-02 8.964629361755416248e-02 9.038451472620950833e-02
1.024106730051242142e-01 9.189704087636181573e-02 8.673449538567458428e-02 8.362781120946811975e-02 8.661688466961853239e-02 8.880753058385734700e-02 1.000867042676034380e-01 1.150346910778432402e-01 1.182738509163671764e-01 1.110233999552574513e-01
9.189704087636181573e-02 8.334040864072767008e-02 7.908151463534945913e-02 7.633743903535111786e-02 7.890260128232583214e-02 8.049395060996011875e-02 9.011689999044270039e-02 1.029190521810902231e-01 1.054182851351483929e-01 9.904146046615033838e-02
8.673449538567458428e-02 7.908151463534945913e-02 7.569441258962156249e-02 7.338525963059913670e-02 7.591912199504516345e-02 7.726249630196346807e-02 8.609037007528247409e-02 9.775310532233077998e-02 9.961007779309068166e-02 9.335421508738048213e-02
8.362781120946811975e-02 7.633743903535111786e-02 7.338525963059913670e-02 7.168726311730985734e-02 7.447647651754490949e-02 7.586151479077425652e-02 8.437627592653408615e-02 9.541819864216297131e-02 9.670691478536108665e-02 9.020964794724949110e-02
8.661688466961853239e-02 7.890260128232583214e-02 7.591912199504516345e-02 7.447647651754490949e-02 7.796926933365931622e-02 7.977770119872390486e-02 8.887665330102403893e-02 1.003448051156145826e-01 1.012241359416259090e-01 9.387350161554786077e-02
8.880753058385734700e-02 8.049395060996011875e-02 7.726249630196346807e-02 7.586151479077425652e-02 7.977770119872390486e-02 8.241127829493886947e-02 9.240251615293532117e-02 1.045333778264054686e-01 1.051310124504634402e-01 9.689014390372413521e-02
1.000867042676034380e-01 9.011689999044270039e-02 8.609037007528247409e-02 8.437627592653408615e-02 8.887665330102403893e-02 9.240251615293532117e-02 1.048335659092358568e-01 1.193373426973781265e-01 1.199693858593701701e-01 1.099797926884619192e-01
1.150346910778432402e-01 1.029190521810902231e-01 9.775310532233077998e-02 9.541819864216297131e-02 1.003448051156145826e-01 1.045333778264054686e-01 1.193373426973781265e-01 1.375590764684690437e-01 1.388916665330161559e-01 1.270767833516709966e-01
1.182738509163671764e-01 1.054182851351483929e-01 9.961007779309068166e-02 9.670691478536108665e-02 1.012241359416259090e-01 1.051310124504634402e-01 1.199693858593701701e-01 1.388916665330161559e-01 1.421662725438879171e-01 1.307198080558913955e-01
1.110233999552574513e-01 9.904146046615033838e-02 9.335421508738048213e-02 9.020964794724949110e-02 9.387350161554786077e-02 9.689014390372413521e-02 1.099797926884619192e-01 1.270767833516709966e-01 1.307198080558913955e-01 1.219277800970259701e-01
9.780448914356838774e-02 9.326738509189072546e-02 9.401415237269976355e-02 9.589059335180744048e-02 9.315459893659540358e-02 9.504133259770376763e-02 9.556044092845192295e-02 1.056727879669655673e-01 1.026397908534464887e-01 9.416308371653667186e-02
9.326738509189072546e-02 8.989454519218115225e-02 9.114323740742694135e-02 9.306096564600430110e-02 9.011459494916435053e-02 9.139182784534233273e-02 9.123013173168649514e-02 1.002746896665018816e-01 9.715771017659872999e-02 8.929757389541814749e-02
9.401415237269976355e-02 9.114323740742694135e-02 9.337238424302304884e-02 9.581195645023246610e-02 9.278163405853276369e-02 9.376675575127091378e-02 9.303793066041121662e-02 1.016221341673258505e-01 9.801573860421741724e-02 8.991314318861930166e-02
9.589059335180744048e-02 9.306096564600430110e-02 9.581195645023246610e-02 9.925793964678097936e-02 9.654139993646579376e-02 9.761440211004170087e-02 9.656823553973242769e-02 1.049847671124368165e-01 1.007259805562158161e-01 9.196445504633948831e-02
9.315459893659540358e-02 9.011459494916435053e-02 9.278163405853276369e-02 9.654139993646579376e-02 9.487835317457277151e-02 9.651047542736228280e-02 9.562662887943441936e-02 1.037812317574041965e-01 9.908690965468713863e-02 8.987623023848048676e-02
9.504133259770376763e-02 9.139182784534233273e-02 9.376675575127091378e-02 9.761440211004170087e-02 9.651047542736228280e-02 9.934190079027299669e-02 9.908520806858138463e-02 1.077488581312428945e-01 1.025398370845956031e-01 9.238234596505850993e-02
9.556044092845192295e-02 9.123013173168649514e-02 9.303793066041121662e-02 9.656823553973242769e-02 9.562662887943441936e-02 9.908520806858138463e-02 1.001240464488466209e-01 1.096507565915670473e-01 1.043421366346524576e-01 9.353799601641688000e-02
1.056727879669655673e-01 1.002746896665018816e-01 1.016221341673258505e-01 1.049847671124368165e-01 1.037812317574041965e-01 1.077488581312428945e-01 1.096507565915670473e-01 1.215166620324806962e-01 1.160667434714588719e-01 1.038840305072609160e-01
1.026397908534464887e-01 9.715771017659872999e-02 9.801573860421741724e-02 1.007259805562158161e-01 9.908690965468713863e-02 1.025398370845956031e-01 1.043421366346524576e-01 1.160667434714588719e-01 1.120460086925435944e-01 1.007760582452251197e-01
9.416308371653667186e-02 8.929757389541814749e-02 8.991314318861930166e-02 9.196445504633948831e-02 8.987623023848048676e-02 9.238234596505850993e-02 9.353799601641688000e-02 1.038840305072609160e-01 1.007760582452251197e-01 9.176367063572987703e-02
1.234441097065872850e-01 1.284338398862018837e-01 1.146828777092686324e-01 9.585782529540574914e-02 8.839627774721282860e-02 8.913760273779972043e-02 9.742969242251213469e-02 1.082306830585425539e-01 1.199982556521972110e-01 1.153593138458121337e-01
1.284338398862018837e-01 1.354452686829808461e-01 1.213473002617718455e-01 1.011920415828086728e-01 9.283026743683868431e-02 9.300415433355455064e-02 1.010138881240045111e-01 1.116532579009206771e-01 1.235186469729936121e-01 1.190951877447675167e-01
1.146828777092686324e-01 1.213473002617718455e-01 1.098205395794521061e-01 9.192935708310406850e-02 8.438651149655300443e-02 8.439915706562631237e-02 9.136310305048600533e-02 1.005529484345846214e-01 1.107570844698392565e-01 1.064508015849617018e-01
9.585782529540574914e-02 1.011920415828086728e-01 9.192935708310406850e-02 7.771305214621097857e-02 7.178619778989578371e-02 7.201448212541286531e-02 7.795804121475569115e-02 8.556182943302186039e-02 9.377518841482174183e-02 8.952674412131114701e-02
8.839627774721282860e-02 9.283026743683868431e-02 8.438651149655300443e-02 7.178619778989578371e-02 6.701682881571915940e-02 6.769055076413144079e-02 7.349645480072605763e-02 8.059010438338119753e-02 8.792682538167420625e-02 8.327072375728214459e-02
8.913760273779972043e-02 9.300415433355455064e-02 8.439915706562631237e-02 7.201448212541286531e-02 6.769055076413144079e-02 6.905128183335365599e-02 7.541362521681371778e-02 8.281687069931975564e-02 9.010554201002765606e-02 8.471174084177499064e-02
9.742969242251213469e-02 1.010138881240045111e-01 9.136310305048600533e-02 7.795804121475569115e-02 7.349645480072605763e-02 7.541362521681371778e-02 8.308386853018519258e-02 9.164138591133616507e-02 9.969763375278592465e-02 9.326040643422982279e-02
1.082306830585425539e-01 1.116532579009206771e-01 1.005529484345846214e-01 8.556182943302186039e-02 8.059010438338119753e-02 8.281687069931975564e-02 9.164138591133616507e-02 1.019476449798740608e-01 1.113385307450877743e-01 1.040167336227084127e-01
1.199982556521972110e-01 1.235186469729936121e-01 1.107570844698392565e-01 9.377518841482174183e-02 8.792682538167420625e-02 9.010554201002765606e-02 9.969763375278592465e-02 1.113385307450877743e-01 1.227908376201834739e-01 1.152127843540727836e-01
1.153593138458121337e-01 1.190951877447675167e-01 1.064508015849617018e-01 8.952674412131114701e-02 8.327072375728214459e-02 8.471174084177499064e-02 9.326040643422982279e-02 1.040167336227084127e-01 1.152127843540727836e-01 1.096865681054532971e-01
1.049725571687054604e-01 1.030982746582142784e-01 1.077507635492536142e-01 1.113975515121162774e-01 9.478405963956665348e-02 9.336637332857294913e-02 9.285288527059620822e-02 9.504413066828715229e-02 9.638822381634540304e-02 1.017203564363748647e-01
1.030982746582142784e-01 1.026085602122405460e-01 1.080677204480838122e-01 1.118810275038647772e-01 9.474628626888588478e-02 9.265188417301564727e-02 9.145737762571642948e-02 9.304950285312710290e-02 9.405496308576734299e-02 9.930989624087416257e-02
1.077507635492536142e-01 1.080677204480838122e-01 1.153733059454050969e-01 1.201156261329945074e-01 1.015253227707062639e-01 9.876720978736058809e-02 9.683953559239162623e-02 9.786355965660964440e-02 9.839232807239052525e-02 1.036125569755437098e-01
1.113975515121162774e-01 1.118810275038647772e-01 1.201156261329945074e-01 1.264385792730491898e-01 1.071866689066258149e-01 1.042309924752177069e-01 1.018661090902396454e-01 1.024422385392448204e-01 1.024373053731014449e-01 1.073696610458347023e-01
9.478405963956665348e-02 9.474628626888588478e-02 1.015253227707062639e-01 1.071866689066258149e-01 9.189065878001059784e-02 9.000230886852758627e-02 8.817969976211909033e-02 8.856866081807018842e-02 8.819464264010634658e-02 9.190646352140491304e-02
9.336637332857294913e-02 9.265188417301564727e-02 9.876720978736058809e-02 1.042309924752177069e-01 9.000230886852758627e-02 8.926405406558708677e-02 8.803521635509747867e-02 8.857427245058029086e-02 8.797841078029336459e-02 9.118139260644252120e-02
9.285288527059620822e-02 9.145737762571642948e-02 9.683953559239162623e-02 1.018661090902396454e-01 8.817969976211909033e-02 8.803521635509747867e-02 8.776233688241477648e-02 8.878589565643307813e-02 8.825924057154857505e-02 9.120826745641019695e-02
9.504413066828715229e-02 9.304950285312710290e-02 9.786355965660964440e-02 1.024422385392448204e-01 8.856866081807018842e-02 8.857427245058029086e-02 8.878589565643307813e-02 9.068832368876411643e-02 9.057547506280008709e-02 9.365870706524739853e-02
9.638822381634540304e-02 9.405496308576734299e-02 9.839232807239052525e-02 1.024373053731014449e-01 8.819464264010634658e-02 8.797841078029336459e-02 8.825924057154857505e-02 9.057547506280008709e-02 9.133246947118187076e-02 9.492612288285626199e-02
1.017203564363748647e-01 9.930989624087416257e-02 1.036125569755437098e-01 1.073696610458347023e-01 9.190646352140491304e-02 9.118139260644252120e-02 9.120826745641019695e-02 9.365870706524739853e-02 9.492612288285626199e-02 9.966915451264132808e-02
8.822273592983857771e-02 9.718554288691744203e-02 1.014056112659654230e-01 9.749719917808083447e-02 9.456661777531027990e-02 9.340722957929273318e-02 8.556162252177938743e-02 8.593163885450415262e-02 8.813443468334124231e-02 8.672087035703748836e-02
9.718554288691744203e-02 1.083070571691531619e-01 1.135876707500586419e-01 1.091282655549704328e-01 1.053598366630061345e-01 1.034058442837231112e-01 9.410437975635807528e-02 9.401778601970552096e-02 9.622065427028249351e-02 9.487806433968329345e-02
1.014056112659654230e-01 1.135876707500586419e-01 1.204737919996849427e-01 1.162775562040564703e-01 1.122400908261106667e-01 1.097654408279295363e-01 9.931966055579191655e-02 9.862586253086726151e-02 1.004739081195762801e-01 9.887448195155934538e-02
9.749719917808083447e-02 1.091282655549704328e-01 1.162775562040564703e-01 1.136383655603337151e-01 1.103876028351628846e-01 1.080653494783457014e-01 9.745727964580547242e-02 9.625213056801838751e-02 9.747947078268578980e-02 9.541995348516292552e-02
9.456661777531027990e-02 1.053598366630061345e-01 1.122400908261106667e-01 1.103876028351628846e-01 1.086655434566252965e-01 1.070547657568090005e-01 9.658064037382316225e-02 9.509504866970194814e-02 9.580185845471041184e-02 9.316510796872803923e-02
9.340722957929273318e-02 1.034058442837231112e-01 1.097654408279295363e-01 1.080653494783457014e-01 1.070547657568090005e-01 1.067207369873287570e-01 9.675835036198224270e-02 9.535300389606511662e-02 9.580912911853199654e-02 9.266681448235192242e-02
8.556162252177938743e-02 9.410437975635807528e-02 9.931966055579191655e-02 9.745727964580547242e-02 9.658064037382316225e-02 9.675835036198224270e-02 8.868687968541831557e-02 8.793759394796389628e-02 8.848550323598020073e-02 8.535456873419726420e-02
8.593163885450415262e-02 9.401778601970552096e-02 9.862586253086726151e-02 9.625213056801838751e-02 9.509504866970194814e-02 9.535300389606511662e-02 8.793759394796389628e-02 8.811565188326550557e-02 8.911759878416883329e-02 8.599439274339092110e-02
8.813443468334124231e-02 9.622065427028249351e-02 1.004739081195762801e-01 9.747947078268578980e-02 9.580185845471041184e-02 9.580912911853199654e-02 8.848550323598020073e-02 8.911759878416883329e-02 9.094840887085817172e-02 8.813619052873115922e-02
8.672087035703748836e-02 9.487806433968329345e-02 9.887448195155934538e-02 9.541995348516292552e-02 9.316510796872803923e-02 9.266681448235192242e-02 8.535456873419726420e-02 8.599439274339092110e-02 8.813619052873115922e-02 8.622082845749388935e-02
8.146869479874825626e-02 8.216304966509443974e-02 8.472046722189914558e-02 8.992679453495058817e-02 9.546751313505554004e-02 1.004867358728848692e-01 8.921403887622098017e-02 8.658453747245488386e-02 8.442838936914599801e-02 8.512298516193714248e-02
8.216304966509443974e-02 8.364541136357299400e-02 8.673266208394753152e-02 9.222467471266826422e-02 9.771586829628076121e-02 1.023766136764178714e-01 9.032692300116419715e-02 8.715399603704257481e-02 8.471127662510025136e-02 8.543451280009971283e-02
8.472046722189914558e-02 8.673266208394753152e-02 9.089698647526947561e-02 9.726582391325340471e-02 1.032204933990319429e-01 1.078465886003369262e-01 9.453531769044085098e-02 9.053212321710171762e-02 8.748033442347388777e-02 8.797759051793155316e-02
8.992679453495058817e-02 9.222467471266826422e-02 9.726582391325340471e-02 1.053328942810946023e-01 1.124837152839161247e-01 1.175778577431250693e-01 1.025314916248152575e-01 9.745830609881181439e-02 9.350272640475427999e-02 9.355606526376719634e-02
9.546751313505554004e-02 9.771586829628076121e-02 1.032204933990319429e-01 1.124837152839161247e-01 1.216543417297882429e-01 1.278443633716042083e-01 1.112718490226052293e-01 1.052130882289774583e-01 1.002892979859752315e-01 9.974795548193501893e-02
1.004867358728848692e-01 1.023766136764178714e-01 1.078465886003369262e-01 1.175778577431250693e-01 1.278443633716042083e-01 1.359830629719480100e-01 1.187700399909022708e-01 1.122419349339236344e-01 1.066226914497876432e-01 1.055395556643585475e-01
8.921403887622098017e-02 9.032692300116419715e-02 9.453531769044085098e-02 1.025314916248152575e-01 1.112718490226052293e-01 1.187700399909022708e-01 1.050684224685937834e-01 1.000312343206597315e-01 9.523802381490481528e-02 9.412673348855381261e-02
8.658453747245488386e-02 8.715399603704257481e-02 9.053212321710171762e-02 9.745830609881181439e-02 1.052130882289774583e-01 1.122419349339236344e-01 1.000312343206597315e-01 9.653676904843214168e-02 9.254465460316740888e-02 9.161442127717162043e-02
8.442838936914599801e-02 8.471127662510025136e-02 8.748033442347388777e-02 9.350272640475427999e-02 1.002892979859752315e-01 1.066226914497876432e-01 9.523802381490481528e-02 9.254465460316740888e-02 8.972425881917120427e-02 8.930348804554108511e-02
8.512298516193714248e-02 8.543451280009971283e-02 8.797759051793155316e-02 9.355606526376719634e-02 9.974795548193501893e-02 1.055395556643585475e-01 9.412673348855381261e-02 9.161442127717162043e-02 8.930348804554108511e-02 8.968915804338135900e-02
9.670093271809251934e-02 1.018290842936681595e-01 1.074305633477408983e-01 9.317743591376295709e-02 9.114558448603707341e-02 9.796892871486334586e-02 9.678440608209595841e-02 9.112057298530704119e-02 8.940334444517458734e-02 9.501231357255315868e-02
1.018290842936681595e-01 1.084668707189030967e-01 1.149979626314293901e-01 9.956546440235100603e-02 9.691169136272710649e-02 1.035511498837742989e-01 1.017407069439346112e-01 9.539546810823554268e-02 9.342844751928137959e-02 9.943128843812971962e-02
1.074305633477408983e-01 1.149979626314293901e-01 1.231749755079520614e-01 1.069876069127096013e-01 1.041400489256522482e-01 1.110118284798957966e-01 1.086103714555950867e-01 1.013198549412378524e-01 9.876631004880009890e-02 1.048217462116261545e-01
9.317743591376295709e-02 9.956546440235100603e-02 1.069876069127096013e-01 9.405269626516887804e-02 9.232459001676571186e-02 9.878258238293320670e-02 9.650993772670195259e-02 8.956974767670775051e-02 8.669118407148143635e-02 9.136806946294655229e-02
9.114558448603707341e-02 9.691169136272710649e-02 1.041400489256522482e-01 9.232459001676571186e-02 9.199728651565486359e-02 9.926912218732653059e-02 9.710114987779598639e-02 8.973749355822457918e-02 8.619295340258499583e-02 9.006309439322293664e-02
9.796892871486334586e-02 1.035511498837742989e-01 1.110118284798957966e-01 9.878258238293320670e-02 9.926912218732653059e-02 1.084194652508572859e-01 1.065097186208249919e-01 9.830782464600970605e-02 9.395680187137984973e-02 9.750821247560818861e-02
9.678440608209595841e-02 1.017407069439346112e-01 1.086103714555950867e-01 9.650993772670195259e-02 9.710114987779598639e-02 1.065097186208249919e-01 1.056197844680079045e-01 9.785560286382796735e-02 9.352607888849102935e-02 9.679652338259830957e-02
9.112057298530704119e-02 9.539546810823554268e-02 1.013198549412378524e-01 8.956974767670775051e-02 8.973749355822457918e-02 9.830782464600970605e-02 9.785560286382796735e-02 9.156017401005260570e-02 8.801552202008983139e-02 9.128212419838908909e-02
8.940334444517458734e-02 9.342844751928137959e-02 9.876631004880009890e-02 8.669118407148143635e-02 8.619295340258499583e-02 9.395680187137984973e-02 9.352607888849102935e-02 8.801552202008983139e-02 8.558413513116173987e-02 8.938085769204240361e-02
9.501231357255315868e-02 9.943128843812971962e-02 1.048217462116261545e-01 9.136806946294655229e-02 9.006309439322293664e-02 9.750821247560818861e-02 9.679652338259830957e-02 9.128212419838908909e-02 8.938085769204240361e-02 9.442367941414926691e-02
1.037694028438171240e-01 1.054217365171504356e-01 1.027868557106184910e-01 1.006142520835966447e-01 9.954585263450677068e-02 9.693817288859347958e-02 9.246714459642541017e-02 9.738813327817268106e-02 9.689381170279065536e-02 1.004688127609122128e-01
1.054217365171504356e-01 1.083331113837164295e-01 1.061937860119421401e-01 1.040037994864754234e-01 1.025733302626742616e-01 9.933500961707014687e-02 9.414163757085218520e-02 9.860110770568171479e-02 9.782626410457770372e-02 1.015086873262371903e-01
1.027868557106184910e-01 1.061937860119421401e-01 1.053426907130688428e-01 1.037943839566773108e-01 1.024654723991857835e-01 9.892194634825771105e-02 9.320154943035090234e-02 9.697846115513492071e-02 9.568087863667945614e-02 9.894087402465695513e-02
1.006142520835966447e-01 1.040037994864754234e-01 1.037943839566773108e-01 1.035197161357259976e-01 1.028022878029125897e-01 9.930227230304931874e-02 9.322884778905622671e-02 9.645970188184070648e-02 9.454916012724054464e-02 9.718944590658742944e-02
9.954585263450677068e-02 1.025733302626742616e-01 1.024654723991857835e-01 1.028022878029125897e-01 1.032601922168167180e-01 1.002593283269302693e-01 9.415375417653612522e-02 9.713554176842029153e-02 9.469381780618268962e-02 9.670773403116923739e-02
9.693817288859347958e-02 9.933500961707014687e-02 9.892194634825771105e-02 9.930227230304931874e-02 1.002593283269302693e-01 9.838255683858601608e-02 9.287536542215019120e-02 9.593853699295661064e-02 9.327480504975620146e-02 9.476328855941119900e-02
9.246714459642541017e-02 9.414163757085218520e-02 9.320154943035090234e-02 9.322884778905622671e-02 9.415375417653612522e-02 9.287536542215019120e-02 8.864566470093365735e-02 9.214439347368472144e-02 8.968365176791891213e-02 9.087532440141307677e-02
9.738813327817268106e-02 9.860110770568171479e-02 9.697846115513492071e-02 9.645970188184070648e-02 9.713554176842029153e-02 9.593853699295661064e-02 9.214439347368472144e-02 9.680520741010240071e-02 9.468259730773839755e-02 9.600349849466353891e-02
9.689381170279065536e-02 9.782626410457770372e-02 9.568087863667945614e-02 9.454916012724054464e-02 9.469381780618268962e-02 9.327480504975620146e-02 8.968365176791891213e-02 9.468259730773839755e-02 9.356693166115978566e-02 9.541244633584042290e-02
1.004688127609122128e-01 1.015086873262371903e-01 9.894087402465695513e-02 9.718944590658742944e-02 9.670773403116923739e-02 9.476328855941119900e-02 9.087532440141307677e-02 9.600349849466353891e-02 9.541244633584042290e-02 9.837452609607293119e-02
8.944969250621524759e-02 9.510662701221432591e-02 1.021434306712039608e-01 1.001713427640268800e-01 8.967130097735004357e-02 8.090558851488249825e-02 8.673495379627521595e-02 9.408415926556790154e-02 9.824152344313157037e-02 8.884525403218135331e-02
9.510662701221432591e-02 1.025580782715085071e-01 1.109114097090608403e-01 1.087383346758780261e-01 9.676707316754221133e-02 8.649155102869562906e-02 9.183573037863418387e-02 9.894846455698935728e-02 1.030852147681234759e-01 9.359343380497187059e-02
1.021434306712039608e-01 1.109114097090608403e-01 1.213349758918271931e-01 1.193926291227316583e-01 1.060073071037265918e-01 9.418354745243839865e-02 9.929337343232536028e-02 1.063389177447197492e-01 1.103760492931401549e-01 1.001991590167409241e-01
1.001713427640268800e-01 1.087383346758780261e-01 1.193926291227316583e-01 1.186512702873323277e-01 1.057198966149731634e-01 9.390712279372742666e-02 9.877733745081523908e-02 1.054085382737890431e-01 1.089691093658234633e-01 9.854456688160047328e-02
8.967130097735004357e-02 9.676707316754221133e-02 1.060073071037265918e-01 1.057198966149731634e-01 9.522478387713925740e-02 8.516932363179580134e-02 8.992938999364656627e-02 9.596858132237140460e-02 9.888542182529133640e-02 8.886980537789247736e-02
8.090558851488249825e-02 8.649155102869562906e-02 9.418354745243839865e-02 9.390712279372742666e-02 8.516932363179580134e-02 7.724505776086122710e-02 8.236689804498456557e-02 8.823569815268064720e-02 9.075632453129137134e-02 8.098314314117686930e-02
8.673495379627521595e-02 9.183573037863418387e-02 9.929337343232536028e-02 9.877733745081523908e-02 8.992938999364656627e-02 8.236689804498456557e-02 8.902881681581918671e-02 9.601184677678360757e-02 9.877958123676534863e-02 8.762689759213423968e-02
9.408415926556790154e-02 9.894846455698935728e-02 1.063389177447197492e-01 1.054085382737890431e-01 9.596858132237140460e-02 8.823569815268064720e-02 9.601184677678360757e-02 1.045724048007565105e-01 1.079664975319991477e-01 9.556694579904571885e-02
9.824152344313157037e-02 1.030852147681234759e-01 1.103760492931401549e-01 1.089691093658234633e-01 9.888542182529133640e-02 9.075632453129137134e-02 9.877958123676534863e-02 1.079664975319991477e-01 1.124004649453210214e-01 9.978246925345285456e-02
8.884525403218135331e-02 9.359343380497187059e-02 1.001991590167409241e-01 9.854456688160047328e-02 8.886980537789247736e-02 8.098314314117686930e-02 8.762689759213423968e-02 9.556694579904571885e-02 9.978246925345285456e-02 8.953445484321945202e-02
9.758215295456462712e-02 8.986057915874247348e-02 8.913332281534029622e-02 8.858789961143090363e-02 8.961034104897537544e-02 9.695126834254708115e-02 1.072294042951439930e-01 1.014956191208241654e-01 1.023014039957029220e-01 1.006244897184560699e-01
8.986057915874247348e-02 8.354958195824771505e-02 8.331852832556714550e-02 8.290947265441485359e-02 8.368243444867408398e-02 9.012860584604506786e-02 9.913865016582644463e-02 9.334859546837506739e-02 9.375850006742764142e-02 9.223798224870481677e-02
8.913332281534029622e-02 8.331852832556714550e-02 8.387772822200310896e-02 8.388262530435866560e-02 8.476444281830347593e-02 9.111392348897463800e-02 9.978326936197899621e-02 9.337542028288117746e-02 9.323045107200218784e-02 9.142604841423568329e-02
8.858789961143090363e-02 8.290947265441485359e-02 8.388262530435866560e-02 8.468170082780646091e-02 8.604649833333247178e-02 9.266124523971674964e-02 1.012824959358648025e-01 9.424004285672768488e-02 9.343829982806997614e-02 9.111298501074358014e-02
8.961034104897537544e-02 8.368243444867408398e-02 8.476444281830347593e-02 8.604649833333247178e-02 8.837858240766119367e-02 9.579115436870051792e-02 1.048534102828786591e-01 9.716332316830825211e-02 9.568251503303276673e-02 9.264904178016664105e-02
9.695126834254708115e-02 9.012860584604506786e-02 9.111392348897463800e-02 9.266124523971674964e-02 9.579115436870051792e-02 1.050369163351239921e-01 1.156097758190374192e-01 1.070032971610711259e-01 1.048599818189528132e-01 1.008694312213249678e-01
1.072294042951439930e-01 9.913865016582644463e-02 9.978326936197899621e-02 1.012824959358648025e-01 1.048534102828786591e-01 1.156097758190374192e-01 1.286620970178056211e-01 1.195150191076675417e-01 1.170471427902335937e-01 1.121606118298972277e-01
1.014956191208241654e-01 9.334859546837506739e-02 9.337542028288117746e-02 9.424004285672768488e-02 9.716332316830825211e-02 1.070032971610711259e-01 1.195150191076675417e-01 1.124367658921992530e-01 1.108999900102791841e-01 1.064317315496468019e-01
1.023014039957029220e-01 9.375850006742764142e-02 9.323045107200218784e-02 9.343829982806997614e-02 9.568251503303276673e-02 1.048599818189528132e-01 1.170471427902335937e-01 1.108999900102791841e-01 1.109443930747588125e-01 1.071855293606897297e-01
1.006244897184560699e-01 9.223798224870481677e-02 9.142604841423568329e-02 9.111298501074358014e-02 9.264904178016664105e-02 1.008694312213249678e-01 1.121606118298972277e-01 1.064317315496468019e-01 1.071855293606897297e-01 1.048500813098294793e-01
1.292712306121800714e-01 1.100869530070257563e-01 9.248431876950106989e-02 9.517414191673208290e-02 8.991936348401871615e-02 1.039753218755392894e-01 1.105187596052081278e-01 1.155594605372540773e-01 1.233730980103858732e-01 1.317995606200269842e-01
1.100869530070257563e-01 9.471778416485124308e-02 8.000274528561449050e-02 8.253323647060775703e-02 7.790055064831537257e-02 8.982331255982245466e-02 9.503148428216857957e-02 9.878932894968853184e-02 1.049259226791434685e-01 1.118602511399384714e-01
9.248431876950106989e-02 8.000274528561449050e-02 6.832151094951348369e-02 7.099766231534522520e-02 6.718505201901578405e-02 7.744074443159365551e-02 8.160230493029174692e-02 8.423821643209408738e-02 8.876041515023891382e-02 9.406677737069829570e-02
9.517414191673208290e-02 8.253323647060775703e-02 7.099766231534522520e-02 7.451420012665702086e-02 7.086769500091966156e-02 8.183763507731461884e-02 8.602463971575041723e-02 8.826238095883884305e-02 9.225792058772347426e-02 9.709255831314844709e-02
8.991936348401871615e-02 7.790055064831537257e-02 6.718505201901578405e-02 7.086769500091966156e-02 6.798416503875837069e-02 7.893441127281612679e-02 8.302889542282723689e-02 8.489637939363386954e-02 8.818024722640765978e-02 9.216636120254186049e-02
1.039753218755392894e-01 8.982331255982245466e-02 7.744074443159365551e-02 8.183763507731461884e-02 7.893441127281612679e-02 9.239832391314425908e-02 9.751474469030128878e-02 9.963241885131210451e-02 1.030680809784489949e-01 1.071172780643429995e-01
1.105187596052081278e-01 9.503148428216857957e-02 8.160230493029174692e-02 8.602463971575041723e-02 8.302889542282723689e-02 9.751474469030128878e-02 1.038002761347970593e-01 1.065436801682117657e-01 1.103069867723263514e-01 1.143597116113771184e-01
1.155594605372540773e-01 9.878932894968853184e-02 8.423821643209408738e-02 8.826238095883884305e-02 8.489637939363386954e-02 9.963241885131210451e-02 1.065436801682117657e-01 1.106978694250603384e-01 1.154460629443756631e-01 1.199188219701016189e-01
1.233730980103858732e-01 1.049259226791434685e-01 8.876041515023891382e-02 9.225792058772347426e-02 8.818024722640765978e-02 1.030680809784489949e-01 1.103069867723263514e-01 1.154460629443756631e-01 1.222633375218734331e-01 1.279941809303214717e-01
1.317995606200269842e-01 1.118602511399384714e-01 9.406677737069829570e-02 9.709255831314844709e-02 9.216636120254186049e-02 1.071172780643429995e-01 1.143597116113771184e-01 1.199188219701016189e-01 1.279941809303214717e-01 1.360313021131646372e-01
