5.097363549570945729e-01 3.151824810332103377e-01 2.858338012934751341e-04 -1.120455334956594051e-01 -1.491451706608839210e-02 8.553076005579242358e-02 -2.446116802642828159e-02 -7.961580666859073563e-02 2.566718049012750233e-02 1.149519891133334304e-01 1.476712055888683428e-02 -3.191302363703619194e-01
3.151824810332103377e-01 5.128103441919906746e-01 3.198574983357674872e-01 4.543770621527674219e-02 -1.107337287504527590e-01 -3.695241750145804565e-03 8.170054700968237826e-02 -1.358777515233097408e-02 -8.214842003218818245e-02 -7.128891380416145680e-04 1.125987314416174723e-01 5.676033654890690755e-03
2.858338012934751341e-04 3.198574983357674872e-01 4.436660298722321927e-01 3.077671284839422761e-01 2.842775793203666801e-02 -1.160131864634492138e-01 2.474939932246537910e-02 7.983948251361507042e-02 -2.145892756469167106e-02 -8.394533718185967497e-02 -9.312175894429175482e-03 1.164098328056394904e-01
-1.120455334956594051e-01 4.543770621527674219e-02 3.077671284839422761e-01 4.483277233319257205e-01 3.210882983513960176e-01 -3.653749048848782544e-02 -1.037261143088154258e-01 4.028962771411823823e-02 7.565486683225886022e-02 -2.180028519416419772e-02 -8.367455017807462481e-02 2.680001202112662628e-02
-1.491451706608839210e-02 -1.107337287504527590e-01 2.842775793203666801e-02 3.210882983513960176e-01 5.575070743640915261e-01 3.055432213044283474e-01 -7.282913119654590983e-02 -9.867549957674566496e-02 4.456313744287369871e-02 7.944096525027644073e-02 -9.845229435049979161e-03 -8.002846118803416675e-02
8.553076005579242358e-02 -3.695241750145804565e-03 -1.160131864634492138e-01 -3.653749048848782544e-02 3.055432213044283474e-01 5.793850134914189098e-01 3.139051155039759289e-01 -3.673369251277049108e-02 -1.171302501736258411e-01 -1.239390467629495176e-04 8.584461135850288138e-02 -1.728041775778822514e-03
-2.446116802642828159e-02 8.170054700968237826e-02 2.474939932246537910e-02 -1.037261143088154258e-01 -7.282913119654590983e-02 3.139051155039759289e-01 5.425198154769867998e-01 3.143627357577706838e-01 -2.829162486902548311e-03 -1.103589273868597759e-01 -3.008185669856935918e-02 8.092091308494879509e-02
-7.961580666859073563e-02 -1.358777515233097408e-02 7.983948251361507042e-02 4.028962771411823823e-02 -9.867549957674566496e-02 -3.673369251277049108e-02 3.143627357577706838e-01 4.881485772173456694e-01 3.226609216509949141e-01 4.116216539431640647e-02 -1.086274051216147840e-01 -2.071445590629187802e-02
2.566718049012750233e-02 -8.214842003218818245e-02 -2.145892756469167106e-02 7.565486683225886022e-02 4.456313744287369871e-02 -1.171302501736258411e-01 -2.829162486902548311e-03 3.226609216509949141e-01 4.815103256868819015e-01 3.074959969783093161e-01 4.295364406781004840e-02 -1.110788466027365223e-01
1.149519891133334304e-01 -7.128891380416145680e-04 -8.394533718185967497e-02 -2.180028519416419772e-02 7.944096525027644073e-02 -1.239390467629495176e-04 -1.103589273868597759e-01 4.116216539431640647e-02 3.074959969783093161e-01 4.109114506514713883e-01 3.153206912667779749e-01 1.228315566885499442e-02
1.476712055888683428e-02 1.125987314416174723e-01 -9.312175894429175482e-03 -8.367455017807462481e-02 -9.845229435049979161e-03 8.584461135850288138e-02 -3.008185669856935918e-02 -1.086274051216147840e-01 4.295364406781004840e-02 3.153206912667779749e-01 5.266459357754604831e-01 3.168312959078566915e-01
-3.191302363703619194e-01 5.676033654890690755e-03 1.164098328056394904e-01 2.680001202112662628e-02 -8.002846118803416675e-02 -1.728041775778822514e-03 8.092091308494879509e-02 -2.071445590629187802e-02 -1.110788466027365223e-01 1.228315566885499442e-02 3.168312959078566915e-01 4.988313549831634997e-01
5.535128957767052604e-01 3.357667500543558559e-01 -3.497256051496191315e-02 -1.274980178801197461e-01 1.044573302913719658e-02 9.244476776184065714e-02 -2.862508605843830725e-02 -7.487995717326045853e-02 3.354600573594548191e-02 8.582702154482121926e-02 -1.891969033060826068e-03 -2.933000734598812387e-01
3.357667500543558559e-01 4.551490010530838126e-01 3.002063868594321838e-01 2.957643066387695766e-02 -9.272770661111456869e-02 -2.548638454585115416e-03 6.073939535797619194e-02 -2.843679487075971915e-02 -5.834069124561488962e-02 6.003013965205725166e-02 1.267199647872983559e-01 -3.160363298047467323e-02
-3.497256051496191315e-02 3.002063868594321838e-01 5.632445650468640430e-01 3.313568190904545574e-01 -1.704128565308174470e-02 -1.264193040505736665e-01 3.825098315871286458e-02 7.691504741812119073e-02 -3.440463416534614294e-02 -6.270065876195318744e-02 -5.539179484944439617e-03 9.531978547928512957e-02
-1.274980178801197461e-01 2.957643066387695766e-02 3.313568190904545574e-01 4.089013737847825292e-01 2.921998279810079646e-01 8.079424671706046668e-03 -8.893470085610430398e-02 2.434483474859208685e-02 5.805179199547111368e-02 -4.497277001350818981e-02 -9.056332657218803261e-02 2.010998884681393720e-02
1.044573302913719658e-02 -9.272770661111456869e-02 -1.704128565308174470e-02 2.921998279810079646e-01 5.972777753982529969e-01 3.349491580259049139e-01 -8.217984040980519378e-02 -1.032159469427523651e-01 5.691970793054684785e-02 5.605424877883645463e-02 -1.009655015368184257e-02 -6.193941467192935757e-02
9.244476776184065714e-02 -2.548638454585115416e-03 -1.264193040505736665e-01 8.079424671706046668e-03 3.349491580259049139e-01 4.675316541988497887e-01 2.942361916587250548e-01 -1.492208832680913533e-02 -9.448139876004672810e-02 2.987613886862305543e-02 8.997974334448172185e-02 -2.237990171851491402e-04
-2.862508605843830725e-02 6.073939535797619194e-02 3.825098315871286458e-02 -8.893470085610430398e-02 -8.217984040980519378e-02 2.942361916587250548e-01 6.616885652860526879e-01 3.075446596612562145e-01 -7.098684284831277558e-02 -9.135728502996515177e-02 -8.444465389397318167e-03 6.081908476905369815e-02
-7.487995717326045853e-02 -2.843679487075971915e-02 7.691504741812119073e-02 2.434483474859208685e-02 -1.032159469427523651e-01 -1.492208832680913533e-02 3.075446596612562145e-01 4.052864939492190066e-01 3.197004448117466424e-01 1.911301153440930073e-02 -1.113014270065046663e-01 -3.793152020605836117e-02
3.354600573594548191e-02 -5.834069124561488962e-02 -3.440463416534614294e-02 5.805179199547111368e-02 5.691970793054684785e-02 -9.448139876004672810e-02 -7.098684284831277558e-02 3.197004448117466424e-01 6.656699073429461766e-01 2.851020263080744077e-01 2.351427517998851136e-02 -8.536474496604008755e-02
8.582702154482121926e-02 6.003013965205725166e-02 -6.270065876195318744e-02 -4.497277001350818981e-02 5.605424877883645463e-02 2.987613886862305543e-02 -9.135728502996515177e-02 1.911301153440930073e-02 2.851020263080744077e-01 2.987816335308124405e-01 2.901367648183439951e-01 1.004790346917492916e-01
-1.891969033060826068e-03 1.267199647872983559e-01 -5.539179484944439617e-03 -9.056332657218803261e-02 -1.009655015368184257e-02 8.997974334448172185e-02 -8.444465389397318167e-03 -1.113014270065046663e-01 2.351427517998851136e-02 2.901367648183439951e-01 5.144844293075812036e-01 3.354494360582656598e-01
-2.933000734598812387e-01 -3.160363298047467323e-02 9.531978547928512957e-02 2.010998884681393720e-02 -6.193941467192935757e-02 -2.237990171851491402e-04 6.081908476905369815e-02 -3.793152020605836117e-02 -8.536474496604008755e-02 1.004790346917492916e-01 3.354494360582656598e-01 4.084717053248405061e-01
4.449753552938772172e-01 3.103159210936567436e-01 5.102438341213202944e-02 -1.134755170189182261e-01 -3.839907530608811272e-03 8.437479883900751709e-02 5.376473151599382022e-03 -8.196236813936130794e-02 -2.895173325586085887e-03 1.134247678340847276e-01 6.404796693208314462e-03 -3.178487514260867064e-01
3.103159210936567436e-01 4.487737549008976590e-01 3.186077527681880905e-01 -6.151142744402138957e-03 -1.132324830758463796e-01 3.475883020718396194e-02 8.190740713150201913e-02 7.837779003980758011e-03 -8.288973562325813171e-02 -5.711016665522684888e-03 1.140733451711463536e-01 -3.773469229394270374e-02
5.102438341213202944e-02 3.186077527681880905e-01 4.931616449758934873e-01 3.146127464123864570e-01 -4.124593721475615371e-02 -1.042431913716776598e-01 1.772432335731563557e-02 8.381645941077006667e-02 -2.141523765842725385e-02 -8.414732091913426637e-02 2.529625862640653283e-02 1.064646821343513128e-01
-1.134755170189182261e-01 -6.151142744402138957e-03 3.146127464123864570e-01 5.688243745057588452e-01 3.095589182043157472e-01 -5.940651340453314416e-02 -1.124055489754580278e-01 -5.136018826864240279e-03 8.271243149288728946e-02 6.896206016455437918e-03 -8.325795706710520383e-02 1.918809168061481885e-02
-3.839907530608811272e-03 -1.132324830758463796e-01 -4.124593721475615371e-02 3.095589182043157472e-01 5.437148302300889302e-01 3.224531561385813871e-01 2.005939305035015982e-02 -1.119771817377687440e-01 -5.796430861838369752e-03 8.149805358675138445e-02 1.733861695700593224e-03 -8.181093123572881487e-02
8.437479883900751709e-02 3.475883020718396194e-02 -1.042431913716776598e-01 -5.940651340453314416e-02 3.224531561385813871e-01 5.206973057883368394e-01 3.045388727279352281e-01 4.764619186277159468e-02 -1.110488504396133086e-01 -3.537529556357156546e-02 8.278924824447327080e-02 8.077281351677699506e-03
5.376473151599382022e-03 8.190740713150201913e-02 1.772432335731563557e-02 -1.124055489754580278e-01 2.005939305035015982e-02 3.045388727279352281e-01 3.732966389031325827e-01 3.089547723111742972e-01 1.894014913861478619e-02 -1.108574801427530121e-01 -1.684497544566130548e-03 8.090413726924586268e-02
-8.196236813936130794e-02 7.837779003980758011e-03 8.381645941077006667e-02 -5.136018826864240279e-03 -1.119771817377687440e-01 4.764619186277159468e-02 3.089547723111742972e-01 5.441573397131331813e-01 3.196124275938675430e-01 -1.279003815821840029e-02 -1.141742251321245932e-01 3.545489964625351403e-02
-2.895173325586085887e-03 -8.288973562325813171e-02 -2.141523765842725385e-02 8.271243149288728946e-02 -5.796430861838369752e-03 -1.110488504396133086e-01 1.894014913861478619e-02 3.196124275938675430e-01 4.847269808280572079e-01 3.166489347125640008e-01 -5.005478724388321733e-03 -1.133456006014535444e-01
1.134247678340847276e-01 -5.711016665522684888e-03 -8.414732091913426637e-02 6.896206016455437918e-03 8.149805358675138445e-02 -3.537529556357156546e-02 -1.108574801427530121e-01 -1.279003815821840029e-02 3.166489347125640008e-01 5.039137111153930704e-01 3.158379357702660872e-01 -4.566463478285456845e-02
6.404796693208314462e-03 1.140733451711463536e-01 2.529625862640653283e-02 -8.325795706710520383e-02 1.733861695700593224e-03 8.278924824447327080e-02 -1.684497544566130548e-03 -1.141742251321245932e-01 -5.005478724388321733e-03 3.158379357702660872e-01 5.596330850944918334e-01 3.141901816389136015e-01
-3.178487514260867064e-01 -3.773469229394270374e-02 1.064646821343513128e-01 1.918809168061481885e-02 -8.181093123572881487e-02 8.077281351677699506e-03 8.090413726924586268e-02 3.545489964625351403e-02 -1.133456006014535444e-01 -4.566463478285456845e-02 3.141901816389136015e-01 5.141249786508883535e-01
5.340663620153567326e-01 3.093919765848962555e-01 -1.868810120689436138e-02 -1.008726475956076563e-01 3.277278974650857379e-02 5.208192818244075650e-02 -4.367670155252700859e-02 -7.408752578039862202e-02 5.408708450896972109e-02 1.274441988504496637e-01 1.382897581269085241e-02 -3.237866046768481665e-01
3.093919765848962555e-01 4.468613358294001303e-01 3.207234681451200387e-01 -4.227698567606401336e-02 -1.103835399283732976e-01 8.410260660021290358e-02 5.307264489597590673e-02 -5.265440939847913782e-02 -4.953684666687303839e-02 3.866681523308267143e-02 1.053576687444619520e-01 -4.043916987102334597e-03
-1.868810120689436138e-02 3.207234681451200387e-01 6.149175791885763687e-01 2.933710630930326801e-01 -7.119572483956776443e-02 -6.354913320134825128e-02 5.081438005182487005e-02 6.677598129119399761e-02 -4.727272994325420336e-02 -9.262929216362290885e-02 -1.240640794823738222e-02 1.183559837516375557e-01
-1.008726475956076563e-01 -4.227698567606401336e-02 2.933710630930326801e-01 5.244266606044339918e-01 3.328708754750327459e-01 -1.008803219843830146e-01 -1.044292508293912236e-01 3.013766219889656151e-02 7.363008092609446553e-02 7.890269179336020094e-03 -6.890998111054064124e-02 -3.768760274227711538e-02
3.277278974650857379e-02 -1.103835399283732976e-01 -7.119572483956776443e-02 3.328708754750327459e-01 6.073289877626275590e-01 2.750025861911645775e-01 -3.310579454404595501e-02 -1.022262297652315743e-01 2.537621378324593155e-02 8.850333234346099975e-02 3.083937057330968581e-02 -7.761334108118617126e-02
5.208192818244075650e-02 8.410260660021290358e-02 -6.354913320134825128e-02 -1.008803219843830146e-01 2.750025861911645775e-01 6.246238261500801636e-01 3.191127898086045800e-01 1.551938214785344994e-02 -1.187822320161121686e-01 -6.488681230462856053e-02 4.827023075676332986e-02 7.770983065912862031e-02
-4.367670155252700859e-02 5.307264489597590673e-02 5.081438005182487005e-02 -1.044292508293912236e-01 -3.310579454404595501e-02 3.191127898086045800e-01 3.537582100789193884e-01 2.956834577262355546e-01 4.001299615458170367e-02 -8.610449881670206862e-02 -5.887557586300311285e-02 4.557082247345326659e-02
-7.408752578039862202e-02 -5.265440939847913782e-02 6.677598129119399761e-02 3.013766219889656151e-02 -1.022262297652315743e-01 1.551938214785344994e-02 2.956834577262355546e-01 5.758673846203932190e-01 3.309758836565129259e-01 5.412442825998457774e-02 -9.739157559247177409e-02 -6.333299022502737741e-02
5.408708450896972109e-02 -4.953684666687303839e-02 -4.727272994325420336e-02 7.363008092609446553e-02 2.537621378324593155e-02 -1.187822320161121686e-01 4.001299615458170367e-02 3.309758836565129259e-01 3.804563365130796959e-01 2.759900507390332658e-01 9.967046501733207997e-02 -6.718640939554146319e-02
1.274441988504496637e-01 3.866681523308267143e-02 -9.262929216362290885e-02 7.890269179336020094e-03 8.850333234346099975e-02 -6.488681230462856053e-02 -8.610449881670206862e-02 5.412442825998457774e-02 2.759900507390332658e-01 3.906870852684559137e-01 3.190265165401955927e-01 6.776322833355269415e-02
1.382897581269085241e-02 1.053576687444619520e-01 -1.240640794823738222e-02 -6.890998111054064124e-02 3.083937057330968581e-02 4.827023075676332986e-02 -5.887557586300311285e-02 -9.739157559247177409e-02 9.967046501733207997e-02 3.190265165401955927e-01 4.372101543675509516e-01 3.085131118296328134e-01
-3.237866046768481665e-01 -4.043916987102334597e-03 1.183559837516375557e-01 -3.768760274227711538e-02 -7.761334108118617126e-02 7.770983065912862031e-02 4.557082247345326659e-02 -6.333299022502737741e-02 -6.718640939554146319e-02 6.776322833355269415e-02 3.085131118296328134e-01 5.097960776011296602e-01
4.425941012692692356e-01 3.241758654996678701e-01 -6.371596811352603362e-02 -1.033848616396650516e-01 2.375787203664916220e-02 7.066429153442538302e-02 -3.578054573847530562e-02 -7.593632486287275885e-02 1.603498050678589873e-02 1.042009834477113372e-01 -1.583233467210868814e-02 -3.098598865350079556e-01
3.241758654996678701e-01 6.230800421983201387e-01 2.788287365040407750e-01 -6.026990622851959717e-02 -1.054607985629259781e-01 4.890228967806727056e-02 7.060018592766029166e-02 -2.768133805271262224e-02 -8.192346350766835372e-02 2.842139575056674278e-02 1.190261565049623299e-01 3.213556168104688554e-02
-6.371596811352603362e-02 2.788287365040407750e-01 5.902734175601472844e-01 3.297421201785780132e-01 1.393437985607179873e-02 -1.243960798872581208e-01 2.991306325763075369e-03 9.158230079134395407e-02 2.841146046058459079e-02 -9.026891468775652405e-02 -4.872305842813398624e-02 9.365611668097417741e-02
-1.033848616396650516e-01 -6.026990622851959717e-02 3.297421201785780132e-01 4.286544774791897217e-01 3.043570299960255410e-01 -3.258176647085935830e-03 -1.043623090676827070e-01 -1.413570542207421947e-02 7.018271951727791946e-02 7.721531824275084180e-03 -6.849901176368838884e-02 -3.997054855950026020e-02
2.375787203664916220e-02 -1.054607985629259781e-01 1.393437985607179873e-02 3.043570299960255410e-01 5.278270326880596386e-01 3.235787493693406125e-01 -2.814359643354095303e-02 -1.251015890201614966e-01 -1.336671629679682914e-02 9.360010550706690524e-02 3.101687584645979046e-02 -7.797254541309289744e-02
7.066429153442538302e-02 4.890228967806727056e-02 -1.243960798872581208e-01 -3.258176647085935830e-03 3.235787493693406125e-01 5.359127071618352556e-01 3.110947370111898369e-01 3.092077689723721559e-02 -9.980294639519933508e-02 -1.693896610710837747e-02 6.471153354624151199e-02 4.028882896379150369e-02
-3.578054573847530562e-02 7.060018592766029166e-02 2.991306325763075369e-03 -1.043623090676827070e-01 -2.814359643354095303e-02 3.110947370111898369e-01 4.681824601709473344e-01 3.191262041177495012e-01 4.492203481820576660e-02 -1.228914372989253212e-01 -5.267866409427396368e-02 7.186084353869731656e-02
-7.593632486287275885e-02 -2.768133805271262224e-02 9.158230079134395407e-02 -1.413570542207421947e-02 -1.251015890201614966e-01 3.092077689723721559e-02 3.191262041177495012e-01 4.308872773812005841e-01 3.057520983941549031e-01 6.843142952399640030e-03 -9.991204669358258461e-02 -2.895267810749589318e-02
1.603498050678589873e-02 -8.192346350766835372e-02 2.841146046058459079e-02 7.018271951727791946e-02 -1.336671629679682914e-02 -9.980294639519933508e-02 4.492203481820576660e-02 3.057520983941549031e-01 5.130637180294987942e-01 3.310982074463387215e-01 4.347042011429179398e-02 -1.126293985519293828e-01
1.042009834477113372e-01 2.842139575056674278e-02 -9.026891468775652405e-02 7.721531824275084180e-03 9.360010550706690524e-02 -1.693896610710837747e-02 -1.228914372989253212e-01 6.843142952399640030e-03 3.310982074463387215e-01 4.791477800024799838e-01 2.944045425214845690e-01 3.844826934813378588e-02
-1.583233467210868814e-02 1.190261565049623299e-01 -4.872305842813398624e-02 -6.849901176368838884e-02 3.101687584645979046e-02 6.471153354624151199e-02 -5.267866409427396368e-02 -9.991204669358258461e-02 4.347042011429179398e-02 2.944045425214845690e-01 3.821396463606803184e-01 3.191147993191765231e-01
-3.098598865350079556e-01 3.213556168104688554e-02 9.365611668097417741e-02 -3.997054855950026020e-02 -7.797254541309289744e-02 4.028882896379150369e-02 7.186084353869731656e-02 -2.895267810749589318e-02 -1.126293985519293828e-01 3.844826934813378588e-02 3.191147993191765231e-01 5.782373396984699099e-01
3.787847539623507842e-01 2.984224417458415379e-01 -8.963119922330110151e-03 -1.025733255605553867e-01 -5.815965224019422133e-03 7.500714228382304727e-02 -8.309518104069629763e-03 -7.347640149283107824e-02 -2.274846410715986034e-02 1.029359874987385293e-01 4.585543632801811209e-02 -3.242426605421012686e-01
2.984224417458415379e-01 6.093258278026808528e-01 3.224594278318950735e-01 1.218804849260610342e-02 -1.154594790273471699e-01 -7.881200455111451661e-03 8.362592996748052787e-02 1.785500545711843313e-03 -8.127894548356702498e-02 -1.721654676175898846e-02 1.039923006328410948e-01 -1.073804655323285819e-02
-8.963119922330110151e-03 3.224594278318950735e-01 4.385689948934142768e-01 2.992894625163774469e-01 4.552929490121154776e-02 -1.036668118794066562e-01 -1.649876849817167104e-02 7.354211368704813290e-02 4.615886033720077025e-02 -6.914505084438411775e-02 -6.048484521437055145e-02 1.280535880318373065e-01
-1.025733255605553867e-01 1.218804849260610342e-02 2.992894625163774469e-01 4.385487496464508528e-01 3.252956114314633496e-01 5.779441387095123929e-03 -1.208615534824717674e-01 3.822340609888658265e-03 9.148233487383966578e-02 3.872087571826220240e-03 -8.997454308449726046e-02 3.963680094569028978e-02
-5.815965224019422133e-03 -1.154594790273471699e-01 4.552929490121154776e-02 3.252956114314633496e-01 5.285029480721966655e-01 3.094659514846000437e-01 -3.188226892537932011e-02 -1.031177684095471170e-01 -1.794371007361167392e-02 7.045495877425680953e-02 2.904131917079389585e-02 -8.422849096864550023e-02
7.500714228382304727e-02 -7.881200455111451661e-03 -1.036668118794066562e-01 5.779441387095123929e-03 3.094659514846000437e-01 4.940833269831634289e-01 3.254483163843019389e-01 9.272093571374765558e-03 -1.214267664197562768e-01 -1.347453700365560877e-02 8.975421108683710736e-02 -3.405936390328805075e-02
-8.309518104069629763e-03 8.362592996748052787e-02 -1.649876849817167104e-02 -1.208615534824717674e-01 -3.188226892537932011e-02 3.254483163843019389e-01 5.593097392996985162e-01 3.008434716175212298e-01 3.679423119516599811e-02 -9.754115694145135129e-02 -3.927290059620695828e-02 8.636533402241391988e-02
-7.347640149283107824e-02 1.785500545711843313e-03 7.354211368704813290e-02 3.822340609888658265e-03 -1.031177684095471170e-01 9.272093571374765558e-03 3.008434716175212298e-01 3.756110810446008363e-01 3.158313279371011140e-01 4.793372947665721501e-02 -1.159212879119180528e-01 2.640515302851759866e-02
-2.274846410715986034e-02 -8.127894548356702498e-02 4.615886033720077025e-02 9.148233487383966578e-02 -1.794371007361167392e-02 -1.214267664197562768e-01 3.679423119516599811e-02 3.158313279371011140e-01 5.275629250562279271e-01 3.123214049253419944e-01 -6.968671339152478737e-03 -1.020380475857753932e-01
1.029359874987385293e-01 -1.721654676175898846e-02 -6.914505084438411775e-02 3.872087571826220240e-03 7.045495877425680953e-02 -1.347453700365560877e-02 -9.754115694145135129e-02 4.793372947665721501e-02 3.123214049253419944e-01 4.322378401190717367e-01 3.231141226976190772e-01 -6.379603469523344172e-02
4.585543632801811209e-02 1.039923006328410948e-01 -6.048484521437055145e-02 -8.997454308449726046e-02 2.904131917079389585e-02 8.975421108683710736e-02 -3.927290059620695828e-02 -1.159212879119180528e-01 -6.968671339152478737e-03 3.231141226976190772e-01 6.113701763426087066e-01 2.789598218769109850e-01
-3.242426605421012686e-01 -1.073804655323285819e-02 1.280535880318373065e-01 3.963680094569028978e-02 -8.422849096864550023e-02 -3.405936390328805075e-02 8.636533402241391988e-02 2.640515302851759866e-02 -1.020380475857753932e-01 -6.379603469523344172e-02 2.789598218769109850e-01 6.060936367775902056e-01
5.946440999928856996e-01 3.385647356930593377e-01 1.013707137153838957e-02 -1.309284987709249948e-01 -1.810389255464667918e-02 8.787208553026829017e-02 6.459402294466835837e-02 -1.050934730773704501e-01 -7.564560510701091867e-02 6.087472912823124749e-02 1.007643149297307028e-01 -2.423082471210051825e-01
3.385647356930593377e-01 3.812436355898695117e-01 2.894447914663784149e-01 -2.165453999561142533e-03 -9.621476505372844601e-02 -1.775200537214682850e-02 6.026405888945998712e-02 -8.112761717750983231e-03 -5.991291354627097110e-02 -4.255862980991074324e-02 1.001828982275560775e-01 5.153816345807474275e-02
1.013707137153838957e-02 2.894447914663784149e-01 6.080107058170215462e-01 3.245106636812261636e-01 -2.106087998500333000e-02 -1.224137769584987406e-01 -4.068263991898093956e-02 1.037798274095552975e-01 5.020463610046250330e-02 -5.714555003686409840e-02 -4.248602647609941302e-02 8.365570150509486769e-02
-1.309284987709249948e-01 -2.165453999561142533e-03 3.245106636812261636e-01 4.507097775781074844e-01 3.102133412178886829e-01 7.313919315831871049e-02 -7.801918263570289946e-02 -2.265602310719876111e-02 4.319999941629679152e-02 4.813844141971661272e-02 -5.908109214648833013e-02 -4.772620468131942573e-02
-1.810389255464667918e-02 -9.621476505372844601e-02 -2.106087998500333000e-02 3.102133412178886829e-01 4.867897465221275866e-01 3.159790314055131999e-01 5.706529916533461394e-02 -1.406329612669781348e-01 -6.004702590108643157e-02 6.324506296716982112e-02 3.742955709421454114e-02 -6.547583687923357043e-02
8.787208553026829017e-02 -1.775200537214682850e-02 -1.224137769584987406e-01 7.313919315831871049e-02 3.159790314055131999e-01 3.598219714693230431e-01 2.885170552112392706e-01 -1.213253784907386210e-02 -8.229810176914240105e-02 -2.988614905515350403e-02 6.751629733488531682e-02 1.917071649284284376e-02
6.459402294466835837e-02 6.026405888945998712e-02 -4.068263991898093956e-02 -7.801918263570289946e-02 5.706529916533461394e-02 2.885170552112392706e-01 5.728106662161923657e-01 3.410105420193079717e-01 4.108922875855414159e-02 -1.083002491515904775e-01 -5.357327406658016558e-03 7.788404739687219969e-02
-1.050934730773704501e-01 -8.112761717750983231e-03 1.037798274095552975e-01 -2.265602310719876111e-02 -1.406329612669781348e-01 -1.213253784907386210e-02 3.410105420193079717e-01 4.881695578785827383e-01 2.613336410225125528e-01 6.411915914045795972e-02 -9.513050534883266129e-02 -3.776199247725789410e-02
-7.564560510701091867e-02 -5.991291354627097110e-02 5.020463610046250330e-02 4.319999941629679152e-02 -6.004702590108643157e-02 -8.229810176914240105e-02 4.108922875855414159e-02 2.613336410225125528e-01 2.855652726718981849e-01 3.041754168212600917e-01 2.622553795796324361e-02 -1.108846019177880948e-01
6.087472912823124749e-02 -4.255862980991074324e-02 -5.714555003686409840e-02 4.813844141971661272e-02 6.324506296716982112e-02 -2.988614905515350403e-02 -1.083002491515904775e-01 6.411915914045795972e-02 3.041754168212600917e-01 6.346117415567702480e-01 3.113956831536944803e-01 -7.155128157998608129e-02
1.007643149297307028e-01 1.001828982275560775e-01 -4.248602647609941302e-02 -5.908109214648833013e-02 3.742955709421454114e-02 6.751629733488531682e-02 -5.357327406658016558e-03 -9.513050534883266129e-02 2.622553795796324361e-02 3.113956831536944803e-01 4.251457752054582651e-01 3.161681370005299252e-01
-2.423082471210051825e-01 5.153816345807474275e-02 8.365570150509486769e-02 -4.772620468131942573e-02 -6.547583687923357043e-02 1.917071649284284376e-02 7.788404739687219969e-02 -3.776199247725789410e-02 -1.108846019177880948e-01 -7.155128157998608129e-02 3.161681370005299252e-01 7.124770495017413996e-01
6.365030786921925809e-01 2.890444451400389636e-01 -1.224182676747844790e-02 -9.331373026277398064e-02 -1.298357224131868257e-02 6.829838110399852336e-02 3.287315585382274193e-03 -6.790058982243069030e-02 2.743228653333897732e-03 9.862773041211178593e-02 7.377736638832085858e-02 -3.300928568103244087e-01
2.890444451400389636e-01 3.119738198834338672e-01 3.053961155318489773e-01 2.553103625772794663e-02 -1.060506455398122494e-01 1.282744299883688960e-02 7.152129333719414728e-02 1.017882729416213702e-02 -7.349889303300918830e-02 -1.427436613276304375e-02 9.317132460525401338e-02 -4.160684631917508508e-02
-1.224182676747844790e-02 3.053961155318489773e-01 6.609450690484078850e-01 2.998471940138414671e-01 -3.583573515409187865e-02 -9.081180382249894045e-02 3.024246877499642272e-02 7.355344858968634880e-02 -3.860847107890196667e-02 -7.852342220869008849e-02 -1.056039321677595261e-02 1.098139331387835982e-01
-9.331373026277398064e-02 2.553103625772794663e-02 2.998471940138414671e-01 3.908490120440336058e-01 3.218873228108414253e-01 -3.267385150431603193e-03 -1.153915196794685488e-01 -3.313405520110083990e-02 9.157623789513406887e-02 4.458854582918149456e-02 -6.480319028192069175e-02 -4.407754984342607263e-03
-1.298357224131868257e-02 -1.060506455398122494e-01 -3.583573515409187865e-02 3.218873228108414253e-01 5.878425285109725174e-01 2.936856361229066570e-01 -4.644287902553292935e-02 -1.124603606136638512e-01 5.970011272085089943e-02 8.964603470080710623e-02 -1.079124309178834673e-02 -8.147117911474359431e-02
6.829838110399852336e-02 1.282744299883688960e-02 -9.081180382249894045e-02 -3.267385150431603193e-03 2.936856361229066570e-01 5.470251756234545404e-01 3.300290964946175354e-01 4.938328928462844963e-02 -1.392073502955584741e-01 -7.087746190108873412e-02 6.834850167740715021e-02 2.737474224322006267e-02
3.287315585382274193e-03 7.152129333719414728e-02 3.024246877499642272e-02 -1.153915196794685488e-01 -4.644287902553292935e-02 3.300290964946175354e-01 4.151676429862751205e-01 2.999643358344592503e-01 -2.456315910437451358e-02 -9.862863220356213323e-02 -2.907230510249184281e-03 7.271664602750024797e-02
-6.790058982243069030e-02 1.017882729416213702e-02 7.355344858968634880e-02 -3.313405520110083990e-02 -1.124603606136638512e-01 4.938328928462844963e-02 2.999643358344592503e-01 5.370528538012728781e-01 3.348251822559933366e-01 6.001447390003236682e-02 -9.814366900271448424e-02 -3.230934401577052403e-03
2.743228653333897732e-03 -7.349889303300918830e-02 -3.860847107890196667e-02 9.157623789513406887e-02 5.970011272085089943e-02 -1.392073502955584741e-01 -2.456315910437451358e-02 3.348251822559933366e-01 4.993201512062588887e-01 2.846901636162025295e-01 1.354139748279085259e-02 -1.011802186888847710e-01
9.862773041211178593e-02 -1.427436613276304375e-02 -7.852342220869008849e-02 4.458854582918149456e-02 8.964603470080710623e-02 -7.087746190108873412e-02 -9.862863220356213323e-02 6.001447390003236682e-02 2.846901636162025295e-01 3.202060924990783874e-01 2.952962365251039500e-01 8.989299961553627594e-04
7.377736638832085858e-02 9.317132460525401338e-02 -1.056039321677595261e-02 -6.480319028192069175e-02 -1.079124309178834673e-02 6.834850167740715021e-02 -2.907230510249184281e-03 -9.814366900271448424e-02 1.354139748279085259e-02 2.952962365251039500e-01 6.922263607960008613e-01 2.973398187205636978e-01
-3.300928568103244087e-01 -4.160684631917508508e-02 1.098139331387835982e-01 -4.407754984342607263e-03 -8.147117911474359431e-02 2.737474224322006267e-02 7.271664602750024797e-02 -3.230934401577052403e-03 -1.011802186888847710e-01 8.989299961553627594e-04 2.973398187205636978e-01 4.008882149086186453e-01
5.352515336705165883e-01 3.310906568676948991e-01 5.393184002578697844e-02 -1.315863860291961451e-01 -3.806885018283064775e-02 8.524319604438115872e-02 1.350550731123096627e-02 -7.986767811153692997e-02 -5.840545578722942249e-02 8.655245412128254046e-02 5.248499736393195947e-02 -2.873468104373557708e-01
3.310906568676948991e-01 4.212318241386282525e-01 3.026767470651158809e-01 -1.715437985277855695e-02 -9.951752889883824782e-02 -3.941760528480295865e-03 7.179372928828464673e-02 2.523206799397611361e-02 -6.041852675718656362e-02 -4.581254317350906546e-02 1.102271006087938571e-01 4.260691470087727556e-02
5.393184002578697844e-02 3.026767470651158809e-01 5.086294374795913287e-01 3.261291307528737526e-01 1.491063454143123392e-02 -1.165687913428349876e-01 1.071857910244700118e-02 8.969291349299633731e-02 3.222017552652974015e-02 -7.954345227097914250e-02 3.025881041030884649e-04 1.109520202686269247e-01
-1.315863860291961451e-01 -1.715437985277855695e-02 3.261291307528737526e-01 5.530029455095231139e-01 3.008918602285992061e-01 5.610140118801530684e-03 -1.035808476611149442e-01 -3.629776127966425486e-02 5.648517449481480629e-02 4.676187393656047742e-02 -7.828963076794548392e-02 -4.341514210765778231e-02
-3.806885018283064775e-02 -9.951752889883824782e-02 1.491063454143123392e-02 3.008918602285992061e-01 3.792117777205807339e-01 3.160255024570479132e-01 1.212613021867262920e-02 -1.140652087331244374e-01 -4.830419227920577929e-02 7.524818280233117052e-02 6.950343592512049293e-03 -7.787822059149961118e-02
8.524319604438115872e-02 -3.941760528480295865e-03 -1.165687913428349876e-01 5.610140118801530684e-03 3.160255024570479132e-01 6.137160734392959061e-01 3.052820944542988246e-01 1.139751216068505234e-02 -9.889469950227386397e-02 -2.056816116364028335e-02 7.879788929300013400e-02 1.262388681320476998e-02
1.350550731123096627e-02 7.179372928828464673e-02 1.071857910244700118e-02 -1.035808476611149442e-01 1.212613021867262920e-02 3.052820944542988246e-01 3.977697360898193035e-01 3.109031626356355549e-01 1.027234274529065794e-01 -9.948303091910253027e-02 -3.248191841958178450e-02 7.543202777157650973e-02
-7.986767811153692997e-02 2.523206799397611361e-02 8.969291349299633731e-02 -3.629776127966425486e-02 -1.140652087331244374e-01 1.139751216068505234e-02 3.109031626356355549e-01 4.559978310947261360e-01 3.167710359452787228e-01 2.727807068072312605e-03 -1.181452711397565081e-01 1.340041956622965193e-02
-5.840545578722942249e-02 -6.041852675718656362e-02 3.222017552652974015e-02 5.648517449481480629e-02 -4.830419227920577929e-02 -9.889469950227386397e-02 1.027234274529065794e-01 3.167710359452787228e-01 4.082310874608797713e-01 3.011009634655194001e-01 -2.043064076223216272e-02 -9.966552507320175502e-02
8.655245412128254046e-02 -4.581254317350906546e-02 -7.954345227097914250e-02 4.676187393656047742e-02 7.524818280233117052e-02 -2.056816116364028335e-02 -9.948303091910253027e-02 2.727807068072312605e-03 3.011009634655194001e-01 6.360762059995695994e-01 3.108854140588789838e-01 -6.531145771063549821e-02
5.248499736393195947e-02 1.102271006087938571e-01 3.025881041030884649e-04 -7.828963076794548392e-02 6.950343592512049293e-03 7.879788929300013400e-02 -3.248191841958178450e-02 -1.181452711397565081e-01 -2.043064076223216272e-02 3.108854140588789838e-01 4.599163490354177819e-01 3.193121273726486908e-01
-2.873468104373557708e-01 4.260691470087727556e-02 1.109520202686269247e-01 -4.341514210765778231e-02 -7.787822059149961118e-02 1.262388681320476998e-02 7.543202777157650973e-02 1.340041956622965193e-02 -9.966552507320175502e-02 -6.531145771063549821e-02 3.193121273726486908e-01 6.309651983614807946e-01
4.285074245327046283e-01 2.844838336044504534e-01 2.445603410509467751e-02 -9.936881996694463259e-02 -2.085491672483578626e-02 7.119296252036089179e-02 4.246977754937511680e-03 -6.957509058689656523e-02 -2.368416569855763543e-02 1.072970589472159453e-01 7.257343790423637087e-02 -3.446651662889473333e-01
2.844838336044504534e-01 4.053885340572275231e-01 3.259599923660206899e-01 -1.248402946213585107e-02 -1.224948718912804851e-01 1.472640685622133259e-02 8.678855513518556053e-02 2.452145417773719804e-02 -7.916401840190626094e-02 9.052660991450335592e-03 1.113874636928729456e-01 -6.909293748477801644e-02
2.445603410509467751e-02 3.259599923660206899e-01 6.048469792526585120e-01 2.977278467404659290e-01 -1.931860470457671952e-02 -9.738330075602195934e-02 2.353451131569392341e-02 7.817488352404643182e-02 -5.382425060142788029e-03 -7.484504311134509980e-02 -2.579974791526178091e-02 1.188771321439068690e-01
-9.936881996694463259e-02 -1.248402946213585107e-02 2.977278467404659290e-01 4.591260973812121282e-01 3.312233891128930630e-01 4.487152928663890906e-03 -1.273251240959764607e-01 -5.630768002387033511e-02 8.287151096236257397e-02 2.059383331694966332e-02 -7.452508843963837060e-02 1.835294410842857812e-02
-2.085491672483578626e-02 -1.224948718912804851e-01 -1.931860470457671952e-02 3.312233891128930630e-01 5.132987039091434500e-01 3.012308784668380479e-01 -2.548599117691752874e-02 -1.112528156371836163e-01 1.345389401247943165e-02 7.491862255754855315e-02 1.344367620841190394e-02 -8.378076438060839959e-02
7.119296252036089179e-02 1.472640685622133259e-02 -9.738330075602195934e-02 4.487152928663890906e-03 3.012308784668380479e-01 5.479630225451623815e-01 3.315294870014456885e-01 7.486096925465732244e-02 -1.142494654779599439e-01 -2.707855156002189623e-02 7.489776313073222280e-02 -1.488734898749522265e-02
4.246977754937511680e-03 8.678855513518556053e-02 2.353451131569392341e-02 -1.273251240959764607e-01 -2.548599117691752874e-02 3.315294870014456885e-01 4.180921187963366203e-01 2.902882438637404139e-01 8.306016485219207962e-03 -9.548690265682810430e-02 -2.679887904898016829e-02 8.372770998580825186e-02
-6.957509058689656523e-02 2.452145417773719804e-02 7.817488352404643182e-02 -5.630768002387033511e-02 -1.112528156371836163e-01 7.486096925465732244e-02 2.902882438637404139e-01 4.109210235930697563e-01 3.188340747867715042e-01 5.530224622727384666e-03 -1.173657447722742941e-01 5.518018582820099355e-02
-2.368416569855763543e-02 -7.916401840190626094e-02 -5.382425060142788029e-03 8.287151096236257397e-02 1.345389401247943165e-02 -1.142494654779599439e-01 8.306016485219207962e-03 3.188340747867715042e-01 6.377861099653148180e-01 2.953776121287158829e-01 -1.398774463098812794e-02 -9.469432263061947075e-02
1.072970589472159453e-01 9.052660991450335592e-03 -7.484504311134509980e-02 2.059383331694966332e-02 7.491862255754855315e-02 -2.707855156002189623e-02 -9.548690265682810430e-02 5.530224622727384666e-03 2.953776121287158829e-01 3.512337335136505034e-01 3.171390462449475978e-01 -3.809766883233291213e-02
7.257343790423637087e-02 1.113874636928729456e-01 -2.579974791526178091e-02 -7.452508843963837060e-02 1.344367620841190394e-02 7.489776313073222280e-02 -2.679887904898016829e-02 -1.173657447722742941e-01 -1.398774463098812794e-02 3.171390462449475978e-01 6.620828790446184886e-01 2.706279843862139378e-01
-3.446651662889473333e-01 -6.909293748477801644e-02 1.188771321439068690e-01 1.835294410842857812e-02 -8.378076438060839959e-02 -1.488734898749522265e-02 8.372770998580825186e-02 5.518018582820099355e-02 -9.469432263061947075e-02 -3.809766883233291213e-02 2.706279843862139378e-01 5.607533734089177324e-01
5.233684039669899146e-01 3.068836244381196732e-01 -8.332141436909537568e-03 -9.908162373702769643e-02 2.945019809127545976e-02 9.083836458098365485e-02 -2.589003673601506482e-03 -9.086846798337067099e-02 -3.228552111510802486e-02 1.147157069929235912e-01 4.068674737853662099e-02 -3.235625679266252996e-01
3.068836244381196732e-01 4.191177326616670196e-01 3.212830122130547195e-01 -7.268861261107859018e-02 -1.001967932836026476e-01 -6.279772268836450802e-03 6.869749730072652327e-02 -2.442493530735741908e-02 -7.916924499766822554e-02 3.958313008196776353e-03 1.098153215136674632e-01 -2.069637373836644145e-02
-8.332141436909537568e-03 3.212830122130547195e-01 6.486783189823817075e-01 2.666244943298894388e-01 -6.186342818395319798e-02 -1.206888485007517609e-01 2.170131885220182716e-02 8.494676957523010496e-02 1.588295001654989672e-02 -8.283233417238468344e-02 -1.785023512183010752e-02 1.174590771734882605e-01
-9.908162373702769643e-02 -7.268861261107859018e-02 2.666244943298894388e-01 6.051059627532805463e-01 3.351549351934005605e-01 8.796320529073209382e-02 -1.096967743568655895e-01 -3.140227536220056848e-02 6.645476887233082997e-02 4.666342421119230865e-02 -6.616295632988711262e-02 -4.694175291423764024e-02
2.945019809127545976e-02 -1.001967932836026476e-01 -6.186342818395319798e-02 3.351549351934005605e-01 3.602341494671408295e-01 2.716193491633699941e-01 3.258650410855376545e-02 -9.829346004963429584e-02 -5.051212626044673804e-02 6.185015377535275916e-02 4.043373270964181060e-02 -6.951717732134016225e-02
9.083836458098365485e-02 -6.279772268836450802e-03 -1.206888485007517609e-01 8.796320529073209382e-02 2.716193491633699941e-01 4.065123893874910133e-01 3.243713869973521846e-01 -1.367413401072648318e-02 -1.248324435664692061e-01 -1.105150300002851957e-02 9.305422481175416871e-02 -3.172453278512116139e-03
-2.589003673601506482e-03 6.869749730072652327e-02 2.170131885220182716e-02 -1.096967743568655895e-01 3.258650410855376545e-02 3.243713869973521846e-01 6.288279869962576374e-01 2.984169669537997671e-01 2.042902942013527512e-02 -9.719228684025875420e-02 -1.259985952717273053e-02 6.931661649892092991e-02
-9.086846798337067099e-02 -2.442493530735741908e-02 8.494676957523010496e-02 -3.140227536220056848e-02 -9.829346004963429584e-02 -1.367413401072648318e-02 2.984169669537997671e-01 3.852476895133528090e-01 3.098559345644960050e-01 6.307639140548054746e-02 -1.166884155028658221e-01 -2.853159007657743440e-02
-3.228552111510802486e-02 -7.916924499766822554e-02 1.588295001654989672e-02 6.645476887233082997e-02 -5.051212626044673804e-02 -1.248324435664692061e-01 2.042902942013527512e-02 3.098559345644960050e-01 4.755154560748219295e-01 3.201663150325735341e-01 -1.763059478524596144e-02 -1.122970868758915164e-01
1.147157069929235912e-01 3.958313008196776353e-03 -8.283233417238468344e-02 4.666342421119230865e-02 6.185015377535275916e-02 -1.105150300002851957e-02 -9.719228684025875420e-02 6.307639140548054746e-02 3.201663150325735341e-01 4.963451216356939977e-01 3.171095119764474335e-01 -8.453717320008000483e-03
4.068674737853662099e-02 1.098153215136674632e-01 -1.785023512183010752e-02 -6.616295632988711262e-02 4.043373270964181060e-02 9.305422481175416871e-02 -1.259985952717273053e-02 -1.166884155028658221e-01 -1.763059478524596144e-02 3.171095119764474335e-01 5.339894001896574594e-01 3.131997682346079892e-01
