4.068715250940277972e-01 2.075573684282885079e-01 6.451507140292869757e-02 -4.684216653709566414e-02 -4.644680324591450582e-02 9.377183403073214435e-03 4.290669342201101910e-02 1.748513720754026057e-02 -4.424435504662595220e-02 -4.525331795115389300e-02 5.835675620550601767e-02 2.060954029774350604e-01
2.075573684282885079e-01 4.102968046993563100e-01 2.074993561647483775e-01 6.491525843196292722e-02 -4.344164028197025629e-02 -4.626527813840169284e-02 9.619098275536181950e-03 4.269807716638698153e-02 1.597768521472867770e-02 -4.324114471969924683e-02 -4.488285656358453890e-02 6.409105271135534521e-02
6.451507140292869757e-02 2.074993561647483775e-01 4.073823796658695984e-01 2.060478733384643601e-01 6.068206398409337066e-02 -4.425095423227859426e-02 -4.787841376781987179e-02 1.058976446767826221e-02 4.129121428090729712e-02 1.312271597099372994e-02 -4.546145231694725258e-02 -4.746016226534061078e-02
-4.684216653709566414e-02 6.491525843196292722e-02 2.060478733384643601e-01 4.118407870889213562e-01 2.017405935627913371e-01 5.765684759676333732e-02 -4.779146167246271781e-02 -4.777791730679616100e-02 1.246556456425136974e-02 4.052655348836563254e-02 1.073938561011433986e-02 -5.031412244601636552e-02
-4.644680324591450582e-02 -4.344164028197025629e-02 6.068206398409337066e-02 2.017405935627913371e-01 4.179321580094680355e-01 2.044454585387115442e-01 6.283357132942092582e-02 -4.706044605534849545e-02 -4.666487801684475467e-02 1.329456071027532334e-02 3.947031082862209606e-02 9.246481301710733625e-03
9.377183403073214435e-03 -4.626527813840169284e-02 -4.425095423227859426e-02 5.765684759676333732e-02 2.044454585387115442e-01 4.243452820894144661e-01 2.043916898473154831e-01 5.936343117479603304e-02 -4.523055037946871471e-02 -4.216837065600768236e-02 1.521612236940133277e-02 4.186192173266758965e-02
4.290669342201101910e-02 9.619098275536181950e-03 -4.787841376781987179e-02 -4.779146167246271781e-02 6.283357132942092582e-02 2.043916898473154831e-01 3.996539855179764844e-01 2.076754944256281044e-01 6.665693061359487248e-02 -4.577618735983141757e-02 -4.542315694862321396e-02 1.816054237035587618e-02
1.748513720754026057e-02 4.269807716638698153e-02 1.058976446767826221e-02 -4.777791730679616100e-02 -4.706044605534849545e-02 5.936343117479603304e-02 2.076754944256281044e-01 4.151203495010179489e-01 2.044009312110835475e-01 5.118448474832328066e-02 -4.833224700436594690e-02 -4.433134191129893542e-02
-4.424435504662595220e-02 1.597768521472867770e-02 4.129121428090729712e-02 1.246556456425136974e-02 -4.666487801684475467e-02 -4.523055037946871471e-02 6.665693061359487248e-02 2.044009312110835475e-01 4.180217971591013715e-01 1.967962249667890018e-01 5.174377986171499466e-02 -4.870693423090002860e-02
-4.525331795115389300e-02 -4.324114471969924683e-02 1.312271597099372994e-02 4.052655348836563254e-02 1.329456071027532334e-02 -4.216837065600768236e-02 -4.577618735983141757e-02 5.118448474832328066e-02 1.967962249667890018e-01 4.428677976343596834e-01 1.979802573093746298e-01 4.975946015938908368e-02
5.835675620550601767e-02 -4.488285656358453890e-02 -4.546145231694725258e-02 1.073938561011433986e-02 3.947031082862209606e-02 1.521612236940133277e-02 -4.542315694862321396e-02 -4.833224700436594690e-02 5.174377986171499466e-02 1.979802573093746298e-01 4.288618940042170369e-01 1.988186722659944228e-01
2.060954029774350604e-01 6.409105271135534521e-02 -4.746016226534061078e-02 -5.031412244601636552e-02 9.246481301710733625e-03 4.186192173266758965e-02 1.816054237035587618e-02 -4.433134191129893542e-02 -4.870693423090002860e-02 4.975946015938908368e-02 1.988186722659944228e-01 4.168052395363029961e-01
4.215547049662002332e-01 2.060331333219385663e-01 6.065853572703707591e-02 -4.555521119109708778e-02 -4.631178261927910295e-02 1.137657582303707414e-02 4.171383971252527051e-02 1.663370116992010650e-02 -4.271474754171928484e-02 -4.710418398269405199e-02 5.215485525283089507e-02 2.016228033632296301e-01
2.060331333219385663e-01 4.119479490328771254e-01 2.038293686645772373e-01 5.902562732563661901e-02 -4.675310334818595648e-02 -4.723459480289470686e-02 9.521869204817894061e-03 4.273038849145644608e-02 1.800708512516400323e-02 -4.508449163832142781e-02 -4.760533116205790949e-02 6.032207001113004674e-02
6.065853572703707591e-02 2.038293686645772373e-01 4.109444998804029914e-01 2.047501416461150470e-01 6.202378104800609221e-02 -4.619561676649611148e-02 -4.868477665037296287e-02 9.026954133373581504e-03 4.199761398865600737e-02 1.678856191123868219e-02 -4.460802194617888988e-02 -4.781375459790416366e-02
-4.555521119109708778e-02 5.902562732563661901e-02 2.047501416461150470e-01 4.242480720200897393e-01 2.029629949678024570e-01 5.824701088668455401e-02 -4.409350105381264207e-02 -4.626430011954314747e-02 8.634751598394172292e-03 4.034983000891922966e-02 1.429083949694029756e-02 -4.542285062904743986e-02
-4.631178261927910295e-02 -4.675310334818595648e-02 6.202378104800609221e-02 2.029629949678024570e-01 4.100800772636594704e-01 2.051941157252190340e-01 6.685353873271575320e-02 -4.499383391164768486e-02 -4.857463009199000648e-02 9.762192217095382735e-03 4.075040163650105185e-02 1.401786358043129697e-02
1.137657582303707414e-02 -4.723459480289470686e-02 -4.619561676649611148e-02 5.824701088668455401e-02 2.051941157252190340e-01 4.094244114025908932e-01 2.086438505620967221e-01 6.466667969829115181e-02 -4.607410170241243302e-02 -4.694045610745210817e-02 1.250039386092351330e-02 4.230169230548813664e-02
4.171383971252527051e-02 9.521869204817894061e-03 -4.868477665037296287e-02 -4.409350105381264207e-02 6.685353873271575320e-02 2.086438505620967221e-01 4.028339628373791559e-01 2.069587147755142520e-01 6.398847609100032086e-02 -4.615399637999864635e-02 -4.477827874692229954e-02 1.520876058463137281e-02
1.663370116992010650e-02 4.273038849145644608e-02 9.026954133373581504e-03 -4.626430011954314747e-02 -4.499383391164768486e-02 6.466667969829115181e-02 2.069587147755142520e-01 4.102008104071043770e-01 2.059371008555260507e-01 5.869204867078937904e-02 -4.654321770900910621e-02 -4.551503482537833101e-02
-4.271474754171928484e-02 1.800708512516400323e-02 4.199761398865600737e-02 8.634751598394172292e-03 -4.857463009199000648e-02 -4.607410170241243302e-02 6.398847609100032086e-02 2.059371008555260507e-01 4.182672436669286897e-01 2.001455119420666451e-01 5.219228635682782169e-02 -4.759944887480870024e-02
-4.710418398269405199e-02 -4.508449163832142781e-02 1.678856191123868219e-02 4.034983000891922966e-02 9.762192217095382735e-03 -4.694045610745210817e-02 -4.615399637999864635e-02 5.869204867078937904e-02 2.001455119420666451e-01 4.265390581796940639e-01 1.995340670129047700e-01 5.421777949025968768e-02
5.215485525283089507e-02 -4.760533116205790949e-02 -4.460802194617888988e-02 1.429083949694029756e-02 4.075040163650105185e-02 1.250039386092351330e-02 -4.477827874692229954e-02 -4.654321770900910621e-02 5.219228635682782169e-02 1.995340670129047700e-01 4.323731805552617491e-01 1.993578833192484190e-01
2.016228033632296301e-01 6.032207001113004674e-02 -4.781375459790416366e-02 -4.542285062904743986e-02 1.401786358043129697e-02 4.230169230548813664e-02 1.520876058463137281e-02 -4.551503482537833101e-02 -4.759944887480870024e-02 5.421777949025968768e-02 1.993578833192484190e-01 4.215860297878399887e-01
4.189158715075665396e-01 2.037325564574449799e-01 5.445368583019470632e-02 -4.548909989611328586e-02 -4.340624225078301701e-02 1.873492417948427469e-02 4.303473825479915693e-02 9.395934477927331274e-03 -4.570354968005879703e-02 -4.871845167812129118e-02 5.791403327677489832e-02 2.028835294569941994e-01
2.037325564574449799e-01 4.220090797468574739e-01 1.968344979929668448e-01 4.869905327192218525e-02 -4.895456397458693848e-02 -4.385909639175340768e-02 1.816751132791949788e-02 4.129879648338793258e-02 1.070944617873421413e-02 -5.092253164984272829e-02 -4.850510594512925933e-02 5.945004257302594075e-02
5.445368583019470632e-02 1.968344979929668448e-01 4.297491818836460253e-01 1.989597317646024932e-01 5.293842315564492584e-02 -4.898266725815723921e-02 -4.722204581841439597e-02 1.344093603293722121e-02 4.008629820765237384e-02 1.450012972991513230e-02 -4.327727743110223319e-02 -4.538346202556467479e-02
-4.548909989611328586e-02 4.869905327192218525e-02 1.989597317646024932e-01 4.418846081314037333e-01 1.971561392634944565e-01 5.158091418884853951e-02 -4.577349181143629264e-02 -4.189417250390562591e-02 1.135504591875495170e-02 4.157251433043990252e-02 1.610405512554698160e-02 -4.165815082638663763e-02
-4.340624225078301701e-02 -4.895456397458693848e-02 5.293842315564492584e-02 1.971561392634944565e-01 4.162351293225299287e-01 2.055989903538842922e-01 6.963541457180008609e-02 -4.333548777035571564e-02 -4.764916201621877123e-02 8.994536652754613407e-03 4.082366735280860970e-02 1.843084852803177076e-02
1.873492417948427469e-02 -4.385909639175340768e-02 -4.898266725815723921e-02 5.158091418884853951e-02 2.055989903538842922e-01 4.127727735522922492e-01 2.085565938739419312e-01 5.954498327170564681e-02 -4.600648883417002288e-02 -4.987171922427649506e-02 7.000088913786522808e-03 4.201762642484274668e-02
4.303473825479915693e-02 1.816751132791949788e-02 -4.722204581841439597e-02 -4.577349181143629264e-02 6.963541457180008609e-02 2.085565938739419312e-01 3.943838939566857160e-01 2.039829856730059898e-01 6.518018588311563777e-02 -4.752882319966865443e-02 -4.866580907404800121e-02 7.717516775145846601e-03
9.395934477927331274e-03 4.129879648338793258e-02 1.344093603293722121e-02 -4.189417250390562591e-02 -4.333548777035571564e-02 5.954498327170564681e-02 2.039829856730059898e-01 4.239017139756821040e-01 2.069003699241875882e-01 6.235356045604983910e-02 -4.254343354976639069e-02 -4.636165041145945409e-02
-4.570354968005879703e-02 1.070944617873421413e-02 4.008629820765237384e-02 1.135504591875495170e-02 -4.764916201621877123e-02 -4.600648883417002288e-02 6.518018588311563777e-02 2.069003699241875882e-01 4.130492100330059868e-01 2.035896082764206416e-01 6.197332594361584096e-02 -4.294455820922275791e-02
-4.871845167812129118e-02 -5.092253164984272829e-02 1.450012972991513230e-02 4.157251433043990252e-02 8.994536652754613407e-03 -4.987171922427649506e-02 -4.752882319966865443e-02 6.235356045604983910e-02 2.035896082764206416e-01 3.976053086340942677e-01 2.080811131891881494e-01 6.757333013170740976e-02
5.791403327677489832e-02 -4.850510594512925933e-02 -4.327727743110223319e-02 1.610405512554698160e-02 4.082366735280860970e-02 7.000088913786522808e-03 -4.866580907404800121e-02 -4.254343354976639069e-02 6.197332594361584096e-02 2.080811131891881494e-01 4.124401216163871009e-01 2.063737371270996102e-01
2.028835294569941994e-01 5.945004257302594075e-02 -4.538346202556467479e-02 -4.165815082638663763e-02 1.843084852803177076e-02 4.201762642484274668e-02 7.717516775145846601e-03 -4.636165041145945409e-02 -4.294455820922275791e-02 6.757333013170740976e-02 2.063737371270996102e-01 4.170531076399072168e-01
4.221077413966944913e-01 2.009572562528391670e-01 5.809925443362504854e-02 -4.604036399905557519e-02 -4.463371741298846618e-02 1.286158052652587765e-02 4.077032254104765580e-02 1.275194548481474108e-02 -4.676664030166033381e-02 -4.526147893507856401e-02 6.087150966446745054e-02 2.042268981825936247e-01
2.009572562528391670e-01 4.121039056569304471e-01 2.065291955761985321e-01 6.436785038209698329e-02 -4.684984501766857601e-02 -4.808939167626147954e-02 1.354701209590006110e-02 4.274152999498331829e-02 1.351839098176221832e-02 -4.481213016690861056e-02 -4.810751998382713224e-02 5.685165121767229990e-02
5.809925443362504854e-02 2.065291955761985321e-01 4.172746683753595920e-01 2.043583081133824586e-01 5.666828300450341138e-02 -4.685089254682259230e-02 -4.398975593014937263e-02 1.394361233873454321e-02 4.216715795275390033e-02 1.248551244369545954e-02 -4.768013061390952850e-02 -4.657590435339848539e-02
-4.604036399905557519e-02 6.436785038209698329e-02 2.043583081133824586e-01 4.100467921437284113e-01 2.039562029265984955e-01 6.218030299379093129e-02 -4.661763840896160360e-02 -4.774359033426997523e-02 1.314022907655720829e-02 4.151742091166922555e-02 1.391985812320129662e-02 -4.579907495592794309e-02
-4.463371741298846618e-02 -4.684984501766857601e-02 5.666828300450341138e-02 2.039562029265984955e-01 4.238575662217488604e-01 2.030594787537873258e-01 5.392006630778443943e-02 -4.698630810142814113e-02 -4.539011910013945883e-02 1.277707373709712629e-02 4.259525479149034455e-02 1.332516382851644567e-02
1.286158052652587765e-02 -4.808939167626147954e-02 -4.685089254682259230e-02 6.218030299379093129e-02 2.030594787537873258e-01 4.165873481337647455e-01 2.011224766354095250e-01 6.079482028384951275e-02 -4.618331648070297252e-02 -4.527149539629486685e-02 1.322250706949454173e-02 4.093336251151498406e-02
4.077032254104765580e-02 1.354701209590006110e-02 -4.398975593014937263e-02 -4.661763840896160360e-02 5.392006630778443943e-02 2.011224766354095250e-01 4.233644629133166415e-01 2.055899018132394396e-01 5.995620296455890508e-02 -4.569357561183458316e-02 -4.819677130942584542e-02 1.152245256010050491e-02
1.275194548481474108e-02 4.274152999498331829e-02 1.394361233873454321e-02 -4.774359033426997523e-02 -4.698630810142814113e-02 6.079482028384951275e-02 2.055899018132394396e-01 4.112974233377028610e-01 2.030662000348848750e-01 5.947766429463197113e-02 -4.813456232369323767e-02 -4.549431014653246286e-02
-4.676664030166033381e-02 1.351839098176221832e-02 4.216715795275390033e-02 1.314022907655720829e-02 -4.539011910013945883e-02 -4.618331648070297252e-02 5.995620296455890508e-02 2.030662000348848750e-01 4.116673067952730802e-01 2.069288774584023549e-01 6.535271858452680604e-02 -4.578067352907386200e-02
-4.526147893507856401e-02 -4.481213016690861056e-02 1.248551244369545954e-02 4.151742091166922555e-02 1.277707373709712629e-02 -4.527149539629486685e-02 -4.569357561183458316e-02 5.947766429463197113e-02 2.069288774584023549e-01 4.204547271215691717e-01 2.044797112666769112e-01 5.551415535051601458e-02
6.087150966446745054e-02 -4.810751998382713224e-02 -4.768013061390952850e-02 1.391985812320129662e-02 4.259525479149034455e-02 1.322250706949454173e-02 -4.819677130942584542e-02 -4.813456232369323767e-02 6.535271858452680604e-02 2.044797112666769112e-01 4.068603940075404823e-01 2.020521463830672604e-01
2.042268981825936247e-01 5.685165121767229990e-02 -4.657590435339848539e-02 -4.579907495592794309e-02 1.332516382851644567e-02 4.093336251151498406e-02 1.152245256010050491e-02 -4.549431014653246286e-02 -4.578067352907386200e-02 5.551415535051601458e-02 2.020521463830672604e-01 4.243776638964094072e-01
4.224160442560995210e-01 2.029325053319573913e-01 5.686109986135820527e-02 -4.609001639180991539e-02 -4.391436037768775558e-02 1.455252147556096443e-02 4.215530179488873735e-02 1.441644158050222474e-02 -4.587745626154440814e-02 -4.719565091382922628e-02 5.623440167634671805e-02 2.037212118146132234e-01
2.029325053319573913e-01 4.136298749676072806e-01 2.034698679537380595e-01 5.839786169827577283e-02 -4.715965920641872200e-02 -4.826199753592570751e-02 1.151453554866553597e-02 4.186356986230033855e-02 1.702656400948351217e-02 -4.417800178374589604e-02 -4.826915650863064511e-02 5.893748723219442709e-02
5.686109986135820527e-02 2.034698679537380595e-01 4.238575319026986477e-01 2.005747043061561208e-01 5.367648847615795471e-02 -4.761194188066760619e-02 -4.611023844012012568e-02 1.023450103644974601e-02 4.250372647557462691e-02 1.640681269266801301e-02 -4.540558729383766673e-02 -4.755038201922543589e-02
-4.609001639180991539e-02 5.839786169827577283e-02 2.005747043061561208e-01 4.217986772437695708e-01 2.027021582196251170e-01 6.318839528712152931e-02 -4.425261077902252482e-02 -4.692975688401632151e-02 8.668592176013668188e-03 3.980814587010623323e-02 1.591841379176747034e-02 -4.432527229009474573e-02
-4.391436037768775558e-02 -4.715965920641872200e-02 5.367648847615795471e-02 2.027021582196251170e-01 4.230900707835635322e-01 2.052337678039147240e-01 6.147482529496776926e-02 -4.393968320091621443e-02 -4.794478970861966449e-02 8.132149141097510386e-03 4.118932230241920123e-02 1.579952403896652674e-02
1.455252147556096443e-02 -4.826199753592570751e-02 -4.761194188066760619e-02 6.318839528712152931e-02 2.052337678039147240e-01 3.956601311580500990e-01 2.077603869043113949e-01 6.942904608267061461e-02 -4.651137387487691566e-02 -4.816333727921638663e-02 1.069373666730926743e-02 4.247622737295339568e-02
4.215530179488873735e-02 1.151453554866553597e-02 -4.611023844012012568e-02 -4.425261077902252482e-02 6.147482529496776926e-02 2.077603869043113949e-01 4.091565189295010008e-01 2.094092803651979584e-01 6.357573585350070888e-02 -4.522941601998993477e-02 -4.659551346714061598e-02 1.262062952739422331e-02
1.441644158050222474e-02 4.186356986230033855e-02 1.023450103644974601e-02 -4.692975688401632151e-02 -4.393968320091621443e-02 6.942904608267061461e-02 2.094092803651979584e-01 4.075595242316902844e-01 2.041753305824199893e-01 5.908150735356525185e-02 -4.577089569163307614e-02 -4.470672772621954449e-02
-4.587745626154440814e-02 1.702656400948351217e-02 4.250372647557462691e-02 8.668592176013668188e-03 -4.794478970861966449e-02 -4.651137387487691566e-02 6.357573585350070888e-02 2.041753305824199893e-01 4.141358758607880386e-01 2.030091913638640833e-01 5.785317008411946377e-02 -4.728787044945156892e-02
-4.719565091382922628e-02 -4.417800178374589604e-02 1.640681269266801301e-02 3.980814587010623323e-02 8.132149141097510386e-03 -4.816333727921638663e-02 -4.522941601998993477e-02 5.908150735356525185e-02 2.030091913638640833e-01 4.236470601630194510e-01 2.012859196124259786e-01 5.436959170559371030e-02
5.623440167634671805e-02 -4.826915650863064511e-02 -4.540558729383766673e-02 1.591841379176747034e-02 4.118932230241920123e-02 1.069373666730926743e-02 -4.659551346714061598e-02 -4.577089569163307614e-02 5.785317008411946377e-02 2.012859196124259786e-01 4.244925094029691204e-01 2.006884801750793423e-01
2.037212118146132234e-01 5.893748723219442709e-02 -4.755038201922543589e-02 -4.432527229009474573e-02 1.579952403896652674e-02 4.247622737295339568e-02 1.262062952739422331e-02 -4.470672772621954449e-02 -4.728787044945156892e-02 5.436959170559371030e-02 2.006884801750793423e-01 4.205561811002389017e-01
4.139272753892175860e-01 2.047455787328752441e-01 6.229646867756471335e-02 -4.584756885177888874e-02 -4.871559734529899710e-02 1.116867157250336744e-02 4.064606670984691195e-02 1.363197497150623640e-02 -4.505694990685277929e-02 -4.619168297382698907e-02 6.140875319399950738e-02 2.032760877322684068e-01
2.047455787328752441e-01 4.173597417788401098e-01 2.036922365377693556e-01 5.802660928628562004e-02 -4.751603311589776280e-02 -4.562953731108136679e-02 1.297472154496131548e-02 4.287154851442866177e-02 1.247149885646948314e-02 -4.717612875105314796e-02 -4.687195217655258650e-02 5.861163302248009743e-02
6.229646867756471335e-02 2.036922365377693556e-01 4.107060076275274585e-01 2.055415102916922643e-01 6.553029523434897308e-02 -4.558168527092778394e-02 -4.565003847385318975e-02 1.431485655974603158e-02 4.103171473269425634e-02 1.119597982378253351e-02 -4.737197856896839532e-02 -4.552011012686607572e-02
-4.584756885177888874e-02 5.802660928628562004e-02 2.055415102916922643e-01 4.196255671743305271e-01 2.059167105710526524e-01 5.720118025678147533e-02 -4.595249337841675330e-02 -4.609871733536884120e-02 1.360353565517934647e-02 4.192684401683230422e-02 1.181014632691758034e-02 -4.523805233597208431e-02
-4.871559734529899710e-02 -4.751603311589776280e-02 6.553029523434897308e-02 2.059167105710526524e-01 4.052312918137591091e-01 2.021883120271083245e-01 5.938404462003561701e-02 -4.884518146204549355e-02 -4.565514236059896314e-02 1.581351735094068886e-02 4.308123996043304593e-02 1.189771972284061133e-02
1.116867157250336744e-02 -4.562953731108136679e-02 -4.558168527092778394e-02 5.720118025678147533e-02 2.021883120271083245e-01 4.249082967743668116e-01 2.036497786599759108e-01 5.641984843680450390e-02 -4.624170315525230612e-02 -4.495455396929408376e-02 1.498059587604496506e-02 4.123023220129833077e-02
4.064606670984691195e-02 1.297472154496131548e-02 -4.565003847385318975e-02 -4.595249337841675330e-02 5.938404462003561701e-02 2.036497786599759108e-01 4.247935809310190436e-01 2.001821779467979623e-01 5.469821042212603263e-02 -4.617095278783159285e-02 -4.478294455771109767e-02 1.307907511227378999e-02
1.363197497150623640e-02 4.287154851442866177e-02 1.431485655974603158e-02 -4.609871733536884120e-02 -4.884518146204549355e-02 5.641984843680450390e-02 2.001821779467979623e-01 4.167011744106294269e-01 2.029864542142294503e-01 6.060467122167775833e-02 -4.814148528571482455e-02 -4.760781532861382143e-02
-4.505694990685277929e-02 1.247149885646948314e-02 4.103171473269425634e-02 1.360353565517934647e-02 -4.565514236059896314e-02 -4.624170315525230612e-02 5.469821042212603263e-02 2.029864542142294503e-01 4.219220300722501538e-01 2.044037919633138745e-01 5.882208061694141343e-02 -4.615851157738934396e-02
-4.619168297382698907e-02 -4.717612875105314796e-02 1.119597982378253351e-02 4.192684401683230422e-02 1.581351735094068886e-02 -4.495455396929408376e-02 -4.617095278783159285e-02 6.060467122167775833e-02 2.044037919633138745e-01 4.157984548579116701e-01 2.039470306379621012e-01 6.097616467916421035e-02
6.140875319399950738e-02 -4.687195217655258650e-02 -4.737197856896839532e-02 1.181014632691758034e-02 4.308123996043304593e-02 1.498059587604496506e-02 -4.478294455771109767e-02 -4.814148528571482455e-02 5.882208061694141343e-02 2.039470306379621012e-01 4.106604844419172173e-01 2.057701481596526383e-01
2.032760877322684068e-01 5.861163302248009743e-02 -4.552011012686607572e-02 -4.523805233597208431e-02 1.189771972284061133e-02 4.123023220129833077e-02 1.307907511227378999e-02 -4.760781532861382143e-02 -4.615851157738934396e-02 6.097616467916421035e-02 2.057701481596526383e-01 4.183660947282284992e-01
4.161089574463156526e-01 2.040886926506148835e-01 6.158107202953733150e-02 -4.824495162409334070e-02 -4.373854041059879738e-02 1.637382640245001186e-02 4.276299118552139011e-02 1.348773462360018313e-02 -4.458747446229577305e-02 -4.581171714266950301e-02 5.740156142540308454e-02 2.016912821342386475e-01
2.040886926506148835e-01 4.276439733477818139e-01 2.041773651243085630e-01 5.544962953176209297e-02 -4.415415321588714997e-02 -4.285142743684580702e-02 1.361266994780276421e-02 4.197923835224875999e-02 1.525346781069284591e-02 -4.253008776978672856e-02 -4.655070894030152728e-02 5.493130587119750274e-02
6.158107202953733150e-02 2.041773651243085630e-01 4.106447247240177512e-01 2.012464872544404426e-01 5.661397989992335983e-02 -4.696702186813411783e-02 -4.809138442582189255e-02 1.075285907613277893e-02 4.190213075415258337e-02 1.752324024429652988e-02 -4.608743218852914825e-02 -5.033437938255845567e-02
-4.824495162409334070e-02 5.544962953176209297e-02 2.012464872544404426e-01 4.230942499267570933e-01 2.005976049574608733e-01 5.414810575207609777e-02 -4.808459323867962654e-02 -4.825916462366543896e-02 9.071781124009803410e-03 4.129489436343659892e-02 1.656342968227681942e-02 -4.592097169235843934e-02
-4.373854041059879738e-02 -4.415415321588714997e-02 5.661397989992335983e-02 2.005976049574608733e-01 4.297769077588036168e-01 2.008023146073228959e-01 6.054259702601474946e-02 -4.385265513100367052e-02 -4.556170951928806279e-02 7.511985390529109588e-03 3.920786134371890413e-02 1.596973819226204724e-02
1.637382640245001186e-02 -4.285142743684580702e-02 -4.696702186813411783e-02 5.414810575207609777e-02 2.008023146073228959e-01 4.188967057886943679e-01 2.067229504937732054e-01 6.813219221396768499e-02 -4.254249151816746899e-02 -4.759213171715417218e-02 7.952931574846227800e-03 4.158993710817412287e-02
4.276299118552139011e-02 1.361266994780276421e-02 -4.809138442582189255e-02 -4.808459323867962654e-02 6.054259702601474946e-02 2.067229504937732054e-01 3.920982229183851975e-01 2.113775629647769438e-01 6.998150014353410331e-02 -4.511013463379966171e-02 -4.772960423433516425e-02 1.109291100959017458e-02
1.348773462360018313e-02 4.197923835224875999e-02 1.075285907613277893e-02 -4.825916462366543896e-02 -4.385265513100367052e-02 6.813219221396768499e-02 2.113775629647769438e-01 3.970367525675307929e-01 2.084969887520867760e-01 6.268683219181779565e-02 -4.654274422763592101e-02 -4.715835842757295365e-02
-4.458747446229577305e-02 1.525346781069284591e-02 4.190213075415258337e-02 9.071781124009803410e-03 -4.556170951928806279e-02 -4.254249151816746899e-02 6.998150014353410331e-02 2.084969887520867760e-01 4.117274742064665483e-01 2.028260551431325942e-01 5.582367150732443772e-02 -4.666837151801920408e-02
-4.581171714266950301e-02 -4.253008776978672856e-02 1.752324024429652988e-02 4.129489436343659892e-02 7.511985390529109588e-03 -4.759213171715417218e-02 -4.511013463379966171e-02 6.268683219181779565e-02 2.028260551431325942e-01 4.262821896965225399e-01 1.994290395486554568e-01 5.398542574843281927e-02
5.740156142540308454e-02 -4.655070894030152728e-02 -4.608743218852914825e-02 1.656342968227681942e-02 3.920786134371890413e-02 7.952931574846227800e-03 -4.772960423433516425e-02 -4.654274422763592101e-02 5.582367150732443772e-02 1.994290395486554568e-01 4.245936751863439440e-01 2.015624426222798471e-01
2.016912821342386475e-01 5.493130587119750274e-02 -5.033437938255845567e-02 -4.592097169235843934e-02 1.596973819226204724e-02 4.158993710817412287e-02 1.109291100959017458e-02 -4.715835842757295365e-02 -4.666837151801920408e-02 5.398542574843281927e-02 2.015624426222798471e-01 4.220961664324615614e-01
4.250852833868470348e-01 2.026225099591852929e-01 5.456104085080773491e-02 -4.734878563635224608e-02 -4.667418700250398900e-02 1.200525711771401223e-02 4.246948881440910928e-02 1.762702370459789253e-02 -4.253735777857084455e-02 -4.895041966642556946e-02 5.095159438285479930e-02 2.004806185965792853e-01
2.026225099591852929e-01 4.166929009782275872e-01 2.009726519592209271e-01 5.806485028216270411e-02 -4.791964941034870112e-02 -4.681049883214151441e-02 9.708629642004036608e-03 4.249632585121640438e-02 1.846117709446557648e-02 -4.611878117073905242e-02 -4.832028739010729712e-02 5.746449579338774871e-02
5.456104085080773491e-02 2.009726519592209271e-01 4.249516835936628101e-01 2.044062410019660825e-01 6.089880549088248773e-02 -4.440358400567974428e-02 -4.834934703329400729e-02 6.640278008862153525e-03 4.033215218178444472e-02 1.841075402403076489e-02 -4.177062274908947132e-02 -4.615802282545478086e-02
-4.734878563635224608e-02 5.806485028216270411e-02 2.044062410019660825e-01 4.178739281145331663e-01 2.036907951712230158e-01 6.176883009571672301e-02 -4.384029526675206623e-02 -4.764271472987513523e-02 6.018290839432159124e-03 4.156580150331687373e-02 1.778718541584641682e-02 -4.424766639632264631e-02
-4.667418700250398900e-02 -4.791964941034870112e-02 6.089880549088248773e-02 2.036907951712230158e-01 4.021316231365386629e-01 2.084432540678982093e-01 7.114637153140912496e-02 -4.421409757465950829e-02 -4.934508906114467436e-02 8.084605795028568936e-03 4.168359302780508258e-02 1.557990696476853516e-02
1.200525711771401223e-02 -4.681049883214151441e-02 -4.440358400567974428e-02 6.176883009571672301e-02 2.084432540678982093e-01 4.073502144699077121e-01 2.096162466825383097e-01 6.472971028170808327e-02 -4.417336090521331582e-02 -4.740759560437120268e-02 1.026207176130989468e-02 4.122161251608603277e-02
4.246948881440910928e-02 9.708629642004036608e-03 -4.834934703329400729e-02 -4.384029526675206623e-02 7.114637153140912496e-02 2.096162466825383097e-01 3.983510529833077518e-01 2.062092734091000024e-01 6.414490655437735112e-02 -4.653843983420742625e-02 -4.622770371827744640e-02 1.422083883640241041e-02
1.762702370459789253e-02 4.249632585121640438e-02 6.640278008862153525e-03 -4.764271472987513523e-02 -4.421409757465950829e-02 6.472971028170808327e-02 2.062092734091000024e-01 4.098259950165235033e-01 2.062575009341315047e-01 6.030380507688762326e-02 -4.638016894408671098e-02 -4.480050479489561255e-02
-4.253735777857084455e-02 1.846117709446557648e-02 4.033215218178444472e-02 6.018290839432159124e-03 -4.934508906114467436e-02 -4.417336090521331582e-02 6.414490655437735112e-02 2.062575009341315047e-01 4.210972343007032270e-01 2.010225798963711785e-01 5.309724794397468334e-02 -4.660779591114679044e-02
-4.895041966642556946e-02 -4.611878117073905242e-02 1.841075402403076489e-02 4.156580150331687373e-02 8.084605795028568936e-03 -4.740759560437120268e-02 -4.653843983420742625e-02 6.030380507688762326e-02 2.010225798963711785e-01 4.190407944867610701e-01 2.007280855520662821e-01 5.555230845294323316e-02
5.095159438285479930e-02 -4.832028739010729712e-02 -4.177062274908947132e-02 1.778718541584641682e-02 4.168359302780508258e-02 1.026207176130989468e-02 -4.622770371827744640e-02 -4.638016894408671098e-02 5.309724794397468334e-02 2.007280855520662821e-01 4.309934958729878529e-01 1.997137615092907104e-01
2.004806185965792853e-01 5.746449579338774871e-02 -4.615802282545478086e-02 -4.424766639632264631e-02 1.557990696476853516e-02 4.122161251608603277e-02 1.422083883640241041e-02 -4.480050479489561255e-02 -4.660779591114679044e-02 5.555230845294323316e-02 1.997137615092907104e-01 4.266057936599773615e-01
4.236068485816948392e-01 2.018742731717164673e-01 5.348857599209258518e-02 -4.730368911365308293e-02 -4.426418256523408090e-02 1.549985559168412866e-02 4.124813366601084996e-02 9.058825072641624870e-03 -4.830100284371451058e-02 -4.528115298644980191e-02 6.015882933105077407e-02 2.047870295960557696e-01
2.018742731717164673e-01 4.181821150156641576e-01 2.017260344294605212e-01 6.010778058177469740e-02 -4.708100758420717680e-02 -4.564635612056457126e-02 1.557809681214359851e-02 4.028812658651540618e-02 9.811007973277292155e-03 -4.700056637807224769e-02 -4.521975697561968210e-02 6.174974563649017478e-02
5.348857599209258518e-02 2.017260344294605212e-01 4.263849838813090209e-01 2.034415300981424757e-01 5.584013252349730172e-02 -4.717512081531780727e-02 -4.450151137180589217e-02 1.545485135898329483e-02 4.236246475851727228e-02 1.130471398920833773e-02 -4.540575449110401118e-02 -4.674343753066917406e-02
-4.730368911365308293e-02 6.010778058177469740e-02 2.034415300981424757e-01 4.118786205301089853e-01 2.032076584148715392e-01 6.084649405569825253e-02 -4.735524241183898531e-02 -4.476408795529000090e-02 1.590100078707776948e-02 4.210031467648554099e-02 1.277226507130385831e-02 -4.739356891894446616e-02
-4.426418256523408090e-02 -4.708100758420717680e-02 5.584013252349730172e-02 2.032076584148715392e-01 4.218457304286997722e-01 2.042820910278607405e-01 5.588126679449127721e-02 -4.699375913060296894e-02 -4.633231968205071827e-02 1.365170279298919681e-02 4.231553970145807142e-02 1.468392858376837105e-02
1.549985559168412866e-02 -4.564635612056457126e-02 -4.717512081531780727e-02 6.084649405569825253e-02 2.042820910278607405e-01 4.178320930531417288e-01 2.004600413663946701e-01 5.547949715286739497e-02 -4.748469956739937575e-02 -4.545682503800634044e-02 1.207604331637739635e-02 4.197305302410456185e-02
4.124813366601084996e-02 1.557809681214359851e-02 -4.450151137180589217e-02 -4.735524241183898531e-02 5.588126679449127721e-02 2.004600413663946701e-01 4.255615046532891244e-01 2.020917272229912909e-01 5.847693251289968336e-02 -4.579642819371901319e-02 -4.691879896498338254e-02 1.058203110901931483e-02
9.058825072641624870e-03 4.028812658651540618e-02 1.545485135898329483e-02 -4.476408795529000090e-02 -4.699375913060296894e-02 5.547949715286739497e-02 2.020917272229912909e-01 4.219280251023797002e-01 2.033564065233655072e-01 6.032039266903198305e-02 -4.492123834092348611e-02 -4.704662609267480644e-02
-4.830100284371451058e-02 9.811007973277292155e-03 4.236246475851727228e-02 1.590100078707776948e-02 -4.633231968205071827e-02 -4.748469956739937575e-02 5.847693251289968336e-02 2.033564065233655072e-01 4.111502527240578075e-01 2.056699205970983491e-01 6.488195335725790991e-02 -4.635986708982911542e-02
-4.528115298644980191e-02 -4.700056637807224769e-02 1.130471398920833773e-02 4.210031467648554099e-02 1.365170279298919681e-02 -4.545682503800634044e-02 -4.579642819371901319e-02 6.032039266903198305e-02 2.056699205970983491e-01 4.059448374893795952e-01 2.088266248941388625e-01 6.639653087855618141e-02
6.015882933105077407e-02 -4.521975697561968210e-02 -4.540575449110401118e-02 1.277226507130385831e-02 4.231553970145807142e-02 1.207604331637739635e-02 -4.691879896498338254e-02 -4.492123834092348611e-02 6.488195335725790991e-02 2.088266248941388625e-01 4.110807637733605580e-01 2.059272728032509880e-01
2.047870295960557696e-01 6.174974563649017478e-02 -4.674343753066917406e-02 -4.739356891894446616e-02 1.468392858376837105e-02 4.197305302410456185e-02 1.058203110901931483e-02 -4.704662609267480644e-02 -4.635986708982911542e-02 6.639653087855618141e-02 2.059272728032509880e-01 4.046042247669286995e-01
4.241365852760180521e-01 2.022368320830176258e-01 5.849170047472668221e-02 -4.507680364131347317e-02 -4.807410213489751033e-02 9.462622159024231677e-03 4.028131212895829510e-02 1.752548680059709540e-02 -4.372422379948587290e-02 -4.808356735100698109e-02 5.552680734129272766e-02 2.003173487553192023e-01
2.022368320830176258e-01 4.206008482508651336e-01 2.019567906228251220e-01 5.658795930404404706e-02 -4.723189077840765637e-02 -4.860733454696723743e-02 7.626590556677421973e-03 4.180030502751107963e-02 1.821742688280940381e-02 -4.451796582872799557e-02 -4.867023438744019770e-02 5.430745280259677288e-02
5.849170047472668221e-02 2.019567906228251220e-01 4.149088706323152964e-01 2.043221639228957887e-01 6.621165248003751946e-02 -4.531074726242011186e-02 -4.722474851251457634e-02 7.883056407500817209e-03 4.163087788533703648e-02 1.710369111255731489e-02 -4.574512988119690260e-02 -4.648576113760628792e-02
-4.507680364131347317e-02 5.658795930404404706e-02 2.043221639228957887e-01 4.174293209727164000e-01 2.089048421419446855e-01 6.679990726408356616e-02 -4.186000049584572003e-02 -4.740669605951360055e-02 7.924495873958718045e-03 4.078742414303795916e-02 1.526887572018377666e-02 -4.278909715439872113e-02
-4.807410213489751033e-02 -4.723189077840765637e-02 6.621165248003751946e-02 2.089048421419446855e-01 3.958172050012271348e-01 2.079174942638434831e-01 6.526512664381686757e-02 -4.562486106352125342e-02 -4.783425320191975888e-02 1.082414518359160055e-02 4.316494051222925787e-02 1.370771320085134581e-02
9.462622159024231677e-03 -4.860733454696723743e-02 -4.531074726242011186e-02 6.679990726408356616e-02 2.079174942638434831e-01 3.968529372906095531e-01 2.076194933545354171e-01 6.493143082454433390e-02 -4.707960090762337846e-02 -4.775596779690278321e-02 1.471547864619164071e-02 4.220378748015648357e-02
4.028131212895829510e-02 7.626590556677421973e-03 -4.722474851251457634e-02 -4.186000049584572003e-02 6.526512664381686757e-02 2.076194933545354171e-01 4.226016087803585730e-01 2.029261017294751723e-01 5.397177747685277804e-02 -4.578833647018547975e-02 -4.327464777408872310e-02 1.516427080887908230e-02
1.752548680059709540e-02 4.180030502751107963e-02 7.883056407500817209e-03 -4.740669605951360055e-02 -4.562486106352125342e-02 6.493143082454433390e-02 2.029261017294751723e-01 4.156646834979617622e-01 2.011366216198695045e-01 5.905984164474024911e-02 -4.726764731183313167e-02 -4.515208076453330888e-02
-4.372422379948587290e-02 1.821742688280940381e-02 4.163087788533703648e-02 7.924495873958718045e-03 -4.783425320191975888e-02 -4.707960090762337846e-02 5.397177747685277804e-02 2.011366216198695045e-01 4.242591086494460484e-01 2.032457490536004885e-01 5.537794484932380412e-02 -4.743608617828209972e-02
-4.808356735100698109e-02 -4.451796582872799557e-02 1.710369111255731489e-02 4.078742414303795916e-02 1.082414518359160055e-02 -4.775596779690278321e-02 -4.578833647018547975e-02 5.905984164474024911e-02 2.032457490536004885e-01 4.200591046945063023e-01 2.010646670365338062e-01 5.606882252437222353e-02
5.552680734129272766e-02 -4.867023438744019770e-02 -4.574512988119690260e-02 1.526887572018377666e-02 4.316494051222925787e-02 1.471547864619164071e-02 -4.327464777408872310e-02 -4.726764731183313167e-02 5.537794484932380412e-02 2.010646670365338062e-01 4.218742418096110836e-01 2.026814888348652255e-01
2.003173487553192023e-01 5.430745280259677288e-02 -4.648576113760628792e-02 -4.278909715439872113e-02 1.370771320085134581e-02 4.220378748015648357e-02 1.516427080887908230e-02 -4.515208076453330888e-02 -4.743608617828209972e-02 5.606882252437222353e-02 2.026814888348652255e-01 4.257954851443623845e-01
4.227859520976572916e-01 2.043438064002668364e-01 6.327638437610408340e-02 -4.353962355756172548e-02 -4.578983266150986331e-02 1.150542997362318139e-02 4.002661952999069656e-02 1.406909740109767853e-02 -4.562211593917664398e-02 -4.672261458234750614e-02 5.570537283530320460e-02 2.012601873414533726e-01
2.043438064002668364e-01 4.103116310776087072e-01 2.064401754724715932e-01 6.053918396109216060e-02 -4.715689668193089046e-02 -4.979240571271065230e-02 1.010428342583958444e-02 4.205070372257912331e-02 1.627139735010441762e-02 -4.482408641480821465e-02 -4.823446139909699781e-02 5.699251091658311119e-02
6.327638437610408340e-02 2.064401754724715932e-01 4.046217987055993337e-01 2.040214777586936146e-01 6.133995176065128868e-02 -4.906486072075269544e-02 -4.638429046345877993e-02 1.252369342516886780e-02 4.400914551500112459e-02 1.471961446073337051e-02 -4.795394830520287310e-02 -4.703374100305753036e-02
-4.353962355756172548e-02 6.053918396109216060e-02 2.040214777586936146e-01 4.226447050694867036e-01 2.056793477642208379e-01 6.172533861587987947e-02 -4.318158373897862390e-02 -4.483531520225229883e-02 1.198179708433737105e-02 4.032926695135478912e-02 1.231479570314546537e-02 -4.387550239474800884e-02
-4.578983266150986331e-02 -4.715689668193089046e-02 6.133995176065128868e-02 2.056793477642208379e-01 4.179868956302842942e-01 2.030272182731107655e-01 5.730596266808758721e-02 -4.508470207042691857e-02 -4.679598666082282477e-02 1.161988919367807141e-02 4.152465955245898677e-02 1.305409583875479645e-02
1.150542997362318139e-02 -4.979240571271065230e-02 -4.906486072075269544e-02 6.172533861587987947e-02 2.030272182731107655e-01 4.021394459445085667e-01 2.042837164235499769e-01 6.343257529565198005e-02 -4.956522746267462420e-02 -4.858344242430337467e-02 1.479150399920881390e-02 4.269940936451324665e-02
4.002661952999069656e-02 1.010428342583958444e-02 -4.638429046345877993e-02 -4.318158373897862390e-02 5.730596266808758721e-02 2.042837164235499769e-01 4.256002106130298834e-01 2.047909591616176028e-01 5.734259200627966901e-02 -4.615805212059549689e-02 -4.412328366415361330e-02 1.392386546632498265e-02
1.406909740109767853e-02 4.205070372257912331e-02 1.252369342516886780e-02 -4.483531520225229883e-02 -4.508470207042691857e-02 6.343257529565198005e-02 2.047909591616176028e-01 4.165590675091385142e-01 2.029113488818114486e-01 6.016632658177109572e-02 -4.595546034049086126e-02 -4.498963102313691814e-02
-4.562211593917664398e-02 1.627139735010441762e-02 4.400914551500112459e-02 1.198179708433737105e-02 -4.679598666082282477e-02 -4.956522746267462420e-02 5.734259200627966901e-02 2.029113488818114486e-01 4.117924141512672165e-01 2.054258097205217126e-01 6.000859830146022117e-02 -4.722142813412757989e-02
-4.672261458234750614e-02 -4.482408641480821465e-02 1.471961446073337051e-02 4.032926695135478912e-02 1.161988919367807141e-02 -4.858344242430337467e-02 -4.615805212059549689e-02 6.016632658177109572e-02 2.054258097205217126e-01 4.189004074732917138e-01 2.022103052183409078e-01 5.522443980381257223e-02
5.570537283530320460e-02 -4.823446139909699781e-02 -4.795394830520287310e-02 1.231479570314546537e-02 4.152465955245898677e-02 1.479150399920881390e-02 -4.412328366415361330e-02 -4.595546034049086126e-02 6.000859830146022117e-02 2.022103052183409078e-01 4.213229000399195123e-01 2.010930256870138155e-01
