2.101797303123066896e-01 1.670972916102430039e-01 1.417246360030967600e-01 9.059777670217916690e-02 4.988627992394550903e-02 -2.612889149476270954e-03 -5.479191963675398430e-02 -1.053246350787835350e-01 -1.520477516067656465e-01 -1.915390090802135681e-01
1.670972916102430039e-01 1.660982661596104859e-01 1.672476639716352076e-01 1.236696851277151454e-01 9.391280570617975554e-02 4.919513050086743444e-02 -2.782196216771466463e-03 -5.382567964618980433e-02 -9.957118835924223810e-02 -1.368487869369402199e-01
1.417246360030967600e-01 1.672476639716352076e-01 2.093761954630041777e-01 1.748764180642266575e-01 1.518366561745154719e-01 1.073490736193941364e-01 5.170512075020827769e-02 -4.293153958434398759e-03 -5.826240698612034086e-02 -1.025053358364953066e-01
9.059777670217916690e-02 1.236696851277151454e-01 1.748764180642266575e-01 1.813866136607820145e-01 1.844343802928122833e-01 1.449448031342929766e-01 9.326866597868552211e-02 4.622117959564411849e-02 -2.820432593256794705e-03 -4.912377243310531161e-02
4.988627992394550903e-02 9.391280570617975554e-02 1.518366561745154719e-01 1.844343802928122833e-01 2.373306435008709914e-01 2.044844123090952814e-01 1.447457766583492289e-01 9.848180022539801404e-02 5.150806362981370790e-02 3.650946837129770200e-04
-2.612889149476270954e-03 4.919513050086743444e-02 1.073490736193941364e-01 1.449448031342929766e-01 2.044844123090952814e-01 2.193766754859256818e-01 1.741052153363105426e-01 1.353325080119837098e-01 9.601832906488229347e-02 5.124247137644813432e-02
-5.479191963675398430e-02 -2.782196216771466463e-03 5.170512075020827769e-02 9.326866597868552211e-02 1.447457766583492289e-01 1.741052153363105426e-01 1.737048788918297282e-01 1.594408308755276282e-01 1.322901233398935950e-01 9.520232175884824066e-02
-1.053246350787835350e-01 -5.382567964618980433e-02 -4.293153958434398759e-03 4.622117959564411849e-02 9.848180022539801404e-02 1.353325080119837098e-01 1.594408308755276282e-01 1.828332077131631372e-01 1.752085792154836064e-01 1.423804326482168980e-01
-1.520477516067656465e-01 -9.957118835924223810e-02 -5.826240698612034086e-02 -2.820432593256794705e-03 5.150806362981370790e-02 9.601832906488229347e-02 1.322901233398935950e-01 1.752085792154836064e-01 2.061781681872416616e-01 1.880659350385387729e-01
-1.915390090802135681e-01 -1.368487869369402199e-01 -1.025053358364953066e-01 -4.912377243310531161e-02 3.650946837129770200e-04 5.124247137644813432e-02 9.520232175884824066e-02 1.423804326482168980e-01 1.880659350385387729e-01 2.135356206252652378e-01
2.208416679156883222e-01 1.768877667910368490e-01 1.449136499879787321e-01 9.511030518555629865e-02 3.051447345920813015e-02 -2.205017278050522278e-02 -6.348451973470276011e-02 -1.052364160617787203e-01 -1.419462672876375675e-01 -1.967416362254337803e-01
1.768877667910368490e-01 1.812331777940863753e-01 1.807040277516253346e-01 1.420557602540469810e-01 7.745012217715860348e-02 3.924177312758807962e-02 -8.973511033049979407e-03 -5.283180135609066158e-02 -9.066233339101013866e-02 -1.393079974387052555e-01
1.449136499879787321e-01 1.807040277516253346e-01 2.368127080532286266e-01 2.139452268877729268e-01 1.350443963428984429e-01 1.053871636847472648e-01 4.963246560963557180e-02 1.742517736501984250e-03 -4.449853100042034521e-02 -9.707322685546464214e-02
9.511030518555629865e-02 1.420557602540469810e-01 2.139452268877729268e-01 2.477569978783331073e-01 1.739606056499104492e-01 1.555946009646899109e-01 9.947650592659891544e-02 5.737439561976459546e-02 1.135517590016340249e-02 -4.089919324609805201e-02
3.051447345920813015e-02 7.745012217715860348e-02 1.350443963428984429e-01 1.739606056499104492e-01 1.574344024645135398e-01 1.709971606009384748e-01 1.221872431429571887e-01 8.887660148506304481e-02 5.388539843985867828e-02 1.720285744523016372e-02
-2.205017278050522278e-02 3.924177312758807962e-02 1.053871636847472648e-01 1.555946009646899109e-01 1.709971606009384748e-01 2.316223269665184381e-01 1.793634569517102428e-01 1.424081687202345958e-01 1.052117809022806300e-01 7.341451758553034501e-02
-6.348451973470276011e-02 -8.973511033049979407e-03 4.963246560963557180e-02 9.947650592659891544e-02 1.221872431429571887e-01 1.793634569517102428e-01 1.671045803618259051e-01 1.520088029783410177e-01 1.248966482032627112e-01 1.032586934686891555e-01
-1.052364160617787203e-01 -5.283180135609066158e-02 1.742517736501984250e-03 5.737439561976459546e-02 8.887660148506304481e-02 1.424081687202345958e-01 1.520088029783410177e-01 1.683191456777087536e-01 1.553373943455098050e-01 1.415473619772034120e-01
-1.419462672876375675e-01 -9.066233339101013866e-02 -4.449853100042034521e-02 1.135517590016340249e-02 5.388539843985867828e-02 1.052117809022806300e-01 1.248966482032627112e-01 1.553373943455098050e-01 1.702029318039889050e-01 1.747068880080687447e-01
-1.967416362254337803e-01 -1.393079974387052555e-01 -9.707322685546464214e-02 -4.089919324609805201e-02 1.720285744523016372e-02 7.341451758553034501e-02 1.032586934686891555e-01 1.415473619772034120e-01 1.747068880080687447e-01 2.186720610841084433e-01
2.013837492181570210e-01 2.026341197421429874e-01 1.373078003307096617e-01 9.538245817270572802e-02 5.576407503446313696e-02 7.584411499697404219e-03 -4.271153939587746251e-02 -9.205601646380928704e-02 -1.399937293944542305e-01 -1.705882285671401766e-01
2.026341197421429874e-01 2.479835083021196263e-01 1.764628743275892531e-01 1.323219992496201813e-01 9.683528952881351182e-02 5.454758920075739037e-02 -3.473934201893224064e-03 -6.260275154677026610e-02 -1.175585852922569619e-01 -1.554281014445574316e-01
1.373078003307096617e-01 1.764628743275892531e-01 1.517967842323466598e-01 1.342999743682197211e-01 1.174651809923232954e-01 9.090780413305156460e-02 4.186453910931665912e-02 -1.151939415163160708e-02 -6.409191597700149290e-02 -1.010045756236497977e-01
9.538245817270572802e-02 1.323219992496201813e-01 1.342999743682197211e-01 1.496061145078581012e-01 1.566866517112002755e-01 1.434209252020947067e-01 9.409077836667958938e-02 4.152049536550207753e-02 -1.392330331279738147e-02 -5.872076421235090937e-02
5.576407503446313696e-02 9.683528952881351182e-02 1.174651809923232954e-01 1.566866517112002755e-01 2.029831977373411367e-01 2.132188658700858719e-01 1.535803577818192489e-01 9.817808424987653493e-02 4.154285487275351935e-02 -1.225281652574567760e-02
7.584411499697404219e-03 5.454758920075739037e-02 9.090780413305156460e-02 1.434209252020947067e-01 2.132188658700858719e-01 2.861945182513933039e-01 2.174947694631848560e-01 1.537184165134291569e-01 9.785315487845394622e-02 4.063161688585052722e-02
-4.271153939587746251e-02 -3.473934201893224064e-03 4.186453910931665912e-02 9.409077836667958938e-02 1.535803577818192489e-01 2.174947694631848560e-01 2.133203582891440575e-01 1.739441523194348860e-01 1.309399150154704483e-01 8.190549993832256515e-02
-9.205601646380928704e-02 -6.260275154677026610e-02 -1.151939415163160708e-02 4.152049536550207753e-02 9.817808424987653493e-02 1.537184165134291569e-01 1.739441523194348860e-01 1.817626874320546482e-01 1.644008026943573897e-01 1.241810564895642899e-01
-1.399937293944542305e-01 -1.175585852922569619e-01 -6.409191597700149290e-02 -1.392330331279738147e-02 4.154285487275351935e-02 9.785315487845394622e-02 1.309399150154704483e-01 1.644008026943573897e-01 1.878748609375469891e-01 1.651254420532440592e-01
-1.705882285671401766e-01 -1.554281014445574316e-01 -1.010045756236497977e-01 -5.872076421235090937e-02 -1.225281652574567760e-02 4.063161688585052722e-02 8.190549993832256515e-02 1.241810564895642899e-01 1.651254420532440592e-01 1.770942210920399551e-01
2.677844324098984652e-01 2.187286258026987507e-01 1.610794750224383842e-01 1.002326467156482853e-01 5.405586154433257573e-02 7.954666779331572360e-03 -3.922451094052168546e-02 -8.374620856867093233e-02 -1.362775860388585059e-01 -2.026802090042350568e-01
2.187286258026987507e-01 2.299723814799805865e-01 1.876050908654342542e-01 1.291998360197542106e-01 9.081046407702492163e-02 5.309120515091598352e-02 1.557585055952247569e-02 -3.450638877496807477e-02 -9.081329952925688842e-02 -1.536229061854217370e-01
1.610794750224383842e-01 1.876050908654342542e-01 1.882458164783820109e-01 1.474816546094763203e-01 1.208194479142080391e-01 9.137058254268183577e-02 6.509294630559941952e-02 1.570341710609702776e-02 -4.231002518538666546e-02 -1.040075631133417222e-01
1.002326467156482853e-01 1.291998360197542106e-01 1.474816546094763203e-01 1.415525348765771796e-01 1.373763528639442844e-01 1.205935962405642603e-01 1.050459776276823909e-01 6.192719595741524863e-02 1.025966491626087093e-02 -4.717411217752642133e-02
5.405586154433257573e-02 9.081046407702492163e-02 1.208194479142080391e-01 1.373763528639442844e-01 1.616033824794598783e-01 1.610356482479243789e-01 1.538629169111344619e-01 1.087298388737787253e-01 5.901004238365716026e-02 2.396404394418722057e-03
7.954666779331572360e-03 5.309120515091598352e-02 9.137058254268183577e-02 1.205935962405642603e-01 1.610356482479243789e-01 1.917451571643201680e-01 2.032455320284008715e-01 1.496936688740543864e-01 9.916151782912739632e-02 4.714040679564761305e-02
-3.922451094052168546e-02 1.557585055952247569e-02 6.509294630559941952e-02 1.050459776276823909e-01 1.538629169111344619e-01 2.032455320284008715e-01 2.650273657070441047e-01 2.032185786096657454e-01 1.438504172459063313e-01 9.226573031007548331e-02
-8.374620856867093233e-02 -3.450638877496807477e-02 1.570341710609702776e-02 6.192719595741524863e-02 1.087298388737787253e-01 1.496936688740543864e-01 2.032185786096657454e-01 1.933851692745361672e-01 1.580006123954880992e-01 1.223680542488168044e-01
-1.362775860388585059e-01 -9.081329952925688842e-02 -4.231002518538666546e-02 1.025966491626087093e-02 5.901004238365716026e-02 9.916151782912739632e-02 1.438504172459063313e-01 1.580006123954880992e-01 1.646535196831964698e-01 1.575952538708594308e-01
-2.026802090042350568e-01 -1.536229061854217370e-01 -1.040075631133417222e-01 -4.717411217752642133e-02 2.396404394418722057e-03 4.714040679564761305e-02 9.226573031007548331e-02 1.223680542488168044e-01 1.575952538708594308e-01 1.960302404466053028e-01
1.926342272585616078e-01 1.985439754465742612e-01 1.394681081451648597e-01 9.464650619164495515e-02 4.251403907722826891e-02 -9.001677125457536316e-03 -5.633082229930321677e-02 -8.737934623976878479e-02 -1.158767261454335812e-01 -1.845731677197329501e-01
1.985439754465742612e-01 2.584881966865326675e-01 1.921582286686374652e-01 1.437219351747810459e-01 9.172428102795912586e-02 3.760844041028699875e-02 -1.283076909532975332e-02 -5.778218883905668346e-02 -9.637701088662531390e-02 -1.664048923001048008e-01
1.394681081451648597e-01 1.921582286686374652e-01 1.766069110758366478e-01 1.583073476854267025e-01 1.233977516796497809e-01 7.940927426735458483e-02 4.238432343758389426e-02 -5.716270946544322815e-03 -5.069208013347158842e-02 -1.099196892849845786e-01
9.464650619164495515e-02 1.437219351747810459e-01 1.583073476854267025e-01 1.861921971788059738e-01 1.748921454456780489e-01 1.353943378296083855e-01 1.061647249758712885e-01 5.228171886568255822e-02 -3.181050967079861007e-03 -5.877696841974687503e-02
4.251403907722826891e-02 9.172428102795912586e-02 1.233977516796497809e-01 1.748921454456780489e-01 2.048440736136868112e-01 1.819264496121781871e-01 1.612499657718525492e-01 1.044159617447021210e-01 4.608176932149861404e-02 2.059729584647156803e-03
-9.001677125457536316e-03 3.760844041028699875e-02 7.940927426735458483e-02 1.353943378296083855e-01 1.819264496121781871e-01 2.042646296839575049e-01 2.082463910837863141e-01 1.441984645930521058e-01 8.416942810180393086e-02 5.519092342798128520e-02
-5.633082229930321677e-02 -1.283076909532975332e-02 4.238432343758389426e-02 1.061647249758712885e-01 1.612499657718525492e-01 2.082463910837863141e-01 2.703662949241967262e-01 1.957850147146708020e-01 1.240267379960198341e-01 1.037578138809218398e-01
-8.737934623976878479e-02 -5.778218883905668346e-02 -5.716270946544322815e-03 5.228171886568255822e-02 1.044159617447021210e-01 1.441984645930521058e-01 1.957850147146708020e-01 1.713985163309160176e-01 1.265066767803982029e-01 1.263059073669391963e-01
-1.158767261454335812e-01 -9.637701088662531390e-02 -5.069208013347158842e-02 -3.181050967079861007e-03 4.608176932149861404e-02 8.416942810180393086e-02 1.240267379960198341e-01 1.265066767803982029e-01 1.201379769601844671e-01 1.468386455987966688e-01
-1.845731677197329501e-01 -1.664048923001048008e-01 -1.099196892849845786e-01 -5.877696841974687503e-02 2.059729584647156803e-03 5.519092342798128520e-02 1.037578138809218398e-01 1.263059073669391963e-01 1.468386455987966688e-01 2.150669762873230750e-01
1.687823911461378279e-01 1.661913700074737765e-01 1.465179331466827106e-01 9.884560614477524987e-02 5.864192055763321754e-02 5.101105694735246637e-03 -4.770267368091753862e-02 -9.810465090601673543e-02 -1.395947038827778652e-01 -1.362068917664099044e-01
1.661913700074737765e-01 1.957914566546913870e-01 1.928970956242803680e-01 1.396738229643232909e-01 1.026272620742501307e-01 5.498085362667895493e-02 -4.878174865402979191e-03 -5.910459015093746937e-02 -1.052550645134283369e-01 -1.182176515590172283e-01
1.465179331466827106e-01 1.928970956242803680e-01 2.339718053015634180e-01 1.833513169558058375e-01 1.479750920459125818e-01 1.050466343369235861e-01 4.178599215525004296e-02 -1.427790074623718104e-02 -6.760191275155966184e-02 -9.387278896429859798e-02
9.884560614477524987e-02 1.396738229643232909e-01 1.833513169558058375e-01 1.769076779994314674e-01 1.663686098595855978e-01 1.370462562216698821e-01 7.970849678114161341e-02 3.494767046613931477e-02 -1.319439299467811515e-02 -5.102264935247303318e-02
5.864192055763321754e-02 1.026272620742501307e-01 1.479750920459125818e-01 1.663686098595855978e-01 1.991788817539741629e-01 1.922521127153154485e-01 1.308378685535656893e-01 9.097447598639926691e-02 4.671078985425681368e-02 -7.490562613982422284e-03
5.101105694735246637e-03 5.498085362667895493e-02 1.050466343369235861e-01 1.370462562216698821e-01 1.922521127153154485e-01 2.355116212769889916e-01 1.817819173286355228e-01 1.483738387995967578e-01 1.100318646896566027e-01 4.460269214092673490e-02
-4.770267368091753862e-02 -4.878174865402979191e-03 4.178599215525004296e-02 7.970849678114161341e-02 1.308378685535656893e-01 1.817819173286355228e-01 1.791087803878052831e-01 1.753438597805088706e-01 1.491145896713973740e-01 8.380752493248985746e-02
-9.810465090601673543e-02 -5.910459015093746937e-02 -1.427790074623718104e-02 3.494767046613931477e-02 9.097447598639926691e-02 1.483738387995967578e-01 1.753438597805088706e-01 2.210274447591216718e-01 2.121214445236714319e-01 1.302617914483817640e-01
-1.395947038827778652e-01 -1.052550645134283369e-01 -6.760191275155966184e-02 -1.319439299467811515e-02 4.671078985425681368e-02 1.100318646896566027e-01 1.491145896713973740e-01 2.121214445236714319e-01 2.538812042428497673e-01 1.670710947426995718e-01
-1.362068917664099044e-01 -1.182176515590172283e-01 -9.387278896429859798e-02 -5.102264935247303318e-02 -7.490562613982422284e-03 4.460269214092673490e-02 8.380752493248985746e-02 1.302617914483817640e-01 1.670710947426995718e-01 1.358387364774362172e-01
2.211368459304544065e-01 1.767191700997567949e-01 1.505232145756918993e-01 8.690201092266794380e-02 3.253073480398076256e-02 -2.187964762663393431e-02 -6.462376545822109963e-02 -1.039832062385938893e-01 -1.400354338599694159e-01 -1.983111237790710912e-01
1.767191700997567949e-01 1.798808693224146493e-01 1.839569444469235093e-01 1.258697568015956780e-01 8.169140693029630640e-02 3.418207648859042380e-02 -1.436815532137299470e-02 -5.719127854177236125e-02 -9.424802600315859702e-02 -1.435832300413779350e-01
1.505232145756918993e-01 1.839569444469235093e-01 2.414085552247190458e-01 1.884898358678399055e-01 1.478472521731584721e-01 1.014364482735735651e-01 4.379251066714923840e-02 -7.448756838009823814e-03 -5.537883051053277272e-02 -1.084579714103320047e-01
8.690201092266794380e-02 1.258697568015956780e-01 1.884898358678399055e-01 1.911713896336396101e-01 1.827181539719577585e-01 1.468851033012797402e-01 9.273787753628501274e-02 4.928683468380895549e-02 4.057409942039732348e-03 -4.321997086582670539e-02
3.253073480398076256e-02 8.169140693029630640e-02 1.478472521731584721e-01 1.827181539719577585e-01 2.280180463123011869e-01 2.070166081660807234e-01 1.447160384362596308e-01 1.019736540544245451e-01 5.838192629672220996e-02 1.673303811312902914e-02
-2.187964762663393431e-02 3.418207648859042380e-02 1.014364482735735651e-01 1.468851033012797402e-01 2.070166081660807234e-01 2.358779891220970926e-01 1.805786107466043622e-01 1.397655092090605844e-01 9.913915091029587567e-02 6.782276880998819313e-02
-6.462376545822109963e-02 -1.436815532137299470e-02 4.379251066714923840e-02 9.273787753628501274e-02 1.447160384362596308e-01 1.805786107466043622e-01 1.708378744808531080e-01 1.512348489237602678e-01 1.204850471954371782e-01 1.002122873843329653e-01
-1.039832062385938893e-01 -5.719127854177236125e-02 -7.448756838009823814e-03 4.928683468380895549e-02 1.019736540544245451e-01 1.397655092090605844e-01 1.512348489237602678e-01 1.603465254335501577e-01 1.443357349702563686e-01 1.348391620373524669e-01
-1.400354338599694159e-01 -9.424802600315859702e-02 -5.537883051053277272e-02 4.057409942039732348e-03 5.838192629672220996e-02 9.913915091029587567e-02 1.204850471954371782e-01 1.443357349702563686e-01 1.553914868051500808e-01 1.663131210343709032e-01
-1.983111237790710912e-01 -1.435832300413779350e-01 -1.084579714103320047e-01 -4.321997086582670539e-02 1.673303811312902914e-02 6.782276880998819313e-02 1.002122873843329653e-01 1.348391620373524669e-01 1.663131210343709032e-01 2.159304177348210785e-01
1.439063584228360004e-01 1.648691608838990241e-01 1.307337552429203575e-01 9.017798590620286492e-02 3.325157422020760117e-02 -2.018890497900230688e-02 -5.586341792531242245e-02 -9.929891411078103913e-02 -1.231316229694770364e-01 -1.406394513041711869e-01
1.648691608838990241e-01 2.321293853044266164e-01 2.048375039503155248e-01 1.600349757203046730e-01 9.474498687037757882e-02 3.753390500764039461e-02 -1.856198634235976114e-02 -6.977206934341723121e-02 -1.034340151440205219e-01 -1.354942622530375396e-01
1.307337552429203575e-01 2.048375039503155248e-01 2.320384963211848395e-01 2.080706773381491015e-01 1.424665070855278270e-01 9.363966695529921114e-02 3.180552433361069631e-02 -1.462583973173345320e-02 -5.529579754071364817e-02 -9.364907772466647684e-02
9.017798590620286492e-02 1.600349757203046730e-01 2.080706773381491015e-01 2.428944618753163531e-01 1.889418000610528225e-01 1.478182450689021210e-01 8.192382194073480339e-02 4.531949734784536388e-02 4.609422095959790741e-04 -4.543865906221975642e-02
3.325157422020760117e-02 9.474498687037757882e-02 1.424665070855278270e-01 1.889418000610528225e-01 1.932715964770529149e-01 1.839197467984373113e-01 1.204158714140747266e-01 9.637575875734119557e-02 5.801087369092688267e-02 1.525383735468320741e-02
-2.018890497900230688e-02 3.753390500764039461e-02 9.363966695529921114e-02 1.478182450689021210e-01 1.839197467984373113e-01 2.235448978372526208e-01 1.645650932299363434e-01 1.501610058608576215e-01 1.130941806915186643e-01 7.233315091996761481e-02
-5.586341792531242245e-02 -1.856198634235976114e-02 3.180552433361069631e-02 8.192382194073480339e-02 1.204158714140747266e-01 1.645650932299363434e-01 1.495538600706668719e-01 1.612011892140681746e-01 1.323666113386209875e-01 9.782466963914648872e-02
-9.929891411078103913e-02 -6.977206934341723121e-02 -1.462583973173345320e-02 4.531949734784536388e-02 9.637575875734119557e-02 1.501610058608576215e-01 1.612011892140681746e-01 2.138286623993989055e-01 1.894001504583679163e-01 1.470716882915468482e-01
-1.231316229694770364e-01 -1.034340151440205219e-01 -5.529579754071364817e-02 4.609422095959790741e-04 5.801087369092688267e-02 1.130941806915186643e-01 1.323666113386209875e-01 1.894001504583679163e-01 1.990778162605044144e-01 1.683655469117241732e-01
-1.406394513041711869e-01 -1.354942622530375396e-01 -9.364907772466647684e-02 -4.543865906221975642e-02 1.525383735468320741e-02 7.233315091996761481e-02 9.782466963914648872e-02 1.470716882915468482e-01 1.683655469117241732e-01 1.697544650313616010e-01
1.879714765086222816e-01 1.421998924570181955e-01 1.116217741866144253e-01 1.087104031406899568e-01 7.758505386977478102e-02 3.162720915036873470e-02 -3.817076400197273733e-02 -1.065980025553986410e-01 -1.532662141443872361e-01 -1.795968400505500162e-01
1.421998924570181955e-01 1.224996724483515820e-01 1.082124151076774149e-01 1.176863651703974889e-01 9.501002276885818498e-02 6.157771408810606972e-02 4.793820717381059790e-03 -5.785956808377348826e-02 -1.016744467218414216e-01 -1.264986462626666586e-01
1.116217741866144253e-01 1.082124151076774149e-01 1.138804040926624794e-01 1.416097403238323893e-01 1.243858177832151135e-01 9.556262661264466884e-02 4.583706155498142726e-02 -1.602330001806899148e-02 -6.466314429767448801e-02 -9.208566942733974192e-02
1.087104031406899568e-01 1.176863651703974889e-01 1.416097403238323893e-01 2.034152812422300727e-01 1.922035940227655448e-01 1.585113525733447548e-01 1.017981184700464115e-01 2.771342626680924764e-02 -3.882071608807630830e-02 -7.982324607140753314e-02
7.758505386977478102e-02 9.501002276885818498e-02 1.243858177832151135e-01 1.922035940227655448e-01 2.191196320416000376e-01 2.033864488922580427e-01 1.482373811385833129e-01 7.789987028125563984e-02 9.614738850917254470e-03 -4.135173595308405670e-02
3.162720915036873470e-02 6.157771408810606972e-02 9.556262661264466884e-02 1.585113525733447548e-01 2.033864488922580427e-01 2.469873331160083452e-01 2.072939203595866586e-01 1.396410324025038618e-01 7.280226567839394314e-02 1.400209465980123587e-02
-3.817076400197273733e-02 4.793820717381059790e-03 4.583706155498142726e-02 1.017981184700464115e-01 1.482373811385833129e-01 2.072939203595866586e-01 2.348617616824965615e-01 1.976059828596748447e-01 1.404442458290880158e-01 8.356515260051755600e-02
-1.065980025553986410e-01 -5.785956808377348826e-02 -1.602330001806899148e-02 2.771342626680924764e-02 7.789987028125563984e-02 1.396410324025038618e-01 1.976059828596748447e-01 2.342669339174590359e-01 2.039016388832758375e-01 1.484876878021537394e-01
-1.532662141443872361e-01 -1.016744467218414216e-01 -6.466314429767448801e-02 -3.882071608807630830e-02 9.614738850917254470e-03 7.280226567839394314e-02 1.404442458290880158e-01 2.039016388832758375e-01 2.337798636336113622e-01 1.933485269907355697e-01
-1.795968400505500162e-01 -1.264986462626666586e-01 -9.208566942733974192e-02 -7.982324607140753314e-02 -4.135173595308405670e-02 1.400209465980123587e-02 8.356515260051755600e-02 1.484876878021537394e-01 1.933485269907355697e-01 2.032176413169591300e-01
2.175722103191144452e-01 1.917743003397960888e-01 1.489241914639720665e-01 1.082587100069879738e-01 6.413386479434209086e-02 1.130292781094214410e-02 -4.204674600117975364e-02 -8.959897238532296693e-02 -1.406916444037645264e-01 -1.766070026778563395e-01
1.917743003397960888e-01 2.125833843845086890e-01 1.860532307511231220e-01 1.482544405354795369e-01 1.072199595609873296e-01 5.669029081081036064e-02 1.814343278905130447e-02 -3.233777181058544725e-02 -8.679746598856062645e-02 -1.336433387054399013e-01
1.489241914639720665e-01 1.860532307511231220e-01 2.028574974721446544e-01 1.801870385824579368e-01 1.405524252360799697e-01 9.016769127401622064e-02 6.516695224107209305e-02 1.807818059690590590e-02 -3.683089687355082381e-02 -9.032940717028786759e-02
1.082587100069879738e-01 1.482544405354795369e-01 1.801870385824579368e-01 1.943614513749377659e-01 1.668563689087784740e-01 1.175409795980097705e-01 1.030579209163500487e-01 6.193752110010239398e-02 1.189254998342835837e-02 -4.789967743432796410e-02
6.413386479434209086e-02 1.072199595609873296e-01 1.405524252360799697e-01 1.668563689087784740e-01 1.686927053372418717e-01 1.342687508237499772e-01 1.348244590556944011e-01 9.928297980502251430e-02 5.732266901346241839e-02 -2.749091639835464507e-03
1.130292781094214410e-02 5.669029081081036064e-02 9.016769127401622064e-02 1.175409795980097705e-01 1.342687508237499772e-01 1.317297759339437491e-01 1.572134676101862027e-01 1.289859283466354145e-01 9.471098562582067060e-02 4.252791055042833002e-02
-4.204674600117975364e-02 1.814343278905130447e-02 6.516695224107209305e-02 1.030579209163500487e-01 1.348244590556944011e-01 1.572134676101862027e-01 2.270495370804187785e-01 2.021669307963968321e-01 1.615727472648938179e-01 1.008446777821844498e-01
-8.959897238532296693e-02 -3.233777181058544725e-02 1.807818059690590590e-02 6.193752110010239398e-02 9.928297980502251430e-02 1.289859283466354145e-01 2.021669307963968321e-01 2.233114368614980139e-01 2.012078639809056491e-01 1.408889922922491045e-01
-1.406916444037645264e-01 -8.679746598856062645e-02 -3.683089687355082381e-02 1.189254998342835837e-02 5.732266901346241839e-02 9.471098562582067060e-02 1.615727472648938179e-01 2.012078639809056491e-01 2.329743966815025213e-01 1.847074378278195372e-01
-1.766070026778563395e-01 -1.336433387054399013e-01 -9.032940717028786759e-02 -4.789967743432796410e-02 -2.749091639835464507e-03 4.252791055042833002e-02 1.008446777821844498e-01 1.408889922922491045e-01 1.847074378278195372e-01 1.888676045546883453e-01
1.999557967231732625e-01 1.812533798066455759e-01 1.455208472113194151e-01 1.059342542192692471e-01 4.748064435659964111e-02 -9.657019276732655214e-03 -5.902487380555845181e-02 -9.927735350138156001e-02 -1.395093689408389293e-01 -1.648044234977888156e-01
1.812533798066455759e-01 1.960244337395464220e-01 1.753995421734464433e-01 1.417026875013875087e-01 8.590039654705780570e-02 3.875322622591235999e-02 -1.736092724365616291e-02 -6.463987042390989535e-02 -1.074221882231093939e-01 -1.373069609779832834e-01
1.455208472113194151e-01 1.753995421734464433e-01 1.959678784959362763e-01 1.824518618883590182e-01 1.290652950989859549e-01 9.236339659696732318e-02 3.367288475388913183e-02 -2.024390913843126735e-02 -6.844885243705764455e-02 -1.029359460956694589e-01
1.059342542192692471e-01 1.417026875013875087e-01 1.824518618883590182e-01 2.123391170413161111e-01 1.745014649047668120e-01 1.516979560674990291e-01 9.151310803789514114e-02 3.512234770092374780e-02 -1.714237594251630595e-02 -6.138512000938794316e-02
4.748064435659964111e-02 8.590039654705780570e-02 1.290652950989859549e-01 1.745014649047668120e-01 1.876135100970131031e-01 2.009996644917947939e-01 1.401370700573624783e-01 8.751400355191148173e-02 4.280703630612366778e-02 -3.848073024113134698e-03
-9.657019276732655214e-03 3.875322622591235999e-02 9.236339659696732318e-02 1.516979560674990291e-01 2.009996644917947939e-01 2.835477202470740865e-01 2.125628583970103347e-01 1.495872797968542389e-01 1.056500312284128773e-01 5.477454470006337672e-02
-5.902487380555845181e-02 -1.736092724365616291e-02 3.367288475388913183e-02 9.151310803789514114e-02 1.401370700573624783e-01 2.125628583970103347e-01 2.048901312725892043e-01 1.674561162851108398e-01 1.358649302487459909e-01 9.197467240686793555e-02
-9.927735350138156001e-02 -6.463987042390989535e-02 -2.024390913843126735e-02 3.512234770092374780e-02 8.751400355191148173e-02 1.495872797968542389e-01 1.674561162851108398e-01 1.730858971309660044e-01 1.625298085439203788e-01 1.244456864326860118e-01
-1.395093689408389293e-01 -1.074221882231093939e-01 -6.844885243705764455e-02 -1.714237594251630595e-02 4.280703630612366778e-02 1.056500312284128773e-01 1.358649302487459909e-01 1.625298085439203788e-01 1.833133151351539758e-01 1.574152200547447589e-01
-1.648044234977888156e-01 -1.373069609779832834e-01 -1.029359460956694589e-01 -6.138512000938794316e-02 -3.848073024113134698e-03 5.477454470006337672e-02 9.197467240686793555e-02 1.244456864326860118e-01 1.574152200547447589e-01 1.632622001172319426e-01
2.626921209381392064e-01 2.183822140570093606e-01 1.567273533751200321e-01 1.017018023708261137e-01 5.063007843013373616e-02 -8.181646291814977448e-03 -5.715919976980438078e-02 -1.104083438797167360e-01 -1.361886560578793870e-01 -1.620806392790601624e-01
2.183822140570093606e-01 2.310024354191515528e-01 1.865079276336497616e-01 1.373322394909648747e-01 9.802312892844447512e-02 3.967416257310442396e-02 -1.000403551896256876e-02 -6.176455060458704849e-02 -9.618920813193077013e-02 -1.272079789956518936e-01
1.567273533751200321e-01 1.865079276336497616e-01 1.904086330685477724e-01 1.634524401260652737e-01 1.399013705231407778e-01 8.367639345879038237e-02 3.860731153237716151e-02 -5.214698259335199398e-03 -4.826473191465037449e-02 -8.449772858500922967e-02
1.017018023708261137e-01 1.373322394909648747e-01 1.634524401260652737e-01 1.796126731624121398e-01 1.872772253818410504e-01 1.294015027388674410e-01 8.673171938756318866e-02 5.468824879225415297e-02 5.893726909534304816e-03 -3.972022536025173606e-02
5.063007843013373616e-02 9.802312892844447512e-02 1.399013705231407778e-01 1.872772253818410504e-01 2.521596311260795309e-01 1.913008512262200922e-01 1.436152142000624854e-01 1.187777768173501058e-01 6.385774938828066294e-02 6.881693054463177382e-03
-8.181646291814977448e-03 3.967416257310442396e-02 8.367639345879038237e-02 1.294015027388674410e-01 1.913008512262200922e-01 1.782491139468301289e-01 1.547039337829893002e-01 1.448209332459164944e-01 9.504870996646419545e-02 4.419924805117585176e-02
-5.715919976980438078e-02 -1.000403551896256876e-02 3.860731153237716151e-02 8.673171938756318866e-02 1.436152142000624854e-01 1.547039337829893002e-01 1.699490478419338757e-01 1.853490159618231825e-01 1.311823352271209442e-01 7.759423805066134605e-02
-1.104083438797167360e-01 -6.176455060458704849e-02 -5.214698259335199398e-03 5.468824879225415297e-02 1.187777768173501058e-01 1.448209332459164944e-01 1.853490159618231825e-01 2.474100037479715630e-01 1.860190644851641983e-01 1.201775269485532011e-01
-1.361886560578793870e-01 -9.618920813193077013e-02 -4.826473191465037449e-02 5.893726909534304816e-03 6.385774938828066294e-02 9.504870996646419545e-02 1.311823352271209442e-01 1.860190644851641983e-01 1.668089531236919554e-01 1.254224588202032531e-01
-1.620806392790601624e-01 -1.272079789956518936e-01 -8.449772858500922967e-02 -3.972022536025173606e-02 6.881693054463177382e-03 4.419924805117585176e-02 7.759423805066134605e-02 1.201775269485532011e-01 1.254224588202032531e-01 1.217073876252426218e-01
2.345922224856479277e-01 1.850510459514468353e-01 1.330397127757929343e-01 8.998448434358163883e-02 5.426275800824214429e-02 7.636549266678947442e-03 -4.441830067614958855e-02 -9.304420208826774674e-02 -1.674237157716907121e-01 -1.989481139684673994e-01
1.850510459514468353e-01 1.776051787368383983e-01 1.479140049748727814e-01 1.185153314446462380e-01 9.527693152140574717e-02 5.668807618891702482e-02 8.825670443910943463e-03 -4.579705105660444864e-02 -1.122419268172939327e-01 -1.443549955262044271e-01
1.330397127757929343e-01 1.479140049748727814e-01 1.538776750782315517e-01 1.468789325333897944e-01 1.375446665621015141e-01 1.034927502455778303e-01 6.101358128371103806e-02 2.847290292203152884e-03 -5.691700291414624607e-02 -9.378917195120596573e-02
8.998448434358163883e-02 1.185153314446462380e-01 1.468789325333897944e-01 1.726426129403372811e-01 1.844870091322742267e-01 1.499988319412634274e-01 1.083307671071248590e-01 4.871160210961089643e-02 -2.117580677615036114e-03 -4.762852146174872958e-02
5.426275800824214429e-02 9.527693152140574717e-02 1.375446665621015141e-01 1.844870091322742267e-01 2.382643179932742439e-01 2.079258479934379955e-01 1.590189608997158444e-01 9.301383670132659653e-02 5.040777119447696630e-02 -4.233652939078986523e-03
7.636549266678947442e-03 5.668807618891702482e-02 1.034927502455778303e-01 1.499988319412634274e-01 2.079258479934379955e-01 2.281217598531324331e-01 1.912092553835352260e-01 1.240072843310918160e-01 9.300614979433299845e-02 4.074498699231163951e-02
-4.441830067614958855e-02 8.825670443910943463e-03 6.101358128371103806e-02 1.083307671071248590e-01 1.590189608997158444e-01 1.912092553835352260e-01 1.957788660853683194e-01 1.460369447688551481e-01 1.336604370645808615e-01 8.581845637209511990e-02
-9.304420208826774674e-02 -4.579705105660444864e-02 2.847290292203152884e-03 4.871160210961089643e-02 9.301383670132659653e-02 1.240072843310918160e-01 1.460369447688551481e-01 1.415715940116246685e-01 1.646162515292518835e-01 1.251371355182362977e-01
-1.674237157716907121e-01 -1.122419268172939327e-01 -5.691700291414624607e-02 -2.117580677615036114e-03 5.040777119447696630e-02 9.300614979433299845e-02 1.336604370645808615e-01 1.646162515292518835e-01 2.436815392409444891e-01 2.039585931140384667e-01
-1.989481139684673994e-01 -1.443549955262044271e-01 -9.378917195120596573e-02 -4.762852146174872958e-02 -4.233652939078986523e-03 4.074498699231163951e-02 8.581845637209511990e-02 1.251371355182362977e-01 2.039585931140384667e-01 2.138642335746018530e-01
1.702994854646629475e-01 1.779578279676432284e-01 1.193115131979241850e-01 9.665403936859980061e-02 5.811902021887237202e-02 7.061154982626794210e-03 -4.427468466283587811e-02 -8.710510194113110782e-02 -1.411767105181617743e-01 -1.637499962165594736e-01
1.779578279676432284e-01 2.315621094449469564e-01 1.715251350080422010e-01 1.559351789587444803e-01 1.170222397173918405e-01 5.864965951237177677e-02 1.352362257111631647e-02 -4.057273018176348056e-02 -9.978553306641686771e-02 -1.392731315140853521e-01
1.193115131979241850e-01 1.715251350080422010e-01 1.576761303593302577e-01 1.707222529061457605e-01 1.388216833871870892e-01 8.433096966663468363e-02 5.616600508983331241e-02 1.031086683237435360e-02 -3.858966699909421871e-02 -7.992609861011118477e-02
9.665403936859980061e-02 1.559351789587444803e-01 1.707222529061457605e-01 2.322802439923858375e-01 2.021172071630394917e-01 1.302948900647272201e-01 1.059723685787183761e-01 5.761192107837818238e-02 8.722820702395803899e-03 -4.601739143859823189e-02
5.811902021887237202e-02 1.170222397173918405e-01 1.388216833871870892e-01 2.021172071630394917e-01 2.083148774917504276e-01 1.478705803916857131e-01 1.360426807202665400e-01 9.271576591906055542e-02 5.442960854616454847e-02 -1.359319983512082214e-03
7.061154982626794210e-03 5.864965951237177677e-02 8.433096966663468363e-02 1.302948900647272201e-01 1.478705803916857131e-01 1.320101799015678812e-01 1.478029233490890937e-01 1.164518004359053616e-01 9.128421526079591453e-02 4.522413721878010967e-02
-4.427468466283587811e-02 1.352362257111631647e-02 5.616600508983331241e-02 1.059723685787183761e-01 1.360426807202665400e-01 1.478029233490890937e-01 2.031170814806649016e-01 1.786221349662680535e-01 1.579811712146772240e-01 1.056669310042789162e-01
-8.710510194113110782e-02 -4.057273018176348056e-02 1.031086683237435360e-02 5.761192107837818238e-02 9.271576591906055542e-02 1.164518004359053616e-01 1.786221349662680535e-01 1.921379232731284803e-01 1.980575807096659480e-01 1.456497827867472561e-01
-1.411767105181617743e-01 -9.978553306641686771e-02 -3.858966699909421871e-02 8.722820702395803899e-03 5.442960854616454847e-02 9.128421526079591453e-02 1.579811712146772240e-01 1.980575807096659480e-01 2.642297756969113620e-01 2.094387336754096607e-01
-1.637499962165594736e-01 -1.392731315140853521e-01 -7.992609861011118477e-02 -4.601739143859823189e-02 -1.359319983512082214e-03 4.522413721878010967e-02 1.056669310042789162e-01 1.456497827867472561e-01 2.094387336754096607e-01 2.083721928946516144e-01
1.888921502811966857e-01 1.483486350754061878e-01 1.479376659527094073e-01 9.897868799218884073e-02 6.397031269966883815e-02 1.810010093220523752e-02 -3.975500744658651969e-02 -8.907751032515062728e-02 -1.417988578022111312e-01 -1.859449010207560593e-01
1.483486350754061878e-01 1.432340549546886610e-01 1.655621036243312971e-01 1.186555954403203383e-01 8.998871918919922053e-02 5.517863124386936796e-02 1.041510026149744528e-02 -4.096998013979753772e-02 -9.051789742537356964e-02 -1.307573457668320949e-01
1.479376659527094073e-01 1.655621036243312971e-01 2.275648887549455712e-01 1.731306259660522207e-01 1.415332171417041651e-01 1.055162859201960457e-01 6.211431608641442698e-02 -3.956070456582205103e-03 -6.727566612805142843e-02 -1.179005377325487852e-01
9.897868799218884073e-02 1.186555954403203383e-01 1.731306259660522207e-01 1.571222866482346325e-01 1.493739048279445758e-01 1.271297966418437619e-01 9.662957522551032796e-02 3.942957693518996803e-02 -1.672547503269027416e-02 -6.719296313554738720e-02
6.397031269966883815e-02 8.998871918919922053e-02 1.415332171417041651e-01 1.493739048279445758e-01 1.766596834247735059e-01 1.730918163815627353e-01 1.504976128107708422e-01 9.071493659846943669e-02 3.512366165971865517e-02 -2.222042016124090719e-02
1.810010093220523752e-02 5.517863124386936796e-02 1.055162859201960457e-01 1.271297966418437619e-01 1.730918163815627353e-01 2.091491806633843098e-01 2.088424123243474151e-01 1.425211819571105543e-01 8.913210116121964011e-02 3.215364855543949990e-02
-3.975500744658651969e-02 1.041510026149744528e-02 6.211431608641442698e-02 9.662957522551032796e-02 1.504976128107708422e-01 2.088424123243474151e-01 2.704205135472137478e-01 2.030474331673437494e-01 1.490692240489551457e-01 9.463908214973996980e-02
-8.907751032515062728e-02 -4.096998013979753772e-02 -3.956070456582205103e-03 3.942957693518996803e-02 9.071493659846943669e-02 1.425211819571105543e-01 2.030474331673437494e-01 1.993916654263999111e-01 1.768094408742985069e-01 1.369783361252689680e-01
-1.417988578022111312e-01 -9.051789742537356964e-02 -6.727566612805142843e-02 -1.672547503269027416e-02 3.512366165971865517e-02 8.913210116121964011e-02 1.490692240489551457e-01 1.768094408742985069e-01 2.058743660257107977e-01 1.891253676062232270e-01
-1.859449010207560593e-01 -1.307573457668320949e-01 -1.179005377325487852e-01 -6.719296313554738720e-02 -2.222042016124090719e-02 3.215364855543949990e-02 9.463908214973996980e-02 1.369783361252689680e-01 1.891253676062232270e-01 2.216912102734510115e-01
1.347255611334921832e-01 1.368909678155366405e-01 1.160379411266596883e-01 8.720008266267167962e-02 4.811812409962543807e-02 1.659081080191766389e-03 -4.814426407444348521e-02 -8.636694153890128733e-02 -1.298069551923544396e-01 -1.707087996726715240e-01
1.368909678155366405e-01 1.815550945331606825e-01 1.794312172393212612e-01 1.529560837795643780e-01 1.095504849494839672e-01 5.733501313689131490e-02 7.690694831662336743e-03 -4.299984849191880454e-02 -9.088865231169535042e-02 -1.359362039837117009e-01
1.160379411266596883e-01 1.794312172393212612e-01 2.148627115174399915e-01 2.037943680794909729e-01 1.552567736221572292e-01 1.008690421689959482e-01 5.959479787154689512e-02 5.733716988055685693e-03 -4.445636460501892900e-02 -9.336243862655427272e-02
8.720008266267167962e-02 1.529560837795643780e-01 2.037943680794909729e-01 2.438726332890245319e-01 1.989297072079880824e-01 1.382383960965109515e-01 1.027659302084178439e-01 5.054112206901970050e-02 2.525887249743125149e-03 -4.961058492000749998e-02
4.811812409962543807e-02 1.095504849494839672e-01 1.552567736221572292e-01 1.989297072079880824e-01 1.968808404506540710e-01 1.529043161454508581e-01 1.303758558935750322e-01 8.472502577627491482e-02 4.624879998821395527e-02 1.125293008705001430e-03
1.659081080191766389e-03 5.733501313689131490e-02 1.008690421689959482e-01 1.382383960965109515e-01 1.529043161454508581e-01 1.481484728533902229e-01 1.527597320728126262e-01 1.175659886759648914e-01 8.873573714403221180e-02 5.518468416733098708e-02
-4.814426407444348521e-02 7.690694831662336743e-03 5.959479787154689512e-02 1.027659302084178439e-01 1.303758558935750322e-01 1.527597320728126262e-01 1.962950310875144488e-01 1.721852292927268380e-01 1.481014066823510000e-01 1.188323529715666904e-01
-8.636694153890128733e-02 -4.299984849191880454e-02 5.733716988055685693e-03 5.054112206901970050e-02 8.472502577627491482e-02 1.175659886759648914e-01 1.721852292927268380e-01 1.830290722171329931e-01 1.806664346830772483e-01 1.595914533344132136e-01
