1.664802171309481271e-01 9.821053691078296399e-02 5.805845900629741374e-02 1.037675824691557253e-01 1.245355147960558184e-01 1.018253243660897228e-01 8.136782504315019648e-02 7.023695765446291706e-02 4.949228381196533327e-02 1.460252988110917749e-01
7.559838865012293019e-02 7.637242435581895195e-02 4.723633971338707382e-02 5.631456999473181263e-02 1.053807331637673095e-01 1.861788707281454291e-01 1.447245171224755544e-01 9.421057283086776979e-02 1.119838387766080023e-01 1.019997446640754368e-01
4.190492879932188053e-02 4.027405337816637731e-02 1.833965255767736752e-02 1.431036367404059893e-02 4.026456408921963437e-02 1.762334347902217435e-01 2.054307691147052028e-01 2.035669334209317394e-01 1.919964728953036659e-01 6.767882728041196838e-02
1.812817585806128506e-01 1.106612213868072292e-01 4.669200052749850061e-02 4.203272184894485397e-02 5.383079553146052215e-02 1.006145717815628976e-01 1.178300413618880021e-01 1.198219617993779990e-01 1.070800786543690264e-01 1.201548485274783890e-01
3.381367498951737272e-02 2.908632750970925607e-02 1.076668316861715269e-01 2.200655561703392937e-01 1.164886319411695126e-01 4.664795728026629312e-02 2.420890819818836623e-02 4.652726612625733560e-02 2.401663960234827755e-01 1.353284500748985486e-01
2.433471452886524361e-02 1.829902502674343387e-02 3.324784586801821096e-02 8.265921502082752836e-02 2.786929006872139736e-01 7.716793031806877534e-02 1.102145781519345558e-01 2.107457946990610176e-01 1.075294496822005313e-01 5.710854601706660816e-02
3.446038005547276406e-02 9.762513440361104966e-02 1.230364767269551962e-01 7.510612619355164221e-02 7.241588157822476113e-02 5.026892446469458098e-02 7.998409214002902279e-02 2.015741284684550716e-01 1.942827783103988903e-01 7.124607765860729858e-02
1.477286447091254451e-01 1.824864181829083387e-01 1.635266608498478491e-01 1.376332539064507865e-01 1.605185239767129568e-01 7.601456535788374269e-02 3.291627400516934643e-02 2.868412150525132681e-02 2.036890554293144945e-02 5.012263196371873064e-02
6.874390643412078838e-02 1.637934946658817781e-01 1.029564426230090146e-01 4.320701136097571810e-02 6.875980438376011472e-02 7.858468862053691328e-02 7.370856194101868542e-02 1.264863757065099459e-01 1.837978124224368959e-01 8.996190184175024973e-02
1.228309358747007585e-01 5.182880659462088535e-02 5.623395484145934931e-02 1.476729165312588299e-01 1.652640135472585869e-01 5.816794475767327055e-02 3.621225886443182884e-02 2.172487735589194793e-02 3.560440178646981368e-02 3.044598898462347325e-01
9.432544769645095917e-02 6.619116342442374346e-02 1.282012035585233800e-01 8.440214041881452522e-02 1.448286710567914248e-01 9.674130242380885036e-02 4.851366159312296700e-02 1.225729173249321263e-01 6.290223623889348858e-02 1.513212562642386461e-01
6.304307102003556262e-02 1.752106638284188778e-01 1.570172176725398994e-01 6.016718547209470164e-02 5.793367649611205067e-02 1.774505498884966781e-01 1.847189487987888901e-01 7.758387805103078572e-02 2.091731255875407813e-02 2.595749621372870838e-02
7.710012284712355890e-02 9.506834517926490702e-02 1.402835394299305483e-01 9.213692452503689789e-02 4.766337222567448156e-02 4.414026978833268666e-02 5.581270946908998415e-02 7.088108926873236404e-02 1.236476801780544144e-01 2.532659470887604347e-01
9.616338958360851064e-02 1.129036977664586716e-01 1.062908160279370934e-01 2.149384592340413958e-01 7.416967648144021097e-02 5.817606115370026199e-02 1.512855610971741149e-01 5.723888731894525433e-02 7.177455950183711519e-02 5.705889183485739896e-02
4.367585946196279878e-02 2.553059313129042371e-02 1.497968129358123908e-02 7.926440636566065012e-02 2.826806502729714565e-01 9.424334166369238708e-02 6.628639038479589018e-02 9.865788570922226497e-02 1.312308914188660691e-01 1.634503002979570963e-01
9.699538836435439570e-02 2.204369881011775667e-01 7.515950596318735077e-02 6.516590580328887605e-02 6.204996540781668179e-02 2.246272591722779655e-01 1.539465427442216761e-01 4.489019057722033745e-02 1.287458761240847967e-02 4.385366625404680391e-02
1.393790760745301227e-01 1.832931056226340949e-01 4.622866632993442859e-02 2.307428973390811960e-02 2.162886755585876480e-02 8.381367863837321797e-02 2.818476453331881237e-01 7.221400717981679707e-02 7.675129456894508317e-02 7.176936896281110867e-02
5.556536509448149058e-02 1.112621193073176085e-01 2.200391764931954874e-01 1.101130877258577889e-01 2.077984483353331052e-02 1.865426660094922362e-02 6.865313793798856479e-02 1.665703434921676773e-01 1.689914381922092979e-01 5.937122032229960600e-02
8.656843864693149204e-02 6.879414351944632133e-02 2.269292323535953074e-02 5.676818084906901096e-02 1.930462729599227434e-01 1.628842985056563608e-01 8.913819716691531725e-02 6.861952112456909392e-02 1.308659050884993513e-01 1.206221189036306984e-01
7.786928820063372669e-02 7.684579189577087077e-02 8.350683194438431045e-02 1.440663234407581761e-01 9.629757773621411276e-02 8.520262660144453659e-02 1.792349321147330976e-01 9.395119978935836946e-02 1.038749076056181969e-01 5.915052067108490796e-02
8.725622577496315591e-02 1.264604162384552200e-01 1.651004672207399548e-01 8.714735088788783113e-02 4.248840916841220561e-02 7.385683132798709361e-02 8.565582172064267752e-02 1.333911528911636835e-01 1.296224096398658210e-01 6.902091512988219046e-02
1.108452541675221947e-01 2.065543903673873749e-01 8.266024617263059704e-02 7.441162554571115195e-02 2.349579892676662007e-01 1.447898494609693998e-01 5.201768721806790396e-02 2.683737410916726615e-02 2.245852726714255010e-02 4.446705642373534328e-02
1.060571438020911084e-01 1.121480153241578848e-01 1.468243148187993175e-01 7.581368154196800602e-02 2.656610119177250234e-02 3.432284431893264931e-02 1.204330112768898786e-01 2.794560973190365338e-01 5.416078929504185291e-02 4.421800111131025252e-02
6.313976302074733593e-02 5.704895509481695826e-02 3.763212296531553980e-02 7.598619811535600732e-02 8.748621409764564816e-02 1.488010164429653670e-01 2.132466048040296824e-01 1.506710758065689659e-01 6.983188548783053617e-02 9.615616416472386185e-02
8.269242657021580456e-02 5.948825164569090940e-02 1.019525630290584739e-01 1.269473056968095370e-01 1.052716281182079494e-01 9.878450820121671694e-02 3.375307875244053929e-02 4.930166395149214453e-02 1.075213638596323740e-01 2.342872101752356828e-01
2.529693916620677843e-02 7.817254385885047396e-02 2.012737738570412882e-01 1.383734688463765794e-01 1.234460544988523339e-01 7.334796992627221068e-02 1.336175434553716901e-01 1.574347008003165183e-01 5.324843053514912578e-02 1.578857505556328228e-02
8.662065837063326335e-02 1.996880665498563245e-01 1.840784839711862020e-01 5.183204721422678130e-02 1.097573749919361907e-01 2.075030283089898120e-01 9.806848113882125906e-02 2.768338938601360572e-02 1.662313638294882559e-02 1.814533368538804106e-02
4.877104353041411544e-02 3.675686589263359866e-02 7.484348023623861590e-02 8.941065130258112059e-02 2.470749396962200750e-01 9.045953421546694406e-02 7.042119614992413401e-02 1.327110966992474106e-01 1.176169358326406705e-01 9.193425644463362745e-02
1.415645994605326530e-01 2.443436567509531254e-01 4.454988596040723725e-02 5.251490825177082544e-02 4.783691270225321618e-02 5.163562529131041079e-02 5.661343368642166030e-02 6.790363808336113971e-02 1.624178617763723520e-01 1.306194780366173591e-01
2.846456645461344359e-01 1.880958364169613983e-01 6.258656061551003125e-02 5.277793585578650915e-02 2.497850024803622768e-02 3.163613359470322794e-02 4.019669549869511055e-02 9.542692967709286156e-02 1.343762286624897162e-01 8.527951488459030449e-02
1.330315086962322313e-01 9.006740674783056400e-02 1.292012422999153087e-01 9.673073272086096797e-02 1.142732661333679539e-01 1.041541415873105253e-01 5.123980701382843672e-02 3.460299571967827975e-02 8.531079713885039717e-02 1.613881019421253282e-01
3.374167024749137600e-02 1.746704430181017856e-02 1.440770742742134361e-02 4.468551920994062038e-02 2.125124391785145339e-01 1.856377165984156030e-01 1.042515357393562214e-01 2.375159707891937588e-01 1.066231796834508222e-01 4.315721682440545881e-02
2.258063271355507662e-01 1.078669639297270000e-01 5.330680831498160743e-02 3.680316750284815669e-02 1.041004518916045229e-01 2.217512760722294973e-01 8.665721074705087790e-02 4.964768384446742455e-02 4.906819996839911074e-02 6.499191059314085583e-02
1.116041428590880957e-01 7.750579542186590565e-02 1.113667655898731568e-01 9.203761280124017619e-02 1.592409493888746197e-01 1.423043624018527076e-01 6.552060125580404237e-02 5.562026302871629635e-02 1.004301295539181127e-01 8.436937769876709514e-02
7.279442788098608452e-02 2.495144989642560443e-02 4.043790861241301771e-02 1.643103060882466493e-01 2.272391406817282355e-01 4.656283722530808744e-02 4.929423289260397717e-02 8.154584552352259208e-02 1.187175809110288527e-01 1.741462702877371593e-01
5.151141164166050945e-02 3.454897663938182734e-02 7.429064433262397293e-02 1.137696114623195087e-01 1.702129979664773751e-01 6.867589751814878740e-02 1.047942609398662406e-01 1.147630194256697433e-01 1.338116354759090743e-01 1.336215445979428429e-01
5.499544598571694948e-02 1.466875455982547816e-01 1.813840082922248409e-01 1.569291431014867011e-01 4.315361782946848523e-02 3.351628833198092017e-02 3.993568684016923775e-02 6.045667780148154813e-02 1.335050285568985251e-01 1.494365576623182257e-01
9.024074271813076198e-02 2.292510029869915950e-02 5.942136622620917963e-02 2.096919493614703978e-01 1.301342625092645755e-01 1.391591822813909030e-01 6.098697670253695052e-02 1.198373264928417059e-01 7.947557230448359933e-02 8.812752110497262814e-02
1.660958358597623141e-01 1.479411636053632739e-01 4.779899116891311167e-02 4.960537127516757155e-02 1.517408271449463553e-01 1.585207511819947124e-01 5.563141446316113847e-02 5.930573791894153124e-02 8.800376937474502226e-02 7.535613800700499687e-02
8.062796230219790306e-02 4.426644837793057563e-02 8.039905951350097280e-02 6.343067056765695766e-02 6.898699416230172354e-02 9.942792280728661447e-02 8.142017000984141939e-02 2.532746833767915429e-01 1.282390210284547472e-01 9.992706785403743242e-02
6.305874937410493875e-02 1.139413975585232275e-01 1.159742187452688922e-01 6.413427022107370812e-02 8.731545555903708067e-02 1.439109147648259812e-01 5.038041170898645282e-02 1.134004121175096608e-01 1.708629239937323463e-01 7.702124595693790599e-02
1.092888849496886639e-01 1.400486791821471400e-01 1.468311157299942993e-01 1.827586803126601267e-01 2.458552869811633235e-01 7.317451552462597708e-02 2.693131049215916756e-02 1.884033340961842329e-02 1.625586037099565825e-02 4.001533304694737669e-02
9.682432179664407501e-02 1.353504974167094865e-01 1.726183252221496489e-01 2.239202167647992570e-01 1.710379279676250142e-01 8.734014453627003682e-02 2.361158347927357418e-02 1.450637997222686479e-02 3.433223851699210294e-02 4.045836432731002991e-02
1.143987680144537972e-01 1.793009043400631275e-01 1.013420036263018298e-01 9.652194580156867043e-02 1.765135469203335805e-01 1.269335130977019555e-01 7.980322114722865345e-02 3.224384414695762036e-02 4.670651993729585394e-02 4.623573296809500854e-02
4.800547168345085242e-02 9.639091993750281695e-02 9.074101130664687098e-02 1.027591391167447382e-01 4.648690435241453756e-02 4.294824308451644646e-02 6.439025978156874552e-02 1.015487830026490651e-01 2.945002671273143080e-01 1.122290006071917923e-01
1.429037827744659150e-01 1.963922820645889189e-01 1.042198978794231096e-01 5.633756550645269839e-02 7.561557951257809329e-02 1.046755333897747275e-01 1.430379190277829005e-01 4.197189363964925340e-02 4.099517683760132980e-02 9.385036936768315075e-02
1.491394368176399976e-01 1.154526418011243699e-01 2.825493866103049312e-01 7.459741370336046840e-02 2.917911645083002756e-02 8.818615442572064200e-03 8.954616823909560680e-03 1.506726356275335001e-02 4.805636858242494369e-02 2.681851402050804412e-01
7.909620139425643792e-02 5.626845567383870206e-02 1.189596079749923041e-01 1.778630962469501531e-01 8.402512799305171531e-02 4.884004468260900317e-02 3.710909795998475896e-02 4.534038190197989954e-02 1.990535336224831808e-01 1.534444525498540879e-01
2.572786239413130671e-01 6.555520511783867466e-02 1.607814884629767474e-02 1.240716777492036071e-02 1.510639130775725050e-02 1.881317834468077682e-02 8.669390108166635800e-02 1.052712173589364086e-01 2.690218754111822763e-01 1.537742908154074439e-01
3.674580388170232970e-02 4.442830767204844489e-02 6.701907388068076288e-02 1.651829247599617689e-01 7.517188502475109779e-02 6.286339214603847703e-02 1.102546833207641019e-01 1.248347262177715022e-01 1.763108732984620119e-01 1.371883297978195304e-01
5.055519878587450694e-02 1.320534711860240629e-01 1.614271975908658785e-01 8.932232791462914323e-02 3.932170342761001636e-02 4.760319840051634166e-02 1.593180338086556680e-01 2.052059932046626234e-01 7.589610361946874661e-02 3.929677206169331083e-02
1.252276450795415941e-01 1.161976762017459947e-01 1.218088956237616677e-01 1.050942447295985238e-01 1.035681701553234219e-01 7.309443871367385381e-02 9.379241405562012412e-02 1.024359993269182978e-01 7.819724556996630882e-02 8.058327054385033827e-02
2.397657333047429479e-02 3.949877186268532792e-02 1.115710513292446915e-01 2.134873684021337259e-01 8.480551206727041103e-02 7.933423690388480276e-02 2.655956946722872192e-01 1.435894082951459649e-01 2.878527493260682815e-02 9.356108204266796319e-03
3.715706672253982906e-02 3.687047561345445368e-02 5.080963681925978331e-02 9.222374982812787947e-02 1.344924108176213939e-01 1.537550108563809637e-01 9.553340050430045305e-02 2.456147182381604455e-01 9.775862071093324723e-02 5.578490988922166216e-02
3.219111009444231009e-02 7.192572676177035051e-02 2.033835518761105132e-01 6.940179875425517286e-02 8.301975362724789420e-02 1.127519383938246911e-01 8.277797443369820651e-02 1.139042458337084784e-01 1.544742180741274784e-01 7.616968215081514060e-02
1.220952990799202553e-01 7.648213037339565701e-02 4.324244273113156400e-02 9.212723772640303566e-02 1.738398848086761261e-01 1.146318654314541219e-01 3.452424312968638276e-02 4.948230967760251786e-02 1.063165802416927985e-01 1.872580068000375408e-01
9.859382513992651087e-02 7.919363452078581611e-02 1.954520828670255894e-01 2.235105913707441661e-01 1.740853093464328483e-01 7.007587200275688932e-02 2.398610393514880035e-02 3.050023277027856181e-02 4.081004300254092998e-02 6.379230504435995375e-02
2.611243037662398098e-02 3.916723968419738577e-02 4.139071777520748896e-02 8.524362424385761861e-02 1.280913240552209453e-01 2.327571457146895006e-01 1.205792058584248538e-01 1.852398949937962558e-01 8.694610665140545258e-02 5.447231064657642730e-02
5.818695704009813063e-02 5.583013521026438525e-02 1.326418599652449959e-01 8.637497427479626233e-02 9.407890587265906046e-02 4.411221774039050109e-02 6.539592953880080106e-02 7.924440882307376421e-02 1.669332454328300575e-01 2.172013661018419861e-01
5.276805982723423161e-02 2.225102955027735141e-01 1.634242268452706370e-01 5.595462148606958341e-02 1.802330536421386381e-02 1.861526321624023747e-02 7.618557042039483806e-02 1.694610637255250241e-01 1.509514911525749459e-01 7.210610245970350274e-02
7.748692924408384641e-02 5.684371492743951759e-02 4.720821350041709552e-02 1.896778606031168102e-01 1.101592897187415598e-01 1.206216415199409392e-01 3.662577258017914172e-02 2.710275865424140521e-02 7.991646284013947943e-02 2.543573564117003194e-01
1.238273173248715664e-01 1.122509516997402534e-01 6.575494288987807079e-02 1.024456591752000850e-01 6.451705159565722381e-02 1.392940281589129803e-01 1.329256951163534095e-01 5.233676295664965034e-02 5.297925162974159025e-02 1.536683394529952673e-01
4.195843697729913224e-02 9.193750753547391685e-02 2.572910140209749286e-01 1.193454992419146210e-01 9.932077171608121036e-02 1.587789115330859036e-01 1.041977743037431348e-01 7.379391810391884576e-02 2.327855299697060079e-02 3.009761357053800795e-02
5.612296088232039681e-02 5.289208822008345523e-02 1.172151492990068794e-01 6.308546145477181288e-02 7.408232976678311155e-02 1.383097735422106067e-01 1.559809142448325969e-01 1.068202920530440109e-01 1.275996153681553669e-01 1.078914151687917627e-01
9.324627979097867281e-02 1.021752643059254534e-01 4.734649403304404258e-02 7.967732944631626679e-02 1.396064688800801035e-01 1.753165516699178861e-01 5.606678114702862148e-02 3.014329773207743632e-02 7.916061564620298363e-02 1.972609173484287659e-01
3.441988185644818954e-02 4.846431771677352229e-02 1.013554411850974835e-01 2.355508194192539873e-01 6.929565926082829896e-02 1.438570849298184406e-01 1.995945369870247843e-01 1.018443780578077856e-01 4.466551370056319470e-02 2.095236688638437567e-02
5.497937236484859436e-02 2.507203852657007709e-02 3.276816794824888301e-02 5.119981479054348805e-02 1.003963752550589006e-01 1.819099039759110026e-01 1.348170804078613061e-01 1.894197172814901242e-01 1.591632861936656818e-01 7.027424325580215736e-02
9.093004877934021679e-02 4.829701938491111346e-02 6.631060945084837899e-02 7.556790083642610234e-02 7.345975441006535878e-02 1.153217864203056053e-01 9.183603637399435915e-02 1.045694290188986381e-01 1.139293821661896272e-01 2.197780331590205305e-01
4.652975377393581136e-02 5.515699503071092025e-02 9.499809605867301499e-02 9.750166388352207725e-02 6.737090704802314867e-02 4.505459964610089574e-02 1.011961296122335235e-01 2.128920484802353519e-01 1.817848169346207299e-01 9.751498953194470687e-02
8.799443613887590609e-03 7.426789786943727677e-03 2.443079185894685146e-02 1.539820614827093204e-01 2.768404546458829163e-01 1.533746571102924117e-01 1.608083925815787796e-01 1.304279756718258465e-01 5.166345505297299801e-02 3.224597819495955697e-02
3.869006497913060616e-02 6.385103359274452162e-02 6.379830757858123702e-02 6.099972781423915191e-02 1.360798575558814227e-01 1.882939460812682042e-01 1.542493127446544487e-01 1.339874936694120944e-01 1.159730713553808329e-01 4.407718462870757747e-02
7.156685268905753350e-02 1.215291308070103604e-01 1.462193477689162358e-01 1.821789801556718547e-01 6.512297825820348440e-02 4.476518829592573967e-02 7.983634242025351713e-02 1.441847444774078668e-01 4.382934607797977361e-02 1.007670890495736132e-01
6.943669429928855941e-02 1.242330723690640987e-01 2.452167167188023522e-01 1.721592763802544113e-01 1.656910848601261810e-01 7.373900076594208652e-02 2.646374701934383483e-02 1.540083438009410069e-02 4.006366882012128705e-02 6.759590438696340409e-02
7.485371805780208221e-02 6.071727986973354807e-02 6.517179389289257108e-02 1.882374710488379788e-01 1.475710589079967938e-01 7.180036398228445416e-02 8.412470243852925023e-02 1.037479372129005983e-01 1.165267479494344477e-01 8.724892663958856709e-02
1.340104270114191309e-01 5.353368774779476702e-02 8.177499520509085018e-02 2.013147519992131151e-01 1.437933688194842352e-01 7.614221011203839429e-02 3.964877662610145903e-02 3.554435087165432050e-02 6.824226552941350943e-02 1.659951660777903015e-01
1.041716589422057165e-01 9.157633529059164279e-02 3.512353340009609359e-02 6.533466496387629885e-02 7.632862863601670711e-02 1.578237003840576025e-01 1.348071165705532759e-01 5.146771219700815858e-02 7.462101983641959702e-02 2.087456297791749071e-01
1.200983248370955936e-01 6.723387324265353571e-02 4.568770056650339750e-02 6.859778195187303529e-02 5.612402959660768575e-02 2.810014087094131821e-02 7.659451986607597462e-02 2.616014735960154880e-01 1.423307632008864176e-01 1.336313922713476265e-01
5.186938036546550473e-02 2.875445541667714933e-02 2.318825614619474118e-02 3.245622866852158894e-02 1.070370192710801971e-01 2.406314344790639603e-01 1.247902372650362968e-01 1.511939460975004756e-01 1.673608322594721531e-01 7.271821003098812020e-02
6.603959683739045461e-02 6.127120479293145239e-02 3.808199099029462020e-02 1.342929977874725012e-01 1.582873682382865965e-01 1.258695967645006297e-01 1.373697906339969022e-01 1.570894340340733830e-01 7.030670507586517237e-02 5.139131484518835724e-02
2.670755643420085618e-02 8.653749533049497067e-02 1.083922034203958912e-01 2.032011514541808006e-01 6.092078009885395357e-02 1.188416286088608137e-01 1.820652081069178974e-01 1.392944693273586443e-01 5.295090577282856453e-02 2.108860144590792712e-02
1.121235495029455909e-01 1.106292442876529586e-01 7.412716564822341425e-02 1.247999732420454061e-01 8.078583520537478690e-02 6.986530930264235606e-02 1.043172503673292784e-01 9.647628453859817543e-02 1.025094860410019626e-01 1.243659018641863068e-01
8.954583066983858031e-02 1.891437962658774619e-01 9.989804614082384293e-02 7.231888186112904460e-02 2.471369238144615482e-02 3.923708132929500103e-02 5.258583372829228608e-02 1.314160483188867024e-01 2.120713765490596647e-01 8.906941275535142089e-02
7.822748534727617942e-02 4.827852364780309269e-02 3.098530433480885943e-02 3.643105933124344414e-02 1.299767728963324154e-01 1.123687826886192176e-01 8.142301065463937448e-02 2.129866111944690166e-01 1.516265258031880003e-01 1.176959241016204971e-01
9.400696939737726576e-02 1.542260789334620186e-01 1.785082966240244817e-01 1.580680422750040948e-01 9.221103767292362918e-02 3.498939722960961451e-02 8.070432298568763763e-02 6.741912454206865080e-02 7.750497393782285194e-02 6.236175640201958165e-02
1.105454895824235229e-01 1.018179886912060628e-01 1.830599258883137959e-01 5.613002894234195989e-02 6.468876022179237406e-02 3.160518450349966008e-02 1.587952231164889774e-02 1.960908943114499092e-02 1.231761054576794856e-01 2.934879049699494202e-01
9.430347187869211889e-02 1.413521170372114555e-01 3.535309485781908123e-02 2.656248107459180385e-02 7.286479479494943623e-02 7.523467915023704378e-02 1.077547936760587938e-01 2.512198818953315094e-01 1.303219848991591379e-01 6.503270073594955014e-02
8.462485881785933306e-02 6.934760002175641147e-02 1.319743935925738465e-01 1.362879748335796559e-01 5.374987665110828039e-02 4.394091499298866804e-02 6.743392622792752922e-02 9.014227255424463181e-02 1.225852968895470158e-01 1.999128854184147874e-01
1.192926334242190300e-01 1.012926910358658283e-01 1.121484743043738574e-01 1.466051478447433776e-01 1.109690583693560550e-01 7.165631979322059641e-02 1.153948069977554641e-01 7.102304720594948551e-02 9.890591323000008650e-02 5.271190779451652431e-02
6.907141498945439106e-02 8.349103939424046272e-02 7.224931676527146518e-02 2.051934401895457727e-01 1.558256528785321726e-01 9.363484737462583751e-02 7.607966071255521656e-02 9.809468159593304204e-02 8.348289060340080558e-02 6.287705549644088954e-02
4.893023628443979312e-02 8.912046577892313026e-02 1.114007859536028655e-01 1.251989830052351871e-01 1.432028720935007993e-01 1.035915538328728291e-01 8.249879206713384150e-02 6.751714872581857096e-02 8.350595972434124437e-02 1.450332025341319331e-01
2.016900888493536326e-01 8.590757706634470636e-02 1.824306003946836174e-01 1.767712338808246908e-01 9.587470990120897096e-02 4.821233280311573027e-02 3.277076194992326746e-02 4.198611616046191153e-02 5.819051678779960102e-02 7.616606220628410751e-02
1.402409512159549787e-01 9.175836275149192034e-02 2.222629932498694505e-02 8.922403999953937986e-03 2.635142951989509486e-02 5.259129629178658366e-02 1.020472456565250652e-01 2.463883619797131719e-01 1.026452606065105522e-01 2.068283886531820936e-01
1.005949858083929338e-01 3.070141270234359038e-02 2.543955880760059504e-02 2.073245106700302709e-02 2.477930411967087243e-02 3.958622964904158492e-02 2.447345638210574048e-01 1.690004193869511506e-01 1.727083986912575919e-01 1.717226759466813912e-01
9.925815928060206794e-02 5.776615972735318905e-02 1.272631808683114540e-01 1.281131831254593845e-01 1.357269413673813097e-01 9.109314832199949530e-02 9.465393970914820487e-02 8.871030415766327504e-02 9.265643005342891203e-02 8.475855338865301292e-02
5.164384218816643612e-02 1.838299162418873256e-01 1.279084390618239475e-01 6.251925138347014244e-02 2.090405533293331411e-02 4.757075066364059579e-02 9.158138431195696205e-02 1.607002046692679875e-01 1.643224332820392708e-01 8.901972286481424357e-02
7.151021359448889170e-02 6.255722830767232456e-02 1.094575967302231223e-01 4.447236077943895333e-02 6.776528601423767451e-02 1.012907490101012525e-01 1.564448400354919722e-01 1.585665386388576958e-01 1.032983002261549377e-01 1.246368866633331129e-01
8.163034027054941189e-02 8.255560205793716078e-02 2.228167554126559979e-01 1.727235667948232578e-01 5.012824935928230502e-02 2.443951998721954205e-02 3.741441598835893584e-02 5.642919218523159697e-02 1.271505553648833442e-01 1.447118025790583018e-01
1.385850944784302596e-01 7.386134027530173729e-02 8.019443735499603987e-02 1.592491331087544926e-01 9.735233190098516176e-02 9.002401394972349424e-02 1.045124512646476156e-01 9.486158952735920802e-02 1.021787299578144348e-01 5.918087818198785460e-02
9.832072068131850195e-02 8.906384822928853362e-02 1.518667330097773771e-01 2.411476320531269479e-01 1.555440690807539106e-01 8.041091517218468265e-02 4.983999496878212948e-02 2.523455756502897968e-02 2.529830110425523859e-02 8.327322813548365676e-02
1.136028015058614116e-01 6.676600340341004580e-02 3.610107485492134588e-02 1.211517921212189874e-01 1.096010655236089870e-01 9.204665174574556963e-02 1.108752651370046582e-01 6.794759276337374032e-02 1.351522742854013859e-01 1.467554786594541527e-01
