1.664802171309481271e-01 1.238556639224992484e-01 8.163705877869972816e-02 8.374078872370602222e-02 8.099118644833951108e-02 7.392544040303615505e-02 7.373914638315676173e-02 8.170324728178759988e-02 8.375122812702660846e-02 1.530481992965306848e-01
1.238556639224992484e-01 9.821053691078296399e-02 6.950336997570373543e-02 7.620188938789250466e-02 7.499663109943437156e-02 6.693056863194066231e-02 6.350455008355646025e-02 6.615990226955673070e-02 6.368080601698357379e-02 1.126141540492182902e-01
8.163705877869972816e-02 6.950336997570373543e-02 5.805845900629741374e-02 7.294841251711875474e-02 7.528113922602469588e-02 6.632509208759136687e-02 5.920752657052801016e-02 5.577040694560543577e-02 4.663763592802498692e-02 7.495443028233012006e-02
8.374078872370602222e-02 7.620188938789250466e-02 7.294841251711875474e-02 1.037675824691557253e-01 1.115848678404770949e-01 9.828808718581799608e-02 8.489208249883573032e-02 7.457557426151731339e-02 5.486026188331667025e-02 7.872213128456787001e-02
8.099118644833951108e-02 7.499663109943437156e-02 7.528113922602469588e-02 1.115848678404770949e-01 1.245355147960558184e-01 1.111348129209852736e-01 9.583689984343707335e-02 8.261461225063455871e-02 5.769413178922493807e-02 7.806057152548492861e-02
7.392544040303615505e-02 6.693056863194066231e-02 6.632509208759136687e-02 9.828808718581799608e-02 1.111348129209852736e-01 1.018253243660897228e-01 8.935041479936184361e-02 7.777324416601705259e-02 5.420848735689558218e-02 7.267244739159843536e-02
7.373914638315676173e-02 6.350455008355646025e-02 5.920752657052801016e-02 8.489208249883573032e-02 9.583689984343707335e-02 8.935041479936184361e-02 8.136782504315019648e-02 7.324059602202491470e-02 5.296647111934169733e-02 7.325929399331390646e-02
8.170324728178759988e-02 6.615990226955673070e-02 5.577040694560543577e-02 7.457557426151731339e-02 8.261461225063455871e-02 7.777324416601705259e-02 7.324059602202491470e-02 7.023695765446291706e-02 5.481882093231568720e-02 8.096222129282996949e-02
8.375122812702660846e-02 6.368080601698357379e-02 4.663763592802498692e-02 5.486026188331667025e-02 5.769413178922493807e-02 5.420848735689558218e-02 5.296647111934169733e-02 5.481882093231568720e-02 4.949228381196533327e-02 8.141620424649342880e-02
1.530481992965306848e-01 1.126141540492182902e-01 7.495443028233012006e-02 7.872213128456787001e-02 7.806057152548492861e-02 7.267244739159843536e-02 7.325929399331390646e-02 8.096222129282996949e-02 8.141620424649342880e-02 1.460252988110917749e-01
7.559838865012293019e-02 7.525270525499638818e-02 5.711797301517243519e-02 5.577273826874654117e-02 6.412373738514165478e-02 7.477773796572712017e-02 7.254358970103147453e-02 7.255230679033503050e-02 8.780131748674886716e-02 8.683725078362730665e-02
7.525270525499638818e-02 7.637242435581895195e-02 5.896208150141553361e-02 5.877759006065634562e-02 6.865571610937051816e-02 7.991326211419536030e-02 7.475494323147408027e-02 7.194275938664966563e-02 8.578770219956327603e-02 8.525919879201253326e-02
5.711797301517243519e-02 5.896208150141553361e-02 4.723633971338707382e-02 4.944475102557641805e-02 6.037905915218944042e-02 7.161759120628495567e-02 6.402985109912966155e-02 5.714793841604387525e-02 6.514239506088567722e-02 6.419554091968349141e-02
5.577273826874654117e-02 5.877759006065634562e-02 4.944475102557641805e-02 5.631456999473181263e-02 7.387100164663826241e-02 9.075222624742035338e-02 7.726275221301989737e-02 6.179857957118838063e-02 6.484287109512798519e-02 6.236080813588081029e-02
6.412373738514165478e-02 6.865571610937051816e-02 6.037905915218944042e-02 7.387100164663826241e-02 1.053807331637673095e-01 1.353401268820811909e-01 1.121226594697387613e-01 8.148050119654079437e-02 7.775955205569100304e-02 7.194311095512595511e-02
7.477773796572712017e-02 7.991326211419536030e-02 7.161759120628495567e-02 9.075222624742035338e-02 1.353401268820811909e-01 1.861788707281454291e-01 1.559066555080720340e-01 1.081951504445431145e-01 9.643437881347134699e-02 8.545323785617664480e-02
7.254358970103147453e-02 7.475494323147408027e-02 6.402985109912966155e-02 7.726275221301989737e-02 1.121226594697387613e-01 1.559066555080720340e-01 1.447245171224755544e-01 1.068920031405907189e-01 9.790414575306967404e-02 8.557027140478593030e-02
7.255230679033503050e-02 7.194275938664966563e-02 5.714793841604387525e-02 6.179857957118838063e-02 8.148050119654079437e-02 1.081951504445431145e-01 1.068920031405907189e-01 9.421057283086776979e-02 9.660516071516325742e-02 8.690774488620395255e-02
8.780131748674886716e-02 8.578770219956327603e-02 6.514239506088567722e-02 6.484287109512798519e-02 7.775955205569100304e-02 9.643437881347134699e-02 9.790414575306967404e-02 9.660516071516325742e-02 1.119838387766080023e-01 1.047662569139886091e-01
8.683725078362730665e-02 8.525919879201253326e-02 6.419554091968349141e-02 6.236080813588081029e-02 7.194311095512595511e-02 8.545323785617664480e-02 8.557027140478593030e-02 8.690774488620395255e-02 1.047662569139886091e-01 1.019997446640754368e-01
4.190492879932188053e-02 4.083047499501220312e-02 2.722316014123864897e-02 2.305999584143438724e-02 3.577990765333115275e-02 6.907219473636579121e-02 7.236694203863863750e-02 7.900082096352617489e-02 8.374380519689622604e-02 5.238512689034949266e-02
4.083047499501220312e-02 4.027405337816637731e-02 2.705939759052615121e-02 2.321273907244922677e-02 3.652264139769120788e-02 7.120464975858796508e-02 7.350564576921297943e-02 7.597738434451936640e-02 7.920751219353845685e-02 5.021439248993553317e-02
2.722316014123864897e-02 2.705939759052615121e-02 1.833965255767736752e-02 1.596654746682159981e-02 2.553069930920404129e-02 5.037392394205136847e-02 5.167113549854777943e-02 5.099256145556205211e-02 5.199382799972722402e-02 3.316390427017291975e-02
2.305999584143438724e-02 2.321273907244922677e-02 1.596654746682159981e-02 1.431036367404059893e-02 2.359665097524656779e-02 4.760994636598553376e-02 4.850020660321126276e-02 4.419941453358731953e-02 4.302799755958363476e-02 2.767167428759804981e-02
3.577990765333115275e-02 3.652264139769120788e-02 2.553069930920404129e-02 2.359665097524656779e-02 4.026456408921963437e-02 8.321097245084028982e-02 8.437203169553308957e-02 7.078355121920162918e-02 6.509727024331810052e-02 4.222085652821579160e-02
6.907219473636579121e-02 7.120464975858796508e-02 5.037392394205136847e-02 4.760994636598553376e-02 8.321097245084028982e-02 1.762334347902217435e-01 1.795206029174487572e-01 1.421028426040875092e-01 1.239513183246884198e-01 8.061552071328065283e-02
7.236694203863863750e-02 7.350564576921297943e-02 5.167113549854777943e-02 4.850020660321126276e-02 8.437203169553308957e-02 1.795206029174487572e-01 2.054307691147052028e-01 1.708428058990180132e-01 1.409035370086136330e-01 8.729382029558586942e-02
7.900082096352617489e-02 7.597738434451936640e-02 5.099256145556205211e-02 4.419941453358731953e-02 7.078355121920162918e-02 1.421028426040875092e-01 1.708428058990180132e-01 2.035669334209317394e-01 1.802761242730106239e-01 1.035883742957777465e-01
8.374380519689622604e-02 7.920751219353845685e-02 5.199382799972722402e-02 4.302799755958363476e-02 6.509727024331810052e-02 1.239513183246884198e-01 1.409035370086136330e-01 1.802761242730106239e-01 1.919964728953036659e-01 1.113183359449267940e-01
5.238512689034949266e-02 5.021439248993553317e-02 3.316390427017291975e-02 2.767167428759804981e-02 4.222085652821579160e-02 8.061552071328065283e-02 8.729382029558586942e-02 1.035883742957777465e-01 1.113183359449267940e-01 6.767882728041196838e-02
1.812817585806128506e-01 1.386825121425982466e-01 8.531247347037326789e-02 7.086124835854309967e-02 6.835931094794756024e-02 8.320295738383906570e-02 8.714017551579646137e-02 9.528056881124240263e-02 1.110133744056797517e-01 1.406378237177115520e-01
1.386825121425982466e-01 1.106612213868072292e-01 6.980811377906821769e-02 5.942684362442337415e-02 5.826504192268628507e-02 7.126716401648881816e-02 7.366318217735423612e-02 7.765576323985937113e-02 8.627804363991688208e-02 1.066626087809633000e-01
8.531247347037326789e-02 6.980811377906821769e-02 4.669200052749850061e-02 4.238388740192186588e-02 4.372978784794936957e-02 5.511354158923324753e-02 5.706376603185825402e-02 5.785935012250694592e-02 5.904744727298222307e-02 6.738894268426084966e-02
7.086124835854309967e-02 5.942684362442337415e-02 4.238388740192186588e-02 4.203272184894485397e-02 4.623146921181405661e-02 6.043709534640402670e-02 6.307755273017172370e-02 6.194416466295220997e-02 5.767945078838651596e-02 5.888146894348599003e-02
6.835931094794756024e-02 5.826504192268628507e-02 4.372978784794936957e-02 4.623146921181405661e-02 5.383079553146052215e-02 7.262387571412422249e-02 7.663967544387234598e-02 7.416002660045753481e-02 6.493389541772891238e-02 6.015958269806453984e-02
8.320295738383906570e-02 7.126716401648881816e-02 5.511354158923324753e-02 6.043709534640402670e-02 7.262387571412422249e-02 1.006145717815628976e-01 1.075413032083397669e-01 1.039080248878652551e-01 8.827534745924295323e-02 7.681312993792407950e-02
8.714017551579646137e-02 7.366318217735423612e-02 5.706376603185825402e-02 6.307755273017172370e-02 7.663967544387234598e-02 1.075413032083397669e-01 1.178300413618880021e-01 1.157890006041700365e-01 9.839232068752067073e-02 8.335262027442230659e-02
9.528056881124240263e-02 7.765576323985937113e-02 5.785935012250694592e-02 6.194416466295220997e-02 7.416002660045753481e-02 1.039080248878652551e-01 1.157890006041700365e-01 1.198219617993779990e-01 1.063635271635208907e-01 9.221221638097902573e-02
1.110133744056797517e-01 8.627804363991688208e-02 5.904744727298222307e-02 5.767945078838651596e-02 6.493389541772891238e-02 8.827534745924295323e-02 9.839232068752067073e-02 1.063635271635208907e-01 1.070800786543690264e-01 1.032360082950038865e-01
1.406378237177115520e-01 1.066626087809633000e-01 6.738894268426084966e-02 5.888146894348599003e-02 6.015958269806453984e-02 7.681312993792407950e-02 8.335262027442230659e-02 9.221221638097902573e-02 1.032360082950038865e-01 1.201548485274783890e-01
3.381367498951737272e-02 2.623344142267561296e-02 3.582374835607287505e-02 4.397885073898145925e-02 3.538872067867399746e-02 2.905219080505621471e-02 2.706231193890955636e-02 3.886924827414372369e-02 8.704229513577421695e-02 6.597664405460550163e-02
2.623344142267561296e-02 2.908632750970925607e-02 5.213210715680022256e-02 7.061288794191261653e-02 5.227634788651246145e-02 3.480319854950570529e-02 2.412122892437329469e-02 2.728405739610871572e-02 5.692815668246368338e-02 4.415597119051469649e-02
3.582374835607287505e-02 5.213210715680022256e-02 1.076668316861715269e-01 1.517972470188014844e-01 1.092546949598856842e-01 6.641579678661690966e-02 3.801355506903450476e-02 3.342042538680158742e-02 6.281828661910769662e-02 5.034685609721293448e-02
4.397885073898145925e-02 7.061288794191261653e-02 1.517972470188014844e-01 2.200655561703392937e-01 1.580710447774035243e-01 9.387897676870821106e-02 5.039081879797411428e-02 3.939268651707987512e-02 6.943183363116642304e-02 5.657967535404920950e-02
3.538872067867399746e-02 5.227634788651246145e-02 1.092546949598856842e-01 1.580710447774035243e-01 1.164886319411695126e-01 7.095569881207652863e-02 3.982970673150641738e-02 3.362227367882691942e-02 6.176377244585722071e-02 4.931882740609636051e-02
2.905219080505621471e-02 3.480319854950570529e-02 6.641579678661690966e-02 9.387897676870821106e-02 7.095569881207652863e-02 4.664795728026629312e-02 2.988040960727781498e-02 3.042245079809150973e-02 6.083964648605390269e-02 4.714977560219989206e-02
2.706231193890955636e-02 2.412122892437329469e-02 3.801355506903450476e-02 5.039081879797411428e-02 3.982970673150641738e-02 2.988040960727781498e-02 2.420890819818836623e-02 3.094368875863666435e-02 6.689494497129970518e-02 5.070349920416336587e-02
3.886924827414372369e-02 2.728405739610871572e-02 3.342042538680158742e-02 3.939268651707987512e-02 3.362227367882691942e-02 3.042245079809150973e-02 3.094368875863666435e-02 4.652726612625733560e-02 1.050417245776196634e-01 7.882132969756693031e-02
8.704229513577421695e-02 5.692815668246368338e-02 6.281828661910769662e-02 6.943183363116642304e-02 6.176377244585722071e-02 6.083964648605390269e-02 6.689494497129970518e-02 1.050417245776196634e-01 2.401663960234827755e-01 1.798812683309291560e-01
6.597664405460550163e-02 4.415597119051469649e-02 5.034685609721293448e-02 5.657967535404920950e-02 4.931882740609636051e-02 4.714977560219989206e-02 5.070349920416336587e-02 7.882132969756693031e-02 1.798812683309291560e-01 1.353284500748985486e-01
2.433471452886524361e-02 2.009057971204438603e-02 2.365629526783710398e-02 3.265569677351304323e-02 5.563833322065232789e-02 3.586715050313146746e-02 4.811141479562990042e-02 6.540432659766759471e-02 4.832432482596966949e-02 3.652068700644690163e-02
2.009057971204438603e-02 1.829902502674343387e-02 2.365988159814635602e-02 3.484825801226082431e-02 6.115895059621935526e-02 3.499843740189045871e-02 3.857837507252268039e-02 4.823066346399575849e-02 3.607608068062551077e-02 2.833270610397295441e-02
2.365629526783710398e-02 2.365988159814635602e-02 3.324784586801821096e-02 5.150650616740208576e-02 9.240697236820683003e-02 4.862263861300737677e-02 4.446350569016160881e-02 4.990424133384850636e-02 3.784383772596892903e-02 3.113733717786301008e-02
3.265569677351304323e-02 3.484825801226082431e-02 5.150650616740208576e-02 8.265921502082752836e-02 1.506408501004167233e-01 7.576468802415424475e-02 6.097994770579040491e-02 6.207721596824365001e-02 4.755006337225733265e-02 4.070701655327142732e-02
5.563833322065232789e-02 6.115895059621935526e-02 9.240697236820683003e-02 1.506408501004167233e-01 2.786929006872139736e-01 1.379322008300788160e-01 1.048902519327645777e-01 1.010040367949779638e-01 7.746031367464149830e-02 6.756375116651898438e-02
3.586715050313146746e-02 3.499843740189045871e-02 4.862263861300737677e-02 7.576468802415424475e-02 1.379322008300788160e-01 7.716793031806877534e-02 7.474297976806916488e-02 8.344571141457431118e-02 6.102688188970342709e-02 4.853732857335103096e-02
4.811141479562990042e-02 3.857837507252268039e-02 4.446350569016160881e-02 6.097994770579040491e-02 1.048902519327645777e-01 7.474297976806916488e-02 1.102145781519345558e-01 1.451516007001180664e-01 1.024148389622494271e-01 7.444051358102259097e-02
6.540432659766759471e-02 4.823066346399575849e-02 4.990424133384850636e-02 6.207721596824365001e-02 1.010040367949779638e-01 8.344571141457431118e-02 1.451516007001180664e-01 2.107457946990610176e-01 1.487487024984658068e-01 1.057521289286545152e-01
4.832432482596966949e-02 3.607608068062551077e-02 3.784383772596892903e-02 4.755006337225733265e-02 7.746031367464149830e-02 6.102688188970342709e-02 1.024148389622494271e-01 1.487487024984658068e-01 1.075294496822005313e-01 7.742166737125426301e-02
3.652068700644690163e-02 2.833270610397295441e-02 3.113733717786301008e-02 4.070701655327142732e-02 6.756375116651898438e-02 4.853732857335103096e-02 7.444051358102259097e-02 1.057521289286545152e-01 7.742166737125426301e-02 5.710854601706660816e-02
3.446038005547276406e-02 5.589112788015816735e-02 6.163800615822297851e-02 4.803228689162665488e-02 4.724186182373907306e-02 3.906001035762900198e-02 4.394903732669913632e-02 5.968649009192152771e-02 6.149577005076458519e-02 4.467063253638373088e-02
5.589112788015816735e-02 9.762513440361104966e-02 1.092067425873330666e-01 8.491007409932252448e-02 8.220092655305438756e-02 6.438272000034425679e-02 6.476808812029258289e-02 7.757283668132101961e-02 7.874312388289642084e-02 6.359735159494063483e-02
6.163800615822297851e-02 1.092067425873330666e-01 1.230364767269551962e-01 9.585557420300289122e-02 9.276399678990987496e-02 7.208864523189645324e-02 7.098152563939562343e-02 8.235581902856124736e-02 8.265366279095645585e-02 6.826765142772990569e-02
4.803228689162665488e-02 8.491007409932252448e-02 9.585557420300289122e-02 7.510612619355164221e-02 7.316178813763643540e-02 5.732671442933950923e-02 5.705662499848318525e-02 6.655155323445746673e-02 6.584197297910585056e-02 5.361940466580613490e-02
4.724186182373907306e-02 8.220092655305438756e-02 9.276399678990987496e-02 7.316178813763643540e-02 7.241588157822476113e-02 5.818635638640094754e-02 6.025300263409315293e-02 7.271238667196952554e-02 7.044991553107959881e-02 5.477019797640947374e-02
3.906001035762900198e-02 6.438272000034425679e-02 7.208864523189645324e-02 5.732671442933950923e-02 5.818635638640094754e-02 5.026892446469458098e-02 5.799470453149867255e-02 7.665436945371559285e-02 7.235144130372181404e-02 5.054040337792101156e-02
4.394903732669913632e-02 6.476808812029258289e-02 7.098152563939562343e-02 5.705662499848318525e-02 6.025300263409315293e-02 5.799470453149867255e-02 7.998409214002902279e-02 1.194891000912743084e-01 1.108641383867502161e-01 6.798218757105378707e-02
5.968649009192152771e-02 7.757283668132101961e-02 8.235581902856124736e-02 6.655155323445746673e-02 7.271238667196952554e-02 7.665436945371559285e-02 1.194891000912743084e-01 2.015741284684550716e-01 1.890905048823708356e-01 1.071838813510729710e-01
6.149577005076458519e-02 7.874312388289642084e-02 8.265366279095645585e-02 6.584197297910585056e-02 7.044991553107959881e-02 7.235144130372181404e-02 1.108641383867502161e-01 1.890905048823708356e-01 1.942827783103988903e-01 1.115702412814314065e-01
4.467063253638373088e-02 6.359735159494063483e-02 6.826765142772990569e-02 5.361940466580613490e-02 5.477019797640947374e-02 5.054040337792101156e-02 6.798218757105378707e-02 1.071838813510729710e-01 1.115702412814314065e-01 7.124607765860729858e-02
1.477286447091254451e-01 1.580923605726672343e-01 1.307982218769466187e-01 1.007364771431929207e-01 1.006853962426881438e-01 7.387154606292486991e-02 5.345509779988931454e-02 5.499786857573095433e-02 5.110890839765213495e-02 8.470943919688161960e-02
1.580923605726672343e-01 1.824864181829083387e-01 1.559711480664883465e-01 1.154357128658126119e-01 1.096793026137788396e-01 7.891399254885511638e-02 5.656732378044015963e-02 5.790691095427972362e-02 5.382434280208685251e-02 8.952279777800022098e-02
1.307982218769466187e-01 1.559711480664883465e-01 1.635266608498478491e-01 1.332355912913204266e-01 1.269090592335564427e-01 8.716664530259476962e-02 5.902337004749336896e-02 5.681519977763749285e-02 4.920684125193162950e-02 7.677326685944863005e-02
1.007364771431929207e-01 1.154357128658126119e-01 1.332355912913204266e-01 1.376332539064507865e-01 1.422576861801879700e-01 9.602571783855348708e-02 6.226130345467287275e-02 5.650821830915388200e-02 4.493018025911277302e-02 6.375655580318440041e-02
1.006853962426881438e-01 1.096793026137788396e-01 1.269090592335564427e-01 1.422576861801879700e-01 1.605185239767129568e-01 1.093136086124752160e-01 7.037428094918209143e-02 6.291468610255829264e-02 4.859033097856448047e-02 6.633118726230971540e-02
7.387154606292486991e-02 7.891399254885511638e-02 8.716664530259476962e-02 9.602571783855348708e-02 1.093136086124752160e-01 7.601456535788374269e-02 4.954251118770625767e-02 4.479036695594286466e-02 3.500133376683878944e-02 4.837348593977953970e-02
5.345509779988931454e-02 5.656732378044015963e-02 5.902337004749336896e-02 6.226130345467287275e-02 7.037428094918209143e-02 4.954251118770625767e-02 3.291627400516934643e-02 3.033883949217249659e-02 2.426008584265452669e-02 3.439399548503260795e-02
5.499786857573095433e-02 5.790691095427972362e-02 5.681519977763749285e-02 5.650821830915388200e-02 6.291468610255829264e-02 4.479036695594286466e-02 3.033883949217249659e-02 2.868412150525132681e-02 2.363814585069167959e-02 3.460728857341692499e-02
5.110890839765213495e-02 5.382434280208685251e-02 4.920684125193162950e-02 4.493018025911277302e-02 4.859033097856448047e-02 3.500133376683878944e-02 2.426008584265452669e-02 2.363814585069167959e-02 2.036890554293144945e-02 3.119315777057712208e-02
8.470943919688161960e-02 8.952279777800022098e-02 7.677326685944863005e-02 6.375655580318440041e-02 6.633118726230971540e-02 4.837348593977953970e-02 3.439399548503260795e-02 3.460728857341692499e-02 3.119315777057712208e-02 5.012263196371873064e-02
6.874390643412078838e-02 1.020880256419138821e-01 7.959174951451625235e-02 5.063788331934529485e-02 6.035696225354753031e-02 6.136635301590206981e-02 5.656651144662362685e-02 6.994269981789255630e-02 8.589697259669565321e-02 7.064451847612107649e-02
1.020880256419138821e-01 1.637934946658817781e-01 1.286392972863818762e-01 8.048520192898954428e-02 9.301938074916250854e-02 9.044466403272692634e-02 7.726113626468848750e-02 8.794677587300533950e-02 1.051248659581428824e-01 9.325179233533251177e-02
7.959174951451625235e-02 1.286392972863818762e-01 1.029564426230090146e-01 6.535985667585499093e-02 7.662113893611310900e-02 7.483066206650522412e-02 6.340037234449924508e-02 7.071819956452332634e-02 8.263241102689697359e-02 7.254827043791396701e-02
5.063788331934529485e-02 8.048520192898954428e-02 6.535985667585499093e-02 4.320701136097571810e-02 5.293226367186084497e-02 5.321703682471829594e-02 4.599418427878505106e-02 5.151633466435107805e-02 5.862926435728327973e-02 4.859248677208437284e-02
6.035696225354753031e-02 9.301938074916250854e-02 7.662113893611310900e-02 5.293226367186084497e-02 6.875980438376011472e-02 7.181338259109024125e-02 6.395320274721243148e-02 7.270819356128904731e-02 8.099905870270930619e-02 6.256552151779776194e-02
6.136635301590206981e-02 9.044466403272692634e-02 7.483066206650522412e-02 5.321703682471829594e-02 7.181338259109024125e-02 7.858468862053691328e-02 7.306218762517006915e-02 8.583661021189424589e-02 9.542431775704440788e-02 6.939566376593697683e-02
5.656651144662362685e-02 7.726113626468848750e-02 6.340037234449924508e-02 4.599418427878505106e-02 6.395320274721243148e-02 7.306218762517006915e-02 7.370856194101868542e-02 9.250268728106504634e-02 1.047991026235155498e-01 7.181869354850711762e-02
6.994269981789255630e-02 8.794677587300533950e-02 7.071819956452332634e-02 5.151633466435107805e-02 7.270819356128904731e-02 8.583661021189424589e-02 9.250268728106504634e-02 1.264863757065099459e-01 1.482250760262817102e-01 9.796984691279794766e-02
8.589697259669565321e-02 1.051248659581428824e-01 8.263241102689697359e-02 5.862926435728327973e-02 8.099905870270930619e-02 9.542431775704440788e-02 1.047991026235155498e-01 1.482250760262817102e-01 1.837978124224368959e-01 1.225632422852462600e-01
7.064451847612107649e-02 9.325179233533251177e-02 7.254827043791396701e-02 4.859248677208437284e-02 6.256552151779776194e-02 6.939566376593697683e-02 7.181869354850711762e-02 9.796984691279794766e-02 1.225632422852462600e-01 8.996190184175024973e-02
1.228309358747007585e-01 7.128929384696339189e-02 4.891618063153656965e-02 5.873824460020372895e-02 5.971812693402737959e-02 3.885639379689950768e-02 3.845844626534271338e-02 4.224945138990748861e-02 6.483853115202670159e-02 1.890174950769745732e-01
7.128929384696339189e-02 5.182880659462088535e-02 4.702244185453744590e-02 6.670217447738364946e-02 6.907873527238650446e-02 4.236936757022004979e-02 3.640835622175798980e-02 3.165244043508376459e-02 3.810586401214006991e-02 1.023499341802120849e-01
4.891618063153656965e-02 4.702244185453744590e-02 5.623395484145934931e-02 8.907671492669699820e-02 9.344092131141917834e-02 5.569034328818832369e-02 4.406878752012090283e-02 3.165113633544574395e-02 2.750695728544226906e-02 6.262032391152264066e-02
5.873824460020372895e-02 6.670217447738364946e-02 8.907671492669699820e-02 1.476729165312588299e-01 1.558526553645975254e-01 9.218357534582191648e-02 7.114927551257745064e-02 4.758621474982898530e-02 3.454306512232223347e-02 6.859818797452617301e-02
5.971812693402737959e-02 6.907873527238650446e-02 9.344092131141917834e-02 1.558526553645975254e-01 1.652640135472585869e-01 9.779962552893878280e-02 7.539137961802065691e-02 5.008303366914571703e-02 3.555854370293318190e-02 6.917103413331029960e-02
3.885639379689950768e-02 4.236936757022004979e-02 5.569034328818832369e-02 9.218357534582191648e-02 9.779962552893878280e-02 5.816794475767327055e-02 4.527165520997657178e-02 3.072083617592316629e-02 2.304136517425468128e-02 4.698650533259950135e-02
3.845844626534271338e-02 3.640835622175798980e-02 4.406878752012090283e-02 7.114927551257745064e-02 7.539137961802065691e-02 4.527165520997657178e-02 3.621225886443182884e-02 2.609408665820592277e-02 2.245641576289293326e-02 5.062797566928597948e-02
4.224945138990748861e-02 3.165244043508376459e-02 3.165113633544574395e-02 4.758621474982898530e-02 5.008303366914571703e-02 3.072083617592316629e-02 2.609408665820592277e-02 2.172487735589194793e-02 2.395774572099670929e-02 6.172628926455334120e-02
6.483853115202670159e-02 3.810586401214006991e-02 2.750695728544226906e-02 3.454306512232223347e-02 3.555854370293318190e-02 2.304136517425468128e-02 2.245641576289293326e-02 2.395774572099670929e-02 3.560440178646981368e-02 1.022924977534322849e-01
1.890174950769745732e-01 1.023499341802120849e-01 6.262032391152264066e-02 6.859818797452617301e-02 6.917103413331029960e-02 4.698650533259950135e-02 5.062797566928597948e-02 6.172628926455334120e-02 1.022924977534322849e-01 3.044598898462347325e-01
9.432544769645095917e-02 7.449592523028727986e-02 9.041842240865027858e-02 6.654708259924249636e-02 7.964145619840878876e-02 6.853585939252634929e-02 5.566446169715671272e-02 9.361868504532630531e-02 7.269267062884882113e-02 1.169369076711512800e-01
7.449592523028727986e-02 6.619116342442374346e-02 8.795037349720002950e-02 6.643238623396210962e-02 7.923483120843727301e-02 6.446551639843198234e-02 4.711456807943639746e-02 7.316222447675431451e-02 5.525571697286409123e-02 8.802135029570738733e-02
9.041842240865027858e-02 8.795037349720002950e-02 1.282012035585233800e-01 1.002508316431829360e-01 1.210904051008414445e-01 9.522997341458613874e-02 6.388201305376267625e-02 9.156419947173967400e-02 6.622280536250516048e-02 1.028975841897428467e-01
6.654708259924249636e-02 6.643238623396210962e-02 1.002508316431829360e-01 8.440214041881452522e-02 1.072260103932782122e-01 8.449208740396084438e-02 5.466356877248260138e-02 7.484802679697707961e-02 5.127312202297225341e-02 7.597453229771886085e-02
7.964145619840878876e-02 7.923483120843727301e-02 1.210904051008414445e-01 1.072260103932782122e-01 1.448286710567914248e-01 1.158692112627530968e-01 7.435308061383705258e-02 9.999938666974925172e-02 6.562329538374825355e-02 9.285306483840560787e-02
6.853585939252634929e-02 6.446551639843198234e-02 9.522997341458613874e-02 8.449208740396084438e-02 1.158692112627530968e-01 9.674130242380885036e-02 6.482766680571938611e-02 9.048226007943172000e-02 5.934166812216258580e-02 8.299915971095844780e-02
5.566446169715671272e-02 4.711456807943639746e-02 6.388201305376267625e-02 5.466356877248260138e-02 7.435308061383705258e-02 6.482766680571938611e-02 4.851366159312296700e-02 7.405500408281617819e-02 5.001346218223567952e-02 7.088700497262366562e-02
9.361868504532630531e-02 7.316222447675431451e-02 9.156419947173967400e-02 7.484802679697707961e-02 9.999938666974925172e-02 9.048226007943172000e-02 7.405500408281617819e-02 1.225729173249321263e-01 8.521105722892929890e-02 1.228784250786717630e-01
7.269267062884882113e-02 5.525571697286409123e-02 6.622280536250516048e-02 5.127312202297225341e-02 6.562329538374825355e-02 5.934166812216258580e-02 5.001346218223567952e-02 8.521105722892929890e-02 6.290223623889348858e-02 9.509168116515200053e-02
1.169369076711512800e-01 8.802135029570738733e-02 1.028975841897428467e-01 7.597453229771886085e-02 9.285306483840560787e-02 8.299915971095844780e-02 7.088700497262366562e-02 1.228784250786717630e-01 9.509168116515200053e-02 1.513212562642386461e-01
6.304307102003556262e-02 1.045766722711720664e-01 9.839718500336505635e-02 5.888391350293439852e-02 4.260712472192212941e-02 4.974489842219698144e-02 4.854363485910249965e-02 3.815865586334767773e-02 2.793129544326153693e-02 3.930241571334823492e-02
1.045766722711720664e-01 1.752106638284188778e-01 1.649903639337951256e-01 9.721534640658324733e-02 6.668098824424772975e-02 7.249742128623719306e-02 6.955349813811656512e-02 5.641305982004109904e-02 4.351638658652279279e-02 6.396499904210425913e-02
9.839718500336505635e-02 1.649903639337951256e-01 1.570172176725398994e-01 9.350360526752811430e-02 6.538987813569886731e-02 7.244655431057694939e-02 6.913136920295927246e-02 5.510939774677581920e-02 4.167719028958830063e-02 6.041258190962675578e-02
5.888391350293439852e-02 9.721534640658324733e-02 9.350360526752811430e-02 6.016718547209470164e-02 4.969450643423555664e-02 6.509769355050781803e-02 6.298510343726569649e-02 4.582578998364990330e-02 2.993661192834533302e-02 3.808880013410787663e-02
4.260712472192212941e-02 6.668098824424772975e-02 6.538987813569886731e-02 4.969450643423555664e-02 5.793367649611205067e-02 9.506260955450095140e-02 9.400997636183905382e-02 6.209651889921680157e-02 3.295170055388733227e-02 3.197174969835583913e-02
4.974489842219698144e-02 7.249742128623719306e-02 7.244655431057694939e-02 6.509769355050781803e-02 9.506260955450095140e-02 1.774505498884966781e-01 1.783465401101239078e-01 1.136869400755002590e-01 5.456995226029826007e-02 4.364134982145718988e-02
4.854363485910249965e-02 6.955349813811656512e-02 6.913136920295927246e-02 6.298510343726569649e-02 9.400997636183905382e-02 1.783465401101239078e-01 1.847189487987888901e-01 1.181373511167593815e-01 5.616125737393690143e-02 4.378317724223532853e-02
3.815865586334767773e-02 5.641305982004109904e-02 5.510939774677581920e-02 4.582578998364990330e-02 6.209651889921680157e-02 1.136869400755002590e-01 1.181373511167593815e-01 7.758387805103078572e-02 3.830020159772419552e-02 3.218416871105168192e-02
2.793129544326153693e-02 4.351638658652279279e-02 4.167719028958830063e-02 2.993661192834533302e-02 3.295170055388733227e-02 5.456995226029826007e-02 5.616125737393690143e-02 3.830020159772419552e-02 2.091731255875407813e-02 2.081497452851712587e-02
3.930241571334823492e-02 6.396499904210425913e-02 6.041258190962675578e-02 3.808880013410787663e-02 3.197174969835583913e-02 4.364134982145718988e-02 4.378317724223532853e-02 3.218416871105168192e-02 2.081497452851712587e-02 2.595749621372870838e-02
7.710012284712355890e-02 7.484026280581419777e-02 8.069445164863101039e-02 6.423629310212917998e-02 4.720128689050673981e-02 4.730528865406277705e-02 5.579243086247101524e-02 6.614130199062309701e-02 8.932505575565760636e-02 1.294125730720874778e-01
7.484026280581419777e-02 9.506834517926490702e-02 1.124686413416805253e-01 8.984423929668636233e-02 6.401161098470259381e-02 6.026765189165526199e-02 6.472095931956198256e-02 6.664331217921715123e-02 7.661947235509786180e-02 1.031236046040298615e-01
8.069445164863101039e-02 1.124686413416805253e-01 1.402835394299305483e-01 1.130153328152294079e-01 8.019420057950520098e-02 7.444501475540546420e-02 7.776059632081652739e-02 7.580201333323527413e-02 8.005390098912447405e-02 1.018242019935738651e-01
6.423629310212917998e-02 8.984423929668636233e-02 1.130153328152294079e-01 9.213692452503689789e-02 6.582135146871485876e-02 6.147146488922387852e-02 6.444044057760267563e-02 6.267324585362239742e-02 6.530410935220752611e-02 8.141807234418424466e-02
4.720128689050673981e-02 6.401161098470259381e-02 8.019420057950520098e-02 6.582135146871485876e-02 4.766337222567448156e-02 4.523057434098821938e-02 4.822299643581497153e-02 4.774703730916795424e-02 5.045126840419036224e-02 6.254281990549265258e-02
4.730528865406277705e-02 6.026765189165526199e-02 7.444501475540546420e-02 6.147146488922387852e-02 4.523057434098821938e-02 4.414026978833268666e-02 4.851488414202215216e-02 4.973475819771969869e-02 5.432596471907129299e-02 6.756770834373432288e-02
5.579243086247101524e-02 6.472095931956198256e-02 7.776059632081652739e-02 6.444044057760267563e-02 4.822299643581497153e-02 4.851488414202215216e-02 5.581270946908998415e-02 6.024141461971174727e-02 6.921933395611490347e-02 8.735921630882761968e-02
6.614130199062309701e-02 6.664331217921715123e-02 7.580201333323527413e-02 6.267324585362239742e-02 4.774703730916795424e-02 4.973475819771969869e-02 6.024141461971174727e-02 7.088108926873236404e-02 8.831108242233963457e-02 1.152150308779675419e-01
8.932505575565760636e-02 7.661947235509786180e-02 8.005390098912447405e-02 6.530410935220752611e-02 5.045126840419036224e-02 5.432596471907129299e-02 6.921933395611490347e-02 8.831108242233963457e-02 1.236476801780544144e-01 1.702669322605663837e-01
1.294125730720874778e-01 1.031236046040298615e-01 1.018242019935738651e-01 8.141807234418424466e-02 6.254281990549265258e-02 6.756770834373432288e-02 8.735921630882761968e-02 1.152150308779675419e-01 1.702669322605663837e-01 2.532659470887604347e-01
9.616338958360851064e-02 1.005146321745043897e-01 8.566365279029944380e-02 1.046426934634661632e-01 6.618603822399035663e-02 6.184926971430138032e-02 9.817921866552080379e-02 6.374567178748678786e-02 7.605809928528600716e-02 7.207257113376239199e-02
1.005146321745043897e-01 1.129036977664586716e-01 1.020523572877513885e-01 1.279490715289121894e-01 7.614486393380287543e-02 6.422536401437412001e-02 9.650544242965883313e-02 6.234972312347094453e-02 7.475089706822685143e-02 7.255478899191770970e-02
8.566365279029944380e-02 1.020523572877513885e-01 1.062908160279370934e-01 1.444152616462694161e-01 8.208483830339979859e-02 6.195968289563905107e-02 8.612280197185895325e-02 5.392129691280357628e-02 6.292188437552304059e-02 6.087638774735235764e-02
1.046426934634661632e-01 1.279490715289121894e-01 1.444152616462694161e-01 2.149384592340413958e-01 1.212631061761561824e-01 8.766429226384940543e-02 1.170416409298261073e-01 7.096461936603759568e-02 7.973864140023492753e-02 7.518224149493751840e-02
6.618603822399035663e-02 7.614486393380287543e-02 8.208483830339979859e-02 1.212631061761561824e-01 7.416967648144021097e-02 5.968706404792270548e-02 8.503419232643166792e-02 5.129295518606860615e-02 5.628880426338048887e-02 5.051840111834898783e-02
6.184926971430138032e-02 6.422536401437412001e-02 6.195968289563905107e-02 8.766429226384940543e-02 5.968706404792270548e-02 5.817606115370026199e-02 9.124917719737873911e-02 5.525576927501202329e-02 5.973132807193567984e-02 5.096376458093240108e-02
9.817921866552080379e-02 9.650544242965883313e-02 8.612280197185895325e-02 1.170416409298261073e-01 8.503419232643166792e-02 9.124917719737873911e-02 1.512855610971741149e-01 9.218234578551098846e-02 9.958148596907366590e-02 8.352637310582536334e-02
6.374567178748678786e-02 6.234972312347094453e-02 5.392129691280357628e-02 7.096461936603759568e-02 5.129295518606860615e-02 5.525576927501202329e-02 9.218234578551098846e-02 5.723888731894525433e-02 6.307919787114660282e-02 5.367337680222669660e-02
7.605809928528600716e-02 7.475089706822685143e-02 6.292188437552304059e-02 7.973864140023492753e-02 5.628880426338048887e-02 5.973132807193567984e-02 9.958148596907366590e-02 6.307919787114660282e-02 7.177455950183711519e-02 6.265015075309499082e-02
7.207257113376239199e-02 7.255478899191770970e-02 6.087638774735235764e-02 7.518224149493751840e-02 5.051840111834898783e-02 5.096376458093240108e-02 8.352637310582536334e-02 5.367337680222669660e-02 6.265015075309499082e-02 5.705889183485739896e-02
4.367585946196279878e-02 3.245295651743896476e-02 1.933190914460903437e-02 3.029482747331957090e-02 4.840457473018278806e-02 3.690178153563370561e-02 4.614826352192470671e-02 6.362846159598722906e-02 7.492848053153366994e-02 8.408953808623456649e-02
3.245295651743896476e-02 2.553059313129042371e-02 1.726176150958090572e-02 3.105231485841276201e-02 5.267669417773839652e-02 3.586295718471751992e-02 3.776703429253321087e-02 4.761169805709072889e-02 5.458037186854960282e-02 6.120170492704561649e-02
1.933190914460903437e-02 1.726176150958090572e-02 1.497968129358123908e-02 3.264284631262416581e-02 5.923505881240793969e-02 3.558079443942753495e-02 2.861127837147191960e-02 2.936507121443135762e-02 3.111069925361182459e-02 3.464007071640280711e-02
3.029482747331957090e-02 3.105231485841276201e-02 3.264284631262416581e-02 7.926440636566065012e-02 1.484407569469653743e-01 8.417300696867686949e-02 5.711491465628058817e-02 4.814124963013536457e-02 4.607992160980370344e-02 5.075634099144554767e-02
4.840457473018278806e-02 5.267669417773839652e-02 5.923505881240793969e-02 1.484407569469653743e-01 2.826806502729714565e-01 1.581087842707594726e-01 1.018066727924199638e-01 7.915636071919848749e-02 7.180353058957325563e-02 7.844093214570539707e-02
3.690178153563370561e-02 3.586295718471751992e-02 3.558079443942753495e-02 8.417300696867686949e-02 1.581087842707594726e-01 9.424334166369238708e-02 6.825451603479977536e-02 6.048553047074199662e-02 5.854686407164394479e-02 6.376163861806623256e-02
4.614826352192470671e-02 3.776703429253321087e-02 2.861127837147191960e-02 5.711491465628058817e-02 1.018066727924199638e-01 6.825451603479977536e-02 6.628639038479589018e-02 7.405189223595914916e-02 7.888028661814668052e-02 8.617945923433786848e-02
6.362846159598722906e-02 4.761169805709072889e-02 2.936507121443135762e-02 4.814124963013536457e-02 7.915636071919848749e-02 6.048553047074199662e-02 7.405189223595914916e-02 9.865788570922226497e-02 1.115602269719901396e-01 1.227847314401545598e-01
7.492848053153366994e-02 5.458037186854960282e-02 3.111069925361182459e-02 4.607992160980370344e-02 7.180353058957325563e-02 5.854686407164394479e-02 7.888028661814668052e-02 1.115602269719901396e-01 1.312308914188660691e-01 1.457768936839556051e-01
8.408953808623456649e-02 6.120170492704561649e-02 3.464007071640280711e-02 5.075634099144554767e-02 7.844093214570539707e-02 6.376163861806623256e-02 8.617945923433786848e-02 1.227847314401545598e-01 1.457768936839556051e-01 1.634503002979570963e-01
9.699538836435439570e-02 1.457816803752056689e-01 8.415291712407710345e-02 6.977055142468181759e-02 4.524328213305443824e-02 5.614131751316508989e-02 4.944608979108168489e-02 3.565527962938368212e-02 3.018596127626918882e-02 6.455771313852481930e-02
1.457816803752056689e-01 2.204369881011775667e-01 1.270288478824366796e-01 1.042444387587934673e-01 6.541518657262293535e-02 7.777510314214797216e-02 6.857871617150204657e-02 5.062489027313156476e-02 4.430795052438954440e-02 9.637881003398962587e-02
8.415291712407710345e-02 1.270288478824366796e-01 7.515950596318735077e-02 6.505044044536141545e-02 4.469444992036240849e-02 5.848190716876870698e-02 5.031169579350625032e-02 3.445319418024052338e-02 2.725955888392450621e-02 5.633198391807629768e-02
6.977055142468181759e-02 1.042444387587934673e-01 6.505044044536141545e-02 6.516590580328887605e-02 5.487991755338370026e-02 8.481566982729263349e-02 7.070806116990421830e-02 4.277606600313907381e-02 2.721382249899896577e-02 4.869869594916383104e-02
4.524328213305443824e-02 6.541518657262293535e-02 4.469444992036240849e-02 5.487991755338370026e-02 6.204996540781668179e-02 1.129287139854662503e-01 9.273234360307772151e-02 5.080208491077328747e-02 2.516879422911284803e-02 3.490656496794412866e-02
5.614131751316508989e-02 7.777510314214797216e-02 5.848190716876870698e-02 8.481566982729263349e-02 1.129287139854662503e-01 2.246272591722779655e-01 1.841791758718552829e-01 9.710795580756642620e-02 4.235778203283974142e-02 4.826923427270171651e-02
4.944608979108168489e-02 6.857871617150204657e-02 5.031169579350625032e-02 7.070806116990421830e-02 9.273234360307772151e-02 1.841791758718552829e-01 1.539465427442216761e-01 8.177727194695377788e-02 3.613424195724887489e-02 4.206302244933349255e-02
3.565527962938368212e-02 5.062489027313156476e-02 3.445319418024052338e-02 4.277606600313907381e-02 5.080208491077328747e-02 9.710795580756642620e-02 8.177727194695377788e-02 4.489019057722033745e-02 2.151119005795292319e-02 2.836947113325740191e-02
3.018596127626918882e-02 4.430795052438954440e-02 2.725955888392450621e-02 2.721382249899896577e-02 2.516879422911284803e-02 4.235778203283974142e-02 3.613424195724887489e-02 2.151119005795292319e-02 1.287458761240847967e-02 2.169604671635559645e-02
6.455771313852481930e-02 9.637881003398962587e-02 5.633198391807629768e-02 4.869869594916383104e-02 3.490656496794412866e-02 4.826923427270171651e-02 4.206302244933349255e-02 2.836947113325740191e-02 2.169604671635559645e-02 4.385366625404680391e-02
