2.340303857086628858e-01 1.992734968963125741e-01 1.434582115427105453e-01 3.101810615544700611e-02 -4.483844946276945714e-02 -8.523240490178740636e-02 -4.013053908682318038e-02 7.713456456188044763e-02 1.942556986872832903e-01 2.428531852469903440e-01
1.992734968963125741e-01 2.608220091901973792e-01 2.950595499501011965e-01 1.654428289587667189e-01 5.243015451887271527e-02 -3.435007921050112906e-02 -7.416180561874162469e-02 -7.954110636013454055e-03 7.144391322252968690e-02 1.406716945714339140e-01
1.434582115427105453e-01 2.950595499501011965e-01 4.314035495584193636e-01 2.969311816362182332e-01 1.627241671718116511e-01 4.957374246656987005e-02 -6.714073735476647209e-02 -7.764052633546418558e-02 -5.476661533214909061e-02 2.391478136338838489e-02
3.101810615544700611e-02 1.654428289587667189e-01 2.969311816362182332e-01 2.441582065860810336e-01 1.754272471347130824e-01 1.204649748425210970e-01 2.138911340297643821e-02 -6.035478710474932729e-02 -1.010910012524438989e-01 -6.497020469747118165e-02
-4.483844946276945714e-02 5.243015451887271527e-02 1.627241671718116511e-01 1.754272471347130824e-01 1.801791857747250536e-01 2.028378192790480650e-01 1.511690512364993744e-01 3.308625684215807643e-03 -8.982203385438694565e-02 -1.007458926757108242e-01
-8.523240490178740636e-02 -3.435007921050112906e-02 4.957374246656987005e-02 1.204649748425210970e-01 2.028378192790480650e-01 3.315537331034730251e-01 3.539909699408742561e-01 1.222166664490252908e-01 -2.481985086329155377e-02 -9.052242861937583041e-02
-4.013053908682318038e-02 -7.416180561874162469e-02 -6.714073735476647209e-02 2.138911340297643821e-02 1.511690512364993744e-01 3.539909699408742561e-01 4.921452876533808918e-01 2.580430503252770791e-01 1.246856803960134930e-01 2.387470722383196187e-02
7.713456456188044763e-02 -7.954110636013454055e-03 -7.764052633546418558e-02 -6.035478710474932729e-02 3.308625684215807643e-03 1.222166664490252908e-01 2.580430503252770791e-01 2.128256542151450714e-01 2.071199401035921928e-01 1.555725183066897221e-01
1.942556986872832903e-01 7.144391322252968690e-02 -5.476661533214909061e-02 -1.010910012524438989e-01 -8.982203385438694565e-02 -2.481985086329155377e-02 1.246856803960134930e-01 2.071199401035921928e-01 3.025444866601273430e-01 2.862516577302482434e-01
2.428531852469903440e-01 1.406716945714339140e-01 2.391478136338838489e-02 -6.497020469747118165e-02 -1.007458926757108242e-01 -9.052242861937583041e-02 2.387470722383196187e-02 1.555725183066897221e-01 2.862516577302482434e-01 3.103375015497914502e-01
2.583211064163934978e-01 2.334671705124918284e-01 1.546571832209503172e-01 2.804429388108227103e-02 -5.740328440759541462e-02 -1.018228666974541896e-01 -7.458701142495749448e-02 5.103463562046411939e-02 1.682247233506176110e-01 2.400344776676457403e-01
2.334671705124918284e-01 3.014732403913384373e-01 2.973788616338857160e-01 1.599825720368179827e-01 4.803648913057911862e-02 -3.453563426606366671e-02 -7.983755331076697326e-02 -3.828891707615730833e-02 5.517408219683803128e-02 1.506638904569357895e-01
1.546571832209503172e-01 2.973788616338857160e-01 3.856518002742468365e-01 2.710988463415101579e-01 1.638977549163208036e-01 7.234518953954324760e-02 -2.705577280581846628e-02 -8.811326860215235035e-02 -5.718158786707761704e-02 3.006540378573963057e-02
2.804429388108227103e-02 1.599825720368179827e-01 2.710988463415101579e-01 2.383381856367071949e-01 1.911369335672870595e-01 1.449680237294073137e-01 6.152581790675330786e-02 -5.220746932614503399e-02 -9.599825227400921035e-02 -6.536622078678044900e-02
-5.740328440759541462e-02 4.803648913057911862e-02 1.638977549163208036e-01 1.911369335672870595e-01 2.023395676353882400e-01 2.076769049294926450e-01 1.601591748221145028e-01 2.189557839919750379e-02 -8.442179003589483921e-02 -1.095317278316624010e-01
-1.018228666974541896e-01 -3.453563426606366671e-02 7.234518953954324760e-02 1.449680237294073137e-01 2.076769049294926450e-01 2.758439447025861080e-01 2.861044561168315514e-01 1.440283701581688280e-01 -2.036479275375352449e-02 -1.042171581788850637e-01
-7.458701142495749448e-02 -7.983755331076697326e-02 -2.705577280581846628e-02 6.152581790675330786e-02 1.601591748221145028e-01 2.861044561168315514e-01 3.931471459374712984e-01 3.057566016053238633e-01 1.222560186956063999e-01 -1.032054696892560630e-02
5.103463562046411939e-02 -3.828891707615730833e-02 -8.811326860215235035e-02 -5.220746932614503399e-02 2.189557839919750379e-02 1.440283701581688280e-01 3.057566016053238633e-01 3.612859442409691590e-01 2.667120573095190794e-01 1.567556838900128202e-01
1.682247233506176110e-01 5.517408219683803128e-02 -5.718158786707761704e-02 -9.599825227400921035e-02 -8.442179003589483921e-02 -2.036479275375352449e-02 1.222560186956063999e-01 2.667120573095190794e-01 2.968385047002777832e-01 2.574226032504442485e-01
2.400344776676457403e-01 1.506638904569357895e-01 3.006540378573963057e-02 -6.536622078678044900e-02 -1.095317278316624010e-01 -1.042171581788850637e-01 -1.032054696892560630e-02 1.567556838900128202e-01 2.574226032504442485e-01 2.867605600646226938e-01
3.461809599771635271e-01 2.928591496940093353e-01 1.394839553262114951e-01 -2.912630907825641303e-03 -8.212901546210782389e-02 -9.726876955276546333e-02 -6.147725576293775612e-02 2.017360343060459887e-02 1.352190188328006581e-01 2.772135353636612232e-01
2.928591496940093353e-01 3.149849550557211053e-01 2.270626223376292496e-01 1.369041679184566096e-01 1.231380518812423379e-02 -6.342296421282075936e-02 -9.140596775912759875e-02 -7.284044742498503588e-02 4.140934033635729900e-02 1.857848413424983969e-01
1.394839553262114951e-01 2.270626223376292496e-01 2.609273585597500222e-01 2.816875933373946816e-01 1.544153492697653285e-01 4.282356655749437746e-02 -3.985298686259428763e-02 -8.916762195864604001e-02 -4.112279981818668662e-02 3.871106108683695229e-02
-2.912630907825641303e-03 1.369041679184566096e-01 2.816875933373946816e-01 4.237742081550208706e-01 3.029742601554833992e-01 1.705829960996496919e-01 5.050250848692634797e-02 -4.923591784831941875e-02 -8.360488959979305024e-02 -8.151001710778668641e-02
-8.212901546210782389e-02 1.231380518812423379e-02 1.544153492697653285e-01 3.029742601554833992e-01 2.657454141451695007e-01 1.978439807745787649e-01 1.261062640355695152e-01 5.796894221318677626e-02 -3.087017029212657873e-02 -9.321494480093484025e-02
-9.726876955276546333e-02 -6.342296421282075936e-02 4.282356655749437746e-02 1.705829960996496919e-01 1.978439807745787649e-01 2.018452769019968285e-01 1.924098920681588942e-01 1.762775932366877352e-01 5.396257276272349579e-02 -4.839375729262081899e-02
-6.147725576293775612e-02 -9.140596775912759875e-02 -3.985298686259428763e-02 5.050250848692634797e-02 1.261062640355695152e-01 1.924098920681588942e-01 2.508730733308936478e-01 2.976708998571175879e-01 1.568951904581772361e-01 3.568161832986788823e-02
2.017360343060459887e-02 -7.284044742498503588e-02 -8.916762195864604001e-02 -4.923591784831941875e-02 5.796894221318677626e-02 1.762775932366877352e-01 2.976708998571175879e-01 4.220176217832092291e-01 2.734184898954989951e-01 1.521825194128524628e-01
1.352190188328006581e-01 4.140934033635729900e-02 -4.112279981818668662e-02 -8.360488959979305024e-02 -3.087017029212657873e-02 5.396257276272349579e-02 1.568951904581772361e-01 2.734184898954989951e-01 2.313755237331306946e-01 2.056909193586300977e-01
2.772135353636612232e-01 1.857848413424983969e-01 3.871106108683695229e-02 -8.151001710778668641e-02 -9.321494480093484025e-02 -4.839375729262081899e-02 3.568161832986788823e-02 1.521825194128524628e-01 2.056909193586300977e-01 2.822756083579477382e-01
2.690154912142592725e-01 2.491919751602015010e-01 1.819462875640347754e-01 3.989730493004121914e-02 -9.303483468131798495e-02 -9.568458735932475201e-02 -5.425023591762658144e-03 9.895785641251197973e-02 1.577564741139059201e-01 2.042953995581615889e-01
2.491919751602015010e-01 2.777014784661541724e-01 2.590304403140684109e-01 1.418155627316702305e-01 -2.378413386124934858e-02 -1.001776937332179568e-01 -6.637621654163569640e-02 5.914447863571653183e-03 8.318748109771587074e-02 1.567917349088965573e-01
1.819462875640347754e-01 2.590304403140684109e-01 3.206059315941224841e-01 2.755839497117870684e-01 1.183839995409025903e-01 -3.655801057700155954e-02 -9.102507409140914163e-02 -8.068074447390299886e-02 -8.523975119755652918e-03 7.650728124249868423e-02
3.989730493004121914e-02 1.418155627316702305e-01 2.755839497117870684e-01 3.670019479576899224e-01 3.071052514114724907e-01 1.244914321656801631e-01 -2.532043188283390062e-02 -1.012548875034094686e-01 -8.390455069871630145e-02 -3.335641472021316778e-02
-9.303483468131798495e-02 -2.378413386124934858e-02 1.183839995409025903e-01 3.071052514114724907e-01 4.097190814688994598e-01 2.994193616174928851e-01 1.270558738998268933e-01 2.796398180151352022e-03 -6.445056126549558728e-02 -9.019065007240059662e-02
-9.568458735932475201e-02 -1.001776937332179568e-01 -3.655801057700155954e-02 1.244914321656801631e-01 2.994193616174928851e-01 3.311022373424706844e-01 2.448666677382407841e-01 1.626218945057809617e-01 5.149908560908314503e-02 -3.237937725022240615e-02
-5.425023591762658144e-03 -6.637621654163569640e-02 -9.102507409140914163e-02 -2.532043188283390062e-02 1.270558738998268933e-01 2.448666677382407841e-01 2.720755720375822584e-01 2.679579099858399593e-01 1.653771175072120125e-01 7.071428077428745795e-02
9.895785641251197973e-02 5.914447863571653183e-03 -8.068074447390299886e-02 -1.012548875034094686e-01 2.796398180151352022e-03 1.626218945057809617e-01 2.679579099858399593e-01 3.368456574242872925e-01 2.542850564876610320e-01 1.661800068885028736e-01
1.577564741139059201e-01 8.318748109771587074e-02 -8.523975119755652918e-03 -8.390455069871630145e-02 -6.445056126549558728e-02 5.149908560908314503e-02 1.653771175072120125e-01 2.542850564876610320e-01 2.278632889401699113e-01 1.844543311925685436e-01
2.042953995581615889e-01 1.567917349088965573e-01 7.650728124249868423e-02 -3.335641472021316778e-02 -9.019065007240059662e-02 -3.237937725022240615e-02 7.071428077428745795e-02 1.661800068885028736e-01 1.844543311925685436e-01 1.880693135543622940e-01
2.607585762390240980e-01 2.469732728978475400e-01 1.465683628267729355e-01 -8.823839922594053226e-03 -9.949121233692152788e-02 -8.221506741937918694e-02 -1.617305994606632602e-02 7.178275781836927771e-02 1.521322783924787814e-01 2.461027379696116846e-01
2.469732728978475400e-01 3.326985025987717060e-01 3.047148442209026697e-01 1.271217305594632418e-01 -2.925223584003913690e-02 -9.252144645980177329e-02 -8.741567867381025425e-02 -4.342327135244484354e-02 4.485081943716408281e-02 1.596112721701335169e-01
1.465683628267729355e-01 3.047148442209026697e-01 3.975861120482508948e-01 2.837263362276060130e-01 1.320299902383413881e-01 -2.984556664502841829e-03 -7.687098279811015178e-02 -1.047393755539022669e-01 -5.930057260700334620e-02 2.330552133812600554e-02
-8.823839922594053226e-03 1.271217305594632418e-01 2.837263362276060130e-01 3.228728839771740633e-01 2.791230842807342905e-01 1.502948483705020544e-01 3.903524592405595295e-02 -4.226206790846252781e-02 -7.857752107974184941e-02 -8.296715056194044202e-02
-9.949121233692152788e-02 -2.925223584003913690e-02 1.320299902383413881e-01 2.791230842807342905e-01 3.534922928951036436e-01 2.701555735940606162e-01 1.658075452675951411e-01 7.325810488301606749e-02 -2.433086699781568385e-02 -9.956131728199413278e-02
-8.221506741937918694e-02 -9.252144645980177329e-02 -2.984556664502841829e-03 1.502948483705020544e-01 2.701555735940606162e-01 2.650122769408476131e-01 2.168275962211138608e-01 1.651854216675994469e-01 6.617148054810070845e-02 -2.290202518410872079e-02
-1.617305994606632602e-02 -8.741567867381025425e-02 -7.687098279811015178e-02 3.903524592405595295e-02 1.658075452675951411e-01 2.168275962211138608e-01 2.314714626738570702e-01 2.318626246099023680e-01 1.542089334050699145e-01 7.937635074875323826e-02
7.178275781836927771e-02 -4.342327135244484354e-02 -1.047393755539022669e-01 -4.226206790846252781e-02 7.325810488301606749e-02 1.651854216675994469e-01 2.318626246099023680e-01 2.881394868484797311e-01 2.389633825115801136e-01 1.892171421347202120e-01
1.521322783924787814e-01 4.485081943716408281e-02 -5.930057260700334620e-02 -7.857752107974184941e-02 -2.433086699781568385e-02 6.617148054810070845e-02 1.542089334050699145e-01 2.389633825115801136e-01 2.437695865955034347e-01 2.439970482961544840e-01
2.461027379696116846e-01 1.596112721701335169e-01 2.330552133812600554e-02 -8.296715056194044202e-02 -9.956131728199413278e-02 -2.290202518410872079e-02 7.937635074875323826e-02 1.892171421347202120e-01 2.439970482961544840e-01 3.041988191829863020e-01
3.684439156526237991e-01 2.417195112738759200e-01 1.571818826329680618e-01 8.164514067857944757e-02 -3.268417326589671129e-03 -7.777241664850792491e-02 -1.117059550174141214e-01 -4.170096823998253877e-02 1.286721832788313979e-01 3.157253728694110473e-01
2.417195112738759200e-01 1.930780235142262324e-01 1.605614261915470631e-01 1.286522291582266886e-01 7.945719390135083660e-02 -2.341631220599999647e-02 -1.008564428120625328e-01 -9.409149845729708472e-02 5.703196584048981707e-03 1.599939109230641976e-01
1.571818826329680618e-01 1.605614261915470631e-01 1.732658878055574336e-01 1.850053332591398425e-01 1.771245978955797717e-01 5.116508830228365390e-02 -5.752578930772813542e-02 -1.013059927724727360e-01 -5.942939117047119774e-02 6.097141022570360530e-02
8.164514067857944757e-02 1.286522291582266886e-01 1.850053332591398425e-01 2.503737926191970109e-01 2.982326359617960554e-01 1.540074228844796611e-01 2.347352629079246453e-02 -6.867709475140133801e-02 -8.789428594986287147e-02 -1.525746565383197598e-02
-3.268417326589671129e-03 7.945719390135083660e-02 1.771245978955797717e-01 2.982326359617960554e-01 4.245084026051123560e-01 2.789873761757413750e-01 1.480828549641962921e-01 1.553872922442682374e-02 -7.259457960442161628e-02 -7.488999202637336428e-02
-7.777241664850792491e-02 -2.341631220599999647e-02 5.116508830228365390e-02 1.540074228844796611e-01 2.789873761757413750e-01 2.489450967229883682e-01 2.198311662038959224e-01 1.392860931781245148e-01 3.683058444342351273e-02 -5.696348780974804654e-02
-1.117059550174141214e-01 -1.008564428120625328e-01 -5.752578930772813542e-02 2.347352629079246453e-02 1.480828549641962921e-01 2.198311662038959224e-01 2.967446999588324585e-01 2.756068999121183416e-01 1.740254594308018876e-01 2.532473572825814923e-03
-4.170096823998253877e-02 -9.409149845729708472e-02 -1.013059927724727360e-01 -6.867709475140133801e-02 1.553872922442682374e-02 1.392860931781245148e-01 2.756068999121183416e-01 3.299540524768088678e-01 2.835601556563278614e-01 1.187526282135447919e-01
1.286721832788313979e-01 5.703196584048981707e-03 -5.942939117047119774e-02 -8.789428594986287147e-02 -7.259457960442161628e-02 3.683058444342351273e-02 1.740254594308018876e-01 2.835601556563278614e-01 3.448718122869902647e-01 2.740099609963822513e-01
3.157253728694110473e-01 1.599939109230641976e-01 6.097141022570360530e-02 -1.525746565383197598e-02 -7.488999202637336428e-02 -5.696348780974804654e-02 2.532473572825814923e-03 1.187526282135447919e-01 2.740099609963822513e-01 3.698143163576614878e-01
4.211065872140115629e-01 2.938816244467246097e-01 1.618802285506840133e-01 4.447196859161646476e-02 -4.963308727297852108e-02 -8.701588207381015516e-02 -6.693228917298875424e-02 2.389079772674016638e-02 1.579855631845166197e-01 2.871690670168184911e-01
2.938816244467246097e-01 2.733442006067877683e-01 2.188047843615286425e-01 1.458622136357164700e-01 5.843510093325300636e-02 -4.041126172575947029e-02 -9.857562772050101896e-02 -6.736840185273759718e-02 7.403689470649168700e-03 1.384561342051154609e-01
1.618802285506840133e-01 2.188047843615286425e-01 2.427955218964691353e-01 2.272364709238516023e-01 1.723963964162637530e-01 4.509653363965411554e-02 -6.522948506144969627e-02 -9.795048238032519339e-02 -8.700832707212956263e-02 1.596393961864001412e-02
4.447196859161646476e-02 1.458622136357164700e-01 2.272364709238516023e-01 2.760095027844963189e-01 2.741617438871251089e-01 1.533307926030341717e-01 2.451786015415508002e-02 -6.609437859837806462e-02 -1.125147236643920801e-01 -6.147903587714437929e-02
-4.963308727297852108e-02 5.843510093325300636e-02 1.723963964162637530e-01 2.741617438871251089e-01 3.464687094074919704e-01 2.683395650064936966e-01 1.586592086227308906e-01 2.457922539271006901e-02 -6.653433241008602228e-02 -8.641077080809556055e-02
-8.701588207381015516e-02 -4.041126172575947029e-02 4.509653363965411554e-02 1.533307926030341717e-01 2.683395650064936966e-01 2.897109826499988938e-01 2.627199259518768759e-01 1.452507683678010419e-01 5.705248118019269621e-02 -3.153628879743366337e-02
-6.693228917298875424e-02 -9.857562772050101896e-02 -6.522948506144969627e-02 2.451786015415508002e-02 1.586592086227308906e-01 2.627199259518768759e-01 3.284320241245005656e-01 2.493322804987222474e-01 1.882835039688845746e-01 5.763388584403320025e-02
2.389079772674016638e-02 -6.736840185273759718e-02 -9.795048238032519339e-02 -6.609437859837806462e-02 2.457922539271006901e-02 1.452507683678010419e-01 2.493322804987222474e-01 2.421811654294296901e-01 2.394553054129869296e-01 1.385216347182219310e-01
1.579855631845166197e-01 7.403689470649168700e-03 -8.700832707212956263e-02 -1.125147236643920801e-01 -6.653433241008602228e-02 5.705248118019269621e-02 1.882835039688845746e-01 2.394553054129869296e-01 3.031150231616124846e-01 2.432439189702995663e-01
2.871690670168184911e-01 1.384561342051154609e-01 1.596393961864001412e-02 -6.147903587714437929e-02 -8.641077080809556055e-02 -3.153628879743366337e-02 5.763388584403320025e-02 1.385216347182219310e-01 2.432439189702995663e-01 2.768362827251973912e-01
2.872872590562104977e-01 2.418385204199480221e-01 1.581420158468095916e-01 4.814070090151582881e-02 -4.668795888234699570e-02 -1.036502461228764466e-01 -7.382624301948184642e-02 1.163825255597006683e-02 1.489680869121906281e-01 2.709090550597426650e-01
2.418385204199480221e-01 2.902080490983369732e-01 2.688347151281844094e-01 1.717520433243580058e-01 4.455665847126722562e-02 -5.725611574212521870e-02 -9.501215595358547539e-02 -7.866790526624535540e-02 5.705601340302070626e-03 1.422774887727392690e-01
1.581420158468095916e-01 2.688347151281844094e-01 3.205531968716131552e-01 2.676042765368561449e-01 1.508813883321913352e-01 4.590544800783172286e-02 -4.528477375933449151e-02 -9.606415804520916646e-02 -8.284166719115017286e-02 2.229069989963426007e-02
4.814070090151582881e-02 1.717520433243580058e-01 2.676042765368561449e-01 2.870385906350233496e-01 2.270460551173502095e-01 1.652473889901149018e-01 5.615760650171245510e-02 -3.770901863069857363e-02 -9.375168059799290909e-02 -6.176504129500498541e-02
-4.668795888234699570e-02 4.455665847126722562e-02 1.508813883321913352e-01 2.270460551173502095e-01 2.478625324037422861e-01 2.540445947750516464e-01 1.626266500367351819e-01 6.162578012928680848e-02 -3.756841670129914407e-02 -8.739064749245531449e-02
-1.036502461228764466e-01 -5.725611574212521870e-02 4.590544800783172286e-02 1.652473889901149018e-01 2.540445947750516464e-01 3.319054707557730355e-01 2.658621095704770121e-01 1.722565984684570339e-01 5.015500697143996517e-02 -6.948111072353663209e-02
-7.382624301948184642e-02 -9.501215595358547539e-02 -4.528477375933449151e-02 5.615760650171245510e-02 1.626266500367351819e-01 2.658621095704770121e-01 2.615902825885160210e-01 2.242067529609324816e-01 1.456649893247310978e-01 1.999893090992475170e-02
1.163825255597006683e-02 -7.866790526624535540e-02 -9.606415804520916646e-02 -3.770901863069857363e-02 6.162578012928680848e-02 1.722565984684570339e-01 2.242067529609324816e-01 2.615894215804351886e-01 2.541408381908918379e-01 1.522704955879201350e-01
1.489680869121906281e-01 5.705601340302070626e-03 -8.284166719115017286e-02 -9.375168059799290909e-02 -3.756841670129914407e-02 5.015500697143996517e-02 1.456649893247310978e-01 2.541408381908918379e-01 3.445680833863157821e-01 3.042690932254703551e-01
2.709090550597426650e-01 1.422774887727392690e-01 2.229069989963426007e-02 -6.176504129500498541e-02 -8.739064749245531449e-02 -6.948111072353663209e-02 1.999893090992475170e-02 1.522704955879201350e-01 3.042690932254703551e-01 3.673971136240360424e-01
2.777390244945924236e-01 2.967822999042510901e-01 1.778539073329364339e-01 3.708097506839864999e-02 -7.049820175311730108e-02 -8.870544007065769843e-02 -3.177824769811063432e-02 6.636742394854081017e-02 1.470205931568533408e-01 1.859557793598912157e-01
2.967822999042510901e-01 3.825703767681668532e-01 2.851979691928664407e-01 1.421497065825189643e-01 2.147501224653146357e-02 -6.568777698748773375e-02 -8.589076416366815681e-02 -2.685197310544739160e-02 6.497448120707516317e-02 1.533187637477625154e-01
1.778539073329364339e-01 2.851979691928664407e-01 2.739260204937123966e-01 2.084826082234469968e-01 1.477986702228608618e-01 3.318837921452656714e-02 -6.122774813821063589e-02 -8.372345060425202823e-02 -3.714847385152397763e-02 5.153657786708830402e-02
3.708097506839864999e-02 1.421497065825189643e-01 2.084826082234469968e-01 2.419147769461735820e-01 2.660046437461360824e-01 1.579547411393369960e-01 1.946437005811810922e-02 -8.142756001347870032e-02 -9.910654049920469832e-02 -4.213177009484424945e-02
-7.049820175311730108e-02 2.147501224653146357e-02 1.477986702228608618e-01 2.660046437461360824e-01 3.840176351434472779e-01 3.003375317058085137e-01 1.450504205467198771e-01 -1.998546658294322875e-02 -1.051823313080865741e-01 -9.706579990837752026e-02
-8.870544007065769843e-02 -6.568777698748773375e-02 3.318837921452656714e-02 1.579547411393369960e-01 3.003375317058085137e-01 3.145303558186904880e-01 2.528485438235936744e-01 1.249576447294106496e-01 1.341196136685058812e-02 -4.930907645771741288e-02
-3.177824769811063432e-02 -8.589076416366815681e-02 -6.122774813821063589e-02 1.946437005811810922e-02 1.450504205467198771e-01 2.528485438235936744e-01 3.284705754729743132e-01 2.857924686455498575e-01 1.807281046565152316e-01 5.615081735429225396e-02
6.636742394854081017e-02 -2.685197310544739160e-02 -8.372345060425202823e-02 -8.142756001347870032e-02 -1.998546658294322875e-02 1.249576447294106496e-01 2.857924686455498575e-01 3.433735490434056681e-01 2.837577061464836570e-01 1.516692482599305003e-01
1.470205931568533408e-01 6.497448120707516317e-02 -3.714847385152397763e-02 -9.910654049920469832e-02 -1.051823313080865741e-01 1.341196136685058812e-02 1.807281046565152316e-01 2.837577061464836570e-01 2.848823915048955269e-01 1.914908957110360577e-01
1.859557793598912157e-01 1.533187637477625154e-01 5.153657786708830402e-02 -4.213177009484424945e-02 -9.706579990837752026e-02 -4.930907645771741288e-02 5.615081735429225396e-02 1.516692482599305003e-01 1.914908957110360577e-01 1.685752943139414151e-01
3.408494064987656613e-01 3.057583288076679562e-01 1.492515010377451490e-01 4.231486565183947141e-02 -3.923627207079923712e-02 -8.492527174085864883e-02 -6.857297929417138782e-02 1.309315953378785424e-02 1.400702610157267824e-01 2.616145233397196845e-01
3.057583288076679562e-01 3.804841352237908203e-01 2.563878747779413381e-01 1.700435038587502778e-01 6.594470051869101568e-02 -3.231946404023489094e-02 -9.641399242410167436e-02 -8.773079632158981012e-02 -1.800386837580733590e-02 1.355399631857651388e-01
1.492515010377451490e-01 2.563878747779413381e-01 2.244805721084938144e-01 2.049654461234245439e-01 1.438080922407357909e-01 6.477302045564557742e-02 -2.529294063119099170e-02 -8.139482989489787990e-02 -9.042276202918901606e-02 2.413316337653405655e-03
4.231486565183947141e-02 1.700435038587502778e-01 2.049654461234245439e-01 2.477419090274717017e-01 2.295168126187789870e-01 1.755680783067228024e-01 6.999818752098005414e-02 -4.054350140082091380e-02 -1.121613928000560340e-01 -7.633621314554125958e-02
-3.923627207079923712e-02 6.594470051869101568e-02 1.438080922407357909e-01 2.295168126187789870e-01 2.661881352441965998e-01 2.591669508688054790e-01 1.726282130973259554e-01 4.245202826547891939e-02 -6.296143838370135692e-02 -9.303070673507952970e-02
-8.492527174085864883e-02 -3.231946404023489094e-02 6.477302045564557742e-02 1.755680783067228024e-01 2.591669508688054790e-01 3.146210553138920618e-01 2.705681465347934966e-01 1.484721129754166535e-01 3.672967712189353917e-02 -5.639977813359133701e-02
-6.857297929417138782e-02 -9.641399242410167436e-02 -2.529294063119099170e-02 6.999818752098005414e-02 1.726282130973259554e-01 2.705681465347934966e-01 2.990001331482889935e-01 2.323031610598691454e-01 1.618710473353747181e-01 3.792044256812195785e-02
1.309315953378785424e-02 -8.773079632158981012e-02 -8.139482989489787990e-02 -4.054350140082091380e-02 4.245202826547891939e-02 1.484721129754166535e-01 2.323031610598691454e-01 2.527363012557874433e-01 2.587465431669775384e-01 1.543023782635058461e-01
1.400702610157267824e-01 -1.800386837580733590e-02 -9.042276202918901606e-02 -1.121613928000560340e-01 -6.296143838370135692e-02 3.672967712189353917e-02 1.618710473353747181e-01 2.587465431669775384e-01 3.529039117665556113e-01 2.881582421597252974e-01
2.616145233397196845e-01 1.355399631857651388e-01 2.413316337653405655e-03 -7.633621314554125958e-02 -9.303070673507952970e-02 -5.639977813359133701e-02 3.792044256812195785e-02 1.543023782635058461e-01 2.881582421597252974e-01 3.209944404127583195e-01
3.219062726803824104e-01 2.874409768118054709e-01 1.227539833170153971e-01 1.382109221932080120e-02 -5.510692262431358263e-02 -7.188437963059023106e-02 -5.641607920874749244e-02 3.524827910036981704e-02 1.493848629331597233e-01 2.832332818369258653e-01
2.874409768118054709e-01 3.405628432677095807e-01 2.217686476391327877e-01 1.664419959921878689e-01 5.062550381483295336e-02 -4.638172273767574016e-02 -1.119162478076523859e-01 -5.461286834396804346e-02 4.907167933912631730e-02 1.881423795768527862e-01
1.227539833170153971e-01 2.217686476391327877e-01 2.162032632476889871e-01 2.539731959083748603e-01 1.573170629955795152e-01 3.987339134648529293e-02 -5.554860154517966137e-02 -7.350354151226579091e-02 -4.472554167836763350e-02 2.297881459727250594e-02
1.382109221932080120e-02 1.664419959921878689e-01 2.539731959083748603e-01 3.923931974768707365e-01 2.996311457699477598e-01 1.524180308897521985e-01 3.026444146836373972e-02 -6.619951705212774595e-02 -1.072325804909842750e-01 -9.574697288933095574e-02
-5.510692262431358263e-02 5.062550381483295336e-02 1.573170629955795152e-01 2.996311457699477598e-01 2.784199599769707212e-01 2.001229289154286828e-01 1.447082922860093435e-01 2.632962905202552301e-02 -5.904052804478916727e-02 -1.029153306485516700e-01
-7.188437963059023106e-02 -4.638172273767574016e-02 3.987339134648529293e-02 1.524180308897521985e-01 2.001229289154286828e-01 2.224466947815929574e-01 2.659930197377252670e-01 1.515860973752174157e-01 4.251576726950814789e-02 -4.100614930901200217e-02
-5.641607920874749244e-02 -1.119162478076523859e-01 -5.554860154517966137e-02 3.026444146836373972e-02 1.447082922860093435e-01 2.659930197377252670e-01 4.249945551465181826e-01 3.060019057996171687e-01 1.713334405767734658e-01 5.357557627067505157e-02
3.524827910036981704e-02 -5.461286834396804346e-02 -7.350354151226579091e-02 -6.619951705212774595e-02 2.632962905202552301e-02 1.515860973752174157e-01 3.060019057996171687e-01 2.685794506036975893e-01 2.020866606313511116e-01 1.402376678616594208e-01
1.493848629331597233e-01 4.907167933912631730e-02 -4.472554167836763350e-02 -1.072325804909842750e-01 -5.904052804478916727e-02 4.251576726950814789e-02 1.713334405767734658e-01 2.020866606313511116e-01 2.151463783714541167e-01 2.259062771273799008e-01
2.832332818369258653e-01 1.881423795768527862e-01 2.297881459727250594e-02 -9.574697288933095574e-02 -1.029153306485516700e-01 -4.100614930901200217e-02 5.357557627067505157e-02 1.402376678616594208e-01 2.259062771273799008e-01 3.193473844471159118e-01
3.854164004064668525e-01 2.555668941320551890e-01 1.497805032695713745e-01 4.216727620901446205e-02 -4.618722853875353862e-02 -9.175848096088272399e-02 -6.827305545460995995e-02 1.921014279494707294e-02 1.488590392256541328e-01 3.214305123264777353e-01
2.555668941320551890e-01 2.358496664701200674e-01 2.154016494123313363e-01 1.529954606934375017e-01 6.123463140349054423e-02 -3.181979588562620920e-02 -8.589935448614473279e-02 -7.369832638520894263e-02 1.738273337586791756e-02 1.528751838411455399e-01
1.497805032695713745e-01 2.154016494123313363e-01 2.757386060852262677e-01 2.616953326821067627e-01 1.791641196649890466e-01 5.823394575407517260e-02 -5.757177824109284414e-02 -1.133175498766924305e-01 -7.048273959077239192e-02 2.265249808202810661e-02
4.216727620901446205e-02 1.529954606934375017e-01 2.616953326821067627e-01 3.053807580035391434e-01 2.621500808837196050e-01 1.591433389400704612e-01 2.624098887475177083e-02 -7.394838287331739757e-02 -9.380418722969718903e-02 -6.495885700207457147e-02
-4.618722853875353862e-02 6.123463140349054423e-02 1.791641196649890466e-01 2.621500808837196050e-01 2.865011631748257126e-01 2.449773766096459415e-01 1.439248101100584210e-01 3.407495039140820414e-02 -4.885166072785658564e-02 -9.209622311005496997e-02
-9.175848096088272399e-02 -3.181979588562620920e-02 5.823394575407517260e-02 1.591433389400704612e-01 2.449773766096459415e-01 2.935674641065720847e-01 2.607778021064273144e-01 1.752865223479093681e-01 4.671848194197885523e-02 -5.596908223930405213e-02
-6.827305545460995995e-02 -8.589935448614473279e-02 -5.757177824109284414e-02 2.624098887475177083e-02 1.439248101100584210e-01 2.607778021064273144e-01 3.150556671513164986e-01 2.846184520346590197e-01 1.536887243875899867e-01 3.545676767260962092e-02
1.921014279494707294e-02 -7.369832638520894263e-02 -1.133175498766924305e-01 -7.394838287331739757e-02 3.407495039140820414e-02 1.752865223479093681e-01 2.846184520346590197e-01 3.235782920477206503e-01 2.322412239533779010e-01 1.481019160650942634e-01
1.488590392256541328e-01 1.738273337586791756e-02 -7.048273959077239192e-02 -9.380418722969718903e-02 -4.885166072785658564e-02 4.671848194197885523e-02 1.536887243875899867e-01 2.322412239533779010e-01 2.300345854471322338e-01 2.345256349308325050e-01
3.214305123264777353e-01 1.528751838411455399e-01 2.265249808202810661e-02 -6.495885700207457147e-02 -9.209622311005496997e-02 -5.596908223930405213e-02 3.545676767260962092e-02 1.481019160650942634e-01 2.345256349308325050e-01 3.488773971070844304e-01
3.187277004762177901e-01 2.575777031976376752e-01 1.397083618983970266e-01 1.879363318135570532e-02 -6.361682301860417665e-02 -8.885211066096812549e-02 -5.928951299379731782e-02 2.820474565847976012e-02 1.469136841924150449e-01 2.966078279434091192e-01
2.575777031976376752e-01 3.034324162488771237e-01 2.609576396074956284e-01 1.612254484488733208e-01 4.323583607214009916e-02 -5.089812066148707848e-02 -9.863314827756765324e-02 -7.451763365327285227e-02 2.088027459260720364e-02 1.597799608797387250e-01
1.397083618983970266e-01 2.609576396074956284e-01 3.131848336066896943e-01 2.727516462077715920e-01 1.668189294156304792e-01 4.521971360575417070e-02 -5.465477741085415786e-02 -1.004815924627932011e-01 -6.885817618943054774e-02 1.153678875984274696e-02
1.879363318135570532e-02 1.612254484488733208e-01 2.727516462077715920e-01 3.095166922695969935e-01 2.543621654398847687e-01 1.538291233196984187e-01 4.691897918582010885e-02 -4.589402636159540388e-02 -8.793477326929474702e-02 -8.556412833279404551e-02
-6.361682301860417665e-02 4.323583607214009916e-02 1.668189294156304792e-01 2.543621654398847687e-01 2.737666679908727918e-01 2.319591222020461474e-01 1.610473910771293149e-01 5.983020381755012329e-02 -3.807508324991883825e-02 -1.034161696489910576e-01
-8.885211066096812549e-02 -5.089812066148707848e-02 4.521971360575417070e-02 1.538291233196984187e-01 2.319591222020461474e-01 2.649853422907000322e-01 2.532461515747139735e-01 1.748551944878140585e-01 5.179655065612166764e-02 -5.255313266846102505e-02
-5.928951299379731782e-02 -9.863314827756765324e-02 -5.465477741085415786e-02 4.691897918582010885e-02 1.610473910771293149e-01 2.532461515747139735e-01 3.095663592775478312e-01 2.728793131662201610e-01 1.536117143581197109e-01 4.340768068738318219e-02
2.820474565847976012e-02 -7.451763365327285227e-02 -1.004815924627932011e-01 -4.589402636159540388e-02 5.983020381755012329e-02 1.748551944878140585e-01 2.728793131662201610e-01 2.994659414171769729e-01 2.273783910635496786e-01 1.593847197542498095e-01
1.469136841924150449e-01 2.088027459260720364e-02 -6.885817618943054774e-02 -8.793477326929474702e-02 -3.807508324991883825e-02 5.179655065612166764e-02 1.536117143581197109e-01 2.273783910635496786e-01 2.396087849847967355e-01 2.537975864196522213e-01
2.966078279434091192e-01 1.597799608797387250e-01 1.153678875984274696e-02 -8.556412833279404551e-02 -1.034161696489910576e-01 -5.255313266846102505e-02 4.340768068738318219e-02 1.593847197542498095e-01 2.537975864196522213e-01 3.677452614375257278e-01
2.188926644912917718e-01 2.161271404358870718e-01 1.401817902083002387e-01 5.697231905421559078e-02 -5.272628839687441143e-02 -9.708606643105024969e-02 -5.343235866203534246e-02 5.636003263947628877e-02 1.693129613484649632e-01 2.246914009096425691e-01
2.161271404358870718e-01 2.598331818564050821e-01 2.170723164954661555e-01 1.705338786031670162e-01 1.704339329485841242e-02 -9.522072265253164747e-02 -1.090033683626462635e-01 -2.064004169122800325e-02 9.589932161472282390e-02 1.806933715729698020e-01
1.401817902083002387e-01 2.170723164954661555e-01 2.414683318817446023e-01 2.745671415089522283e-01 1.338991619699595459e-01 -1.274643003588748005e-02 -9.002832825835295483e-02 -6.970082709208735849e-02 -1.698677934141560979e-03 7.744349532206384890e-02
5.697231905421559078e-02 1.705338786031670162e-01 2.745671415089522283e-01 4.247231241408426783e-01 3.094760618667626306e-01 1.328263702656253265e-01 -1.604034218606291418e-02 -8.659620230187281553e-02 -8.805177738820597899e-02 -2.915712267316223488e-02
-5.272628839687441143e-02 1.704339329485841242e-02 1.338991619699595459e-01 3.094760618667626306e-01 3.270910692123338293e-01 2.547043461000709774e-01 1.412878496831224684e-01 1.455688450807055695e-02 -7.045787254501736929e-02 -8.993753683645733243e-02
-9.708606643105024969e-02 -9.522072265253164747e-02 -1.274643003588748005e-02 1.328263702656253265e-01 2.547043461000709774e-01 3.153422791423687865e-01 2.839821894175648120e-01 1.544874598131965593e-01 2.627293594837757165e-02 -6.509966094604104081e-02
-5.343235866203534246e-02 -1.090033683626462635e-01 -9.002832825835295483e-02 -1.604034218606291418e-02 1.412878496831224684e-01 2.839821894175648120e-01 3.483384454540164321e-01 2.678464266076270306e-01 1.562417664008087792e-01 3.439909919197494531e-02
5.636003263947628877e-02 -2.064004169122800325e-02 -6.970082709208735849e-02 -8.659620230187281553e-02 1.455688450807055695e-02 1.544874598131965593e-01 2.678464266076270306e-01 2.829119733757545219e-01 2.483750053495797638e-01 1.573458225731954596e-01
1.693129613484649632e-01 9.589932161472282390e-02 -1.698677934141560979e-03 -8.805177738820597899e-02 -7.045787254501736929e-02 2.627293594837757165e-02 1.562417664008087792e-01 2.483750053495797638e-01 3.017725110639208341e-01 2.605613017542016685e-01
2.246914009096425691e-01 1.806933715729698020e-01 7.744349532206384890e-02 -2.915712267316223488e-02 -8.993753683645733243e-02 -6.509966094604104081e-02 3.439909919197494531e-02 1.573458225731954596e-01 2.605613017542016685e-01 2.796264193813265408e-01
2.630314166175650170e-01 2.329622187129975486e-01 1.581048397615983370e-01 4.575645335401674896e-02 -4.584534590259099068e-02 -9.439933539548445163e-02 -7.466445266651393353e-02 2.202059164137240219e-02 1.550998322598684254e-01 2.587281337664192327e-01
2.329622187129975486e-01 2.889919073517773773e-01 2.743420328311231282e-01 1.677808180670127824e-01 5.486221939033736339e-02 -4.269489665870419837e-02 -9.462336769490535537e-02 -6.863606448930872905e-02 2.934576147058952367e-02 1.531557442834643457e-01
1.581048397615983370e-01 2.743420328311231282e-01 3.317438398815369949e-01 2.618572397862538592e-01 1.646420710488494255e-01 5.433904697662694794e-02 -4.697921112518365500e-02 -9.658835962265237274e-02 -6.510492562233374803e-02 3.683485631493904622e-02
4.575645335401674896e-02 1.677808180670127824e-01 2.618572397862538592e-01 2.627492766199442942e-01 2.246710861888494559e-01 1.532217101615569455e-01 5.306918222945566921e-02 -4.540794750989861350e-02 -9.128258271915076771e-02 -5.691778218041163018e-02
-4.584534590259099068e-02 5.486221939033736339e-02 1.646420710488494255e-01 2.246710861888494559e-01 2.569310374309147216e-01 2.419633445532544946e-01 1.680287251509267610e-01 4.657568741736834578e-02 -6.332479437809061806e-02 -1.027603786152257448e-01
-9.439933539548445163e-02 -4.269489665870419837e-02 5.433904697662694794e-02 1.532217101615569455e-01 2.419633445532544946e-01 2.955459736831392292e-01 2.715005784187118354e-01 1.614564585911550387e-01 1.824143708344123233e-02 -8.538645001857718408e-02
-7.466445266651393353e-02 -9.462336769490535537e-02 -4.697921112518365500e-02 5.306918222945566921e-02 1.680287251509267610e-01 2.715005784187118354e-01 3.211812037476294845e-01 2.665205929202227320e-01 1.416882385323284810e-01 7.244564649966372602e-03
2.202059164137240219e-02 -6.863606448930872905e-02 -9.658835962265237274e-02 -4.540794750989861350e-02 4.657568741736834578e-02 1.614564585911550387e-01 2.665205929202227320e-01 3.085996440467683177e-01 2.621465919898158248e-01 1.537520225102668170e-01
1.550998322598684254e-01 2.934576147058952367e-02 -6.510492562233374803e-02 -9.128258271915076771e-02 -6.332479437809061806e-02 1.824143708344123233e-02 1.416882385323284810e-01 2.621465919898158248e-01 3.257402229754168821e-01 2.894060008695174546e-01
2.587281337664192327e-01 1.531557442834643457e-01 3.683485631493904622e-02 -5.691778218041163018e-02 -1.027603786152257448e-01 -8.538645001857718408e-02 7.244564649966372602e-03 1.537520225102668170e-01 2.894060008695174546e-01 3.454854776453147314e-01
3.793090965679667970e-01 2.567366624771599826e-01 1.848615499954638919e-01 5.210085635093132661e-02 -5.337366823682448275e-02 -1.045776427888364807e-01 -4.613771019053018729e-02 6.373914110161738034e-02 1.823360221377915424e-01 2.675251144092878341e-01
2.567366624771599826e-01 2.331778657447632075e-01 2.421475091316838968e-01 1.408465116289903118e-01 4.766620473828757365e-02 -4.398167234052556551e-02 -7.502252126193445503e-02 -4.098278160940535542e-02 3.668686779673425991e-02 1.334188753703813013e-01
1.848615499954638919e-01 2.421475091316838968e-01 3.351966727379093181e-01 2.543784165495681648e-01 1.721055680974985236e-01 4.340777337200073249e-02 -7.687314357588230507e-02 -1.166363833558467511e-01 -7.549364995664953337e-02 3.648567582598472719e-02
5.210085635093132661e-02 1.408465116289903118e-01 2.543784165495681648e-01 2.440172932005729989e-01 2.283688010817357672e-01 1.472019618419499465e-01 8.570972339330941436e-03 -8.324530714409678067e-02 -1.018289746920422872e-01 -4.219897868992944501e-02
-5.337366823682448275e-02 4.766620473828757365e-02 1.721055680974985236e-01 2.283688010817357672e-01 2.979816521344214042e-01 2.879351907569254188e-01 1.446436556628508674e-01 4.448376033834394033e-03 -7.764801184401565193e-02 -8.433196614315971451e-02
-1.045776427888364807e-01 -4.398167234052556551e-02 4.340777337200073249e-02 1.472019618419499465e-01 2.879351907569254188e-01 3.838180724695742785e-01 2.910401102758792824e-01 1.492737709331537210e-01 2.676481083505617697e-02 -5.691545338663820536e-02
-4.613771019053018729e-02 -7.502252126193445503e-02 -7.687314357588230507e-02 8.570972339330941436e-03 1.446436556628508674e-01 2.910401102758792824e-01 3.132016293699616538e-01 2.509624492225194237e-01 1.597151549352220368e-01 4.551441692933286265e-02
