7.246258785849565842e-02 6.607548439679401808e-02 7.030682432599993925e-02 6.051073190780949240e-02 1.138028784812842586e-01 1.217692801116983525e-01 1.398442542414229661e-01 1.120130705295931950e-01 1.287684101051890795e-01 1.144464780417133176e-01
1.401950599700668709e-01 1.336169681278608912e-01 6.208223980345841525e-02 4.786898030717818414e-02 3.525404706110845526e-02 7.343423546218122433e-02 1.289384373981725396e-01 1.329602105452352134e-01 1.163013351191386630e-01 1.293484862055995777e-01
7.631996737927093655e-02 7.315267064671235331e-02 8.431835248218691459e-02 1.104939856204815440e-01 1.411117722438329225e-01 1.416948609565804040e-01 1.143729780775252364e-01 1.090945412544539889e-01 7.718846659327388560e-02 7.225240474568198068e-02
1.189944709694604891e-01 1.378068671964784164e-01 8.204711864134084376e-02 8.067345414992294073e-02 6.306414437786045379e-02 6.714691371967219935e-02 1.028804780381312733e-01 1.289463509002046482e-01 1.252020841336987378e-01 9.323811787322999756e-02
9.534486725407255447e-02 1.334711861892226015e-01 1.307218210121859625e-01 1.017810456636653593e-01 9.670624391376045348e-02 9.886949203849079715e-02 7.761825582875493679e-02 7.520219878502787392e-02 9.638493088189924174e-02 9.389995843292041344e-02
9.309149347646997197e-02 8.364588172621342799e-02 8.100724899026100212e-02 1.468986294540899351e-01 1.997186274937448880e-01 1.426653427237174754e-01 8.828305837715685889e-02 5.021430191299514761e-02 6.104863390222431407e-02 5.342678194312701356e-02
8.299219379108212225e-02 8.534776016649658903e-02 1.208788717237584132e-01 1.274081045245349653e-01 7.483738683782600876e-02 7.938440497227239323e-02 1.333955793978795490e-01 1.274130293516516355e-01 9.870188685608305423e-02 6.964078237841531127e-02
1.654728620205372924e-01 1.506752971976801081e-01 8.530839570803827598e-02 7.712262626573454516e-02 9.116448234567206543e-02 8.988090223502540055e-02 9.641815478718586407e-02 1.050621632027713415e-01 6.708213449042019216e-02 7.181298174693498404e-02
5.985813381564600300e-02 1.113020762378977568e-01 1.592476496729366142e-01 1.626648991051437843e-01 1.220248208785884025e-01 1.160980538586574434e-01 1.199296749517155258e-01 5.994296587722381525e-02 4.238228732847755531e-02 4.654943827371338383e-02
3.621420054190602894e-02 3.902109145785427613e-02 7.518057942583282471e-02 8.904083335848372860e-02 1.729036501878258858e-01 1.876244369314178928e-01 1.618575871438963643e-01 1.228464905940161028e-01 6.525714136734279969e-02 5.005398899142429747e-02
8.860922520999096885e-02 5.411073284152899399e-02 7.580243054285437654e-02 8.409928711483397046e-02 1.029402596806455461e-01 8.893609020938586518e-02 8.561709465783987061e-02 1.266783121258970024e-01 1.699871463788271697e-01 1.232194212381964027e-01
5.666396805363747846e-02 1.255497343781485364e-01 1.678636187689691583e-01 1.280991123123537689e-01 1.159128009989820185e-01 1.088936143649324728e-01 1.738366118509670488e-01 5.905425657698110120e-02 3.506023170019120783e-02 2.906605099483737520e-02
1.548748429654550618e-01 1.049364994803794193e-01 5.812618417936200876e-02 5.807064478637463667e-02 7.252713859056583723e-02 1.741013821658657923e-01 9.058341340769421324e-02 7.070912257725162076e-02 7.955091074103583237e-02 1.365198611060157441e-01
1.196505499409519918e-01 8.738243069429613152e-02 1.534253871208792475e-01 1.394091771499233468e-01 1.626321645169749308e-01 6.491155319969928172e-02 5.046226044640562958e-02 7.400461238113627271e-02 8.095911047003037653e-02 6.716275407970292988e-02
8.275966461303550792e-02 7.961791326420641912e-02 7.344572989653522233e-02 6.858995768223331846e-02 8.676864193681899096e-02 1.501717837288994439e-01 1.563528523957654626e-01 9.618580291241130009e-02 9.200810342370936701e-02 1.140995501463851897e-01
9.838494294023031328e-02 7.423959312026484625e-02 1.509321746695471700e-01 9.885123937855085086e-02 1.087621165415470492e-01 1.092860730022700011e-01 8.321512644528641922e-02 8.941335967317289024e-02 8.424150880918426787e-02 1.026738654199461781e-01
8.446251444373835404e-02 2.283540385321166655e-01 1.379129193586615121e-01 8.197284359807537057e-02 6.998369585888875033e-02 1.171847937523769478e-01 9.981782551488217747e-02 8.382894829955592209e-02 4.384402538760925200e-02 5.263839525409530484e-02
1.794485732411282841e-01 1.141575862271432124e-01 1.180504425576628658e-01 5.113171768834574860e-02 6.208230866556286448e-02 8.104014214032792540e-02 6.959037316030801390e-02 8.532435115588588026e-02 1.103135314302189501e-01 1.288609737334163730e-01
1.266509857254838334e-01 9.687076817927028904e-02 9.965647621280815383e-02 1.397212845078043553e-01 2.346089653622177029e-01 6.904817165935318857e-02 3.667943225697192777e-02 3.820088106426893643e-02 6.691886555280665561e-02 9.164416947901495025e-02
7.677847473743570905e-02 7.538123441680752435e-02 8.206520949909738849e-02 1.065681088011007638e-01 6.431449749084482137e-02 5.075135404021569735e-02 6.853693308322694744e-02 9.186016864179877284e-02 2.832703694048839815e-01 1.004736498845886505e-01
1.263809768159764868e-01 8.758450454914412653e-02 8.580428948862846295e-02 7.152797776416319753e-02 1.213000782664707955e-01 1.077250345196417158e-01 1.320931763724326469e-01 1.241551623419683004e-01 7.153234863750508599e-02 7.189645124406943144e-02
6.016335670000712288e-02 5.515660011562757009e-02 9.943253065287935288e-02 1.298506864469754496e-01 8.066663408522707635e-02 8.095455975791451819e-02 1.234533669439512732e-01 1.876344661305542338e-01 1.214183095559826092e-01 6.126948961088084233e-02
3.692718935228249399e-02 3.406475726959644346e-02 7.196839588483465444e-02 1.351733830070632192e-01 1.370409741750568955e-01 1.790190566968153929e-01 1.424086475918279748e-01 1.141628853133114518e-01 8.857913436642603222e-02 6.065557634278544163e-02
7.194738849236059774e-02 8.334482513537055937e-02 6.745934655207404262e-02 1.421431154258077090e-01 1.218464149891662907e-01 8.283905268080755946e-02 1.039130930048337287e-01 1.508164621883990864e-01 1.145173009849387025e-01 6.117300054624177919e-02
1.517942870766456620e-01 1.328452391496710849e-01 7.244859955151625175e-02 8.328114431414077035e-02 1.079986995340593003e-01 9.239933084501089633e-02 9.133629504871636218e-02 6.748013725432963628e-02 8.273879305424701458e-02 1.176774741716631878e-01
5.212318702751488064e-02 1.918995189268079757e-02 2.560080764379046858e-02 6.179688005508342241e-02 1.093773409739804553e-01 2.039685834353840987e-01 2.026445621951233067e-01 1.337728746678900071e-01 1.052228159553319636e-01 8.630299615322056805e-02
9.669562791409756775e-02 1.370850090883645733e-01 1.249146098235259794e-01 7.256417904072051672e-02 1.321400104498022532e-01 1.359491886432024899e-01 8.738026860410287588e-02 5.996028470060833782e-02 6.477982072526414226e-02 8.853100101031115277e-02
4.723165220642540352e-02 7.382656049876804016e-02 1.381715408902552678e-01 1.551101314024424804e-01 1.125952510405443530e-01 7.308181802501564905e-02 8.616248767283851695e-02 1.498857919062178412e-01 9.954506491387596356e-02 6.438970144361649828e-02
8.656543511240129274e-02 1.256156131480890559e-01 1.123988153272573592e-01 8.291359756185684438e-02 8.396946863986790022e-02 7.813437539408615851e-02 1.118983701455109336e-01 1.503475529338784145e-01 8.867005670134095463e-02 7.948671503571136387e-02
8.718902962008048818e-02 7.241512392717183721e-02 7.856641863365346201e-02 8.114616151803963340e-02 1.124035081258966950e-01 1.512201825182322712e-01 1.444014478149636127e-01 8.039567097163584364e-02 8.467032595679555018e-02 1.075921309135307868e-01
1.204643500154909119e-01 1.189408226020898518e-01 9.851870846904750567e-02 3.482500534502511180e-02 4.097165302994192071e-02 1.053186043837277819e-01 1.480317747014399665e-01 1.347541832964719022e-01 9.676679239002819455e-02 1.014081057667370195e-01
7.850981668632868449e-02 3.891793452374735229e-02 4.565726754778225149e-02 8.902841472560221736e-02 1.296517983705978427e-01 8.733064112231764264e-02 1.232041978475441474e-01 1.110369107919369491e-01 1.874498196538731953e-01 1.092131987302700225e-01
1.107246307551134068e-01 9.680984437667528031e-02 1.302777097867618139e-01 8.680380074063298590e-02 1.206975401206951959e-01 1.327384794362713172e-01 1.190024848449507400e-01 6.617796975798771741e-02 6.635275818429670069e-02 7.041478199661495296e-02
5.344799544652730633e-02 6.872632117895124959e-02 1.325570054062956138e-01 1.117511072105812769e-01 1.028610608152050326e-01 9.705535273298261656e-02 1.085275033983970350e-01 1.030466498051845620e-01 1.345839682680244620e-01 8.744303573785100481e-02
7.883802806294812338e-02 1.044304166885120511e-01 1.017510284494105577e-01 1.123724037545464766e-01 8.492879534289823895e-02 1.088900399544516090e-01 1.373189260628366326e-01 9.573668767823212411e-02 9.002704908121476890e-02 8.570662492494972307e-02
8.730424262307392991e-02 1.495866888051614607e-01 1.447564421504604348e-01 9.105400742924102397e-02 1.342611481126603223e-01 1.534995261084684537e-01 1.002323317108556322e-01 4.991534380088855083e-02 4.135051517713048130e-02 4.803975408206002246e-02
6.414050020344089220e-02 4.365080172097208361e-02 4.855913190890136233e-02 7.622694099553137259e-02 9.061455025918746520e-02 1.147406665118791413e-01 1.635513548430727604e-01 1.564875149113964803e-01 1.114869400204765715e-01 1.305415986251419469e-01
7.956582459265326701e-02 9.620164729477637122e-02 1.174706856794126980e-01 1.161199378949475391e-01 6.993902527903261834e-02 7.177301949676849480e-02 8.500138210648457149e-02 1.229377696130441178e-01 1.129977165610350776e-01 1.279929914818452863e-01
8.489356802232234100e-02 9.077025950256059628e-02 1.244364422097609668e-01 1.250195620855543421e-01 1.247203709786001702e-01 1.390903224627109691e-01 6.575089370612222095e-02 8.145416352225437473e-02 7.171042100381566642e-02 9.215399650629849115e-02
1.231653103796354343e-01 9.066810158222478322e-02 8.383598204658745945e-02 1.219569507038506667e-01 1.447433023832674914e-01 1.344094102046561601e-01 9.919982831985232896e-02 6.402830707740882199e-02 6.276669636451681633e-02 7.522611093800013471e-02
7.274115577774536989e-02 7.233617178051167385e-02 9.999314307107276534e-02 1.484250531960812358e-01 8.982621740623064621e-02 1.371873727191867398e-01 1.329606363778713385e-01 7.867006465405226856e-02 7.273819443002177421e-02 9.512199058722639600e-02
5.035472889922432138e-02 4.463609169136346921e-02 3.999223015903977108e-02 7.477614824980245711e-02 1.147646691357269155e-01 1.934360754410751615e-01 1.854786201265283263e-01 1.345393559845322606e-01 8.781538436693814287e-02 7.420669594576917438e-02
9.859541469815966130e-02 1.394829409044893165e-01 1.198964739131058443e-01 8.254436989482855092e-02 8.118014010759136423e-02 1.172853476860933053e-01 1.444011347137399981e-01 7.248441434459060306e-02 6.564225191814185290e-02 7.848751181925980869e-02
5.651501331785578619e-02 7.400422194183835234e-02 1.439794947857116481e-01 1.499360538211942373e-01 7.246991659513966899e-02 7.039162456639774801e-02 1.211843833453146169e-01 1.498446512659143415e-01 9.887014108043323812e-02 6.280449928020040429e-02
1.053519489717546220e-01 7.010260239684311390e-02 1.078170315599300405e-01 9.443267907667016181e-02 1.399338641526768068e-01 1.333458969508242442e-01 7.676689451593358970e-02 8.754820703368362822e-02 9.015207389773477464e-02 9.454880144394919861e-02
9.344469789982375041e-02 5.462519705766927247e-02 6.478806236223777493e-02 1.103179996393394841e-01 1.168291933097790891e-01 1.355356423094830898e-01 8.254862577785007649e-02 6.180605878941911047e-02 1.199445036596790137e-01 1.601600191947195051e-01
8.403843851264289344e-02 1.531171033482002231e-01 2.249106708961249590e-01 7.263997223683742177e-02 4.933297627250528977e-02 4.020503714967611081e-02 5.751411125942285096e-02 1.287262880298381817e-01 1.100942911316639544e-01 7.942111116308836483e-02
8.164168530636491117e-02 6.524349796241249444e-02 1.176861294457200308e-01 7.847851727631301177e-02 1.123107980027519409e-01 8.911888018621455521e-02 6.855524943656188253e-02 9.691507120688233612e-02 1.259548301155138939e-01 1.640953410612651653e-01
1.924942417538776374e-01 1.984520203753732392e-01 1.273737168225482219e-01 6.262581720575061128e-02 4.737828642959243663e-02 3.991657459825574683e-02 3.145694508712765236e-02 3.936413876114642357e-02 9.484883386507729497e-02 1.660894251012506873e-01
5.069127582003359056e-02 3.302595918100037498e-02 5.262480836824874608e-02 1.494544311832659012e-01 1.537381929166689587e-01 1.192998041594433567e-01 1.666710036037611919e-01 9.857679337681007903e-02 1.127529534517615339e-01 6.316477793900648896e-02
8.265934372713154565e-02 1.189720724418413117e-01 1.147106255764595850e-01 9.308711853573364836e-02 1.398540407449972434e-01 1.034181654772924758e-01 1.141167052421561967e-01 8.549095898845135433e-02 8.735580131708400864e-02 6.033516794885257495e-02
7.913766183416764965e-02 7.500563634284723724e-02 1.370264735331031825e-01 1.371907863460713195e-01 1.807867887251547456e-01 1.085911428704893489e-01 6.817003797893973760e-02 4.815942310225626577e-02 7.834343447649738668e-02 8.758861479047311271e-02
9.177248184573162659e-02 9.648286057278740446e-02 1.456184893853337547e-01 1.337093825082964482e-01 1.088699282661119427e-01 6.429693796033833508e-02 8.444268536967371175e-02 1.130973455646526182e-01 9.578529617937747709e-02 6.592459234769698639e-02
1.338217653512497607e-01 8.485045519712273998e-02 7.075940027283296463e-02 1.425037309363966498e-01 1.587901072991063367e-01 8.260236546681976044e-02 4.922253544717003493e-02 7.309110796113797714e-02 1.095607093544384014e-01 9.479782271372569347e-02
1.044398774388269335e-01 7.607478766533048997e-02 1.070324159722678969e-01 9.546731980922333605e-02 1.453435565855869527e-01 9.644101191185766586e-02 5.770436782457838421e-02 5.592669869993335818e-02 1.016546066852126173e-01 1.599153574071826012e-01
1.093558308956318614e-01 1.266800661429368646e-01 1.539202851113799508e-01 7.996177304224307003e-02 5.674853333266914601e-02 6.399884431468672030e-02 5.390061249644849395e-02 9.373962829398818641e-02 1.596346028889455981e-01 1.020598234810702748e-01
1.199281824377832761e-01 7.138128930797951743e-02 9.190515726133835495e-02 1.380379367811902513e-01 1.112283150339394566e-01 9.009645847747951852e-02 7.019821181611185512e-02 7.222043951729478772e-02 8.796326972159278224e-02 1.470407396452902971e-01
1.085333073897861156e-01 1.634141882078417873e-01 8.234126246879570898e-02 6.006659870516441874e-02 7.228042052659007510e-02 1.495819827363475407e-01 1.418589025532012160e-01 9.887608062964650668e-02 6.221262548191146963e-02 6.083463130071513347e-02
1.189725062209596312e-01 1.258417133624902540e-01 7.842609152258006588e-02 1.172735209086269714e-01 1.220940473186822861e-01 6.625392099711663318e-02 6.467594192152514854e-02 1.177746528827094546e-01 1.131802076255689071e-01 7.550739723974082829e-02
1.383198186056388279e-01 1.129592532168706975e-01 1.010725632686267916e-01 8.242644374535182394e-02 8.291606683217418727e-02 8.569875445159236271e-02 6.212820661791167154e-02 6.981141354472811256e-02 1.075445713948368492e-01 1.571229083222689393e-01
8.027490308546574027e-02 7.242768667445030617e-02 5.490661419031125923e-02 8.661956114115373917e-02 9.928428988025900237e-02 1.341913002778327701e-01 1.017021459706053121e-01 1.018426315538067811e-01 1.453027132155333412e-01 1.234481540105819425e-01
1.509407786262320084e-01 1.202854260697205913e-01 6.272129051950964262e-02 8.529418482945608226e-02 7.398473574016857512e-02 9.354963766844728856e-02 1.055724479894514373e-01 9.596595211221976840e-02 1.024713877575893495e-01 1.092141586872052983e-01
8.749210200010260063e-02 1.418736477064717616e-01 1.081968102650508051e-01 7.686383399803731198e-02 8.571876679939460786e-02 1.350845039344238108e-01 8.675131272391850557e-02 9.486650461438925208e-02 1.051727781343984452e-01 7.797973982381276037e-02
8.837504962872676229e-02 1.193907377130276892e-01 8.807175591530708170e-02 7.254291892238372286e-02 6.290151596026795355e-02 1.113427594621687888e-01 1.153283309101599818e-01 1.387574598879667276e-01 1.087701969068457231e-01 9.451927469314549968e-02
1.432020275484203742e-01 7.292826325261704545e-02 5.179803124798407210e-02 6.781435860274268035e-02 8.564584872999181364e-02 1.367518886925227495e-01 1.018611445723256737e-01 8.586604248927234839e-02 1.220165460190712758e-01 1.321158488450520085e-01
8.022047451114039385e-02 7.322105891283373080e-02 1.185240258595723351e-01 1.679322280755946584e-01 1.339833593730751227e-01 8.577311745439056279e-02 6.579079415874644621e-02 9.735971763140070789e-02 9.409688425524320721e-02 8.309833976800282129e-02
1.065741191450811781e-01 1.551757906977870582e-01 1.193732249087188224e-01 7.608167934864791537e-02 8.625935002108528482e-02 1.054405671978530523e-01 1.071345742256484268e-01 8.091011457160536546e-02 7.616891655819027496e-02 8.688166332538269088e-02
7.173176678638373827e-02 6.264548858472855641e-02 9.928375103735387341e-02 9.361851783719124520e-02 7.786896475828243569e-02 1.053638470110661307e-01 1.831850346711225430e-01 8.290106724911081026e-02 1.219623497637817161e-01 1.014392123009790758e-01
9.683587695148897223e-02 1.868231433979112843e-01 1.019614613383126311e-01 8.154866284322151437e-02 7.100618017892824929e-02 1.014168764770477238e-01 1.532319232849211899e-01 6.725868819472713422e-02 6.386165288865353062e-02 7.605553444478777014e-02
3.963111596502486011e-02 5.962393916702620617e-02 1.022900653313003616e-01 1.536193187585329079e-01 1.066569105029324949e-01 1.330033464458701964e-01 1.590618502650071320e-01 9.839792694185550692e-02 8.476928858982796244e-02 6.294623803262229533e-02
7.949293606900201259e-02 8.330687572446379696e-02 6.476683335052371704e-02 4.564298211746832534e-02 9.416033448863768418e-02 8.470623526434017947e-02 1.153616555241168407e-01 1.644721829706755623e-01 1.695787712478460663e-01 9.851119324292594015e-02
8.859412915706374458e-02 8.299628093952240993e-02 6.497639665473098347e-02 7.180378039851126326e-02 1.302493098803973459e-01 1.167569270837284373e-01 9.416404656062565826e-02 1.475186548502857575e-01 1.269529486896610326e-01 7.598752578547353365e-02
1.213291084894190519e-01 1.270607545161673846e-01 1.301819453742231736e-01 9.035220666428983582e-02 1.011831517856529999e-01 1.024193313587702242e-01 7.590263622996853976e-02 5.298225193397326782e-02 7.522658301585347096e-02 1.233620306316819404e-01
1.186996194563221252e-01 7.553632936585569224e-02 9.504483549415766730e-02 1.117281368302553424e-01 1.031922841343983488e-01 1.237418546412756004e-01 9.320355079222639172e-02 8.500312434117199278e-02 7.585962723181075007e-02 1.179906377125263667e-01
1.057897577489388674e-01 9.914334625880605323e-02 9.127562341596483220e-02 1.038747016931668987e-01 1.474154175248094667e-01 1.002692001719849707e-01 6.557794826683632783e-02 5.713176199224780094e-02 1.071175304490666613e-01 1.224047124781783569e-01
1.434455880200382893e-01 2.154889925503183645e-01 1.486236128444234916e-01 6.622296638351661546e-02 7.592005195124518213e-02 5.198751622298567604e-02 5.277528250375734808e-02 5.695782771373500419e-02 8.496029016481709828e-02 1.036178716451629372e-01
1.007048467313798878e-01 1.738368898447224531e-01 1.178735575275222797e-01 5.976691034418900317e-02 5.534396249939378676e-02 1.016780260373028322e-01 1.766114981065599054e-01 1.036373000857890719e-01 5.595577551581111531e-02 5.459123330732978951e-02
1.108750676458003515e-01 1.065226100417149407e-01 1.280252669347054784e-01 1.370217683055609537e-01 5.962941530175783211e-02 4.771762935929239891e-02 4.781535337523001861e-02 5.517079597069922403e-02 1.009963832790309046e-01 2.062257097862080779e-01
9.132017903781575185e-02 7.745101315472857628e-02 8.202038363874424032e-02 1.065054457999946719e-01 7.504190081143834179e-02 7.437605060982130367e-02 8.355491342263446364e-02 9.423198279384799314e-02 1.349668944872652321e-01 1.805312362437093698e-01
1.168484507836173719e-01 6.861912887352072943e-02 6.015264908252927062e-02 8.757323052186544166e-02 7.926256095818987046e-02 1.122316557305836071e-01 1.289331532777809597e-01 8.326221013289097916e-02 7.403364112060960289e-02 1.890833195184125071e-01
3.427374527094201317e-02 6.602724843457533077e-02 8.711961011084837225e-02 9.800605506359644226e-02 1.097134740331445618e-01 7.930819288267182410e-02 1.725021170426806472e-01 2.402756081053355752e-01 7.627905421800945662e-02 3.649489483819579744e-02
1.042830951525541561e-01 8.603177494846869777e-02 1.211968523154702548e-01 7.649134292443478256e-02 8.202561790863119318e-02 7.784910157215663151e-02 6.489654712660608560e-02 8.231712079717712349e-02 1.596964050114329514e-01 1.452121422430682207e-01
1.051497828370207416e-01 1.321446694429757041e-01 8.551078793994064398e-02 7.328898613790767180e-02 1.271712083954774919e-01 1.220967633564137705e-01 7.812325727581664880e-02 8.686415129357208387e-02 9.806901544747681498e-02 9.158137787339831748e-02
1.482030659582533050e-01 1.301490939063884300e-01 1.014265611504709397e-01 6.709659608543738774e-02 4.673346027968978272e-02 7.243423506602250650e-02 9.797251060707024006e-02 1.289584226330296179e-01 1.159308268890432148e-01 9.109522742459451317e-02
1.469743467698465811e-01 1.539689120325753446e-01 7.649489032676469458e-02 4.904260998832325746e-02 3.495472492061499348e-02 5.315318821235866936e-02 1.533828473116307656e-01 1.543221450577139942e-01 8.667051502460791645e-02 9.103582035556409546e-02
3.081846786191814666e-02 6.999061538247533520e-02 1.160622610316031644e-01 1.250790694850274498e-01 1.673542003493930230e-01 1.420307333608544775e-01 1.830162632374338627e-01 9.117550345382652299e-02 4.625795737196718160e-02 2.821492846550100950e-02
7.594275942480313568e-02 9.090747152126200936e-02 1.494839400656951534e-01 1.228586162102426188e-01 1.220883902402184751e-01 1.503058406247741174e-01 1.329161590525362868e-01 6.058809287519659192e-02 4.234796317981698310e-02 5.256076680545501700e-02
8.785910807657476562e-02 9.104473895539810790e-02 1.738936519536738723e-01 9.237299267659518365e-02 8.353356930757804832e-02 8.720838848463327575e-02 1.184616227889863788e-01 1.339871749265035272e-01 7.137486511025986635e-02 6.026388771979725167e-02
7.152321543160215789e-02 1.468513789152771365e-01 1.485892559303691185e-01 1.425899309945468652e-01 7.501859465806261229e-02 4.758535581466039749e-02 6.349305547536177041e-02 1.065505048887494532e-01 1.202860180616866503e-01 7.751268982968390064e-02
9.613991135868822646e-02 1.201464387440696335e-01 1.116592859991047820e-01 9.562358156220908401e-02 7.682251052733990448e-02 1.142378389808478556e-01 1.113150035698687035e-01 9.955219196356701605e-02 6.227389557529462022e-02 1.122293417190102366e-01
4.499463635504895309e-02 5.077515382128940102e-02 8.238582425590602887e-02 9.258861327506628935e-02 1.192349801625786077e-01 1.306952571691126497e-01 1.293122940730798975e-01 1.475757330602116002e-01 1.214437777847059141e-01 8.099373004300060297e-02
4.983266390455874661e-02 6.105765395564327624e-02 4.756865001724053243e-02 4.220503103789546157e-02 8.133081183150127347e-02 1.832330063035368939e-01 1.377137587031331545e-01 1.636266559151871025e-01 1.393656033829415442e-01 9.406616494836204934e-02
2.189877545439041229e-01 1.443399128020696476e-01 9.345528004773737130e-02 5.760700437032507948e-02 4.329001967075059298e-02 6.101628821009785764e-02 5.264724420358040530e-02 7.396218674572742346e-02 1.283138765844912266e-01 1.263804328213165018e-01
9.370100131364834939e-02 1.236531514641428797e-01 1.081866326349935625e-01 1.068716467067798714e-01 1.244800477720903881e-01 1.423632807165197689e-01 9.406045893054668094e-02 7.386631931942126694e-02 5.813402520663104450e-02 7.468343593522645818e-02
9.611971784402238705e-02 1.298472406226742204e-01 1.172286038306583206e-01 9.969375765295790393e-02 9.625249294688226209e-02 1.351857202122041246e-01 8.843422185049440443e-02 7.415548996843995821e-02 8.323163217785750634e-02 7.985112289380914830e-02
9.680510091641485182e-02 5.781685617896177576e-02 4.463271199975158560e-02 6.624772517248728176e-02 1.794078294765373560e-01 7.840850955372952180e-02 8.118979380552918124e-02 1.206767668202800570e-01 1.220983027643414986e-01 1.527164033119667863e-01
7.278824993850016578e-02 4.134850469458853373e-02 3.611874229885875254e-02 7.036833707932547977e-02 1.390633535041318203e-01 1.085835573436993162e-01 8.416178752247574502e-02 8.880730091057603692e-02 1.736237678112930727e-01 1.851363988965511187e-01
9.463468159266597013e-02 1.903370259055514602e-01 1.264888986597737242e-01 9.509367760702649996e-02 8.018095581755943502e-02 6.704740991600662003e-02 8.813276363997821217e-02 8.476599377151079751e-02 8.762706997385187602e-02 8.569152311607523831e-02
1.045458167478181544e-01 7.531519771023291454e-02 9.130179213933044269e-02 7.401604678396866976e-02 7.613776386744093572e-02 6.928511310484850028e-02 7.406367817996616087e-02 1.059433996377309450e-01 1.706624728330997376e-01 1.587287189955636779e-01
8.826847451598691940e-02 5.740866292832598472e-02 6.673529277930442816e-02 1.106193977411722290e-01 1.666862671050608480e-01 1.169056121416465893e-01 9.085728203443275974e-02 6.549121710124863882e-02 1.049231814650708888e-01 1.321046121877508250e-01
