7.246258785849565842e-02 6.799005462810395195e-02 6.751516240798338675e-02 5.917333033607347081e-02 7.555669581543188185e-02 7.608274217934937744e-02 8.301226146532633687e-02 8.061341504638269706e-02 9.165081623306155223e-02 8.957231787934513689e-02
6.799005462810395195e-02 6.607548439679401808e-02 6.714136455905719836e-02 5.966523196399724921e-02 7.663684811467803837e-02 7.604446940579823178e-02 8.033302033157793676e-02 7.514540394619895203e-02 8.359935825063082027e-02 8.206895654859833189e-02
6.751516240798338675e-02 6.714136455905719836e-02 7.030682432599993925e-02 6.393437015083816566e-02 8.343223293974985633e-02 8.244440179433309979e-02 8.502955359911539002e-02 7.644183955376661344e-02 8.244022695440594850e-02 8.044942177984404363e-02
5.917333033607347081e-02 5.966523196399724921e-02 6.393437015083816566e-02 6.051073190780949240e-02 8.143729398310031731e-02 8.115003882373467148e-02 8.248408692237646500e-02 7.108917373658579786e-02 7.345197950943888054e-02 7.035072526991040243e-02
7.555669581543188185e-02 7.663684811467803837e-02 8.343223293974985633e-02 8.143729398310031731e-02 1.138028784812842586e-01 1.152322169749746411e-01 1.166642530103940423e-01 9.731888698189108955e-02 9.655179691839341216e-02 9.030728865731246779e-02
7.608274217934937744e-02 7.604446940579823178e-02 8.244440179433309979e-02 8.115003882373467148e-02 1.152322169749746411e-01 1.217692801116983525e-01 1.264397285708405982e-01 1.050307884110303208e-01 1.019318810646771128e-01 9.289055978999032070e-02
8.301226146532633687e-02 8.033302033157793676e-02 8.502955359911539002e-02 8.248408692237646500e-02 1.166642530103940423e-01 1.264397285708405982e-01 1.398442542414229661e-01 1.197057733992567541e-01 1.168547338062765617e-01 1.045176603975715435e-01
8.061341504638269706e-02 7.514540394619895203e-02 7.644183955376661344e-02 7.108917373658579786e-02 9.731888698189108955e-02 1.050307884110303208e-01 1.197057733992567541e-01 1.120130705295931950e-01 1.154037135403690462e-01 1.039312561762366222e-01
9.165081623306155223e-02 8.359935825063082027e-02 8.244022695440594850e-02 7.345197950943888054e-02 9.655179691839341216e-02 1.019318810646771128e-01 1.168547338062765617e-01 1.154037135403690462e-01 1.287684101051890795e-01 1.189058511563290538e-01
8.957231787934513689e-02 8.206895654859833189e-02 8.044942177984404363e-02 7.035072526991040243e-02 9.030728865731246779e-02 9.289055978999032070e-02 1.045176603975715435e-01 1.039312561762366222e-01 1.189058511563290538e-01 1.144464780417133176e-01
1.401950599700668709e-01 1.343305321046174283e-01 8.967864481544651767e-02 7.537522819372148575e-02 5.993591328149272535e-02 7.857347034743206171e-02 9.909736934485567639e-02 1.042778865084179191e-01 1.101669448059771628e-01 1.294969155579782094e-01
1.343305321046174283e-01 1.336169681278608912e-01 8.987008722310087239e-02 7.553383319774920057e-02 5.957283372331480947e-02 7.722652782932654114e-02 9.612351561620463558e-02 9.930670093285937083e-02 1.032444601505567994e-01 1.213747678864056101e-01
8.967864481544651767e-02 8.987008722310087239e-02 6.208223980345841525e-02 5.346368582146444892e-02 4.310442660810531734e-02 5.688349886492719693e-02 7.113784054621068165e-02 7.235084664749283356e-02 7.246921221721461248e-02 8.216229975658728701e-02
7.537522819372148575e-02 7.553383319774920057e-02 5.346368582146444892e-02 4.786898030717818414e-02 4.004022684390147468e-02 5.446054475553611246e-02 6.892621265439977107e-02 6.914913789057888782e-02 6.619078598250378864e-02 7.112042172484203673e-02
5.993591328149272535e-02 5.957283372331480947e-02 4.310442660810531734e-02 4.004022684390147468e-02 3.525404706110845526e-02 4.993412306834055236e-02 6.436823263929086769e-02 6.403857989455093158e-02 5.862053224644998839e-02 5.908818618362569192e-02
7.857347034743206171e-02 7.722652782932654114e-02 5.688349886492719693e-02 5.446054475553611246e-02 4.993412306834055236e-02 7.343423546218122433e-02 9.632971182191440995e-02 9.552423711840005160e-02 8.466296999543412860e-02 8.087436229664668463e-02
9.909736934485567639e-02 9.612351561620463558e-02 7.113784054621068165e-02 6.892621265439977107e-02 6.436823263929086769e-02 9.632971182191440995e-02 1.289384373981725396e-01 1.287477925246027222e-01 1.129549830148030565e-01 1.050193227075882640e-01
1.042778865084179191e-01 9.930670093285937083e-02 7.235084664749283356e-02 6.914913789057888782e-02 6.403857989455093158e-02 9.552423711840005160e-02 1.287477925246027222e-01 1.329602105452352134e-01 1.193951021656149414e-01 1.118575741010394697e-01
1.101669448059771628e-01 1.032444601505567994e-01 7.246921221721461248e-02 6.619078598250378864e-02 5.862053224644998839e-02 8.466296999543412860e-02 1.129549830148030565e-01 1.193951021656149414e-01 1.163013351191386630e-01 1.158838890328462295e-01
1.294969155579782094e-01 1.213747678864056101e-01 8.216229975658728701e-02 7.112042172484203673e-02 5.908818618362569192e-02 8.087436229664668463e-02 1.050193227075882640e-01 1.118575741010394697e-01 1.158838890328462295e-01 1.293484862055995777e-01
7.631996737927093655e-02 7.370344429289982235e-02 7.586985936875395575e-02 8.117448640922117487e-02 8.586774803558760993e-02 8.489231220605453210e-02 7.998369781030181813e-02 8.245895479548662199e-02 7.319931363457310436e-02 7.335134114283467510e-02
7.370344429289982235e-02 7.315267064671235331e-02 7.699859074989715002e-02 8.342665932469291168e-02 8.785551223952553501e-02 8.466245516799750237e-02 7.721791001849842573e-02 7.800748681373133320e-02 6.906984304305552325e-02 6.973712294634890063e-02
7.586985936875395575e-02 7.699859074989715002e-02 8.431835248218691459e-02 9.407237375357141440e-02 1.000625772416830900e-01 9.461627496796434778e-02 8.300520186252521859e-02 8.110416272585577180e-02 7.071113661835244646e-02 7.117742365816490113e-02
8.117448640922117487e-02 8.342665932469291168e-02 9.407237375357141440e-02 1.104939856204815440e-01 1.210895324742588680e-01 1.141553035923402459e-01 9.684761543330491773e-02 9.097546986966148497e-02 7.711315524632153529e-02 7.634717952890855697e-02
8.586774803558760993e-02 8.785551223952553501e-02 1.000625772416830900e-01 1.210895324742588680e-01 1.411117722438329225e-01 1.364136724516751276e-01 1.144461597310740264e-01 1.043488018005399032e-01 8.550631660327173700e-02 8.220059367956059071e-02
8.489231220605453210e-02 8.466245516799750237e-02 9.461627496796434778e-02 1.141553035923402459e-01 1.364136724516751276e-01 1.416948609565804040e-01 1.224787583405741592e-01 1.117806709489325839e-01 8.964875392475610272e-02 8.364536092390703614e-02
7.998369781030181813e-02 7.721791001849842573e-02 8.300520186252521859e-02 9.684761543330491773e-02 1.144461597310740264e-01 1.224787583405741592e-01 1.143729780775252364e-01 1.084585460276523000e-01 8.739901927868667930e-02 8.060072372682300368e-02
8.245895479548662199e-02 7.800748681373133320e-02 8.110416272585577180e-02 9.097546986966148497e-02 1.043488018005399032e-01 1.117806709489325839e-01 1.084585460276523000e-01 1.090945412544539889e-01 8.998956661061038864e-02 8.361423896053146732e-02
7.319931363457310436e-02 6.906984304305552325e-02 7.071113661835244646e-02 7.711315524632153529e-02 8.550631660327173700e-02 8.964875392475610272e-02 8.739901927868667930e-02 8.998956661061038864e-02 7.718846659327388560e-02 7.346467176130552779e-02
7.335134114283467510e-02 6.973712294634890063e-02 7.117742365816490113e-02 7.634717952890855697e-02 8.220059367956059071e-02 8.364536092390703614e-02 8.060072372682300368e-02 8.361423896053146732e-02 7.346467176130552779e-02 7.225240474568198068e-02
1.189944709694604891e-01 1.253086576324292101e-01 9.411441415895438478e-02 8.943010490270707213e-02 7.593624370311699567e-02 7.434138462088880905e-02 8.793694585459432833e-02 9.890281294231061116e-02 1.046332396139927623e-01 1.007366203324883275e-01
1.253086576324292101e-01 1.378068671964784164e-01 1.045262794439014709e-01 9.910648976678579358e-02 8.277802618220975184e-02 7.881974362516092070e-02 9.050756037933166409e-02 9.948181551916632226e-02 1.045627298891559226e-01 1.026363171241720107e-01
9.411441415895438478e-02 1.045262794439014709e-01 8.204711864134084376e-02 7.976506545010296489e-02 6.741072922622314001e-02 6.439085136614422500e-02 7.348482957813315397e-02 7.936767570248925985e-02 8.127979929906362089e-02 7.789651846069238494e-02
8.943010490270707213e-02 9.910648976678579358e-02 7.976506545010296489e-02 8.067345414992294073e-02 6.990713624564195983e-02 6.798383456629258914e-02 7.809366677586580818e-02 8.341641026860832642e-02 8.287437723781777843e-02 7.621810538006403013e-02
7.593624370311699567e-02 8.277802618220975184e-02 6.741072922622314001e-02 6.990713624564195983e-02 6.306414437786045379e-02 6.347764987183061869e-02 7.451754105220742552e-02 7.968809091212271378e-02 7.725058596067246874e-02 6.767700949360394569e-02
7.434138462088880905e-02 7.881974362516092070e-02 6.439085136614422500e-02 6.798383456629258914e-02 6.347764987183061869e-02 6.714691371967219935e-02 8.149811546568150322e-02 8.808180123556663688e-02 8.391447963076359429e-02 6.997790832810685258e-02
8.793694585459432833e-02 9.050756037933166409e-02 7.348482957813315397e-02 7.809366677586580818e-02 7.451754105220742552e-02 8.149811546568150322e-02 1.028804780381312733e-01 1.132361348160870890e-01 1.073634983467713494e-01 8.659794906244114299e-02
9.890281294231061116e-02 9.948181551916632226e-02 7.936767570248925985e-02 8.341641026860832642e-02 7.968809091212271378e-02 8.808180123556663688e-02 1.132361348160870890e-01 1.289463509002046482e-01 1.240907998927127665e-01 9.942214544212608918e-02
1.046332396139927623e-01 1.045627298891559226e-01 8.127979929906362089e-02 8.287437723781777843e-02 7.725058596067246874e-02 8.391447963076359429e-02 1.073634983467713494e-01 1.240907998927127665e-01 1.252020841336987378e-01 1.034386805200427084e-01
1.007366203324883275e-01 1.026363171241720107e-01 7.789651846069238494e-02 7.621810538006403013e-02 6.767700949360394569e-02 6.997790832810685258e-02 8.659794906244114299e-02 9.942214544212608918e-02 1.034386805200427084e-01 9.323811787322999756e-02
9.534486725407255447e-02 1.094296706756487381e-01 1.030991127849767430e-01 8.685213598693422576e-02 8.099026723435988340e-02 8.055116755847266385e-02 7.319945846951894652e-02 7.508156114052910723e-02 8.856159186772033509e-02 9.179202119396359660e-02
1.094296706756487381e-01 1.334711861892226015e-01 1.285277207456611004e-01 1.071711339534098112e-01 9.698296133608712288e-02 9.317820035587584537e-02 8.212698060804675404e-02 8.231331798950074219e-02 9.628136919289441431e-02 1.012252188235876899e-01
1.030991127849767430e-01 1.285277207456611004e-01 1.307218210121859625e-01 1.117169785456269548e-01 1.014907899029596910e-01 9.622320365390329977e-02 8.265120647058196712e-02 8.029253764150083572e-02 9.155086354811915739e-02 9.502842172665026954e-02
8.685213598693422576e-02 1.071711339534098112e-01 1.117169785456269548e-01 1.017810456636653593e-01 9.616469261911489430e-02 9.236762315968688464e-02 7.851827270106519208e-02 7.434678326486127142e-02 8.212182736199991062e-02 8.241207882948410612e-02
8.099026723435988340e-02 9.698296133608712288e-02 1.014907899029596910e-01 9.616469261911489430e-02 9.670624391376045348e-02 9.578529704302096714e-02 8.189120781758842116e-02 7.673846449920197765e-02 8.287165834714271817e-02 8.024841683713437868e-02
8.055116755847266385e-02 9.317820035587584537e-02 9.622320365390329977e-02 9.236762315968688464e-02 9.578529704302096714e-02 9.886949203849079715e-02 8.614491531298301696e-02 8.128391338584753378e-02 8.732782749677445167e-02 8.276738689250365266e-02
7.319945846951894652e-02 8.212698060804675404e-02 8.265120647058196712e-02 7.851827270106519208e-02 8.189120781758842116e-02 8.614491531298301696e-02 7.761825582875493679e-02 7.498543084753199472e-02 8.151319878444154843e-02 7.688805281692628890e-02
7.508156114052910723e-02 8.231331798950074219e-02 8.029253764150083572e-02 7.434678326486127142e-02 7.673846449920197765e-02 8.128391338584753378e-02 7.498543084753199472e-02 7.520219878502787392e-02 8.373890230485753206e-02 7.958807928258990194e-02
8.856159186772033509e-02 9.628136919289441431e-02 9.155086354811915739e-02 8.212182736199991062e-02 8.287165834714271817e-02 8.732782749677445167e-02 8.151319878444154843e-02 8.373890230485753206e-02 9.638493088189924174e-02 9.331444551139088384e-02
9.179202119396359660e-02 1.012252188235876899e-01 9.502842172665026954e-02 8.241207882948410612e-02 8.024841683713437868e-02 8.276738689250365266e-02 7.688805281692628890e-02 7.958807928258990194e-02 9.331444551139088384e-02 9.389995843292041344e-02
9.309149347646997197e-02 8.744809601935735199e-02 8.163909469680807884e-02 9.728989387757724927e-02 1.028490752138505188e-01 9.149688794694085803e-02 7.917487480639907871e-02 6.452386901085091497e-02 7.378633150973568089e-02 7.016176800908080491e-02
8.744809601935735199e-02 8.364588172621342799e-02 7.983604269238320228e-02 9.700577382504341206e-02 1.024015148953029558e-01 8.885960222692967925e-02 7.524225284412330850e-02 6.056191069868120669e-02 6.885603886021193776e-02 6.556776508829496863e-02
8.163909469680807884e-02 7.983604269238320228e-02 8.100724899026100212e-02 1.042818298129977034e-01 1.120104628070790337e-01 9.334819498330837462e-02 7.524199330745101610e-02 5.830456553854751478e-02 6.471340562240540661e-02 6.115053249775661420e-02
9.728989387757724927e-02 9.700577382504341206e-02 1.042818298129977034e-01 1.468986294540899351e-01 1.637266971741124510e-01 1.318543790171963770e-01 1.004494796713211041e-01 7.385676033150420650e-02 7.889829029737374655e-02 7.326852439622766333e-02
1.028490752138505188e-01 1.024015148953029558e-01 1.120104628070790337e-01 1.637266971741124510e-01 1.997186274937448880e-01 1.619396920869191625e-01 1.196976183370900976e-01 8.438593590922625898e-02 8.684196208486524848e-02 7.868989515806520951e-02
9.149688794694085803e-02 8.885960222692967925e-02 9.334819498330837462e-02 1.318543790171963770e-01 1.619396920869191625e-01 1.426653427237174754e-01 1.086550895181605803e-01 7.706966771376939918e-02 7.914434445761464598e-02 7.098153723950252625e-02
7.917487480639907871e-02 7.524225284412330850e-02 7.524199330745101610e-02 1.004494796713211041e-01 1.196976183370900976e-01 1.086550895181605803e-01 8.828305837715685889e-02 6.493557930552065760e-02 6.822930581674394035e-02 6.157467273979559674e-02
6.452386901085091497e-02 6.056191069868120669e-02 5.830456553854751478e-02 7.385676033150420650e-02 8.438593590922625898e-02 7.706966771376939918e-02 6.493557930552065760e-02 5.021430191299514761e-02 5.452971643591587869e-02 4.992236964307054936e-02
7.378633150973568089e-02 6.885603886021193776e-02 6.471340562240540661e-02 7.889829029737374655e-02 8.684196208486524848e-02 7.914434445761464598e-02 6.822930581674394035e-02 5.452971643591587869e-02 6.104863390222431407e-02 5.669593254494033341e-02
7.016176800908080491e-02 6.556776508829496863e-02 6.115053249775661420e-02 7.326852439622766333e-02 7.868989515806520951e-02 7.098153723950252625e-02 6.157467273979559674e-02 4.992236964307054936e-02 5.669593254494033341e-02 5.342678194312701356e-02
8.299219379108212225e-02 8.214348317829803237e-02 9.342692586699324897e-02 9.327138708234342102e-02 7.127088847584733822e-02 7.040515583301439062e-02 8.662324306324947765e-02 8.620705530363188818e-02 8.112556947728793988e-02 7.367230897290738545e-02
8.214348317829803237e-02 8.534776016649658903e-02 9.980438501783427119e-02 9.985324134699855025e-02 7.414160716030493425e-02 6.955708720981404469e-02 8.180301802402226152e-02 7.976208480269161849e-02 7.534570277437721564e-02 7.026166655045509857e-02
9.342692586699324897e-02 9.980438501783427119e-02 1.208788717237584132e-01 1.223919234111305043e-01 8.991231697919283006e-02 8.205307094523994760e-02 9.360907160281947692e-02 8.932086118372037364e-02 8.367011982693131622e-02 7.858266621904250182e-02
9.327138708234342102e-02 9.985324134699855025e-02 1.223919234111305043e-01 1.274081045245349653e-01 9.494190689892409440e-02 8.745788632183332245e-02 9.971797025609019371e-02 9.382184440211396859e-02 8.609975873014305559e-02 7.932253450452386723e-02
7.127088847584733822e-02 7.414160716030493425e-02 8.991231697919283006e-02 9.494190689892409440e-02 7.483738683782600876e-02 7.329558100717661895e-02 8.686095036439708816e-02 8.158262930784779265e-02 7.251605784492433371e-02 6.351045814651792853e-02
7.040515583301439062e-02 6.955708720981404469e-02 8.205307094523994760e-02 8.745788632183332245e-02 7.329558100717661895e-02 7.938440497227239323e-02 9.993876400645937408e-02 9.459172696710348160e-02 8.153156700873460949e-02 6.713149446030290679e-02
8.662324306324947765e-02 8.180301802402226152e-02 9.360907160281947692e-02 9.971797025609019371e-02 8.686095036439708816e-02 9.993876400645937408e-02 1.333955793978795490e-01 1.281896648559071594e-01 1.091711047472833929e-01 8.666829275193607685e-02
8.620705530363188818e-02 7.976208480269161849e-02 8.932086118372037364e-02 9.382184440211396859e-02 8.158262930784779265e-02 9.459172696710348160e-02 1.281896648559071594e-01 1.274130293516516355e-01 1.100005572213064997e-01 8.723026091995006448e-02
8.112556947728793988e-02 7.534570277437721564e-02 8.367011982693131622e-02 8.609975873014305559e-02 7.251605784492433371e-02 8.153156700873460949e-02 1.091711047472833929e-01 1.100005572213064997e-01 9.870188685608305423e-02 8.049069906196948399e-02
7.367230897290738545e-02 7.026166655045509857e-02 7.858266621904250182e-02 7.932253450452386723e-02 6.351045814651792853e-02 6.713149446030290679e-02 8.666829275193607685e-02 8.723026091995006448e-02 8.049069906196948399e-02 6.964078237841531127e-02
1.654728620205372924e-01 1.549313028024547900e-01 1.113091530584097988e-01 9.520280680493412029e-02 9.284432242983037264e-02 8.739237920048845143e-02 9.031444753999451347e-02 9.929200038908200798e-02 9.045372004533028254e-02 1.057731914477558766e-01
1.549313028024547900e-01 1.506752971976801081e-01 1.098180503818880632e-01 9.426931611023528501e-02 9.130183051451794263e-02 8.472152138781086084e-02 8.611234796022108895e-02 9.335916517556372418e-02 8.432640222863227453e-02 9.840680634183521236e-02
1.113091530584097988e-01 1.098180503818880632e-01 8.530839570803827598e-02 7.755918933560658479e-02 7.776014562507979622e-02 7.273708829428274236e-02 7.308581199165825604e-02 7.707878827115158260e-02 6.626352824282764897e-02 7.296303781459290150e-02
9.520280680493412029e-02 9.426931611023528501e-02 7.755918933560658479e-02 7.712262626573454516e-02 8.159606559095455847e-02 7.788487469204782854e-02 7.801530795613093039e-02 8.024408098454978433e-02 6.502973045308675648e-02 6.589582917757497160e-02
9.284432242983037264e-02 9.130183051451794263e-02 7.776014562507979622e-02 8.159606559095455847e-02 9.116448234567206543e-02 8.917203533215639633e-02 8.989829192344975239e-02 9.147298376891635496e-02 7.129986757048861756e-02 6.765404259320691172e-02
8.739237920048845143e-02 8.472152138781086084e-02 7.273708829428274236e-02 7.788487469204782854e-02 8.917203533215639633e-02 8.988090223502540055e-02 9.201641320018683068e-02 9.385055184000377915e-02 7.195678778122419073e-02 6.587705809452601424e-02
9.031444753999451347e-02 8.611234796022108895e-02 7.308581199165825604e-02 7.801530795613093039e-02 8.989829192344975239e-02 9.201641320018683068e-02 9.641815478718586407e-02 9.951763049348996693e-02 7.627866489911548642e-02 6.909945115466895049e-02
9.929200038908200798e-02 9.335916517556372418e-02 7.707878827115158260e-02 8.024408098454978433e-02 9.147298376891635496e-02 9.385055184000377915e-02 9.951763049348996693e-02 1.050621632027713415e-01 8.185068852845393816e-02 7.536637086466946300e-02
9.045372004533028254e-02 8.432640222863227453e-02 6.626352824282764897e-02 6.502973045308675648e-02 7.129986757048861756e-02 7.195678778122419073e-02 7.627866489911548642e-02 8.185068852845393816e-02 6.708213449042019216e-02 6.575577462038689758e-02
1.057731914477558766e-01 9.840680634183521236e-02 7.296303781459290150e-02 6.589582917757497160e-02 6.765404259320691172e-02 6.587705809452601424e-02 6.909945115466895049e-02 7.536637086466946300e-02 6.575577462038689758e-02 7.181298174693498404e-02
5.985813381564600300e-02 8.012392266094625626e-02 9.175767668906602281e-02 8.857201537221313925e-02 7.495761999291691846e-02 7.135240083162891489e-02 7.260489565688627023e-02 5.350636547808838850e-02 4.745397026753589431e-02 5.184707420894391766e-02
8.012392266094625626e-02 1.113020762378977568e-01 1.299324999888989696e-01 1.239759199308344412e-01 1.004690710914124263e-01 9.155254441000049148e-02 9.135481391311151000e-02 6.749750652028052578e-02 6.060795934208405844e-02 6.751285137790123680e-02
9.175767668906602281e-02 1.299324999888989696e-01 1.592476496729366142e-01 1.545754161619355416e-01 1.226121190056086718e-01 1.077649520943890632e-01 1.049013920892899049e-01 7.676963077109449918e-02 6.864326727402772499e-02 7.658724017446806587e-02
8.857201537221313925e-02 1.239759199308344412e-01 1.545754161619355416e-01 1.626648991051437843e-01 1.332805432518670286e-01 1.172798297133845619e-01 1.123790683306618854e-01 8.034619373735477077e-02 6.975903525829592333e-02 7.564155330063183913e-02
7.495761999291691846e-02 1.004690710914124263e-01 1.226121190056086718e-01 1.332805432518670286e-01 1.220248208785884025e-01 1.139946535695116336e-01 1.106622978974512728e-01 7.756495489461377735e-02 6.490847707466443350e-02 6.724806475985881105e-02
7.135240083162891489e-02 9.155254441000049148e-02 1.077649520943890632e-01 1.172798297133845619e-01 1.139946535695116336e-01 1.160980538586574434e-01 1.160785005376060164e-01 8.091311872836817742e-02 6.635815424282856534e-02 6.666101456503517597e-02
7.260489565688627023e-02 9.135481391311151000e-02 1.049013920892899049e-01 1.123790683306618854e-01 1.106622978974512728e-01 1.160785005376060164e-01 1.199296749517155258e-01 8.411003196228870882e-02 6.892022342289649828e-02 6.876912039088231565e-02
5.350636547808838850e-02 6.749750652028052578e-02 7.676963077109449918e-02 8.034619373735477077e-02 7.756495489461377735e-02 8.091311872836817742e-02 8.411003196228870882e-02 5.994296587722381525e-02 4.980163980670831991e-02 5.027400749875834268e-02
4.745397026753589431e-02 6.060795934208405844e-02 6.864326727402772499e-02 6.975903525829592333e-02 6.490847707466443350e-02 6.635815424282856534e-02 6.892022342289649828e-02 4.980163980670831991e-02 4.238228732847755531e-02 4.375133911986467394e-02
5.184707420894391766e-02 6.751285137790123680e-02 7.658724017446806587e-02 7.564155330063183913e-02 6.724806475985881105e-02 6.666101456503517597e-02 6.876912039088231565e-02 5.027400749875834268e-02 4.375133911986467394e-02 4.654943827371338383e-02
3.621420054190602894e-02 3.726402432291733846e-02 5.058219721159303711e-02 5.289217529844295052e-02 6.892295948769620872e-02 7.021484997429401631e-02 6.793061298703612083e-02 6.221517545763356055e-02 4.721328881642822273e-02 4.226710658708386636e-02
3.726402432291733846e-02 3.902109145785427613e-02 5.370765343602738190e-02 5.666405872015460587e-02 7.393544358166609376e-02 7.353901154728710587e-02 6.888501844773989302e-02 6.234529203609374959e-02 4.751364965107249261e-02 4.293379267735922961e-02
5.058219721159303711e-02 5.370765343602738190e-02 7.518057942583282471e-02 8.040029319927734230e-02 1.056990490802314220e-01 1.032933218311869600e-01 9.366827761493970450e-02 8.339338807753718386e-02 6.353834926409340778e-02 5.772498975477130534e-02
5.289217529844295052e-02 5.666405872015460587e-02 8.040029319927734230e-02 8.904083335848372860e-02 1.205354937270103205e-01 1.171587486055023219e-01 1.021910879584680548e-01 8.820178203103998249e-02 6.641022957741918309e-02 6.014290797059282379e-02
6.892295948769620872e-02 7.393544358166609376e-02 1.056990490802314220e-01 1.205354937270103205e-01 1.729036501878258858e-01 1.707334159816216446e-01 1.442262343373882372e-01 1.197192782973850178e-01 8.807581356047991528e-02 7.871940227407878132e-02
7.021484997429401631e-02 7.353901154728710587e-02 1.032933218311869600e-01 1.171587486055023219e-01 1.707334159816216446e-01 1.876244369314178928e-01 1.636115749066033853e-01 1.332507858691985847e-01 9.488035672921388275e-02 8.225210628856087502e-02
6.793061298703612083e-02 6.888501844773989302e-02 9.366827761493970450e-02 1.021910879584680548e-01 1.442262343373882372e-01 1.636115749066033853e-01 1.618575871438963643e-01 1.363605626643309698e-01 9.615593237208530653e-02 8.166240549817245509e-02
6.221517545763356055e-02 6.234529203609374959e-02 8.339338807753718386e-02 8.820178203103998249e-02 1.197192782973850178e-01 1.332507858691985847e-01 1.363605626643309698e-01 1.228464905940161028e-01 8.817853851217763439e-02 7.518032809446859033e-02
4.721328881642822273e-02 4.751364965107249261e-02 6.353834926409340778e-02 6.641022957741918309e-02 8.807581356047991528e-02 9.488035672921388275e-02 9.615593237208530653e-02 8.817853851217763439e-02 6.525714136734279969e-02 5.658507016853597804e-02
4.226710658708386636e-02 4.293379267735922961e-02 5.772498975477130534e-02 6.014290797059282379e-02 7.871940227407878132e-02 8.225210628856087502e-02 8.166240549817245509e-02 7.518032809446859033e-02 5.658507016853597804e-02 5.005398899142429747e-02
8.860922520999096885e-02 6.717158705416723108e-02 7.435634531456772334e-02 7.463775368578789982e-02 8.051615475189391469e-02 7.580207534465013830e-02 7.687899401371363350e-02 9.498842034620139096e-02 1.128142712917329094e-01 1.015359180564870123e-01
6.717158705416723108e-02 5.411073284152899399e-02 6.263506292390388919e-02 6.403540007697935965e-02 6.914013183967016030e-02 6.357446323620748185e-02 6.123616709636840044e-02 7.126266235158253137e-02 8.161596159097278536e-02 7.411312211762066671e-02
7.435634531456772334e-02 6.263506292390388919e-02 7.580243054285437654e-02 7.902457338807265808e-02 8.576616099763374745e-02 7.777323608266355215e-02 7.212841071616921118e-02 7.972221085666235385e-02 8.787934421800373819e-02 7.985567207203018991e-02
7.463775368578789982e-02 6.403540007697935965e-02 7.902457338807265808e-02 8.409928711483397046e-02 9.224355174510015520e-02 8.361127112898122937e-02 7.648774034081642914e-02 8.241379917490213036e-02 8.848925080762323758e-02 7.964516704516899637e-02
8.051615475189391469e-02 6.914013183967016030e-02 8.576616099763374745e-02 9.224355174510015520e-02 1.029402596806455461e-01 9.424366042626208806e-02 8.651727334524692004e-02 9.269009434617472842e-02 9.796463722278382635e-02 8.668637930439279660e-02
7.580207534465013830e-02 6.357446323620748185e-02 7.777323608266355215e-02 8.361127112898122937e-02 9.424366042626208806e-02 8.893609020938586518e-02 8.420723584194722555e-02 9.235512312155133574e-02 9.763719557739419797e-02 8.414485809443239539e-02
7.687899401371363350e-02 6.123616709636840044e-02 7.212841071616921118e-02 7.648774034081642914e-02 8.651727334524692004e-02 8.420723584194722555e-02 8.561709465783987061e-02 9.966545703530045597e-02 1.075370432016009292e-01 8.982066708137775857e-02
9.498842034620139096e-02 7.126266235158253137e-02 7.972221085666235385e-02 8.241379917490213036e-02 9.269009434617472842e-02 9.235512312155133574e-02 9.966545703530045597e-02 1.266783121258970024e-01 1.420386616100987320e-01 1.164013402059303343e-01
1.128142712917329094e-01 8.161596159097278536e-02 8.787934421800373819e-02 8.848925080762323758e-02 9.796463722278382635e-02 9.763719557739419797e-02 1.075370432016009292e-01 1.420386616100987320e-01 1.699871463788271697e-01 1.407160418012760039e-01
1.015359180564870123e-01 7.411312211762066671e-02 7.985567207203018991e-02 7.964516704516899637e-02 8.668637930439279660e-02 8.414485809443239539e-02 8.982066708137775857e-02 1.164013402059303343e-01 1.407160418012760039e-01 1.232194212381964027e-01
5.666396805363747846e-02 8.322868179116457710e-02 9.382513908534741154e-02 7.953232010161323529e-02 7.055122079925646439e-02 6.299216023634680861e-02 7.591977588926571152e-02 4.698489812003334154e-02 3.991246325266376016e-02 3.956247888985232886e-02
8.322868179116457710e-02 1.255497343781485364e-01 1.428438097590115086e-01 1.188552540205633640e-01 1.010337365971576695e-01 8.618397604288577374e-02 1.014573915051006914e-01 6.345730982110062146e-02 5.519578946257441138e-02 5.647284887407193199e-02
9.382513908534741154e-02 1.428438097590115086e-01 1.678636187689691583e-01 1.411209158708941480e-01 1.188273031332190838e-01 9.895485809189524806e-02 1.143922804404933352e-01 7.125539702458080771e-02 6.187260271353570151e-02 6.340897220515148702e-02
7.953232010161323529e-02 1.188552540205633640e-01 1.411209158708941480e-01 1.280991123123537689e-01 1.144350904183408235e-01 9.803484823308203366e-02 1.137651903607537346e-01 6.902146017657609378e-02 5.733331710942667081e-02 5.585582929500193528e-02
7.055122079925646439e-02 1.010337365971576695e-01 1.188273031332190838e-01 1.144350904183408235e-01 1.159128009989820185e-01 1.068918869503462932e-01 1.274563172229434271e-01 7.512433448225899757e-02 5.888204881787281048e-02 5.307270794242972822e-02
6.299216023634680861e-02 8.618397604288577374e-02 9.895485809189524806e-02 9.803484823308203366e-02 1.068918869503462932e-01 1.088936143649324728e-01 1.352228168111964945e-01 7.852662364074250445e-02 5.928510053295048959e-02 5.037215308105957856e-02
7.591977588926571152e-02 1.014573915051006914e-01 1.143922804404933352e-01 1.137651903607537346e-01 1.274563172229434271e-01 1.352228168111964945e-01 1.738366118509670488e-01 1.006742131780310884e-01 7.508385243254142583e-02 6.235942790498678889e-02
4.698489812003334154e-02 6.345730982110062146e-02 7.125539702458080771e-02 6.902146017657609378e-02 7.512433448225899757e-02 7.852662364074250445e-02 1.006742131780310884e-01 5.905425657698110120e-02 4.474450647950653503e-02 3.788654681690215714e-02
3.991246325266376016e-02 5.519578946257441138e-02 6.187260271353570151e-02 5.733331710942667081e-02 5.888204881787281048e-02 5.928510053295048959e-02 7.508385243254142583e-02 4.474450647950653503e-02 3.506023170019120783e-02 3.094886961109261786e-02
3.956247888985232886e-02 5.647284887407193199e-02 6.340897220515148702e-02 5.585582929500193528e-02 5.307270794242972822e-02 5.037215308105957856e-02 6.235942790498678889e-02 3.788654681690215714e-02 3.094886961109261786e-02 2.906605099483737520e-02
1.548748429654550618e-01 1.251912479837561931e-01 8.781926529370381873e-02 7.674345894517907440e-02 7.349969870294661978e-02 1.042338861609455325e-01 8.160536554968780831e-02 8.491291696214661733e-02 1.031914261720117826e-01 1.427353804624330036e-01
1.251912479837561931e-01 1.049364994803794193e-01 7.563381318147360810e-02 6.781994163564403211e-02 6.605465326231911571e-02 9.412654671867026757e-02 7.201476048319913059e-02 7.194348386146455498e-02 8.425895667240032583e-02 1.144970606285945908e-01
8.781926529370381873e-02 7.563381318147360810e-02 5.812618417936200876e-02 5.563412815116289267e-02 5.691538720666827755e-02 8.291020170733631733e-02 6.157648963730916192e-02 5.760905066678802255e-02 6.266775639953967025e-02 8.113214681115522853e-02
7.674345894517907440e-02 6.781994163564403211e-02 5.563412815116289267e-02 5.807064478637463667e-02 6.309111330133899964e-02 9.442417545499696974e-02 6.841988429356646306e-02 6.003052934659572348e-02 5.989930646833694500e-02 7.247096743051473222e-02
7.349969870294661978e-02 6.605465326231911571e-02 5.691538720666827755e-02 6.309111330133899964e-02 7.252713859056583723e-02 1.113259602189785313e-01 7.965739565785975862e-02 6.708796166668713756e-02 6.268028041927334315e-02 7.128605428245793352e-02
1.042338861609455325e-01 9.412654671867026757e-02 8.291020170733631733e-02 9.442417545499696974e-02 1.113259602189785313e-01 1.741013821658657923e-01 1.242458648805220556e-01 1.030618458603081711e-01 9.350165829966589071e-02 1.029406971605275889e-01
8.160536554968780831e-02 7.201476048319913059e-02 6.157648963730916192e-02 6.841988429356646306e-02 7.965739565785975862e-02 1.242458648805220556e-01 9.058341340769421324e-02 7.725841804693549253e-02 7.214295574911097630e-02 8.093477057155813725e-02
8.491291696214661733e-02 7.194348386146455498e-02 5.760905066678802255e-02 6.003052934659572348e-02 6.708796166668713756e-02 1.030618458603081711e-01 7.725841804693549253e-02 7.070912257725162076e-02 7.107037318096481870e-02 8.393243384095276649e-02
1.031914261720117826e-01 8.425895667240032583e-02 6.266775639953967025e-02 5.989930646833694500e-02 6.268028041927334315e-02 9.350165829966589071e-02 7.214295574911097630e-02 7.107037318096481870e-02 7.955091074103583237e-02 1.006803643784739688e-01
1.427353804624330036e-01 1.144970606285945908e-01 8.113214681115522853e-02 7.247096743051473222e-02 7.128605428245793352e-02 1.029406971605275889e-01 8.093477057155813725e-02 8.393243384095276649e-02 1.006803643784739688e-01 1.365198611060157441e-01
1.196505499409519918e-01 9.904261853106030578e-02 1.183242001666265503e-01 1.039065410747215812e-01 1.077726157661546003e-01 7.374921511291936127e-02 7.031378407939398167e-02 8.794174690201587985e-02 9.423864815390270433e-02 8.843095253281281487e-02
9.904261853106030578e-02 8.738243069429613152e-02 1.107198109805939135e-01 9.824621501192266904e-02 9.991204119935305494e-02 6.552429176695395707e-02 5.943939165362108895e-02 7.209326076211083900e-02 7.645303549053483749e-02 7.206183003340031756e-02
1.183242001666265503e-01 1.107198109805939135e-01 1.534253871208792475e-01 1.400806335202668951e-01 1.413169133708780667e-01 8.855815296670976888e-02 7.549078558321001275e-02 8.758269723444686572e-02 9.097396332187140944e-02 8.533543728405214301e-02
1.039065410747215812e-01 9.824621501192266904e-02 1.400806335202668951e-01 1.394091771499233468e-01 1.459143522879446375e-01 8.967302297609321127e-02 7.352453879383419322e-02 8.233597949385035308e-02 8.331242528647345158e-02 7.625350591494094166e-02
1.077726157661546003e-01 9.991204119935305494e-02 1.413169133708780667e-01 1.459143522879446375e-01 1.626321645169749308e-01 1.005228661994492234e-01 8.201998400823862223e-02 9.092643707700617806e-02 9.065720721388134673e-02 8.106064714618821387e-02
7.374921511291936127e-02 6.552429176695395707e-02 8.855815296670976888e-02 8.967302297609321127e-02 1.005228661994492234e-01 6.491155319969928172e-02 5.533092498299777007e-02 6.309912205729201196e-02 6.346870601333923223e-02 5.638854145626099462e-02
7.031378407939398167e-02 5.943939165362108895e-02 7.549078558321001275e-02 7.352453879383419322e-02 8.201998400823862223e-02 5.533092498299777007e-02 5.046226044640562958e-02 6.003509400881462676e-02 6.137037075122700469e-02 5.447563689529696940e-02
8.794174690201587985e-02 7.209326076211083900e-02 8.758269723444686572e-02 8.233597949385035308e-02 9.092643707700617806e-02 6.309912205729201196e-02 6.003509400881462676e-02 7.400461238113627271e-02 7.677957740547269871e-02 6.842127154496471797e-02
9.423864815390270433e-02 7.645303549053483749e-02 9.097396332187140944e-02 8.331242528647345158e-02 9.065720721388134673e-02 6.346870601333923223e-02 6.137037075122700469e-02 7.677957740547269871e-02 8.095911047003037653e-02 7.290199720779413917e-02
8.843095253281281487e-02 7.206183003340031756e-02 8.533543728405214301e-02 7.625350591494094166e-02 8.106064714618821387e-02 5.638854145626099462e-02 5.447563689529696940e-02 6.842127154496471797e-02 7.290199720779413917e-02 6.716275407970292988e-02
8.275966461303550792e-02 8.019309494650189718e-02 7.477836372446959590e-02 6.826980597020808339e-02 6.970716415899216867e-02 8.371354100423528122e-02 8.655250184629374732e-02 7.689323205804780847e-02 8.308611967464818449e-02 9.599036517489525910e-02
8.019309494650189718e-02 7.961791326420641912e-02 7.541790663849143317e-02 6.950083263168957415e-02 7.108187630547760372e-02 8.465701659765297038e-02 8.572151134287946117e-02 7.439924109292921084e-02 7.926947285786010988e-02 9.163073246427150265e-02
7.477836372446959590e-02 7.541790663849143317e-02 7.344572989653522233e-02 6.935566785992983152e-02 7.236163082561877791e-02 8.680463675906269216e-02 8.637747966846062719e-02 7.226850442730534119e-02 7.449711714485873770e-02 8.497972543023177283e-02
6.826980597020808339e-02 6.950083263168957415e-02 6.935566785992983152e-02 6.858995768223331846e-02 7.466068685737341226e-02 9.180717429289061982e-02 9.030279634754076468e-02 7.201433916127422674e-02 7.035555187502506858e-02 7.790998455953151991e-02
6.970716415899216867e-02 7.108187630547760372e-02 7.236163082561877791e-02 7.466068685737341226e-02 8.676864193681899096e-02 1.111580561649986032e-01 1.091772113758853191e-01 8.306831931610458852e-02 7.612066811805281996e-02 8.072268408546670604e-02
8.371354100423528122e-02 8.465701659765297038e-02 8.680463675906269216e-02 9.180717429289061982e-02 1.111580561649986032e-01 1.501717837288994439e-01 1.494742450927158128e-01 1.108360886575024268e-01 9.699196351383389259e-02 9.894911493657959634e-02
8.655250184629374732e-02 8.572151134287946117e-02 8.637747966846062719e-02 9.030279634754076468e-02 1.091772113758853191e-01 1.494742450927158128e-01 1.563528523957654626e-01 1.179192998766710743e-01 1.033148386998824220e-01 1.042549193270799340e-01
7.689323205804780847e-02 7.439924109292921084e-02 7.226850442730534119e-02 7.201433916127422674e-02 8.306831931610458852e-02 1.108360886575024268e-01 1.179192998766710743e-01 9.618580291241130009e-02 8.970586916069142602e-02 9.317268620603000318e-02
8.308611967464818449e-02 7.926947285786010988e-02 7.449711714485873770e-02 7.035555187502506858e-02 7.612066811805281996e-02 9.699196351383389259e-02 1.033148386998824220e-01 8.970586916069142602e-02 9.200810342370936701e-02 1.001179795178929882e-01
9.599036517489525910e-02 9.163073246427150265e-02 8.497972543023177283e-02 7.790998455953151991e-02 8.072268408546670604e-02 9.894911493657959634e-02 1.042549193270799340e-01 9.317268620603000318e-02 1.001179795178929882e-01 1.140995501463851897e-01
9.838494294023031328e-02 8.252022359680875885e-02 1.087958370544230419e-01 8.513225480250122268e-02 8.575983249749533077e-02 8.561935684460107721e-02 7.789794779893033372e-02 8.462172634666155491e-02 8.622780757796009998e-02 9.863522421224259207e-02
8.252022359680875885e-02 7.423959312026484625e-02 1.029611315653013448e-01 8.051587223456688203e-02 7.919854005266652175e-02 7.607081338189003450e-02 6.632263187871381693e-02 6.963048697893790828e-02 6.992740799229005266e-02 8.029988900805959395e-02
1.087958370544230419e-01 1.029611315653013448e-01 1.509321746695471700e-01 1.190985449845363420e-01 1.161471747007722100e-01 1.086938238880531260e-01 9.129805983331296115e-02 9.246511314150875072e-02 9.086274002491402657e-02 1.038357856574600169e-01
8.513225480250122268e-02 8.051587223456688203e-02 1.190985449845363420e-01 9.885123937855085086e-02 1.002408556853593008e-01 9.498151694437430292e-02 7.884062688090405502e-02 7.787884346915585621e-02 7.420967227299750391e-02 8.252368188725853204e-02
8.575983249749533077e-02 7.919854005266652175e-02 1.161471747007722100e-01 1.002408556853593008e-01 1.087621165415470492e-01 1.063806279418296752e-01 8.859286242502151243e-02 8.628615725706210993e-02 7.985312432443078534e-02 8.578592928483370905e-02
8.561935684460107721e-02 7.607081338189003450e-02 1.086938238880531260e-01 9.498151694437430292e-02 1.063806279418296752e-01 1.092860730022700011e-01 9.317024880212654292e-02 9.153120364368882989e-02 8.396042587850968686e-02 8.833308708588295810e-02
7.789794779893033372e-02 6.632263187871381693e-02 9.129805983331296115e-02 7.884062688090405502e-02 8.859286242502151243e-02 9.317024880212654292e-02 8.321512644528641922e-02 8.434029402147988352e-02 7.831684160445816223e-02 8.214850918899679888e-02
8.462172634666155491e-02 6.963048697893790828e-02 9.246511314150875072e-02 7.787884346915585621e-02 8.628615725706210993e-02 9.153120364368882989e-02 8.434029402147988352e-02 8.941335967317289024e-02 8.512272118592473236e-02 9.016558960490163310e-02
8.622780757796009998e-02 6.992740799229005266e-02 9.086274002491402657e-02 7.420967227299750391e-02 7.985312432443078534e-02 8.396042587850968686e-02 7.831684160445816223e-02 8.512272118592473236e-02 8.424150880918426787e-02 9.138260333850070638e-02
9.863522421224259207e-02 8.029988900805959395e-02 1.038357856574600169e-01 8.252368188725853204e-02 8.578592928483370905e-02 8.833308708588295810e-02 8.214850918899679888e-02 9.016558960490163310e-02 9.138260333850070638e-02 1.026738654199461781e-01
