2.221053729319804604e-01 1.783520077762924538e-01 1.065131549821842216e-01 4.626996167465415033e-02 -1.360343960169897379e-02 -3.873376041314451762e-02 -6.262974483058714181e-02 -4.596872709580693273e-02 -1.519435549810707262e-02 5.267471033276726472e-02 1.235348278504389830e-01 1.989577441526844126e-01
1.783520077762924538e-01 2.305055860567820081e-01 1.985196404766335632e-01 1.221845566475474321e-01 5.801070777269982937e-02 -4.685037408578804005e-03 -5.178013578875508005e-02 -5.610829338525144538e-02 -4.913412133162740891e-02 -7.393044309814594643e-03 5.461016092370553354e-02 1.148224128860447779e-01
1.065131549821842216e-01 1.985196404766335632e-01 3.130211116275124494e-01 2.134827949100589484e-01 1.366394274463952341e-01 4.937345039332025759e-02 -5.445294101519082899e-03 -3.458871526142490854e-02 -4.899936738586152529e-02 -4.549813182956642665e-02 -1.528453657395176420e-02 3.867445813757475204e-02
4.626996167465415033e-02 1.221845566475474321e-01 2.134827949100589484e-01 2.723822777118309890e-01 2.119433476778720404e-01 9.644270453028075396e-02 5.068117809767701265e-02 7.469812322250234463e-03 -2.286861394683261869e-02 -4.583237541005889815e-02 -4.491216496308182704e-02 -1.508429319495067228e-02
-1.360343960169897379e-02 5.801070777269982937e-02 1.366394274463952341e-01 2.119433476778720404e-01 2.718337675623687666e-01 1.463107526924070922e-01 1.135696283036248533e-01 6.449262968296312626e-02 2.820902824480475690e-02 -2.025370093145273387e-02 -5.141296551197996334e-02 -5.185815438332479210e-02
-3.873376041314451762e-02 -4.685037408578804005e-03 4.937345039332025759e-02 9.644270453028075396e-02 1.463107526924070922e-01 1.239558839213389108e-01 1.625203423151052040e-01 9.769254409057413768e-02 6.207900924863885006e-02 2.052150078861886620e-02 -2.312622493573573967e-02 -4.431965617418075210e-02
-6.262974483058714181e-02 -5.178013578875508005e-02 -5.445294101519082899e-03 5.068117809767701265e-02 1.135696283036248533e-01 1.625203423151052040e-01 3.374250524375165261e-01 1.960561588256302668e-01 1.258737342882118027e-01 7.445454791920663729e-02 7.335148597761789388e-03 -4.275959533559244019e-02
-4.596872709580693273e-02 -5.610829338525144538e-02 -3.458871526142490854e-02 7.469812322250234463e-03 6.449262968296312626e-02 9.769254409057413768e-02 1.960561588256302668e-01 1.811160106860330854e-01 1.566425282278744169e-01 1.152397640960450137e-01 5.186690229145578257e-02 -2.203932622967492289e-03
-1.519435549810707262e-02 -4.913412133162740891e-02 -4.899936738586152529e-02 -2.286861394683261869e-02 2.820902824480475690e-02 6.207900924863885006e-02 1.258737342882118027e-01 1.566425282278744169e-01 2.009729097916938545e-01 1.861790490812575971e-01 1.110928664157709300e-01 5.108232454377872184e-02
5.267471033276726472e-02 -7.393044309814594643e-03 -4.549813182956642665e-02 -4.583237541005889815e-02 -2.025370093145273387e-02 2.052150078861886620e-02 7.445454791920663729e-02 1.152397640960450137e-01 1.861790490812575971e-01 2.595405266391217491e-01 1.987663077162282466e-01 1.277818552380818040e-01
1.235348278504389830e-01 5.461016092370553354e-02 -1.528453657395176420e-02 -4.491216496308182704e-02 -5.141296551197996334e-02 -2.312622493573573967e-02 7.335148597761789388e-03 5.186690229145578257e-02 1.110928664157709300e-01 1.987663077162282466e-01 2.701408838050511907e-01 2.148260109218411706e-01
1.989577441526844126e-01 1.148224128860447779e-01 3.867445813757475204e-02 -1.508429319495067228e-02 -5.185815438332479210e-02 -4.431965617418075210e-02 -4.275959533559244019e-02 -2.203932622967492289e-03 5.108232454377872184e-02 1.277818552380818040e-01 2.148260109218411706e-01 3.170006168287708981e-01
2.493205977844916432e-01 2.029682220883786969e-01 1.079385426647368751e-01 3.850351893842558770e-02 -1.397084079218427477e-02 -4.116590883683475532e-02 -5.221037274227872255e-02 -3.159002933065853391e-02 6.142310700373718874e-03 6.298946089674123394e-02 1.129595687090606537e-01 2.104944182435531108e-01
2.029682220883786969e-01 2.668723644291900454e-01 1.846504110744088822e-01 1.098572545333004885e-01 5.480660818061003359e-02 1.647124171434963908e-03 -3.665013057169554112e-02 -4.601801444527743590e-02 -3.038734574438366892e-02 1.590216551598519837e-02 6.657951492797190007e-02 1.391886932424054590e-01
1.079385426647368751e-01 1.846504110744088822e-01 2.325949906534592604e-01 1.968185049977783097e-01 1.342260843288852479e-01 6.939128586636658658e-02 1.463860825662969233e-02 -3.556422528907851599e-02 -5.015895349550580917e-02 -3.888709045942680131e-02 -8.462819733965708637e-04 5.434868326320543841e-02
3.850351893842558770e-02 1.098572545333004885e-01 1.968185049977783097e-01 2.657870589990295462e-01 2.107107318647851724e-01 1.218620625900895121e-01 6.381204871606685480e-02 -5.815402954815317854e-03 -4.401604042771872088e-02 -5.998264921772600289e-02 -4.363310667489692790e-02 -1.588340380667100163e-02
-1.397084079218427477e-02 5.480660818061003359e-02 1.342260843288852479e-01 2.107107318647851724e-01 2.986208895945112185e-01 1.830299118879794851e-01 1.148272805768396909e-01 4.162593725150652568e-02 -1.312264228002219847e-02 -5.380327910693394333e-02 -5.734087286544560513e-02 -5.451903885982702785e-02
-4.116590883683475532e-02 1.647124171434963908e-03 6.939128586636658658e-02 1.218620625900895121e-01 1.830299118879794851e-01 1.717282466270588781e-01 1.608080488583881473e-01 1.016370961798950950e-01 5.006298952512083789e-02 -4.269247254142868528e-03 -3.632347210860175507e-02 -5.723061322882741497e-02
-5.221037274227872255e-02 -3.665013057169554112e-02 1.463860825662969233e-02 6.381204871606685480e-02 1.148272805768396909e-01 1.608080488583881473e-01 2.480453681151422729e-01 2.099280711966490243e-01 1.376917242163495092e-01 7.003274176087463665e-02 3.201505284704289980e-03 -4.564984508998175261e-02
-3.159002933065853391e-02 -4.601801444527743590e-02 -3.556422528907851599e-02 -5.815402954815317854e-03 4.162593725150652568e-02 1.016370961798950950e-01 2.099280711966490243e-01 3.015931788530483715e-01 2.159398005127998177e-01 1.337186262561765315e-01 5.546084685914740714e-02 3.470273465921449273e-04
6.142310700373718874e-03 -3.038734574438366892e-02 -5.015895349550580917e-02 -4.401604042771872088e-02 -1.312264228002219847e-02 5.006298952512083789e-02 1.376917242163495092e-01 2.159398005127998177e-01 2.963191892802654048e-01 2.002111367796294006e-01 1.004423843677096084e-01 4.993004307315103418e-02
6.298946089674123394e-02 1.590216551598519837e-02 -3.888709045942680131e-02 -5.998264921772600289e-02 -5.380327910693394333e-02 -4.269247254142868528e-03 7.003274176087463665e-02 1.337186262561765315e-01 2.002111367796294006e-01 2.045409590051018023e-01 1.356833553495974676e-01 1.099639970546260614e-01
1.129595687090606537e-01 6.657951492797190007e-02 -8.462819733965708637e-04 -4.363310667489692790e-02 -5.734087286544560513e-02 -3.632347210860175507e-02 3.201505284704289980e-03 5.546084685914740714e-02 1.004423843677096084e-01 1.356833553495974676e-01 1.413903490354209425e-01 1.744263923863259846e-01
2.104944182435531108e-01 1.391886932424054590e-01 5.434868326320543841e-02 -1.588340380667100163e-02 -5.451903885982702785e-02 -5.723061322882741497e-02 -4.564984508998175261e-02 3.470273465921449273e-04 4.993004307315103418e-02 1.099639970546260614e-01 1.744263923863259846e-01 3.231868076232797815e-01
3.730980705668219266e-01 2.158588707365570458e-01 1.083616058654443826e-01 3.441249783919344413e-02 -1.751867757410878815e-02 -3.515701846938597275e-02 -3.942605751582800577e-02 -2.613674532349093832e-02 -4.333886012417945480e-03 3.518733544200932511e-02 1.010676912417460133e-01 2.112515705368618879e-01
2.158588707365570458e-01 2.584281824258876092e-01 2.045843336891897679e-01 9.950558704625694917e-02 4.268278301362510296e-02 -3.609034308413899567e-03 -3.598282179891892918e-02 -4.627582425221184875e-02 -4.426705785744399629e-02 -3.801507462801673870e-02 2.125072864511876394e-02 1.075631229092402774e-01
1.083616058654443826e-01 2.045843336891897679e-01 3.094238419079852198e-01 1.723102102871723607e-01 1.067462197526314882e-01 4.596205106012155039e-02 -2.754754402274988377e-03 -3.788108114900788637e-02 -5.283490388043902281e-02 -6.915567741816916469e-02 -4.264322320001351363e-02 6.281337745947785864e-03
3.441249783919344413e-02 9.950558704625694917e-02 1.723102102871723607e-01 1.571463134990312982e-01 1.740802396155289866e-01 9.747194308876688806e-02 5.555471780154377925e-02 1.063199878958042549e-02 -2.192974429991319252e-02 -4.937315324526123095e-02 -4.434913541323276531e-02 -3.063070866494104275e-02
-1.751867757410878815e-02 4.268278301362510296e-02 1.067462197526314882e-01 1.740802396155289866e-01 3.378241807245423445e-01 1.966597004974679763e-01 1.315221622105983146e-01 7.218495584732420589e-02 2.015760449183098824e-02 -1.820124442382891478e-02 -3.488725096184104590e-02 -4.538143231488579038e-02
-3.515701846938597275e-02 -3.609034308413899567e-03 4.596205106012155039e-02 9.747194308876688806e-02 1.966597004974679763e-01 1.962260859974193361e-01 1.881587467788504164e-01 1.136030650122540203e-01 5.669290483636114236e-02 3.053396332392745854e-02 -2.977195623093458962e-03 -3.264193874755773328e-02
-3.942605751582800577e-02 -3.598282179891892918e-02 -2.754754402274988377e-03 5.555471780154377925e-02 1.315221622105983146e-01 1.881587467788504164e-01 2.816999803454883766e-01 1.808406957578163055e-01 9.917016132697968611e-02 7.513545119910096381e-02 3.150296433489341297e-02 -9.063046326179297063e-03
-2.613674532349093832e-02 -4.627582425221184875e-02 -3.788108114900788637e-02 1.063199878958042549e-02 7.218495584732420589e-02 1.136030650122540203e-01 1.808406957578163055e-01 1.537495099111710339e-01 1.122167505966384787e-01 1.135025558550609714e-01 6.373196070657860535e-02 2.639528397677084331e-02
-4.333886012417945480e-03 -4.426705785744399629e-02 -5.283490388043902281e-02 -2.192974429991319252e-02 2.015760449183098824e-02 5.669290483636114236e-02 9.917016132697968611e-02 1.122167505966384787e-01 1.266965318203260582e-01 1.682753969732019295e-01 1.009519595886676502e-01 5.846935220226648355e-02
3.518733544200932511e-02 -3.801507462801673870e-02 -6.915567741816916469e-02 -4.937315324526123095e-02 -1.820124442382891478e-02 3.053396332392745854e-02 7.513545119910096381e-02 1.135025558550609714e-01 1.682753969732019295e-01 2.778197062744652279e-01 1.776857627351693392e-01 1.170730534871934347e-01
1.010676912417460133e-01 2.125072864511876394e-02 -4.264322320001351363e-02 -4.434913541323276531e-02 -3.488725096184104590e-02 -2.977195623093458962e-03 3.150296433489341297e-02 6.373196070657860535e-02 1.009519595886676502e-01 1.776857627351693392e-01 1.811057602497948560e-01 1.916554408627731410e-01
2.112515705368618879e-01 1.075631229092402774e-01 6.281337745947785864e-03 -3.063070866494104275e-02 -4.538143231488579038e-02 -3.264193874755773328e-02 -9.063046326179297063e-03 2.639528397677084331e-02 5.846935220226648355e-02 1.170730534871934347e-01 1.916554408627731410e-01 3.467818362770636598e-01
2.110114067871217136e-01 1.941342715118153095e-01 1.111798557772016582e-01 5.267837355697929658e-02 -3.737833387525990765e-03 -4.289817617223885132e-02 -4.729245388482543333e-02 -3.786611087952311550e-02 2.843617438899744779e-04 5.532428946930273428e-02 1.065863076350962169e-01 1.952362721947073498e-01
1.941342715118153095e-01 3.111551002882521066e-01 2.080033072503761349e-01 1.315444554400322374e-01 5.909143701605222565e-02 -2.834780228399535681e-03 -3.731082478445967021e-02 -5.440032180129550365e-02 -4.534405852572404722e-02 -1.535653855304861849e-02 3.652370976236179317e-02 1.060207316796715343e-01
1.111798557772016582e-01 2.080033072503761349e-01 2.730000479144142900e-01 2.077134042255639468e-01 1.177582009004954910e-01 5.720837183936035991e-02 4.840460390739843681e-03 -3.663009037936545281e-02 -5.242008129875586758e-02 -5.219973299118797067e-02 -2.283063691792518862e-02 3.116779150418553038e-02
5.267837355697929658e-02 1.315444554400322374e-01 2.077134042255639468e-01 2.499984772545814360e-01 1.731659335672011690e-01 1.145002897390172969e-01 5.796791090776837185e-02 1.097907857552326422e-02 -2.911182985733864331e-02 -5.440054098223712220e-02 -4.911310957883386480e-02 -2.353002719440635410e-02
-3.737833387525990765e-03 5.909143701605222565e-02 1.177582009004954910e-01 1.731659335672011690e-01 1.958923230063833454e-01 1.831188451900187808e-01 1.176242418603145046e-01 7.188813655438214267e-02 1.870903771441478555e-02 -3.005944880449620826e-02 -4.913463592453887890e-02 -4.946227041352698611e-02
-4.289817617223885132e-02 -2.834780228399535681e-03 5.720837183936035991e-02 1.145002897390172969e-01 1.831188451900187808e-01 2.589469975042652528e-01 1.914500154265392773e-01 1.336487156581197822e-01 7.293312767221929449e-02 1.316788403238661198e-02 -3.096270069566459116e-02 -5.561656769195354177e-02
-4.729245388482543333e-02 -3.731082478445967021e-02 4.840460390739843681e-03 5.796791090776837185e-02 1.176242418603145046e-01 1.914500154265392773e-01 2.230880130508857417e-01 1.954219708073853257e-01 1.203772703774097785e-01 6.338587977696011344e-02 1.091810853260761875e-02 -3.371989441496500012e-02
-3.786611087952311550e-02 -5.440032180129550365e-02 -3.663009037936545281e-02 1.097907857552326422e-02 7.188813655438214267e-02 1.336487156581197822e-01 1.954219708073853257e-01 2.646380116816234862e-01 1.831131845267264524e-01 1.170556027606631799e-01 5.786306217247343120e-02 3.576653266664421398e-03
2.843617438899744779e-04 -4.534405852572404722e-02 -5.242008129875586758e-02 -2.911182985733864331e-02 1.870903771441478555e-02 7.293312767221929449e-02 1.203772703774097785e-01 1.831131845267264524e-01 1.971566626256513188e-01 1.768457254469386064e-01 1.127078605445631238e-01 6.024759851429281610e-02
5.532428946930273428e-02 -1.535653855304861849e-02 -5.219973299118797067e-02 -5.440054098223712220e-02 -3.005944880449620826e-02 1.316788403238661198e-02 6.338587977696011344e-02 1.170556027606631799e-01 1.768457254469386064e-01 2.479173733043924244e-01 1.876574559913981866e-01 1.268451613992470084e-01
1.065863076350962169e-01 3.652370976236179317e-02 -2.283063691792518862e-02 -4.911310957883386480e-02 -4.913463592453887890e-02 -3.096270069566459116e-02 1.091810853260761875e-02 5.786306217247343120e-02 1.127078605445631238e-01 1.876574559913981866e-01 2.086813721795159060e-01 1.972803457469001764e-01
1.952362721947073498e-01 1.060207316796715343e-01 3.116779150418553038e-02 -2.353002719440635410e-02 -4.946227041352698611e-02 -5.561656769195354177e-02 -3.371989441496500012e-02 3.576653266664421398e-03 6.024759851429281610e-02 1.268451613992470084e-01 1.972803457469001764e-01 3.585142144029267453e-01
2.310783561287361731e-01 1.858290631764900336e-01 1.184518036271293706e-01 6.496842065386905507e-02 1.791076341973748404e-02 -2.341774385561924687e-02 -3.497877532574505954e-02 -1.590504976424260419e-02 2.524792755741016997e-02 6.401827070666121777e-02 1.243553647966217923e-01 2.011714334304427476e-01
1.858290631764900336e-01 2.132815333838244953e-01 1.726659722635438543e-01 1.188416007337192853e-01 5.861324195834020923e-02 1.610224931700092454e-02 -2.761860487145275170e-02 -4.203993993742904944e-02 -2.117947216984492065e-02 2.284509343880262305e-02 7.455166900169588051e-02 1.297161390180472940e-01
1.184518036271293706e-01 1.726659722635438543e-01 2.270170469754342890e-01 1.976543743554935173e-01 1.085972265934477821e-01 6.242441391302612497e-02 -6.492015144883194269e-03 -5.566399062825851118e-02 -5.919541643103255757e-02 -2.347714424847626574e-02 1.461418922739342666e-02 6.592613493405866110e-02
6.496842065386905507e-02 1.188416007337192853e-01 1.976543743554935173e-01 2.459999640323652925e-01 1.535423763797140184e-01 1.124143425768342752e-01 3.577004088147094085e-02 -4.492479714709053662e-02 -7.204204378191123026e-02 -5.124583982063406901e-02 -3.281263047583857229e-02 8.939699780201943585e-03
1.791076341973748404e-02 5.861324195834020923e-02 1.085972265934477821e-01 1.535423763797140184e-01 1.488981172723828628e-01 1.804218193068584941e-01 9.343217329839656471e-02 9.503520263655886730e-03 -4.612395300671930098e-02 -4.461455324488723673e-02 -4.158110777724644685e-02 -2.254421324004571986e-02
-2.341774385561924687e-02 1.610224931700092454e-02 6.242441391302612497e-02 1.124143425768342752e-01 1.804218193068584941e-01 3.694560922645814260e-01 2.124603685705300782e-01 1.017914116197266017e-01 -1.782644806595322113e-03 -3.446218636445377848e-02 -4.952412972918952827e-02 -4.946009155438531313e-02
-3.497877532574505954e-02 -2.761860487145275170e-02 -6.492015144883194269e-03 3.577004088147094085e-02 9.343217329839656471e-02 2.124603685705300782e-01 3.805310216297503878e-01 2.176203642048543108e-01 1.098344779803385324e-01 3.697440432037664426e-02 -3.186524276687027063e-03 -3.137947113010904759e-02
-1.590504976424260419e-02 -4.203993993742904944e-02 -5.566399062825851118e-02 -4.492479714709053662e-02 9.503520263655886730e-03 1.017914116197266017e-01 2.176203642048543108e-01 2.974662852343042396e-01 2.125655935958880582e-01 1.031846143431542073e-01 5.774217080116634399e-02 2.135548072256015020e-02
2.524792755741016997e-02 -2.117947216984492065e-02 -5.919541643103255757e-02 -7.204204378191123026e-02 -4.612395300671930098e-02 -1.782644806595322113e-03 1.098344779803385324e-01 2.125655935958880582e-01 2.734360733098729068e-01 1.538817812106663963e-01 1.065857264150675970e-01 7.171416790409115838e-02
6.401827070666121777e-02 2.284509343880262305e-02 -2.347714424847626574e-02 -5.124583982063406901e-02 -4.461455324488723673e-02 -3.446218636445377848e-02 3.697440432037664426e-02 1.031846143431542073e-01 1.538817812106663963e-01 1.203658328145680856e-01 1.179194451002510136e-01 1.067898440136917093e-01
1.243553647966217923e-01 7.455166900169588051e-02 1.461418922739342666e-02 -3.281263047583857229e-02 -4.158110777724644685e-02 -4.952412972918952827e-02 -3.186524276687027063e-03 5.774217080116634399e-02 1.065857264150675970e-01 1.179194451002510136e-01 1.715636428583143525e-01 1.966648196944947857e-01
2.011714334304427476e-01 1.297161390180472940e-01 6.592613493405866110e-02 8.939699780201943585e-03 -2.254421324004571986e-02 -4.946009155438531313e-02 -3.137947113010904759e-02 2.135548072256015020e-02 7.171416790409115838e-02 1.067898440136917093e-01 1.966648196944947857e-01 3.209060340958674318e-01
2.619393490246839651e-01 2.015955194232532388e-01 1.327835662500045921e-01 5.542582792799632257e-02 1.881692591487030969e-02 -2.043005667942624642e-02 -3.694973886630432969e-02 -3.242455682871819844e-02 -4.746460015353420880e-03 4.753097369774418601e-02 1.135992091933131498e-01 2.030563181516057414e-01
2.015955194232532388e-01 2.639292176810646984e-01 2.116688651361693096e-01 9.833672802304822824e-02 6.436287447167568510e-02 1.904830932433206059e-02 -2.224991151460106037e-02 -4.997300035471327617e-02 -5.256800394298434542e-02 -1.186843990319184569e-02 4.357742591693539169e-02 1.213719203048715251e-01
1.327835662500045921e-01 2.116688651361693096e-01 2.832632620250179478e-01 1.423973604474431387e-01 1.107872495490677817e-01 6.432677710595770260e-02 1.177425757171386006e-02 -4.571052629866598216e-02 -7.339558982257698982e-02 -5.460171934271426664e-02 -2.082458400163438375e-02 5.798860539563188699e-02
5.542582792799632257e-02 9.833672802304822824e-02 1.423973604474431387e-01 9.908477896658819672e-02 1.156738678354764238e-01 9.600804036977464428e-02 5.390170124906917826e-02 -8.899199944865673981e-04 -4.367155671522533755e-02 -4.485238613639358496e-02 -3.594330123807440436e-02 3.242986494395718594e-03
1.881692591487030969e-02 6.436287447167568510e-02 1.107872495490677817e-01 1.156738678354764238e-01 2.042960891520009536e-01 2.117295815743888698e-01 1.361222419110360293e-01 5.653544766206949901e-02 -2.373362883802268564e-02 -4.886920915033710761e-02 -5.646846869265378932e-02 -3.554778443432018986e-02
-2.043005667942624642e-02 1.904830932433206059e-02 6.432677710595770260e-02 9.600804036977464428e-02 2.117295815743888698e-01 3.327145189108390855e-01 2.157546763759007058e-01 1.206678123530449953e-01 3.400111317682590062e-02 -1.879195987072479479e-02 -4.714416015428184170e-02 -5.140504552174837705e-02
-3.694973886630432969e-02 -2.224991151460106037e-02 1.177425757171386006e-02 5.390170124906917826e-02 1.361222419110360293e-01 2.157546763759007058e-01 3.005439776639490246e-01 2.007877394939556470e-01 1.072738624226808324e-01 4.131489228576676331e-02 -3.287595622274472329e-03 -3.618360455553795707e-02
-3.242455682871819844e-02 -4.997300035471327617e-02 -4.571052629866598216e-02 -8.899199944865673981e-04 5.653544766206949901e-02 1.206678123530449953e-01 2.007877394939556470e-01 2.351678700200831307e-01 1.936094877094693967e-01 1.096154061543141711e-01 6.201149416977460443e-02 1.140642001348713547e-02
-4.746460015353420880e-03 -5.256800394298434542e-02 -7.339558982257698982e-02 -4.367155671522533755e-02 -2.373362883802268564e-02 3.400111317682590062e-02 1.072738624226808324e-01 1.936094877094693967e-01 2.886163054076908985e-01 1.876874403505802147e-01 1.260540692342020930e-01 6.905510766840373960e-02
4.753097369774418601e-02 -1.186843990319184569e-02 -5.460171934271426664e-02 -4.485238613639358496e-02 -4.886920915033710761e-02 -1.879195987072479479e-02 4.131489228576676331e-02 1.096154061543141711e-01 1.876874403505802147e-01 1.894851669932898219e-01 1.716835571381428727e-01 1.184615799151838567e-01
1.135992091933131498e-01 4.357742591693539169e-02 -2.082458400163438375e-02 -3.594330123807440436e-02 -5.646846869265378932e-02 -4.714416015428184170e-02 -3.287595622274472329e-03 6.201149416977460443e-02 1.260540692342020930e-01 1.716835571381428727e-01 2.401934492999524828e-01 2.052081221618702600e-01
2.030563181516057414e-01 1.213719203048715251e-01 5.798860539563188699e-02 3.242986494395718594e-03 -3.554778443432018986e-02 -5.140504552174837705e-02 -3.618360455553795707e-02 1.140642001348713547e-02 6.905510766840373960e-02 1.184615799151838567e-01 2.052081221618702600e-01 3.007660148548376711e-01
2.747114845358671342e-01 2.158155402062773009e-01 1.090864558968449582e-01 2.618469653450212001e-02 -3.515262984752448583e-02 -4.459526153674109317e-02 -4.763685680758222851e-02 -2.826810459037327333e-02 7.429226505343379701e-03 5.787942463978001245e-02 1.107640607034918734e-01 2.032251599674538001e-01
2.158155402062773009e-01 3.120234997839021474e-01 2.090900865594118030e-01 1.037868660437195056e-01 2.977678996859518812e-02 -1.694944498333185445e-02 -4.353514170644712938e-02 -5.146260546244409151e-02 -3.846665887181819482e-02 -2.043698386361923053e-02 3.413127342120489405e-02 1.059866105691107951e-01
1.090864558968449582e-01 2.090900865594118030e-01 3.806783692831420263e-01 1.935834003982615514e-01 1.073440364809370717e-01 4.074504946344040257e-02 6.185083321032349216e-04 -3.249810750099567380e-02 -4.258786592859581388e-02 -5.447393147817652242e-02 -3.209684740029752903e-02 1.157450184554559280e-02
2.618469653450212001e-02 1.037868660437195056e-01 1.935834003982615514e-01 1.908933509656079441e-01 1.857498311640978228e-01 9.804484577457439620e-02 6.003382306683439917e-02 2.348387712407341843e-02 -1.175792755488416774e-02 -4.338526730553683014e-02 -4.598177086228603244e-02 -3.683282928442763171e-02
-3.515262984752448583e-02 2.977678996859518812e-02 1.073440364809370717e-01 1.857498311640978228e-01 2.999355880043865774e-01 1.750485400974011729e-01 1.242479166167516358e-01 8.370120921124540869e-02 3.013800698682121693e-02 -1.326106482572041688e-02 -4.133821948734282825e-02 -5.766822592785085522e-02
-4.459526153674109317e-02 -1.694944498333185445e-02 4.074504946344040257e-02 9.804484577457439620e-02 1.750485400974011729e-01 1.503404139823741048e-01 1.544330484305968532e-01 1.170619527414095140e-01 5.971169256821287630e-02 2.993875461585651307e-02 -8.917066456102261396e-03 -4.030523799732856072e-02
-4.763685680758222851e-02 -4.353514170644712938e-02 6.185083321032349216e-04 6.003382306683439917e-02 1.242479166167516358e-01 1.544330484305968532e-01 2.456463712113562681e-01 2.046208090693282244e-01 1.091112813420544170e-01 7.648563337519884153e-02 2.514911283492598376e-02 -2.158385674141610755e-02
-2.826810459037327333e-02 -5.146260546244409151e-02 -3.249810750099567380e-02 2.348387712407341843e-02 8.370120921124540869e-02 1.170619527414095140e-01 2.046208090693282244e-01 2.248584469160075927e-01 1.388723269996350596e-01 1.188468341293963393e-01 6.441764792690522767e-02 2.075790705471713266e-02
7.429226505343379701e-03 -3.846665887181819482e-02 -4.258786592859581388e-02 -1.175792755488416774e-02 3.013800698682121693e-02 5.971169256821287630e-02 1.091112813420544170e-01 1.388723269996350596e-01 1.333690648101871212e-01 1.642077175581113657e-01 1.026471653600603551e-01 6.181628009998020590e-02
5.787942463978001245e-02 -2.043698386361923053e-02 -5.447393147817652242e-02 -4.338526730553683014e-02 -1.326106482572041688e-02 2.993875461585651307e-02 7.648563337519884153e-02 1.188468341293963393e-01 1.642077175581113657e-01 2.777125219055611716e-01 1.886199934784307808e-01 1.287192101377752085e-01
1.107640607034918734e-01 3.413127342120489405e-02 -3.209684740029752903e-02 -4.598177086228603244e-02 -4.133821948734282825e-02 -8.917066456102261396e-03 2.514911283492598376e-02 6.441764792690522767e-02 1.026471653600603551e-01 1.886199934784307808e-01 1.984941860270604819e-01 1.923397189175374278e-01
2.032251599674538001e-01 1.059866105691107951e-01 1.157450184554559280e-02 -3.683282928442763171e-02 -5.766822592785085522e-02 -4.030523799732856072e-02 -2.158385674141610755e-02 2.075790705471713266e-02 6.181628009998020590e-02 1.287192101377752085e-01 1.923397189175374278e-01 3.113367025745430450e-01
2.465921749448068689e-01 1.955924320750777046e-01 1.236627531438608263e-01 7.738574431454522951e-02 2.660882159467152161e-02 -1.518619624930904292e-02 -4.950986770166196371e-02 -5.135940290358874394e-02 -2.794123256803249938e-02 3.950814941324296004e-02 1.137950382276405464e-01 1.959785410928630567e-01
1.955924320750777046e-01 2.479149330402384555e-01 1.787409153262182193e-01 1.261125878119944144e-01 7.443120259434871100e-02 2.692094778333212896e-02 -2.042940280518574375e-02 -4.793276760378799295e-02 -5.423122350466384745e-02 -1.889795348573596045e-02 5.208945244837763500e-02 1.249750926110156368e-01
1.236627531438608263e-01 1.787409153262182193e-01 1.836961791112133313e-01 1.647753725829974869e-01 1.143983640846601424e-01 6.384100529071265462e-02 2.086350105266424754e-02 -2.577488726421063928e-02 -5.417965633893109811e-02 -4.651302170204009434e-02 3.607224390725224331e-03 6.892884355454872991e-02
7.738574431454522951e-02 1.261125878119944144e-01 1.647753725829974869e-01 2.191811814613591480e-01 1.827155204663710175e-01 1.172018962758389488e-01 7.245214514716932785e-02 1.106732739248963461e-02 -4.043068190794357752e-02 -5.808241526833183427e-02 -3.290384469677973267e-02 2.217176231451382235e-02
2.660882159467152161e-02 7.443120259434871100e-02 1.143983640846601424e-01 1.827155204663710175e-01 2.087836038531969418e-01 1.601410784294019507e-01 1.225151515104103972e-01 5.977695347187186869e-02 4.629089807530919597e-04 -4.736702060096350392e-02 -5.060301363449988543e-02 -2.337369571795962914e-02
-1.518619624930904292e-02 2.692094778333212896e-02 6.384100529071265462e-02 1.172018962758389488e-01 1.601410784294019507e-01 1.792715439260903487e-01 1.926098734809660595e-01 1.064100417748500699e-01 4.798676022696733712e-02 -1.865382139655622634e-02 -4.687742380539829806e-02 -4.592604203685571318e-02
-4.950986770166196371e-02 -2.042940280518574375e-02 2.086350105266424754e-02 7.245214514716932785e-02 1.225151515104103972e-01 1.926098734809660595e-01 3.576247366734756072e-01 1.922961395757172287e-01 1.125520675365604684e-01 3.219830934857814686e-02 -2.826346680048614710e-02 -5.636608315020606719e-02
-5.135940290358874394e-02 -4.793276760378799295e-02 -2.577488726421063928e-02 1.106732739248963461e-02 5.977695347187186869e-02 1.064100417748500699e-01 1.922961395757172287e-01 2.018533854552435058e-01 1.905430020751008313e-01 1.074793198746652190e-01 3.942545098476234189e-02 -2.513789477085999133e-02
-2.794123256803249938e-02 -5.423122350466384745e-02 -5.417965633893109811e-02 -4.043068190794357752e-02 4.629089807530919597e-04 4.798676022696733712e-02 1.125520675365604684e-01 1.905430020751008313e-01 2.973208493832482091e-01 2.106486721814015139e-01 1.229491861277390713e-01 3.509772831841621865e-02
3.950814941324296004e-02 -1.889795348573596045e-02 -4.651302170204009434e-02 -5.808241526833183427e-02 -4.736702060096350392e-02 -1.865382139655622634e-02 3.219830934857814686e-02 1.074793198746652190e-01 2.106486721814015139e-01 3.194041659340925987e-01 2.162686126027079103e-01 1.151214579458033904e-01
1.137950382276405464e-01 5.208945244837763500e-02 3.607224390725224331e-03 -3.290384469677973267e-02 -5.060301363449988543e-02 -4.687742380539829806e-02 -2.826346680048614710e-02 3.942545098476234189e-02 1.229491861277390713e-01 2.162686126027079103e-01 2.804419684453174910e-01 1.976773831383352720e-01
1.959785410928630567e-01 1.249750926110156368e-01 6.892884355454872991e-02 2.217176231451382235e-02 -2.337369571795962914e-02 -4.592604203685571318e-02 -5.636608315020606719e-02 -2.513789477085999133e-02 3.509772831841621865e-02 1.151214579458033904e-01 1.976773831383352720e-01 2.579152777717189648e-01
2.240952949360764945e-01 1.881126183483716185e-01 1.233698243430506603e-01 6.249332169211090776e-02 2.262870528066189026e-03 -4.245446608890897366e-02 -5.190949290649088388e-02 -2.912060124887213414e-02 1.534112132305604295e-02 7.055819067889583518e-02 1.181262247333226822e-01 1.893537779833408541e-01
1.881126183483716185e-01 2.529144525724003056e-01 1.985855131931459350e-01 1.217992458104630304e-01 5.758353998429006221e-02 -1.406462853423694204e-02 -5.455553672098281681e-02 -5.909883776197177169e-02 -3.090741684271940820e-02 1.171482481040652356e-02 6.256168398285687215e-02 1.235024434728128201e-01
1.233698243430506603e-01 1.985855131931459350e-01 2.511614165748463634e-01 1.881919706028836736e-01 1.196218084411441174e-01 4.303666449545717754e-02 -2.445313817234263942e-02 -5.916732209738072290e-02 -5.380514806906613184e-02 -3.768810335207304490e-02 7.867612585953186535e-03 6.551245178723918983e-02
6.249332169211090776e-02 1.217992458104630304e-01 1.881919706028836736e-01 2.291798427112059500e-01 1.990552309016788424e-01 1.113523262750933940e-01 3.619460597818062453e-02 -2.861755170135138818e-02 -5.060928879057843138e-02 -5.857624962721160594e-02 -3.483454207276436010e-02 6.800480956947995911e-03
2.262870528066189026e-03 5.758353998429006221e-02 1.196218084411441174e-01 1.990552309016788424e-01 3.071226032957071750e-01 2.098299662528257115e-01 1.209878181764808824e-01 4.140554572230017993e-02 -1.612818577072452561e-02 -5.303366357320029451e-02 -5.460630989621834130e-02 -4.066637791693072240e-02
-4.245446608890897366e-02 -1.406462853423694204e-02 4.303666449545717754e-02 1.113523262750933940e-01 2.098299662528257115e-01 2.874405988424397207e-01 2.118666332223040349e-01 1.214422117212587693e-01 5.006028490577918433e-02 -3.418619774241758724e-03 -3.582534830182905472e-02 -5.042977751832264377e-02
-5.190949290649088388e-02 -5.455553672098281681e-02 -2.445313817234263942e-02 3.619460597818062453e-02 1.209878181764808824e-01 2.118666332223040349e-01 2.978320932171287239e-01 2.041656805721216161e-01 1.130285230850413269e-01 6.225029539133612039e-02 1.122060855118616959e-02 -2.897636761287768203e-02
-2.912060124887213414e-02 -5.909883776197177169e-02 -5.916732209738072290e-02 -2.861755170135138818e-02 4.140554572230017993e-02 1.214422117212587693e-01 2.041656805721216161e-01 2.433200373463584587e-01 1.688483720461368964e-01 1.236214067360931618e-01 6.836429880006961168e-02 2.151145546699619743e-02
1.534112132305604295e-02 -3.090741684271940820e-02 -5.380514806906613184e-02 -5.060928879057843138e-02 -1.612818577072452561e-02 5.006028490577918433e-02 1.130285230850413269e-01 1.688483720461368964e-01 1.787573473954566228e-01 1.792390084470700529e-01 1.149603771627616539e-01 6.955154546258938975e-02
7.055819067889583518e-02 1.171482481040652356e-02 -3.768810335207304490e-02 -5.857624962721160594e-02 -5.303366357320029451e-02 -3.418619774241758724e-03 6.225029539133612039e-02 1.236214067360931618e-01 1.792390084470700529e-01 2.709221541522175425e-01 1.923644411538258658e-01 1.308437337539379575e-01
1.181262247333226822e-01 6.256168398285687215e-02 7.867612585953186535e-03 -3.483454207276436010e-02 -5.460630989621834130e-02 -3.582534830182905472e-02 1.122060855118616959e-02 6.836429880006961168e-02 1.149603771627616539e-01 1.923644411538258658e-01 2.100232091469464990e-01 1.832912887169235172e-01
1.893537779833408541e-01 1.235024434728128201e-01 6.551245178723918983e-02 6.800480956947995911e-03 -4.066637791693072240e-02 -5.042977751832264377e-02 -2.897636761287768203e-02 2.151145546699619743e-02 6.955154546258938975e-02 1.308437337539379575e-01 1.832912887169235172e-01 2.472309498092171154e-01
2.556592770663341785e-01 2.000118787808759513e-01 1.148845438761832288e-01 5.339393466194621019e-02 -1.136957694197729320e-03 -4.012795685099930509e-02 -5.698693887662953372e-02 -4.456919708414820713e-02 -1.424152819833446153e-02 4.601004983211182120e-02 1.116168402068756782e-01 2.092406087647692980e-01
2.000118787808759513e-01 2.476790557518015468e-01 1.783927467267308886e-01 1.170566499251173009e-01 5.843445777094566362e-02 4.359357613197840930e-03 -3.920603115677476908e-02 -5.339941565804540158e-02 -4.846002580566924345e-02 -1.363946014501183843e-02 5.198533759666087994e-02 1.290968526305689978e-01
1.148845438761832288e-01 1.783927467267308886e-01 2.096255508063533113e-01 1.922224233410855798e-01 1.217480130467298582e-01 6.508964450692569792e-02 8.351059355462021883e-03 -3.596757227044918709e-02 -5.523950865593545145e-02 -5.105272262967151115e-02 -6.612578475889665380e-03 5.602144273100966021e-02
5.339393466194621019e-02 1.170566499251173009e-01 1.922224233410855798e-01 2.845266543720155750e-01 2.024496863524918866e-01 1.274163999599274844e-01 6.702340546398358190e-02 2.752573877737338887e-03 -3.969451044311217425e-02 -6.079636730947986234e-02 -4.412160422658652215e-02 -6.499183531611725517e-03
-1.136957694197729320e-03 5.843445777094566362e-02 1.217480130467298582e-01 2.024496863524918866e-01 2.439459399323527511e-01 1.884614492439259381e-01 1.235681339716940969e-01 5.849919945125243992e-02 8.302071862559077392e-03 -3.806645405651019887e-02 -4.874748826598387930e-02 -4.235512438218222431e-02
-4.012795685099930509e-02 4.359357613197840930e-03 6.508964450692569792e-02 1.274163999599274844e-01 1.884614492439259381e-01 2.257974207212686268e-01 1.880553705177270829e-01 1.137764525207147492e-01 6.208170221698872115e-02 7.039944324348603767e-03 -3.236235605517771147e-02 -5.405087051860008734e-02
-5.698693887662953372e-02 -3.920603115677476908e-02 8.351059355462021883e-03 6.702340546398358190e-02 1.235681339716940969e-01 1.880553705177270829e-01 2.505405906319324583e-01 1.875592342239177923e-01 1.271800477716976963e-01 7.186467339290322776e-02 8.368483809610711283e-03 -4.433448974134412968e-02
-4.456919708414820713e-02 -5.339941565804540158e-02 -3.596757227044918709e-02 2.752573877737338887e-03 5.849919945125243992e-02 1.137764525207147492e-01 1.875592342239177923e-01 2.192692682399340065e-01 1.855007780717488619e-01 1.268729790409213742e-01 5.758122737132552460e-02 -5.366954269230349989e-03
-1.424152819833446153e-02 -4.846002580566924345e-02 -5.523950865593545145e-02 -3.969451044311217425e-02 8.302071862559077392e-03 6.208170221698872115e-02 1.271800477716976963e-01 1.855007780717488619e-01 2.391327994430053339e-01 2.030769733264000121e-01 1.111640700708202839e-01 4.643191226457510368e-02
4.601004983211182120e-02 -1.363946014501183843e-02 -5.105272262967151115e-02 -6.079636730947986234e-02 -3.806645405651019887e-02 7.039944324348603767e-03 7.186467339290322776e-02 1.268729790409213742e-01 2.030769733264000121e-01 2.979466914735191541e-01 1.853811683705575142e-01 1.140173213160635274e-01
1.116168402068756782e-01 5.198533759666087994e-02 -6.612578475889665380e-03 -4.412160422658652215e-02 -4.874748826598387930e-02 -3.236235605517771147e-02 8.368483809610711283e-03 5.758122737132552460e-02 1.111640700708202839e-01 1.853811683705575142e-01 1.935604097854669581e-01 1.900352148302787980e-01
2.092406087647692980e-01 1.290968526305689978e-01 5.602144273100966021e-02 -6.499183531611725517e-03 -4.235512438218222431e-02 -5.405087051860008734e-02 -4.433448974134412968e-02 -5.366954269230349989e-03 4.643191226457510368e-02 1.140173213160635274e-01 1.900352148302787980e-01 3.323163417760229277e-01
2.836932151347783537e-01 1.837434058465453879e-01 1.254823099764884320e-01 5.802348361782559694e-02 1.382139994400638332e-03 -4.304220515836054001e-02 -4.345806410210154014e-02 -3.453485374027404076e-02 1.457449579727891631e-02 5.766168047703610494e-02 1.164563590451170583e-01 1.584584178855741043e-01
1.837434058465453879e-01 1.698680249755619709e-01 1.820500894142474402e-01 9.493725936016358946e-02 4.533108190233289814e-02 -6.689414093188173621e-03 -3.090990307934165723e-02 -4.340310818574534546e-02 -2.273113043569205405e-02 1.223680326436562063e-02 5.739818280677876083e-02 9.442001856081025379e-02
1.254823099764884320e-01 1.820500894142474402e-01 3.667451311478187037e-01 1.856411178950770902e-01 1.098591573078695482e-01 4.499251787774338762e-02 -1.106454944669385543e-02 -4.863106585122786707e-02 -5.200134713476270432e-02 -2.595574353785572858e-02 1.174135242878930098e-02 5.502500910348856467e-02
5.802348361782559694e-02 9.493725936016358946e-02 1.856411178950770902e-01 1.760701841345027607e-01 1.735605295400963199e-01 1.112482302421330393e-01 4.759322834519105067e-02 -1.371229781929756255e-03 -4.091542437728602766e-02 -3.939944364413539013e-02 -3.370561731016325641e-02 6.418391717166615877e-03
1.382139994400638332e-03 4.533108190233289814e-02 1.098591573078695482e-01 1.735605295400963199e-01 2.700430931285219827e-01 2.097463231982854559e-01 1.132245312753409894e-01 5.409381979515691385e-02 -1.835876984014290364e-02 -4.248150998616617713e-02 -6.189521724613517017e-02 -3.122684758110916281e-02
-4.304220515836054001e-02 -6.689414093188173621e-03 4.499251787774338762e-02 1.112482302421330393e-01 2.097463231982854559e-01 3.104578219861017230e-01 1.895154467331759407e-01 1.266059042740744212e-01 5.405937633715028612e-02 -3.424125102818809975e-03 -5.436297653369958488e-02 -4.524661475261772953e-02
-4.345806410210154014e-02 -3.090990307934165723e-02 -1.106454944669385543e-02 4.759322834519105067e-02 1.132245312753409894e-01 1.895154467331759407e-01 1.921407760121524033e-01 1.894453982377147794e-01 1.122898808409560079e-01 4.526011381923895904e-02 -9.534763251737302797e-03 -2.712839214967541213e-02
-3.453485374027404076e-02 -4.340310818574534546e-02 -4.863106585122786707e-02 -1.371229781929756255e-03 5.409381979515691385e-02 1.266059042740744212e-01 1.894453982377147794e-01 3.252467235141904278e-01 2.120008348732628223e-01 1.107102185021797830e-01 5.562422027962213300e-02 3.112729417255146944e-03
1.457449579727891631e-02 -2.273113043569205405e-02 -5.200134713476270432e-02 -4.091542437728602766e-02 -1.835876984014290364e-02 5.405937633715028612e-02 1.122898808409560079e-01 2.120008348732628223e-01 2.600995290662786452e-01 1.649229440756819765e-01 1.170145911221874419e-01 4.995739645796786615e-02
5.766168047703610494e-02 1.223680326436562063e-02 -2.595574353785572858e-02 -3.939944364413539013e-02 -4.248150998616617713e-02 -3.424125102818809975e-03 4.526011381923895904e-02 1.107102185021797830e-01 1.649229440756819765e-01 1.654096007142707436e-01 1.855548084067654147e-01 8.842748456957730263e-02
1.164563590451170583e-01 5.739818280677876083e-02 1.174135242878930098e-02 -3.370561731016325641e-02 -6.189521724613517017e-02 -5.436297653369958488e-02 -9.534763251737302797e-03 5.562422027962213300e-02 1.170145911221874419e-01 1.855548084067654147e-01 3.484886985790228708e-01 1.650247889148605540e-01
