1.957656858840166048e-01 1.684558193764524314e-01 1.361206733475849862e-01 1.046727087534802120e-01 7.407232890653291102e-02 4.294806022348103547e-02 8.825246727487972773e-03 -2.702064837270405293e-02 -6.444895672771497330e-02 -9.919362323400893189e-02 -1.301549894315529587e-01 -1.630099550145597820e-01
1.684558193764524314e-01 1.718267518150486950e-01 1.538623055562469699e-01 1.264680009467755439e-01 9.795276147625502083e-02 7.107138487418970807e-02 4.201193268829573474e-02 9.546954085241258353e-03 -2.615100186499614079e-02 -6.223712356790255668e-02 -9.472551053778571761e-02 -1.286814971242953298e-01
1.361206733475849862e-01 1.538623055562469699e-01 1.631353888391037232e-01 1.475188464356105844e-01 1.220862133087481927e-01 9.688064730767348420e-02 7.070846875912109586e-02 4.202605767917582530e-02 9.710605536006619923e-03 -2.775640716206145137e-02 -6.356681684136669674e-02 -9.776632919175617942e-02
1.046727087534802120e-01 1.264680009467755439e-01 1.475188464356105844e-01 1.544433901715882018e-01 1.403719755139331560e-01 1.197599805934575351e-01 9.558909825670841576e-02 6.977411032440436478e-02 4.242081629170120494e-02 6.819677924058605359e-03 -3.158969683208424917e-02 -6.798199455869147201e-02
7.407232890653291102e-02 9.795276147625502083e-02 1.220862133087481927e-01 1.403719755139331560e-01 1.477456685921038071e-01 1.394538585132282515e-01 1.199021903178077303e-01 9.578625076453338438e-02 7.231015104966184714e-02 4.050286733590452437e-02 2.057354598815541811e-03 -3.675336297321021156e-02
4.294806022348103547e-02 7.107138487418970807e-02 9.688064730767348420e-02 1.197599805934575351e-01 1.394538585132282515e-01 1.526278138550074825e-01 1.444052626976906062e-01 1.235707885831230229e-01 1.020584987610655553e-01 7.274324680400058585e-02 3.570415520443519231e-02 -4.051865688931428379e-03
8.825246727487972773e-03 4.201193268829573474e-02 7.070846875912109586e-02 9.558909825670841576e-02 1.199021903178077303e-01 1.444052626976906062e-01 1.577241103593814142e-01 1.482311074758511649e-01 1.310231996032282242e-01 1.025238684399839562e-01 6.695364310147813858e-02 2.904085646797128009e-02
-2.702064837270405293e-02 9.546954085241258353e-03 4.202605767917582530e-02 6.977411032440436478e-02 9.578625076453338438e-02 1.235707885831230229e-01 1.482311074758511649e-01 1.629172387680871692e-01 1.594474441418610999e-01 1.330631835718854294e-01 9.677559029039797811e-02 6.097953235961724866e-02
-6.444895672771497330e-02 -2.615100186499614079e-02 9.710605536006619923e-03 4.242081629170120494e-02 7.231015104966184714e-02 1.020584987610655553e-01 1.310231996032282242e-01 1.594474441418610999e-01 1.849701024584747833e-01 1.693480712175674530e-01 1.316034328119303765e-01 9.498554845039104688e-02
-9.919362323400893189e-02 -6.223712356790255668e-02 -2.775640716206145137e-02 6.819677924058605359e-03 4.050286733590452437e-02 7.274324680400058585e-02 1.025238684399839562e-01 1.330631835718854294e-01 1.693480712175674530e-01 1.840618242838088503e-01 1.582598278240167633e-01 1.253511986407888079e-01
-1.301549894315529587e-01 -9.472551053778571761e-02 -6.356681684136669674e-02 -3.158969683208424917e-02 2.057354598815541811e-03 3.570415520443519231e-02 6.695364310147813858e-02 9.677559029039797811e-02 1.316034328119303765e-01 1.582598278240167633e-01 1.630063719841973180e-01 1.471651941564379451e-01
-1.630099550145597820e-01 -1.286814971242953298e-01 -9.776632919175617942e-02 -6.798199455869147201e-02 -3.675336297321021156e-02 -4.051865688931428379e-03 2.904085646797128009e-02 6.097953235961724866e-02 9.498554845039104688e-02 1.253511986407888079e-01 1.471651941564379451e-01 1.617756529891818396e-01
1.649152597148855759e-01 1.431489544282021353e-01 1.242769907496519832e-01 9.621647794006739363e-02 6.722982485926258522e-02 3.486102630694862259e-02 -1.675896278586565561e-03 -3.844447800981257157e-02 -7.200673749056513140e-02 -1.027443076169936437e-01 -1.344595773388030380e-01 -1.535373820904029074e-01
1.431489544282021353e-01 1.458979233381113849e-01 1.426993598169957189e-01 1.208585200068330312e-01 9.492945261981719507e-02 6.648348280918320308e-02 3.378885643714320264e-02 -2.348315606892290887e-03 -3.748012695593402888e-02 -6.917871184084639635e-02 -9.910298272062662006e-02 -1.209675981862320393e-01
1.242769907496519832e-01 1.426993598169957189e-01 1.647020239395113883e-01 1.547550381055060043e-01 1.311642412280999981e-01 1.024398919141081832e-01 7.084741388431964326e-02 3.491078451822164641e-02 -2.540343249911428819e-03 -3.844402505716827678e-02 -7.130738151022988913e-02 -9.652526188604948487e-02
9.621647794006739363e-02 1.208585200068330312e-01 1.547550381055060043e-01 1.707416380944705714e-01 1.599763578384119089e-01 1.335414406473008353e-01 1.022912855943510363e-01 6.837657515355960447e-02 3.316696852703831383e-02 -2.849402668552766110e-03 -3.754436785569464918e-02 -6.658118818695867025e-02
6.722982485926258522e-02 9.492945261981719507e-02 1.311642412280999981e-01 1.599763578384119089e-01 1.776430028298101038e-01 1.633362154276179479e-01 1.332652566913816727e-01 9.911185943611700022e-02 6.612605806580915124e-02 3.265456030159671896e-02 -1.415654700967595514e-03 -3.475863264679926457e-02
3.486102630694862259e-02 6.648348280918320308e-02 1.024398919141081832e-01 1.335414406473008353e-01 1.633362154276179479e-01 1.781546427288975276e-01 1.600513615794610933e-01 1.276948224457816194e-01 9.572071586903212193e-02 6.521580534160220655e-02 3.483101729568479493e-02 8.475982852551534538e-05
-1.675896278586565561e-03 3.378885643714320264e-02 7.084741388431964326e-02 1.022912855943510363e-01 1.332652566913816727e-01 1.600513615794610933e-01 1.700641536642377993e-01 1.505054795246842381e-01 1.228816677741013108e-01 9.489753009689085028e-02 6.864011712443418567e-02 3.584949810693192213e-02
-3.844447800981257157e-02 -2.348315606892290887e-03 3.491078451822164641e-02 6.837657515355960447e-02 9.911185943611700022e-02 1.276948224457816194e-01 1.505054795246842381e-01 1.573863230045771944e-01 1.440058731467279973e-01 1.219634142796166415e-01 9.919964079634956133e-02 6.880433017020826103e-02
-7.200673749056513140e-02 -3.748012695593402888e-02 -2.540343249911428819e-03 3.316696852703831383e-02 6.612605806580915124e-02 9.572071586903212193e-02 1.228816677741013108e-01 1.440058731467279973e-01 1.555534545317521777e-01 1.473864648310850844e-01 1.298883267323960866e-01 9.952200459393492626e-02
-1.027443076169936437e-01 -6.917871184084639635e-02 -3.844402505716827678e-02 -2.849402668552766110e-03 3.265456030159671896e-02 6.521580534160220655e-02 9.489753009689085028e-02 1.219634142796166415e-01 1.473864648310850844e-01 1.645765523788083606e-01 1.603425156041505262e-01 1.302180241232104851e-01
-1.344595773388030380e-01 -9.910298272062662006e-02 -7.130738151022988913e-02 -3.754436785569464918e-02 -1.415654700967595514e-03 3.483101729568479493e-02 6.864011712443418567e-02 9.919964079634956133e-02 1.298883267323960866e-01 1.603425156041505262e-01 1.830249463675687749e-01 1.613945264886222364e-01
-1.535373820904029074e-01 -1.209675981862320393e-01 -9.652526188604948487e-02 -6.658118818695867025e-02 -3.475863264679926457e-02 8.475982852551534538e-05 3.584949810693192213e-02 6.880433017020826103e-02 9.952200459393492626e-02 1.302180241232104851e-01 1.613945264886222364e-01 1.673400794073696130e-01
1.749963632512695766e-01 1.530363880683041078e-01 1.296954816491550644e-01 9.941465510978722553e-02 6.403937005718465802e-02 2.862554727814032446e-02 -8.637011767286956188e-03 -4.328916882933121768e-02 -7.384604804133898526e-02 -1.006063778242006213e-01 -1.302638659201046378e-01 -1.585991068723991426e-01
1.530363880683041078e-01 1.583976674095451398e-01 1.512011110043250395e-01 1.267514149148061264e-01 9.350685974366174102e-02 6.241016279488024315e-02 2.771972854484827664e-02 -7.607881355506003473e-03 -4.057124609823871408e-02 -6.932579992866980123e-02 -9.799196810393390189e-02 -1.266364199635180432e-01
1.296954816491550644e-01 1.512011110043250395e-01 1.726549207870430869e-01 1.615113242926211057e-01 1.296409460030411298e-01 9.939979948959681844e-02 6.585699999389665882e-02 3.065471045081712836e-02 -4.693793572604036159e-03 -3.808197319039240136e-02 -6.964526005523637153e-02 -9.946702521574270206e-02
9.941465510978722553e-02 1.267514149148061264e-01 1.615113242926211057e-01 1.793477146109423714e-01 1.601691978383895654e-01 1.335922461725954080e-01 1.005761968452111299e-01 6.721475069542404146e-02 3.359492135775927341e-02 -1.173832187899822958e-03 -3.532111373747889860e-02 -6.774382123502495356e-02
6.403937005718465802e-02 9.350685974366174102e-02 1.296409460030411298e-01 1.601691978383895654e-01 1.718834683975542788e-01 1.608934550991457102e-01 1.308231236980543777e-01 9.834139281567616520e-02 6.779411374719146455e-02 3.583355260228973660e-02 3.142945964391840544e-03 -3.064224140374603722e-02
2.862554727814032446e-02 6.241016279488024315e-02 9.939979948959681844e-02 1.335922461725954080e-01 1.608934550991457102e-01 1.801026007268993201e-01 1.614622081100834938e-01 1.300234487640004599e-01 9.974235222305949389e-02 6.955511822532195465e-02 3.987029609786864326e-02 6.793168796123582459e-03
-8.637011767286956188e-03 2.771972854484827664e-02 6.585699999389665882e-02 1.005761968452111299e-01 1.308231236980543777e-01 1.614622081100834938e-01 1.708088243529277683e-01 1.519901038169186036e-01 1.254477900513117361e-01 9.665466254510479693e-02 7.043946988756608074e-02 4.157721626724752984e-02
-4.328916882933121768e-02 -7.607881355506003473e-03 3.065471045081712836e-02 6.721475069542404146e-02 9.834139281567616520e-02 1.300234487640004599e-01 1.519901038169186036e-01 1.594940335006855281e-01 1.459576465304540660e-01 1.211094084071664967e-01 9.710726108165662618e-02 7.168622433692117824e-02
-7.384604804133898526e-02 -4.057124609823871408e-02 -4.693793572604036159e-03 3.359492135775927341e-02 6.779411374719146455e-02 9.974235222305949389e-02 1.254477900513117361e-01 1.459576465304540660e-01 1.557366800799159512e-01 1.423418270371970829e-01 1.226661461775525319e-01 9.903828757450200415e-02
-1.006063778242006213e-01 -6.932579992866980123e-02 -3.808197319039240136e-02 -1.173832187899822958e-03 3.583355260228973660e-02 6.955511822532195465e-02 9.665466254510479693e-02 1.211094084071664967e-01 1.423418270371970829e-01 1.506499169948079253e-01 1.432480159131668263e-01 1.239743735573589634e-01
-1.302638659201046378e-01 -9.799196810393390189e-02 -6.964526005523637153e-02 -3.532111373747889860e-02 3.142945964391840544e-03 3.987029609786864326e-02 7.043946988756608074e-02 9.710726108165662618e-02 1.226661461775525319e-01 1.432480159131668263e-01 1.583470920888961631e-01 1.507819946912766773e-01
-1.585991068723991426e-01 -1.266364199635180432e-01 -9.946702521574270206e-02 -6.774382123502495356e-02 -3.064224140374603722e-02 6.793168796123582459e-03 4.157721626724752984e-02 7.168622433692117824e-02 9.903828757450200415e-02 1.239743735573589634e-01 1.507819946912766773e-01 1.675807177995128627e-01
1.851017884029979854e-01 1.530409142465495864e-01 1.249024594074271965e-01 1.016960225153940023e-01 7.495559519905409251e-02 4.030003552821226354e-02 6.646251479556228650e-03 -3.090323872783375808e-02 -7.095830852842720249e-02 -1.007276660314817829e-01 -1.333071505747070451e-01 -1.666397889527868048e-01
1.530409142465495864e-01 1.476907355743380390e-01 1.347083342696649977e-01 1.194361597009110237e-01 9.687210155889747210e-02 6.570137843208256889e-02 3.932270785170464966e-02 4.027351038286029056e-03 -3.357729197515103153e-02 -6.523656914794326300e-02 -9.606122781036638414e-02 -1.271397312209559260e-01
1.249024594074271965e-01 1.347083342696649977e-01 1.449709278297668935e-01 1.434055483741198678e-01 1.250814973706716460e-01 9.311555795919988776e-02 7.066512680484682285e-02 3.720337744465958274e-02 2.170982458043775772e-03 -3.348229447642650514e-02 -6.659531235213579647e-02 -9.715520980582023625e-02
1.016960225153940023e-01 1.194361597009110237e-01 1.434055483741198678e-01 1.646182055291468549e-01 1.568007832211406605e-01 1.239095036255804388e-01 1.028808342516853436e-01 6.972605303852860703e-02 3.808390692500155522e-02 -7.622339953256857675e-04 -3.810785890683510146e-02 -7.185277459270866807e-02
7.495559519905409251e-02 9.687210155889747210e-02 1.250814973706716460e-01 1.568007832211406605e-01 1.724834574089066375e-01 1.490435502137229806e-01 1.328448947626617582e-01 9.932685851477379702e-02 7.151759355757751624e-02 3.314011669628714324e-02 -5.328038935427774521e-03 -4.221869936232616055e-02
4.030003552821226354e-02 6.570137843208256889e-02 9.311555795919988776e-02 1.239095036255804388e-01 1.490435502137229806e-01 1.523880312163185258e-01 1.522346532928449681e-01 1.223075383974137897e-01 9.826878877947663182e-02 6.305689714371665033e-02 2.876500233035866536e-02 -6.490790999176721150e-03
6.646251479556228650e-03 3.932270785170464966e-02 7.066512680484682285e-02 1.028808342516853436e-01 1.328448947626617582e-01 1.522346532928449681e-01 1.787544597239841271e-01 1.570762114484906546e-01 1.359797462073432106e-01 9.843861308626826456e-02 6.468758884524586361e-02 2.978730794054041883e-02
-3.090323872783375808e-02 4.027351038286029056e-03 3.720337744465958274e-02 6.972605303852860703e-02 9.932685851477379702e-02 1.223075383974137897e-01 1.570762114484906546e-01 1.633427978216627219e-01 1.591924660065093811e-01 1.249061897775629870e-01 9.345522570025109610e-02 6.298133813252573820e-02
-7.095830852842720249e-02 -3.357729197515103153e-02 2.170982458043775772e-03 3.808390692500155522e-02 7.151759355757751624e-02 9.826878877947663182e-02 1.359797462073432106e-01 1.591924660065093811e-01 1.860311460395985550e-01 1.610407316450325477e-01 1.307623723358851964e-01 1.008585666194364572e-01
-1.007276660314817829e-01 -6.523656914794326300e-02 -3.348229447642650514e-02 -7.622339953256857675e-04 3.314011669628714324e-02 6.305689714371665033e-02 9.843861308626826456e-02 1.249061897775629870e-01 1.610407316450325477e-01 1.650898746867635603e-01 1.503313151642315659e-01 1.269182056120241320e-01
-1.333071505747070451e-01 -9.606122781036638414e-02 -6.659531235213579647e-02 -3.810785890683510146e-02 -5.328038935427774521e-03 2.876500233035866536e-02 6.468758884524586361e-02 9.345522570025109610e-02 1.307623723358851964e-01 1.503313151642315659e-01 1.637110196728612244e-01 1.552796747042825554e-01
-1.666397889527868048e-01 -1.271397312209559260e-01 -9.715520980582023625e-02 -7.185277459270866807e-02 -4.221869936232616055e-02 -6.490790999176721150e-03 2.978730794054041883e-02 6.298133813252573820e-02 1.008585666194364572e-01 1.269182056120241320e-01 1.552796747042825554e-01 1.758175560936536264e-01
1.488709082814305140e-01 1.469591817629383734e-01 1.225669501162169744e-01 9.542373991913601083e-02 6.643723875793539069e-02 3.802579161663241503e-02 3.620633976252955050e-03 -3.168990698820206564e-02 -6.591615356428577599e-02 -9.577063896911579277e-02 -1.230885551426265240e-01 -1.468168535348467474e-01
1.469591817629383734e-01 1.709697114125942052e-01 1.562660522363123472e-01 1.296139962358215381e-01 9.927289249013111772e-02 7.326933478971692226e-02 3.987316072021358793e-02 2.173826838453385077e-03 -3.571099582922834109e-02 -6.981444553408522324e-02 -1.000059293555358442e-01 -1.290215811361064002e-01
1.225669501162169744e-01 1.562660522363123472e-01 1.660792139438383441e-01 1.512470324521246468e-01 1.239983128443957611e-01 1.007755549373319515e-01 7.045213612047905583e-02 3.562022235141277388e-02 -5.912974455692119116e-04 -3.695212959853950985e-02 -6.977157581491051641e-02 -9.974622888464000636e-02
9.542373991913601083e-02 1.296139962358215381e-01 1.512470324521246468e-01 1.610518495306731412e-01 1.460325685572658183e-01 1.281367319453550757e-01 9.914123614487518887e-02 6.659911071681484662e-02 3.414022001132480111e-02 -2.244496067539809587e-03 -3.816985619538211527e-02 -7.048151400641761155e-02
6.643723875793539069e-02 9.927289249013111772e-02 1.239983128443957611e-01 1.460325685572658183e-01 1.560719002838288905e-01 1.526408327883842231e-01 1.269248432612828381e-01 9.495983580729855378e-02 6.612165273590722703e-02 3.269193803430478495e-02 -3.459582553677225270e-03 -3.802597508243235613e-02
3.802579161663241503e-02 7.326933478971692226e-02 1.007755549373319515e-01 1.281367319453550757e-01 1.526408327883842231e-01 1.754563627308967089e-01 1.600656881435172374e-01 1.284019932282908227e-01 1.002021465569011699e-01 6.826815679882708432e-02 3.283521309973420899e-02 -3.575050316371257073e-03
3.620633976252955050e-03 3.987316072021358793e-02 7.045213612047905583e-02 9.914123614487518887e-02 1.269248432612828381e-01 1.600656881435172374e-01 1.714488028262006747e-01 1.524896978186769669e-01 1.292095316528528715e-01 9.912919024870500695e-02 6.657821705565269976e-02 3.308551315690015648e-02
-3.168990698820206564e-02 2.173826838453385077e-03 3.562022235141277388e-02 6.659911071681484662e-02 9.495983580729855378e-02 1.284019932282908227e-01 1.524896978186769669e-01 1.617318036550146609e-01 1.538257824363814530e-01 1.280354031971614459e-01 9.704534821507197762e-02 6.706821502022006221e-02
-6.591615356428577599e-02 -3.571099582922834109e-02 -5.912974455692119116e-04 3.414022001132480111e-02 6.612165273590722703e-02 1.002021465569011699e-01 1.292095316528528715e-01 1.538257824363814530e-01 1.735874616442820706e-01 1.598433652676314876e-01 1.305012363526310282e-01 1.010428022638306111e-01
-9.577063896911579277e-02 -6.981444553408522324e-02 -3.695212959853950985e-02 -2.244496067539809587e-03 3.269193803430478495e-02 6.826815679882708432e-02 9.912919024870500695e-02 1.280354031971614459e-01 1.598433652676314876e-01 1.740368541922887591e-01 1.576218344298987439e-01 1.314302620663145849e-01
-1.230885551426265240e-01 -1.000059293555358442e-01 -6.977157581491051641e-02 -3.816985619538211527e-02 -3.459582553677225270e-03 3.283521309973420899e-02 6.657821705565269976e-02 9.704534821507197762e-02 1.305012363526310282e-01 1.576218344298987439e-01 1.701017517041168436e-01 1.572981638192103293e-01
-1.468168535348467474e-01 -1.290215811361064002e-01 -9.974622888464000636e-02 -7.048151400641761155e-02 -3.802597508243235613e-02 -3.575050316371257073e-03 3.308551315690015648e-02 6.706821502022006221e-02 1.010428022638306111e-01 1.314302620663145849e-01 1.572981638192103293e-01 1.705933797948344099e-01
1.842750063094424906e-01 1.724707309501880559e-01 1.369030316634354816e-01 1.044554531702413108e-01 6.617196209300305054e-02 3.168820628742143042e-02 -4.306703264755724556e-03 -3.726998286369294366e-02 -6.761970057661662037e-02 -9.822520474442530958e-02 -1.236014949287648212e-01 -1.535757285021852880e-01
1.724707309501880559e-01 1.911898136116365055e-01 1.663394674002228180e-01 1.355537598465098581e-01 9.669476561615050758e-02 6.609146253384844127e-02 3.201642117000105120e-02 -2.235705644334861231e-03 -3.578220928573865034e-02 -6.907071316600657540e-02 -9.780904296175002566e-02 -1.313672950268118811e-01
1.369030316634354816e-01 1.663394674002228180e-01 1.739284475238789818e-01 1.578407427421309184e-01 1.220278391945082974e-01 9.522678848186409695e-02 6.480051119630347856e-02 3.355033722868398793e-02 8.136232515213843129e-04 -3.358113311345400920e-02 -6.544426991899028601e-02 -9.846740794787400830e-02
1.044554531702413108e-01 1.355537598465098581e-01 1.578407427421309184e-01 1.695128733529872034e-01 1.456575349479558024e-01 1.251174759918880497e-01 9.670900724049602548e-02 6.762430676788205863e-02 3.739087248997237378e-02 3.920151222932039339e-03 -3.182783076594025706e-02 -6.740541478833275701e-02
6.617196209300305054e-02 9.669476561615050758e-02 1.220278391945082974e-01 1.456575349479558024e-01 1.485836335911675521e-01 1.450008617541886369e-01 1.226767784847304088e-01 9.560491414854629943e-02 6.894016556101953408e-02 4.062814459958457441e-02 5.902717506653891617e-03 -3.001550273314390616e-02
3.168820628742143042e-02 6.609146253384844127e-02 9.522678848186409695e-02 1.251174759918880497e-01 1.450008617541886369e-01 1.681372548783189591e-01 1.571394937945890247e-01 1.305781617459929600e-01 1.030237670614836953e-01 7.675698113834977798e-02 4.252974568073557282e-02 6.047692809095941632e-03
-4.306703264755724556e-03 3.201642117000105120e-02 6.480051119630347856e-02 9.670900724049602548e-02 1.226767784847304088e-01 1.571394937945890247e-01 1.709498174276204985e-01 1.550842748856623987e-01 1.295572787872322773e-01 1.044872932326381121e-01 7.196401797407958600e-02 3.891576200010346542e-02
-3.726998286369294366e-02 -2.235705644334861231e-03 3.355033722868398793e-02 6.762430676788205863e-02 9.560491414854629943e-02 1.305781617459929600e-01 1.550842748856623987e-01 1.644220950148765348e-01 1.509106411484342769e-01 1.293485491063379178e-01 9.686657920147057066e-02 6.664833048157481343e-02
-6.761970057661662037e-02 -3.578220928573865034e-02 8.136232515213843129e-04 3.739087248997237378e-02 6.894016556101953408e-02 1.030237670614836953e-01 1.295572787872322773e-01 1.509106411484342769e-01 1.626065721850577239e-01 1.531514948610289695e-01 1.220975958990011823e-01 9.285299781972305988e-02
-9.822520474442530958e-02 -6.907071316600657540e-02 -3.358113311345400920e-02 3.920151222932039339e-03 4.062814459958457441e-02 7.675698113834977798e-02 1.044872932326381121e-01 1.293485491063379178e-01 1.531514948610289695e-01 1.672656059396259165e-01 1.458431833552045753e-01 1.201388081560185311e-01
-1.236014949287648212e-01 -9.780904296175002566e-02 -6.544426991899028601e-02 -3.182783076594025706e-02 5.902717506653891617e-03 4.252974568073557282e-02 7.196401797407958600e-02 9.686657920147057066e-02 1.220975958990011823e-01 1.458431833552045753e-01 1.480726191086787491e-01 1.370934690926827459e-01
-1.535757285021852880e-01 -1.313672950268118811e-01 -9.846740794787400830e-02 -6.740541478833275701e-02 -3.001550273314390616e-02 6.047692809095941632e-03 3.891576200010346542e-02 6.664833048157481343e-02 9.285299781972305988e-02 1.201388081560185311e-01 1.370934690926827459e-01 1.510562610567064146e-01
1.656470622119254887e-01 1.476687211615754225e-01 1.305426537260200026e-01 1.039174659276643764e-01 7.035545260970124670e-02 3.657650241709007460e-02 3.082454051306969620e-04 -3.556666891494250637e-02 -6.848109340209893037e-02 -1.011354222945884673e-01 -1.211666086700214362e-01 -1.492060419811259142e-01
1.476687211615754225e-01 1.545150784179954440e-01 1.529647008634514305e-01 1.302978837030401849e-01 9.663883151734141419e-02 6.637224696174341687e-02 3.542997051879626796e-02 -1.853823096941180013e-04 -3.468828056810525917e-02 -6.776415544771063892e-02 -9.095384677178587618e-02 -1.211687288886782454e-01
1.305426537260200026e-01 1.529647008634514305e-01 1.798254583908776294e-01 1.672249481368846546e-01 1.306780763193396977e-01 9.915812727148162753e-02 7.064907345426083007e-02 3.499195210098967473e-02 -1.503491974994282821e-03 -3.761495108737968052e-02 -6.673881132555703477e-02 -9.931132969529279930e-02
1.039174659276643764e-01 1.302978837030401849e-01 1.672249481368846546e-01 1.812585445658169148e-01 1.540903686159288410e-01 1.255621974857004663e-01 9.991456322722096217e-02 6.630041713438807049e-02 3.239403334034424847e-02 -2.357221015786147619e-03 -3.687527138143917999e-02 -7.184339744117432258e-02
7.035545260970124670e-02 9.663883151734141419e-02 1.306780763193396977e-01 1.540903686159288410e-01 1.543231264344827047e-01 1.416022451259642823e-01 1.238567014602972582e-01 9.282587192893217154e-02 6.301213794573662375e-02 3.393101468911120799e-02 -1.946855919410266610e-03 -3.768930223716013272e-02
3.657650241709007460e-02 6.637224696174341687e-02 9.915812727148162753e-02 1.255621974857004663e-01 1.416022451259642823e-01 1.554603439379632079e-01 1.528716390149785220e-01 1.243285466702231529e-01 9.535160220719321456e-02 7.018078336408403728e-02 3.397530721699719425e-02 -1.648584381530304342e-03
3.082454051306969620e-04 3.542997051879626796e-02 7.064907345426083007e-02 9.991456322722096217e-02 1.238567014602972582e-01 1.528716390149785220e-01 1.760741907241673843e-01 1.571749347295452737e-01 1.298772245107382983e-01 1.064226694391310624e-01 6.935402221445619020e-02 3.552271961026800401e-02
-3.556666891494250637e-02 -1.853823096941180013e-04 3.499195210098967473e-02 6.630041713438807049e-02 9.282587192893217154e-02 1.243285466702231529e-01 1.571749347295452737e-01 1.649917911909483947e-01 1.523241903797823149e-01 1.347135395399081115e-01 9.716522117595473296e-02 6.713421352172532774e-02
-6.848109340209893037e-02 -3.468828056810525917e-02 -1.503491974994282821e-03 3.239403334034424847e-02 6.301213794573662375e-02 9.535160220719321456e-02 1.298772245107382983e-01 1.523241903797823149e-01 1.688387645440679041e-01 1.658068735516785019e-01 1.266442082650162670e-01 9.701004343043154177e-02
-1.011354222945884673e-01 -6.776415544771063892e-02 -3.761495108737968052e-02 -2.357221015786147619e-03 3.393101468911120799e-02 7.018078336408403728e-02 1.064226694391310624e-01 1.347135395399081115e-01 1.658068735516785019e-01 1.906621337506128055e-01 1.573261459440903065e-01 1.289057652302849633e-01
-1.211666086700214362e-01 -9.095384677178587618e-02 -6.673881132555703477e-02 -3.687527138143917999e-02 -1.946855919410266610e-03 3.397530721699719425e-02 6.935402221445619020e-02 9.716522117595473296e-02 1.266442082650162670e-01 1.573261459440903065e-01 1.526929347547889004e-01 1.410921627147416757e-01
-1.492060419811259142e-01 -1.211687288886782454e-01 -9.931132969529279930e-02 -7.184339744117432258e-02 -3.768930223716013272e-02 -1.648584381530304342e-03 3.552271961026800401e-02 6.713421352172532774e-02 9.701004343043154177e-02 1.289057652302849633e-01 1.410921627147416757e-01 1.557105710763542761e-01
1.651135007977423963e-01 1.587064475868114333e-01 1.300724383918004656e-01 1.024006798899736170e-01 7.314001389479445059e-02 4.018711124915191890e-02 1.390666152186657411e-03 -3.671812863617736344e-02 -6.741185461776465215e-02 -9.721664139471640487e-02 -1.174520602211214099e-01 -1.462305890854268542e-01
1.587064475868114333e-01 1.770603977217827252e-01 1.570401958911477325e-01 1.302787211646939391e-01 1.012861938968363934e-01 7.106449366337828921e-02 3.344816300125448560e-02 -3.252430063487695734e-03 -3.885996355818174125e-02 -7.207912557426703060e-02 -9.632142285054484665e-02 -1.285941091125943347e-01
1.300724383918004656e-01 1.570401958911477325e-01 1.624007527951807917e-01 1.482728238225965167e-01 1.237828146693147752e-01 9.648230553474396176e-02 6.171356191401286551e-02 3.050162110032318685e-02 -6.127253634762227195e-03 -4.146761156304262091e-02 -6.918900995677831900e-02 -1.002912046402724688e-01
1.024006798899736170e-01 1.302787211646939391e-01 1.482728238225965167e-01 1.590066771915244759e-01 1.475830983042769884e-01 1.252826600834707760e-01 9.125551875066867380e-02 6.460014093809657298e-02 2.871463445943397974e-02 -7.543475074279404682e-03 -4.060667644255677722e-02 -7.329591562371676194e-02
7.314001389479445059e-02 1.012861938968363934e-01 1.237828146693147752e-01 1.475830983042769884e-01 1.615321393570392505e-01 1.533131701473039177e-01 1.222979850565265592e-01 9.934293184907183605e-02 6.485015863101577238e-02 3.052861292863857240e-02 -6.577947574560153582e-03 -4.196707925371761377e-02
4.018711124915191890e-02 7.106449366337828921e-02 9.648230553474396176e-02 1.252826600834707760e-01 1.533131701473039177e-01 1.718237843009308152e-01 1.530699504122252086e-01 1.362733326275780976e-01 1.012266117798204246e-01 6.904514906676789687e-02 3.039286901667379026e-02 -5.831063827938428798e-03
1.390666152186657411e-03 3.344816300125448560e-02 6.171356191401286551e-02 9.125551875066867380e-02 1.222979850565265592e-01 1.530699504122252086e-01 1.638213595295288649e-01 1.648207101486098836e-01 1.314496291387257654e-01 1.006101835070557227e-01 6.341531548926400419e-02 3.153360934625597245e-02
-3.671812863617736344e-02 -3.252430063487695734e-03 3.050162110032318685e-02 6.460014093809657298e-02 9.934293184907183605e-02 1.362733326275780976e-01 1.648207101486098836e-01 1.983377145975011302e-01 1.721104022381515497e-01 1.398058379453729905e-01 9.873009980049722578e-02 6.844598573435296818e-02
-6.741185461776465215e-02 -3.885996355818174125e-02 -6.127253634762227195e-03 2.871463445943397974e-02 6.485015863101577238e-02 1.012266117798204246e-01 1.314496291387257654e-01 1.721104022381515497e-01 1.782240541407442147e-01 1.605194180492690026e-01 1.217181883446409457e-01 9.465997785180868540e-02
-9.721664139471640487e-02 -7.207912557426703060e-02 -4.146761156304262091e-02 -7.543475074279404682e-03 3.052861292863857240e-02 6.904514906676789687e-02 1.006101835070557227e-01 1.398058379453729905e-01 1.605194180492690026e-01 1.715317601624359312e-01 1.435011479959900638e-01 1.217039286945662546e-01
-1.174520602211214099e-01 -9.632142285054484665e-02 -6.918900995677831900e-02 -4.060667644255677722e-02 -6.577947574560153582e-03 3.039286901667379026e-02 6.341531548926400419e-02 9.873009980049722578e-02 1.217181883446409457e-01 1.435011479959900638e-01 1.406356166998303792e-01 1.342717983954980210e-01
-1.462305890854268542e-01 -1.285941091125943347e-01 -1.002912046402724688e-01 -7.329591562371676194e-02 -4.196707925371761377e-02 -5.831063827938428798e-03 3.153360934625597245e-02 6.844598573435296818e-02 9.465997785180868540e-02 1.217039286945662546e-01 1.342717983954980210e-01 1.505122427057599410e-01
1.701380623261974923e-01 1.589155461547777648e-01 1.279613993813463468e-01 9.823862099051011709e-02 6.868864469094600189e-02 3.081121681761887082e-02 -4.849756406537363007e-03 -3.850981792136785181e-02 -6.951823851516492070e-02 -1.010812566062813805e-01 -1.286746033190217797e-01 -1.492645508662536757e-01
1.589155461547777648e-01 1.744403392973131739e-01 1.556211728523331783e-01 1.299520956123694504e-01 1.025514338868846603e-01 6.507404040771094800e-02 3.308049161789058945e-02 -2.413927068688298712e-03 -3.694358728336820386e-02 -7.038721835835393126e-02 -9.966825487578281906e-02 -1.257012761670640577e-01
1.279613993813463468e-01 1.556211728523331783e-01 1.656683497886298206e-01 1.557222418715895340e-01 1.332663684085972911e-01 9.515564298891872330e-02 6.760277052206534187e-02 3.428835211460375121e-02 -7.027430066645912188e-05 -3.434095473083718930e-02 -6.575467803738194172e-02 -9.360803239204910919e-02
9.823862099051011709e-02 1.299520956123694504e-01 1.557222418715895340e-01 1.756637371686009530e-01 1.664510879357845585e-01 1.267776731168003823e-01 1.005922130730234898e-01 6.867392436212391149e-02 3.630012388920472038e-02 3.082105113656859879e-03 -3.121270256861919529e-02 -6.322313533312653999e-02
6.868864469094600189e-02 1.025514338868846603e-01 1.332663684085972911e-01 1.664510879357845585e-01 1.852254266544606232e-01 1.540506157848363644e-01 1.316137545672677878e-01 9.977073351604492935e-02 6.926110226946238790e-02 3.947984031324000553e-02 5.086517898253952591e-03 -3.118604191344048066e-02
3.081121681761887082e-02 6.507404040771094800e-02 9.515564298891872330e-02 1.267776731168003823e-01 1.540506157848363644e-01 1.522199378644744638e-01 1.467220787424542428e-01 1.203893856983516558e-01 9.278075884607289714e-02 6.824339957885591779e-02 3.927156996140459405e-02 5.132534841774467199e-03
-4.849756406537363007e-03 3.308049161789058945e-02 6.760277052206534187e-02 1.005922130730234898e-01 1.316137545672677878e-01 1.467220787424542428e-01 1.671963801131082505e-01 1.505625115099189781e-01 1.245133026961456335e-01 1.011061888036722672e-01 7.382473140454892668e-02 4.034890762814575399e-02
-3.850981792136785181e-02 -2.413927068688298712e-03 3.428835211460375121e-02 6.867392436212391149e-02 9.977073351604492935e-02 1.203893856983516558e-01 1.505625115099189781e-01 1.565989540978736105e-01 1.429606953139577197e-01 1.252486275137308369e-01 1.001053289060219315e-01 6.902095860604114119e-02
-6.951823851516492070e-02 -3.694358728336820386e-02 -7.027430066645912188e-05 3.630012388920472038e-02 6.926110226946238790e-02 9.278075884607289714e-02 1.245133026961456335e-01 1.429606953139577197e-01 1.533303081819448466e-01 1.495743638958282329e-01 1.278659977465965714e-01 9.647635997392861595e-02
-1.010812566062813805e-01 -7.038721835835393126e-02 -3.434095473083718930e-02 3.082105113656859879e-03 3.947984031324000553e-02 6.824339957885591779e-02 1.011061888036722672e-01 1.252486275137308369e-01 1.495743638958282329e-01 1.710495399618182644e-01 1.596117264350709886e-01 1.275215222103467938e-01
-1.286746033190217797e-01 -9.966825487578281906e-02 -6.575467803738194172e-02 -3.121270256861919529e-02 5.086517898253952591e-03 3.927156996140459405e-02 7.382473140454892668e-02 1.001053289060219315e-01 1.278659977465965714e-01 1.596117264350709886e-01 1.726948971340984129e-01 1.508944416966827573e-01
-1.492645508662536757e-01 -1.257012761670640577e-01 -9.360803239204910919e-02 -6.322313533312653999e-02 -3.118604191344048066e-02 5.132534841774467199e-03 4.034890762814575399e-02 6.902095860604114119e-02 9.647635997392861595e-02 1.275215222103467938e-01 1.508944416966827573e-01 1.557740674114802548e-01
1.447643183599596484e-01 1.421943325134097658e-01 1.209214174821111182e-01 9.320548889547237981e-02 6.982047991850594271e-02 3.335910001199833552e-02 -3.025640206594347546e-03 -3.805143148275793447e-02 -7.026948653006720447e-02 -9.863011224616929917e-02 -1.178388328348646819e-01 -1.426068507406509367e-01
1.421943325134097658e-01 1.631654413160433525e-01 1.524557364182155816e-01 1.261224684666526485e-01 1.047017578964283130e-01 6.766923656764639583e-02 3.354838312896497865e-02 -5.141854932951487288e-03 -4.194447647503402044e-02 -7.368939361111437325e-02 -9.642513207870673231e-02 -1.255790476165483671e-01
1.209214174821111182e-01 1.524557364182155816e-01 1.655013922618558120e-01 1.513596570331990909e-01 1.354921642707864471e-01 9.756734094412577996e-02 6.712224283642526101e-02 2.938330132255298488e-02 -8.073204014251154567e-03 -4.244599896191054295e-02 -6.914088582421053231e-02 -9.894821018168263593e-02
9.320548889547237981e-02 1.261224684666526485e-01 1.513596570331990909e-01 1.648858374908640234e-01 1.649029472425339593e-01 1.268331919778351025e-01 9.822301283591687582e-02 6.252998862342104558e-02 2.798681061131639419e-02 -6.395258473913967984e-03 -3.777031984244605400e-02 -6.899659336770055940e-02
6.982047991850594271e-02 1.047017578964283130e-01 1.354921642707864471e-01 1.649029472425339593e-01 1.951336837253488943e-01 1.633425417244398492e-01 1.362267767010358621e-01 9.884066529763181619e-02 6.550454668533209346e-02 3.162224549151462089e-02 -4.858914720116973632e-03 -4.015568557809763572e-02
3.335910001199833552e-02 6.766923656764639583e-02 9.756734094412577996e-02 1.268331919778351025e-01 1.633425417244398492e-01 1.632788903014285586e-01 1.542514492769407886e-01 1.226058015897431575e-01 9.334332816920018483e-02 6.473542335259067915e-02 3.107649571398297256e-02 -1.077057102584594870e-03
-3.025640206594347546e-03 3.354838312896497865e-02 6.712224283642526101e-02 9.822301283591687582e-02 1.362267767010358621e-01 1.542514492769407886e-01 1.752167987446180408e-01 1.550862462934870512e-01 1.290510757774405437e-01 1.016675475586735072e-01 6.802265953984215630e-02 3.852544957141436355e-02
-3.805143148275793447e-02 -5.141854932951487288e-03 2.938330132255298488e-02 6.252998862342104558e-02 9.884066529763181619e-02 1.226058015897431575e-01 1.550862462934870512e-01 1.625233260221060627e-01 1.517533112661679229e-01 1.297645743259314144e-01 9.655527111747846947e-02 7.126107057095557029e-02
-7.026948653006720447e-02 -4.194447647503402044e-02 -8.073204014251154567e-03 2.798681061131639419e-02 6.550454668533209346e-02 9.334332816920018483e-02 1.290510757774405437e-01 1.517533112661679229e-01 1.689219708100859474e-01 1.601553996171806715e-01 1.269014476304912709e-01 1.026219187487169143e-01
-9.863011224616929917e-02 -7.368939361111437325e-02 -4.244599896191054295e-02 -6.395258473913967984e-03 3.162224549151462089e-02 6.473542335259067915e-02 1.016675475586735072e-01 1.297645743259314144e-01 1.601553996171806715e-01 1.779883476846797208e-01 1.536144546660847543e-01 1.320467671095555406e-01
-1.178388328348646819e-01 -9.642513207870673231e-02 -6.914088582421053231e-02 -3.777031984244605400e-02 -4.858914720116973632e-03 3.107649571398297256e-02 6.802265953984215630e-02 9.655527111747846947e-02 1.269014476304912709e-01 1.536144546660847543e-01 1.552540908642194295e-01 1.476594683530638719e-01
-1.426068507406509367e-01 -1.255790476165483671e-01 -9.894821018168263593e-02 -6.899659336770055940e-02 -4.015568557809763572e-02 -1.077057102584594870e-03 3.852544957141436355e-02 7.126107057095557029e-02 1.026219187487169143e-01 1.320467671095555406e-01 1.476594683530638719e-01 1.633659024187917308e-01
1.823280667767195884e-01 1.648709655566724941e-01 1.407167949184667810e-01 1.013761914246103651e-01 7.113557876100326527e-02 3.925353651917477815e-02 4.993602319124227674e-03 -2.984660517714149766e-02 -6.237284881500942957e-02 -9.754892684961057048e-02 -1.252066560003695095e-01 -1.570935844961237060e-01
1.648709655566724941e-01 1.767482692152943791e-01 1.658275437660153007e-01 1.255821192175188006e-01 9.623500077101396211e-02 6.795053659713849725e-02 3.886396637612425653e-02 5.278903396665273265e-03 -2.969179468239230985e-02 -6.621060716671972601e-02 -9.639991484799467769e-02 -1.301670599543525153e-01
1.407167949184667810e-01 1.658275437660153007e-01 1.830495169135289979e-01 1.499497481052921577e-01 1.228966565848875481e-01 9.630882057481682246e-02 7.078716682044700059e-02 3.934301015088711995e-02 3.217972752221111288e-03 -3.557289707020389741e-02 -7.043316153887790865e-02 -1.052059291100022193e-01
1.013761914246103651e-01 1.255821192175188006e-01 1.499497481052921577e-01 1.425082333201383999e-01 1.306407669598000088e-01 1.126788574394972375e-01 9.306658039124553194e-02 6.647754448077819456e-02 3.525235917151355036e-02 1.159447556659967769e-03 -3.492363034992679999e-02 -6.946686718217896794e-02
7.113557876100326527e-02 9.623500077101396211e-02 1.228966565848875481e-01 1.306407669598000088e-01 1.407868852237722235e-01 1.365666818084272927e-01 1.236059369531553875e-01 9.804933321430248094e-02 6.829921632362456752e-02 3.786521812850955626e-02 -2.574809186297231066e-04 -3.769288745003067376e-02
3.925353651917477815e-02 6.795053659713849725e-02 9.630882057481682246e-02 1.126788574394972375e-01 1.365666818084272927e-01 1.551310529345466260e-01 1.558538230689049398e-01 1.317655491370331444e-01 1.005877226588729745e-01 7.288700148006765911e-02 3.489092792542319160e-02 -3.470418016641772883e-03
4.993602319124227674e-03 3.886396637612425653e-02 7.078716682044700059e-02 9.306658039124553194e-02 1.236059369531553875e-01 1.558538230689049398e-01 1.827517979195573128e-01 1.678068618745993945e-01 1.347754049781271779e-01 1.070347465671547676e-01 6.889485865930591868e-02 3.163995353127756205e-02
-2.984660517714149766e-02 5.278903396665273265e-03 3.934301015088711995e-02 6.647754448077819456e-02 9.804933321430248094e-02 1.317655491370331444e-01 1.678068618745993945e-01 1.811378113516644017e-01 1.593548883210933187e-01 1.349997992790317736e-01 9.684046906134061161e-02 6.273894840627571023e-02
-6.237284881500942957e-02 -2.969179468239230985e-02 3.217972752221111288e-03 3.525235917151355036e-02 6.829921632362456752e-02 1.005877226588729745e-01 1.347754049781271779e-01 1.593548883210933187e-01 1.673285815412695610e-01 1.578957865453300968e-01 1.223508508165730563e-01 9.070385729586054324e-02
-9.754892684961057048e-02 -6.621060716671972601e-02 -3.557289707020389741e-02 1.159447556659967769e-03 3.786521812850955626e-02 7.288700148006765911e-02 1.070347465671547676e-01 1.349997992790317736e-01 1.578957865453300968e-01 1.759709361347283341e-01 1.508316545544877429e-01 1.231206863124932882e-01
-1.252066560003695095e-01 -9.639991484799467769e-02 -7.043316153887790865e-02 -3.492363034992679999e-02 -2.574809186297231066e-04 3.489092792542319160e-02 6.889485865930591868e-02 9.684046906134061161e-02 1.223508508165730563e-01 1.508316545544877429e-01 1.532287760729240667e-01 1.424388408663575245e-01
