8.134064976591386109e-02 8.078089418635464591e-02 8.852215689161979650e-02 9.065511852115180902e-02 1.145058200688668371e-01 1.387753016222179059e-01 1.336420549852903317e-01 1.012368839540342680e-01 9.014562662488739830e-02 8.039549337966306330e-02
1.152421526778495686e-01 1.127266419502352124e-01 1.008663688766823358e-01 8.344886483075253381e-02 9.438569810748903555e-02 8.948279743873591152e-02 9.375921648526797103e-02 9.275232135509828280e-02 1.074851302521438179e-01 1.098508080257454556e-01
1.077798305707930726e-01 1.055016410760315493e-01 7.974042551982490901e-02 8.178358239944108488e-02 8.162803209774863178e-02 1.019120643964785966e-01 1.283248615078627086e-01 1.150889894125182999e-01 9.725865750862816572e-02 1.009819155106728983e-01
7.360335669830789240e-02 8.644597396946815393e-02 1.028424822955797541e-01 1.255341806935224847e-01 1.165806525146142747e-01 1.004136849563419392e-01 1.069576901171129524e-01 1.021238402582568539e-01 9.933496082727684418e-02 8.616317766951886448e-02
9.628774513117688283e-02 1.053110400611629444e-01 1.009015916383795564e-01 9.300453067646452521e-02 1.166309676544480395e-01 1.089533065322497996e-01 9.143413556883753235e-02 1.002974407919098726e-01 9.785120514848073825e-02 8.932803679689019227e-02
1.012747406796034866e-01 1.162942313505463399e-01 1.158879013238157951e-01 9.088631966117147187e-02 8.970672112192674963e-02 9.704290160748271776e-02 1.086440254915522485e-01 9.501022515782575617e-02 9.328498808866998726e-02 9.196794551740530843e-02
8.987329392393136884e-02 1.024705857805120190e-01 1.231791771766175825e-01 1.178522901712831805e-01 1.094755263658983985e-01 8.740861740104310940e-02 9.706924474502491573e-02 9.473812970657338739e-02 8.769340066741995732e-02 9.023973406169633060e-02
9.321339465516528811e-02 1.015069721040733342e-01 1.194729872949846228e-01 1.160477634654952100e-01 1.082185226573176146e-01 8.584606238649256094e-02 9.185107237333803298e-02 8.747351379324082299e-02 9.816267356282458445e-02 9.820703770706820657e-02
7.191006683432693558e-02 9.706958745497533403e-02 1.040920609205188974e-01 1.016085534830334369e-01 1.067887137109074236e-01 1.004435800317506067e-01 1.214049013857664283e-01 1.235071849083942686e-01 9.643240711638231821e-02 7.674294415394455893e-02
1.332575482101673037e-01 1.017984802764187735e-01 9.328923977601183415e-02 9.799308546025878308e-02 9.837807676062138018e-02 9.408275214224308403e-02 8.557803330053895263e-02 9.019571649793162171e-02 9.316643254915271677e-02 1.122606350266557029e-01
1.092735344444354939e-01 9.272552341958090194e-02 6.946547868556081362e-02 7.326975174876777797e-02 1.131791906707655393e-01 1.132567654150154618e-01 1.080037794592226680e-01 9.948521997015798146e-02 1.091105372154468067e-01 1.122302189710469439e-01
9.730389904082215047e-02 1.109787391732118683e-01 9.659364376532408869e-02 1.057471767740327806e-01 1.033861043135697599e-01 9.408481804095425449e-02 9.874897042295482930e-02 9.280248674332351733e-02 8.748013524497094684e-02 1.128740264808360122e-01
7.126299458224759353e-02 8.262384681210557802e-02 9.503551347022751172e-02 1.116228894172282826e-01 1.181808825938022167e-01 1.283807781138862902e-01 1.159069108807540133e-01 9.895659037281170911e-02 9.587457464729504109e-02 8.215501910964212451e-02
1.005716146643324260e-01 1.044503092085215662e-01 1.111237402591014889e-01 1.093995040873497610e-01 1.095052804447771283e-01 1.083803325330842393e-01 9.568195977339885583e-02 8.691573878218682159e-02 8.542425524094338085e-02 8.854726500630451247e-02
8.972774647360667877e-02 9.548853101612675420e-02 1.023870316420113225e-01 9.893505977505628879e-02 7.521729495094534035e-02 8.323926138588699786e-02 1.324519690246729331e-01 1.298889894738333717e-01 1.027425461811520835e-01 8.992157007670829871e-02
8.505231489964487634e-02 8.795076825135302034e-02 8.987879925297287409e-02 8.941028547770990542e-02 1.070057538792059809e-01 1.208061858644771946e-01 1.060995385590921686e-01 1.094238167163567865e-01 1.105792977588285902e-01 9.379323934035871391e-02
1.053577700593050920e-01 1.043236242426980043e-01 7.571958732917714874e-02 6.769108411914595558e-02 7.961350695972421732e-02 1.088723491782617181e-01 1.229727559606327847e-01 1.308620789004742435e-01 1.109532728348714692e-01 9.363397041570944990e-02
1.022995139953057214e-01 9.954917762697018668e-02 1.080651556756650200e-01 8.432028353056941761e-02 1.066056094430479911e-01 1.164249239741310671e-01 9.595912127986731821e-02 9.339080054585274793e-02 9.614714366992804795e-02 9.723827025866260687e-02
1.026223621195472696e-01 9.457762701979474662e-02 8.993192276218874015e-02 1.040221637017408607e-01 1.215656356396766780e-01 1.116825422002832857e-01 9.430681536843518731e-02 9.388730892085296598e-02 9.263547483279707673e-02 9.476814743468335578e-02
8.978546493136112250e-02 9.097467889743200697e-02 1.015034551912004368e-01 1.047710381185358447e-01 1.022456127997861675e-01 8.968882362903030092e-02 9.647056845454177187e-02 1.028188070521555697e-01 1.150841916806781551e-01 1.066573592452788877e-01
8.924000740735921200e-02 8.916366273184878066e-02 1.075160939518648717e-01 1.193297245328644729e-01 1.058634082756612083e-01 9.489191881329891998e-02 1.003576972038055376e-01 9.072739637250001876e-02 1.040180860851686040e-01 9.889200462562826310e-02
8.556454931651494289e-02 1.074002335717575141e-01 1.093366540390179331e-01 1.098154291962438328e-01 8.272507649462146340e-02 7.108095325315849644e-02 9.096584311911837251e-02 1.141747380293632180e-01 1.270151246364747133e-01 1.019213983437296939e-01
9.059758688965963147e-02 9.872094651219322226e-02 1.142605468590351947e-01 1.126278249807566856e-01 1.056499315967994734e-01 1.169660131452738283e-01 9.533848794083737976e-02 8.855087775249223525e-02 8.675370765385592708e-02 9.053407666909654705e-02
9.801555678996856646e-02 1.114117447965747854e-01 1.221765801202758794e-01 1.003632918765760274e-01 9.807649094455876682e-02 9.371800968668755893e-02 1.033557561215892456e-01 1.002216575114318053e-01 8.775725764646283289e-02 8.490365450587450402e-02
9.830151128229588919e-02 1.085879489934518105e-01 9.110903830497547873e-02 8.539898774016684013e-02 9.871397627312628043e-02 1.112301200010670510e-01 1.119219173201248668e-01 1.002915350450326593e-01 1.056033042756212709e-01 8.884166076413799185e-02
9.495667267837697156e-02 9.985236162117622216e-02 9.906700941864086951e-02 1.108910690732950455e-01 9.108870636947861976e-02 7.791297754347753513e-02 8.213344181936041433e-02 1.000640013585234467e-01 1.254415591812974018e-01 1.185922009363734320e-01
9.556028796961295313e-02 8.538093488853590318e-02 9.067753827905106201e-02 1.101766744270143705e-01 1.051628083819061144e-01 1.029205576871604216e-01 9.503743716547888298e-02 9.783419150329650260e-02 1.092742916645216139e-01 1.079752780334221479e-01
8.046436443456511656e-02 8.852659428677066289e-02 1.077495317854100798e-01 1.119020596486445529e-01 9.658281088336241604e-02 9.533541927173191932e-02 1.015878835579486494e-01 1.090152792005794069e-01 1.161931853728950387e-01 9.264287155809231011e-02
1.229766754349594232e-01 1.065723173283223968e-01 8.732894829539464276e-02 8.130735296133520529e-02 8.005302252072714342e-02 1.029521809890608097e-01 9.466577546598564652e-02 9.118185433061581913e-02 9.976256464082827735e-02 1.331993080327709689e-01
9.701366892476417925e-02 1.147061740558406595e-01 1.218382748156068701e-01 1.000859478878551312e-01 9.521119770403495275e-02 9.190486837327943581e-02 9.410555955303280540e-02 9.967489793456846270e-02 1.008500794841790393e-01 8.460933126683861660e-02
1.060581663944326902e-01 1.061736827770987240e-01 1.061654103618998035e-01 1.172741078896743228e-01 1.153614658649100427e-01 9.061215032908297162e-02 8.563014114752776074e-02 9.385502340208637384e-02 9.246138865911501803e-02 8.640846317417244515e-02
9.820786702697792414e-02 8.892130305097450949e-02 9.819150157042288996e-02 1.017006882413322572e-01 9.786443069422284813e-02 9.038828223970915565e-02 1.053467076519499224e-01 1.085294936301019891e-01 1.068141392588817795e-01 1.040355866354265441e-01
9.138891155901847363e-02 8.838950884222127047e-02 9.843788588583511634e-02 1.012632296804262533e-01 9.515383321955543650e-02 1.014082411425423769e-01 1.177521058683455163e-01 1.164833828262771265e-01 9.277080028431650138e-02 9.695210069146202592e-02
9.751124963509866239e-02 1.023402446624071677e-01 1.154412039749004582e-01 1.051043089608707792e-01 1.184064217392646473e-01 1.046473567122939013e-01 7.813355847364944484e-02 8.953699582889300401e-02 9.062782402024384398e-02 9.825083599237824372e-02
1.005218450957078846e-01 1.056269016653966775e-01 1.104703925726779612e-01 1.095355161151361917e-01 1.101673883120141695e-01 9.671216182617942136e-02 7.698250787864348299e-02 8.200689367635280447e-02 1.043706480989367441e-01 1.036057447589546349e-01
9.743499827255711065e-02 9.335735299820471789e-02 1.209796688845015261e-01 1.049704125788838843e-01 9.156335748531896357e-02 8.803497277473966431e-02 9.398576848529036076e-02 1.026371472833684795e-01 1.064804966676579090e-01 1.005558245694775782e-01
1.090111041926933172e-01 9.908967135831842077e-02 1.088439601660756151e-01 1.018189479114720297e-01 8.782105907816131762e-02 9.307360067495712430e-02 9.982787083263025552e-02 1.027925948877391332e-01 9.597606032884403726e-02 1.017451305691087354e-01
8.761887314177330133e-02 7.683606095398420877e-02 7.861081005181072556e-02 8.444499518824519213e-02 9.473985463529917272e-02 1.006838908318477555e-01 1.139552404503196975e-01 1.294089885604555179e-01 1.253343404093391067e-01 1.083669457769255579e-01
1.178737712596712034e-01 1.143339212808020255e-01 1.048843756941847394e-01 9.028159564447085783e-02 8.834495157536456644e-02 9.636637029900384233e-02 1.065071107837864545e-01 9.984596084772423552e-02 8.576405156172009492e-02 9.579789105327213283e-02
8.227769807350310272e-02 9.887688086144878763e-02 1.175092619168772168e-01 1.120867151627812919e-01 8.770475876489457201e-02 8.330116884841204383e-02 9.531202339450679795e-02 1.122585119170348839e-01 1.127508867416597144e-01 9.792209431888178328e-02
8.646977974868995387e-02 9.368321390962297546e-02 9.230716015111881112e-02 1.028913076350640166e-01 1.121859735350323461e-01 1.103639150515835776e-01 9.006766072848979010e-02 1.001150249099732048e-01 1.174077394176784167e-01 9.450822491274717130e-02
1.098847413007316143e-01 8.387147532262503868e-02 9.492903873597972886e-02 1.112572292069432811e-01 1.040772217398340527e-01 8.907342325035225161e-02 7.593264174915553832e-02 9.693964856116890627e-02 1.075673445861997923e-01 1.264672355470097820e-01
8.336616546451609822e-02 9.173382873948907057e-02 1.038954196289939153e-01 1.128851599480559659e-01 1.071958439045486849e-01 1.065875993610998634e-01 1.041421037567359653e-01 1.111950333624123488e-01 9.350555806568119910e-02 8.549328776846709665e-02
9.059416984296707331e-02 8.391583545364650343e-02 7.357297240730467647e-02 8.184377261140636517e-02 8.858078084692817822e-02 1.147023255494630106e-01 1.128594811081786997e-01 1.434072268236900594e-01 1.122885906766570158e-01 9.823484467975841794e-02
8.947435441177688242e-02 8.991988329020228488e-02 9.521404523952253784e-02 9.481905837022150396e-02 1.048594838624679199e-01 1.169985976552677942e-01 1.055708308830442393e-01 9.848245772921816743e-02 1.022983427425114000e-01 1.023629458157674088e-01
9.997563929811384420e-02 1.068646939018634417e-01 1.000369136362419253e-01 9.090029339255657759e-02 9.410074102273785490e-02 9.732481029923514826e-02 9.779532170085314391e-02 1.131950810434050603e-01 9.418929836817739598e-02 1.056172073368158576e-01
1.148710152861882883e-01 9.363566927130784201e-02 7.846955828972954072e-02 7.560248760265003698e-02 8.369972723650076496e-02 9.761468649706091238e-02 1.189680678398407909e-01 1.186470518162603127e-01 1.076532258164097922e-01 1.108385103440516495e-01
1.056401491972091405e-01 1.041753090970480022e-01 8.263575955884742974e-02 8.070776166578662314e-02 8.873856242277149142e-02 1.223838149830891731e-01 1.223706738384136850e-01 9.476292285622940625e-02 9.349470742873540463e-02 1.050903389518697273e-01
1.244746847309615434e-01 1.087586744664593985e-01 9.248931970199059105e-02 8.365079634957535426e-02 7.764140830001481364e-02 8.125908828108210913e-02 1.076243092980909560e-01 1.245729884754543382e-01 9.717867339091508516e-02 1.023500570054557968e-01
8.644743358477617601e-02 1.029134832025513369e-01 1.173442704039940332e-01 1.079078753892672854e-01 1.072992322723120978e-01 1.151779194463652400e-01 1.094629418825938949e-01 1.040763996821055387e-01 8.146796030161597424e-02 6.790248383441835345e-02
1.019811343919272417e-01 7.976342452447887643e-02 8.769285978485352739e-02 1.057328662084501270e-01 9.711308897891218761e-02 8.021265591219944868e-02 9.144312499222015389e-02 1.094279035129927941e-01 1.286668120297805307e-01 1.179661296641853485e-01
1.080920724046066095e-01 1.095925265920243974e-01 1.015083467547998608e-01 1.176212033833471393e-01 9.226759574112168572e-02 9.406082572029934863e-02 7.747894749707422146e-02 8.472107720611689319e-02 1.009580347114879678e-01 1.136993699891219040e-01
1.059121149006079232e-01 1.061727576912271376e-01 9.937450105723437399e-02 9.228815857274980106e-02 9.900409075773657086e-02 1.104358380301187215e-01 1.127650117875802216e-01 8.660130778671727703e-02 8.519574992896294940e-02 1.022504694870652459e-01
1.101359081275086194e-01 1.025823605044331177e-01 9.679852210932574086e-02 1.093155383140632930e-01 1.061146292482464948e-01 1.051298108527528863e-01 8.671828823644378570e-02 9.738730208033033464e-02 9.251041739481843940e-02 9.330722313207748253e-02
9.064371703353663046e-02 9.915000312884245104e-02 1.010314189666144113e-01 1.077022012443945714e-01 1.212642011624208427e-01 1.198532533611594286e-01 1.208609454875362033e-01 8.728498349195785988e-02 7.848541136237373317e-02 7.372386476116414566e-02
1.170873890065040057e-01 1.137027076929710140e-01 1.027469144823755648e-01 9.271928411360730315e-02 1.041429762170100470e-01 1.162930451785039732e-01 8.376925981244842667e-02 8.073773993841730501e-02 8.165828150127216190e-02 1.071424020568901986e-01
9.643231258494242009e-02 1.059741056335373743e-01 1.126912955912044018e-01 1.130094999952331591e-01 9.065687382041107134e-02 7.021194641331048036e-02 7.741063005439918765e-02 1.018416753338397540e-01 1.267773278942256332e-01 1.049943326788966291e-01
1.135798900342720741e-01 1.012317336133260193e-01 9.551880050733602134e-02 8.512932510849557932e-02 9.106814514120757653e-02 1.185470747791811663e-01 1.051997572309199269e-01 9.607346745561817780e-02 8.852164372585971663e-02 1.051301624037840055e-01
1.202895684060760056e-01 1.109972911694728642e-01 8.701186237115351996e-02 8.550181246026819504e-02 8.615562449643537901e-02 9.891805564679886920e-02 1.023068412761615475e-01 1.072249556282954264e-01 9.491172672353136164e-02 1.066822618218067065e-01
1.017467864811144596e-01 9.808949871845584756e-02 9.667317439165062920e-02 9.868945786696731171e-02 9.852258676866951226e-02 8.496525065254854903e-02 8.724775564970316255e-02 9.815578706907404638e-02 1.208518614588440926e-01 1.150578409429723059e-01
1.012875037737495376e-01 1.216833214183579287e-01 1.149506947729024703e-01 1.134415988640686823e-01 9.808420814473003957e-02 8.983241458532546797e-02 8.621832571167178938e-02 9.161933861397318635e-02 8.877910218471266046e-02 9.410349193050815408e-02
1.068708021605237896e-01 8.064553752570893796e-02 8.391554653635567573e-02 9.947087817626795725e-02 1.056414368551496924e-01 9.395159169662112286e-02 9.434562873612280243e-02 1.011701201004924777e-01 1.055920270394230948e-01 1.283964311733346297e-01
1.022710152302063746e-01 1.036047145811896664e-01 9.097465339388800809e-02 8.358787577253301571e-02 8.815161888995759476e-02 9.016522924814975026e-02 9.661483044713689572e-02 1.179051943186806284e-01 1.136721331815067071e-01 1.130527349367513312e-01
1.416164364399910558e-01 1.139451189267407516e-01 7.404451647481656573e-02 6.929601605195290226e-02 6.790207823715269098e-02 8.707011679987836095e-02 1.046963867350675925e-01 1.066580016234427164e-01 1.147309074206625951e-01 1.200404212902950601e-01
1.003564343847872242e-01 9.805015083137082199e-02 8.154575840040972912e-02 9.817090449157359067e-02 9.530574858439479213e-02 9.455969023025374842e-02 1.016373690618582321e-01 1.027577751652359039e-01 1.119753321842031912e-01 1.156408366659128495e-01
8.111624654189460160e-02 8.921150656094022080e-02 1.185224394390006208e-01 1.058612182812919550e-01 9.510380495430434400e-02 8.937226410657712894e-02 1.013621001805400101e-01 1.148206176207730300e-01 1.163657048911263675e-01 8.826409742355192933e-02
9.040690202671486375e-02 9.706908895244395485e-02 1.000501556601192943e-01 1.068917139893512391e-01 9.432696209407215315e-02 1.075067618657253449e-01 1.144807352254811894e-01 1.061545235362823802e-01 9.969908909277064302e-02 8.341406755703906217e-02
8.490231693774337451e-02 1.119174435131491258e-01 1.105032039343338823e-01 1.074973449688404470e-01 8.313299235892297745e-02 9.550634903563966216e-02 1.092436991114247857e-01 1.163566730783734127e-01 1.014718611131559395e-01 7.946811594841654558e-02
1.105993130019289478e-01 1.063419041876185467e-01 9.568304930757720594e-02 8.538942832595988741e-02 7.908330714407475759e-02 9.620383208112086304e-02 1.063627038087854859e-01 1.080997501265673344e-01 1.027726125248330236e-01 1.094640994915342253e-01
8.797188886255384588e-02 1.034101008471983996e-01 1.065432047271361038e-01 9.600282494555101298e-02 1.053558135374476623e-01 1.099051011754771240e-01 1.252966308970713816e-01 1.008900080142960121e-01 7.936559025462180950e-02 8.525883673864695367e-02
1.152145303091708373e-01 9.414324266975165889e-02 8.459287267952642075e-02 8.946468390950884642e-02 1.168465105446895858e-01 1.082975870670422197e-01 1.106090386012404669e-01 9.303382183119660032e-02 9.801688739529858252e-02 8.978082499257498961e-02
9.328415897949203506e-02 1.179868004918580432e-01 1.088647220896633294e-01 1.038880941773931976e-01 1.099432133176215381e-01 1.063074107263271006e-01 9.056992836243100975e-02 9.282063069072057915e-02 9.624552574535912008e-02 8.008951541913433836e-02
1.006501289849181802e-01 9.496655098111544957e-02 1.048302668623619094e-01 1.051626801384092091e-01 8.162921986322346779e-02 1.004007091039586241e-01 9.111458375382552877e-02 1.055519243619808395e-01 1.065354361995252408e-01 1.091584997506815924e-01
1.056662966604349913e-01 1.104134221613619488e-01 1.093650514151733033e-01 9.532611465479939872e-02 9.371902993312043739e-02 9.738856430351677806e-02 8.232571669415612858e-02 7.457178326249264133e-02 1.045909062689031055e-01 1.266331146460416002e-01
8.301999140422017254e-02 7.789141988489775570e-02 1.043483274496099372e-01 1.273137879429489250e-01 9.758604234370013564e-02 9.558472138398642348e-02 8.850396751337211154e-02 1.011898445174384403e-01 1.125339292659209844e-01 1.120279682939054611e-01
1.012627003207835497e-01 9.205250878973633699e-02 9.940113414992667040e-02 1.056422042118128346e-01 1.064278246673454192e-01 8.880851630297906252e-02 8.863030789855472213e-02 1.200264367332253834e-01 1.135190023111435770e-01 8.422936461449223589e-02
1.008939351358017072e-01 9.037077180957628353e-02 8.288549953085669331e-02 1.011905192639090956e-01 1.107405862937534125e-01 1.085420781383456684e-01 1.172986597594776748e-01 9.839167930561243391e-02 9.430758143402917515e-02 9.537868932863792504e-02
1.325442001945240089e-01 1.059805619908228552e-01 9.080493569022070333e-02 8.591782205705093822e-02 9.001034465471309531e-02 7.408781336154623975e-02 8.687649407762072784e-02 1.010788832387456843e-01 1.145208783771092947e-01 1.181780663576464246e-01
8.844723402582557736e-02 9.289190704937788645e-02 1.178554821821415910e-01 1.264079321801211409e-01 8.963407758503411094e-02 8.039099676070243783e-02 9.201162416047890813e-02 1.027406142695162783e-01 1.032851738700578947e-01 1.063349579167444242e-01
7.368898805227847015e-02 7.628086678118993491e-02 1.096418908966611816e-01 1.121688896598592444e-01 1.030223770264724892e-01 9.559948391244130206e-02 9.527055308484787266e-02 1.212719839695697299e-01 1.154755717934692061e-01 9.757939482321061064e-02
8.914305729769469999e-02 8.892946197930863550e-02 1.086760504334312316e-01 1.000006516188686190e-01 1.237193578189241250e-01 1.255355852927781679e-01 1.077539045052854083e-01 9.166676502268593374e-02 8.649780573075574464e-02 7.807736030026742047e-02
1.055959931588136141e-01 1.010535922697943512e-01 1.001749363307975066e-01 1.069439637058628156e-01 8.085989966176981847e-02 9.354504932882706791e-02 9.141214506023097319e-02 9.760935962258372733e-02 1.088636783909138206e-01 1.139413824704063605e-01
9.527844274518659784e-02 8.460284908060297648e-02 1.080414915628992722e-01 1.072099047676875611e-01 1.047649150921385747e-01 1.062192387092608659e-01 8.809065009285529935e-02 8.412286557167306111e-02 1.051065629909502669e-01 1.165630793867456771e-01
1.029222728432716560e-01 1.054829382951433803e-01 9.386543473680938887e-02 1.163502163921263099e-01 1.181374671270252058e-01 1.142688107072346859e-01 9.806135135203694619e-02 7.901675490815755765e-02 8.096197623339825011e-02 9.093277740479674409e-02
9.969171098007861831e-02 9.885851233673731420e-02 8.821173668588475070e-02 1.074396914589132862e-01 1.222115268692408885e-01 1.005048958967880157e-01 7.177623633390968483e-02 9.483564170255871784e-02 1.015488723421469619e-01 1.149211753937417479e-01
1.002649516685903130e-01 8.889103883195603739e-02 8.595087921574463830e-02 9.922485033676156641e-02 1.374229206132924763e-01 1.146722284630109778e-01 9.078876256561932423e-02 9.482909704039492460e-02 1.037677265372490137e-01 8.418754472738104733e-02
1.176180347821762506e-01 1.075786318032296851e-01 9.813147095028447453e-02 1.010454485656144402e-01 9.607272233419267282e-02 1.069577786187403817e-01 8.895662925605921090e-02 9.259650525279701505e-02 9.246532919324527977e-02 9.857744924366082517e-02
1.000992902159585085e-01 8.949816934824786352e-02 1.031884162341822758e-01 1.115689287684257097e-01 1.069766273031666076e-01 1.008466742013113121e-01 1.041558491936123709e-01 8.675840136527898649e-02 9.100780319594516110e-02 1.058998401738711070e-01
1.144290108964745312e-01 1.106735865829573118e-01 1.062677305077942141e-01 1.027319166644658499e-01 8.034247321941251352e-02 9.260869405231482443e-02 1.159742674449421723e-01 1.056430849549681306e-01 8.944752741240682981e-02 8.188170826426369175e-02
1.098336813925040178e-01 1.046649781451592653e-01 8.268545023546935990e-02 9.906708379520515195e-02 1.187416876428276646e-01 1.058876319028550089e-01 9.084215863935439506e-02 8.377985754129074758e-02 9.979507004206894516e-02 1.047024006632654575e-01
9.334378928160627642e-02 1.021620392016074630e-01 1.004755907813678906e-01 1.088531222348311511e-01 9.371441157029561375e-02 9.123600714961491165e-02 1.057308381326379915e-01 1.080372005670398317e-01 9.328105855824300741e-02 1.031659425227557381e-01
1.188319911432293152e-01 1.080435121670316190e-01 1.024240202245617903e-01 1.029195332933207641e-01 9.910488718116065854e-02 1.106928033056541610e-01 9.120494501131397314e-02 7.765214247703880468e-02 8.197604564087648815e-02 1.071501195558124397e-01
7.858210347029745413e-02 7.811691920089264274e-02 1.113964386936438927e-01 1.157141632982653101e-01 1.034451410593107135e-01 1.045999474032420218e-01 1.011631974460280026e-01 1.109748357461259882e-01 1.024817647477219845e-01 9.352548893447223954e-02
1.031154325586969428e-01 1.052135803374538714e-01 1.041259715055667667e-01 1.047056984148765912e-01 9.546601986443277454e-02 9.473806754864155799e-02 9.387968663659847224e-02 9.627478600970593159e-02 9.368328879350935889e-02 1.087974683305180101e-01
1.053526202516008314e-01 9.997920174137919780e-02 9.373857146137015706e-02 1.015556605803308726e-01 1.228046945034446391e-01 1.039261366441115025e-01 8.954981337015291420e-02 9.927727459448190683e-02 9.693046303492727778e-02 8.688556381820092267e-02
1.142092386816103283e-01 1.266121602874773766e-01 1.201894365150551064e-01 9.845327778217344283e-02 8.898859081961582596e-02 7.852691148236148888e-02 7.309520112165134031e-02 7.597615016670147825e-02 1.097835845039794589e-01 1.141654486393742229e-01
8.456904674861914772e-02 1.046238573728191235e-01 1.217474419215211490e-01 9.059913354015233788e-02 1.071027070131515269e-01 1.096921218998382908e-01 1.001660679557815903e-01 1.005713223230472741e-01 9.358483213169302428e-02 8.734346909337642462e-02
6.460352440619052117e-02 6.578655721351081564e-02 9.058811362710350590e-02 1.119201599460967617e-01 1.429073061392813204e-01 1.324127116976908380e-01 1.236099686866556635e-01 1.134878947995573012e-01 8.091686044008467027e-02 7.376690304382857444e-02
1.026630901031876375e-01 1.158268090156628072e-01 9.813757128670994034e-02 1.055181772713141147e-01 1.110496076357362083e-01 1.235385365753779163e-01 9.375849020182625004e-02 8.178154055072110740e-02 8.029582685320439672e-02 8.743035050625949656e-02
1.135530552478006966e-01 1.011336113117714264e-01 9.677287170095966173e-02 8.426667550845445831e-02 7.239076005199708563e-02 8.574171900535475233e-02 1.139142879964244875e-01 1.223535152802774917e-01 1.115832808237124524e-01 9.829022307324744578e-02
