8.134064976591386109e-02 7.996399030473391734e-02 8.089702818497677972e-02 7.753015280518843477e-02 8.098996155581503209e-02 8.493500276330234744e-02 8.511728475389401805e-02 7.992308333428134459e-02 8.080526444190347379e-02 7.964985643937926019e-02
7.996399030473391734e-02 8.078089418635464591e-02 8.322260481620269434e-02 8.036745917343871004e-02 8.351185279134569484e-02 8.579184574432038857e-02 8.363737806298682242e-02 7.703774503747505553e-02 7.746870933169153206e-02 7.696671362026977214e-02
8.089702818497677972e-02 8.322260481620269434e-02 8.852215689161979650e-02 8.748902105566855325e-02 9.198933428107802790e-02 9.377778309317560956e-02 8.902186286919294700e-02 7.950771733665792929e-02 7.830642737285609112e-02 7.736329637163041895e-02
7.753015280518843477e-02 8.036745917343871004e-02 8.748902105566855325e-02 9.065511852115180902e-02 9.875755426410623428e-02 1.018461323845786526e-01 9.486580225952798151e-02 8.150097998208945260e-02 7.733255471448458040e-02 7.469469714200011046e-02
8.098996155581503209e-02 8.351185279134569484e-02 9.198933428107802790e-02 9.875755426410623428e-02 1.145058200688668371e-01 1.220985658722077705e-01 1.133928166254412062e-01 9.418441238103821000e-02 8.555806635812318595e-02 7.973626831035578177e-02
8.493500276330234744e-02 8.579184574432038857e-02 9.377778309317560956e-02 1.018461323845786526e-01 1.220985658722077705e-01 1.387753016222179059e-01 1.320265523838223543e-01 1.085547422109998800e-01 9.577869951343229160e-02 8.620890095733277358e-02
8.511728475389401805e-02 8.363737806298682242e-02 8.902186286919294700e-02 9.486580225952798151e-02 1.133928166254412062e-01 1.320265523838223543e-01 1.336420549852903317e-01 1.127112710438995247e-01 9.972150020613479438e-02 8.846245371674948954e-02
7.992308333428134459e-02 7.703774503747505553e-02 7.950771733665792929e-02 8.150097998208945260e-02 9.418441238103821000e-02 1.085547422109998800e-01 1.127112710438995247e-01 1.012368839540342680e-01 9.287417702158037858e-02 8.343818918956018293e-02
8.080526444190347379e-02 7.746870933169153206e-02 7.830642737285609112e-02 7.733255471448458040e-02 8.555806635812318595e-02 9.577869951343229160e-02 9.972150020613479438e-02 9.287417702158037858e-02 9.014562662488739830e-02 8.342118257465140629e-02
7.964985643937926019e-02 7.696671362026977214e-02 7.736329637163041895e-02 7.469469714200011046e-02 7.973626831035578177e-02 8.620890095733277358e-02 8.846245371674948954e-02 8.343818918956018293e-02 8.342118257465140629e-02 8.039549337966306330e-02
1.152421526778495686e-01 1.109629366797963285e-01 9.979604260707553021e-02 8.570551400891252003e-02 8.630722610250146642e-02 8.251735527040422735e-02 8.565150644164486182e-02 8.930497949174334704e-02 1.019549173879401860e-01 1.092879150166739810e-01
1.109629366797963285e-01 1.127266419502352124e-01 1.040327926475390075e-01 8.971704926942955516e-02 8.935359428040476337e-02 8.334111568184918162e-02 8.379504622357389354e-02 8.477102048383099164e-02 9.503540398426972569e-02 1.023003659946138816e-01
9.979604260707553021e-02 1.040327926475390075e-01 1.008663688766823358e-01 8.945352365596208333e-02 9.014847265408970634e-02 8.345480614737166292e-02 8.203362922753235087e-02 8.024337759844125950e-02 8.700532552838273481e-02 9.184629853926222498e-02
8.570551400891252003e-02 8.971704926942955516e-02 8.945352365596208333e-02 8.344886483075253381e-02 8.682677161293711476e-02 8.121317351387122296e-02 7.924793545814412532e-02 7.555731623492570326e-02 7.898167664059471682e-02 8.048379965887615672e-02
8.630722610250146642e-02 8.935359428040476337e-02 9.014847265408970634e-02 8.682677161293711476e-02 9.438569810748903555e-02 9.025136767147111383e-02 8.862883727182080396e-02 8.353731560795611688e-02 8.501957170876384140e-02 8.357785661614292039e-02
8.251735527040422735e-02 8.334111568184918162e-02 8.345480614737166292e-02 8.121317351387122296e-02 9.025136767147111383e-02 8.948279743873591152e-02 8.985641083472753476e-02 8.531072572153394762e-02 8.611413584229829499e-02 8.255873956461662333e-02
8.565150644164486182e-02 8.379504622357389354e-02 8.203362922753235087e-02 7.924793545814412532e-02 8.862883727182080396e-02 8.985641083472753476e-02 9.375921648526797103e-02 9.117344702612735496e-02 9.287929672637318390e-02 8.807527792904454311e-02
8.930497949174334704e-02 8.477102048383099164e-02 8.024337759844125950e-02 7.555731623492570326e-02 8.353731560795611688e-02 8.531072572153394762e-02 9.117344702612735496e-02 9.275232135509828280e-02 9.733972598475629234e-02 9.307579096801746332e-02
1.019549173879401860e-01 9.503540398426972569e-02 8.700532552838273481e-02 7.898167664059471682e-02 8.501957170876384140e-02 8.611413584229829499e-02 9.287929672637318390e-02 9.733972598475629234e-02 1.074851302521438179e-01 1.057000725085049941e-01
1.092879150166739810e-01 1.023003659946138816e-01 9.184629853926222498e-02 8.048379965887615672e-02 8.357785661614292039e-02 8.255873956461662333e-02 8.807527792904454311e-02 9.307579096801746332e-02 1.057000725085049941e-01 1.098508080257454556e-01
1.077798305707930726e-01 1.048408496915650828e-01 8.804407632521682459e-02 8.433341423968004902e-02 7.914328032478548658e-02 8.343319556567606321e-02 9.211104476310044697e-02 9.237785846050571015e-02 9.332036061342594002e-02 1.018450318613144667e-01
1.048408496915650828e-01 1.055016410760315493e-01 9.006813445585798439e-02 8.678261907896633875e-02 8.083132740574221209e-02 8.363114077022545945e-02 9.011021857680133473e-02 8.843885618790403580e-02 8.845836334712185722e-02 9.707949273953965508e-02
8.804407632521682459e-02 9.006813445585798439e-02 7.974042551982490901e-02 7.896942843903270726e-02 7.464137503643375471e-02 7.733245623103002231e-02 8.212781384993944611e-02 7.828294479950667628e-02 7.583347614765675870e-02 8.159684643741456356e-02
8.433341423968004902e-02 8.678261907896633875e-02 7.896942843903270726e-02 8.178358239944108488e-02 7.972000215185673366e-02 8.399214062392572344e-02 8.889422634778812449e-02 8.240236870392959878e-02 7.650867897239402304e-02 7.938859725907401743e-02
7.914328032478548658e-02 8.083132740574221209e-02 7.464137503643375471e-02 7.972000215185673366e-02 8.162803209774863178e-02 8.896814690166779394e-02 9.526875956846031501e-02 8.681977875114127441e-02 7.739812737753497263e-02 7.675066947951504626e-02
8.343319556567606321e-02 8.363114077022545945e-02 7.733245623103002231e-02 8.399214062392572344e-02 8.896814690166779394e-02 1.019120643964785966e-01 1.119549448985132922e-01 1.017623672134898571e-01 8.819579218943612853e-02 8.388643645461485443e-02
9.211104476310044697e-02 9.011021857680133473e-02 8.212781384993944611e-02 8.889422634778812449e-02 9.526875956846031501e-02 1.119549448985132922e-01 1.283248615078627086e-01 1.186221879244741539e-01 1.023467958496801222e-01 9.528912099261925561e-02
9.237785846050571015e-02 8.843885618790403580e-02 7.828294479950667628e-02 8.240236870392959878e-02 8.681977875114127441e-02 1.017623672134898571e-01 1.186221879244741539e-01 1.150889894125182999e-01 1.022869791519626370e-01 9.633423178291786182e-02
9.332036061342594002e-02 8.845836334712185722e-02 7.583347614765675870e-02 7.650867897239402304e-02 7.739812737753497263e-02 8.819579218943612853e-02 1.023467958496801222e-01 1.022869791519626370e-01 9.725865750862816572e-02 9.576802352487641390e-02
1.018450318613144667e-01 9.707949273953965508e-02 8.159684643741456356e-02 7.938859725907401743e-02 7.675066947951504626e-02 8.388643645461485443e-02 9.528912099261925561e-02 9.633423178291786182e-02 9.576802352487641390e-02 1.009819155106728983e-01
7.360335669830789240e-02 7.783977090395011178e-02 8.048496967078103137e-02 8.403564871189550534e-02 7.892633603008468446e-02 7.362883588145976987e-02 7.725535058122524890e-02 7.816927424559616533e-02 8.037033619768356452e-02 7.792971409365351265e-02
7.783977090395011178e-02 8.644597396946815393e-02 9.213181428131853035e-02 9.709179466222916943e-02 8.953857256779883256e-02 8.018484114057480849e-02 8.056932975102587546e-02 7.936930657845148174e-02 8.108152273730469262e-02 7.971790399788578063e-02
8.048496967078103137e-02 9.213181428131853035e-02 1.028424822955797541e-01 1.111165877316444561e-01 1.023423235643752260e-01 8.929265588509700813e-02 8.636073378248945720e-02 8.228538478471425499e-02 8.249503754215342655e-02 8.105958491666755139e-02
8.403564871189550534e-02 9.709179466222916943e-02 1.111165877316444561e-01 1.255341806935224847e-01 1.178851324806503148e-01 1.025366263459329963e-01 9.716646790050319227e-02 8.992357238325618396e-02 8.781011569259938865e-02 8.492000881358166553e-02
7.892633603008468446e-02 8.953857256779883256e-02 1.023423235643752260e-01 1.178851324806503148e-01 1.165806525146142747e-01 1.045487982566059293e-01 1.001034453666818647e-01 9.158655207919985664e-02 8.727656277712192434e-02 8.198623046131761627e-02
7.362883588145976987e-02 8.018484114057480849e-02 8.929265588509700813e-02 1.025366263459329963e-01 1.045487982566059293e-01 1.004136849563419392e-01 1.003210672602306841e-01 9.288401798723001923e-02 8.747981342776489644e-02 7.975301611989113471e-02
7.725535058122524890e-02 8.056932975102587546e-02 8.636073378248945720e-02 9.716646790050319227e-02 1.001034453666818647e-01 1.003210672602306841e-01 1.069576901171129524e-01 1.020731849980474476e-01 9.663503843900936308e-02 8.665281060408877578e-02
7.816927424559616533e-02 7.936930657845148174e-02 8.228538478471425499e-02 8.992357238325618396e-02 9.158655207919985664e-02 9.288401798723001923e-02 1.020731849980474476e-01 1.021238402582568539e-01 9.889437505112749771e-02 8.892650483636016512e-02
8.037033619768356452e-02 8.108152273730469262e-02 8.249503754215342655e-02 8.781011569259938865e-02 8.727656277712192434e-02 8.747981342776489644e-02 9.663503843900936308e-02 9.889437505112749771e-02 9.933496082727684418e-02 9.096261656259338468e-02
7.792971409365351265e-02 7.971790399788578063e-02 8.105958491666755139e-02 8.492000881358166553e-02 8.198623046131761627e-02 7.975301611989113471e-02 8.665281060408877578e-02 8.892650483636016512e-02 9.096261656259338468e-02 8.616317766951886448e-02
9.628774513117688283e-02 9.858199417688061350e-02 9.218622662054917760e-02 8.303218906725925996e-02 8.712867333979441853e-02 8.316435627301788092e-02 7.877236256451425334e-02 8.634716053980417971e-02 9.009346711317720025e-02 9.062190767936820213e-02
9.858199417688061350e-02 1.053110400611629444e-01 1.007392333421674724e-01 9.118697995282049051e-02 9.466620803409894758e-02 8.801614149463077297e-02 8.062045250597596469e-02 8.606614235233062127e-02 8.902939652541942694e-02 9.043118308468965638e-02
9.218622662054917760e-02 1.007392333421674724e-01 1.009015916383795564e-01 9.408601267928669298e-02 9.889631548760899338e-02 9.085747266784319209e-02 8.068431787365359931e-02 8.314027556379320616e-02 8.380605231207347017e-02 8.416399305172125866e-02
8.303218906725925996e-02 9.118697995282049051e-02 9.408601267928669298e-02 9.300453067646452521e-02 1.014084310051511367e-01 9.375916180070489880e-02 8.168632999319622168e-02 8.137903327268225517e-02 7.907571389542850104e-02 7.702563466799880465e-02
8.712867333979441853e-02 9.466620803409894758e-02 9.889631548760899338e-02 1.014084310051511367e-01 1.166309676544480395e-01 1.102316721146519574e-01 9.594152816884690682e-02 9.387053473455245212e-02 8.846439414527618172e-02 8.316994300075628010e-02
8.316435627301788092e-02 8.801614149463077297e-02 9.085747266784319209e-02 9.375916180070489880e-02 1.102316721146519574e-01 1.089533065322497996e-01 9.721913941139755100e-02 9.594743284189460875e-02 8.948500091516907451e-02 8.197642795265532023e-02
7.877236256451425334e-02 8.062045250597596469e-02 8.068431787365359931e-02 8.168632999319622168e-02 9.594152816884690682e-02 9.721913941139755100e-02 9.143413556883753235e-02 9.333855661635534484e-02 8.795114709653684137e-02 7.971681710090658401e-02
8.634716053980417971e-02 8.606614235233062127e-02 8.314027556379320616e-02 8.137903327268225517e-02 9.387053473455245212e-02 9.594743284189460875e-02 9.333855661635534484e-02 1.002974407919098726e-01 9.697575212399461853e-02 8.840188227767806217e-02
9.009346711317720025e-02 8.902939652541942694e-02 8.380605231207347017e-02 7.907571389542850104e-02 8.846439414527618172e-02 8.948500091516907451e-02 8.795114709653684137e-02 9.697575212399461853e-02 9.785120514848073825e-02 9.141136269516478285e-02
9.062190767936820213e-02 9.043118308468965638e-02 8.416399305172125866e-02 7.702563466799880465e-02 8.316994300075628010e-02 8.197642795265532023e-02 7.971681710090658401e-02 8.840188227767806217e-02 9.141136269516478285e-02 8.932803679689019227e-02
1.012747406796034866e-01 1.059380624463689691e-01 1.013401378746604381e-01 8.583436858213003284e-02 8.085835566280061282e-02 8.096573523956657192e-02 8.552982847130852218e-02 8.384609317900579284e-02 8.886823027353762949e-02 9.385768440422587178e-02
1.059380624463689691e-01 1.162942313505463399e-01 1.136169321925022402e-01 9.594848899102143003e-02 8.854685581588644938e-02 8.596976644413170665e-02 8.813726638107130529e-02 8.464921350936491229e-02 8.912817629896152560e-02 9.527129205239232013e-02
1.013401378746604381e-01 1.136169321925022402e-01 1.158879013238157951e-01 1.000054966104230170e-01 9.291530581080809092e-02 8.939861285941810842e-02 8.978496831438126380e-02 8.391899100604401085e-02 8.615722943603540407e-02 9.086889447210025339e-02
8.583436858213003284e-02 9.594848899102143003e-02 1.000054966104230170e-01 9.088631966117147187e-02 8.761170669503241804e-02 8.573492658952161505e-02 8.578487528177419774e-02 7.824934990601109530e-02 7.746595405215282726e-02 7.880880756443850443e-02
8.085835566280061282e-02 8.854685581588644938e-02 9.291530581080809092e-02 8.761170669503241804e-02 8.970672112192674963e-02 9.098645445664313436e-02 9.210195313449864862e-02 8.286417170230606088e-02 7.935760080131995520e-02 7.726198775272136166e-02
8.096573523956657192e-02 8.596976644413170665e-02 8.939861285941810842e-02 8.573492658952161505e-02 9.098645445664313436e-02 9.704290160748271776e-02 1.007482671066785851e-01 9.083732800659395645e-02 8.554718293366442294e-02 8.054192243608868096e-02
8.552982847130852218e-02 8.813726638107130529e-02 8.978496831438126380e-02 8.578487528177419774e-02 9.210195313449864862e-02 1.007482671066785851e-01 1.086440254915522485e-01 9.969020417882470952e-02 9.413141726907202356e-02 8.740354657629934021e-02
8.384609317900579284e-02 8.464921350936491229e-02 8.391899100604401085e-02 7.824934990601109530e-02 8.286417170230606088e-02 9.083732800659395645e-02 9.969020417882470952e-02 9.501022515782575617e-02 9.197430995739711013e-02 8.622984518909096452e-02
8.886823027353762949e-02 8.912817629896152560e-02 8.615722943603540407e-02 7.746595405215282726e-02 7.935760080131995520e-02 8.554718293366442294e-02 9.413141726907202356e-02 9.197430995739711013e-02 9.328498808866998726e-02 9.017074344516440298e-02
9.385768440422587178e-02 9.527129205239232013e-02 9.086889447210025339e-02 7.880880756443850443e-02 7.726198775272136166e-02 8.054192243608868096e-02 8.740354657629934021e-02 8.622984518909096452e-02 9.017074344516440298e-02 9.196794551740530843e-02
8.987329392393136884e-02 9.333666358013675834e-02 9.658567289054403870e-02 8.971676754581053848e-02 8.399058999634409495e-02 7.531378767472672597e-02 8.033084738206797137e-02 8.206766838388898644e-02 8.287296122747198068e-02 8.794923378798960578e-02
9.333666358013675834e-02 1.024705857805120190e-01 1.094150957457015599e-01 1.018397079456703491e-01 9.313974029399012255e-02 8.018273723335697656e-02 8.219527886994110188e-02 8.200404864971737318e-02 8.230278746854607919e-02 8.838204879896767452e-02
9.658567289054403870e-02 1.094150957457015599e-01 1.231791771766175825e-01 1.173308448605298177e-01 1.070704221260162514e-01 8.988237839550232422e-02 8.903660925943718274e-02 8.617778840826539888e-02 8.471509867862653254e-02 9.036802321613025823e-02
8.971676754581053848e-02 1.018397079456703491e-01 1.173308448605298177e-01 1.178522901712831805e-01 1.104700139758399702e-01 9.298320344371102664e-02 9.090739565848374171e-02 8.586300760318003877e-02 8.196299865019179842e-02 8.518100882186778466e-02
8.399058999634409495e-02 9.313974029399012255e-02 1.070704221260162514e-01 1.104700139758399702e-01 1.094755263658983985e-01 9.497943599271276016e-02 9.400803481093295000e-02 8.806004113021541346e-02 8.204525754088354272e-02 8.247792021992203515e-02
7.531378767472672597e-02 8.018273723335697656e-02 8.988237839550232422e-02 9.298320344371102664e-02 9.497943599271276016e-02 8.740861740104310940e-02 8.980143254496872340e-02 8.510307175620598907e-02 7.856487662935530969e-02 7.692702903723719343e-02
8.033084738206797137e-02 8.219527886994110188e-02 8.903660925943718274e-02 9.090739565848374171e-02 9.400803481093295000e-02 8.980143254496872340e-02 9.706924474502491573e-02 9.420030127100542661e-02 8.736492368357876015e-02 8.450080646187424493e-02
8.206766838388898644e-02 8.200404864971737318e-02 8.617778840826539888e-02 8.586300760318003877e-02 8.806004113021541346e-02 8.510307175620598907e-02 9.420030127100542661e-02 9.473812970657338739e-02 8.957740180409767827e-02 8.715471267066102201e-02
8.287296122747198068e-02 8.230278746854607919e-02 8.471509867862653254e-02 8.196299865019179842e-02 8.204525754088354272e-02 7.856487662935530969e-02 8.736492368357876015e-02 8.957740180409767827e-02 8.769340066741995732e-02 8.724904501043198590e-02
8.794923378798960578e-02 8.838204879896767452e-02 9.036802321613025823e-02 8.518100882186778466e-02 8.247792021992203515e-02 7.692702903723719343e-02 8.450080646187424493e-02 8.715471267066102201e-02 8.724904501043198590e-02 9.023973406169633060e-02
9.321339465516528811e-02 9.439477639914269080e-02 9.619105036825149890e-02 8.972201905667286093e-02 8.427696752056540452e-02 7.575580447096243175e-02 7.997826564011736861e-02 8.105169284860688772e-02 8.950594609149066516e-02 9.336795696163051328e-02
9.439477639914269080e-02 1.015069721040733342e-01 1.070792368347027179e-01 1.003288358487204324e-01 9.226024771484256370e-02 7.970374946490904611e-02 8.074177802081250466e-02 7.950520201508776141e-02 8.673334211507000013e-02 9.135540721207932591e-02
9.619105036825149890e-02 1.070792368347027179e-01 1.194729872949846228e-01 1.147581215125420273e-01 1.054180556234432797e-01 8.887833309931712777e-02 8.691465507738321827e-02 8.266417769607714572e-02 8.790827412726379131e-02 9.186740602173795733e-02
8.972201905667286093e-02 1.003288358487204324e-01 1.147581215125420273e-01 1.160477634654952100e-01 1.092921619490124369e-01 9.229369466871992223e-02 8.899842650418698931e-02 8.245871716939076612e-02 8.511622640913685256e-02 8.679140814806594884e-02
8.427696752056540452e-02 9.226024771484256370e-02 1.054180556234432797e-01 1.092921619490124369e-01 1.082185226573176146e-01 9.386109717802454400e-02 9.146904643186526407e-02 8.407161990513889460e-02 8.496980061287850994e-02 8.410934889582888374e-02
7.575580447096243175e-02 7.970374946490904611e-02 8.887833309931712777e-02 9.229369466871992223e-02 9.386109717802454400e-02 8.584606238649256094e-02 8.661599448068180163e-02 8.065557235570981753e-02 8.114863402942690263e-02 7.850819407511902548e-02
7.997826564011736861e-02 8.074177802081250466e-02 8.691465507738321827e-02 8.899842650418698931e-02 9.146904643186526407e-02 8.661599448068180163e-02 9.185107237333803298e-02 8.783250659903013569e-02 8.919580648283191582e-02 8.539928522079613671e-02
8.105169284860688772e-02 7.950520201508776141e-02 8.266417769607714572e-02 8.245871716939076612e-02 8.407161990513889460e-02 8.065557235570981753e-02 8.783250659903013569e-02 8.747351379324082299e-02 9.098479585927005120e-02 8.763225852848163799e-02
8.950594609149066516e-02 8.673334211507000013e-02 8.790827412726379131e-02 8.511622640913685256e-02 8.496980061287850994e-02 8.114863402942690263e-02 8.919580648283191582e-02 9.098479585927005120e-02 9.816267356282458445e-02 9.639653396485320380e-02
9.336795696163051328e-02 9.135540721207932591e-02 9.186740602173795733e-02 8.679140814806594884e-02 8.410934889582888374e-02 7.850819407511902548e-02 8.539928522079613671e-02 8.763225852848163799e-02 9.639653396485320380e-02 9.820703770706820657e-02
7.191006683432693558e-02 8.191335797944200581e-02 8.198700844982359515e-02 7.790594045533578982e-02 7.676898464633732933e-02 7.253343891954480704e-02 7.854399989378868518e-02 8.133550113033545526e-02 7.638912493736657594e-02 7.235601536868886685e-02
8.191335797944200581e-02 9.706958745497533403e-02 9.895148194710669254e-02 9.411400864564273272e-02 9.112912345283689930e-02 8.304158674830011688e-02 8.647780359997916944e-02 8.763943037547930470e-02 8.245281477193945607e-02 7.969771392684110722e-02
8.198700844982359515e-02 9.895148194710669254e-02 1.040920609205188974e-01 1.007845584763824714e-01 9.792495146235076497e-02 8.789549924483265608e-02 8.913238091916236838e-02 8.810202983426562717e-02 8.175108173084644214e-02 7.893429205251434322e-02
7.790594045533578982e-02 9.411400864564273272e-02 1.007845584763824714e-01 1.016085534830334369e-01 1.013963940117486029e-01 9.175315820910570630e-02 9.217873213376531760e-02 8.898831053026019788e-02 8.034313605240345213e-02 7.587042380510918005e-02
7.676898464633732933e-02 9.112912345283689930e-02 9.792495146235076497e-02 1.013963940117486029e-01 1.067887137109074236e-01 1.000192700150173142e-01 1.018903406053331823e-01 9.713732744514932960e-02 8.497047097595697429e-02 7.724195563322902580e-02
7.253343891954480704e-02 8.304158674830011688e-02 8.789549924483265608e-02 9.175315820910570630e-02 1.000192700150173142e-01 1.004435800317506067e-01 1.068721181799857645e-01 1.026803500533516322e-01 8.778923043707564933e-02 7.653422771146486947e-02
7.854399989378868518e-02 8.647780359997916944e-02 8.913238091916236838e-02 9.217873213376531760e-02 1.018903406053331823e-01 1.068721181799857645e-01 1.214049013857664283e-01 1.196705855702956678e-01 1.017612245415945860e-01 8.633162580151505783e-02
8.133550113033545526e-02 8.763943037547930470e-02 8.810202983426562717e-02 8.898831053026019788e-02 9.713732744514932960e-02 1.026803500533516322e-01 1.196705855702956678e-01 1.235071849083942686e-01 1.068834601173082738e-01 9.066981044664065847e-02
7.638912493736657594e-02 8.245281477193945607e-02 8.175108173084644214e-02 8.034313605240345213e-02 8.497047097595697429e-02 8.778923043707564933e-02 1.017612245415945860e-01 1.068834601173082738e-01 9.643240711638231821e-02 8.396673813956759269e-02
7.235601536868886685e-02 7.969771392684110722e-02 7.893429205251434322e-02 7.587042380510918005e-02 7.724195563322902580e-02 7.653422771146486947e-02 8.633162580151505783e-02 9.066981044664065847e-02 8.396673813956759269e-02 7.674294415394455893e-02
1.332575482101673037e-01 1.134183056254448180e-01 1.012936392328198099e-01 9.568786811905036216e-02 9.094459107595107006e-02 8.811923110262742664e-02 8.692847854326184176e-02 9.462265705981826036e-02 1.031361880782588336e-01 1.194846946933638132e-01
1.134183056254448180e-01 1.017984802764187735e-01 9.427884998130209304e-02 9.045172480388559422e-02 8.548951810937507889e-02 8.103720824579249693e-02 7.739863126067172971e-02 8.151567024262919292e-02 8.681134550486876988e-02 9.996414312380215439e-02
1.012936392328198099e-01 9.427884998130209304e-02 9.328923977601183415e-02 9.305241357347326936e-02 8.902799358103931360e-02 8.350532992581652381e-02 7.739103588157925095e-02 7.818241523516722413e-02 7.983494923485238981e-02 8.938006052341643248e-02
9.568786811905036216e-02 9.045172480388559422e-02 9.305241357347326936e-02 9.799308546025878308e-02 9.627233872442364504e-02 9.075748127036092905e-02 8.291419243250217064e-02 8.125615358978495462e-02 7.964095927906533756e-02 8.586350250640925608e-02
9.094459107595107006e-02 8.548951810937507889e-02 8.902799358103931360e-02 9.627233872442364504e-02 9.837807676062138018e-02 9.458241200284708827e-02 8.673544038439987003e-02 8.407843067725986885e-02 8.029093635371867266e-02 8.372408490935173697e-02
8.811923110262742664e-02 8.103720824579249693e-02 8.350532992581652381e-02 9.075748127036092905e-02 9.458241200284708827e-02 9.408275214224308403e-02 8.803042666866531252e-02 8.601310301124248658e-02 8.154425619865443564e-02 8.328829715915481158e-02
8.692847854326184176e-02 7.739863126067172971e-02 7.739103588157925095e-02 8.291419243250217064e-02 8.673544038439987003e-02 8.803042666866531252e-02 8.557803330053895263e-02 8.587924088416100388e-02 8.241871097766778620e-02 8.384919629516363049e-02
9.462265705981826036e-02 8.151567024262919292e-02 7.818241523516722413e-02 8.125615358978495462e-02 8.407843067725986885e-02 8.601310301124248658e-02 8.587924088416100388e-02 9.019571649793162171e-02 8.925137564501268994e-02 9.205648734767721275e-02
1.031361880782588336e-01 8.681134550486876988e-02 7.983494923485238981e-02 7.964095927906533756e-02 8.029093635371867266e-02 8.154425619865443564e-02 8.241871097766778620e-02 8.925137564501268994e-02 9.316643254915271677e-02 9.947762274043732422e-02
1.194846946933638132e-01 9.996414312380215439e-02 8.938006052341643248e-02 8.586350250640925608e-02 8.372408490935173697e-02 8.328829715915481158e-02 8.384919629516363049e-02 9.205648734767721275e-02 9.947762274043732422e-02 1.122606350266557029e-01
1.092735344444354939e-01 9.885745421623147455e-02 8.163150973112479059e-02 7.707946238621392332e-02 8.830366414614654325e-02 8.646279413500440603e-02 8.745165852956071628e-02 9.058238923139114163e-02 1.018570063597897535e-01 1.085323641038622444e-01
9.885745421623147455e-02 9.272552341958090194e-02 7.840107404756449516e-02 7.520457691309453963e-02 8.646953299822503214e-02 8.342477681211696305e-02 8.194208958915968899e-02 8.216518882162661408e-02 9.051987980209116880e-02 9.642352084825248082e-02
8.163150973112479059e-02 7.840107404756449516e-02 6.946547868556081362e-02 6.931625272558895878e-02 8.152264167781078652e-02 7.839356791778645528e-02 7.493920587267824396e-02 7.191599159793013452e-02 7.608445729948122571e-02 7.942318750400753635e-02
7.707946238621392332e-02 7.520457691309453963e-02 6.931625272558895878e-02 7.326975174876777797e-02 8.927235556234827674e-02 8.643726076508782830e-02 8.108152968223594770e-02 7.452550796296587843e-02 7.502411583821701202e-02 7.568973973110726394e-02
8.830366414614654325e-02 8.646953299822503214e-02 8.152264167781078652e-02 8.927235556234827674e-02 1.131791906707655393e-01 1.112741689111664822e-01 1.039697213703405509e-01 9.320553130117156804e-02 9.038400739881040369e-02 8.818589930278047939e-02
8.646279413500440603e-02 8.342477681211696305e-02 7.839356791778645528e-02 8.643726076508782830e-02 1.112741689111664822e-01 1.132567654150154618e-01 1.079387369549799497e-01 9.704311211576910345e-02 9.286216865341845317e-02 8.843185067106289210e-02
8.745165852956071628e-02 8.194208958915968899e-02 7.493920587267824396e-02 8.108152968223594770e-02 1.039697213703405509e-01 1.079387369549799497e-01 1.080037794592226680e-01 1.002469516228136209e-01 9.717706918434029784e-02 9.166796222727535692e-02
9.058238923139114163e-02 8.216518882162661408e-02 7.191599159793013452e-02 7.452550796296587843e-02 9.320553130117156804e-02 9.704311211576910345e-02 1.002469516228136209e-01 9.948521997015798146e-02 1.006974653644047701e-01 9.623564713710699992e-02
1.018570063597897535e-01 9.051987980209116880e-02 7.608445729948122571e-02 7.502411583821701202e-02 9.038400739881040369e-02 9.286216865341845317e-02 9.717706918434029784e-02 1.006974653644047701e-01 1.091105372154468067e-01 1.077871872750806315e-01
1.085323641038622444e-01 9.642352084825248082e-02 7.942318750400753635e-02 7.568973973110726394e-02 8.818589930278047939e-02 8.843185067106289210e-02 9.166796222727535692e-02 9.623564713710699992e-02 1.077871872750806315e-01 1.122302189710469439e-01
9.730389904082215047e-02 1.012855056417228949e-01 8.963730918273002390e-02 8.758146317953766080e-02 8.281128987777523764e-02 7.830380457703936536e-02 8.184734977138816148e-02 8.351371312036351413e-02 8.635052918820644574e-02 1.024029898808640204e-01
1.012855056417228949e-01 1.109787391732118683e-01 1.007966226419120259e-01 9.921123303947243510e-02 9.249616307830298145e-02 8.486384371440100494e-02 8.572114600239402749e-02 8.515817796508945436e-02 8.690524984845734990e-02 1.034448506102180754e-01
8.963730918273002390e-02 1.007966226419120259e-01 9.659364376532408869e-02 9.834912387668817702e-02 9.251137490805211305e-02 8.375195044094391195e-02 8.222749412772414890e-02 7.884950314713373709e-02 7.785520088413139250e-02 9.096545945607903416e-02
8.758146317953766080e-02 9.921123303947243510e-02 9.834912387668817702e-02 1.057471767740327806e-01 1.021702500242568645e-01 9.289478666528153128e-02 8.991349667484242747e-02 8.365131124642868898e-02 7.944356489316287129e-02 8.992234027438043842e-02
8.281128987777523764e-02 9.249616307830298145e-02 9.251137490805211305e-02 1.021702500242568645e-01 1.033861043135697599e-01 9.636849879542641606e-02 9.394205951444914438e-02 8.634447000561987218e-02 7.970787248671079572e-02 8.733093555608392733e-02
7.830380457703936536e-02 8.486384371440100494e-02 8.375195044094391195e-02 9.289478666528153128e-02 9.636849879542641606e-02 9.408481804095425449e-02 9.427202922603437896e-02 8.729711956561161945e-02 7.971651933707062099e-02 8.532885891895732045e-02
8.184734977138816148e-02 8.572114600239402749e-02 8.222749412772414890e-02 8.991349667484242747e-02 9.394205951444914438e-02 9.427202922603437896e-02 9.874897042295482930e-02 9.367511785333412777e-02 8.619838926796977163e-02 9.158388603650784165e-02
8.351371312036351413e-02 8.515817796508945436e-02 7.884950314713373709e-02 8.365131124642868898e-02 8.634447000561987218e-02 8.729711956561161945e-02 9.367511785333412777e-02 9.280248674332351733e-02 8.784574449289045406e-02 9.450261740738422067e-02
8.635052918820644574e-02 8.690524984845734990e-02 7.785520088413139250e-02 7.944356489316287129e-02 7.970787248671079572e-02 7.971651933707062099e-02 8.619838926796977163e-02 8.784574449289045406e-02 8.748013524497094684e-02 9.714516141383737480e-02
1.024029898808640204e-01 1.034448506102180754e-01 9.096545945607903416e-02 8.992234027438043842e-02 8.733093555608392733e-02 8.532885891895732045e-02 9.158388603650784165e-02 9.450261740738422067e-02 9.714516141383737480e-02 1.128740264808360122e-01
7.126299458224759353e-02 7.532511538483922797e-02 7.740884028428818286e-02 7.934508298372350277e-02 7.771902759545661066e-02 7.920208443552265165e-02 7.745649231434968696e-02 7.563198123144848628e-02 7.819305110886334842e-02 7.517161711083952813e-02
7.532511538483922797e-02 8.262384681210557802e-02 8.692749228117890858e-02 8.985942948181774304e-02 8.694809328930300230e-02 8.596144183336631994e-02 8.120550822123448476e-02 7.749010040398521260e-02 7.966604506311550371e-02 7.745595939052213330e-02
7.740884028428818286e-02 8.692749228117890858e-02 9.503551347022751172e-02 1.006472764512260920e-01 9.786719612187094741e-02 9.515467307441763389e-02 8.698235887226402063e-02 8.034790770444559527e-02 8.104350065808757497e-02 7.863600706253622008e-02
7.934508298372350277e-02 8.985942948181774304e-02 1.006472764512260920e-01 1.116228894172282826e-01 1.114802642918340941e-01 1.087580701746977963e-01 9.722491723075840642e-02 8.670828634748437014e-02 8.482302838942057388e-02 8.091436432288991176e-02
7.771902759545661066e-02 8.694809328930300230e-02 9.786719612187094741e-02 1.114802642918340941e-01 1.181808825938022167e-01 1.191424556164141224e-01 1.065396589102638319e-01 9.272398707518975103e-02 8.772187603383604926e-02 8.115246783570692624e-02
7.920208443552265165e-02 8.596144183336631994e-02 9.515467307441763389e-02 1.087580701746977963e-01 1.191424556164141224e-01 1.283807781138862902e-01 1.181800072396541890e-01 1.028305822465767211e-01 9.541123307035850876e-02 8.562937999493056007e-02
7.745649231434968696e-02 8.120550822123448476e-02 8.698235887226402063e-02 9.722491723075840642e-02 1.065396589102638319e-01 1.181800072396541890e-01 1.159069108807540133e-01 1.040444297025850395e-01 9.723063904687857806e-02 8.611651915939798341e-02
7.563198123144848628e-02 7.749010040398521260e-02 8.034790770444559527e-02 8.670828634748437014e-02 9.272398707518975103e-02 1.028305822465767211e-01 1.040444297025850395e-01 9.895659037281170911e-02 9.528903483102696415e-02 8.496572768311372315e-02
7.819305110886334842e-02 7.966604506311550371e-02 8.104350065808757497e-02 8.482302838942057388e-02 8.772187603383604926e-02 9.541123307035850876e-02 9.723063904687857806e-02 9.528903483102696415e-02 9.587457464729504109e-02 8.728438695558216054e-02
7.517161711083952813e-02 7.745595939052213330e-02 7.863600706253622008e-02 8.091436432288991176e-02 8.115246783570692624e-02 8.562937999493056007e-02 8.611651915939798341e-02 8.496572768311372315e-02 8.728438695558216054e-02 8.215501910964212451e-02
1.005716146643324260e-01 1.001797792613424720e-01 9.792201650673096336e-02 9.111849990474925332e-02 8.652509410814224200e-02 8.476901054431247584e-02 8.202850572501219073e-02 8.252740275546130433e-02 8.667841011112781269e-02 9.243553028808244865e-02
1.001797792613424720e-01 1.044503092085215662e-01 1.049103577654424274e-01 9.812310955537406620e-02 9.167770265086080950e-02 8.718205630307999943e-02 8.177649203631540131e-02 8.042406522634269750e-02 8.373484214675047665e-02 8.993805163765525301e-02
9.792201650673096336e-02 1.049103577654424274e-01 1.111237402591014889e-01 1.070424174270567380e-01 1.005951634821455748e-01 9.411512122174842121e-02 8.558646014816162495e-02 8.134257325591934262e-02 8.245940347006970594e-02 8.746927668366309694e-02
9.111849990474925332e-02 9.812310955537406620e-02 1.070424174270567380e-01 1.093995040873497610e-01 1.062433779291262481e-01 1.000416882931791929e-01 8.942880197737991532e-02 8.229828658673028763e-02 8.042609165755523759e-02 8.273010865204152853e-02
8.652509410814224200e-02 9.167770265086080950e-02 1.005951634821455748e-01 1.062433779291262481e-01 1.095052804447771283e-01 1.062127030028639785e-01 9.528197249667123836e-02 8.623926118738040048e-02 8.173729252546144131e-02 8.107412478401215816e-02
8.476901054431247584e-02 8.718205630307999943e-02 9.411512122174842121e-02 1.000416882931791929e-01 1.062127030028639785e-01 1.083803325330842393e-01 9.960311401964433431e-02 9.058285334980087367e-02 8.483892348544985751e-02 8.203243946881080828e-02
8.202850572501219073e-02 8.177649203631540131e-02 8.558646014816162495e-02 8.942880197737991532e-02 9.528197249667123836e-02 9.960311401964433431e-02 9.568195977339885583e-02 8.924746817020032252e-02 8.436300715565203667e-02 8.103835206184607787e-02
8.252740275546130433e-02 8.042406522634269750e-02 8.134257325591934262e-02 8.229828658673028763e-02 8.623926118738040048e-02 9.058285334980087367e-02 8.924746817020032252e-02 8.691573878218682159e-02 8.437593895159402335e-02 8.195225377919529430e-02
8.667841011112781269e-02 8.373484214675047665e-02 8.245940347006970594e-02 8.042609165755523759e-02 8.173729252546144131e-02 8.483892348544985751e-02 8.436300715565203667e-02 8.437593895159402335e-02 8.542425524094338085e-02 8.517981744469740879e-02
9.243553028808244865e-02 8.993805163765525301e-02 8.746927668366309694e-02 8.273010865204152853e-02 8.107412478401215816e-02 8.203243946881080828e-02 8.103835206184607787e-02 8.195225377919529430e-02 8.517981744469740879e-02 8.854726500630451247e-02
8.972774647360667877e-02 9.064177708424372981e-02 9.055581585288116631e-02 8.623430643701013310e-02 7.315441023900115525e-02 7.320543318490235762e-02 8.827582101483230637e-02 8.985360835019423620e-02 8.658196170079299203e-02 8.725367744424959715e-02
9.064177708424372981e-02 9.548853101612675420e-02 9.736095077883749616e-02 9.289792651948866609e-02 7.739378273112532125e-02 7.480652634660839295e-02 8.705523625918580588e-02 8.664819067998369428e-02 8.329759444395146151e-02 8.540594305975235390e-02
9.055581585288116631e-02 9.736095077883749616e-02 1.023870316420113225e-01 9.915547420185780170e-02 8.267288316962385919e-02 7.901916180883823693e-02 9.021877452466645075e-02 8.777248799016557079e-02 8.289453405705612954e-02 8.456443972270606679e-02
8.623430643701013310e-02 9.289792651948866609e-02 9.915547420185780170e-02 9.893505977505628879e-02 8.418086722037285141e-02 8.159220604094043205e-02 9.332343165432364918e-02 8.927914673827679060e-02 8.197597316614106677e-02 8.153289942106636823e-02
7.315441023900115525e-02 7.739378273112532125e-02 8.267288316962385919e-02 8.418086722037285141e-02 7.521729495094534035e-02 7.628806352560923987e-02 8.960159641969199507e-02 8.513710292225482035e-02 7.548942876530786994e-02 7.173292223477517604e-02
7.320543318490235762e-02 7.480652634660839295e-02 7.901916180883823693e-02 8.159220604094043205e-02 7.628806352560923987e-02 8.323926138588699786e-02 1.022655640143779188e-01 9.758602386307749232e-02 8.388245887816164759e-02 7.562347817147166418e-02
8.827582101483230637e-02 8.705523625918580588e-02 9.021877452466645075e-02 9.332343165432364918e-02 8.960159641969199507e-02 1.022655640143779188e-01 1.324519690246729331e-01 1.284401928204977894e-01 1.090802791079828471e-01 9.510915277791263944e-02
8.985360835019423620e-02 8.664819067998369428e-02 8.777248799016557079e-02 8.927914673827679060e-02 8.513710292225482035e-02 9.758602386307749232e-02 1.284401928204977894e-01 1.298889894738333717e-01 1.124260175462708511e-01 9.815429522850768751e-02
8.658196170079299203e-02 8.329759444395146151e-02 8.289453405705612954e-02 8.197597316614106677e-02 7.548942876530786994e-02 8.388245887816164759e-02 1.090802791079828471e-01 1.124260175462708511e-01 1.027425461811520835e-01 9.300231187353900919e-02
8.725367744424959715e-02 8.540594305975235390e-02 8.456443972270606679e-02 8.153289942106636823e-02 7.173292223477517604e-02 7.562347817147166418e-02 9.510915277791263944e-02 9.815429522850768751e-02 9.300231187353900919e-02 8.992157007670829871e-02
8.505231489964487634e-02 8.479397050789939938e-02 8.217900813463988041e-02 7.755781284636205364e-02 8.008163859432934628e-02 8.290649494122739882e-02 7.996356024143860819e-02 8.533127223203454403e-02 9.048454762296846698e-02 8.740336283702954123e-02
8.479397050789939938e-02 8.795076825135302034e-02 8.723971564875382390e-02 8.302564252603272799e-02 8.513057498223162989e-02 8.609058821459890376e-02 8.016720065062465927e-02 8.296430006564471660e-02 8.698542024638782066e-02 8.486720285505666705e-02
8.217900813463988041e-02 8.723971564875382390e-02 8.987879925297287409e-02 8.766266941522543599e-02 9.083362460296642849e-02 9.104793812208739068e-02 8.231998897945572158e-02 8.215096865248684710e-02 8.401267984162191782e-02 8.144794054660252358e-02
7.755781284636205364e-02 8.302564252603272799e-02 8.766266941522543599e-02 8.941028547770990542e-02 9.544664696997481879e-02 9.647497273448145394e-02 8.571301506281438221e-02 8.265300034889744296e-02 8.166421020192596303e-02 7.742052049202571840e-02
8.008163859432934628e-02 8.513057498223162989e-02 9.083362460296642849e-02 9.544664696997481879e-02 1.070057538792059809e-01 1.109727875830862492e-01 9.857422782617986101e-02 9.307320537993989118e-02 8.900624328970463406e-02 8.173660525205182770e-02
8.290649494122739882e-02 8.609058821459890376e-02 9.104793812208739068e-02 9.647497273448145394e-02 1.109727875830862492e-01 1.208061858644771946e-01 1.099123769985027310e-01 1.041668038668782936e-01 9.798923831286482367e-02 8.736056020142982104e-02
7.996356024143860819e-02 8.016720065062465927e-02 8.231998897945572158e-02 8.571301506281438221e-02 9.857422782617986101e-02 1.099123769985027310e-01 1.060995385590921686e-01 1.043174221223376469e-01 9.904503840579094442e-02 8.692772297480216848e-02
8.533127223203454403e-02 8.296430006564471660e-02 8.215096865248684710e-02 8.265300034889744296e-02 9.307320537993989118e-02 1.041668038668782936e-01 1.043174221223376469e-01 1.094238167163567865e-01 1.072177404087753666e-01 9.439136968800591887e-02
9.048454762296846698e-02 8.698542024638782066e-02 8.401267984162191782e-02 8.166421020192596303e-02 8.900624328970463406e-02 9.798923831286482367e-02 9.904503840579094442e-02 1.072177404087753666e-01 1.105792977588285902e-01 9.963745258138739791e-02
8.740336283702954123e-02 8.486720285505666705e-02 8.144794054660252358e-02 7.742052049202571840e-02 8.173660525205182770e-02 8.736056020142982104e-02 8.692772297480216848e-02 9.439136968800591887e-02 9.963745258138739791e-02 9.379323934035871391e-02
