4.617947375540675248e-01 2.477094395954207995e-01 7.240147274554083407e-05 -5.681265047594317996e-02 2.900413325411660848e-03 3.106478382237433042e-02 8.998876277441906525e-04 -3.190000503007398014e-02 -3.906031408251849774e-03 6.060911480215244729e-02 -2.256896220620932102e-03 -2.527195393274167534e-01
2.477094395954207995e-01 5.155149646409131758e-01 2.502502709422224081e-01 -6.082328261791693919e-03 -5.827699347577381533e-02 -5.828486056442035851e-04 3.149035954524642689e-02 -1.065333880509069641e-03 -3.149025003031674652e-02 6.420095787315575377e-03 5.651937266999577936e-02 -1.442664545240495040e-02
7.240147274554083407e-05 2.502502709422224081e-01 4.984359598134727176e-01 2.456294457861952774e-01 -4.929724270326340217e-03 -5.611826781487141286e-02 -1.216369199087757912e-03 3.083509075727750015e-02 2.974399874079051292e-03 -3.234657764037125044e-02 5.904420131250671640e-04 5.910535945755104881e-02
-5.681265047594317996e-02 -6.082328261791693919e-03 2.456294457861952774e-01 5.146851151098421617e-01 2.517382718224777105e-01 6.749974758644642497e-03 -5.840396020277402456e-02 -1.219734691613248972e-03 3.180151049386802792e-02 -2.795565560200408486e-03 -3.072437543947337257e-02 4.623646771552700555e-03
2.900413325411660848e-03 -5.827699347577381533e-02 -4.929724270326340217e-03 2.517382718224777105e-01 4.881243584683604420e-01 2.444459941381079693e-01 6.837895260037164628e-03 -5.598275109333195054e-02 -6.050448317010573111e-03 3.181971811547214257e-02 1.343019886830563829e-03 -3.222615910911919013e-02
3.106478382237433042e-02 -5.828486056442035851e-04 -5.611826781487141286e-02 6.749974758644642497e-03 2.444459941381079693e-01 4.836891505079471409e-01 2.528520813666987888e-01 -3.129378249965400309e-03 -6.043986360793215246e-02 6.323384787280459177e-03 3.155297588048858182e-02 -5.895717826388356154e-03
8.998876277441906525e-04 3.149035954524642689e-02 -1.216369199087757912e-03 -5.840396020277402456e-02 6.837895260037164628e-03 2.528520813666987888e-01 5.199174761081035712e-01 2.448994329109835943e-01 4.477113499213688196e-03 -5.623327390175536511e-02 1.795072090940642373e-03 3.081895150057779864e-02
-3.190000503007398014e-02 -1.065333880509069641e-03 3.083509075727750015e-02 -1.219734691613248972e-03 -5.598275109333195054e-02 -3.129378249965400309e-03 2.448994329109835943e-01 4.772594006141673839e-01 2.537922848999032976e-01 -8.295024683966780582e-03 -5.851817131116437976e-02 5.565730437252090074e-03
-3.906031408251849774e-03 -3.149025003031674652e-02 2.974399874079051292e-03 3.180151049386802792e-02 -6.050448317010573111e-03 -6.043986360793215246e-02 4.477113499213688196e-03 2.537922848999032976e-01 5.198171804144855468e-01 2.440317635324621426e-01 -9.241573050725256783e-03 -5.580345605402800557e-02
6.060911480215244729e-02 6.420095787315575377e-03 -3.234657764037125044e-02 -2.795565560200408486e-03 3.181971811547214257e-02 6.323384787280459177e-03 -5.623327390175536511e-02 -8.295024683966780582e-03 2.440317635324621426e-01 5.128869127441914033e-01 2.522895465430794459e-01 -2.897518512153935549e-03
-2.256896220620932102e-03 5.651937266999577936e-02 5.904420131250671640e-04 -3.072437543947337257e-02 1.343019886830563829e-03 3.155297588048858182e-02 1.795072090940642373e-03 -5.851817131116437976e-02 -9.241573050725256783e-03 2.522895465430794459e-01 4.941078677900936911e-01 2.456021142207493457e-01
-2.527195393274167534e-01 -1.442664545240495040e-02 5.910535945755104881e-02 4.623646771552700555e-03 -3.222615910911919013e-02 -5.895717826388356154e-03 3.081895150057779864e-02 5.565730437252090074e-03 -5.580345605402800557e-02 -2.897518512153935549e-03 2.456021142207493457e-01 5.137668762343354789e-01
4.545250559358640641e-01 2.443028572532172094e-01 9.828715297716558025e-03 -6.004243351445519294e-02 -6.544258412730828527e-03 3.998961210881547823e-02 -9.400255910724766156e-03 -3.608487816385105851e-02 4.946176013662229379e-03 6.287982899517928492e-02 8.589788888177433621e-03 -2.584590209582942610e-01
2.443028572532172094e-01 4.969732283260421823e-01 2.575630834823560145e-01 -5.824499320105422547e-03 -6.528927093832700979e-02 1.024633611386636250e-02 3.277283625065421924e-02 -9.326290974616272336e-03 -3.223297464751107705e-02 8.992968373934538337e-03 5.919296804878809021e-02 -1.610836989103868466e-02
9.828715297716558025e-03 2.575630834823560145e-01 5.090374373929785756e-01 2.439111996340965760e-01 2.088394379666776244e-03 -5.937828576526676949e-02 1.500648463455784946e-02 3.326470960811706012e-02 -8.183425820602621692e-03 -3.509911195844645643e-02 3.788723866831678402e-04 6.204518774239870665e-02
-6.004243351445519294e-02 -5.824499320105422547e-03 2.439111996340965760e-01 4.974764280970248032e-01 2.583292489260275993e-01 -1.377064360981119021e-02 -6.191068506465791793e-02 7.841481230691983717e-03 3.575508810002146071e-02 -4.484648084982961573e-03 -3.559815828697771023e-02 5.309083661334379652e-03
-6.544258412730828527e-03 -6.528927093832700979e-02 2.088394379666776244e-03 2.583292489260275993e-01 4.990832236898468111e-01 2.425572591012574164e-01 -3.083474847110081671e-02 -5.900131022076296472e-02 1.214361962578214965e-02 3.608334681105922898e-02 -2.151742550111034307e-03 -3.570489817497348589e-02
3.998961210881547823e-02 1.024633611386636250e-02 -5.937828576526676949e-02 -1.377064360981119021e-02 2.425572591012574164e-01 5.731308273662785169e-01 2.652570759159341707e-01 -5.226019495919592001e-03 -7.123085083004056239e-02 -1.283320464872387883e-03 4.102230802879870686e-02 1.175918633727008993e-03
-9.400255910724766156e-03 3.277283625065421924e-02 1.500648463455784946e-02 -6.191068506465791793e-02 -3.083474847110081671e-02 2.652570759159341707e-01 4.744701923259198595e-01 2.462669176248387382e-01 1.281371156847468766e-02 -5.905939665318889892e-02 -1.512622022709829428e-02 3.316334002192835445e-02
-3.608487816385105851e-02 -9.326290974616272336e-03 3.326470960811706012e-02 7.841481230691983717e-03 -5.900131022076296472e-02 -5.226019495919592001e-03 2.462669176248387382e-01 4.978247469710579409e-01 2.565371756381412682e-01 6.525999376099688061e-03 -6.204788042989394653e-02 -3.408578650835920962e-03
4.946176013662229379e-03 -3.223297464751107705e-02 -8.183425820602621692e-03 3.575508810002146071e-02 1.214361962578214965e-02 -7.123085083004056239e-02 1.281371156847468766e-02 2.565371756381412682e-01 4.887270734000515038e-01 2.450939810865510327e-01 1.713569784972646115e-02 -5.729012753928774959e-02
6.287982899517928492e-02 8.992968373934538337e-03 -3.509911195844645643e-02 -4.484648084982961573e-03 3.608334681105922898e-02 -1.283320464872387883e-03 -5.905939665318889892e-02 6.525999376099688061e-03 2.450939810865510327e-01 4.812526032729172454e-01 2.539154891705677763e-01 2.944703319703156214e-04
8.589788888177433621e-03 5.919296804878809021e-02 3.788723866831678402e-04 -3.559815828697771023e-02 -2.151742550111034307e-03 4.102230802879870686e-02 -1.512622022709829428e-02 -6.204788042989394653e-02 1.713569784972646115e-02 2.539154891705677763e-01 4.889151521015209778e-01 2.457003457200181984e-01
-2.584590209582942610e-01 -1.610836989103868466e-02 6.204518774239870665e-02 5.309083661334379652e-03 -3.570489817497348589e-02 1.175918633727008993e-03 3.316334002192835445e-02 -3.408578650835920962e-03 -5.729012753928774959e-02 2.944703319703156214e-04 2.457003457200181984e-01 5.385840311205066788e-01
4.971996581007709359e-01 2.481837826379518774e-01 1.226839611679626275e-02 -5.745472113919632140e-02 -3.694326404514462238e-03 3.192946157742254654e-02 5.188722640204793471e-03 -3.224390038380470225e-02 -8.324152295081946318e-03 5.692530983005677364e-02 1.592370220555551844e-02 -2.526554282588716616e-01
2.481837826379518774e-01 4.734457824770297307e-01 2.497125290345263982e-01 3.049554706378528914e-05 -5.778233187022671635e-02 1.077323686691922114e-03 3.180495071520748895e-02 -2.548624747408305370e-04 -3.242069202688867974e-02 -7.243672095817049218e-03 5.929266441094797890e-02 -3.740637038092841163e-03
1.226839611679626275e-02 2.497125290345263982e-01 5.115936560942988542e-01 2.476866812326235234e-01 -4.762442644065842737e-03 -5.749288553636385662e-02 -1.378202189866867267e-03 3.151820953429529393e-02 2.256210499360917013e-03 -3.138847099669646312e-02 -1.640299152289317886e-03 5.907397985126285750e-02
-5.745472113919632140e-02 3.049554706378528914e-05 2.476866812326235234e-01 4.974523592000221761e-01 2.482887692006012503e-01 -1.500409327033665413e-03 -5.762853404110097888e-02 1.013962641681182561e-03 3.178571260765616219e-02 5.146965091306255832e-03 -3.264790779383672237e-02 1.773409206324681612e-03
-3.694326404514462238e-03 -5.778233187022671635e-02 -4.762442644065842737e-03 2.482887692006012503e-01 5.132514293242042003e-01 2.491098001293730047e-01 6.539200702638981941e-03 -5.761271309051570200e-02 -4.731947510578003724e-03 3.076081225096844590e-02 3.373837708154874340e-03 -3.223711673356724483e-02
3.192946157742254654e-02 1.077323686691922114e-03 -5.749288553636385662e-02 -1.500409327033665413e-03 2.491098001293730047e-01 4.785575975627658907e-01 2.484591712753889403e-01 -8.659544227107373411e-04 -5.753675458676254378e-02 -6.975869344348557474e-03 3.328326847773924180e-02 -6.893987105272237834e-04
5.188722640204793471e-03 3.180495071520748895e-02 -1.378202189866867267e-03 -5.762853404110097888e-02 6.539200702638981941e-03 2.484591712753889403e-01 5.109380530296763201e-01 2.483178572579649301e-01 3.211594651494386558e-03 -5.746303130532975922e-02 -1.621855012626956076e-03 3.241636155039991085e-02
-3.224390038380470225e-02 -2.548624747408305370e-04 3.151820953429529393e-02 1.013962641681182561e-03 -5.761271309051570200e-02 -8.659544227107373411e-04 2.483178572579649301e-01 4.967265886073931602e-01 2.482681280549306480e-01 1.518357895583821900e-02 -6.049085978021285365e-02 9.870553877017610236e-04
-8.324152295081946318e-03 -3.242069202688867974e-02 2.256210499360917013e-03 3.178571260765616219e-02 -4.731947510578003724e-03 -5.753675458676254378e-02 3.211594651494386558e-03 2.482681280549306480e-01 4.758908900246507367e-01 2.501090826894029617e-01 1.297004099939142070e-04 -5.954150712652946792e-02
5.692530983005677364e-02 -7.243672095817049218e-03 -3.138847099669646312e-02 5.146965091306255832e-03 3.076081225096844590e-02 -6.975869344348557474e-03 -5.746303130532975922e-02 1.518357895583821900e-02 2.501090826894029617e-01 4.979013529545567307e-01 2.529114379812625879e-01 -1.776304323496560866e-02
1.592370220555551844e-02 5.929266441094797890e-02 -1.640299152289317886e-03 -3.264790779383672237e-02 3.373837708154874340e-03 3.328326847773924180e-02 -1.621855012626956076e-03 -6.049085978021285365e-02 1.297004099939142070e-04 2.529114379812625879e-01 5.273536427972758123e-01 2.457548012924976599e-01
-2.526554282588716616e-01 -3.740637038092841163e-03 5.907397985126285750e-02 1.773409206324681612e-03 -3.223711673356724483e-02 -6.893987105272237834e-04 3.241636155039991085e-02 9.870553877017610236e-04 -5.954150712652946792e-02 -1.776304323496560866e-02 2.457548012924976599e-01 5.196889898273706621e-01
4.581276543350397135e-01 2.438481031065078408e-01 1.067673939906249592e-02 -6.126386019136013245e-02 8.966015749248237160e-03 3.650497435270105839e-02 -5.215890112817733390e-03 -3.716568809697129439e-02 -1.029115866672685939e-02 6.134595562674673153e-02 5.104185153492727875e-03 -2.576526002389606385e-01
2.438481031065078408e-01 4.875928373564781260e-01 2.604479449861441531e-01 -1.879713172212093414e-02 -6.059215866988962307e-02 4.136048930730732744e-03 3.280605198503870612e-02 -6.924001538018790917e-03 -3.538279297269571189e-02 2.752540996436184367e-03 5.954050754133508039e-02 -2.146666291435585586e-02
1.067673939906249592e-02 2.604479449861441531e-01 5.216590618097836085e-01 2.411773767177655126e-01 -2.527230153255471956e-02 -6.202713997035749077e-02 1.082050490020447508e-02 3.790804281935870879e-02 4.480397461583456031e-03 -3.482835454957451671e-02 1.981411401642624304e-03 6.200501042513149180e-02
-6.126386019136013245e-02 -1.879713172212093414e-02 2.411773767177655126e-01 5.503672158378867252e-01 2.634411144071351352e-01 1.005134015384124939e-02 -6.322982873923184421e-02 -1.291808686135734359e-04 3.684206504213728695e-02 4.486311326914533409e-03 -3.578061941020725667e-02 2.380520286459361992e-03
8.966015749248237160e-03 -6.059215866988962307e-02 -2.527230153255471956e-02 2.634411144071351352e-01 4.716465735375238166e-01 2.455559939547083681e-01 4.235999059741151103e-03 -6.287530333705845798e-02 -1.845649581510037940e-02 3.256324464027410964e-02 9.842146767521368911e-03 -3.500936713282731122e-02
3.650497435270105839e-02 4.136048930730732744e-03 -6.202713997035749077e-02 1.005134015384124939e-02 2.455559939547083681e-01 4.807433008765267246e-01 2.512383454129234472e-01 -8.242098730706423973e-03 -6.493204619539490186e-02 -9.369124153822566171e-04 3.825757537071319825e-02 -5.694424758152594537e-03
-5.215890112817733390e-03 3.280605198503870612e-02 1.082050490020447508e-02 -6.322982873923184421e-02 4.235999059741151103e-03 2.512383454129234472e-01 5.513480355107107655e-01 2.606187984286812975e-01 2.944560437652975898e-02 -5.989425909551178429e-02 -1.006753965510398183e-02 3.408533156080285897e-02
-3.716568809697129439e-02 -6.924001538018790917e-03 3.790804281935870879e-02 -1.291808686135734359e-04 -6.287530333705845798e-02 -8.242098730706423973e-03 2.606187984286812975e-01 4.231925950287866445e-01 2.492618973645037428e-01 1.315211572889438824e-02 -6.570922080044347413e-02 3.015389380912319745e-03
-1.029115866672685939e-02 -3.538279297269571189e-02 4.480397461583456031e-03 3.684206504213728695e-02 -1.845649581510037940e-02 -6.493204619539490186e-02 2.944560437652975898e-02 2.492618973645037428e-01 5.015965414576470938e-01 2.540848530293703389e-01 -1.475612709860463743e-02 -5.819514611548373684e-02
6.134595562674673153e-02 2.752540996436184367e-03 -3.482835454957451671e-02 4.486311326914533409e-03 3.256324464027410964e-02 -9.369124153822566171e-04 -5.989425909551178429e-02 1.315211572889438824e-02 2.540848530293703389e-01 5.147634019100364444e-01 2.507282906525419852e-01 -1.714802388772518685e-02
5.104185153492727875e-03 5.954050754133508039e-02 1.981411401642624304e-03 -3.578061941020725667e-02 9.842146767521368911e-03 3.825757537071319825e-02 -1.006753965510398183e-02 -6.570922080044347413e-02 -1.475612709860463743e-02 2.507282906525419852e-01 5.211545280816149983e-01 2.463710208512791267e-01
-2.576526002389606385e-01 -2.146666291435585586e-02 6.200501042513149180e-02 2.380520286459361992e-03 -3.500936713282731122e-02 -5.694424758152594537e-03 3.408533156080285897e-02 3.015389380912319745e-03 -5.819514611548373684e-02 -1.714802388772518685e-02 2.463710208512791267e-01 5.178082542579534042e-01
4.903449624266986717e-01 2.645611093395345281e-01 -1.264151246240645312e-03 -6.998202989215507319e-02 3.810890333678220408e-03 3.966676196887508610e-02 -1.092421480211469911e-02 -3.392606550767425511e-02 -2.959510307359604613e-03 5.375644392071975142e-02 1.451409925196903671e-02 -2.343564274546612869e-01
2.645611093395345281e-01 5.194407681840076396e-01 2.370096945240347808e-01 2.176239812303030347e-02 -5.487326132431731562e-02 9.711576340599903292e-04 3.217075140174982528e-02 -8.267895870747124509e-03 -3.937082265891974492e-02 2.399068175115304929e-03 6.874574128899832437e-02 5.595772949666994941e-03
-1.264151246240645312e-03 2.370096945240347808e-01 4.543337740405019032e-01 2.695538706881844826e-01 -3.742936572701373830e-03 -7.282050257983689601e-02 1.362076293191741110e-02 4.178447362533065784e-02 4.450505036259736966e-03 -3.407996766932688826e-02 -9.822401296261100423e-03 5.389780734252978822e-02
-6.998202989215507319e-02 2.176239812303030347e-02 2.695538706881844826e-01 5.035069487028449586e-01 2.333529784680371533e-01 -2.851801011401455116e-02 -4.690169836086775790e-02 2.418666517250905867e-02 3.884162124805620731e-02 -1.290283939943908526e-02 -4.255933537561853303e-02 9.379986098758811772e-03
3.810890333678220408e-03 -5.487326132431731562e-02 -3.742936572701373830e-03 2.333529784680371533e-01 5.715338372136355982e-01 2.785472447123755746e-01 -3.452305384709340036e-02 -8.663914145999083993e-02 -8.233759665679817041e-03 4.444224557417240928e-02 1.132792903163499371e-02 -3.407870442302676772e-02
3.966676196887508610e-02 9.711576340599903292e-04 -7.282050257983689601e-02 -2.851801011401455116e-02 2.785472447123755746e-01 4.735296677200689364e-01 2.295459317579645331e-01 -4.969163453525950701e-03 -5.859231961028960045e-02 -4.815075099607875157e-05 3.597672847732510948e-02 2.167354050979476525e-03
-1.092421480211469911e-02 3.217075140174982528e-02 1.362076293191741110e-02 -4.690169836086775790e-02 -3.452305384709340036e-02 2.295459317579645331e-01 6.081041534017291861e-01 3.017534301933421648e-01 2.497983141073138041e-02 -7.822115488996445043e-02 -2.144212641271691505e-02 3.788520361824823657e-02
-3.392606550767425511e-02 -8.267895870747124509e-03 4.178447362533065784e-02 2.418666517250905867e-02 -8.663914145999083993e-02 -4.969163453525950701e-03 3.017534301933421648e-01 3.714616473610380942e-01 2.234126482525882196e-01 2.556836111356484628e-02 -4.876119589103425356e-02 -1.219893383021915245e-02
-2.959510307359604613e-03 -3.937082265891974492e-02 4.450505036259736966e-03 3.884162124805620731e-02 -8.233759665679817041e-03 -5.859231961028960045e-02 2.497983141073138041e-02 2.234126482525882196e-01 5.211205728854455543e-01 2.762914833288212524e-01 1.306106030977942541e-02 -7.147839049858061011e-02
5.375644392071975142e-02 2.399068175115304929e-03 -3.407996766932688826e-02 -1.290283939943908526e-02 4.444224557417240928e-02 -4.815075099607875157e-05 -7.822115488996445043e-02 2.556836111356484628e-02 2.762914833288212524e-01 4.666960551708971838e-01 2.302743162202006699e-01 6.361505428547921046e-03
1.451409925196903671e-02 6.874574128899832437e-02 -9.822401296261100423e-03 -4.255933537561853303e-02 1.132792903163499371e-02 3.597672847732510948e-02 -2.144212641271691505e-02 -4.876119589103425356e-02 1.306106030977942541e-02 2.302743162202006699e-01 4.824690217479991050e-01 2.708434260851660946e-01
-2.343564274546612869e-01 5.595772949666994941e-03 5.389780734252978822e-02 9.379986098758811772e-03 -3.407870442302676772e-02 2.167354050979476525e-03 3.788520361824823657e-02 -1.219893383021915245e-02 -7.147839049858061011e-02 6.361505428547921046e-03 2.708434260851660946e-01 5.374585911450968645e-01
5.014960039431457517e-01 2.506568449269482857e-01 4.070857394749776044e-03 -5.829833733878363872e-02 -3.263528003213602043e-03 3.152092656661209524e-02 -5.527380362887017451e-04 -3.121416457966296604e-02 -4.844070318303474523e-03 5.524656145179401845e-02 6.125072299706251638e-03 -2.457309614760389005e-01
2.506568449269482857e-01 4.941963607532767200e-01 2.455275000081686421e-01 -6.950863969317092137e-04 -5.587248297001876085e-02 -3.283802467097116790e-03 3.099320982970295638e-02 3.453290619499995058e-04 -3.186067051108816550e-02 -5.926489772587542615e-03 5.834221145568590366e-02 2.218770315081266750e-03
4.070857394749776044e-03 2.455275000081686421e-01 4.984366172018790397e-01 2.505462211437364806e-01 2.906309246507574051e-03 -5.889092839717515598e-02 3.491124400637914300e-03 3.158167943887844886e-02 1.476796831088130878e-03 -3.055706894926304290e-02 -6.578413161707124873e-04 5.619066780609975609e-02
-5.829833733878363872e-02 -6.950863969317092137e-04 2.505462211437364806e-01 5.071049972680269358e-01 2.453819401137223855e-01 7.319632831374893803e-03 -5.686667055263912307e-02 -1.103153816123645607e-03 3.124811447034095413e-02 5.378609231052744986e-03 -3.163235058790715010e-02 -1.759922439934332589e-03
-3.263528003213602043e-03 -5.587248297001876085e-02 2.906309246507574051e-03 2.453819401137223855e-01 4.712629146544363712e-01 2.539260681739433645e-01 -1.011034315308257867e-02 -5.902508358511449060e-02 2.440995849601790453e-04 3.196789844692123767e-02 -7.485021461291910608e-04 -3.113642662299056368e-02
3.152092656661209524e-02 -3.283802467097116790e-03 -5.889092839717515598e-02 7.319632831374893803e-03 2.539260681739433645e-01 5.316322722024536818e-01 2.451614602149612132e-01 -5.646626691915982051e-03 -5.691275657343136674e-02 -4.169425557369311336e-03 3.132557963691254277e-02 -7.074613779494060874e-04
-5.527380362887017451e-04 3.099320982970295638e-02 3.491124400637914300e-03 -5.686667055263912307e-02 -1.011034315308257867e-02 2.451614602149612132e-01 4.978655816518283705e-01 2.524711178871428263e-01 1.039001266703435192e-02 -5.866226034962961772e-02 -3.338469299893668217e-03 3.187215409297385060e-02
-3.121416457966296604e-02 3.453290619499995058e-04 3.158167943887844886e-02 -1.103153816123645607e-03 -5.902508358511449060e-02 -5.646626691915982051e-03 2.524711178871428263e-01 4.955009637529804167e-01 2.441127921918156141e-01 1.317551786395721944e-02 -5.707394713835688832e-02 -1.866196706859008913e-03
-4.844070318303474523e-03 -3.186067051108816550e-02 1.476796831088130878e-03 3.124811447034095413e-02 2.440995849601790453e-04 -5.691275657343136674e-02 1.039001266703435192e-02 2.441127921918156141e-01 4.683287785813586845e-01 2.554914244444900784e-01 -3.375933540525205123e-03 -6.019094038355048137e-02
5.524656145179401845e-02 -5.926489772587542615e-03 -3.055706894926304290e-02 5.378609231052744986e-03 3.196789844692123767e-02 -4.169425557369311336e-03 -5.866226034962961772e-02 1.317551786395721944e-02 2.554914244444900784e-01 5.183088947482170639e-01 2.449815056178994699e-01 -9.666019736869153889e-03
6.125072299706251638e-03 5.834221145568590366e-02 -6.578413161707124873e-04 -3.163235058790715010e-02 -7.485021461291910608e-04 3.132557963691254277e-02 -3.338469299893668217e-03 -5.707394713835688832e-02 -3.375933540525205123e-03 2.449815056178994699e-01 5.052884594585365097e-01 2.507926748668958261e-01
-2.457309614760389005e-01 2.218770315081266750e-03 5.619066780609975609e-02 -1.759922439934332589e-03 -3.113642662299056368e-02 -7.074613779494060874e-04 3.187215409297385060e-02 -1.866196706859008913e-03 -6.019094038355048137e-02 -9.666019736869153889e-03 2.507926748668958261e-01 5.105781557838779960e-01
5.095676978881791275e-01 2.508130582692805755e-01 1.125537108522721430e-02 -6.209020575100179795e-02 -5.561346645069249750e-03 3.497275482121363355e-02 8.786475441130318226e-03 -3.143924440669230297e-02 -3.945558013499930392e-03 5.699735900109294262e-02 8.932168172644567791e-03 -2.469855076721018394e-01
2.508130582692805755e-01 4.537404848355232057e-01 2.525287141053016438e-01 -1.064829451489488280e-02 -5.895570131645357786e-02 7.685815518134192156e-03 3.322985359418783452e-02 2.555928215440063421e-04 -3.393059134186363068e-02 4.421351093133182170e-03 5.969447393249560641e-02 -4.402707284711123228e-03
1.125537108522721430e-02 2.525287141053016438e-01 5.517176122807003757e-01 2.537022832921767002e-01 -2.586037033985669545e-03 -6.240633317288450665e-02 -6.326817899053181066e-03 3.256436934502190961e-02 -5.041473585600622122e-04 -3.154234363103029098e-02 1.492041376722392588e-03 5.780807855195736061e-02
-6.209020575100179795e-02 -1.064829451489488280e-02 2.537022832921767002e-01 4.685192459462163561e-01 2.465308733583520540e-01 -1.800095871089732067e-03 -5.714772719262296158e-02 -5.195910335544139114e-03 3.362318172143119455e-02 -3.713799047879752513e-06 -3.369122135319504996e-02 -3.368548780162775817e-03
-5.561346645069249750e-03 -5.895570131645357786e-02 -2.586037033985669545e-03 2.465308733583520540e-01 5.323888735675295081e-01 2.564194044722672983e-01 1.332045170259271022e-02 -6.007184089596079302e-02 -3.380399786336819520e-04 3.218073677066379812e-02 -4.745725333550276058e-04 -3.169068314247692336e-02
3.497275482121363355e-02 7.685815518134192156e-03 -6.240633317288450665e-02 -1.800095871089732067e-03 2.564194044722672983e-01 4.644972205604520621e-01 2.430657469780269642e-01 1.295328446924439922e-02 -5.944553905060740578e-02 -1.032380850538415365e-04 3.327574358056975545e-02 3.016267416990166348e-03
8.786475441130318226e-03 3.322985359418783452e-02 -6.326817899053181066e-03 -5.714772719262296158e-02 1.332045170259271022e-02 2.430657469780269642e-01 4.847223076988987911e-01 2.576894879895761381e-01 -1.286084294518345314e-02 -5.968209959309602602e-02 5.973175505918823167e-03 3.260335798541612318e-02
-3.143924440669230297e-02 2.555928215440063421e-04 3.256436934502190961e-02 -5.195910335544139114e-03 -6.007184089596079302e-02 1.295328446924439922e-02 2.576894879895761381e-01 5.186029856971809959e-01 2.434555225243235088e-01 -1.271192050168816652e-02 -5.640728865063728004e-02 3.206618663490918945e-03
-3.945558013499930392e-03 -3.393059134186363068e-02 -5.041473585600622122e-04 3.362318172143119455e-02 -3.380399786336819520e-04 -5.944553905060740578e-02 -1.286084294518345314e-02 2.434555225243235088e-01 5.229626125244231094e-01 2.535279399770464792e-01 2.029594676204102711e-03 -5.957126771469246906e-02
5.699735900109294262e-02 4.421351093133182170e-03 -3.154234363103029098e-02 -3.713799047879752513e-06 3.218073677066379812e-02 -1.032380850538415365e-04 -5.968209959309602602e-02 -1.271192050168816652e-02 2.535279399770464792e-01 4.884352000151445661e-01 2.452547795008093445e-01 4.783432125970694601e-03
8.932168172644567791e-03 5.969447393249560641e-02 1.492041376722392588e-03 -3.369122135319504996e-02 -4.745725333550276058e-04 3.327574358056975545e-02 5.973175505918823167e-03 -5.640728865063728004e-02 2.029594676204102711e-03 2.452547795008093445e-01 4.950262567636293243e-01 2.508759204245741281e-01
-2.469855076721018394e-01 -4.402707284711123228e-03 5.780807855195736061e-02 -3.368548780162775817e-03 -3.169068314247692336e-02 3.016267416990166348e-03 3.260335798541612318e-02 3.206618663490918945e-03 -5.957126771469246906e-02 4.783432125970694601e-03 2.508759204245741281e-01 5.098195022221660988e-01
5.056700131314808555e-01 2.485674627412020610e-01 1.428217949828046365e-03 -5.812064960427137938e-02 5.933694283921286863e-04 3.217988119796419411e-02 2.989600019665339913e-03 -3.287626924528891381e-02 4.494253585252709279e-03 5.717298067960452368e-02 2.421502224930008502e-03 -2.471751566789222032e-01
2.485674627412020610e-01 4.831253809453439629e-01 2.499494414988134017e-01 -1.283811443614742143e-02 -5.816941304724904810e-02 -7.720005741774624199e-04 3.192871233373527351e-02 -1.926420582446276841e-03 -3.154909283257778529e-02 6.922947650633018424e-03 5.829885734024238542e-02 -3.327666779924553283e-04
1.428217949828046365e-03 2.499494414988134017e-01 5.321878841097305024e-01 2.488965775198327124e-01 -2.689471229586697012e-03 -5.849256465262882287e-02 -4.244804158238392466e-03 3.298106464410704985e-02 -3.429905653411560989e-03 -3.217674572910853015e-02 -4.196121018734475915e-04 5.781294357454686006e-02
-5.812064960427137938e-02 -1.283811443614742143e-02 2.488965775198327124e-01 4.959951061924879889e-01 2.502022298461679117e-01 1.518277051657699120e-02 -5.781618241795299235e-02 -3.572618523243274724e-03 3.191021202884988112e-02 -1.282796241404557912e-03 -3.206843126370088892e-02 -5.830869478994002257e-03
5.933694283921286863e-04 -5.816941304724904810e-02 -2.689471229586697012e-03 2.502022298461679117e-01 4.851120987060241752e-01 2.465714080607023517e-01 1.068439570100753952e-02 -5.988457855531274798e-02 2.909963907225235694e-03 3.268939381340702638e-02 1.435470897759149244e-03 -3.168148860145349188e-02
3.217988119796419411e-02 -7.720005741774624199e-04 -5.849256465262882287e-02 1.518277051657699120e-02 2.465714080607023517e-01 4.752705334196347664e-01 2.536183312099247744e-01 -8.145244987004487958e-03 -5.784821958662545588e-02 9.893863334547788047e-03 3.275951585559125356e-02 -1.427832536838713647e-03
2.989600019665339913e-03 3.192871233373527351e-02 -4.244804158238392466e-03 -5.781618241795299235e-02 1.068439570100753952e-02 2.536183312099247744e-01 5.224236236273576139e-01 2.485418000250938508e-01 -1.680555788864943056e-02 -5.870293356735971357e-02 2.406790476962811058e-03 3.190482383544608613e-02
-3.287626924528891381e-02 -1.926420582446276841e-03 3.298106464410704985e-02 -3.572618523243274724e-03 -5.988457855531274798e-02 -8.145244987004487958e-03 2.485418000250938508e-01 5.106329642551198367e-01 2.463918046232985160e-01 -1.063431316376123835e-02 -5.985554487467889540e-02 -1.928817155104828058e-03
4.494253585252709279e-03 -3.154909283257778529e-02 -3.429905653411560989e-03 3.191021202884988112e-02 2.909963907225235694e-03 -5.784821958662545588e-02 -1.680555788864943056e-02 2.463918046232985160e-01 5.285085597994925166e-01 2.568764128617007092e-01 1.156223017572447637e-02 -5.883818915477991018e-02
5.717298067960452368e-02 6.922947650633018424e-03 -3.217674572910853015e-02 -1.282796241404557912e-03 3.268939381340702638e-02 9.893863334547788047e-03 -5.870293356735971357e-02 -1.063431316376123835e-02 2.568764128617007092e-01 4.718757557185728757e-01 2.449329324962598031e-01 1.406176037690979284e-02
2.421502224930008502e-03 5.829885734024238542e-02 -4.196121018734475915e-04 -3.206843126370088892e-02 1.435470897759149244e-03 3.275951585559125356e-02 2.406790476962811058e-03 -5.985554487467889540e-02 1.156223017572447637e-02 2.449329324962598031e-01 4.842277773259263118e-01 2.511635162227974227e-01
-2.471751566789222032e-01 -3.327666779924553283e-04 5.781294357454686006e-02 -5.830869478994002257e-03 -3.168148860145349188e-02 -1.427832536838713647e-03 3.190482383544608613e-02 -1.928817155104828058e-03 -5.883818915477991018e-02 1.406176037690979284e-02 2.511635162227974227e-01 5.049703027687917345e-01
4.703500926006648486e-01 2.681051049726004276e-01 -1.619248411442641977e-02 -6.473035318244522995e-02 7.274100403537377482e-03 3.610003499226721591e-02 5.004095243716182723e-03 -3.177052417770407505e-02 6.714440258522334087e-03 5.279570574504106883e-02 -1.293460854024018267e-02 -2.360062584614403824e-01
2.681051049726004276e-01 5.361490307103173869e-01 2.334782070207523652e-01 -1.467486908811732431e-02 -5.280297415492649082e-02 9.264035354414295112e-03 3.499456366633406368e-02 -1.325306404030790865e-03 -3.618308989221095950e-02 4.034926856300063286e-03 6.557802944073454210e-02 -7.987905674279569684e-03
-1.619248411442641977e-02 2.334782070207523652e-01 5.245160566644374578e-01 2.664064105980196162e-01 -1.450009969702115414e-03 -7.110907496070204004e-02 -1.509997574435853473e-02 3.583848436354469813e-02 1.086752443891626872e-03 -3.170230348760304240e-02 -2.219431570025076628e-03 5.470205799733428992e-02
-6.473035318244522995e-02 -1.467486908811732431e-02 2.664064105980196162e-01 4.811155110956906178e-01 2.348793382293933862e-01 -2.913488022856236537e-04 -5.308263746502693559e-02 -5.708272710067012479e-03 3.332538990737114043e-02 2.666258998508494547e-03 -3.500302703042283692e-02 -3.009143951737409083e-03
7.274100403537377482e-03 -5.280297415492649082e-02 -1.450009969702115414e-03 2.348793382293933862e-01 5.263548737693612978e-01 2.710372253788628782e-01 2.844173173338562094e-02 -6.814274674188017245e-02 8.337731981769259341e-04 3.495369946267916361e-02 3.939196568446055695e-04 -3.160033360907911482e-02
3.610003499226721591e-02 9.264035354414295112e-03 -7.110907496070204004e-02 -2.913488022856236537e-04 2.710372253788628782e-01 4.549978563052912151e-01 2.297994959715666807e-01 1.307004211282453317e-02 -5.795292646031771633e-02 -5.232160720000906574e-03 3.378039685416543703e-02 4.198502740968216261e-03
5.004095243716182723e-03 3.499456366633406368e-02 -1.509997574435853473e-02 -5.308263746502693559e-02 2.844173173338562094e-02 2.297994959715666807e-01 4.472523769713557251e-01 2.805379589004519114e-01 -2.690621068068886970e-02 -6.959079637168977261e-02 1.328511444918467621e-02 3.696763075244632879e-02
-3.177052417770407505e-02 -1.325306404030790865e-03 3.583848436354469813e-02 -5.708272710067012479e-03 -6.814274674188017245e-02 1.307004211282453317e-02 2.805379589004519114e-01 5.819411439452643053e-01 2.355207068942766768e-01 -7.164776944321399159e-03 -5.358017039933212627e-02 2.039408557612388054e-03
6.714440258522334087e-03 -3.618308989221095950e-02 1.086752443891626872e-03 3.332538990737114043e-02 8.337731981769259341e-04 -5.795292646031771633e-02 -2.690621068068886970e-02 2.355207068942766768e-01 4.786279569156809410e-01 2.625175953061362755e-01 9.237033424529844834e-04 -6.490526895461025403e-02
5.279570574504106883e-02 4.034926856300063286e-03 -3.170230348760304240e-02 2.666258998508494547e-03 3.495369946267916361e-02 -5.232160720000906574e-03 -6.959079637168977261e-02 -7.164776944321399159e-03 2.625175953061362755e-01 5.121279293732077242e-01 2.376564665891672534e-01 1.766578457450696665e-04
-1.293460854024018267e-02 6.557802944073454210e-02 -2.219431570025076628e-03 -3.500302703042283692e-02 3.939196568446055695e-04 3.378039685416543703e-02 1.328511444918467621e-02 -5.358017039933212627e-02 9.237033424529844834e-04 2.376564665891672534e-01 4.952431779639298592e-01 2.605171869737489265e-01
-2.360062584614403824e-01 -7.987905674279569684e-03 5.470205799733428992e-02 -3.009143951737409083e-03 -3.160033360907911482e-02 4.198502740968216261e-03 3.696763075244632879e-02 2.039408557612388054e-03 -6.490526895461025403e-02 1.766578457450696665e-04 2.605171869737489265e-01 4.913239936847921818e-01
4.683536017038615329e-01 2.528008134402513485e-01 -4.870822512492561755e-03 -5.949642363036963116e-02 6.061052009101865028e-03 3.282857173364834430e-02 -2.041013505617873466e-03 -3.248918625508791236e-02 -2.238565890762057083e-03 5.747115704494655530e-02 7.673946906179210728e-03 -2.484991535505719218e-01
2.528008134402513485e-01 5.105518410718045130e-01 2.453783683403156501e-01 -1.106779509759692540e-02 -5.595292154298766446e-02 7.622077056288679986e-03 3.246969291297852750e-02 -5.372320058725279721e-03 -3.378466429658158465e-02 3.344949198807805994e-03 6.028949526813329185e-02 -1.400045377401986854e-02
-4.870822512492561755e-03 2.453783683403156501e-01 5.233464876117432940e-01 2.532514462086725149e-01 -6.883160837319202835e-03 -6.272475723286234650e-02 -1.523303879374495254e-03 3.540694434555959058e-02 5.108965597245229001e-03 -3.296656177595011505e-02 -7.177039479919407675e-03 5.830307782875526063e-02
-5.949642363036963116e-02 -1.106779509759692540e-02 2.532514462086725149e-01 4.883604567202681768e-01 2.448758372303183051e-01 -3.189847854149994652e-03 -5.795505196956513005e-02 2.300706917328026492e-03 3.286103801683352976e-02 6.916751168394130300e-04 -3.277496473269590066e-02 1.997164485068406940e-03
6.061052009101865028e-03 -5.595292154298766446e-02 -6.883160837319202835e-03 2.448758372303183051e-01 5.325010965104819416e-01 2.580771292297252550e-01 7.407379412873517019e-03 -6.370505705827778087e-02 -1.002871803522772248e-02 3.341765892959218387e-02 9.138224730495303483e-03 -3.260272687117252155e-02
3.282857173364834430e-02 7.622077056288679986e-03 -6.272475723286234650e-02 -3.189847854149994652e-03 2.580771292297252550e-01 4.560581125860612706e-01 2.464311030644774914e-01 1.397108426693866642e-03 -5.792958563612476963e-02 -2.421203362998172563e-03 3.254831431074615977e-02 -1.012898157744189487e-04
-2.041013505617873466e-03 3.246969291297852750e-02 -1.523303879374495254e-03 -5.795505196956513005e-02 7.407379412873517019e-03 2.464311030644774914e-01 5.344041596476647449e-01 2.552791489612558085e-01 9.710494475549310070e-03 -5.979091272494910930e-02 -7.943747407208281985e-03 3.333444318365708092e-02
-3.248918625508791236e-02 -5.372320058725279721e-03 3.540694434555959058e-02 2.300706917328026492e-03 -6.370505705827778087e-02 1.397108426693866642e-03 2.552791489612558085e-01 4.577533217979403712e-01 2.478855359341801956e-01 5.983046561146301845e-03 -5.913321283695150560e-02 1.187315763442221969e-03
-2.238565890762057083e-03 -3.378466429658158465e-02 5.108965597245229001e-03 3.286103801683352976e-02 -1.002871803522772248e-02 -5.792958563612476963e-02 9.710494475549310070e-03 2.478855359341801956e-01 5.173085208425733938e-01 2.502421887847041670e-01 4.247883608550617057e-03 -5.954556948601787830e-02
5.747115704494655530e-02 3.344949198807805994e-03 -3.296656177595011505e-02 6.916751168394130300e-04 3.341765892959218387e-02 -2.421203362998172563e-03 -5.979091272494910930e-02 5.983046561146301845e-03 2.502421887847041670e-01 4.759739420011060984e-01 2.504769924958001326e-01 -8.013045212431986822e-03
7.673946906179210728e-03 6.028949526813329185e-02 -7.177039479919407675e-03 -3.277496473269590066e-02 9.138224730495303483e-03 3.254831431074615977e-02 -7.943747407208281985e-03 -5.913321283695150560e-02 4.247883608550617057e-03 2.504769924958001326e-01 5.195181440623148905e-01 2.486302508329006067e-01
-2.484991535505719218e-01 -1.400045377401986854e-02 5.830307782875526063e-02 1.997164485068406940e-03 -3.260272687117252155e-02 -1.012898157744189487e-04 3.333444318365708092e-02 1.187315763442221969e-03 -5.954556948601787830e-02 -8.013045212431986822e-03 2.486302508329006067e-01 5.158703154442367822e-01
4.897116972388348977e-01 2.595618212542351033e-01 -1.883994309944757306e-02 -5.958700296022954868e-02 9.439293596727061503e-03 3.420973507414867831e-02 -8.304208772555100176e-03 -3.310058963689162248e-02 1.941027417090945015e-03 5.638999922811595289e-02 -1.108595687754741592e-02 -2.438117945928524599e-01
2.595618212542351033e-01 5.246725074042555281e-01 2.405052467700670715e-01 -2.359876457179611170e-02 -5.916718740452199532e-02 2.395924811247077992e-03 3.311924013569871039e-02 -4.191242516001590819e-03 -3.554719579582921174e-02 1.177644409202723182e-03 6.274579402802492323e-02 -4.884908888860710167e-03
-1.883994309944757306e-02 2.405052467700670715e-01 5.411100633926263503e-01 2.611914106175841077e-01 8.155325427824102694e-04 -6.528305648300383734e-02 1.167476749384854708e-03 3.803361134742037908e-02 6.476968071218203692e-03 -3.377344608282618205e-02 -4.126947106420868379e-03 5.867387769132589859e-02
-5.958700296022954868e-02 -2.359876457179611170e-02 2.611914106175841077e-01 4.898695912717987433e-01 2.458911096538463070e-01 1.950947459253632443e-02 -5.699992714859720977e-02 -6.700607056812345544e-03 3.130215043816365894e-02 8.038569031041177190e-03 -3.279155988446651876e-02 -9.628020509108273922e-03
9.439293596727061503e-03 -5.916718740452199532e-02 8.155325427824102694e-04 2.458911096538463070e-01 4.715664269446955825e-01 2.544776117272835592e-01 -2.860174778926269888e-03 -6.234507240389998428e-02 -7.782245299169704769e-03 3.323679295675130430e-02 3.925463862203749064e-03 -3.301556135921602381e-02
3.420973507414867831e-02 2.395924811247077992e-03 -6.528305648300383734e-02 1.950947459253632443e-02 2.544776117272835592e-01 5.018940944976412188e-01 2.431028726331848633e-01 -6.448431897376429370e-03 -5.745669232258404646e-02 -8.085811000750782723e-04 3.252839739350855269e-02 4.919339640710321607e-04
-8.304208772555100176e-03 3.311924013569871039e-02 1.167476749384854708e-03 -5.699992714859720977e-02 -2.860174778926269888e-03 2.431028726331848633e-01 5.291781800029786709e-01 2.591025306992573718e-01 1.756788044199648208e-02 -6.073148167833083977e-02 -5.897717989825129216e-03 3.331192747095295531e-02
-3.310058963689162248e-02 -4.191242516001590819e-03 3.803361134742037908e-02 -6.700607056812345544e-03 -6.234507240389998428e-02 -6.448431897376429370e-03 2.591025306992573718e-01 4.557559011232234503e-01 2.432556099323107679e-01 8.265755304395081687e-03 -5.738523461465175335e-02 -2.627362352563262712e-03
1.941027417090945015e-03 -3.554719579582921174e-02 6.476968071218203692e-03 3.130215043816365894e-02 -7.782245299169704769e-03 -5.745669232258404646e-02 1.756788044199648208e-02 2.432556099323107679e-01 4.993759898895269167e-01 2.551446803326096191e-01 -7.038541843238982701e-03 -6.107170655835539308e-02
5.638999922811595289e-02 1.177644409202723182e-03 -3.377344608282618205e-02 8.038569031041177190e-03 3.323679295675130430e-02 -8.085811000750782723e-04 -6.073148167833083977e-02 8.265755304395081687e-03 2.551446803326096191e-01 5.068128925769361803e-01 2.436343885666890086e-01 -2.593054034368845462e-03
-1.108595687754741592e-02 6.274579402802492323e-02 -4.126947106420868379e-03 -3.279155988446651876e-02 3.925463862203749064e-03 3.252839739350855269e-02 -5.897717989825129216e-03 -5.738523461465175335e-02 -7.038541843238982701e-03 2.436343885666890086e-01 5.107053101657811345e-01 2.542000153396474227e-01
