1.939302643032642937e-01 1.919044711297427375e-01 1.645425529330518666e-01 1.206928525415557341e-01 6.327332425938825278e-02 -1.723701877515203089e-03 -6.534458710948401472e-02 -1.144717878313899206e-01 -1.479341888249507686e-01 -1.730553285492222038e-01
1.919044711297427375e-01 2.063754733000127128e-01 1.916753469561457979e-01 1.586451319790193604e-01 1.108981126155682284e-01 5.361688238453866939e-02 -1.386461120893701937e-02 -7.380983695860431071e-02 -1.202716151446165255e-01 -1.579704485181036844e-01
1.645425529330518666e-01 1.916753469561457979e-01 1.958664499220301725e-01 1.802522341733485134e-01 1.491093214257243893e-01 1.072397697730360228e-01 4.415585059942764290e-02 -2.011209113918241420e-02 -7.529581353289199752e-02 -1.219867091489826583e-01
1.206928525415557341e-01 1.586451319790193604e-01 1.802522341733485134e-01 1.883821864396125478e-01 1.800326952304712735e-01 1.592038516821154548e-01 1.061839866813252403e-01 4.254278992916488839e-02 -1.800323146912740160e-02 -7.153123249654733118e-02
6.327332425938825278e-02 1.108981126155682284e-01 1.491093214257243893e-01 1.800326952304712735e-01 2.005820880639378467e-01 2.061643324205711392e-01 1.679270177126865049e-01 1.094161916743318086e-01 4.751044276945267514e-02 -9.778494943880305934e-03
-1.723701877515203089e-03 5.361688238453866939e-02 1.072397697730360228e-01 1.592038516821154548e-01 2.061643324205711392e-01 2.430318027594605135e-01 2.237717436490177514e-01 1.737640590873994473e-01 1.140085566119362764e-01 5.645965865735519396e-02
-6.534458710948401472e-02 -1.386461120893701937e-02 4.415585059942764290e-02 1.061839866813252403e-01 1.679270177126865049e-01 2.237717436490177514e-01 2.320629363606390161e-01 2.020314165831421094e-01 1.562986147917281299e-01 1.099914666028985327e-01
-1.144717878313899206e-01 -7.380983695860431071e-02 -2.011209113918241420e-02 4.254278992916488839e-02 1.094161916743318086e-01 1.737640590873994473e-01 2.020314165831421094e-01 1.984038513654618752e-01 1.733279327926777191e-01 1.438399934336394570e-01
-1.479341888249507686e-01 -1.202716151446165255e-01 -7.529581353289199752e-02 -1.800323146912740160e-02 4.751044276945267514e-02 1.140085566119362764e-01 1.562986147917281299e-01 1.733279327926777191e-01 1.715719981602502886e-01 1.609398114902635957e-01
-1.730553285492222038e-01 -1.579704485181036844e-01 -1.219867091489826583e-01 -7.153123249654733118e-02 -9.778494943880305934e-03 5.645965865735519396e-02 1.099914666028985327e-01 1.438399934336394570e-01 1.609398114902635957e-01 1.697929493253308719e-01
1.714975935684322494e-01 1.602760499221148049e-01 1.431147941717362815e-01 1.085088492121841774e-01 5.798339585015020725e-02 -1.186248820431975298e-02 -7.599247594801578076e-02 -1.238665359378202935e-01 -1.617210335995881987e-01 -1.705899445125131919e-01
1.602760499221148049e-01 1.663291897005808317e-01 1.666818161056918268e-01 1.490275278329659669e-01 1.133685358619319905e-01 4.250296199721509405e-02 -2.510291059723438259e-02 -8.062131288654358907e-02 -1.254642694013300419e-01 -1.459190793920651097e-01
1.431147941717362815e-01 1.666818161056918268e-01 1.894830986324682331e-01 1.931309651828221619e-01 1.755035286282725926e-01 1.047956249409991575e-01 3.479140348325816118e-02 -2.856106972858436788e-02 -8.113082919088580869e-02 -1.146356906149062216e-01
1.085088492121841774e-01 1.490275278329659669e-01 1.931309651828221619e-01 2.248309779871994207e-01 2.317834622191059513e-01 1.678234886222765843e-01 1.019513233641772265e-01 3.605859923848472176e-02 -2.034647672803127291e-02 -6.628317495759278311e-02
5.798339585015020725e-02 1.133685358619319905e-01 1.755035286282725926e-01 2.317834622191059513e-01 2.704488723072329681e-01 2.216170553164638346e-01 1.670346576223596391e-01 1.052759216069398263e-01 5.080710878133219005e-02 -4.354615111380468265e-03
-1.186248820431975298e-02 4.250296199721509405e-02 1.047956249409991575e-01 1.678234886222765843e-01 2.216170553164638346e-01 2.087155511007741937e-01 1.841440553112632106e-01 1.452482260379071854e-01 1.090178949449532031e-01 6.106140061142924236e-02
-7.599247594801578076e-02 -2.510291059723438259e-02 3.479140348325816118e-02 1.019513233641772265e-01 1.670346576223596391e-01 1.841440553112632106e-01 1.913324971092914828e-01 1.764035802714902235e-01 1.585479356680633833e-01 1.189671973642094371e-01
-1.238665359378202935e-01 -8.062131288654358907e-02 -2.856106972858436788e-02 3.605859923848472176e-02 1.052759216069398263e-01 1.452482260379071854e-01 1.764035802714902235e-01 1.862794285185970233e-01 1.870963488602826186e-01 1.580321293451583398e-01
-1.617210335995881987e-01 -1.254642694013300419e-01 -8.113082919088580869e-02 -2.034647672803127291e-02 5.080710878133219005e-02 1.090178949449532031e-01 1.585479356680633833e-01 1.870963488602826186e-01 2.065502887490271999e-01 1.879385531315307389e-01
-1.705899445125131919e-01 -1.459190793920651097e-01 -1.146356906149062216e-01 -6.628317495759278311e-02 -4.354615111380468265e-03 6.106140061142924236e-02 1.189671973642094371e-01 1.580321293451583398e-01 1.879385531315307389e-01 1.845325023263962028e-01
1.787670660828125924e-01 1.763424471855023767e-01 1.578625933585146024e-01 1.114941782676189541e-01 6.213200353327555381e-02 4.545086989009044197e-03 -5.516903312814751270e-02 -1.127745508053979162e-01 -1.520144384666535509e-01 -1.775886070887567059e-01
1.763424471855023767e-01 1.961046218601846802e-01 1.951409541149250748e-01 1.584183037018510043e-01 1.184865114061681990e-01 6.544832559773686165e-02 2.831355583823804214e-03 -6.033293029394687368e-02 -1.130640583401500143e-01 -1.550398742527903662e-01
1.578625933585146024e-01 1.951409541149250748e-01 2.147447070967354876e-01 1.917745962549756156e-01 1.644266855603627175e-01 1.200991591365066641e-01 6.003840316865633603e-02 -3.166726544560045410e-03 -6.510219496543978579e-02 -1.198056908107001522e-01
1.114941782676189541e-01 1.584183037018510043e-01 1.917745962549756156e-01 1.903655520867653661e-01 1.821794636328651351e-01 1.544479874746763626e-01 1.072120514380522777e-01 5.516191027589674445e-02 -5.097841500283149634e-03 -6.330833885226294644e-02
6.213200353327555381e-02 1.184865114061681990e-01 1.644266855603627175e-01 1.821794636328651351e-01 1.964899350652968002e-01 1.874584933718142499e-01 1.540431088715074892e-01 1.140678961592344609e-01 5.670438197650078116e-02 -4.013243550467652902e-03
4.545086989009044197e-03 6.544832559773686165e-02 1.200991591365066641e-01 1.544479874746763626e-01 1.874584933718142499e-01 2.017049734141450612e-01 1.872701214921935198e-01 1.638199395621043608e-01 1.150128027416998933e-01 5.797833422018159460e-02
-5.516903312814751270e-02 2.831355583823804214e-03 6.003840316865633603e-02 1.072120514380522777e-01 1.540431088715074892e-01 1.872701214921935198e-01 1.973680191404709461e-01 1.952320919829023393e-01 1.609701942700128563e-01 1.143952750309072258e-01
-1.127745508053979162e-01 -6.033293029394687368e-02 -3.166726544560045410e-03 5.516191027589674445e-02 1.140678961592344609e-01 1.638199395621043608e-01 1.952320919829023393e-01 2.177880354737153634e-01 2.007351373969236685e-01 1.664211785890825079e-01
-1.520144384666535509e-01 -1.130640583401500143e-01 -6.510219496543978579e-02 -5.097841500283149634e-03 5.670438197650078116e-02 1.150128027416998933e-01 1.609701942700128563e-01 2.007351373969236685e-01 2.071912504571890579e-01 1.918721794112250578e-01
-1.775886070887567059e-01 -1.550398742527903662e-01 -1.198056908107001522e-01 -6.330833885226294644e-02 -4.013243550467652902e-03 5.797833422018159460e-02 1.143952750309072258e-01 1.664211785890825079e-01 1.918721794112250578e-01 1.994758393226851445e-01
2.325731382874647313e-01 2.040575490978774054e-01 1.657688657869069715e-01 1.095276297494681139e-01 5.674862973299886482e-02 6.718744879290804248e-04 -5.588448482024933883e-02 -1.117576618310875541e-01 -1.678918456471529819e-01 -2.126053817713790262e-01
2.040575490978774054e-01 2.026592937787673743e-01 1.869720675856676173e-01 1.475482813723715814e-01 1.102624035903439770e-01 6.407319390394461411e-02 8.963635992802591185e-03 -4.974430602388651285e-02 -1.110235484628047387e-01 -1.663005005632118005e-01
1.657688657869069715e-01 1.869720675856676173e-01 1.965697391486222467e-01 1.763462380217195036e-01 1.557467030742805125e-01 1.211112324526854855e-01 7.032791495982332330e-02 1.213068388897693868e-02 -5.111484457478283200e-02 -1.139972799950018517e-01
1.095276297494681139e-01 1.475482813723715814e-01 1.763462380217195036e-01 1.793997271529016724e-01 1.782674279852252408e-01 1.587022562102543832e-01 1.180125685300069116e-01 6.776150528467587975e-02 1.097659257415929158e-02 -5.114138651813827929e-02
5.674862973299886482e-02 1.102624035903439770e-01 1.557467030742805125e-01 1.782674279852252408e-01 1.978818391250337649e-01 1.935268356227177466e-01 1.621115034796875853e-01 1.190706754392466538e-01 6.860359865535239909e-02 7.688124445294257370e-03
6.718744879290804248e-04 6.407319390394461411e-02 1.211112324526854855e-01 1.587022562102543832e-01 1.935268356227177466e-01 2.073352705075242053e-01 1.890184323415127488e-01 1.568680089969935465e-01 1.169843079033018318e-01 6.317783936920931542e-02
-5.588448482024933883e-02 8.963635992802591185e-03 7.032791495982332330e-02 1.180125685300069116e-01 1.621115034796875853e-01 1.890184323415127488e-01 1.895693304876599483e-01 1.741103165848884027e-01 1.502937135756931830e-01 1.105545522802677399e-01
-1.117576618310875541e-01 -4.974430602388651285e-02 1.213068388897693868e-02 6.776150528467587975e-02 1.190706754392466538e-01 1.568680089969935465e-01 1.741103165848884027e-01 1.797908980149728608e-01 1.757592221345561645e-01 1.534601359469426884e-01
-1.678918456471529819e-01 -1.110235484628047387e-01 -5.111484457478283200e-02 1.097659257415929158e-02 6.860359865535239909e-02 1.169843079033018318e-01 1.502937135756931830e-01 1.757592221345561645e-01 1.956611095231492459e-01 1.942032888015051972e-01
-2.126053817713790262e-01 -1.663005005632118005e-01 -1.139972799950018517e-01 -5.114138651813827929e-02 7.688124445294257370e-03 6.317783936920931542e-02 1.105545522802677399e-01 1.534601359469426884e-01 1.942032888015051972e-01 2.185596539739051991e-01
1.913368507096402382e-01 1.863902464378367763e-01 1.548650243463452481e-01 1.155130906019990189e-01 6.019818273330607150e-02 -1.278951322276388912e-03 -6.184317288975629823e-02 -1.161898581609720760e-01 -1.586906347442580134e-01 -1.790416911178257797e-01
1.863902464378367763e-01 2.054210804292479486e-01 1.921455829758023648e-01 1.676961879270942313e-01 1.196518394107000116e-01 5.859546630240593940e-02 -1.895730705426184031e-03 -6.188418829465527904e-02 -1.155905910590469682e-01 -1.536673136996628275e-01
1.548650243463452481e-01 1.921455829758023648e-01 2.024011476040820101e-01 1.976782511151067845e-01 1.631805142265599917e-01 1.104691132523638597e-01 5.835963611988597560e-02 9.852708573169879133e-04 -5.691797606383102587e-02 -1.075333143522120422e-01
1.155130906019990189e-01 1.676961879270942313e-01 1.976782511151067845e-01 2.160521830844654712e-01 1.979587082929798181e-01 1.560365856179762867e-01 1.147286357113349586e-01 6.316567097072384174e-02 4.384904890532374637e-03 -5.615092604788905067e-02
6.019818273330607150e-02 1.196518394107000116e-01 1.631805142265599917e-01 1.979587082929798181e-01 2.021726349438297266e-01 1.783184978926098396e-01 1.536837708794199786e-01 1.150948245001195136e-01 6.409516280951609024e-02 2.693633024044846374e-03
-1.278951322276388912e-03 5.859546630240593940e-02 1.104691132523638597e-01 1.560365856179762867e-01 1.783184978926098396e-01 1.779833589093123281e-01 1.740278730817764186e-01 1.527281342568205247e-01 1.150428140109709257e-01 6.009926795615713746e-02
-6.184317288975629823e-02 -1.895730705426184031e-03 5.835963611988597560e-02 1.147286357113349586e-01 1.536837708794199786e-01 1.740278730817764186e-01 1.928680157315931232e-01 1.897717831929411070e-01 1.651318748742131859e-01 1.163679877788922901e-01
-1.161898581609720760e-01 -6.188418829465527904e-02 9.852708573169879133e-04 6.316567097072384174e-02 1.150948245001195136e-01 1.527281342568205247e-01 1.897717831929411070e-01 2.081988934999476626e-01 2.000987918952432665e-01 1.617072188807257560e-01
-1.586906347442580134e-01 -1.155905910590469682e-01 -5.691797606383102587e-02 4.384904890532374637e-03 6.409516280951609024e-02 1.150428140109709257e-01 1.651318748742131859e-01 2.000987918952432665e-01 2.130067042097115726e-01 1.904022221295531003e-01
-1.790416911178257797e-01 -1.536673136996628275e-01 -1.075333143522120422e-01 -5.615092604788905067e-02 2.693633024044846374e-03 6.009926795615713746e-02 1.163679877788922901e-01 1.617072188807257560e-01 1.904022221295531003e-01 1.905591308781696414e-01
2.117812338877392841e-01 1.893451752372946606e-01 1.637095109917556524e-01 1.231580669461669053e-01 6.952625111867222207e-02 1.195092924447987461e-02 -5.147152380519234155e-02 -1.153458416660321784e-01 -1.662918902879785554e-01 -1.878496627702884725e-01
1.893451752372946606e-01 1.890682002328593070e-01 1.818300068967995120e-01 1.560140558451954818e-01 1.139284737245527673e-01 6.809113002921644842e-02 8.757636601062433399e-03 -5.447616877625281739e-02 -1.123721778772126811e-01 -1.499882871564251485e-01
1.637095109917556524e-01 1.818300068967995120e-01 1.948572222611702764e-01 1.845691226475926483e-01 1.539946784300933458e-01 1.197561262373539603e-01 6.545822479809468297e-02 4.185303442855812378e-03 -5.937538563608197456e-02 -1.114907711716869448e-01
1.231580669461669053e-01 1.560140558451954818e-01 1.845691226475926483e-01 1.932777524377417011e-01 1.781664272693277151e-01 1.586143476990612977e-01 1.142208800766542631e-01 6.091802931449339514e-02 -1.815768066723869208e-03 -6.328740104312727266e-02
6.952625111867222207e-02 1.139284737245527673e-01 1.539946784300933458e-01 1.781664272693277151e-01 1.832157913602152077e-01 1.820299730585847597e-01 1.521939946474691330e-01 1.121705146042682039e-01 5.685922488668133934e-02 -7.715749019566521191e-03
1.195092924447987461e-02 6.809113002921644842e-02 1.197561262373539603e-01 1.586143476990612977e-01 1.820299730585847597e-01 2.026826573247724472e-01 1.897058663648917287e-01 1.641809133964077239e-01 1.173373191224752754e-01 5.076645672234337409e-02
-5.147152380519234155e-02 8.757636601062433399e-03 6.545822479809468297e-02 1.142208800766542631e-01 1.521939946474691330e-01 1.897058663648917287e-01 2.000180524085138911e-01 1.953683118132360785e-01 1.645025310076675407e-01 1.055535269816368221e-01
-1.153458416660321784e-01 -5.447616877625281739e-02 4.185303442855812378e-03 6.091802931449339514e-02 1.121705146042682039e-01 1.641809133964077239e-01 1.953683118132360785e-01 2.163056303700509886e-01 2.053268562796443653e-01 1.574494091174560018e-01
-1.662918902879785554e-01 -1.123721778772126811e-01 -5.937538563608197456e-02 -1.815768066723869208e-03 5.685922488668133934e-02 1.173373191224752754e-01 1.645025310076675407e-01 2.053268562796443653e-01 2.198622171594337704e-01 1.907311634661127131e-01
-1.878496627702884725e-01 -1.499882871564251485e-01 -1.114907711716869448e-01 -6.328740104312727266e-02 -7.715749019566521191e-03 5.076645672234337409e-02 1.055535269816368221e-01 1.574494091174560018e-01 1.907311634661127131e-01 1.889312425575044585e-01
1.936654893823434587e-01 1.975344897642074271e-01 1.655602283021805343e-01 1.210694669653701872e-01 6.682802066338602853e-02 2.797123658671483559e-03 -6.157404487954488276e-02 -1.107772759004716223e-01 -1.526948623138419392e-01 -1.629188438120759974e-01
1.975344897642074271e-01 2.197150282780058195e-01 1.993700408918670786e-01 1.642340580421023100e-01 1.182626669186964130e-01 5.811542264606979480e-02 -8.028727431758819061e-03 -6.939623126023268529e-02 -1.238765361315531943e-01 -1.511696221182514954e-01
1.655602283021805343e-01 1.993700408918670786e-01 1.985840836224254391e-01 1.810017019713268671e-01 1.517862535900057763e-01 1.059536742542283583e-01 4.958156781235111693e-02 -1.384564782083575613e-02 -7.227362805589240824e-02 -1.124061563952265252e-01
1.210694669653701872e-01 1.642340580421023100e-01 1.810017019713268671e-01 1.862639575246574641e-01 1.783933899144768964e-01 1.510140990026108687e-01 1.086292638972502500e-01 4.722914608514304502e-02 -1.164744643292754504e-02 -6.351310935653740886e-02
6.682802066338602853e-02 1.182626669186964130e-01 1.517862535900057763e-01 1.783933899144768964e-01 1.966708064250997645e-01 1.920046096060653018e-01 1.669502202920163936e-01 1.108342584552898386e-01 5.481668791960579712e-02 -7.032745307881941264e-03
2.797123658671483559e-03 5.811542264606979480e-02 1.059536742542283583e-01 1.510140990026108687e-01 1.920046096060653018e-01 2.150302439183252590e-01 2.120772586464326204e-01 1.667459003410826091e-01 1.191121133578801894e-01 5.321110589532823676e-02
-6.157404487954488276e-02 -8.028727431758819061e-03 4.958156781235111693e-02 1.086292638972502500e-01 1.669502202920163936e-01 2.120772586464326204e-01 2.354605957307444597e-01 2.065103081845681421e-01 1.717309441544308812e-01 1.080851043998099503e-01
-1.107772759004716223e-01 -6.939623126023268529e-02 -1.384564782083575613e-02 4.722914608514304502e-02 1.108342584552898386e-01 1.667459003410826091e-01 2.065103081845681421e-01 2.031371383400521480e-01 1.889752209423270490e-01 1.395409582194106490e-01
-1.526948623138419392e-01 -1.238765361315531943e-01 -7.227362805589240824e-02 -1.164744643292754504e-02 5.481668791960579712e-02 1.191121133578801894e-01 1.717309441544308812e-01 1.889752209423270490e-01 1.972797030091650305e-01 1.638192353750298480e-01
-1.629188438120759974e-01 -1.511696221182514954e-01 -1.124061563952265252e-01 -6.351310935653740886e-02 -7.032745307881941264e-03 5.321110589532823676e-02 1.080851043998099503e-01 1.395409582194106490e-01 1.638192353750298480e-01 1.541929537691812679e-01
1.588518231686265048e-01 1.537010236122391404e-01 1.586800812371295666e-01 1.163627127879362511e-01 5.703954884159970207e-02 -7.026593138775412417e-03 -6.904597226331564419e-02 -1.084927149580392491e-01 -1.454618223837808033e-01 -1.623388098528242840e-01
1.537010236122391404e-01 1.667666774710679367e-01 1.905288758079530242e-01 1.583514813149996536e-01 1.064708288876903414e-01 4.979094291940180939e-02 -1.143777629099321062e-02 -6.368181982303464106e-02 -1.109847164313207263e-01 -1.410925126557737441e-01
1.586800812371295666e-01 1.905288758079530242e-01 2.389953131556737109e-01 2.160952710830633117e-01 1.680386788492851113e-01 1.149941519081215807e-01 5.034280769252957866e-02 -1.969848524904011661e-02 -8.210530259664124142e-02 -1.287822010789320404e-01
1.163627127879362511e-01 1.583514813149996536e-01 2.160952710830633117e-01 2.157813466493896937e-01 1.886555850150637426e-01 1.560876086460401546e-01 1.069819136821625882e-01 3.762254790433727791e-02 -2.358460297363706992e-02 -7.578953630968010557e-02
5.703954884159970207e-02 1.064708288876903414e-01 1.680386788492851113e-01 1.886555850150637426e-01 1.910946511632021505e-01 1.864371247933192532e-01 1.598417292207689744e-01 9.816432939207767050e-02 4.475667262880583808e-02 -8.260871423483999096e-03
-7.026593138775412417e-03 4.979094291940180939e-02 1.149941519081215807e-01 1.560876086460401546e-01 1.864371247933192532e-01 2.142837860460649890e-01 2.131983028121174906e-01 1.603412213338505365e-01 1.159960116676378300e-01 6.342948108786540529e-02
-6.904597226331564419e-02 -1.143777629099321062e-02 5.034280769252957866e-02 1.069819136821625882e-01 1.598417292207689744e-01 2.131983028121174906e-01 2.412047384013820961e-01 2.037292676223826371e-01 1.729303915235869404e-01 1.264562592617937131e-01
-1.084927149580392491e-01 -6.368181982303464106e-02 -1.969848524904011661e-02 3.762254790433727791e-02 9.816432939207767050e-02 1.603412213338505365e-01 2.037292676223826371e-01 1.934342109420599254e-01 1.838935312057760341e-01 1.537434060032782102e-01
-1.454618223837808033e-01 -1.109847164313207263e-01 -8.210530259664124142e-02 -2.358460297363706992e-02 4.475667262880583808e-02 1.159960116676378300e-01 1.729303915235869404e-01 1.838935312057760341e-01 1.958752014963728305e-01 1.808136472526971350e-01
-1.623388098528242840e-01 -1.410925126557737441e-01 -1.287822010789320404e-01 -7.578953630968010557e-02 -8.260871423483999096e-03 6.342948108786540529e-02 1.264562592617937131e-01 1.537434060032782102e-01 1.808136472526971350e-01 1.837122515061609951e-01
1.942088562651108907e-01 1.839192832929363863e-01 1.595566792065234718e-01 1.159533649560728907e-01 5.956231140879617025e-02 1.291432269045571322e-03 -5.755858121497701985e-02 -1.161033142905982252e-01 -1.575973819044483859e-01 -1.845616012458139721e-01
1.839192832929363863e-01 1.980537083879171933e-01 1.936931223903250454e-01 1.637741824030549687e-01 1.151751935541323879e-01 6.295200736911860107e-02 3.570804052109903537e-03 -5.707116069954172588e-02 -1.100656784681194877e-01 -1.535161026498911563e-01
1.595566792065234718e-01 1.936931223903250454e-01 2.124042176677680138e-01 1.991721504440152613e-01 1.613581510125381979e-01 1.184575921102254126e-01 6.295980130289183241e-02 4.806341450157724030e-03 -5.584325963710262686e-02 -1.123306039925976302e-01
1.159533649560728907e-01 1.637741824030549687e-01 1.991721504440152613e-01 2.073481929797602319e-01 1.860802509280893025e-01 1.575556931090749402e-01 1.125235215127802640e-01 6.419351542896692409e-02 3.905124207692102067e-03 -5.833602769371125374e-02
5.956231140879617025e-02 1.151751935541323879e-01 1.613581510125381979e-01 1.860802509280893025e-01 1.867306343814689185e-01 1.770913448833659753e-01 1.476541825459720680e-01 1.144330901673144413e-01 6.182438889024818862e-02 1.566151529371645696e-03
1.291432269045571322e-03 6.295200736911860107e-02 1.184575921102254126e-01 1.575556931090749402e-01 1.770913448833659753e-01 1.890602267112304613e-01 1.773224715117800443e-01 1.603260850823789996e-01 1.169685711061380778e-01 6.097511505338871346e-02
-5.755858121497701985e-02 3.570804052109903537e-03 6.295980130289183241e-02 1.125235215127802640e-01 1.476541825459720680e-01 1.773224715117800443e-01 1.874976637983176431e-01 1.900489164477134341e-01 1.604043055903323634e-01 1.142667966535448887e-01
-1.161033142905982252e-01 -5.707116069954172588e-02 4.806341450157724030e-03 6.419351542896692409e-02 1.144330901673144413e-01 1.603260850823789996e-01 1.900489164477134341e-01 2.153815902675591532e-01 2.014589476430168613e-01 1.661383589811086803e-01
-1.575973819044483859e-01 -1.100656784681194877e-01 -5.584325963710262686e-02 3.905124207692102067e-03 6.182438889024818862e-02 1.169685711061380778e-01 1.604043055903323634e-01 2.014589476430168613e-01 2.097324032431349128e-01 1.927545002717470091e-01
-1.845616012458139721e-01 -1.535161026498911563e-01 -1.123306039925976302e-01 -5.833602769371125374e-02 1.566151529371645696e-03 6.097511505338871346e-02 1.142667966535448887e-01 1.661383589811086803e-01 1.927545002717470091e-01 1.995825062977337194e-01
1.787875706277039234e-01 1.694133206564471805e-01 1.474028214343148235e-01 1.113127538131182259e-01 6.415479745341831630e-02 1.085858465946831428e-02 -4.929771675291180766e-02 -1.128657283843957637e-01 -1.591158916681787716e-01 -1.877865805076099348e-01
1.694133206564471805e-01 1.807308466304496375e-01 1.755666150034343453e-01 1.525248522871897050e-01 1.156245817282308408e-01 7.183797586465255625e-02 6.923757551398167578e-03 -5.963939425387679988e-02 -1.162951272541185993e-01 -1.587940945005615889e-01
1.474028214343148235e-01 1.755666150034343453e-01 1.896682981354374520e-01 1.820860816561170326e-01 1.576723979349464733e-01 1.259081825876864069e-01 6.108779728848882928e-02 -3.541668564457735747e-03 -6.666959257936463934e-02 -1.197960725519833930e-01
1.113127538131182259e-01 1.525248522871897050e-01 1.820860816561170326e-01 1.936901317451508175e-01 1.855429315366091125e-01 1.689498774485373722e-01 1.099834110263969017e-01 5.346751222144480176e-02 -1.017830690739003792e-02 -6.932231805594785135e-02
6.415479745341831630e-02 1.156245817282308408e-01 1.576723979349464733e-01 1.855429315366091125e-01 1.982465961074832972e-01 2.004557223869303517e-01 1.522321346832298805e-01 1.086737782073210479e-01 5.003950447140483732e-02 -1.032116420162352589e-02
1.085858465946831428e-02 7.183797586465255625e-02 1.259081825876864069e-01 1.689498774485373722e-01 2.004557223869303517e-01 2.259084822325106157e-01 1.920665689554015843e-01 1.640444961850880956e-01 1.128953491086000793e-01 5.370951785380835564e-02
-4.929771675291180766e-02 6.923757551398167578e-03 6.108779728848882928e-02 1.099834110263969017e-01 1.522321346832298805e-01 1.920665689554015843e-01 1.860731096944944207e-01 1.835409520321848453e-01 1.530237306200524505e-01 1.094029471073088566e-01
-1.128657283843957637e-01 -5.963939425387679988e-02 -3.541668564457735747e-03 5.346751222144480176e-02 1.086737782073210479e-01 1.640444961850880956e-01 1.835409520321848453e-01 2.097288873566102441e-01 2.003208734328267016e-01 1.708445706698453748e-01
-1.591158916681787716e-01 -1.162951272541185993e-01 -6.666959257936463934e-02 -1.017830690739003792e-02 5.003950447140483732e-02 1.128953491086000793e-01 1.530237306200524505e-01 2.003208734328267016e-01 2.168083231712858161e-01 2.069571557489229552e-01
-1.877865805076099348e-01 -1.587940945005615889e-01 -1.197960725519833930e-01 -6.932231805594785135e-02 -1.032116420162352589e-02 5.370951785380835564e-02 1.094029471073088566e-01 1.708445706698453748e-01 2.069571557489229552e-01 2.203577542988743032e-01
2.012411805249696428e-01 1.827985805258384722e-01 1.574606462144689245e-01 1.179330125839400112e-01 6.154043481536591864e-02 6.157058245190095199e-04 -6.132690854234600086e-02 -1.169978617244983171e-01 -1.556629583384187276e-01 -1.960937214016487129e-01
1.827985805258384722e-01 1.864195137343615805e-01 1.802245698269795415e-01 1.566463341714315893e-01 1.111815102226469815e-01 5.901974577249217979e-02 -1.696454793049151540e-04 -5.947446226200200220e-02 -1.094698436816015780e-01 -1.601279819356307144e-01
1.574606462144689245e-01 1.802245698269795415e-01 1.960221081756126082e-01 1.903641273612905471e-01 1.571500154915773662e-01 1.152026571498439567e-01 6.092174734224846400e-02 1.630754094886941938e-04 -5.977564545128043888e-02 -1.192447921169763059e-01
1.179330125839400112e-01 1.566463341714315893e-01 1.903641273612905471e-01 2.064359231303083131e-01 1.898432818958961932e-01 1.619203201527441849e-01 1.172386128147986234e-01 6.061905924796364559e-02 -3.938680700796906575e-03 -6.735007997482940489e-02
6.154043481536591864e-02 1.111815102226469815e-01 1.571500154915773662e-01 1.898432818958961932e-01 1.958337648469782588e-01 1.875298512352593094e-01 1.587065455449657991e-01 1.138061451973523264e-01 5.356285061488761517e-02 -5.021623909305128822e-03
6.157058245190095199e-04 5.901974577249217979e-02 1.152026571498439567e-01 1.619203201527441849e-01 1.875298512352593094e-01 2.026174177342920379e-01 1.927605228648999192e-01 1.620553476547625937e-01 1.091640134808639501e-01 5.878537504438830635e-02
-6.132690854234600086e-02 -1.696454793049151540e-04 6.092174734224846400e-02 1.172386128147986234e-01 1.587065455449657991e-01 1.927605228648999192e-01 2.064607727592722430e-01 1.946493593061233707e-01 1.544467199974005334e-01 1.173332711969445885e-01
-1.169978617244983171e-01 -5.947446226200200220e-02 1.630754094886941938e-04 6.061905924796364559e-02 1.138061451973523264e-01 1.620553476547625937e-01 1.946493593061233707e-01 2.062451618162620126e-01 1.841233336847801216e-01 1.641110120259204608e-01
-1.556629583384187276e-01 -1.094698436816015780e-01 -5.977564545128043888e-02 -3.938680700796906575e-03 5.356285061488761517e-02 1.091640134808639501e-01 1.544467199974005334e-01 1.841233336847801216e-01 1.862719509454999756e-01 1.875287008500597097e-01
-1.960937214016487129e-01 -1.601279819356307144e-01 -1.192447921169763059e-01 -6.735007997482940489e-02 -5.021623909305128822e-03 5.878537504438830635e-02 1.173332711969445885e-01 1.641110120259204608e-01 1.875287008500597097e-01 2.124522063324432442e-01
1.904062695880326672e-01 1.870398861004932134e-01 1.585684709189148500e-01 1.189790881685842960e-01 6.663535027750838724e-02 1.024876169024330035e-02 -4.977168761940226754e-02 -1.104100089838958854e-01 -1.558769307090688838e-01 -1.788075279854511868e-01
1.870398861004932134e-01 2.081777477355697126e-01 1.966382340896822845e-01 1.686109140595158928e-01 1.220877645158386787e-01 6.984892215646448799e-02 1.192306460815730634e-02 -5.120007350980435024e-02 -1.094962270618673600e-01 -1.527781634806749389e-01
1.585684709189148500e-01 1.966382340896822845e-01 2.057580323343177198e-01 1.933332987012034709e-01 1.578570271728406416e-01 1.157101860688078965e-01 6.714707224821797604e-02 9.995973947109292046e-03 -5.280730766561250039e-02 -1.091989615613275372e-01
1.189790881685842960e-01 1.686109140595158928e-01 1.933332987012034709e-01 1.997844646805694568e-01 1.787909280341650198e-01 1.495029168716457135e-01 1.133975956961696119e-01 6.656070073645815877e-02 4.832429970335108335e-03 -5.942594593664815572e-02
6.663535027750838724e-02 1.220877645158386787e-01 1.578570271728406416e-01 1.787909280341650198e-01 1.772610800730883285e-01 1.653254466378947241e-01 1.457633500615407585e-01 1.142190800561317388e-01 6.077146922659665967e-02 -3.654760667880368585e-03
1.024876169024330035e-02 6.984892215646448799e-02 1.157101860688078965e-01 1.495029168716457135e-01 1.653254466378947241e-01 1.738836380600609077e-01 1.732590092789752789e-01 1.586967440941532970e-01 1.155673723835837080e-01 5.365773836078031184e-02
-4.977168761940226754e-02 1.192306460815730634e-02 6.714707224821797604e-02 1.133975956961696119e-01 1.457633500615407585e-01 1.732590092789752789e-01 1.951075565629943054e-01 2.002645489150046421e-01 1.693653972924618056e-01 1.121033959386104062e-01
-1.104100089838958854e-01 -5.120007350980435024e-02 9.995973947109292046e-03 6.656070073645815877e-02 1.142190800561317388e-01 1.586967440941532970e-01 2.002645489150046421e-01 2.295738622687140684e-01 2.152225149887995737e-01 1.667202643704741860e-01
-1.558769307090688838e-01 -1.094962270618673600e-01 -5.280730766561250039e-02 4.832429970335108335e-03 6.077146922659665967e-02 1.155673723835837080e-01 1.693653972924618056e-01 2.152225149887995737e-01 2.253399030521395230e-01 1.960571819822474193e-01
-1.788075279854511868e-01 -1.527781634806749389e-01 -1.091989615613275372e-01 -5.942594593664815572e-02 -3.654760667880368585e-03 5.365773836078031184e-02 1.121033959386104062e-01 1.667202643704741860e-01 1.960571819822474193e-01 1.947074456445150314e-01
2.276368567300685042e-01 2.145696651054755377e-01 1.512635346305869766e-01 1.096613975180343592e-01 5.387066034375055656e-02 -2.082353679425817585e-03 -5.616555824146536591e-02 -1.115018506479500404e-01 -1.714579225925316752e-01 -2.049155306483497752e-01
2.145696651054755377e-01 2.260068465137901605e-01 1.799069103221854204e-01 1.576462096951625202e-01 1.124654731138549080e-01 6.311433392522083907e-02 2.242522270820886815e-03 -5.978784677920002955e-02 -1.257319075564576893e-01 -1.736148776110633674e-01
1.512635346305869766e-01 1.799069103221854204e-01 1.651843083816111890e-01 1.689285141084828079e-01 1.446576385003594256e-01 1.128502583810357396e-01 5.936913087763372870e-02 5.121641705470972132e-03 -5.185461231762643342e-02 -1.031749923878690772e-01
1.096613975180343592e-01 1.576462096951625202e-01 1.689285141084828079e-01 2.000344197204729224e-01 1.935913186017854948e-01 1.744338215624779975e-01 1.211493927379946323e-01 6.782494509432628049e-02 1.270001010996941668e-02 -4.840830703120856116e-02
5.387066034375055656e-02 1.124654731138549080e-01 1.446576385003594256e-01 1.935913186017854948e-01 2.082991461928468679e-01 2.054013321904767930e-01 1.601493804863022286e-01 1.155690842019529985e-01 7.084483475134532859e-02 1.034656727954048200e-02
-2.082353679425817585e-03 6.311433392522083907e-02 1.128502583810357396e-01 1.744338215624779975e-01 2.054013321904767930e-01 2.215669468084959237e-01 1.875947077917722583e-01 1.537745252186331069e-01 1.212764478469307294e-01 6.508156367986066282e-02
-5.616555824146536591e-02 2.242522270820886815e-03 5.936913087763372870e-02 1.211493927379946323e-01 1.601493804863022286e-01 1.875947077917722583e-01 1.749485570418814473e-01 1.600427018425487069e-01 1.462969532728415623e-01 1.053062540196878644e-01
-1.115018506479500404e-01 -5.978784677920002955e-02 5.121641705470972132e-03 6.782494509432628049e-02 1.155690842019529985e-01 1.537745252186331069e-01 1.600427018425487069e-01 1.664285260713214143e-01 1.729078820943271977e-01 1.471059316353728330e-01
-1.714579225925316752e-01 -1.257319075564576893e-01 -5.185461231762643342e-02 1.270001010996941668e-02 7.084483475134532859e-02 1.212764478469307294e-01 1.462969532728415623e-01 1.729078820943271977e-01 2.028840806184264989e-01 1.935559197095139683e-01
-2.049155306483497752e-01 -1.736148776110633674e-01 -1.031749923878690772e-01 -4.840830703120856116e-02 1.034656727954048200e-02 6.508156367986066282e-02 1.053062540196878644e-01 1.471059316353728330e-01 1.935559197095139683e-01 2.070103119210849052e-01
2.240662351837503230e-01 1.918932811100932390e-01 1.549373552106951268e-01 1.125666660850476730e-01 4.927402942738440261e-02 -1.031634283081025831e-02 -6.678507050873469519e-02 -1.172026021079657643e-01 -1.736275712005017069e-01 -2.105135706162513110e-01
1.918932811100932390e-01 1.897542522978635238e-01 1.797457691634265775e-01 1.601509592481261124e-01 1.063679883994544662e-01 5.395420881451174627e-02 5.487044936594717096e-04 -5.336983747641190629e-02 -1.115067643270089143e-01 -1.590389946614232386e-01
1.549373552106951268e-01 1.797457691634265775e-01 1.995983028257745651e-01 2.043727932864887742e-01 1.608163152754176761e-01 1.164025348480890731e-01 6.745281890783996759e-02 1.151316580370912238e-02 -4.721040351579538358e-02 -1.046115472158527376e-01
1.125666660850476730e-01 1.601509592481261124e-01 2.043727932864887742e-01 2.352764750295819607e-01 2.043020104227381006e-01 1.692847936789836361e-01 1.267065456121518330e-01 7.186198862906373330e-02 1.578520875675222881e-02 -4.819440432768541671e-02
4.927402942738440261e-02 1.063679883994544662e-01 1.608163152754176761e-01 2.043020104227381006e-01 1.959312382088013726e-01 1.789072661859593127e-01 1.516221908412252739e-01 1.097142475635034808e-01 6.858605499722375543e-02 1.328543958999461351e-02
-1.031634283081025831e-02 5.395420881451174627e-02 1.164025348480890731e-01 1.692847936789836361e-01 1.789072661859593127e-01 1.815406557014978550e-01 1.702326183074348021e-01 1.413660652808166884e-01 1.148534019568315245e-01 6.915630314319949623e-02
-6.678507050873469519e-02 5.487044936594717096e-04 6.745281890783996759e-02 1.267065456121518330e-01 1.516221908412252739e-01 1.702326183074348021e-01 1.771630833173067909e-01 1.635849464576932810e-01 1.527607156456929072e-01 1.186260883205820932e-01
-1.172026021079657643e-01 -5.336983747641190629e-02 1.151316580370912238e-02 7.186198862906373330e-02 1.097142475635034808e-01 1.413660652808166884e-01 1.635849464576932810e-01 1.691626194764278002e-01 1.765549846180679006e-01 1.573505640554354323e-01
-1.736275712005017069e-01 -1.115067643270089143e-01 -4.721040351579538358e-02 1.578520875675222881e-02 6.858605499722375543e-02 1.148534019568315245e-01 1.527607156456929072e-01 1.765549846180679006e-01 2.056855050587239608e-01 2.027628477002000051e-01
-2.105135706162513110e-01 -1.590389946614232386e-01 -1.046115472158527376e-01 -4.819440432768541671e-02 1.328543958999461351e-02 6.915630314319949623e-02 1.186260883205820932e-01 1.573505640554354323e-01 2.027628477002000051e-01 2.218216329002709042e-01
1.917221098809475111e-01 1.845185775831642561e-01 1.555972538045088116e-01 1.160980759600670764e-01 5.296674152925891221e-02 -1.054417264996298891e-02 -6.977561115456051843e-02 -1.146543453286093528e-01 -1.532551467710335236e-01 -1.854216285448179735e-01
1.845185775831642561e-01 1.993381031903490586e-01 1.889296442701104695e-01 1.655519634511713467e-01 1.090150350789569900e-01 5.033555966834922513e-02 -1.032756807504390736e-02 -6.548774205320179176e-02 -1.154420529355954100e-01 -1.602888727654073198e-01
1.555972538045088116e-01 1.889296442701104695e-01 2.025603711386879668e-01 2.003556395413344238e-01 1.567506341269968573e-01 1.093994240693055842e-01 5.409663142269534319e-02 -5.872580959741842063e-03 -6.280065143312144049e-02 -1.163973858425856184e-01
1.160980759600670764e-01 1.655519634511713467e-01 2.003556395413344238e-01 2.237864404648543526e-01 1.974567303586161060e-01 1.646995058716228533e-01 1.182123254039089133e-01 5.706291389865159047e-02 -3.637027073177244788e-03 -6.348623634005547134e-02
5.296674152925891221e-02 1.090150350789569900e-01 1.567506341269968573e-01 1.974567303586161060e-01 1.978446915412707952e-01 1.881042459602207395e-01 1.598038815731214202e-01 1.093940807281571226e-01 5.712929337967884852e-02 3.030634443109395462e-03
-1.054417264996298891e-02 5.033555966834922513e-02 1.093994240693055842e-01 1.646995058716228533e-01 1.881042459602207395e-01 2.041828360942833376e-01 1.957531979881336759e-01 1.571413194437146221e-01 1.144665618396785850e-01 6.784372263555092653e-02
-6.977561115456051843e-02 -1.032756807504390736e-02 5.409663142269534319e-02 1.182123254039089133e-01 1.598038815731214202e-01 1.957531979881336759e-01 2.102718354275177337e-01 1.876793587399705476e-01 1.580445499281137867e-01 1.226964215748922588e-01
-1.146543453286093528e-01 -6.548774205320179176e-02 -5.872580959741842063e-03 5.706291389865159047e-02 1.093940807281571226e-01 1.571413194437146221e-01 1.876793587399705476e-01 1.868347773709048143e-01 1.753185428593954098e-01 1.558848066308240188e-01
-1.532551467710335236e-01 -1.154420529355954100e-01 -6.280065143312144049e-02 -3.637027073177244788e-03 5.712929337967884852e-02 1.144665618396785850e-01 1.580445499281137867e-01 1.753185428593954098e-01 1.841471042520913259e-01 1.818828236232625517e-01
-1.854216285448179735e-01 -1.602888727654073198e-01 -1.163973858425856184e-01 -6.348623634005547134e-02 3.030634443109395462e-03 6.784372263555092653e-02 1.226964215748922588e-01 1.558848066308240188e-01 1.818828236232625517e-01 1.993117306390923271e-01
2.232645729327840667e-01 1.947101021610860849e-01 1.618540804974570313e-01 1.070972606042368824e-01 6.115868474735364907e-02 6.148879389825435277e-03 -5.230563060160337702e-02 -1.095732765171451156e-01 -1.696052199036525432e-01 -2.136306118952636945e-01
1.947101021610860849e-01 1.907143163803185215e-01 1.784297624134895122e-01 1.394301926364872879e-01 1.110811453635842661e-01 6.701605107536925954e-02 1.003726880038622454e-02 -5.100043711224254428e-02 -1.146821955917114305e-01 -1.677638306926562961e-01
1.618540804974570313e-01 1.784297624134895122e-01 1.886059761931558332e-01 1.667310721216099245e-01 1.560375137927724754e-01 1.233392368688833590e-01 6.933945463305106471e-02 6.431744748396445166e-03 -5.937157451352901433e-02 -1.201484637393200328e-01
1.070972606042368824e-01 1.394301926364872879e-01 1.667310721216099245e-01 1.671328786984635217e-01 1.763165641092222513e-01 1.592289126738459237e-01 1.155696360704213804e-01 6.017170116442265015e-02 2.176092575076889885e-03 -5.730501578419464059e-02
6.115868474735364907e-02 1.110811453635842661e-01 1.560375137927724754e-01 1.763165641092222513e-01 2.079047324184615797e-01 2.058199864080018093e-01 1.688091439595242882e-01 1.165396847682094172e-01 6.227231947715939492e-02 1.471464830989816527e-04
6.148879389825435277e-03 6.701605107536925954e-02 1.233392368688833590e-01 1.592289126738459237e-01 2.058199864080018093e-01 2.228491346964922570e-01 1.989979387747254636e-01 1.570066282538733482e-01 1.138738005478642373e-01 5.800515106147881295e-02
-5.230563060160337702e-02 1.003726880038622454e-02 6.933945463305106471e-02 1.155696360704213804e-01 1.688091439595242882e-01 1.989979387747254636e-01 1.964778491302208718e-01 1.736008705950900510e-01 1.492778669932072755e-01 1.088595042476250135e-01
-1.095732765171451156e-01 -5.100043711224254428e-02 6.431744748396445166e-03 6.017170116442265015e-02 1.165396847682094172e-01 1.570066282538733482e-01 1.736008705950900510e-01 1.754550593575789075e-01 1.743830447513924353e-01 1.536707129415014472e-01
