3.318514992903366934e-01 3.056941895956827859e-01 1.439277048521825364e-01 7.521410293411401327e-02 1.643589107043648759e-02 -1.018134767119190792e-02 -4.135643829926403947e-02 -7.199571423477668652e-02 -1.103296825548701343e-01 -1.305315859800295908e-01
3.056941895956827859e-01 4.422421652472263154e-01 1.914829265932941615e-01 1.149610504658410970e-01 6.056854946958831198e-02 1.366378958966909044e-02 -7.040235636077019771e-03 -3.518763693229607498e-02 -8.206074555736167508e-02 -1.158105896022929154e-01
1.439277048521825364e-01 1.914829265932941615e-01 1.096791041964123581e-01 1.046538857180822624e-01 9.293935335466638192e-02 3.668496908175639115e-02 3.333283374139470179e-02 2.143271641698469426e-02 -1.017257987503093243e-02 -4.572179691881154973e-02
7.521410293411401327e-02 1.149610504658410970e-01 1.046538857180822624e-01 1.679070827686269252e-01 1.932446155468065530e-01 8.477519615630363381e-02 9.212702922757542989e-02 8.633986965882356479e-02 5.255786190521717638e-02 -4.864571987305391781e-03
1.643589107043648759e-02 6.056854946958831198e-02 9.293935335466638192e-02 1.932446155468065530e-01 2.511118495859018807e-01 1.142083801466576287e-01 1.302953886552208340e-01 1.285383958454885955e-01 9.520492564136635860e-02 2.659683736160353001e-02
-1.018134767119190792e-02 1.366378958966909044e-02 3.668496908175639115e-02 8.477519615630363381e-02 1.142083801466576287e-01 6.041996552797808395e-02 8.599379131975148916e-02 9.387883826973070223e-02 6.955562828920358598e-02 2.479929475258232235e-02
-4.135643829926403947e-02 -7.040235636077019771e-03 3.333283374139470179e-02 9.212702922757542989e-02 1.302953886552208340e-01 8.599379131975148916e-02 1.591626877375033611e-01 1.903606404781102712e-01 1.382607269006862483e-01 5.339109524858868389e-02
-7.199571423477668652e-02 -3.518763693229607498e-02 2.143271641698469426e-02 8.633986965882356479e-02 1.285383958454885955e-01 9.387883826973070223e-02 1.903606404781102712e-01 2.552492183502347300e-01 1.881206471019352955e-01 7.598572003398129660e-02
-1.103296825548701343e-01 -8.206074555736167508e-02 -1.017257987503093243e-02 5.255786190521717638e-02 9.520492564136635860e-02 6.955562828920358598e-02 1.382607269006862483e-01 1.881206471019352955e-01 1.593720968860869724e-01 7.969759583427428462e-02
-1.305315859800295908e-01 -1.158105896022929154e-01 -4.572179691881154973e-02 -4.864571987305391781e-03 2.659683736160353001e-02 2.479929475258232235e-02 5.339109524858868389e-02 7.598572003398129660e-02 7.969759583427428462e-02 6.300433040969245779e-02
1.084118296154768929e-01 1.105245444564013357e-01 1.084658869603299380e-01 1.117278143469241924e-01 6.581664256051977802e-02 2.981092395123954158e-02 -1.361367404348121785e-02 -7.784359952757741175e-02 -1.050822796812727333e-01 -1.313781135117038368e-01
1.105245444564013357e-01 1.424880186444522634e-01 1.563899525117582734e-01 1.696780531184763907e-01 1.082948043301320135e-01 6.934507346338808498e-02 2.952866908091143772e-02 -1.316416896293631615e-02 -5.149825266105038241e-02 -9.705324814154143998e-02
1.084658869603299380e-01 1.563899525117582734e-01 1.955326119477186764e-01 2.324230901603576704e-01 1.417434173075144410e-01 9.405417353352749088e-02 5.501499451486621672e-02 2.594386021745982013e-02 -2.000411146954490793e-02 -7.631788964349116300e-02
1.117278143469241924e-01 1.696780531184763907e-01 2.324230901603576704e-01 3.598449585556841024e-01 1.995913827204673086e-01 1.252375417374289313e-01 7.830339158404077404e-02 5.549566935675828705e-02 7.739101610341328008e-04 -6.734893351500925718e-02
6.581664256051977802e-02 1.082948043301320135e-01 1.417434173075144410e-01 1.995913827204673086e-01 1.293610756763376446e-01 9.053483673480380856e-02 6.646577624584659727e-02 6.522240561361379585e-02 2.589369650162832645e-02 -2.499016035987775691e-02
2.981092395123954158e-02 6.934507346338808498e-02 9.405417353352749088e-02 1.252375417374289313e-01 9.053483673480380856e-02 7.594869183924617129e-02 7.224782926931050397e-02 9.939067546191547586e-02 6.255405347372058888e-02 1.807254036919970011e-02
-1.361367404348121785e-02 2.952866908091143772e-02 5.501499451486621672e-02 7.830339158404077404e-02 6.646577624584659727e-02 7.224782926931050397e-02 9.773683629253421268e-02 1.796898752160015489e-01 1.242808509148597695e-01 7.807486234059175800e-02
-7.784359952757741175e-02 -1.316416896293631615e-02 2.594386021745982013e-02 5.549566935675828705e-02 6.522240561361379585e-02 9.939067546191547586e-02 1.796898752160015489e-01 4.112595363545342719e-01 2.663041333393394994e-01 1.890871727847387718e-01
-1.050822796812727333e-01 -5.149825266105038241e-02 -2.000411146954490793e-02 7.739101610341328008e-04 2.589369650162832645e-02 6.255405347372058888e-02 1.242808509148597695e-01 2.663041333393394994e-01 2.614772914725542741e-01 2.132206294045343453e-01
-1.313781135117038368e-01 -9.705324814154143998e-02 -7.631788964349116300e-02 -6.734893351500925718e-02 -2.499016035987775691e-02 1.807254036919970011e-02 7.807486234059175800e-02 1.890871727847387718e-01 2.132206294045343453e-01 2.179391496014619622e-01
1.998585170433038183e-01 2.237662104501295102e-01 1.070187876786921899e-01 6.040990751453740454e-02 2.424131320204717457e-02 -9.037414518092704713e-03 -4.069839333615608845e-02 -8.619422262650408562e-02 -1.038766641676200642e-01 -2.082249231709811244e-01
2.237662104501295102e-01 3.325625923244048820e-01 1.567300912014283898e-01 9.795137363238891337e-02 6.501129948901124278e-02 2.303026690511571217e-02 -2.283025409397063457e-02 -7.567366894861886351e-02 -9.893153057065837142e-02 -1.993360410948459283e-01
1.070187876786921899e-01 1.567300912014283898e-01 9.091284063914323310e-02 8.541840861173660704e-02 9.501627236650243835e-02 6.437025426268125350e-02 2.544906643333866986e-02 -7.746216371863968650e-03 -3.770108317858202746e-02 -9.563319431901209922e-02
6.040990751453740454e-02 9.795137363238891337e-02 8.541840861173660704e-02 1.335098342716287412e-01 2.011080562961790608e-01 1.498288382007803843e-01 9.105458131983741599e-02 5.827887955092325711e-02 3.923963349151972022e-03 -4.411156557943066853e-02
2.424131320204717457e-02 6.501129948901124278e-02 9.501627236650243835e-02 2.011080562961790608e-01 3.720492181771881679e-01 2.623005888207954328e-01 1.656995594264988048e-01 1.282343849627761434e-01 4.610970117697044818e-02 5.204074862817699605e-03
-9.037414518092704713e-03 2.303026690511571217e-02 6.437025426268125350e-02 1.498288382007803843e-01 2.623005888207954328e-01 2.589900060304839435e-01 1.739031753447666251e-01 1.418719476382853673e-01 6.232146429379221281e-02 3.895789776546976918e-02
-4.069839333615608845e-02 -2.283025409397063457e-02 2.544906643333866986e-02 9.105458131983741599e-02 1.656995594264988048e-01 1.739031753447666251e-01 1.347765676770429355e-01 1.235723040599871481e-01 6.626027135490827891e-02 6.687748276519034363e-02
-8.619422262650408562e-02 -7.567366894861886351e-02 -7.746216371863968650e-03 5.827887955092325711e-02 1.282343849627761434e-01 1.418719476382853673e-01 1.235723040599871481e-01 1.334631643227476017e-01 8.853462808439589715e-02 1.182650077603099315e-01
-1.038766641676200642e-01 -9.893153057065837142e-02 -3.770108317858202746e-02 3.923963349151972022e-03 4.610970117697044818e-02 6.232146429379221281e-02 6.626027135490827891e-02 8.853462808439589715e-02 7.910419683361435972e-02 1.342450858217069387e-01
-2.082249231709811244e-01 -1.993360410948459283e-01 -9.563319431901209922e-02 -4.411156557943066853e-02 5.204074862817699605e-03 3.895789776546976918e-02 6.687748276519034363e-02 1.182650077603099315e-01 1.342450858217069387e-01 2.647730626804423726e-01
1.799072044169388040e-01 1.560068303543999113e-01 1.128388353578485270e-01 4.776595083934392916e-02 -9.012929081051980484e-03 -5.643265263796735237e-02 -1.001534357721035329e-01 -8.110816344565513480e-02 -7.815691053669200639e-02 -1.627414085027388824e-01
1.560068303543999113e-01 2.076106937644630890e-01 2.363060656934251047e-01 1.667960344396402506e-01 4.330819272633287809e-02 -7.102024299905264001e-03 -4.683287676287024165e-02 -4.315281039081493575e-02 -4.857078130089148571e-02 -1.139074320154099956e-01
1.128388353578485270e-01 2.363060656934251047e-01 4.046946267561518096e-01 2.989991132146722075e-01 1.026516015833878470e-01 5.360511251944077848e-02 2.418656982794997745e-02 6.493053866812028771e-03 -9.805897024647054414e-03 -4.814002461026764546e-02
4.776595083934392916e-02 1.667960344396402506e-01 2.989991132146722075e-01 3.587880110422954072e-01 1.286935191980841386e-01 8.916410494797655240e-02 7.936384612823942086e-02 4.650554155940129358e-02 2.361799800782313566e-02 1.471520584252092832e-02
-9.012929081051980484e-03 4.330819272633287809e-02 1.026516015833878470e-01 1.286935191980841386e-01 5.446832206662646086e-02 5.480313338180629879e-02 7.307484922237547642e-02 4.102066544932142511e-02 2.462622724306516575e-02 3.287433793471233184e-02
-5.643265263796735237e-02 -7.102024299905264001e-03 5.360511251944077848e-02 8.916410494797655240e-02 5.480313338180629879e-02 9.549671189874020527e-02 1.768924338856142919e-01 8.800718613777983035e-02 5.005381406919177933e-02 7.415406531784138333e-02
-1.001534357721035329e-01 -4.683287676287024165e-02 2.418656982794997745e-02 7.936384612823942086e-02 7.307484922237547642e-02 1.768924338856142919e-01 3.974874405032535196e-01 1.756580450507035096e-01 8.574362949400367306e-02 1.175664572145761200e-01
-8.110816344565513480e-02 -4.315281039081493575e-02 6.493053866812028771e-03 4.650554155940129358e-02 4.102066544932142511e-02 8.800718613777983035e-02 1.756580450507035096e-01 9.362146567702391009e-02 5.675694875222083574e-02 9.077780797350235020e-02
-7.815691053669200639e-02 -4.857078130089148571e-02 -9.805897024647054414e-03 2.361799800782313566e-02 2.462622724306516575e-02 5.005381406919177933e-02 8.574362949400367306e-02 5.675694875222083574e-02 4.469838368975708603e-02 8.230940179051207672e-02
-1.627414085027388824e-01 -1.139074320154099956e-01 -4.814002461026764546e-02 1.471520584252092832e-02 3.287433793471233184e-02 7.415406531784138333e-02 1.175664572145761200e-01 9.077780797350235020e-02 8.230940179051207672e-02 1.632271401847491255e-01
3.158148358208978657e-01 1.611586693290513739e-01 1.563254860528582035e-01 1.440621799202411180e-01 7.956123853303168070e-02 3.194005256564877437e-02 4.447283743818315760e-03 -4.571949918627483955e-02 -1.074438230908097425e-01 -1.548449208738220950e-01
1.611586693290513739e-01 9.734511681547693140e-02 1.190956853489921197e-01 1.200024910655998200e-01 6.610311013724406992e-02 3.234578825089503423e-02 2.628505791443239842e-02 1.465222312045276736e-03 -3.460469819093554139e-02 -7.282927721517575004e-02
1.563254860528582035e-01 1.190956853489921197e-01 1.965502464012948980e-01 2.152927647338177541e-01 1.140469810527319355e-01 5.702844416694435870e-02 5.686287274866468761e-02 3.208230820198476607e-02 -1.027961415838159892e-02 -6.434332394560193791e-02
1.440621799202411180e-01 1.200024910655998200e-01 2.152927647338177541e-01 2.646357110760153009e-01 1.394881138559901090e-01 7.093529546996717172e-02 7.652103745938899915e-02 5.509950435787745043e-02 1.373264114242020960e-02 -5.217139399632051561e-02
7.956123853303168070e-02 6.610311013724406992e-02 1.140469810527319355e-01 1.394881138559901090e-01 8.091719706068353779e-02 5.019218111912202712e-02 7.045196201755982157e-02 6.413156406313236246e-02 3.896695393749572550e-02 -1.714880398991251373e-02
3.194005256564877437e-02 3.234578825089503423e-02 5.702844416694435870e-02 7.093529546996717172e-02 5.019218111912202712e-02 4.635550900782064998e-02 8.900593869458170437e-02 9.636894949768103069e-02 7.752361320189106453e-02 1.589794014250537485e-02
4.447283743818315760e-03 2.628505791443239842e-02 5.686287274866468761e-02 7.652103745938899915e-02 7.045196201755982157e-02 8.900593869458170437e-02 2.004945053580836078e-01 2.310665956879251470e-01 1.948069495295397247e-01 6.979918609266262675e-02
-4.571949918627483955e-02 1.465222312045276736e-03 3.208230820198476607e-02 5.509950435787745043e-02 6.413156406313236246e-02 9.636894949768103069e-02 2.310665956879251470e-01 3.097305108013123087e-01 2.760636138486337043e-01 1.155259276890096692e-01
-1.074438230908097425e-01 -3.460469819093554139e-02 -1.027961415838159892e-02 1.373264114242020960e-02 3.896695393749572550e-02 7.752361320189106453e-02 1.948069495295397247e-01 2.760636138486337043e-01 3.711774645184460208e-01 1.645621363250146518e-01
-1.548449208738220950e-01 -7.282927721517575004e-02 -6.434332394560193791e-02 -5.217139399632051561e-02 -1.714880398991251373e-02 1.589794014250537485e-02 6.979918609266262675e-02 1.155259276890096692e-01 1.645621363250146518e-01 1.169789031399686569e-01
9.812489008474635510e-02 1.133105636001528194e-01 5.250902356747924604e-02 7.089773570126571556e-02 5.116249028522777687e-02 2.804775349778991511e-02 -2.275045638788510821e-02 -9.686672777590454864e-02 -9.630829907144354551e-02 -1.623605542162818438e-01
1.133105636001528194e-01 1.615456297739191749e-01 8.566242853522797185e-02 1.374336520599153122e-01 1.131189758351083263e-01 9.003187069120802133e-02 1.832008218256616326e-03 -8.849111450169828974e-02 -9.251688236814560595e-02 -1.550012362154457035e-01
5.250902356747924604e-02 8.566242853522797185e-02 5.508468953197392243e-02 1.062849868131769127e-01 9.363908841597691490e-02 8.169092765561002112e-02 2.264456149193840723e-02 -1.718636834867500948e-02 -3.103501842888891846e-02 -6.092992112341684419e-02
7.089773570126571556e-02 1.374336520599153122e-01 1.062849868131769127e-01 2.374074420413929687e-01 2.167018158594739285e-01 1.940138371501771708e-01 7.740602169389376730e-02 3.118771725943404044e-02 -1.533395764686033662e-02 -6.033025791589499004e-02
5.116249028522777687e-02 1.131189758351083263e-01 9.363908841597691490e-02 2.167018158594739285e-01 2.405175946445319013e-01 2.401726641803482443e-01 1.023391398626867926e-01 6.897530140771665486e-02 1.150712841762302312e-02 -2.750318014743229067e-02
2.804775349778991511e-02 9.003187069120802133e-02 8.169092765561002112e-02 1.940138371501771708e-01 2.401726641803482443e-01 3.184110115820265041e-01 1.423949948761010775e-01 1.229876764887062601e-01 4.804085665222041640e-02 1.642780019435678002e-02
-2.275045638788510821e-02 1.832008218256616326e-03 2.264456149193840723e-02 7.740602169389376730e-02 1.023391398626867926e-01 1.423949948761010775e-01 9.500412029150126503e-02 1.463062875545612651e-01 7.710024869900745925e-02 6.774506684320355521e-02
-9.686672777590454864e-02 -8.849111450169828974e-02 -1.718636834867500948e-02 3.118771725943404044e-02 6.897530140771665486e-02 1.229876764887062601e-01 1.463062875545612651e-01 3.345445761416396824e-01 1.889565277431220491e-01 1.848790278429879308e-01
-9.630829907144354551e-02 -9.251688236814560595e-02 -3.103501842888891846e-02 -1.533395764686033662e-02 1.150712841762302312e-02 4.804085665222041640e-02 7.710024869900745925e-02 1.889565277431220491e-01 1.417101629753269587e-01 1.842482963399579010e-01
-1.623605542162818438e-01 -1.550012362154457035e-01 -6.092992112341684419e-02 -6.033025791589499004e-02 -2.750318014743229067e-02 1.642780019435678002e-02 6.774506684320355521e-02 1.848790278429879308e-01 1.842482963399579010e-01 3.176498829329415519e-01
2.413811505263562251e-01 1.748688487993571294e-01 8.766074698138721921e-02 -6.876858275712194844e-03 -5.069047160920535366e-02 -8.487491611318481732e-02 -1.062416948112948067e-01 -1.173823674245857707e-01 -1.466652334579232886e-01 -2.238712469433011554e-01
1.748688487993571294e-01 1.863126678604364039e-01 2.017968215820283018e-01 1.123752271006561027e-01 1.087172047298902433e-02 -3.826526514703082471e-02 -6.363632940701052787e-02 -7.536771667327818447e-02 -9.495663985502950100e-02 -1.444727198924925515e-01
8.766074698138721921e-02 2.017968215820283018e-01 4.505006048330605362e-01 3.171030754621765868e-01 1.205622221621316936e-01 4.931909451195811561e-02 1.802517819817765418e-02 2.061500720105389345e-03 -1.077964332502134338e-02 -3.557015558082445711e-02
-6.876858275712194844e-03 1.123752271006561027e-01 3.171030754621765868e-01 4.123692970178202688e-01 1.662069794376571097e-01 9.272169693259424417e-02 6.701922389154746362e-02 5.457121772470512749e-02 5.182717084288967352e-02 5.350219080473703898e-02
-5.069047160920535366e-02 1.087172047298902433e-02 1.205622221621316936e-01 1.662069794376571097e-01 8.441139916304582491e-02 6.456364982286265375e-02 5.976989033737503676e-02 5.631676636047339146e-02 5.915915480546522082e-02 7.082905477671246064e-02
-8.487491611318481732e-02 -3.826526514703082471e-02 4.931909451195811561e-02 9.272169693259424417e-02 6.456364982286265375e-02 6.732230886950729687e-02 7.243169247239919506e-02 7.284595463438665874e-02 7.907074059959476320e-02 9.786602780548991909e-02
-1.062416948112948067e-01 -6.363632940701052787e-02 1.802517819817765418e-02 6.701922389154746362e-02 5.976989033737503676e-02 7.243169247239919506e-02 8.314886976251122108e-02 8.598173890837372546e-02 9.474205241966823787e-02 1.183128152734317096e-01
-1.173823674245857707e-01 -7.536771667327818447e-02 2.061500720105389345e-03 5.457121772470512749e-02 5.631676636047339146e-02 7.284595463438665874e-02 8.598173890837372546e-02 9.155106122189679563e-02 1.036520246352045788e-01 1.318543215874608543e-01
-1.466652334579232886e-01 -9.495663985502950100e-02 -1.077964332502134338e-02 5.182717084288967352e-02 5.915915480546522082e-02 7.907074059959476320e-02 9.474205241966823787e-02 1.036520246352045788e-01 1.256370031915186591e-01 1.689487724657077472e-01
-2.238712469433011554e-01 -1.444727198924925515e-01 -3.557015558082445711e-02 5.350219080473703898e-02 7.082905477671246064e-02 9.786602780548991909e-02 1.183128152734317096e-01 1.318543215874608543e-01 1.689487724657077472e-01 2.573656375538456165e-01
1.430877969087749613e-01 1.483950945082589956e-01 1.376814565411592639e-01 8.273719423514645788e-02 4.478144044648703359e-02 -1.016325559307181339e-02 -4.575194449327726898e-02 -1.133262308948786296e-01 -1.286126702956917056e-01 -1.206706353449209096e-01
1.483950945082589956e-01 1.855934559759721547e-01 1.990676266715305509e-01 1.316227260391530374e-01 9.878145323101014674e-02 4.264296460681070433e-02 -1.567873947362274228e-02 -7.967580099814072780e-02 -1.039994336632524968e-01 -1.100237133075072093e-01
1.376814565411592639e-01 1.990676266715305509e-01 2.690535599261191235e-01 1.911156385865385721e-01 1.620910531951242073e-01 1.056727998444694783e-01 2.365290808650224313e-02 -3.226219254830913624e-02 -6.913633430165395943e-02 -8.909328373354268027e-02
8.273719423514645788e-02 1.316227260391530374e-01 1.911156385865385721e-01 1.737385613169424026e-01 1.814285296965030825e-01 1.381834246983955072e-01 5.527229037474612472e-02 2.684382679345585429e-02 -1.171973023468146288e-02 -4.129372336866733023e-02
4.478144044648703359e-02 9.878145323101014674e-02 1.620910531951242073e-01 1.814285296965030825e-01 2.539505445591025978e-01 2.188742687887190175e-01 1.047922838308624344e-01 9.524704454697331679e-02 4.903984620782944615e-02 2.066116067557095554e-03
-1.016325559307181339e-02 4.264296460681070433e-02 1.056727998444694783e-01 1.381834246983955072e-01 2.188742687887190175e-01 2.380706124272622404e-01 1.308231151983355045e-01 1.482969645319707208e-01 1.038622557469400243e-01 5.095647920932082353e-02
-4.575194449327726898e-02 -1.567873947362274228e-02 2.365290808650224313e-02 5.527229037474612472e-02 1.047922838308624344e-01 1.308231151983355045e-01 9.765291416787147405e-02 1.507570763773888323e-01 1.140347268043796214e-01 6.820564413477037125e-02
-1.133262308948786296e-01 -7.967580099814072780e-02 -3.226219254830913624e-02 2.684382679345585429e-02 9.524704454697331679e-02 1.482969645319707208e-01 1.507570763773888323e-01 3.005520982278211406e-01 2.300843142882170178e-01 1.417985457753392353e-01
-1.286126702956917056e-01 -1.039994336632524968e-01 -6.913633430165395943e-02 -1.171973023468146288e-02 4.903984620782944615e-02 1.038622557469400243e-01 1.140347268043796214e-01 2.300843142882170178e-01 2.185096820359258285e-01 1.472060466102272092e-01
-1.206706353449209096e-01 -1.100237133075072093e-01 -8.909328373354268027e-02 -4.129372336866733023e-02 2.066116067557095554e-03 5.095647920932082353e-02 6.820564413477037125e-02 1.417985457753392353e-01 1.472060466102272092e-01 1.197907744542078406e-01
6.099861096169301167e-02 1.168289824765552237e-01 9.283643496177074184e-02 5.617504702080285128e-02 -7.852974267821614257e-03 -4.892238345741431460e-02 -6.858991912178283301e-02 -7.004685199034835219e-02 -8.061901073336104340e-02 -6.194055535325696665e-02
1.168289824765552237e-01 2.680849999195910049e-01 2.369011543748374415e-01 1.789834964575404697e-01 4.477494438858319048e-02 -3.973308066385632109e-02 -8.081549487507944107e-02 -8.764853331276573067e-02 -1.057529675639839045e-01 -9.303100585169196690e-02
9.283643496177074184e-02 2.369011543748374415e-01 2.822474133255615247e-01 2.647956950564110401e-01 1.168895044482111262e-01 3.372616886969950767e-02 -1.349313747341045373e-02 -3.444043586358021963e-02 -5.340762947664390997e-02 -5.845966264086368408e-02
5.617504702080285128e-02 1.789834964575404697e-01 2.647956950564110401e-01 4.037884163111886693e-01 2.037306429581697831e-01 1.184343714264030900e-01 7.144982574384324547e-02 3.683644831841494105e-02 1.809154201650089652e-02 -1.030737989912019516e-02
-7.852974267821614257e-03 4.477494438858319048e-02 1.168895044482111262e-01 2.037306429581697831e-01 1.664248735516284938e-01 1.510534840540124768e-01 1.286818299082959638e-01 9.307441804727011048e-02 8.315436665782127701e-02 4.533964723670383390e-02
-4.892238345741431460e-02 -3.973308066385632109e-02 3.372616886969950767e-02 1.184343714264030900e-01 1.510534840540124768e-01 1.883334155946074229e-01 1.840331880814378152e-01 1.390609596793469516e-01 1.294074321755769585e-01 8.257514702896985581e-02
-6.858991912178283301e-02 -8.081549487507944107e-02 -1.349313747341045373e-02 7.144982574384324547e-02 1.286818299082959638e-01 1.840331880814378152e-01 2.109711673515484165e-01 1.679552592827805169e-01 1.578696849888913956e-01 1.022714702533702585e-01
-7.004685199034835219e-02 -8.764853331276573067e-02 -3.444043586358021963e-02 3.683644831841494105e-02 9.307441804727011048e-02 1.390609596793469516e-01 1.679552592827805169e-01 1.591319829674110176e-01 1.609602810922100558e-01 1.037440241529691415e-01
-8.061901073336104340e-02 -1.057529675639839045e-01 -5.340762947664390997e-02 1.809154201650089652e-02 8.315436665782127701e-02 1.294074321755769585e-01 1.578696849888913956e-01 1.609602810922100558e-01 1.790495538819568966e-01 1.169899690874872666e-01
-6.194055535325696665e-02 -9.303100585169196690e-02 -5.845966264086368408e-02 -1.030737989912019516e-02 4.533964723670383390e-02 8.257514702896985581e-02 1.022714702533702585e-01 1.037440241529691415e-01 1.169899690874872666e-01 8.096956613481449960e-02
3.985307510925997221e-01 1.353109281218736748e-01 1.278562493583783599e-01 9.193060012344203558e-02 8.099268977213071319e-02 -2.485590853920237320e-02 -1.063102160773777283e-01 -5.200060608090698727e-02 -9.700774447722894378e-02 -2.074678271397747131e-01
1.353109281218736748e-01 5.686703462520992236e-02 7.033720386918684842e-02 5.617335601208614526e-02 5.689347382058187325e-02 -2.321084731742838799e-03 -5.356481237485019586e-02 -2.598650082417403029e-02 -4.400712859046799347e-02 -8.199331405544392493e-02
1.278562493583783599e-01 7.033720386918684842e-02 1.119370138811066340e-01 9.955126156577594199e-02 1.188310550147853722e-01 2.747269233972702770e-02 -6.366209726908744759e-02 -3.418205940466147175e-02 -5.742479201577709025e-02 -9.439488430852337186e-02
9.193060012344203558e-02 5.617335601208614526e-02 9.955126156577594199e-02 1.055136280712176966e-01 1.654178760465118692e-01 9.202418219182756376e-02 -1.085425053290704420e-03 -1.535769532154657863e-02 -4.043268171576143433e-02 -6.984652677309702296e-02
8.099268977213071319e-02 5.689347382058187325e-02 1.188310550147853722e-01 1.654178760465118692e-01 3.573815135488060957e-01 2.832893962417227240e-01 1.384023015440722926e-01 1.950331637636699977e-02 -2.357493812333444697e-02 -5.717855947937861005e-02
-2.485590853920237320e-02 -2.321084731742838799e-03 2.747269233972702770e-02 9.202418219182756376e-02 2.832893962417227240e-01 4.542761952434346551e-01 2.818695336467855195e-01 7.127579197068945049e-02 3.741824216939444031e-02 3.051244066546911216e-02
-1.063102160773777283e-01 -5.356481237485019586e-02 -6.366209726908744759e-02 -1.085425053290704420e-03 1.384023015440722926e-01 2.818695336467855195e-01 3.150857553469474936e-01 9.172945776136258444e-02 7.615476402192419836e-02 9.421899313879238125e-02
-5.200060608090698727e-02 -2.598650082417403029e-02 -3.418205940466147175e-02 -1.535769532154657863e-02 1.950331637636699977e-02 7.127579197068945049e-02 9.172945776136258444e-02 2.965888858194362654e-02 2.995689102563394920e-02 4.189850692377221353e-02
-9.700774447722894378e-02 -4.400712859046799347e-02 -5.742479201577709025e-02 -4.043268171576143433e-02 -2.357493812333444697e-02 3.741824216939444031e-02 7.615476402192419836e-02 2.995689102563394920e-02 4.089345898978533067e-02 6.805611349668966303e-02
-2.074678271397747131e-01 -8.199331405544392493e-02 -9.439488430852337186e-02 -6.984652677309702296e-02 -5.717855947937861005e-02 3.051244066546911216e-02 9.421899313879238125e-02 4.189850692377221353e-02 6.805611349668966303e-02 1.298557606189494895e-01
2.360434999680325885e-01 2.549611496573168101e-01 1.406477993929459713e-01 7.192795074323665716e-02 4.220129457129395689e-02 1.820505421810445640e-02 -9.616233804692984194e-03 -3.631470347144159783e-02 -1.179983429145332607e-01 -1.697632507027169446e-01
2.549611496573168101e-01 4.272551681283199843e-01 2.116364058856115282e-01 1.091650378598610915e-01 8.131587016218021213e-02 7.206293989525167087e-02 3.247264831172599897e-02 -2.338152533390404353e-03 -4.995493446907006002e-02 -1.425680815024160386e-01
1.406477993929459713e-01 2.116364058856115282e-01 1.257438000800235600e-01 7.404293322493513130e-02 6.646951868272370223e-02 7.154290758181051924e-02 3.881958006961051810e-02 1.124217515625054210e-02 -6.480196438362887355e-03 -7.310652169864914618e-02
7.192795074323665716e-02 1.091650378598610915e-01 7.404293322493513130e-02 5.520704223504428743e-02 6.646534116072586040e-02 8.845796881195766570e-02 5.294228751828787549e-02 2.298362213616312461e-02 2.116767849825379813e-02 -2.676171087132898918e-02
4.220129457129395689e-02 8.131587016218021213e-02 6.646951868272370223e-02 6.646534116072586040e-02 1.049177948146740452e-01 1.591278904122360449e-01 9.904129984166487599e-02 4.764926440723009360e-02 5.818873385644413032e-02 6.246095386236498632e-03
1.820505421810445640e-02 7.206293989525167087e-02 7.154290758181051924e-02 8.845796881195766570e-02 1.591278904122360449e-01 2.578910982130388496e-01 1.634245183110264177e-01 8.178429928783678693e-02 1.078530514208076441e-01 4.283883904107822771e-02
-9.616233804692984194e-03 3.247264831172599897e-02 3.881958006961051810e-02 5.294228751828787549e-02 9.904129984166487599e-02 1.634245183110264177e-01 1.104401806073126990e-01 6.447800311306872700e-02 1.055184233048296893e-01 5.249686129621898567e-02
-3.631470347144159783e-02 -2.338152533390404353e-03 1.124217515625054210e-02 2.298362213616312461e-02 4.764926440723009360e-02 8.178429928783678693e-02 6.447800311306872700e-02 5.830196373464788251e-02 1.432463338641636330e-01 7.204403195934466764e-02
-1.179983429145332607e-01 -4.995493446907006002e-02 -6.480196438362887355e-03 2.116767849825379813e-02 5.818873385644413032e-02 1.078530514208076441e-01 1.055184233048296893e-01 1.432463338641636330e-01 4.510258483164667487e-01 2.066850429401762002e-01
-1.697632507027169446e-01 -1.425680815024160386e-01 -7.310652169864914618e-02 -2.676171087132898918e-02 6.246095386236498632e-03 4.283883904107822771e-02 5.249686129621898567e-02 7.204403195934466764e-02 2.066850429401762002e-01 1.731736039024399099e-01
9.168394619147708646e-02 1.699680659279556860e-01 1.113099110415679133e-01 6.607985655003480174e-02 1.404805990641602893e-02 -2.739565443202030687e-02 -5.500611049603640335e-02 -7.075858625251019163e-02 -9.034785500910753886e-02 -8.182495476490253550e-02
1.699680659279556860e-01 3.806829956354103039e-01 2.345158743912775789e-01 1.525297097269222024e-01 7.716971949029421962e-02 1.038244914976507120e-04 -5.064768178955554589e-02 -8.298660027112680915e-02 -1.186727624908638645e-01 -1.232600825798221833e-01
1.113099110415679133e-01 2.345158743912775789e-01 2.098663516464197576e-01 1.772917109874821429e-01 1.303925334916206935e-01 6.062409401802015818e-02 1.105283534535862928e-02 -3.184908245306103391e-02 -6.962540835674473072e-02 -8.097462009088864099e-02
6.607985655003480174e-02 1.525297097269222024e-01 1.772917109874821429e-01 2.098738807958389352e-01 2.059485055238733375e-01 1.340918067512831824e-01 8.432966610457504064e-02 3.308615095136854811e-02 -5.247796934551905365e-03 -3.282736747540927758e-02
1.404805990641602893e-02 7.716971949029421962e-02 1.303925334916206935e-01 2.059485055238733375e-01 2.889391376932137767e-01 2.170062666740023571e-01 1.625532710479429821e-01 1.055166466463090674e-01 7.257330863529838638e-02 2.775179530644862960e-02
-2.739565443202030687e-02 1.038244914976507120e-04 6.062409401802015818e-02 1.340918067512831824e-01 2.170062666740023571e-01 2.173583947943784900e-01 1.862355515308428133e-01 1.331805374785060003e-01 1.077654119189991322e-01 6.248543947636829576e-02
-5.500611049603640335e-02 -5.064768178955554589e-02 1.105283534535862928e-02 8.432966610457504064e-02 1.625532710479429821e-01 1.862355515308428133e-01 1.973234664743047373e-01 1.567058722479833799e-01 1.374331019644235985e-01 8.802837082087232312e-02
-7.075858625251019163e-02 -8.298660027112680915e-02 -3.184908245306103391e-02 3.308615095136854811e-02 1.055166466463090674e-01 1.331805374785060003e-01 1.567058722479833799e-01 1.497243697486469183e-01 1.466048926593243595e-01 1.000028322241795220e-01
-9.034785500910753886e-02 -1.186727624908638645e-01 -6.962540835674473072e-02 -5.247796934551905365e-03 7.257330863529838638e-02 1.077654119189991322e-01 1.374331019644235985e-01 1.466048926593243595e-01 1.615681690200790055e-01 1.170283631290502252e-01
-8.182495476490253550e-02 -1.232600825798221833e-01 -8.097462009088864099e-02 -3.282736747540927758e-02 2.775179530644862960e-02 6.248543947636829576e-02 8.802837082087232312e-02 1.000028322241795220e-01 1.170283631290502252e-01 9.297928800023180784e-02
2.075340408527593938e-01 1.379255234107838735e-01 1.347837038326200332e-01 8.746891462021215424e-02 9.628737473319238030e-03 -5.418087010454342850e-02 -8.047733787979716169e-02 -9.798669423518618915e-02 -1.048886581380999439e-01 -2.195210108294398665e-01
1.379255234107838735e-01 1.291726385310423553e-01 1.693838396174759953e-01 1.402239082519582403e-01 5.188721462071631263e-02 1.117075572996075947e-02 -2.522860424202474222e-02 -4.692790143936972913e-02 -5.648110609580249408e-02 -1.220425943486381781e-01
1.347837038326200332e-01 1.693838396174759953e-01 2.847886594630209545e-01 2.671693491259239384e-01 1.210489210160155815e-01 8.912712675548659091e-02 2.848351745523002021e-02 -9.304135199063871126e-03 -3.358027563755278805e-02 -9.145362381288990594e-02
8.746891462021215424e-02 1.402239082519582403e-01 2.671693491259239384e-01 3.777464157336526407e-01 1.714932044178687498e-01 1.484037455459276955e-01 8.319068322821231154e-02 4.206526649392754169e-02 5.283225046766070951e-03 -3.194093189702025548e-02
9.628737473319238030e-03 5.188721462071631263e-02 1.210489210160155815e-01 1.714932044178687498e-01 1.058573316701512668e-01 1.349812342899078255e-01 9.385536860833210149e-02 6.269938255517326642e-02 3.106694811713060431e-02 2.654169682447466913e-02
-5.418087010454342850e-02 1.117075572996075947e-02 8.912712675548659091e-02 1.484037455459276955e-01 1.349812342899078255e-01 2.452925026683973608e-01 1.901804951042056213e-01 1.376741935663311489e-01 8.017141230519085615e-02 9.839100592238037013e-02
-8.047733787979716169e-02 -2.522860424202474222e-02 2.848351745523002021e-02 8.319068322821231154e-02 9.385536860833210149e-02 1.901804951042056213e-01 1.695218606227741620e-01 1.340263793759548516e-01 8.474650764613571308e-02 1.144879968983008728e-01
-9.798669423518618915e-02 -4.692790143936972913e-02 -9.304135199063871126e-03 4.206526649392754169e-02 6.269938255517326642e-02 1.376741935663311489e-01 1.340263793759548516e-01 1.207280949681028143e-01 8.589512692881431932e-02 1.295965626259897030e-01
-1.048886581380999439e-01 -5.648110609580249408e-02 -3.358027563755278805e-02 5.283225046766070951e-03 3.106694811713060431e-02 8.017141230519085615e-02 8.474650764613571308e-02 8.589512692881431932e-02 7.573158630659396207e-02 1.362006914298168336e-01
-2.195210108294398665e-01 -1.220425943486381781e-01 -9.145362381288990594e-02 -3.194093189702025548e-02 2.654169682447466913e-02 9.839100592238037013e-02 1.144879968983008728e-01 1.295965626259897030e-01 1.362006914298168336e-01 2.836268691835052147e-01
4.436174526943752194e-02 3.806023406230758799e-02 7.049937113643534037e-02 6.032320864981685626e-02 2.445357008406277149e-02 6.080945209134224622e-03 -1.413095752207034310e-02 -3.018368994005111647e-02 -9.221283122512367869e-02 -1.037120090020254709e-01
3.806023406230758799e-02 4.544836492642603809e-02 9.586787995571229015e-02 8.441224970556229779e-02 3.600227456579625784e-02 1.664666157843940758e-02 -3.124107033777198152e-03 -2.087151103271991937e-02 -6.389092189336856298e-02 -7.078693068713755310e-02
7.049937113643534037e-02 9.586787995571229015e-02 2.117841219188720814e-01 1.895726744239799588e-01 8.447065337353784620e-02 5.007627790864677131e-02 1.195677104996578470e-02 -3.107634484207043302e-02 -1.040597486090745899e-01 -1.155450435111931989e-01
6.032320864981685626e-02 8.441224970556229779e-02 1.895726744239799588e-01 1.790731610877734914e-01 9.468267529901230883e-02 9.244699788560167830e-02 5.694666612844206249e-02 -1.080973333059778892e-02 -8.008130974458572970e-02 -9.620274805325308709e-02
2.445357008406277149e-02 3.600227456579625784e-02 8.447065337353784620e-02 9.468267529901230883e-02 8.549181144824315182e-02 1.557381616096104593e-01 1.270336010343418309e-01 3.102412321067166481e-02 -1.331398643906910213e-02 -3.642171255711091488e-02
6.080945209134224622e-03 1.664666157843940758e-02 5.007627790864677131e-02 9.244699788560167830e-02 1.557381616096104593e-01 3.846349539016404862e-01 3.216214043226415242e-01 1.073917683353367292e-01 5.375900686531492889e-02 1.806764362109478887e-03
-1.413095752207034310e-02 -3.124107033777198152e-03 1.195677104996578470e-02 5.694666612844206249e-02 1.270336010343418309e-01 3.216214043226415242e-01 4.623695597367022403e-01 1.460454846903692927e-01 9.667296766558901300e-02 4.444954979602541018e-02
-3.018368994005111647e-02 -2.087151103271991937e-02 -3.107634484207043302e-02 -1.080973333059778892e-02 3.102412321067166481e-02 1.073917683353367292e-01 1.460454846903692927e-01 6.558933271237724072e-02 9.364476347195907491e-02 7.825127480423053894e-02
-9.221283122512367869e-02 -6.389092189336856298e-02 -1.040597486090745899e-01 -8.008130974458572970e-02 -1.331398643906910213e-02 5.375900686531492889e-02 9.667296766558901300e-02 9.364476347195907491e-02 2.470539362046087761e-01 2.420188707944594952e-01
-1.037120090020254709e-01 -7.078693068713755310e-02 -1.155450435111931989e-01 -9.620274805325308709e-02 -3.642171255711091488e-02 1.806764362109478887e-03 4.444954979602541018e-02 7.825127480423053894e-02 2.420188707944594952e-01 2.741930127939201656e-01
1.292663909057920890e-01 1.883757333549112012e-01 8.005755369792663667e-02 3.615401276483865695e-02 2.900931975793671902e-02 1.394279773056721419e-02 2.540538079916269086e-04 -2.650052917776931846e-02 -6.940719614871895815e-02 -1.854453340419025265e-01
1.883757333549112012e-01 4.218680104385108542e-01 1.634254290208111415e-01 7.407623906359506183e-02 7.040074123670418682e-02 5.120942377986219263e-02 5.041166691886690698e-02 1.027073028942004917e-02 -5.474751910740591893e-02 -1.800469688661899548e-01
8.005755369792663667e-02 1.634254290208111415e-01 7.791755302751976475e-02 4.902709660444889289e-02 6.320160321725597219e-02 5.470614290819755116e-02 6.576207709635688292e-02 3.951477164422476096e-02 -8.328942372761763066e-03 -7.695444265615097867e-02
3.615401276483865695e-02 7.407623906359506183e-02 4.902709660444889289e-02 4.568326682133073968e-02 7.311879047556386901e-02 6.964500483315902435e-02 9.131470928409504695e-02 6.793188418210391322e-02 2.095037502146085764e-02 -2.435921417255801358e-02
2.900931975793671902e-02 7.040074123670418682e-02 6.320160321725597219e-02 7.311879047556386901e-02 1.280814095793282037e-01 1.271101978517319431e-01 1.727280731413629034e-01 1.339158125313898440e-01 5.733686081163439502e-02 1.683445374565976970e-03
1.394279773056721419e-02 5.120942377986219263e-02 5.470614290819755116e-02 6.964500483315902435e-02 1.271101978517319431e-01 1.376417219727217867e-01 2.071584812246425045e-01 1.509532138438488269e-01 7.004785884889908054e-02 2.462666853728077629e-02
2.540538079916269086e-04 5.041166691886690698e-02 6.576207709635688292e-02 9.131470928409504695e-02 1.727280731413629034e-01 2.071584812246425045e-01 3.871040795212680186e-01 2.521718961913517187e-01 1.189859319010069527e-01 6.549031008985919944e-02
-2.650052917776931846e-02 1.027073028942004917e-02 3.951477164422476096e-02 6.793188418210391322e-02 1.339158125313898440e-01 1.509532138438488269e-01 2.521718961913517187e-01 2.142789585732635671e-01 1.162835434389170725e-01 9.684712431590222770e-02
-6.940719614871895815e-02 -5.474751910740591893e-02 -8.328942372761763066e-03 2.095037502146085764e-02 5.733686081163439502e-02 7.004785884889908054e-02 1.189859319010069527e-01 1.162835434389170725e-01 9.621197303700534942e-02 1.510678285798411347e-01
-1.854453340419025265e-01 -1.800469688661899548e-01 -7.695444265615097867e-02 -2.435921417255801358e-02 1.683445374565976970e-03 2.462666853728077629e-02 6.549031008985919944e-02 9.684712431590222770e-02 1.510678285798411347e-01 3.619466361232598350e-01
3.904007584588513047e-01 2.596106499353090236e-01 2.049818309481074297e-01 8.774341638500703089e-02 4.946296810896724100e-02 2.031201207336830877e-02 -2.910768198866890179e-03 -3.554484937176735637e-02 -8.916296344420429620e-02 -1.601774468467490331e-01
2.596106499353090236e-01 2.595819866073846294e-01 2.325043174845123906e-01 1.021178043104232352e-01 6.676410738939977940e-02 4.392914179215082898e-02 3.666446299410588971e-02 2.225573239687215002e-02 -1.671555082828798597e-02 -9.706728195070772613e-02
2.049818309481074297e-01 2.325043174845123906e-01 2.477834234682145254e-01 1.113876644210832767e-01 7.829283619644111791e-02 5.934707153157542381e-02 6.200422971740946615e-02 5.862171125510720615e-02 2.860066542072071255e-02 -6.355327564263930917e-02
8.774341638500703089e-02 1.021178043104232352e-01 1.113876644210832767e-01 5.469416552936050974e-02 4.491981692384916514e-02 4.071960162795382199e-02 5.037100385735814034e-02 5.553025704321431361e-02 4.261099929457009411e-02 -1.449730071948394407e-02
4.946296810896724100e-02 6.676410738939977940e-02 7.829283619644111791e-02 4.491981692384916514e-02 4.696723180304257506e-02 5.167519108963616881e-02 7.294010620905967690e-02 8.767228406183266709e-02 7.854774702331651648e-02 1.455311511143270176e-02
2.031201207336830877e-02 4.392914179215082898e-02 5.934707153157542381e-02 4.071960162795382199e-02 5.167519108963616881e-02 6.440442035462658199e-02 9.741962909675055959e-02 1.213708825510577127e-01 1.123777225899198623e-01 3.923253202103027526e-02
-2.910768198866890179e-03 3.666446299410588971e-02 6.200422971740946615e-02 5.037100385735814034e-02 7.294010620905967690e-02 9.741962909675055959e-02 1.549508415407405137e-01 1.985270819703534029e-01 1.830167522607032415e-01 7.651233149483296914e-02
-3.554484937176735637e-02 2.225573239687215002e-02 5.862171125510720615e-02 5.553025704321431361e-02 8.767228406183266709e-02 1.213708825510577127e-01 1.985270819703534029e-01 2.816949906356731037e-01 2.701991340341551862e-01 1.196254121141124699e-01
