4.953159452946512831e-01 1.519432170916006630e-01 -7.080751898836401721e-03 -1.480585964468815463e-02 -4.719589620065093075e-04 3.385104128522773044e-03 -3.719989837660932442e-06 -3.543630036494555945e-03 -8.756921140650956569e-04 1.407346561589782954e-02 1.884418823418327347e-03 -1.609777640296163048e-01
1.519432170916006630e-01 5.180852160912954307e-01 1.768616891082374631e-01 3.257383955228728561e-03 -1.700859101835491827e-02 3.212457508215722920e-04 3.705633832051628829e-03 8.072184751252804095e-05 -2.970588859806853454e-03 -1.431661149253469264e-04 1.270218371973478103e-02 -5.536152106630324058e-04
-7.080751898836401721e-03 1.768616891082374631e-01 4.897425278792648107e-01 1.509601447929105611e-01 7.525564427715209816e-03 -1.411162122037546915e-02 -7.872531818357850555e-04 3.098380356707548453e-03 7.658678707940375086e-04 -3.082068801798840303e-03 -1.558438834361432256e-03 1.606025554298411151e-02
-1.480585964468815463e-02 3.257383955228728561e-03 1.509601447929105611e-01 4.816172227131294559e-01 1.749809699222191206e-01 -9.194039536476017460e-03 -1.587221661420765845e-02 1.120324230441319688e-03 3.262391751899732482e-03 7.380083124225930171e-05 -3.177122147015175313e-03 3.370823486546477375e-05
-4.719589620065093075e-04 -1.700859101835491827e-02 7.525564427715209816e-03 1.749809699222191206e-01 5.221366118979187121e-01 1.572986655173990445e-01 1.012185121160099829e-03 -1.420682994182786985e-02 -1.129186863013199003e-03 2.903978488326610687e-03 2.170621990299581128e-04 -3.382368704025051978e-03
3.385104128522773044e-03 3.212457508215722920e-04 -1.411162122037546915e-02 -9.194039536476017460e-03 1.572986655173990445e-01 4.953722486536116243e-01 1.612972866537009942e-01 1.977708375517755243e-03 -1.407920576835982457e-02 -1.014386852269212602e-03 3.218134976236113748e-03 3.296162083014041438e-04
-3.719989837660932442e-06 3.705633832051628829e-03 -7.872531818357850555e-04 -1.587221661420765845e-02 1.012185121160099829e-03 1.612972866537009942e-01 4.978497614364754131e-01 1.538898385263486879e-01 3.817576594648313271e-03 -1.380916436525613314e-02 -3.818390018282219012e-04 3.243480319000846546e-03
-3.543630036494555945e-03 8.072184751252804095e-05 3.098380356707548453e-03 1.120324230441319688e-03 -1.420682994182786985e-02 1.977708375517755243e-03 1.538898385263486879e-01 4.927610303184498663e-01 1.614695274306827688e-01 1.222351628067381950e-03 -1.561226547904055739e-02 -1.469299444790652309e-05
-8.756921140650956569e-04 -2.970588859806853454e-03 7.658678707940375086e-04 3.262391751899732482e-03 -1.129186863013199003e-03 -1.407920576835982457e-02 3.817576594648313271e-03 1.614695274306827688e-01 4.985260491886076561e-01 1.580136481710354979e-01 -2.609018515228565382e-03 -1.384713051495117808e-02
1.407346561589782954e-02 -1.431661149253469264e-04 -3.082068801798840303e-03 7.380083124225930171e-05 2.903978488326610687e-03 -1.014386852269212602e-03 -1.380916436525613314e-02 1.222351628067381950e-03 1.580136481710354979e-01 5.052583481012489219e-01 1.592513295561130970e-01 -4.644193839742566735e-05
1.884418823418327347e-03 1.270218371973478103e-02 -1.558438834361432256e-03 -3.177122147015175313e-03 2.170621990299581128e-04 3.218134976236113748e-03 -3.818390018282219012e-04 -1.561226547904055739e-02 -2.609018515228565382e-03 1.592513295561130970e-01 4.986635014411052724e-01 1.543708405283855389e-01
-1.609777640296163048e-01 -5.536152106630324058e-04 1.606025554298411151e-02 3.370823486546477375e-05 -3.382368704025051978e-03 3.296162083014041438e-04 3.243480319000846546e-03 -1.469299444790652309e-05 -1.384713051495117808e-02 -4.644193839742566735e-05 1.543708405283855389e-01 5.046715369843215448e-01
4.942158272761292270e-01 1.578589622527109826e-01 -3.455646441735092667e-03 -1.368840672454095519e-02 -1.809095550773356703e-04 3.043123790032769248e-03 -2.027054782652161317e-04 -2.613949830497854475e-03 -1.100487120661612845e-04 1.307723990660983326e-02 8.556925002727970575e-04 -1.564263112711563875e-01
1.578589622527109826e-01 5.090385918034054935e-01 1.589443252871121370e-01 3.647233507748848767e-03 -1.331457747069227614e-02 -9.528454970228569148e-04 2.862407036584260767e-03 -4.413386251813233450e-05 -2.686030816931002721e-03 3.685518097531461030e-04 1.337834541962800577e-02 -1.956004257780930618e-03
-3.455646441735092667e-03 1.589443252871121370e-01 4.916992014457521321e-01 1.577105519023027647e-01 2.240091338398282096e-03 -1.523402458560817879e-02 4.255083053036048859e-04 2.972995189775292247e-03 7.795095212082536198e-05 -2.677023628946162241e-03 -5.141096454842634857e-04 1.349709339028809692e-02
-1.368840672454095519e-02 3.647233507748848767e-03 1.577105519023027647e-01 4.975467280425646122e-01 1.570180641405533595e-01 2.444664602574675959e-04 -1.390254210791647821e-02 1.058203615609413020e-03 2.866116707892128745e-03 -3.119393487294549365e-04 -2.709844035872597309e-03 6.501024325547115085e-04
-1.809095550773356703e-04 -1.331457747069227614e-02 2.240091338398282096e-03 1.570180641405533595e-01 4.978963277163880319e-01 1.625305697301762109e-01 -4.640331676144252709e-03 -1.450919741283855993e-02 1.286592871900835253e-04 2.774654518621238498e-03 -1.210510390226938798e-04 -2.608858213029293348e-03
3.043123790032769248e-03 -9.528454970228569148e-04 -1.523402458560817879e-02 2.444664602574675959e-04 1.625305697301762109e-01 5.084705543375136472e-01 1.537911420963270215e-01 -3.282115209384942923e-03 -1.383791730126376560e-02 4.188058956525043779e-04 2.813449802288375476e-03 -2.563083405771687481e-04
-2.027054782652161317e-04 2.862407036584260767e-03 4.255083053036048859e-04 -1.390254210791647821e-02 -4.640331676144252709e-03 1.537911420963270215e-01 5.086132374052871885e-01 1.665873387004263018e-01 6.116579928910089933e-03 -1.455014451303729937e-02 -7.587425787121892477e-04 2.847776286753781957e-03
-2.613949830497854475e-03 -4.413386251813233450e-05 2.972995189775292247e-03 1.058203615609413020e-03 -1.450919741283855993e-02 -3.282115209384942923e-03 1.665873387004263018e-01 4.852606474311991769e-01 1.562839886982674009e-01 -2.139205341964409840e-03 -1.302476566241456829e-02 2.548475749992566448e-04
-1.100487120661612845e-04 -2.686030816931002721e-03 7.795095212082536198e-05 2.866116707892128745e-03 1.286592871900835253e-04 -1.383791730126376560e-02 6.116579928910089933e-03 1.562839886982674009e-01 5.065834814859758728e-01 1.582575794820585691e-01 -2.101382281932311427e-04 -1.344638816428637626e-02
1.307723990660983326e-02 3.685518097531461030e-04 -2.677023628946162241e-03 -3.119393487294549365e-04 2.774654518621238498e-03 4.188058956525043779e-04 -1.455014451303729937e-02 -2.139205341964409840e-03 1.582575794820585691e-01 4.995009685087467011e-01 1.556153447469899032e-01 6.931770856643737141e-04
8.556925002727970575e-04 1.337834541962800577e-02 -5.141096454842634857e-04 -2.709844035872597309e-03 -1.210510390226938798e-04 2.813449802288375476e-03 -7.587425787121892477e-04 -1.302476566241456829e-02 -2.101382281932311427e-04 1.556153447469899032e-01 4.982952569503906193e-01 1.573267078539733743e-01
-1.564263112711563875e-01 -1.956004257780930618e-03 1.349709339028809692e-02 6.501024325547115085e-04 -2.608858213029293348e-03 -2.563083405771687481e-04 2.847776286753781957e-03 2.548475749992566448e-04 -1.344638816428637626e-02 6.931770856643737141e-04 1.573267078539733743e-01 5.028791775967255129e-01
4.820430166590868870e-01 1.616456526260179327e-01 -8.691747040819879262e-04 -1.553682897618909389e-02 5.751882013405847441e-04 4.080113809063468794e-03 2.175972511471531336e-04 -5.857463109606464782e-03 1.433383924823106864e-03 1.495198544209255104e-02 3.356537214191491949e-03 -1.642782581172377299e-01
1.616456526260179327e-01 5.036236844011207081e-01 1.619464088451627037e-01 -3.370975535126431461e-03 -1.427297979168437245e-02 3.413854965450298503e-04 3.413935899999287656e-03 -8.411607711578860053e-04 -2.834186193912568985e-03 1.311726093186684535e-03 1.394487859445428350e-02 -8.048250629568967987e-03
-8.691747040819879262e-04 1.619464088451627037e-01 5.056622490585371832e-01 1.543466731100658351e-01 -1.164374435255793785e-03 -1.327023201405578764e-02 3.771704036681911270e-04 3.416167603924475868e-03 -9.645066933813016595e-04 -3.511533724178888573e-03 3.900558492571658308e-05 1.573417339372548684e-02
-1.553682897618909389e-02 -3.370975535126431461e-03 1.543466731100658351e-01 5.028839086407910219e-01 1.595150583507202180e-01 3.056494574704456645e-03 -1.447048585919309856e-02 -5.829573524995872950e-04 3.690636391860313038e-03 -2.668512891644677851e-04 -3.485719738876686801e-03 8.115599634161371236e-04
5.751882013405847441e-04 -1.427297979168437245e-02 -1.164374435255793785e-03 1.595150583507202180e-01 4.920487309114576768e-01 1.568244919233443557e-01 -2.806945914491765226e-03 -1.436458919872730076e-02 2.979234424110945023e-03 3.954263759041341461e-03 -3.359616214663626557e-04 -3.584436160349441930e-03
4.080113809063468794e-03 3.413854965450298503e-04 -1.327023201405578764e-02 3.056494574704456645e-03 1.568244919233443557e-01 5.090975842712206489e-01 1.617742071115587099e-01 2.447267421453213840e-03 -1.868682204628947102e-02 3.582596982401050440e-04 4.844586240690481119e-03 -1.378552066829493881e-04
2.175972511471531336e-04 3.413935899999287656e-03 3.771704036681911270e-04 -1.447048585919309856e-02 -2.806945914491765226e-03 1.617742071115587099e-01 4.872999950592494245e-01 1.578052263543860412e-01 -1.485368018441262684e-02 -1.832310717669172195e-02 1.283895492340780516e-03 4.184841686325086949e-03
-5.857463109606464782e-03 -8.411607711578860053e-04 3.416167603924475868e-03 -5.829573524995872950e-04 -1.436458919872730076e-02 2.447267421453213840e-03 1.578052263543860412e-01 5.377786199732811356e-01 1.950219227921984877e-01 1.486676778799698269e-03 -2.317263924445466666e-02 -1.169815755669263539e-03
1.433383924823106864e-03 -2.834186193912568985e-03 -9.645066933813016595e-04 3.690636391860313038e-03 2.979234424110945023e-03 -1.868682204628947102e-02 -1.485368018441262684e-02 1.950219227921984877e-01 4.819346093162217848e-01 1.553741717857337057e-01 8.219328331871198628e-03 -1.317075146146235581e-02
1.495198544209255104e-02 1.311726093186684535e-03 -3.511533724178888573e-03 -2.668512891644677851e-04 3.954263759041341461e-03 3.582596982401050440e-04 -1.832310717669172195e-02 1.486676778799698269e-03 1.553741717857337057e-01 4.889491579893748829e-01 1.626584864784229589e-01 8.668878454091027454e-04
3.356537214191491949e-03 1.394487859445428350e-02 3.900558492571658308e-05 -3.485719738876686801e-03 -3.359616214663626557e-04 4.844586240690481119e-03 1.283895492340780516e-03 -2.317263924445466666e-02 8.219328331871198628e-03 1.626584864784229589e-01 4.983102369679850430e-01 1.535963389435895388e-01
-1.642782581172377299e-01 -8.048250629568967987e-03 1.573417339372548684e-02 8.115599634161371236e-04 -3.584436160349441930e-03 -1.378552066829493881e-04 4.184841686325086949e-03 -1.169815755669263539e-03 -1.317075146146235581e-02 8.668878454091027454e-04 1.535963389435895388e-01 5.103682067517560927e-01
5.009965109837324349e-01 1.567201712957300153e-01 -2.006401389330483322e-03 -1.353966518396874236e-02 1.120810803782392069e-03 2.825406090283139830e-03 -3.279822728239920136e-04 -2.799826420979624475e-03 8.405406200174062037e-04 1.410706712926688630e-02 2.053806052045256160e-04 -1.573628196469194496e-01
1.567201712957300153e-01 5.053017660223987351e-01 1.577517359322962442e-01 2.968789860425765682e-03 -1.423646315259064626e-02 -4.589904424892582826e-04 2.813466108712143164e-03 -9.453781654829879091e-05 -2.865695158474585585e-03 -1.614207749463312906e-04 1.372455162632167831e-02 9.356030710650835259e-04
-2.006401389330483322e-03 1.577517359322962442e-01 4.910031043294613151e-01 1.586730305072608371e-01 -6.000103119199766931e-03 -1.396478650518200373e-02 8.608632378118930765e-05 2.952889849094803357e-03 -1.003324959368563478e-04 -2.918972977247221226e-03 -4.903877353365309298e-04 1.336823881854390210e-02
-1.353966518396874236e-02 2.968789860425765682e-03 1.586730305072608371e-01 5.143004010210726618e-01 1.631279721698364604e-01 2.842869389853061764e-03 -1.415390079984634591e-02 3.745823886618405442e-04 2.950487902807411196e-03 -9.965037840646499942e-05 -2.878340367223266617e-03 1.258951927555457912e-04
1.120810803782392069e-03 -1.423646315259064626e-02 -6.000103119199766931e-03 1.631279721698364604e-01 4.932161794518127862e-01 1.555864471339581945e-01 3.955032625586697714e-03 -1.442960886027827572e-02 -6.025190435725092438e-04 3.035049391854081034e-03 4.861242074512551721e-04 -2.761920142410840672e-03
2.825406090283139830e-03 -4.589904424892582826e-04 -1.396478650518200373e-02 2.842869389853061764e-03 1.555864471339581945e-01 4.900166304856030663e-01 1.620833622131976348e-01 -7.624226722564993522e-03 -1.426768295960189302e-02 1.374605992148305884e-03 2.975019136969245595e-03 -1.032263644502967142e-04
-3.279822728239920136e-04 2.813466108712143164e-03 8.608632378118930765e-05 -1.415390079984634591e-02 3.955032625586697714e-03 1.620833622131976348e-01 5.184077567824370014e-01 1.648850802293807816e-01 3.349399347607517723e-03 -1.542227979387879137e-02 -1.315702458059660272e-03 2.896877095951433390e-03
-2.799826420979624475e-03 -9.453781654829879091e-05 2.952889849094803357e-03 3.745823886618405442e-04 -1.442960886027827572e-02 -7.624226722564993522e-03 1.648850802293807816e-01 4.883513246078358683e-01 1.554827526487110589e-01 -1.899407152713982611e-03 -1.347789179687504391e-02 -1.754899878834166713e-04
8.405406200174062037e-04 -2.865695158474585585e-03 -1.003324959368563478e-04 2.950487902807411196e-03 -6.025190435725092438e-04 -1.426768295960189302e-02 3.349399347607517723e-03 1.554827526487110589e-01 5.079356657255402752e-01 1.609676650999538050e-01 4.862144526373638788e-03 -1.375677627921258889e-02
1.410706712926688630e-02 -1.614207749463312906e-04 -2.918972977247221226e-03 -9.965037840646499942e-05 3.035049391854081034e-03 1.374605992148305884e-03 -1.542227979387879137e-02 -1.899407152713982611e-03 1.609676650999538050e-01 4.887603139196950996e-01 1.578211548545165877e-01 3.929247353335295345e-05
2.053806052045256160e-04 1.372455162632167831e-02 -4.903877353365309298e-04 -2.878340367223266617e-03 4.861242074512551721e-04 2.975019136969245595e-03 -1.315702458059660272e-03 -1.347789179687504391e-02 4.862144526373638788e-03 1.578211548545165877e-01 5.018195837891079591e-01 1.574326637898109671e-01
-1.573628196469194496e-01 9.356030710650835259e-04 1.336823881854390210e-02 1.258951927555457912e-04 -2.761920142410840672e-03 -1.032263644502967142e-04 2.896877095951433390e-03 -1.754899878834166713e-04 -1.375677627921258889e-02 3.929247353335295345e-05 1.574326637898109671e-01 4.998907628813845649e-01
4.791185777011569558e-01 1.599466425719902607e-01 -3.154041066043483839e-03 -1.347562079996876029e-02 8.062015699789274337e-04 2.747376848330962927e-03 1.659291485537131030e-04 -3.085952593467901003e-03 -9.582375963600965260e-04 1.568068777982660478e-02 1.924990149048121406e-03 -1.696834054317280793e-01
1.599466425719902607e-01 5.098238644303034750e-01 1.582030409489854628e-01 -5.757406171074427696e-04 -1.388862768083687534e-02 -2.377111572656250438e-04 2.780639608093865307e-03 1.468819737394214705e-05 -3.021907766780539129e-03 5.293071825565427648e-05 1.494900738371235382e-02 -9.175589369805531303e-03
-3.154041066043483839e-03 1.582030409489854628e-01 4.985975589380463591e-01 1.551351437197809047e-01 -1.545626720235391540e-03 -1.316524730914113081e-02 -6.289824704439800666e-05 2.681517724767682950e-03 1.062601645528152240e-04 -3.044055950354246625e-03 -8.338220407139263304e-05 1.513988141333315156e-02
-1.347562079996876029e-02 -5.757406171074427696e-04 1.551351437197809047e-01 5.047156927015052919e-01 1.599748691135382539e-01 2.944082445065987746e-03 -1.359373675036218941e-02 -7.684735610852101804e-04 2.784965738666138595e-03 2.658869787017037272e-04 -3.014744212643852370e-03 1.078483639780961154e-03
8.062015699789274337e-04 -1.388862768083687534e-02 -1.545626720235391540e-03 1.599748691135382539e-01 4.929750671716752186e-01 1.556608006050972937e-01 -5.428211987926738090e-05 -1.338546360921438055e-02 3.886847679753126098e-04 2.775372496982158026e-03 8.250905249027768731e-05 -3.088639946365517863e-03
2.747376848330962927e-03 -2.377111572656250438e-04 -1.316524730914113081e-02 2.944082445065987746e-03 1.556608006050972937e-01 5.020654114021253500e-01 1.575119029481666100e-01 1.627553044338640297e-03 -1.372331392128304552e-02 -6.370582929413126172e-04 3.074313420070679155e-03 -3.501308929875065145e-04
1.659291485537131030e-04 2.780639608093865307e-03 -6.289824704439800666e-05 -1.359373675036218941e-02 -5.428211987926738090e-05 1.575119029481666100e-01 4.949988411774022823e-01 1.575946158371507311e-01 -3.448864888290812704e-03 -1.354685871652257581e-02 1.056238960972926159e-04 2.852931857586765013e-03
-3.085952593467901003e-03 1.468819737394214705e-05 2.681517724767682950e-03 -7.684735610852101804e-04 -1.338546360921438055e-02 1.627553044338640297e-03 1.575946158371507311e-01 5.089458768803483135e-01 1.593030880556042250e-01 3.978046375441239568e-03 -1.461313370908982716e-02 5.279907999668927415e-04
-9.582375963600965260e-04 -3.021907766780539129e-03 1.062601645528152240e-04 2.784965738666138595e-03 3.886847679753126098e-04 -1.372331392128304552e-02 -3.448864888290812704e-03 1.593030880556042250e-01 4.912023075036511255e-01 1.564691962716515672e-01 7.296448104030764555e-04 -1.379017711776460778e-02
1.568068777982660478e-02 5.293071825565427648e-05 -3.044055950354246625e-03 2.658869787017037272e-04 2.775372496982158026e-03 -6.370582929413126172e-04 -1.354685871652257581e-02 3.978046375441239568e-03 1.564691962716515672e-01 4.972509257770215685e-01 1.634668939390656328e-01 -7.113469987915713513e-03
1.924990149048121406e-03 1.494900738371235382e-02 -8.338220407139263304e-05 -3.014744212643852370e-03 8.250905249027768731e-05 3.074313420070679155e-03 1.056238960972926159e-04 -1.461313370908982716e-02 7.296448104030764555e-04 1.634668939390656328e-01 5.133311987684618938e-01 1.560586123698119998e-01
-1.696834054317280793e-01 -9.175589369805531303e-03 1.513988141333315156e-02 1.078483639780961154e-03 -3.088639946365517863e-03 -3.501308929875065145e-04 2.852931857586765013e-03 5.279907999668927415e-04 -1.379017711776460778e-02 -7.113469987915713513e-03 1.560586123698119998e-01 5.069746775483423562e-01
4.933376047917323315e-01 1.599597135832445671e-01 -2.435566377387992070e-03 -1.473093328345497117e-02 -1.343497362696352364e-05 2.840773400233244546e-03 9.097570712274839235e-05 -2.655356366006671361e-03 -2.852252528674315371e-04 1.340693039965903249e-02 -1.150052932620405748e-04 -1.557223911179919096e-01
1.599597135832445671e-01 5.044961568065411406e-01 1.532433340248718634e-01 -3.517460813074168788e-03 -1.400345880293740394e-02 -4.421635780449862003e-04 2.795890847820665763e-03 5.088338636047079808e-05 -2.812756676780434235e-03 -4.207128757694510515e-04 1.402965301801691912e-02 -3.221106565382128323e-03
-2.435566377387992070e-03 1.532433340248718634e-01 5.090834190946318394e-01 1.680270693201988963e-01 4.469139842126717763e-03 -1.454994383077645032e-02 -9.611784691724481033e-04 2.820410914057648773e-03 2.436772533433317781e-04 -2.601842897160055925e-03 -1.808255498878666770e-04 1.290866502787058230e-02
-1.473093328345497117e-02 -3.517460813074168788e-03 1.680270693201988963e-01 4.895324620754245570e-01 1.528457412392654757e-01 3.214976005110489754e-03 -1.332836859274840781e-02 -7.300656737978635435e-05 2.697615329188891853e-03 3.253378615352486109e-04 -3.143787659416345630e-03 -2.326886965027236522e-04
-1.343497362696352364e-05 -1.400345880293740394e-02 4.469139842126717763e-03 1.528457412392654757e-01 4.944712185053263820e-01 1.618933093570806836e-01 -9.958254598849299293e-04 -1.413591031277508341e-02 3.531664888534455436e-04 2.851481305456086100e-03 -2.728254630146573537e-05 -2.906204806716102679e-03
2.840773400233244546e-03 -4.421635780449862003e-04 -1.454994383077645032e-02 3.214976005110489754e-03 1.618933093570806836e-01 5.026055512483811327e-01 1.549933488076686294e-01 -2.391457749480382314e-03 -1.287293772534612094e-02 3.152760138388282173e-06 2.782218684196772086e-03 -2.858260412489493896e-04
9.097570712274839235e-05 2.795890847820665763e-03 -9.611784691724481033e-04 -1.332836859274840781e-02 -9.958254598849299293e-04 1.549933488076686294e-01 5.043068369089407366e-01 1.583750002814563740e-01 1.784300871542459895e-04 -1.347403905311017093e-02 -4.736892981097303801e-04 2.805648738762270972e-03
-2.655356366006671361e-03 5.088338636047079808e-05 2.820410914057648773e-03 -7.300656737978635435e-05 -1.413591031277508341e-02 -2.391457749480382314e-03 1.583750002814563740e-01 4.994483668699788437e-01 1.553093251470205605e-01 2.223136740754687746e-03 -1.369864339167282431e-02 4.582754842261947984e-04
-2.852252528674315371e-04 -2.812756676780434235e-03 2.436772533433317781e-04 2.697615329188891853e-03 3.531664888534455436e-04 -1.287293772534612094e-02 1.784300871542459895e-04 1.553093251470205605e-01 4.964058465229725381e-01 1.580403537518977886e-01 1.453272102094263843e-03 -1.411022112145544731e-02
1.340693039965903249e-02 -4.207128757694510515e-04 -2.601842897160055925e-03 3.253378615352486109e-04 2.851481305456086100e-03 3.152760138388282173e-06 -1.347403905311017093e-02 2.223136740754687746e-03 1.580403537518977886e-01 4.958123470832713764e-01 1.594829860002662525e-01 -5.636572800059446928e-03
-1.150052932620405748e-04 1.402965301801691912e-02 -1.808255498878666770e-04 -3.143787659416345630e-03 -2.728254630146573537e-05 2.782218684196772086e-03 -4.736892981097303801e-04 -1.369864339167282431e-02 1.453272102094263843e-03 1.594829860002662525e-01 5.118643371980546863e-01 1.596478202061964446e-01
-1.557223911179919096e-01 -3.221106565382128323e-03 1.290866502787058230e-02 -2.326886965027236522e-04 -2.906204806716102679e-03 -2.858260412489493896e-04 2.805648738762270972e-03 4.582754842261947984e-04 -1.411022112145544731e-02 -5.636572800059446928e-03 1.596478202061964446e-01 4.986358528948504065e-01
5.073502905368004745e-01 1.549645545962800020e-01 -2.325877078688335861e-03 -1.353251003492741966e-02 8.953103542743402429e-05 2.741481496795676685e-03 8.456568990841217912e-05 -2.694199277196311464e-03 7.338339563466285496e-04 1.391553493718064409e-02 -3.339138644359784455e-03 -1.607560759734700806e-01
1.549645545962800020e-01 5.052153468431268557e-01 1.615859521010879485e-01 4.018697754240315063e-03 -1.364724056690611725e-02 -2.346638463747288737e-04 2.670007785039205800e-03 2.133108493289824720e-04 -2.640315006402614399e-03 -6.426297839252977529e-04 1.323550632274763696e-02 3.334398437633155979e-03
-2.325877078688335861e-03 1.615859521010879485e-01 4.910409538965554432e-01 1.559922031509445306e-01 -3.072261943610015388e-04 -1.325151624081490759e-02 -3.565299670744493440e-04 2.693227710697478593e-03 -5.114273409202168695e-05 -2.685136356016814847e-03 -1.615382385473337662e-04 1.389086203928640781e-02
-1.353251003492741966e-02 4.018697754240315063e-03 1.559922031509445306e-01 5.010460829390371851e-01 1.568402480114194364e-01 -2.495758293566305210e-03 -1.338457689715118540e-02 -2.637127540711996189e-04 2.731258467790611665e-03 5.068229565405879826e-05 -2.682320129446608570e-03 -1.171371871156399991e-04
8.953103542743402429e-05 -1.364724056690611725e-02 -3.072261943610015388e-04 1.568402480114194364e-01 5.058287897665475485e-01 1.586891649559346862e-01 3.670459573558852804e-03 -1.385395492387022157e-02 1.598779269328564267e-04 2.658925898603968496e-03 2.906595677256703725e-05 -2.656923957320245916e-03
2.741481496795676685e-03 -2.346638463747288737e-04 -1.325151624081490759e-02 -2.495758293566305210e-03 1.586891649559346862e-01 4.926731823266410348e-01 1.564319956022401092e-01 1.949057963791593542e-03 -1.394630006078335406e-02 -1.420270563099211092e-05 2.750178649782906992e-03 5.587849193200247370e-05
8.456568990841217912e-05 2.670007785039205800e-03 -3.565299670744493440e-04 -1.338457689715118540e-02 3.670459573558852804e-03 1.564319956022401092e-01 4.949706620672158497e-01 1.614738369051280098e-01 -5.856136012385906170e-03 -1.367822664448698107e-02 4.870234353969774260e-04 2.647713279533976151e-03
-2.694199277196311464e-03 2.133108493289824720e-04 2.693227710697478593e-03 -2.637127540711996189e-04 -1.385395492387022157e-02 1.949057963791593542e-03 1.614738369051280098e-01 5.128139917620195831e-01 1.587703020900860795e-01 1.206338766699023004e-03 -1.353725201367540071e-02 -3.630164947743551350e-05
7.338339563466285496e-04 -2.640315006402614399e-03 -5.114273409202168695e-05 2.731258467790611665e-03 1.598779269328564267e-04 -1.394630006078335406e-02 -5.856136012385906170e-03 1.587703020900860795e-01 4.962926492629858299e-01 1.560440292917537608e-01 2.256597302786002811e-03 -1.314113355600309528e-02
1.391553493718064409e-02 -6.426297839252977529e-04 -2.685136356016814847e-03 5.068229565405879826e-05 2.658925898603968496e-03 -1.420270563099211092e-05 -1.367822664448698107e-02 1.206338766699023004e-03 1.560440292917537608e-01 4.950860924703366361e-01 1.584518140836365663e-01 -2.203938447503117799e-03
-3.339138644359784455e-03 1.323550632274763696e-02 -1.615382385473337662e-04 -2.682320129446608570e-03 2.906595677256703725e-05 2.750178649782906992e-03 4.870234353969774260e-04 -1.353725201367540071e-02 2.256597302786002811e-03 1.584518140836365663e-01 5.065256224232286275e-01 1.561358375362457973e-01
-1.607560759734700806e-01 3.334398437633155979e-03 1.389086203928640781e-02 -1.171371871156399991e-04 -2.656923957320245916e-03 5.587849193200247370e-05 2.647713279533976151e-03 -3.630164947743551350e-05 -1.314113355600309528e-02 -2.203938447503117799e-03 1.561358375362457973e-01 4.911563357055516721e-01
5.057605541059120302e-01 1.574982198812605871e-01 -1.326737344072078262e-03 -1.419589586403608404e-02 3.466788243249285242e-05 2.986031673995010512e-03 -4.054490404324031399e-04 -3.360517100423323668e-03 2.183708863491810089e-03 1.632318942197452313e-02 -6.093439492195454506e-04 -1.582239161907856295e-01
1.574982198812605871e-01 5.010432005091935981e-01 1.555544263296070873e-01 -1.147478438137201169e-03 -1.363762468216069348e-02 -8.544388280940817034e-04 2.892803932221198887e-03 2.504193656011819672e-04 -3.415300027641331084e-03 -1.230132855136057551e-03 1.355311270091496059e-02 2.461492845214092312e-03
-1.326737344072078262e-03 1.555544263296070873e-01 5.030237622976601042e-01 1.610234363616867559e-01 2.084751076687200565e-03 -1.416725333523631211e-02 -3.743022425525693603e-04 2.941879276133804733e-03 -1.638114812527556173e-04 -3.199177799029261256e-03 -4.482891703651385989e-04 1.319852686675187375e-02
-1.419589586403608404e-02 -1.147478438137201169e-03 1.610234363616867559e-01 4.964334254749201980e-01 1.540895264137700504e-01 4.475812036963065441e-03 -1.353715442049975917e-02 2.092355259503583370e-05 2.918409534777902797e-03 1.465224666334167798e-04 -2.915829077785207085e-03 -7.355274613876528356e-04
3.466788243249285242e-05 -1.363762468216069348e-02 2.084751076687200565e-03 1.540895264137700504e-01 4.906185917911446426e-01 1.640272809550983035e-01 -2.162936565675649403e-03 -1.453626076632679072e-02 2.960540160301061924e-04 3.310927459617978626e-03 3.047473917296234175e-04 -2.868736797004216299e-03
2.986031673995010512e-03 -8.544388280940817034e-04 -1.416725333523631211e-02 4.475812036963065441e-03 1.640272809550983035e-01 5.050879934235965596e-01 1.537478805774264434e-01 -3.723782705276493590e-03 -1.318179351114342340e-02 1.543183935606534576e-03 3.316735483030984043e-03 -2.584328381769408940e-04
-4.054490404324031399e-04 2.892803932221198887e-03 -3.743022425525693603e-04 -1.353715442049975917e-02 -2.162936565675649403e-03 1.537478805774264434e-01 5.088084957384745310e-01 1.632571599643141413e-01 2.740345168747621712e-03 -1.731089016639000833e-02 -2.457673722340176451e-03 3.420309342537277038e-03
-3.360517100423323668e-03 2.504193656011819672e-04 2.941879276133804733e-03 2.092355259503583370e-05 -1.453626076632679072e-02 -3.723782705276493590e-03 1.632571599643141413e-01 4.887976990751724538e-01 1.554014279313519209e-01 -6.655824005280739676e-03 -1.640173771235083761e-02 9.055546452626476051e-04
2.183708863491810089e-03 -3.415300027641331084e-03 -1.638114812527556173e-04 2.918409534777902797e-03 2.960540160301061924e-04 -1.318179351114342340e-02 2.740345168747621712e-03 1.554014279313519209e-01 5.228668767931692329e-01 1.774405389375722786e-01 1.413287151354626278e-02 -1.677567421900581085e-02
1.632318942197452313e-02 -1.230132855136057551e-03 -3.199177799029261256e-03 1.465224666334167798e-04 3.310927459617978626e-03 1.543183935606534576e-03 -1.731089016639000833e-02 -6.655824005280739676e-03 1.774405389375722786e-01 4.656558363446625659e-01 1.717746831642503191e-01 -4.680377857104488400e-03
-6.093439492195454506e-04 1.355311270091496059e-02 -4.482891703651385989e-04 -2.915829077785207085e-03 3.047473917296234175e-04 3.316735483030984043e-03 -2.457673722340176451e-03 -1.640173771235083761e-02 1.413287151354626278e-02 1.717746831642503191e-01 5.174737539957044996e-01 1.566677217128631672e-01
-1.582239161907856295e-01 2.461492845214092312e-03 1.319852686675187375e-02 -7.355274613876528356e-04 -2.868736797004216299e-03 -2.584328381769408940e-04 3.420309342537277038e-03 9.055546452626476051e-04 -1.677567421900581085e-02 -4.680377857104488400e-03 1.566677217128631672e-01 4.944298104504708524e-01
5.046664961290202589e-01 1.581094639812674896e-01 -1.500232641598025357e-05 -1.451215587681430400e-02 5.322372479443905711e-04 3.259013108673189212e-03 -3.725682943254722936e-04 -2.939140602396418146e-03 1.069865070866798462e-03 1.353185682471346428e-02 -5.000309791137393968e-03 -1.576628921093153612e-01
1.581094639812674896e-01 5.008388928666129836e-01 1.544406329451270821e-01 3.036563455386779003e-03 -1.361437123532484479e-02 -8.918767373454330799e-04 2.992632654823904146e-03 7.107833473808898561e-05 -2.813030900996608269e-03 -2.859919143278325014e-04 1.395256854778114883e-02 1.535791772937086623e-03
-1.500232641598025357e-05 1.544406329451270821e-01 4.908073495540222764e-01 1.650967420554425580e-01 -4.966044328393849627e-03 -1.594981568595537844e-02 1.693252205254520103e-03 3.142334110624871342e-03 -6.269334092642718688e-04 -2.725013705767097630e-03 7.633178958421100307e-04 1.326234382095752180e-02
-1.451215587681430400e-02 3.036563455386779003e-03 1.650967420554425580e-01 5.143002686460418360e-01 1.565635703237810983e-01 4.877328229212020243e-03 -1.428493635354602213e-02 -7.890130619901142978e-04 2.967257214031198201e-03 2.033289284412340386e-05 -2.981339118405256471e-03 2.276539410129713452e-04
5.322372479443905711e-04 -1.361437123532484479e-02 -4.966044328393849627e-03 1.565635703237810983e-01 4.844140056292614571e-01 1.662115731789965967e-01 -6.945157130693827702e-03 -1.486516586159225203e-02 1.687331920359169332e-03 3.058952973372770171e-03 -2.821753191854340661e-04 -2.933228767088092662e-03
3.259013108673189212e-03 -8.918767373454330799e-04 -1.594981568595537844e-02 4.877328229212020243e-03 1.662115731789965967e-01 5.183855888377755239e-01 1.605241587953347704e-01 3.616621917045024538e-03 -1.459961743776893098e-02 -4.465395982774194965e-04 3.074352877011301503e-03 -7.945617149043659013e-05
-3.725682943254722936e-04 2.992632654823904146e-03 1.693252205254520103e-03 -1.428493635354602213e-02 -6.945157130693827702e-03 1.605241587953347704e-01 4.877761808869430227e-01 1.585631009211684594e-01 -4.412783355722324843e-03 -1.417542615672774328e-02 1.800126960079158627e-04 3.076200031986377377e-03
-2.939140602396418146e-03 7.107833473808898561e-05 3.142334110624871342e-03 -7.890130619901142978e-04 -1.486516586159225203e-02 3.616621917045024538e-03 1.585631009211684594e-01 5.114554120895726808e-01 1.604227021184047031e-01 1.404846174332218109e-03 -1.390413980860277093e-02 3.558746948977299629e-05
1.069865070866798462e-03 -2.813030900996608269e-03 -6.269334092642718688e-04 2.967257214031198201e-03 1.687331920359169332e-03 -1.459961743776893098e-02 -4.412783355722324843e-03 1.604227021184047031e-01 4.961314909986865862e-01 1.579165217246677466e-01 2.406008817624730352e-03 -1.409322674922445714e-02
1.353185682471346428e-02 -2.859919143278325014e-04 -2.725013705767097630e-03 2.033289284412340386e-05 3.058952973372770171e-03 -4.465395982774194965e-04 -1.417542615672774328e-02 1.404846174332218109e-03 1.579165217246677466e-01 4.944534596623115785e-01 1.560470228993951491e-01 -2.942308229265475777e-03
-5.000309791137393968e-03 1.395256854778114883e-02 7.633178958421100307e-04 -2.981339118405256471e-03 -2.821753191854340661e-04 3.074352877011301503e-03 1.800126960079158627e-04 -1.390413980860277093e-02 2.406008817624730352e-03 1.560470228993951491e-01 5.087426157419545625e-01 1.612674457802062145e-01
-1.576628921093153612e-01 1.535791772937086623e-03 1.326234382095752180e-02 2.276539410129713452e-04 -2.933228767088092662e-03 -7.945617149043659013e-05 3.076200031986377377e-03 3.558746948977299629e-05 -1.409322674922445714e-02 -2.942308229265475777e-03 1.612674457802062145e-01 4.880282389578834978e-01
5.017296084418982893e-01 1.597878408484601220e-01 1.422759192311285822e-03 -1.418535453694651574e-02 -2.232514958304207965e-05 2.927779491017151129e-03 -3.574424439076132748e-04 -2.616992567739796424e-03 -9.169628927556821858e-05 1.243081420343752734e-02 -1.352969194330374582e-03 -1.536327536108798852e-01
1.597878408484601220e-01 4.959649098903633480e-01 1.548196719893729090e-01 -3.620327573087958606e-03 -1.248539003653769720e-02 6.114681418316049400e-05 2.564206156272061127e-03 -2.898975511580544236e-04 -2.851634512951266125e-03 2.861746770597766668e-04 1.393056748492561489e-02 4.426785861942414283e-04
1.422759192311285822e-03 1.548196719893729090e-01 5.079563845884380591e-01 1.616648270757199968e-01 8.059700821932566867e-04 -1.455699431750921355e-02 3.095663297858601841e-04 3.378123910979952734e-03 1.063409557437536719e-04 -2.587564619937621734e-03 4.352639990641348302e-04 1.294053730526547978e-02
-1.418535453694651574e-02 -3.620327573087958606e-03 1.616648270757199968e-01 4.977115020502774212e-01 1.512007845942719975e-01 2.926404713717160530e-03 -1.231418216256736399e-02 8.633111066566956978e-04 2.985279354609369183e-03 -1.066396699066569822e-05 -2.896364615899664832e-03 -5.603151998623044725e-04
-2.232514958304207965e-05 -1.248539003653769720e-02 8.059700821932566867e-04 1.512007845942719975e-01 4.933287263727447192e-01 1.662384623998642286e-01 -3.673581031562130929e-03 -1.747154435210186013e-02 -5.428631991193767856e-04 3.192969757201183627e-03 -2.550107003047600500e-05 -2.565008776116505830e-03
2.927779491017151129e-03 6.114681418316049400e-05 -1.455699431750921355e-02 2.926404713717160530e-03 1.662384623998642286e-01 5.058146411611010862e-01 1.475681626262144719e-01 -6.245781935243352977e-03 -1.477214404950105003e-02 3.298155141954558123e-04 2.996392654831280845e-03 -1.258052879869583560e-05
-3.574424439076132748e-04 2.564206156272061127e-03 3.095663297858601841e-04 -1.231418216256736399e-02 -3.673581031562130929e-03 1.475681626262144719e-01 5.218811680238024664e-01 1.898540621260056682e-01 1.079991513740355749e-02 -1.721259431097062545e-02 -1.168500063087726283e-03 3.243769574118124648e-03
-2.616992567739796424e-03 -2.898975511580544236e-04 3.378123910979952734e-03 8.633111066566956978e-04 -1.747154435210186013e-02 -6.245781935243352977e-03 1.898540621260056682e-01 4.715316972250340743e-01 1.521037021091123376e-01 -8.300624127837374303e-04 -1.260757748091789754e-02 1.163848858106789470e-04
-9.169628927556821858e-05 -2.851634512951266125e-03 1.063409557437536719e-04 2.985279354609369183e-03 -5.428631991193767856e-04 -1.477214404950105003e-02 1.079991513740355749e-02 1.521037021091123376e-01 5.044589638351951733e-01 1.625933388110147038e-01 -2.545226759182056455e-03 -1.420380535204237779e-02
1.243081420343752734e-02 2.861746770597766668e-04 -2.587564619937621734e-03 -1.066396699066569822e-05 3.192969757201183627e-03 3.298155141954558123e-04 -1.721259431097062545e-02 -8.300624127837374303e-04 1.625933388110147038e-01 5.043998831397258353e-01 1.527797120183872759e-01 1.184481160256009233e-03
-1.352969194330374582e-03 1.393056748492561489e-02 4.352639990641348302e-04 -2.896364615899664832e-03 -2.550107003047600500e-05 2.996392654831280845e-03 -1.168500063087726283e-03 -1.260757748091789754e-02 -2.545226759182056455e-03 1.527797120183872759e-01 4.976487221355015422e-01 1.601723130649758409e-01
-1.536327536108798852e-01 4.426785861942414283e-04 1.294053730526547978e-02 -5.603151998623044725e-04 -2.565008776116505830e-03 -1.258052879869583560e-05 3.243769574118124648e-03 1.163848858106789470e-04 -1.420380535204237779e-02 1.184481160256009233e-03 1.601723130649758409e-01 4.975737931359645039e-01
4.947287550150373803e-01 1.493160571246013868e-01 5.841430736873881244e-03 -1.636126863652336699e-02 -2.325224892662995473e-03 3.673613357829576785e-03 3.247004696336155570e-04 -3.293739594242027502e-03 -7.734716632262416888e-04 1.490946919091729224e-02 3.274350200848439967e-03 -1.659640727992257037e-01
1.493160571246013868e-01 4.769279173766811653e-01 1.872876091113100383e-01 -1.644832997738704394e-02 -2.260563033045596276e-02 2.185733877640304215e-03 4.237770574316747016e-03 -6.646595648513455544e-04 -2.827408646897992209e-03 5.788009024520553332e-04 1.261129548222558912e-02 -3.387968625202620460e-03
5.841430736873881244e-03 1.872876091113100383e-01 5.426460032972535430e-01 1.737299893839339138e-01 1.315019742507193834e-02 -1.534377212710894001e-02 -1.150569294380877471e-03 3.118174433848980211e-03 2.876960223817428262e-06 -3.423728795651900282e-03 6.841423193364277403e-04 1.731161069854952189e-02
-1.636126863652336699e-02 -1.644832997738704394e-02 1.737299893839339138e-01 4.640929787654048955e-01 1.762367891744540116e-01 -2.733639680778690313e-03 -1.648393228155227430e-02 6.663538263277833879e-04 3.379975076931497971e-03 1.830091603475865090e-04 -3.303766349961686014e-03 -1.412519853393894281e-03
-2.325224892662995473e-03 -2.260563033045596276e-02 1.315019742507193834e-02 1.762367891744540116e-01 5.137802072180404078e-01 1.509927949379346046e-01 -3.731926672515109566e-03 -1.239141253570928171e-02 1.046727485691411686e-03 2.891603679736295864e-03 -5.367458345912086816e-04 -4.076132421798851595e-03
3.673613357829576785e-03 2.185733877640304215e-03 -1.534377212710894001e-02 -2.733639680778690313e-03 1.509927949379346046e-01 5.058804003087140622e-01 1.638139940221153557e-01 7.404046474097358008e-04 -1.565867954617815999e-02 -7.524701841236560839e-04 3.307454392533271982e-03 2.753062408140242762e-04
3.247004696336155570e-04 4.237770574316747016e-03 -1.150569294380877471e-03 -1.648393228155227430e-02 -3.731926672515109566e-03 1.638139940221153557e-01 4.957182213719617536e-01 1.511266237869421936e-01 -2.470044679327070523e-03 -1.287276107855307196e-02 3.433569597156583544e-04 2.814152546770128625e-03
-3.293739594242027502e-03 -6.646595648513455544e-04 3.118174433848980211e-03 6.663538263277833879e-04 -1.239141253570928171e-02 7.404046474097358008e-04 1.511266237869421936e-01 5.088043318316796126e-01 1.671976937091113891e-01 4.902838685521649503e-03 -1.510693893354803953e-02 -8.658907258292341917e-04
-7.734716632262416888e-04 -2.827408646897992209e-03 2.876960223817428262e-06 3.379975076931497971e-03 1.046727485691411686e-03 -1.565867954617815999e-02 -2.470044679327070523e-03 1.671976937091113891e-01 4.873049829060936977e-01 1.531925255252464813e-01 -2.155454536316763793e-03 -1.254478252736956553e-02
1.490946919091729224e-02 5.788009024520553332e-04 -3.423728795651900282e-03 1.830091603475865090e-04 2.891603679736295864e-03 -7.524701841236560839e-04 -1.287276107855307196e-02 4.902838685521649503e-03 1.531925255252464813e-01 5.070760074823275065e-01 1.622174176287734526e-01 1.421503464405450903e-03
3.274350200848439967e-03 1.261129548222558912e-02 6.841423193364277403e-04 -3.303766349961686014e-03 -5.367458345912086816e-04 3.307454392533271982e-03 3.433569597156583544e-04 -1.510693893354803953e-02 -2.155454536316763793e-03 1.622174176287734526e-01 4.946465725823631643e-01 1.518288434135949272e-01
