3.808095113482459770e-02 9.975784027236123119e-02 1.641964016353861244e-01 1.821045817680450596e-01 2.103681514562593113e-01 1.666959681857811126e-01 6.064616641604764213e-02 2.995329416424638916e-02 2.098707200150697408e-02 2.720957296554168264e-02
1.481290344915091595e-01 1.916454500326539023e-01 1.235928527552061229e-01 7.667512512911141276e-02 5.721935643556688711e-02 6.093789775255484958e-02 5.541666239827244822e-02 6.909405949096504573e-02 1.100936600120160924e-01 1.071959015021444195e-01
1.059797443196542066e-01 1.637544558969519781e-01 1.679419482726592361e-01 1.628968297111952346e-01 1.212836639572754116e-01 1.219303329768181149e-01 5.477627749746381836e-02 2.537135927196157784e-02 2.620576859050790380e-02 4.985961950551251465e-02
8.303445629372835368e-02 1.038834200593589385e-01 2.247660681283373540e-01 1.051004823713794223e-01 6.969020431350717026e-02 9.427693325802945223e-02 9.071717424625769244e-02 6.424376225605529789e-02 7.824096488480472567e-02 8.604653418854185665e-02
8.935452458588152846e-02 9.504761349616992760e-02 9.336378159110170216e-02 6.668692068896987790e-02 7.843299364292127818e-02 1.148703169454951684e-01 2.229932515086865685e-01 1.316505563322121486e-01 5.753663217300658550e-02 5.006340903555529798e-02
6.512038466541071602e-02 6.525963716794640213e-02 9.621685997428655601e-02 1.404415753967593605e-01 1.348564166167012801e-01 8.127906554097791281e-02 8.007821126665443101e-02 1.361911462918846127e-01 1.065016751522261246e-01 9.405502792715278448e-02
2.261604819863083649e-01 9.096747579864268574e-02 4.932765823141051220e-02 2.670985389067702040e-02 2.789837705971919338e-02 5.320506608933454201e-02 8.821546841511440640e-02 1.142167394606559694e-01 1.073345297576199925e-01 2.159643493105172785e-01
8.287898070991414623e-02 1.207991866109303092e-01 1.269060961549134670e-01 1.066803485256922479e-01 7.477309376468127544e-02 4.282006913583819019e-02 7.878935698249163455e-02 1.312707903976495227e-01 1.566178885385063890e-01 7.846418917938302595e-02
1.491974908806587563e-01 1.537265083125980980e-01 1.062698844468939335e-01 1.085851783961376271e-01 7.919599783528841197e-02 8.660546301634466926e-02 7.456528109506360691e-02 6.122625531132144111e-02 6.565612892531166866e-02 1.149718117803820716e-01
5.986190623027108637e-02 1.287321133424609299e-01 1.229552246506888658e-01 9.170949266134825750e-02 1.380935785848044217e-01 1.390244548884416731e-01 1.135024424051180592e-01 9.105452491799945203e-02 7.088157637491152019e-02 4.418468594395608129e-02
9.188982806928212843e-02 9.588362524344176685e-02 6.156604529725441532e-02 5.798020114933027935e-02 1.064688668654233256e-01 1.571975343774398570e-01 1.454370936783080381e-01 1.551466602148629526e-01 6.905281952217084962e-02 5.937732558248631776e-02
2.568275931437554588e-02 2.126977467094526286e-02 1.706365557380566667e-02 2.791191637531614117e-02 1.026216422821121105e-01 2.372236469463402941e-01 2.157757941610207453e-01 1.667909899026230325e-01 1.082916052032995846e-01 7.736821557016174133e-02
1.233564264801439575e-01 1.208337378793907929e-01 1.336328166616548851e-01 1.091707458004396447e-01 8.372964940880670004e-02 5.393419152265594568e-02 5.042011802556202460e-02 1.011075525091086613e-01 1.135723061576464632e-01 1.102424555545909179e-01
2.071798434064118510e-01 1.824900840042685823e-01 8.963679149225481368e-02 5.961010677512290634e-02 2.450501796792666290e-02 4.193202658042782111e-02 7.327030367757013385e-02 1.042030126734693890e-01 9.757072766004823428e-02 1.196020857624997408e-01
7.137245727857938205e-02 8.383533351765357078e-02 1.434746579368895991e-01 1.339536707882986732e-01 7.147578030876947097e-02 8.438258808515258780e-02 1.425953490708258831e-01 1.085897284977584143e-01 6.888313196782988590e-02 9.143730254824261605e-02
8.123010273821176797e-02 6.816838347849074609e-02 5.390723529801992597e-02 7.999373517345952089e-02 1.273721246987120637e-01 1.707050166943960834e-01 1.310081021350796293e-01 7.476699631883668151e-02 9.480070874560464489e-02 1.180475947191888253e-01
8.073700063433912610e-02 7.823524953700593254e-02 9.359235468504309430e-02 1.361432244157054217e-01 1.152794439250407477e-01 6.266056737675874955e-02 7.888313855979778300e-02 8.361569592722101207e-02 1.327329439064670880e-01 1.381203810326212533e-01
6.522714398388215762e-02 1.117124158115625487e-01 1.610445949213032413e-01 1.611924182890372703e-01 8.361741425427643426e-02 7.215286315150765128e-02 4.204713136097425197e-02 7.928529726135102873e-02 1.345840316573946038e-01 8.913668930871093687e-02
1.779321540541891067e-01 8.606404360071664983e-02 5.394787150024075995e-02 5.373447999370166428e-02 4.944941679511682953e-02 5.120425610804715116e-02 6.252503600253103699e-02 9.781583662406968804e-02 1.684141229223461433e-01 1.989127823990412269e-01
7.609714514152637888e-02 6.546987421751898628e-02 9.534456053639892015e-02 9.839382881397722158e-02 1.159313859308741812e-01 1.415423286016332660e-01 9.572983904130130672e-02 9.265501272921873588e-02 1.146474366913306092e-01 1.041885882962202969e-01
1.371508557813881923e-01 1.476254783327763664e-01 8.853964851068807373e-02 4.613001720666171090e-02 6.916730320046328429e-02 8.890615742013406597e-02 8.438990792358189164e-02 8.944872418940080783e-02 1.291246583901749512e-01 1.195172490447308222e-01
6.816623750060928077e-02 4.167540845631050039e-02 3.846936473575116727e-02 2.857413350308986300e-02 9.044296819287403477e-02 1.700891682691881845e-01 1.599729097745979378e-01 1.765827983411595858e-01 1.487642651154290896e-01 7.726274611099026579e-02
8.935879833965643115e-02 1.961370384008609968e-01 2.170371082933371387e-01 1.932956434982631144e-01 1.059415763364347784e-01 5.291085511317940304e-02 4.153762696649250519e-02 1.880085443275869225e-02 2.175962288956425489e-02 6.322087572945264689e-02
4.371082038281386833e-02 6.850441385152732099e-02 1.078104070848150547e-01 1.577703234287778644e-01 1.728517272768221313e-01 2.008978397493017820e-01 1.187095945669279506e-01 5.962489127578061987e-02 3.502983539814168851e-02 3.509014698509186486e-02
1.387841924298309215e-01 1.469351371339792656e-01 1.722687599584639961e-01 9.623766252832589851e-02 8.743538618914102611e-02 5.332072078243621505e-02 7.967625598029318135e-02 7.202341281399393669e-02 7.154032763906663372e-02 8.177814454446902248e-02
7.512545512365054190e-02 3.728674190949055056e-02 4.793849577461676420e-02 4.932696597016575368e-02 4.725090575790964059e-02 7.790807130181379159e-02 1.704072481436775810e-01 1.423326327291146998e-01 1.528362712378659727e-01 1.995872120516946069e-01
1.922740425529122499e-01 1.261645871741648162e-01 8.264539468491230445e-02 3.236498449288219975e-02 4.163878294878494563e-02 6.710484694832544172e-02 1.044995425048061977e-01 1.448494489663506579e-01 1.082539345024972205e-01 1.002044352243642300e-01
4.075930882599373972e-02 1.169127265974895802e-01 1.130951605172278857e-01 1.837521319554331067e-01 9.203931281481855797e-02 1.366029699682319576e-01 1.453254237354515976e-01 8.433992397916001416e-02 3.686755433876068300e-02 5.030548726743312021e-02
3.200788767794513628e-02 2.453641408998194495e-02 3.740598194637482360e-02 7.381042856256894713e-02 1.477959344378092510e-01 1.361941580437361354e-01 9.647774292576996591e-02 1.270743948720737260e-01 2.182992567950803320e-01 1.063978006486596684e-01
9.872451926293682178e-02 7.583198269013792514e-02 2.448964560991775952e-02 5.004201580161117546e-02 7.054678576439231408e-02 1.138100654817014445e-01 1.488281872348785340e-01 1.325496072926110325e-01 1.895799550193739413e-01 9.559723584243906558e-02
9.465366905154176669e-02 5.430763094650742362e-02 2.938930620626366286e-02 3.454349516980546875e-02 6.871248156265991058e-02 1.476134217739736576e-01 1.982818600561525313e-01 1.175316660958750509e-01 1.404828886856450687e-01 1.144835804515755007e-01
1.281508205307834158e-01 7.507575444482236793e-02 8.445491013821787574e-02 1.061462153149044796e-01 5.998919682486369975e-02 7.155135014298852347e-02 9.899331680480422113e-02 1.083573062582786350e-01 1.091335210362967545e-01 1.581476085040402491e-01
8.553201468952156827e-02 1.082792423966570106e-01 1.081557971511492022e-01 6.898312014776911139e-02 7.973974782743868672e-02 1.098699942255145223e-01 1.875170582171492017e-01 9.285101940459777881e-02 1.022262280386320860e-01 5.684577790157112342e-02
1.543559904846370512e-01 1.171352400487928463e-01 1.102584610765700024e-01 9.364699332479312077e-02 6.323290177009813218e-02 4.789934405145712670e-02 7.318310618123517741e-02 9.290607343334789103e-02 1.261371490136471429e-01 1.212447406154217727e-01
1.043130062920140932e-01 6.391078050438551983e-02 6.803244780414532955e-02 1.585304509683951313e-01 1.444368191679718527e-01 1.610274926204368351e-01 5.970696000926334346e-02 5.189720609160710513e-02 9.120793994236042757e-02 9.693689659942053560e-02
8.258788058160353163e-02 1.196782556800922159e-01 1.224810405797224500e-01 1.515113711030852128e-01 9.095497105477567956e-02 1.454149050591352632e-01 1.568998878545962983e-01 6.243581999426400797e-02 2.945946350664335051e-02 3.857640458608211503e-02
1.576858328436233081e-01 9.463526967094430808e-02 3.765861239776065877e-02 2.399084348162828714e-02 2.132310911843164278e-02 3.501793709443533353e-02 1.001796824713045708e-01 9.243943506155807843e-02 1.748663302969505895e-01 2.622029475633635975e-01
1.231995524804586906e-01 8.871216379117709272e-02 5.560888206022658597e-02 6.117148601375831107e-02 6.367205252912586100e-02 7.766998247160486479e-02 1.256344328748461581e-01 1.354821259884196327e-01 1.241278716326276177e-01 1.447214501577553381e-01
1.495892312675307922e-01 9.124134461880564761e-02 5.282100455145254114e-02 5.373409029380230018e-02 9.620560271209221970e-02 7.339921751508472758e-02 8.470744645834962783e-02 1.118197420368912121e-01 1.673474024814992633e-01 1.191349180644919875e-01
4.427814092922885414e-02 3.538859805250701984e-02 3.978303275541625328e-02 8.606200386064713492e-02 1.024957953263527649e-01 1.345366570732735578e-01 1.624000511749927045e-01 1.646476807536782494e-01 1.636886362568112097e-01 6.671940381709245971e-02
1.462760068550849335e-01 1.486269921766385504e-01 9.068480647355725566e-02 6.606922615712307323e-02 7.532707042854137891e-02 6.514994328361897735e-02 7.243455818080027364e-02 7.944556558500973087e-02 1.395426384488322180e-01 1.164431924107936500e-01
1.138657968631407447e-01 1.701599074692436431e-01 1.512668508897836994e-01 1.685409697073629587e-01 9.746361015609331102e-02 5.871987714031833006e-02 5.304334505709182301e-02 4.389058062891204592e-02 5.436025795782031822e-02 8.868880413023311204e-02
7.879227704786147257e-02 1.231272383128404202e-01 1.246944840698934465e-01 1.843514137220148563e-01 1.722394361294328213e-01 1.157285676506712990e-01 9.197967859214681297e-02 3.619282839048022088e-02 3.229707222394735677e-02 4.059700386071152245e-02
1.450798584403678593e-01 1.017399561004596886e-01 8.551370937284910601e-02 1.538588181370679209e-01 1.375276607131272200e-01 9.667598627550723356e-02 5.462252500902605584e-02 4.150257368522219936e-02 8.097362000361721379e-02 1.025052922627555652e-01
2.560564560178648086e-01 2.080313372923175974e-01 1.017313396783889740e-01 7.482093674220849366e-02 5.018147973947080509e-02 3.906217120607951426e-02 4.088622691987450763e-02 4.230699507289699401e-02 6.669552104129994330e-02 1.202275362895985078e-01
1.098686262959542997e-01 9.671404367791125445e-02 6.805208213063676514e-02 5.233200250029697298e-02 6.697361609338352284e-02 1.545465196298493327e-01 1.561980726905162209e-01 1.239232916343036700e-01 7.239357903253909599e-02 9.899816631460897631e-02
9.383587450201860691e-02 7.160650723743480772e-02 6.746179694201759336e-02 6.939225766510805082e-02 5.179207297878080096e-02 7.665676719983496867e-02 1.396342506904072744e-01 2.188910897083934382e-01 1.328162473185847403e-01 7.791313575741977415e-02
2.338272350024775958e-01 1.133815485000416595e-01 9.690784031943262822e-02 1.049484460411746201e-01 5.008900636782822463e-02 4.922954685184720292e-02 4.451136316228050671e-02 4.555438122640011189e-02 8.456337126301349816e-02 1.769872612655040700e-01
1.144317593120476317e-01 8.782285116928773006e-02 5.610586266222412216e-02 4.881004096330548991e-02 5.004233806030664033e-02 6.775722585291896194e-02 9.934110833207547564e-02 2.045791322411365798e-01 1.395923975582465393e-01 1.315172838484508222e-01
9.047871735189727538e-02 8.665932053916375333e-02 1.143179963739771043e-01 9.303101705557675905e-02 6.313596711905712644e-02 5.648029918075013478e-02 7.345557454051208912e-02 1.103281218192324886e-01 1.623154915804170262e-01 1.497974944394162566e-01
1.827326570377364734e-01 1.045419475129662767e-01 3.765500994791025346e-02 3.345822457943527228e-02 4.950814099829457804e-02 8.617910827030440812e-02 8.499129054674561812e-02 9.099875894710440782e-02 1.352530902754232878e-01 1.946817718840796463e-01
2.236351661078947173e-01 1.405011128618497140e-01 1.169201287152639990e-01 1.415167012361688015e-01 1.219594560578615428e-01 6.277860705413582099e-02 5.768629282528566632e-02 2.625823534508320289e-02 3.675595372307870201e-02 7.198834607337784020e-02
4.914562835768238047e-02 4.837512433498059039e-02 9.822744317118299595e-02 1.291999093217842398e-01 1.185257555921331168e-01 1.131087959270644788e-01 1.230140664851497034e-01 1.123021444374780881e-01 1.157047477853128670e-01 9.239638458723153924e-02
8.881673202919583565e-02 7.256589541940260124e-02 9.793270394651386324e-02 1.800332302530284201e-01 1.763140894649253831e-01 8.760670469105683034e-02 7.973770976867081139e-02 6.988508735006768169e-02 6.249648778618206724e-02 8.461135929095651986e-02
1.025327422924851295e-01 1.519577116714762588e-01 8.035727597475407491e-02 8.323123341882915360e-02 9.307529389751686977e-02 7.528010036267931970e-02 1.025997567762699375e-01 1.076543160142997002e-01 1.109173128274878184e-01 9.239425676420182088e-02
1.362199250772294090e-01 1.429080117741252931e-01 9.054555868426805709e-02 1.343586413099705779e-01 1.180668373627539319e-01 8.605402053045527189e-02 7.052361565931444809e-02 6.286978157990995297e-02 8.153951121587550699e-02 7.691409680609777311e-02
7.742847921834428160e-02 9.389949227761970607e-02 5.675528778223409149e-02 9.932457023789331707e-02 1.524986601419179300e-01 1.234979436116803164e-01 1.236471626140004110e-01 1.066727010569790968e-01 1.059062651819474010e-01 6.036943787738341394e-02
6.643370617764732255e-02 5.566479867808614423e-02 3.996819690753868060e-02 4.740306499961047249e-02 6.992874937576562533e-02 9.344101062850267148e-02 1.726748081081789510e-01 2.189641258831361292e-01 1.627359348031157671e-01 7.278560443841808336e-02
2.982549524250054374e-01 1.664504581072622780e-01 9.861245198905257969e-02 7.067875648353207085e-02 2.366744358730124911e-02 2.228573435499912880e-02 4.495552169303268508e-02 5.429765668849612786e-02 6.684813698293955164e-02 1.539488876883792212e-01
3.567147794678952183e-02 2.159386558144697071e-02 2.062756939864159381e-02 2.888599884541848822e-02 4.414124170897435612e-02 1.095677402576748782e-01 2.206943895606392481e-01 2.578639242365072248e-01 1.752019723557864950e-01 8.575182010812149036e-02
9.727541744713849581e-02 1.532385652965501111e-01 1.824086483511411227e-01 1.725976715370439729e-01 1.198054011913980005e-01 9.495586847459958069e-02 5.400497783687303183e-02 3.202820122280740367e-02 5.312151464788771038e-02 4.056373399456039697e-02
5.852773806901474807e-02 3.947365364223595630e-02 3.448884531218275595e-02 6.820391771481271181e-02 1.619771368870775163e-01 1.626020351215678450e-01 1.322746460928680423e-01 9.571636689584871183e-02 1.399723897935180039e-01 1.067632704708737224e-01
5.666968686128338178e-02 8.637160887401174048e-02 1.355990329181443466e-01 1.856856399997113272e-01 8.411761429388033007e-02 6.473078424090626670e-02 8.276872906466800628e-02 1.039306792328407170e-01 1.175682469674375064e-01 8.255797754711644010e-02
4.380533984922282964e-02 2.822820197763812461e-02 2.610152376733657076e-02 4.453536056065468540e-02 1.030677502094118625e-01 1.410917725033443149e-01 2.026197126619415090e-01 1.807646081397041860e-01 1.538438391590921661e-01 7.594189117165406344e-02
1.567141109763103279e-01 8.735507856575872032e-02 6.149713714923786545e-02 6.234747514402300822e-02 5.994158369025928690e-02 8.426883423914507953e-02 1.642503615221984903e-01 1.125634417530630565e-01 9.676639341206147438e-02 1.142955835479427806e-01
4.213042887367407507e-02 7.900933307392786487e-02 1.577919032411978506e-01 2.229860950955229737e-01 1.871198493273154018e-01 8.072473850032677034e-02 4.262028003386676700e-02 6.657860839562428079e-02 6.611691194522442694e-02 5.492185151331971382e-02
9.206177820106498100e-02 9.109496919904658263e-02 4.966163700115044932e-02 5.034848483038786154e-02 4.591167366933524008e-02 5.379459506167894034e-02 1.412746716952683057e-01 1.562857034017569313e-01 1.552640920441126227e-01 1.643023948961982450e-01
1.448746775301558709e-01 6.515402364851302641e-02 5.007648095535605082e-02 7.147304123210261595e-02 7.596025612110787750e-02 9.218282447495987353e-02 7.483437545266108382e-02 7.339125273301452812e-02 1.184337380878746071e-01 2.336193297642543965e-01
6.135934675021616214e-02 1.211061261487917096e-01 2.107178075168593123e-01 1.909919072430892317e-01 1.330055788977876907e-01 8.880466192965341676e-02 7.629370301945270771e-02 4.571522427354522689e-02 3.290735760414278260e-02 3.909828661646182896e-02
1.029535778609074054e-01 1.547655738442270668e-01 1.184458810192174638e-01 1.272391696616318457e-01 1.145154500484338034e-01 9.465518798035808812e-02 9.084163093617517171e-02 4.470721177588166118e-02 5.517296781821977303e-02 9.670334905494767930e-02
9.148133888689501114e-02 1.276914300031214700e-01 9.606543983692700239e-02 8.132022283701029197e-02 1.155054969410238552e-01 8.183283424546101970e-02 5.738143974101840572e-02 1.143271553913926819e-01 1.128127567642187162e-01 1.215818853529314209e-01
4.918220752304973409e-02 9.114287137632970381e-02 1.039798120118733404e-01 9.481876349526993653e-02 1.205830367733856101e-01 2.326005023690134454e-01 1.547170076528592286e-01 8.987227189049301623e-02 3.485366350647053219e-02 2.824986340125566070e-02
5.724675124433435680e-02 3.487558282102772717e-02 2.310020795988794104e-02 4.790333520498150227e-02 7.866139924710489895e-02 1.719308749635093947e-01 2.557037785657551021e-01 1.877110728488143032e-01 8.618658578771440371e-02 5.668041135687057475e-02
6.756386346944240340e-02 9.963021122880595659e-02 1.667200254057467357e-01 1.735593136959721061e-01 8.193517255549159772e-02 5.918134634507359049e-02 7.565442712126727032e-02 1.205727770461184067e-01 9.220088121934294501e-02 6.298198191273905733e-02
1.041985507405099043e-01 1.360480448156892175e-01 2.195278806640874047e-01 1.033357693549001310e-01 4.372478276460142754e-02 2.912973185423610445e-02 3.002978494210689978e-02 6.802242600954486185e-02 1.317310666469633240e-01 1.342519622073609642e-01
4.543840663361776999e-02 5.188392560820019594e-02 4.061500364071279207e-02 6.152347884900283975e-02 9.526288714114281020e-02 1.631803956614860385e-01 1.966345564284401326e-01 2.315006805244312071e-01 7.289215000328577720e-02 4.106851550968074888e-02
6.179738444214308291e-02 8.863914610761949864e-02 1.108263515981810360e-01 1.555106098733343711e-01 1.793436364077352629e-01 1.144972113666209435e-01 1.028445142588417099e-01 6.649013035624636025e-02 7.692495641807070572e-02 4.312605917120718863e-02
1.368688031332569444e-01 1.698789217197938517e-01 7.949028522292594934e-02 6.646799760071879504e-02 3.865537279102694568e-02 4.722360951964576364e-02 5.987823050225621335e-02 1.387565162076112024e-01 1.278724586455599055e-01 1.349078046572047274e-01
1.074281464309685408e-01 1.314046466702083471e-01 1.709047282841393567e-01 1.314639318367576970e-01 9.221699998872029402e-02 9.988667294836486854e-02 6.631921289839753930e-02 4.767693513186223309e-02 6.497492509988564424e-02 8.772380071069547924e-02
9.717521646791218992e-02 5.901235862966533463e-02 5.233389442905107131e-02 6.839195464458346085e-02 8.437871697743962174e-02 8.779974546689256476e-02 1.125515427959110776e-01 1.769114616206086676e-01 1.524874955590214132e-01 1.089576134089144943e-01
1.005928701815189535e-01 1.004564510928190740e-01 9.258039701500186958e-02 7.521670726592202816e-02 4.822057735645586540e-02 5.999090264377379689e-02 9.146985578104360748e-02 1.934194118493606784e-01 1.193221955392562150e-01 1.187306312748480364e-01
1.283979405101856874e-01 1.117026279543805178e-01 1.058064102731160888e-01 1.886268373296078882e-01 1.623992860896253665e-01 1.063795921432216934e-01 4.438414761943911685e-02 3.537934272372603856e-02 4.487083158529059368e-02 7.205298377140709198e-02
1.146222102997007108e-01 9.794715693476901963e-02 5.760731060918249102e-02 6.105803834311007705e-02 7.308609791706185965e-02 1.482455250716784856e-01 1.562599860933298057e-01 7.418860088412386478e-02 7.171588770664975854e-02 1.452691861403941354e-01
2.109349704422005534e-01 1.456709734764098929e-01 9.068829960331223350e-02 5.539507604037165189e-02 8.242379998605209313e-02 6.213171167620838015e-02 4.475115898534941933e-02 6.360902542799648507e-02 1.005067826812663101e-01 1.438882016808330500e-01
1.372755035932704815e-01 7.244378966008552245e-02 6.012874516777694245e-02 3.552126529595386883e-02 5.206624785786974352e-02 9.606114296810469577e-02 1.581318316003724744e-01 1.114723246380563415e-01 1.078866631493394651e-01 1.690124860691705200e-01
9.255812241632487003e-02 1.144427346711285459e-01 9.578837046402774447e-02 8.172624113725891759e-02 9.735284258775947497e-02 1.054294360690845866e-01 8.744311501711757306e-02 7.523687971665313223e-02 1.098354673511560409e-01 1.401867905694894056e-01
2.347731992134141979e-02 1.550785415270790335e-02 2.303759548846082833e-02 4.057252316426932653e-02 1.123428993350134575e-01 2.281320113424138429e-01 2.652485197971043429e-01 1.734616110441203340e-01 8.592360715348337785e-02 3.229605860108519799e-02
1.050915039536119144e-01 1.115660028835248896e-01 6.514550750304690108e-02 1.101296781609261560e-01 1.174907904007082698e-01 1.241783614636291777e-01 1.110453604422221019e-01 8.720832025797177478e-02 6.270824747775148589e-02 1.054362274566075786e-01
1.538646270139687189e-01 1.132538516331575290e-01 5.782450950460849698e-02 5.220607103973381319e-02 9.893576301701414999e-02 1.227470719915038783e-01 1.024264998808227245e-01 7.003328961683859266e-02 9.030983467899221517e-02 1.383984816233599091e-01
1.288678063431583642e-01 1.667398272440174800e-01 2.378861321516861638e-01 1.763840669714868969e-01 7.980835090496936346e-02 5.427470238204287756e-02 3.109354593093917318e-02 3.505897585210633605e-02 2.685723044753312444e-02 6.302936177206001911e-02
8.642970721427048475e-02 1.336852364486372791e-01 9.963083429498015287e-02 1.139882089946187005e-01 6.757760351480074368e-02 6.528983445294864185e-02 9.632755410699531118e-02 1.089690621032446127e-01 1.263620374962491910e-01 1.017399213732551183e-01
6.952588370107748439e-02 4.650722904059125667e-02 6.145216320643248631e-02 9.233409378982210258e-02 1.598141867352502465e-01 1.260423747910180969e-01 1.223118734470614172e-01 1.216187264973124099e-01 1.041453232309692695e-01 9.624814556046532021e-02
9.541173370657515806e-02 1.160735692134213931e-01 1.333103656525725378e-01 1.774412235555338779e-01 1.286594008311359727e-01 7.694361933132118359e-02 3.439359654525150911e-02 4.484377813606665875e-02 6.806016733117425943e-02 1.248625456969472830e-01
4.667450796021427317e-02 5.128233671696191820e-02 8.422009218334312874e-02 1.503790059671968327e-01 1.603099428386991765e-01 1.264993315707583221e-01 1.078718208866914080e-01 9.397954835098268345e-02 1.007605108595041044e-01 7.802290266564843035e-02
5.080204684137455684e-02 3.778862313484403906e-02 4.771075321492151272e-02 8.541359693822350718e-02 1.501901483610237065e-01 1.649749701960085968e-01 7.608751616005182683e-02 1.038380138873051806e-01 1.520754269116473267e-01 1.311189043545999411e-01
1.386256862635398268e-01 6.606796251640945083e-02 6.141537775616472822e-02 8.990080841450896754e-02 9.210268847544821058e-02 7.793885951103912690e-02 6.265702569014132417e-02 1.112922895563450421e-01 1.474213901798250570e-01 1.525779116365782728e-01
7.889785034132526520e-02 6.627277859236141433e-02 4.374397972364572895e-02 3.763731335055486849e-02 5.695358460283009294e-02 1.098597513321931118e-01 1.447614406091800587e-01 1.813552874637840984e-01 1.649396758860169898e-01 1.155783380981085240e-01
9.364493763470185805e-02 6.546049563319836229e-02 1.370390675820289672e-01 1.823652428911725631e-01 1.360375840592381591e-01 9.013240331178891396e-02 5.184586250137140223e-02 5.991164003491387946e-02 8.704862360694629042e-02 9.651414274463968046e-02
9.074441423562282227e-02 1.219205303069074153e-01 1.574657536248111334e-01 1.260660192693179860e-01 1.124204147442400270e-01 1.159284638893520181e-01 8.346776579199904900e-02 4.713619161563022131e-02 7.951390747749098598e-02 6.533653904462834172e-02
8.570607933495409669e-02 1.032261613374430981e-01 8.037955078087696825e-02 5.031262398528010132e-02 8.147261014442508387e-02 1.275122541605904769e-01 9.915893040331334729e-02 9.766356225921468681e-02 1.679120275957865227e-01 1.066561999981156528e-01
