3.808095113482459770e-02 6.151498490899759419e-02 7.853869401989742316e-02 8.188865594166182260e-02 8.641751401555577972e-02 7.640353227854751461e-02 4.656653887449047763e-02 3.314394847337755884e-02 2.804022570828394040e-02 3.211851602044419468e-02
6.151498490899759419e-02 9.975784027236123119e-02 1.274820673853882813e-01 1.324979590486938252e-01 1.391411733955796315e-01 1.226296250213084887e-01 7.471895970286270006e-02 5.321370874973971321e-02 4.508037026215097609e-02 5.173397445171017128e-02
7.853869401989742316e-02 1.274820673853882813e-01 1.641964016353861244e-01 1.711850523474813257e-01 1.796784212860872421e-01 1.579503807683827754e-01 9.602131707473839095e-02 6.822338780810849324e-02 5.766907178905211068e-02 6.607760848619503857e-02
8.188865594166182260e-02 1.324979590486938252e-01 1.711850523474813257e-01 1.821045817680450596e-01 1.932441288793647072e-01 1.698679172957502925e-01 1.027342700275728909e-01 7.250036650710856012e-02 6.083352302733242151e-02 6.924893265745582505e-02
8.641751401555577972e-02 1.391411733955796315e-01 1.796784212860872421e-01 1.932441288793647072e-01 2.103681514562593113e-01 1.858595372823651504e-01 1.118221939016217220e-01 7.831583161637396817e-02 6.514966354366233392e-02 7.357534795459413912e-02
7.640353227854751461e-02 1.226296250213084887e-01 1.579503807683827754e-01 1.698679172957502925e-01 1.858595372823651504e-01 1.666959681857811126e-01 1.002537376049819906e-01 7.002123843350062382e-02 5.803412897408676691e-02 6.529265057173598563e-02
4.656653887449047763e-02 7.471895970286270006e-02 9.602131707473839095e-02 1.027342700275728909e-01 1.118221939016217220e-01 1.002537376049819906e-01 6.064616641604764213e-02 4.249935015785828024e-02 3.530484094520942862e-02 3.977758697962373996e-02
3.314394847337755884e-02 5.321370874973971321e-02 6.822338780810849324e-02 7.250036650710856012e-02 7.831583161637396817e-02 7.002123843350062382e-02 4.249935015785828024e-02 2.995329416424638916e-02 2.499735360577763632e-02 2.825925100372721904e-02
2.804022570828394040e-02 4.508037026215097609e-02 5.766907178905211068e-02 6.083352302733242151e-02 6.514966354366233392e-02 5.803412897408676691e-02 3.530484094520942862e-02 2.499735360577763632e-02 2.098707200150697408e-02 2.383714683650726973e-02
3.211851602044419468e-02 5.173397445171017128e-02 6.607760848619503857e-02 6.924893265745582505e-02 7.357534795459413912e-02 6.529265057173598563e-02 3.977758697962373996e-02 2.825925100372721904e-02 2.383714683650726973e-02 2.720957296554168264e-02
1.481290344915091595e-01 1.671035848455079131e-01 1.333045274374019817e-01 1.043302968748464343e-01 8.941795723171866439e-02 9.161455785395612728e-02 8.732462321873502020e-02 9.782827633968607661e-02 1.243652962586162952e-01 1.248168316551733770e-01
1.671035848455079131e-01 1.916454500326539023e-01 1.529354693268992760e-01 1.191387321749527578e-01 1.014649873521517864e-01 1.033375626403838787e-01 9.799530608488386807e-02 1.093155105022287910e-01 1.386918731939954241e-01 1.396554335639903777e-01
1.333045274374019817e-01 1.529354693268992760e-01 1.235928527552061229e-01 9.677734288606296142e-02 8.256746320258018246e-02 8.406418386841921220e-02 7.952416289654890003e-02 8.837778257412715055e-02 1.116620401261283479e-01 1.118905983879357191e-01
1.043302968748464343e-01 1.191387321749527578e-01 9.677734288606296142e-02 7.667512512911141276e-02 6.588859114416553697e-02 6.732439133648031315e-02 6.368102590528269824e-02 7.059461419019349981e-02 8.881228211425763741e-02 8.832145849156096407e-02
8.941795723171866439e-02 1.014649873521517864e-01 8.256746320258018246e-02 6.588859114416553697e-02 5.721935643556688711e-02 5.883394838901916807e-02 5.575703694523582998e-02 6.175979723363150126e-02 7.743927447115600549e-02 7.641573376504344484e-02
9.161455785395612728e-02 1.033375626403838787e-01 8.406418386841921220e-02 6.732439133648031315e-02 5.883394838901916807e-02 6.093789775255484958e-02 5.794705693864539431e-02 6.425025879333409740e-02 8.043767488576744618e-02 7.890724388817919877e-02
8.732462321873502020e-02 9.799530608488386807e-02 7.952416289654890003e-02 6.368102590528269824e-02 5.575703694523582998e-02 5.794705693864539431e-02 5.541666239827244822e-02 6.167909577813842498e-02 7.731021930129902686e-02 7.560666055785339457e-02
9.782827633968607661e-02 1.093155105022287910e-01 8.837778257412715055e-02 7.059461419019349981e-02 6.175979723363150126e-02 6.425025879333409740e-02 6.167909577813842498e-02 6.909405949096504573e-02 8.692422996901078003e-02 8.495483481764581901e-02
1.243652962586162952e-01 1.386918731939954241e-01 1.116620401261283479e-01 8.881228211425763741e-02 7.743927447115600549e-02 8.043767488576744618e-02 7.731021930129902686e-02 8.692422996901078003e-02 1.100936600120160924e-01 1.079166430362955842e-01
1.248168316551733770e-01 1.396554335639903777e-01 1.118905983879357191e-01 8.832145849156096407e-02 7.641573376504344484e-02 7.890724388817919877e-02 7.560666055785339457e-02 8.495483481764581901e-02 1.079166430362955842e-01 1.071959015021444195e-01
1.059797443196542066e-01 1.311665255903753380e-01 1.313525917766527606e-01 1.270847489528363072e-01 1.080795925896190224e-01 1.072345478947962366e-01 7.258597938808489247e-02 5.036551263054461769e-02 5.212625351478454572e-02 7.249162471251421880e-02
1.311665255903753380e-01 1.637544558969519781e-01 1.643924413899424675e-01 1.587675754974345321e-01 1.344925516827158440e-01 1.330039995065150638e-01 8.989937924092987476e-02 6.230976775471520901e-02 6.442395487679319910e-02 8.957071375131422930e-02
1.313525917766527606e-01 1.643924413899424675e-01 1.679419482726592361e-01 1.636084380011749162e-01 1.387367456918698061e-01 1.369859915853418597e-01 9.223781104027010957e-02 6.353036221979893594e-02 6.515153908141060879e-02 9.000667048808910775e-02
1.270847489528363072e-01 1.587675754974345321e-01 1.636084380011749162e-01 1.628968297111952346e-01 1.392979594915352004e-01 1.378461974301055104e-01 9.242770294943650211e-02 6.312958328482327908e-02 6.400991135485861738e-02 8.761616079557454917e-02
1.080795925896190224e-01 1.344925516827158440e-01 1.387367456918698061e-01 1.392979594915352004e-01 1.212836639572754116e-01 1.209733148479305437e-01 8.093467877758832307e-02 5.492074878968822294e-02 5.517799295160830120e-02 7.494335548635505662e-02
1.072345478947962366e-01 1.330039995065150638e-01 1.369859915853418597e-01 1.378461974301055104e-01 1.209733148479305437e-01 1.219303329768181149e-01 8.156600561260712867e-02 5.517516811058122139e-02 5.517212556213021979e-02 7.461907687211881413e-02
7.258597938808489247e-02 8.989937924092987476e-02 9.223781104027010957e-02 9.242770294943650211e-02 8.093467877758832307e-02 8.156600561260712867e-02 5.477627749746381836e-02 3.715529234901845945e-02 3.725948175190124667e-02 5.048495903646205152e-02
5.036551263054461769e-02 6.230976775471520901e-02 6.353036221979893594e-02 6.312958328482327908e-02 5.492074878968822294e-02 5.517516811058122139e-02 3.715529234901845945e-02 2.537135927196157784e-02 2.564031317505565885e-02 3.493668250019404953e-02
5.212625351478454572e-02 6.442395487679319910e-02 6.515153908141060879e-02 6.400991135485861738e-02 5.517799295160830120e-02 5.517212556213021979e-02 3.725948175190124667e-02 2.564031317505565885e-02 2.620576859050790380e-02 3.600563563546967799e-02
7.249162471251421880e-02 8.957071375131422930e-02 9.000667048808910775e-02 8.761616079557454917e-02 7.494335548635505662e-02 7.461907687211881413e-02 5.048495903646205152e-02 3.493668250019404953e-02 3.600563563546967799e-02 4.985961950551251465e-02
8.303445629372835368e-02 9.184226421073962698e-02 1.324167138196385707e-01 9.138094563928020331e-02 7.459625233677216749e-02 8.574293670377827747e-02 8.380186670666989190e-02 7.103619030452656968e-02 7.911521944873883827e-02 8.388320746753835655e-02
9.184226421073962698e-02 1.038834200593589385e-01 1.517153241465395708e-01 1.036676714781300801e-01 8.317517720789893709e-02 9.417044588525075310e-02 9.128265956433836981e-02 7.709215435598371080e-02 8.582136889831583348e-02 9.148615902387080556e-02
1.324167138196385707e-01 1.517153241465395708e-01 2.247660681283373540e-01 1.526374527959697969e-01 1.211371714361744178e-01 1.358270405089856969e-01 1.309062015126425116e-01 1.101919415752607850e-01 1.224967907776095544e-01 1.308886019302805681e-01
9.138094563928020331e-02 1.036676714781300801e-01 1.526374527959697969e-01 1.051004823713794223e-01 8.451047155142890621e-02 9.565046921259126589e-02 9.240501539435064249e-02 7.760211174059709893e-02 8.586843168687578742e-02 9.114546293052114279e-02
7.459625233677216749e-02 8.317517720789893709e-02 1.211371714361744178e-01 8.451047155142890621e-02 6.969020431350717026e-02 8.032938283808543911e-02 7.805051938944254641e-02 6.539871566096168432e-02 7.191078454179873625e-02 7.554464659313649133e-02
8.574293670377827747e-02 9.417044588525075310e-02 1.358270405089856969e-01 9.565046921259126589e-02 8.032938283808543911e-02 9.427693325802945223e-02 9.215479774049324668e-02 7.713487389724990595e-02 8.443027408131736911e-02 8.796036024063191849e-02
8.380186670666989190e-02 9.128265956433836981e-02 1.309062015126425116e-01 9.240501539435064249e-02 7.805051938944254641e-02 9.215479774049324668e-02 9.071717424625769244e-02 7.610004091774905111e-02 8.329700170075149401e-02 8.651728026129745786e-02
7.103619030452656968e-02 7.709215435598371080e-02 1.101919415752607850e-01 7.760211174059709893e-02 6.539871566096168432e-02 7.713487389724990595e-02 7.610004091774905111e-02 6.424376225605529789e-02 7.063823592286326558e-02 7.346486574892621690e-02
7.911521944873883827e-02 8.582136889831583348e-02 1.224967907776095544e-01 8.586843168687578742e-02 7.191078454179873625e-02 8.443027408131736911e-02 8.329700170075149401e-02 7.063823592286326558e-02 7.824096488480472567e-02 8.170519468307060884e-02
8.388320746753835655e-02 9.148615902387080556e-02 1.308886019302805681e-01 9.114546293052114279e-02 7.554464659313649133e-02 8.796036024063191849e-02 8.651728026129745786e-02 7.346486574892621690e-02 8.170519468307060884e-02 8.604653418854185665e-02
8.935452458588152846e-02 9.195257968204501031e-02 9.081860365092447873e-02 7.621130499184158857e-02 8.072478032744720422e-02 9.407824970542946752e-02 1.270789375103313912e-01 9.996431117393680954e-02 6.898764838868262639e-02 6.644621442748971374e-02
9.195257968204501031e-02 9.504761349616992760e-02 9.397870370738189982e-02 7.868973741207559158e-02 8.299222230893843477e-02 9.622387713059181447e-02 1.294743286923028813e-01 1.018554513835556868e-01 7.047923855091323131e-02 6.815466239345771560e-02
9.081860365092447873e-02 9.397870370738189982e-02 9.336378159110170216e-02 7.843646939244441896e-02 8.297687233028216980e-02 9.636983200999268973e-02 1.296872678698264558e-01 1.017377019031458218e-01 7.010920916384019708e-02 6.748446083704284781e-02
7.621130499184158857e-02 7.868973741207559158e-02 7.843646939244441896e-02 6.668692068896987790e-02 7.151459834111553726e-02 8.398552111310722545e-02 1.136420250552223898e-01 8.858877626618902323e-02 6.029941302402788694e-02 5.717060673456613590e-02
8.072478032744720422e-02 8.299222230893843477e-02 8.297687233028216980e-02 7.151459834111553726e-02 7.843299364292127818e-02 9.382393900520924479e-02 1.281643138556938233e-01 9.906823866878461393e-02 6.625877512556491156e-02 6.143938181113551417e-02
9.407824970542946752e-02 9.622387713059181447e-02 9.636983200999268973e-02 8.398552111310722545e-02 9.382393900520924479e-02 1.148703169454951684e-01 1.588667806246962799e-01 1.218605024353180688e-01 8.013053191544311504e-02 7.267827457698786131e-02
1.270789375103313912e-01 1.294743286923028813e-01 1.296872678698264558e-01 1.136420250552223898e-01 1.281643138556938233e-01 1.588667806246962799e-01 2.229932515086865685e-01 1.703556260729355565e-01 1.108368885150240180e-01 9.913180011012438786e-02
9.996431117393680954e-02 1.018554513835556868e-01 1.017377019031458218e-01 8.858877626618902323e-02 9.906823866878461393e-02 1.218605024353180688e-01 1.703556260729355565e-01 1.316505563322121486e-01 8.622038028251727271e-02 7.765384756415277812e-02
6.898764838868262639e-02 7.047923855091323131e-02 7.010920916384019708e-02 6.029941302402788694e-02 6.625877512556491156e-02 8.013053191544311504e-02 1.108368885150240180e-01 8.622038028251727271e-02 5.753663217300658550e-02 5.290256809335666666e-02
6.644621442748971374e-02 6.815466239345771560e-02 6.748446083704284781e-02 5.717060673456613590e-02 6.143938181113551417e-02 7.267827457698786131e-02 9.913180011012438786e-02 7.765384756415277812e-02 5.290256809335666666e-02 5.006340903555529798e-02
6.512038466541071602e-02 6.462454529867284192e-02 7.696119927497480084e-02 9.155455021035543983e-02 8.982222884160136200e-02 7.091315390620667181e-02 7.093972242576894460e-02 9.213084020930241425e-02 8.202829489312953026e-02 7.779355868538007091e-02
6.462454529867284192e-02 6.525963716794640213e-02 7.868592524187446868e-02 9.404123114776753722e-02 9.185560241606691156e-02 7.157348911584464346e-02 7.037892503863363292e-02 9.031558387997559723e-02 8.021368571280858284e-02 7.633576468082595157e-02
7.696119927497480084e-02 7.868592524187446868e-02 9.621685997428655601e-02 1.157100803144540668e-01 1.127312955717026943e-01 8.690785745065270074e-02 8.421685203003234643e-02 1.069306985265225801e-01 9.466494042279280374e-02 9.021665567346026648e-02
9.155455021035543983e-02 9.404123114776753722e-02 1.157100803144540668e-01 1.404415753967593605e-01 1.369894695601442947e-01 1.050686692399860067e-01 1.010193247358761731e-01 1.274733478651526863e-01 1.124978751238715491e-01 1.070971184879902782e-01
8.982222884160136200e-02 9.185560241606691156e-02 1.127312955717026943e-01 1.369894695601442947e-01 1.348564166167012801e-01 1.038263341644072441e-01 1.000886854577165003e-01 1.263994841707799799e-01 1.112811185476575426e-01 1.055370858318417093e-01
7.091315390620667181e-02 7.157348911584464346e-02 8.690785745065270074e-02 1.050686692399860067e-01 1.038263341644072441e-01 8.127906554097791281e-02 7.965498384610153471e-02 1.015806854138793652e-01 8.934334654698815326e-02 8.421518756644401360e-02
7.093972242576894460e-02 7.037892503863363292e-02 8.421685203003234643e-02 1.010193247358761731e-01 1.000886854577165003e-01 7.965498384610153471e-02 8.007821126665443101e-02 1.036893415095754556e-01 9.120661769984277079e-02 8.538249193731772824e-02
9.213084020930241425e-02 9.031558387997559723e-02 1.069306985265225801e-01 1.274733478651526863e-01 1.263994841707799799e-01 1.015806854138793652e-01 1.036893415095754556e-01 1.361911462918846127e-01 1.199657550790995675e-01 1.118744534246126354e-01
8.202829489312953026e-02 8.021368571280858284e-02 9.466494042279280374e-02 1.124978751238715491e-01 1.112811185476575426e-01 8.934334654698815326e-02 9.120661769984277079e-02 1.199657550790995675e-01 1.065016751522261246e-01 9.965647816934621039e-02
7.779355868538007091e-02 7.633576468082595157e-02 9.021665567346026648e-02 1.070971184879902782e-01 1.055370858318417093e-01 8.421518756644401360e-02 8.538249193731772824e-02 1.118744534246126354e-01 9.965647816934621039e-02 9.405502792715278448e-02
2.261604819863083649e-01 1.426846105066454096e-01 1.039549365307356199e-01 7.538760075200917621e-02 7.551054036268210756e-02 1.027417884448353635e-01 1.319109030191574772e-01 1.520496684836011858e-01 1.518870624927378954e-01 2.189399985897710066e-01
1.426846105066454096e-01 9.096747579864268574e-02 6.666384570748261351e-02 4.851384954666328186e-02 4.872347256117558201e-02 6.636604892361999686e-02 8.512996306776199340e-02 9.775664335766220958e-02 9.684936529403598282e-02 1.384250593648250760e-01
1.039549365307356199e-01 6.666384570748261351e-02 4.932765823141051220e-02 3.613861266313100895e-02 3.649801924708043210e-02 4.985351117883555366e-02 6.392891124595891095e-02 7.309533779114660290e-02 7.166854004877068474e-02 1.013366925517475287e-01
7.538760075200917621e-02 4.851384954666328186e-02 3.613861266313100895e-02 2.670985389067702040e-02 2.718232708864865357e-02 3.728421596273211180e-02 4.783323272894191708e-02 5.447513633801099459e-02 5.285158123548383546e-02 7.390657005297632254e-02
7.551054036268210756e-02 4.872347256117558201e-02 3.649801924708043210e-02 2.718232708864865357e-02 2.789837705971919338e-02 3.845167693536046677e-02 4.937952757218587452e-02 5.603985474102640002e-02 5.382485014507609744e-02 7.445907335793616744e-02
1.027417884448353635e-01 6.636604892361999686e-02 4.985351117883555366e-02 3.728421596273211180e-02 3.845167693536046677e-02 5.320506608933454201e-02 6.841340015993033208e-02 7.751079732301643932e-02 7.400786528127388519e-02 1.017101901740233294e-01
1.319109030191574772e-01 8.512996306776199340e-02 6.392891124595891095e-02 4.783323272894191708e-02 4.937952757218587452e-02 6.841340015993033208e-02 8.821546841511440640e-02 1.000496473880658765e-01 9.541506529645113477e-02 1.308832399320940254e-01
1.520496684836011858e-01 9.775664335766220958e-02 7.309533779114660290e-02 5.447513633801099459e-02 5.603985474102640002e-02 7.751079732301643932e-02 1.000496473880658765e-01 1.142167394606559694e-01 1.095687776983661488e-01 1.509740455931289638e-01
1.518870624927378954e-01 9.684936529403598282e-02 7.166854004877068474e-02 5.285158123548383546e-02 5.382485014507609744e-02 7.400786528127388519e-02 9.541506529645113477e-02 1.095687776983661488e-01 1.073345297576199925e-01 1.504572623614146565e-01
2.189399985897710066e-01 1.384250593648250760e-01 1.013366925517475287e-01 7.390657005297632254e-02 7.445907335793616744e-02 1.017101901740233294e-01 1.308832399320940254e-01 1.509740455931289638e-01 1.504572623614146565e-01 2.159643493105172785e-01
8.287898070991414623e-02 9.916764447947977457e-02 1.005759502648262277e-01 9.189728103090427647e-02 7.722531829371710732e-02 5.855486402546569713e-02 7.818097695202186337e-02 9.970395945461582587e-02 1.093440807771589030e-01 7.947959366327964070e-02
9.916764447947977457e-02 1.207991866109303092e-01 1.232275183063968882e-01 1.123194669407212160e-01 9.357303399277941414e-02 6.983730696929690840e-02 9.173666731844337674e-02 1.159273182622995585e-01 1.269701213094813763e-01 9.337558696507264333e-02
1.005759502648262277e-01 1.232275183063968882e-01 1.269060961549134670e-01 1.159157127203468834e-01 9.629616584174294225e-02 7.135002466419347600e-02 9.299220693128380788e-02 1.169202565364303170e-01 1.277855540302281767e-01 9.423178007131073619e-02
9.189728103090427647e-02 1.123194669407212160e-01 1.159157127203468834e-01 1.066803485256922479e-01 8.889462832081074239e-02 6.593368304165868332e-02 8.598120103074965992e-02 1.080182395068510492e-01 1.177909478234568930e-01 8.651336105812638955e-02
7.722531829371710732e-02 9.357303399277941414e-02 9.629616584174294225e-02 8.889462832081074239e-02 7.477309376468127544e-02 5.599442983703992877e-02 7.368504597781988519e-02 9.290839913935863836e-02 1.011332307108353118e-01 7.360237572161837383e-02
5.855486402546569713e-02 6.983730696929690840e-02 7.135002466419347600e-02 6.593368304165868332e-02 5.599442983703992877e-02 4.282006913583819019e-02 5.747085892798431406e-02 7.312094290738485602e-02 7.949726761828529442e-02 5.699734491777647821e-02
7.818097695202186337e-02 9.173666731844337674e-02 9.299220693128380788e-02 8.598120103074965992e-02 7.368504597781988519e-02 5.747085892798431406e-02 7.878935698249163455e-02 1.012208323031533741e-01 1.099658939081622211e-01 7.771531993721442211e-02
9.970395945461582587e-02 1.159273182622995585e-01 1.169202565364303170e-01 1.080182395068510492e-01 9.290839913935863836e-02 7.312094290738485602e-02 1.012208323031533741e-01 1.312707903976495227e-01 1.428484235941855918e-01 1.002192343135123731e-01
1.093440807771589030e-01 1.269701213094813763e-01 1.277855540302281767e-01 1.177909478234568930e-01 1.011332307108353118e-01 7.949726761828529442e-02 1.099658939081622211e-01 1.428484235941855918e-01 1.566178885385063890e-01 1.099506196667356384e-01
7.947959366327964070e-02 9.337558696507264333e-02 9.423178007131073619e-02 8.651336105812638955e-02 7.360237572161837383e-02 5.699734491777647821e-02 7.771531993721442211e-02 1.002192343135123731e-01 1.099506196667356384e-01 7.846418917938302595e-02
1.491974908806587563e-01 1.504272846838714262e-01 1.235085169742773659e-01 1.224958824941664998e-01 1.034658427263747266e-01 1.074496535030484146e-01 1.003183114356787503e-01 9.241828936358098545e-02 9.743037266884180259e-02 1.302345716057081715e-01
1.504272846838714262e-01 1.537265083125980980e-01 1.267637927232566630e-01 1.258352397073533580e-01 1.059982937534567626e-01 1.096638915202401421e-01 1.019652319434829202e-01 9.351190710593636213e-02 9.815237361926273940e-02 1.308753682914276517e-01
1.235085169742773659e-01 1.267637927232566630e-01 1.062698844468939335e-01 1.065928587750872153e-01 9.002096911315847494e-02 9.305806084148179891e-02 8.614363047906072046e-02 7.840480070604613494e-02 8.151035980146649484e-02 1.078186583160460621e-01
1.224958824941664998e-01 1.258352397073533580e-01 1.065928587750872153e-01 1.085851783961376271e-01 9.224359025265076173e-02 9.551427501093578964e-02 8.813693508172559810e-02 7.964601384096685333e-02 8.198713570141327733e-02 1.074966997207271180e-01
1.034658427263747266e-01 1.059982937534567626e-01 9.002096911315847494e-02 9.224359025265076173e-02 7.919599783528841197e-02 8.248454996248073823e-02 7.613091034819610692e-02 6.853823577370557474e-02 7.009448221840416937e-02 9.129945055542353083e-02
1.074496535030484146e-01 1.096638915202401421e-01 9.305806084148179891e-02 9.551427501093578964e-02 8.248454996248073823e-02 8.660546301634466926e-02 8.012801687411454099e-02 7.205876459581560256e-02 7.344039090226914257e-02 9.525624950348590692e-02
1.003183114356787503e-01 1.019652319434829202e-01 8.614363047906072046e-02 8.813693508172559810e-02 7.613091034819610692e-02 8.012801687411454099e-02 7.456528109506360691e-02 6.728336451906664906e-02 6.870353344472897306e-02 8.913635936336669618e-02
9.241828936358098545e-02 9.351190710593636213e-02 7.840480070604613494e-02 7.964601384096685333e-02 6.853823577370557474e-02 7.205876459581560256e-02 6.728336451906664906e-02 6.122625531132144111e-02 6.299238010043653468e-02 8.212090162822444084e-02
9.743037266884180259e-02 9.815237361926273940e-02 8.151035980146649484e-02 8.198713570141327733e-02 7.009448221840416937e-02 7.344039090226914257e-02 6.870353344472897306e-02 6.299238010043653468e-02 6.565612892531166866e-02 8.638192221911944468e-02
1.302345716057081715e-01 1.308753682914276517e-01 1.078186583160460621e-01 1.074966997207271180e-01 9.129945055542353083e-02 9.525624950348590692e-02 8.913635936336669618e-02 8.212090162822444084e-02 8.638192221911944468e-02 1.149718117803820716e-01
5.986190623027108637e-02 8.747500914734310240e-02 8.516878059001099788e-02 7.285416521475526763e-02 8.739791416965710102e-02 8.664521565452151797e-02 7.840393593719961751e-02 7.093496875591159823e-02 6.354235286522297299e-02 5.105730540695842257e-02
8.747500914734310240e-02 1.287321133424609299e-01 1.253011257256825273e-01 1.066205030856025443e-01 1.270865614156879708e-01 1.252899006586728481e-01 1.129541139565570507e-01 1.020876102057199364e-01 9.162930090582363518e-02 7.404758577002497344e-02
8.516878059001099788e-02 1.253011257256825273e-01 1.229552246506888658e-01 1.051927801960948761e-01 1.258453854307547692e-01 1.239849075158589720e-01 1.114159936412966734e-01 1.002981768295779369e-01 8.970480732396453327e-02 7.227413196543358564e-02
7.285416521475526763e-02 1.066205030856025443e-01 1.051927801960948761e-01 9.170949266134825750e-02 1.114001946667059206e-01 1.102405973937189421e-01 9.877884786290218322e-02 8.832561645514286353e-02 7.833758914446009580e-02 6.247200540089747900e-02
8.739791416965710102e-02 1.270865614156879708e-01 1.258453854307547692e-01 1.114001946667059206e-01 1.380935785848044217e-01 1.376034714061310504e-01 1.230981175608436839e-01 1.093865571475758636e-01 9.618387417946205886e-02 7.584143758289943471e-02
8.664521565452151797e-02 1.252899006586728481e-01 1.239849075158589720e-01 1.102405973937189421e-01 1.376034714061310504e-01 1.390244548884416731e-01 1.248975656422588731e-01 1.108435855421037175e-01 9.700261747865024375e-02 7.587444841342100288e-02
7.840393593719961751e-02 1.129541139565570507e-01 1.114159936412966734e-01 9.877884786290218322e-02 1.230981175608436839e-01 1.248975656422588731e-01 1.135024424051180592e-01 1.011792952744284546e-01 8.852893607268355614e-02 6.899242176739581178e-02
7.093496875591159823e-02 1.020876102057199364e-01 1.002981768295779369e-01 8.832561645514286353e-02 1.093865571475758636e-01 1.108435855421037175e-01 1.011792952744284546e-01 9.105452491799945203e-02 8.000526832573018332e-02 6.241695611620955847e-02
6.354235286522297299e-02 9.162930090582363518e-02 8.970480732396453327e-02 7.833758914446009580e-02 9.618387417946205886e-02 9.700261747865024375e-02 8.852893607268355614e-02 8.000526832573018332e-02 7.088157637491152019e-02 5.562534220372632177e-02
5.105730540695842257e-02 7.404758577002497344e-02 7.227413196543358564e-02 6.247200540089747900e-02 7.584143758289943471e-02 7.587444841342100288e-02 6.899242176739581178e-02 6.241695611620955847e-02 5.562534220372632177e-02 4.418468594395608129e-02
9.188982806928212843e-02 9.366259083127920215e-02 7.471777976658020015e-02 7.138735826205264146e-02 9.437349245314344270e-02 1.127461176680415872e-01 1.085659608827954786e-01 1.130686198479716881e-01 7.751928319921527755e-02 7.348037872632910694e-02
9.366259083127920215e-02 9.588362524344176685e-02 7.655718373634970431e-02 7.311269894092317645e-02 9.653404852481994869e-02 1.150527936064679596e-01 1.104214753283835754e-01 1.147211891184887339e-01 7.869556258937750182e-02 7.472952488509808366e-02
7.471777976658020015e-02 7.655718373634970431e-02 6.156604529725441532e-02 5.927526880227493300e-02 7.874923019405861979e-02 9.402860069278770605e-02 8.996794425098827985e-02 9.301753388724356975e-02 6.344466935955084264e-02 5.984819535914620570e-02
7.138735826205264146e-02 7.311269894092317645e-02 5.927526880227493300e-02 5.798020114933027935e-02 7.800418583094134717e-02 9.361403653344510523e-02 8.927369360579971713e-02 9.164882527285753144e-02 6.187769083694415889e-02 5.764052992776004525e-02
9.437349245314344270e-02 9.653404852481994869e-02 7.874923019405861979e-02 7.800418583094134717e-02 1.064688668654233256e-01 1.286037302635077428e-01 1.223899131624537895e-01 1.248964653671982422e-01 8.350985478221159553e-02 7.683098256474545085e-02
1.127461176680415872e-01 1.150527936064679596e-01 9.402860069278770605e-02 9.361403653344510523e-02 1.286037302635077428e-01 1.571975343774398570e-01 1.500488888022322720e-01 1.528504362968675923e-01 1.014637467051242442e-01 9.243289862695058812e-02
1.085659608827954786e-01 1.104214753283835754e-01 8.996794425098827985e-02 8.927369360579971713e-02 1.223899131624537895e-01 1.500488888022322720e-01 1.454370936783080381e-01 1.491541052549757440e-01 9.869273142883544514e-02 8.941247204482111188e-02
1.130686198479716881e-01 1.147211891184887339e-01 9.301753388724356975e-02 9.164882527285753144e-02 1.248964653671982422e-01 1.528504362968675923e-01 1.491541052549757440e-01 1.551466602148629526e-01 1.028250336441858259e-01 9.318434591524414612e-02
7.751928319921527755e-02 7.869556258937750182e-02 6.344466935955084264e-02 6.187769083694415889e-02 8.350985478221159553e-02 1.014637467051242442e-01 9.869273142883544514e-02 1.028250336441858259e-01 6.905281952217084962e-02 6.339751326593275060e-02
7.348037872632910694e-02 7.472952488509808366e-02 5.984819535914620570e-02 5.764052992776004525e-02 7.683098256474545085e-02 9.243289862695058812e-02 8.941247204482111188e-02 9.318434591524414612e-02 6.339751326593275060e-02 5.937732558248631776e-02
2.568275931437554588e-02 2.333091217444514809e-02 2.076692144349896046e-02 2.619614689675539912e-02 4.950426442212035871e-02 7.460259516008180269e-02 7.230020124384251012e-02 6.461662491073658088e-02 5.252732116227910864e-02 4.452700156430269840e-02
2.333091217444514809e-02 2.126977467094526286e-02 1.899820251491060250e-02 2.405254220312376401e-02 4.556047675779646006e-02 6.867314942998697935e-02 6.621178897664423135e-02 5.881533820954618075e-02 4.764984950557635268e-02 4.036425333858507242e-02
2.076692144349896046e-02 1.899820251491060250e-02 1.706365557380566667e-02 2.173546352068182752e-02 4.133912510290574382e-02 6.237227575999144957e-02 5.973857287049055831e-02 5.262133796503470906e-02 4.241194231962644445e-02 3.586514081433787166e-02
2.619614689675539912e-02 2.405254220312376401e-02 2.173546352068182752e-02 2.791191637531614117e-02 5.337905876280202300e-02 8.066231460119445418e-02 7.664293932409010912e-02 6.683325093980915788e-02 5.352891417247887529e-02 4.516356688164790967e-02
4.950426442212035871e-02 4.556047675779646006e-02 4.133912510290574382e-02 5.337905876280202300e-02 1.026216422821121105e-01 1.553544126685164339e-01 1.467180930832692187e-01 1.269745559734516138e-01 1.012253372672191759e-01 8.525775819712679005e-02
7.460259516008180269e-02 6.867314942998697935e-02 6.237227575999144957e-02 8.066231460119445418e-02 1.553544126685164339e-01 2.372236469463402941e-01 2.236074983116399795e-01 1.925452061702646323e-01 1.528966885038540446e-01 1.285172559148310689e-01
7.230020124384251012e-02 6.621178897664423135e-02 5.973857287049055831e-02 7.664293932409010912e-02 1.467180930832692187e-01 2.236074983116399795e-01 2.157757941610207453e-01 1.874529587340692527e-01 1.489584720712323895e-01 1.249830253112497735e-01
6.461662491073658088e-02 5.881533820954618075e-02 5.262133796503470906e-02 6.683325093980915788e-02 1.269745559734516138e-01 1.925452061702646323e-01 1.874529587340692527e-01 1.667909899026230325e-01 1.335220939849726396e-01 1.121131964617329141e-01
5.252732116227910864e-02 4.764984950557635268e-02 4.241194231962644445e-02 5.352891417247887529e-02 1.012253372672191759e-01 1.528966885038540446e-01 1.489584720712323895e-01 1.335220939849726396e-01 1.082916052032995846e-01 9.128578934026737590e-02
4.452700156430269840e-02 4.036425333858507242e-02 3.586514081433787166e-02 4.516356688164790967e-02 8.525775819712679005e-02 1.285172559148310689e-01 1.249830253112497735e-01 1.121131964617329141e-01 9.128578934026737590e-02 7.736821557016174133e-02
1.233564264801439575e-01 1.210529929394709020e-01 1.253099235474360307e-01 1.123061371845915923e-01 9.831715769580261222e-02 7.938851308868057066e-02 7.693599650215289520e-02 1.085774993209728811e-01 1.158665201511101805e-01 1.157071552311160489e-01
1.210529929394709020e-01 1.208337378793907929e-01 1.261666659543050628e-01 1.130549516809008920e-01 9.846797653419257779e-02 7.881335083191814972e-02 7.553474019879732881e-02 1.057320428755747083e-01 1.124981816875419011e-01 1.126060476547016131e-01
1.253099235474360307e-01 1.261666659543050628e-01 1.336328166616548851e-01 1.201897694395684807e-01 1.044670424952736099e-01 8.309901388285835522e-02 7.895614509563475547e-02 1.097675359210141532e-01 1.163239677920889226e-01 1.162805930287205969e-01
1.123061371845915923e-01 1.130549516809008920e-01 1.201897694395684807e-01 1.091707458004396447e-01 9.521122188894318161e-02 7.568962678308005509e-02 7.173618586304138234e-02 9.946383719063325857e-02 1.050371273768249680e-01 1.045593160160965679e-01
9.831715769580261222e-02 9.846797653419257779e-02 1.044670424952736099e-01 9.521122188894318161e-02 8.372964940880670004e-02 6.686133499318851203e-02 6.357496165446696601e-02 8.827206082422625610e-02 9.301399085025055524e-02 9.211311379336026284e-02
7.938851308868057066e-02 7.881335083191814972e-02 8.309901388285835522e-02 7.568962678308005509e-02 6.686133499318851203e-02 5.393419152265594568e-02 5.177224678906795080e-02 7.230644584667993147e-02 7.615492708550225531e-02 7.500419859769058561e-02
7.693599650215289520e-02 7.553474019879732881e-02 7.895614509563475547e-02 7.173618586304138234e-02 6.357496165446696601e-02 5.177224678906795080e-02 5.042011802556202460e-02 7.108053577343444174e-02 7.493187611233941003e-02 7.339077036391947195e-02
1.085774993209728811e-01 1.057320428755747083e-01 1.097675359210141532e-01 9.946383719063325857e-02 8.827206082422625610e-02 7.230644584667993147e-02 7.108053577343444174e-02 1.011075525091086613e-01 1.067801005653400415e-01 1.042506251535255390e-01
1.158665201511101805e-01 1.124981816875419011e-01 1.163239677920889226e-01 1.050371273768249680e-01 9.301399085025055524e-02 7.615492708550225531e-02 7.493187611233941003e-02 1.067801005653400415e-01 1.135723061576464632e-01 1.112389648857175922e-01
1.157071552311160489e-01 1.126060476547016131e-01 1.162805930287205969e-01 1.045593160160965679e-01 9.211311379336026284e-02 7.500419859769058561e-02 7.339077036391947195e-02 1.042506251535255390e-01 1.112389648857175922e-01 1.102424555545909179e-01
2.071798434064118510e-01 1.929415412661603102e-01 1.343585313022533367e-01 1.086456585530895247e-01 6.897463301243908496e-02 8.851990766029818603e-02 1.158334533656728005e-01 1.386380461004013132e-01 1.372581183892006007e-01 1.558231499269100706e-01
1.929415412661603102e-01 1.824900840042685823e-01 1.272089566642592429e-01 1.026569249656501120e-01 6.488985439343925021e-02 8.289025186297367676e-02 1.081463902982926634e-01 1.291476538851999423e-01 1.276538806364191370e-01 1.448243416876430767e-01
1.343585313022533367e-01 1.272089566642592429e-01 8.963679149225481368e-02 7.276004286879064753e-02 4.612478658218749361e-02 5.907115060635019510e-02 7.709674504454565314e-02 9.188084143805227977e-02 9.028898441708931022e-02 1.015644664566971306e-01
1.086456585530895247e-01 1.026569249656501120e-01 7.276004286879064753e-02 5.961010677512290634e-02 3.802022695171403122e-02 4.897364426217612476e-02 6.404258486208617984e-02 7.620917190880818759e-02 7.440270450428854154e-02 8.285582337898708682e-02
6.897463301243908496e-02 6.488985439343925021e-02 4.612478658218749361e-02 3.802022695171403122e-02 2.450501796792666290e-02 3.188208866423314358e-02 4.186724756850745272e-02 4.979572985957003012e-02 4.828209971222929137e-02 5.315773236965372350e-02
8.851990766029818603e-02 8.289025186297367676e-02 5.907115060635019510e-02 4.897364426217612476e-02 3.188208866423314358e-02 4.193202658042782111e-02 5.532193608669774831e-02 6.578341496514822362e-02 6.335603266727260485e-02 6.895996698631778887e-02
1.158334533656728005e-01 1.081463902982926634e-01 7.709674504454565314e-02 6.404258486208617984e-02 4.186724756850745272e-02 5.532193608669774831e-02 7.327030367757013385e-02 8.720979872724549109e-02 8.377293782856824744e-02 9.071393645311864873e-02
1.386380461004013132e-01 1.291476538851999423e-01 9.188084143805227977e-02 7.620917190880818759e-02 4.979572985957003012e-02 6.578341496514822362e-02 8.720979872724549109e-02 1.042030126734693890e-01 1.002797378399726130e-01 1.086507875622396424e-01
1.372581183892006007e-01 1.276538806364191370e-01 9.028898441708931022e-02 7.440270450428854154e-02 4.828209971222929137e-02 6.335603266727260485e-02 8.377293782856824744e-02 1.002797378399726130e-01 9.757072766004823428e-02 1.068588486130456205e-01
1.558231499269100706e-01 1.448243416876430767e-01 1.015644664566971306e-01 8.285582337898708682e-02 5.315773236965372350e-02 6.895996698631778887e-02 9.071393645311864873e-02 1.086507875622396424e-01 1.068588486130456205e-01 1.196020857624997408e-01
7.137245727857938205e-02 7.674184721131745157e-02 9.900108650378250386e-02 9.536309431198596032e-02 7.001384547469297059e-02 7.520833262502124583e-02 9.630656740037499275e-02 8.471392549619348455e-02 6.878998584341233791e-02 8.027321180708131554e-02
7.674184721131745157e-02 8.383533351765357078e-02 1.091104613256760336e-01 1.049048227753474061e-01 7.615200295599165725e-02 8.059138294116108270e-02 1.021703761188591519e-01 8.959530663529839678e-02 7.286863539562131453e-02 8.538885362634787701e-02
9.900108650378250386e-02 1.091104613256760336e-01 1.434746579368895991e-01 1.380338108741193670e-01 9.954827413840058870e-02 1.044065397170321347e-01 1.315066572800312195e-01 1.149694068225803889e-01 9.342508043158588571e-02 1.095632999428368948e-01
9.536309431198596032e-02 1.049048227753474061e-01 1.380338108741193670e-01 1.339536707882986732e-01 9.696854258687874484e-02 1.020325745069446538e-01 1.286398277734539519e-01 1.121736945531604107e-01 9.071251500996051209e-02 1.058669609926366217e-01
7.001384547469297059e-02 7.615200295599165725e-02 9.954827413840058870e-02 9.696854258687874484e-02 7.147578030876947097e-02 7.663522845713158227e-02 9.759085921440877054e-02 8.493734993220532214e-02 6.807253175917815646e-02 7.860215689852488585e-02
7.520833262502124583e-02 8.059138294116108270e-02 1.044065397170321347e-01 1.020325745069446538e-01 7.663522845713158227e-02 8.438258808515258780e-02 1.089919409109564863e-01 9.471721259421032879e-02 7.512586478415309021e-02 8.564332880063832421e-02
9.630656740037499275e-02 1.021703761188591519e-01 1.315066572800312195e-01 1.286398277734539519e-01 9.759085921440877054e-02 1.089919409109564863e-01 1.425953490708258831e-01 1.239723240715004116e-01 9.778853191559991331e-02 1.106659720389409074e-01
8.471392549619348455e-02 8.959530663529839678e-02 1.149694068225803889e-01 1.121736945531604107e-01 8.493734993220532214e-02 9.471721259421032879e-02 1.239723240715004116e-01 1.085897284977584143e-01 8.597355924559665907e-02 9.749065514098716190e-02
6.878998584341233791e-02 7.286863539562131453e-02 9.342508043158588571e-02 9.071251500996051209e-02 6.807253175917815646e-02 7.512586478415309021e-02 9.778853191559991331e-02 8.597355924559665907e-02 6.888313196782988590e-02 7.886055010094827900e-02
8.027321180708131554e-02 8.538885362634787701e-02 1.095632999428368948e-01 1.058669609926366217e-01 7.860215689852488585e-02 8.564332880063832421e-02 1.106659720389409074e-01 9.749065514098716190e-02 7.886055010094827900e-02 9.143730254824261605e-02
8.123010273821176797e-02 7.411752090374990054e-02 6.501042964220948850e-02 7.716582701124413690e-02 9.503040149801153524e-02 1.089697925343246221e-01 9.730323417786909679e-02 7.597299142578975428e-02 8.706378738119391336e-02 9.764975139326960429e-02
7.411752090374990054e-02 6.816838347849074609e-02 6.020642484062775635e-02 7.187474519996728262e-02 8.872791794199641480e-02 1.015943796523573195e-01 9.019869321731578682e-02 6.983770886068244033e-02 7.940601915535416833e-02 8.880053080016793443e-02
6.501042964220948850e-02 6.020642484062775635e-02 5.390723529801992597e-02 6.515317732209846557e-02 8.097920142779323205e-02 9.273053133512446089e-02 8.167697115339253577e-02 6.239012255525765854e-02 6.999269020552997822e-02 7.777335802449254765e-02
7.716582701124413690e-02 7.187474519996728262e-02 6.515317732209846557e-02 7.999373517345952089e-02 1.003411298614072383e-01 1.150605765632078947e-01 1.005485317883168667e-01 7.570467406084900597e-02 8.368110256334967967e-02 9.227870870130669423e-02
9.503040149801153524e-02 8.872791794199641480e-02 8.097920142779323205e-02 1.003411298614072383e-01 1.273721246987120637e-01 1.466571409285611916e-01 1.275427705101343789e-01 9.500813097201482593e-02 1.038297833356489341e-01 1.137637350374202799e-01
1.089697925343246221e-01 1.015943796523573195e-01 9.273053133512446089e-02 1.150605765632078947e-01 1.466571409285611916e-01 1.707050166943960834e-01 1.485747523308786899e-01 1.101933598955997240e-01 1.197967009533238703e-01 1.307605633498256925e-01
9.730323417786909679e-02 9.019869321731578682e-02 8.167697115339253577e-02 1.005485317883168667e-01 1.275427705101343789e-01 1.485747523308786899e-01 1.310081021350796293e-01 9.792577735879684497e-02 1.071287271143720188e-01 1.171185818919271149e-01
7.597299142578975428e-02 6.983770886068244033e-02 6.239012255525765854e-02 7.570467406084900597e-02 9.500813097201482593e-02 1.101933598955997240e-01 9.792577735879684497e-02 7.476699631883668151e-02 8.328513436573203865e-02 9.170767647037272874e-02
8.706378738119391336e-02 7.940601915535416833e-02 6.999269020552997822e-02 8.368110256334967967e-02 1.038297833356489341e-01 1.197967009533238703e-01 1.071287271143720188e-01 8.328513436573203865e-02 9.480070874560464489e-02 1.053185537683796053e-01
9.764975139326960429e-02 8.880053080016793443e-02 7.777335802449254765e-02 9.227870870130669423e-02 1.137637350374202799e-01 1.307605633498256925e-01 1.171185818919271149e-01 9.170767647037272874e-02 1.053185537683796053e-01 1.180475947191888253e-01
