5.919347422847868329e-02 5.903390186514628941e-03 5.985447677354779547e-04 2.205755594804225024e-04 2.405353309557449058e-04 2.142738743140702555e-03 1.815336969702766728e-02 6.908276342296650052e-02 2.789626369145928875e-01 8.465792102329178226e-02 3.234371703998075720e-01 1.574068797260079755e-01
2.693057096769480019e-01 1.173857593354816209e-01 3.447932372692189690e-02 1.122500969819863748e-01 3.468358857122044170e-01 4.114365435485126815e-02 3.424848668861814761e-03 3.936197633068868273e-04 4.360941434866319618e-04 2.587302125216524740e-03 7.617840528268086248e-03 6.413986498246640466e-02
4.508941088595228713e-02 9.497712480104232580e-03 7.494532204819588303e-03 1.926044011111149867e-02 3.113015366242168416e-02 6.374002323465241537e-02 2.522617947696075835e-01 1.490094786784978975e-01 5.033173828535318639e-02 1.082345692339821142e-01 1.921292293455911238e-01 7.182091710790636241e-02
1.474534810824346251e-03 6.023808317012347216e-03 4.779794122270093065e-02 4.138827276485271822e-01 5.126178147178732381e-02 2.736933740097403089e-01 1.499818528458370936e-01 3.077735592863999753e-02 1.924647990379039705e-02 4.656313858727374397e-03 8.480905736976834548e-04 3.557394087150456846e-04
5.509478915853881914e-02 7.019571170094236756e-02 5.079366065716326567e-03 4.202515254341205415e-04 1.493013119984976339e-04 1.024567915349827772e-04 9.100319367817661471e-04 3.760502607316936093e-03 2.738990358049291432e-02 3.423128504141028650e-01 3.130293581664563840e-01 1.815554767406840075e-01
1.637749311617010539e-01 9.725048135005712191e-02 2.873316007559300819e-02 2.172606903440092024e-02 2.508237798461415702e-02 5.773083864324126541e-02 1.330113577393778751e-02 5.582962217455689907e-02 2.279126887647237032e-01 1.505155744637047821e-01 6.442007587242290501e-02 9.372304470104662888e-02
1.463498544930365677e-04 9.667910188956944104e-05 4.457554698597439844e-04 6.504157088094953201e-03 4.644493567202897383e-02 7.982229978898272571e-02 3.589667070541176508e-01 4.309179964825596287e-02 4.113069124089546169e-01 4.783808207858369910e-02 3.921538079784224820e-03 1.414783754954706142e-03
4.622887393510293624e-02 4.837420337431257156e-02 3.189312775621680474e-01 5.859607179263366661e-02 5.154151080990335837e-02 1.775079447658678145e-01 2.460320934047215691e-01 3.638611952934489580e-02 5.211247532560975802e-03 8.907200100542868402e-04 8.239570298870558824e-04 9.475980253442664591e-03
5.405649615916589823e-02 1.892832536141194899e-01 2.116893577488293543e-02 4.431061120276547430e-03 2.394527404289337712e-03 1.090938951360846502e-02 6.486975256545560176e-02 1.499139880025432414e-01 1.942893432821418132e-01 4.518305702227153747e-02 1.602357768146438766e-01 1.032644187266014701e-01
6.106151809223225868e-02 4.143134062725344763e-02 1.327021454605832942e-02 3.784443223377459420e-02 8.955771240206504558e-02 9.630545339162195628e-02 2.125942402095976347e-01 2.792250910893979282e-02 3.427741029528774686e-02 3.143916071349592972e-02 1.665671715455995516e-01 1.877288368340737645e-01
1.673479825862700388e-01 2.723646840776584033e-01 2.043591118191276368e-01 3.654860036365616127e-02 2.347937849184233289e-02 1.451838283458152870e-02 5.279389364845366028e-02 4.788439316510135352e-02 9.284131873981537469e-03 1.387037274721216254e-02 6.689318782297973276e-02 9.065588056913587156e-02
1.123253866901967324e-01 3.483632895635638271e-02 6.285497690365829740e-03 1.242706770186229135e-03 1.542264823095796170e-03 1.364170174300332466e-02 2.362536439869335203e-02 1.206411519242366615e-01 3.066308402969071256e-01 6.032115081648912330e-02 1.946065398445174233e-01 1.243010660459522715e-01
1.012679739161088596e-02 1.189236076248401108e-02 1.983507557978788152e-02 2.688198033190768513e-02 1.276050187527951185e-01 1.786975310178298693e-01 1.068360681846744764e-01 2.637733584651325708e-02 2.026237478730488414e-02 8.816771747761396882e-02 3.228456194825242709e-01 6.047212038495400344e-02
4.412636715507088202e-04 5.466439509948159674e-04 2.163741761254303359e-03 1.433530531344908224e-02 3.899433887463972515e-02 1.139802477554617555e-01 2.903822176985914050e-01 1.230818853599093821e-01 3.826288905804972607e-01 2.918798950778843382e-02 3.518057223769723886e-03 7.394183020938414116e-04
3.467183868365759382e-04 1.794870749064559484e-02 1.192883396142993963e-01 4.249604794154566295e-02 7.801670853049678944e-02 3.746868288886699982e-01 2.643449177372386716e-01 4.109449371310922028e-02 1.415350488135148910e-02 1.723295591815243635e-04 1.959563077038919965e-02 2.785577248623610780e-02
3.456152580093247838e-03 5.427409123156699475e-03 7.155682923752708022e-03 7.733499442827801440e-02 3.667253976168050600e-01 7.056675039097200230e-02 3.836061734808153822e-01 7.825548544860015665e-02 5.206693652087561984e-03 1.372290086860386907e-03 3.987697530175280964e-04 4.942005155615095862e-04
2.205038732854014763e-02 2.104771561018303067e-02 1.366148031804997887e-01 2.100611687951522422e-01 6.092611252985219439e-02 4.014908581544676669e-02 9.333854421819706704e-03 2.943258642636945033e-02 4.136309153651664960e-01 4.920284140726797345e-02 2.703715549836430924e-03 4.846813569865745033e-03
5.501321519576986285e-02 1.135353009173353800e-01 2.749208573108921638e-01 3.487888186795277956e-02 2.355694354242029651e-02 2.490734437899001438e-02 2.081529038307907420e-01 7.975409392055740621e-02 5.399817757355948600e-02 5.795097478708305383e-02 5.811402671379774926e-02 1.521727996085121999e-02
1.911954965862993627e-01 1.242187107163913173e-01 7.528274871121093392e-02 1.044017542113241798e-01 1.316494834787433066e-01 1.416595595030502308e-01 1.909907229074047641e-01 1.815732175535765894e-02 1.090525899551285632e-03 7.419600634487500020e-04 4.030214460752731820e-03 1.658150170646574550e-02
7.074091646713247250e-02 6.155034060122847005e-03 3.485601104708701734e-04 1.536619512160661456e-03 6.986087045499874901e-03 1.485052640522249029e-02 8.163055781023171274e-04 2.112347600667743158e-02 4.515253291896297039e-02 3.033538950424377600e-01 1.010742667033059927e-01 4.278617801499043360e-01
5.427911430351525096e-02 2.180230379045216410e-02 1.489375533303892787e-02 1.188135602092093568e-01 2.600851904795906666e-01 1.584964359663225408e-02 9.431289788794780179e-03 1.594056366107784728e-01 2.848520686106892907e-01 4.063384722458093096e-02 8.836472418532761997e-03 1.111711763418529904e-02
1.339086371318701923e-02 1.707984206257219702e-03 6.684165934651444506e-04 1.136748686348591601e-03 3.931615521953131173e-03 5.364225890904301963e-02 3.090848958417599657e-01 1.278171042494529175e-01 3.423091893445665002e-02 1.520086424638768530e-01 2.301009000595721776e-01 7.227965082062737245e-02
1.669699667990144354e-01 2.069718831835943296e-01 2.657031773491602689e-02 1.505082358458463831e-01 2.975994869738552984e-01 3.183352102945565670e-02 2.973941998955497226e-03 1.001629735607653757e-03 1.265955634937482137e-02 9.386936868632442255e-03 3.053954013534215459e-02 6.298498321921736087e-02
4.570451904471368142e-03 1.634218361725938481e-03 1.652272292094507031e-02 7.346512906582990110e-02 2.915447766944429531e-01 1.645116388362592441e-01 2.884468259049836614e-01 3.334259945524093577e-02 1.599041672647795453e-02 1.671916394438227593e-02 6.692474112240422157e-02 2.632731506283648992e-02
7.498780469619112377e-02 1.471343758785480238e-02 3.712050408724493211e-02 6.697616948212346821e-02 2.988481558749470635e-01 6.196016109950312073e-02 1.274809147080157579e-01 1.787758513880468580e-01 6.020487055765351425e-02 3.655574439023680927e-02 1.349097964915629312e-02 2.888540647902621342e-02
7.190278140226361026e-02 5.251699487614128886e-02 1.307847948523429005e-01 7.567167322941228957e-02 3.541425090874194409e-02 6.057570226154847942e-02 2.884545911115667938e-01 1.365085222221257277e-01 1.251079054988225858e-02 1.813183272580955532e-02 7.099728640068250773e-02 4.653077945948280031e-02
7.708895262393116463e-04 7.172414282652877886e-04 2.089653613422274257e-03 1.411461739947891467e-02 1.186604386617466922e-01 3.220861981238776761e-01 8.407142040862730648e-02 6.448916810015246914e-02 2.471725119798102721e-01 1.241187073088638737e-01 2.053433674540501921e-02 1.174816704110849454e-03
2.826789955444074243e-02 1.083470098803736986e-02 5.219984541916322142e-03 3.842224337243742294e-02 6.812367837311592011e-02 2.959949343034278257e-01 1.634619639229508148e-01 1.407026424878992932e-01 1.349176444488583426e-01 2.764758653072522249e-02 3.619523258428097856e-02 5.021148889191023867e-02
1.018154561923853389e-02 4.859097507365955915e-02 4.239472419437805284e-01 2.777497243890419271e-02 6.426571110906590181e-03 1.076419100007295140e-02 1.185698912954829230e-02 9.338221276872919752e-02 1.373593046753527613e-01 1.736089357949970879e-01 2.827563502231988934e-02 2.783142542249071594e-02
3.469314526829321566e-02 3.486922457038182412e-03 5.817786443177032075e-05 6.660194927004462265e-03 4.573773129968105450e-03 6.422552706900455698e-04 1.928550690953785562e-02 2.209860940564460918e-01 1.073098332021847762e-01 2.546858080615335695e-01 2.212601950496004555e-01 1.263580938032716483e-01
3.653510725751553112e-01 8.817867485212564638e-02 3.423934545174300847e-02 2.163588338324125004e-01 2.059429649535652329e-01 3.917644993229870559e-02 1.217743886741612554e-02 1.085629816220281315e-03 4.007075877009864929e-04 4.123793089211341060e-04 3.106304411925209490e-03 3.357019841051636644e-02
1.141564463044578426e-01 2.408895793145847397e-02 5.828313962934748849e-02 5.103018832717485381e-02 1.081423903001951098e-01 1.856419162252049004e-01 6.893556592294913798e-02 1.770176648125748251e-02 9.877997936082415914e-03 1.912620581376390030e-02 4.871811503120671016e-02 2.942973100969018541e-01
2.041408458861570727e-02 4.775178244026005020e-02 3.541671132020500767e-01 7.358850638937976252e-02 1.872913056227017148e-02 9.636592188918201643e-03 2.817296181951974704e-02 3.446601484391529913e-01 7.651798847704184559e-02 1.943320140525748446e-02 3.939709808366939799e-03 2.988780679167041959e-03
1.702001353325225674e-01 8.060236056080341549e-02 5.980455509099803779e-02 3.011744393457214675e-01 1.432052674429119543e-01 1.891760009598192349e-02 6.981426018946941536e-02 1.930026602784782816e-02 2.953440128145425753e-02 1.271170113682503454e-02 2.311223847264960024e-02 7.162277502281486075e-02
1.352019182782949747e-01 1.492882725916190589e-01 1.848208351353733958e-01 7.071701833161610218e-02 5.950243993507220441e-02 1.843132749959540753e-02 6.639585658614019156e-03 8.704692972426710321e-03 4.212812799837273477e-03 8.536822137366914184e-03 2.469829748581146150e-02 3.292459771743724284e-01
1.460559611655968260e-01 5.183439669218833923e-02 1.735295121454794726e-02 9.826999462939885535e-03 1.462070242667097043e-02 1.716353835761302848e-02 6.157973383344674673e-02 4.324550472798077694e-02 2.520044515422109610e-01 1.529667177899054209e-01 1.246445857900412152e-01 1.087044569968578928e-01
4.217492794433794212e-01 2.070741180054943772e-02 7.079730555901234124e-03 5.133299550719330837e-04 4.410180647857801458e-05 3.952102683983675288e-05 2.881388513993781483e-04 4.362369418454127741e-03 5.542860085548837606e-02 4.038224255451426381e-01 3.339213497290278998e-02 5.257295576839200735e-02
3.407134397437671519e-02 1.465149107291693065e-01 2.338172521453733554e-01 3.858054279368097056e-02 4.666306357813639234e-03 6.789391107354010753e-03 1.631366479161143121e-02 2.482266423477359762e-02 1.195761754767962481e-01 1.953871714890951239e-01 1.527396730924991120e-01 2.672090380745643576e-02
1.038141667481417424e-02 5.286874058279654107e-03 1.581712494848370662e-02 4.498483834928825864e-01 2.830853295160217289e-02 3.365888464146447878e-03 1.197059261380326554e-03 1.145351024087536487e-02 8.441516985858485422e-02 1.661747115333255254e-01 1.755416801344619193e-01 4.820964838116318513e-02
5.548513774103308940e-03 6.452977187704050585e-03 4.050265093544208606e-02 3.993220750837150890e-01 4.845536209254528576e-02 1.033401342371150292e-02 3.891479921223264804e-02 1.449338805988362455e-01 2.046213541911749978e-01 6.195012684532868324e-02 2.683055794805885158e-02 1.213368870714706324e-02
1.499060365730095490e-01 2.790081150195388576e-02 2.033796857807935315e-02 3.588678879921127374e-03 8.815929357082679524e-03 5.059609387603052066e-02 1.265357534554745478e-01 5.739993952476381278e-02 2.811866554926354192e-02 1.649537490230358616e-01 1.447792822646376820e-01 2.170670914167477095e-01
1.279883520341938696e-01 2.809803701833001321e-01 8.626783030178092337e-02 6.574544110606254065e-03 2.381858957329447638e-03 2.686091211771312118e-03 1.006377299678887964e-03 1.149894108492214607e-03 2.230927754318565680e-03 1.991546077308426962e-02 2.946168020321560665e-01 1.742014912332879029e-01
1.366352536963880149e-01 8.431777827135472636e-02 7.129824262026696058e-02 2.986411268996530533e-02 2.544690207234153942e-02 1.481354210491256929e-01 1.224295688893871359e-01 7.090104201981098364e-02 8.679547285049725447e-02 4.326545646287835445e-02 4.426676071788597511e-02 1.366439886600982201e-01
4.593265396860972925e-03 1.405749353741366295e-02 5.856323165922974749e-02 2.736106721955283150e-01 1.240376774232143930e-01 1.777493849835796655e-02 6.377986634626176682e-03 2.280719598391839180e-03 2.188210971408532587e-02 3.974444736528944810e-01 6.671297154981660482e-02 1.266446013958081457e-02
1.296007416347225438e-01 8.711113750485857676e-02 2.329784932183769919e-01 2.433427190843100718e-01 7.056930338069478115e-02 8.231297372124612641e-03 2.602492798098991495e-03 5.530022180996528418e-03 9.774567694123423300e-03 2.512487117262424130e-02 1.001047697158559818e-01 8.502958424321349629e-02
7.243170283936589682e-02 4.821968143323891731e-02 4.314557055187934892e-02 5.290885947227431940e-02 1.565633143812351358e-01 3.813424233394742124e-01 3.246267221912062240e-02 5.999119170864647757e-03 2.984213695832937246e-02 7.562018491938461706e-02 3.750127715997950140e-02 6.396305755485338917e-02
6.579408998933090891e-02 4.421824235630447686e-02 2.585166616180709781e-02 5.289883381507766436e-02 4.096311701296970753e-01 2.669028459720634155e-02 4.030236614650810692e-03 5.358729634388567295e-03 3.331564356995155712e-02 1.226623333851422637e-01 1.087175782773108362e-01 1.008311914691323030e-01
2.328566349126841295e-02 1.699750657656898256e-02 4.144710244452198822e-02 3.358522104784201212e-01 6.619432089623260296e-02 1.557640563141766271e-02 3.872546339102748199e-03 7.068930275711786046e-03 2.309881547456984693e-02 6.305251014031668100e-02 3.120916888509466247e-01 9.146229940092258370e-02
2.863929724200859131e-02 2.213746261345846122e-02 1.208692902890993459e-01 2.948696775351720145e-01 3.849284774849185548e-02 1.648251147698947747e-02 4.997575184239497550e-03 1.256793278464281294e-02 2.137337346531749740e-02 1.048508951270910039e-01 3.059499771605843632e-01 2.876915937290486919e-02
1.378960334044558311e-01 3.948700183500378907e-02 2.764568009039326812e-02 1.837430119385108085e-01 1.868464017899740814e-01 2.906696618657196585e-02 2.562047207603621382e-02 3.802880531834531425e-02 8.821291483627351909e-03 4.298936029096840639e-02 7.430203293715777202e-02 2.055529426489551836e-01
6.047176204217568881e-04 4.949730824005463964e-03 1.635075041549609309e-02 1.698668641750670800e-03 3.760060156864809128e-02 3.068984100038455454e-01 2.355628621719588756e-01 3.171345281588667797e-01 5.658080670740452123e-02 1.400359633142296036e-02 8.079415286862720591e-03 5.359122693165772194e-04
9.569115880538297658e-04 1.150450489916176981e-02 5.614362756281695600e-03 7.486574001331215266e-05 3.474558058967600754e-03 3.055924362142804079e-02 7.634275655236921754e-02 2.897092346757546011e-01 2.043750650979897221e-01 3.141364844214347696e-01 5.504002032113759768e-02 8.211992267407625112e-03
7.493389405546742321e-02 3.248283523828189856e-01 7.591454611017921239e-02 1.672823798701265560e-02 3.148277295281301687e-03 1.245800435885617129e-03 9.585903204055885038e-04 2.031294328148583288e-03 4.483023063684943646e-03 5.137635126917983186e-02 3.681842641935905158e-01 7.616736855834510544e-02
2.239727924345258359e-02 1.882214598336664699e-02 2.091454104874507225e-02 7.442831974890593005e-02 2.409510014928327726e-01 1.293479418113803459e-01 1.983763778449123411e-02 1.535177088026338892e-02 6.900880036114281912e-02 1.078322219216124173e-01 2.114117903112213703e-01 6.969654941258572600e-02
6.972817941714448686e-03 8.564990727686982259e-04 1.523201965182279221e-03 1.406917104788669645e-02 6.178673468110738864e-02 3.496799741097097458e-01 5.476594219050719831e-02 1.412470843523497797e-02 2.072072068193536037e-02 2.399978579504468135e-01 2.036216831744278033e-01 3.188068874907854650e-02
3.506694086076890537e-02 7.361406670980215859e-03 3.765990896822749186e-03 2.078061813151097208e-03 1.959779015480916063e-03 4.553703096573659750e-03 9.685783542093033549e-03 8.532503187800716260e-02 3.522446884020786761e-01 7.917677136981023100e-02 1.674515790305936558e-01 2.513302634236400657e-01
4.892723506738617945e-02 5.159780948156346414e-02 2.336223008447378402e-01 5.793768154685016714e-02 4.592920652317204755e-02 1.407920528671467719e-02 2.287544572556131015e-02 1.328092215377510432e-01 1.672584541645820155e-01 1.800771995717111440e-01 2.264996868377005396e-02 2.223627156620009565e-02
7.362259416177906711e-03 1.059720269879702442e-01 1.133774523082559521e-01 1.588075608869124467e-01 8.414497941597882946e-02 9.542109237278568329e-03 5.100266988370986618e-03 1.542213728633744577e-02 1.292924795180010467e-01 1.420738388801108254e-01 2.034640421944189925e-01 2.544084688018685703e-02
3.173602808458329538e-01 2.237925018120929532e-01 2.404671077573719562e-01 1.361388903114367221e-01 9.871206503875932722e-03 6.248442476272396406e-03 5.463150649093880158e-03 2.899784013326410590e-03 3.396352478209704959e-03 9.354124879292846986e-03 1.269826599630182254e-02 3.230989227689218951e-02
4.054383062387863917e-03 1.295286479079948982e-02 5.101140967122430592e-02 2.530330382014034374e-02 2.974242460539539695e-02 1.141511220519194070e-01 2.346369990203610034e-01 2.295014855073694848e-01 2.281302717674447145e-01 6.484756927196549947e-02 4.658749243006474541e-03 1.009417187986089018e-03
8.347711469674527762e-02 2.406972246729812137e-01 2.462664012302675509e-01 3.250143304813438716e-01 5.467250080680387953e-02 5.816961910874901380e-03 1.026877891563967877e-03 1.688481310215746243e-03 2.015400050689727246e-02 5.389636912456417447e-03 3.306392799101228342e-03 1.249007678074852065e-02
4.508457913811485251e-03 3.466010683449692077e-04 3.599362590767261113e-03 2.136827770597317724e-03 4.465187277695422720e-05 3.765788303526632595e-03 2.727656370045327544e-02 2.162677514933839529e-01 1.865358331304842743e-01 2.135931721925196924e-01 2.998279570262760707e-01 4.209703293705849281e-02
1.249060699519213002e-01 2.488882995659855157e-01 3.691941256852797337e-02 6.662448599751424894e-02 1.171232356473942970e-01 6.520719013038733802e-02 1.362229512480391674e-02 4.131488013069942178e-02 1.045062846665102407e-01 9.886597540083894020e-02 4.195687536093695158e-02 4.006499545448001520e-02
5.229194032681459478e-03 1.003157528736097967e-02 2.176937323073330210e-02 5.289747510716698298e-02 7.302384324081953593e-02 2.125897980722174230e-01 7.596126052838238218e-02 6.364381422152463885e-02 1.718058410809613357e-01 2.426377560828869295e-01 5.177685761170799233e-02 1.863321150355722045e-02
3.115310776684107608e-02 8.342014540992204186e-03 4.631616261230509304e-03 1.366363237971726305e-02 3.434070373257669395e-02 9.695957146992625897e-02 3.656457214652465704e-02 1.291069556039670801e-02 5.844879303537747761e-02 2.065145937819060640e-01 2.108735992558967709e-01 2.855971000686145511e-01
5.841851599734259118e-03 5.933065449704319483e-02 2.653805717388113550e-01 1.244502084092134891e-01 3.647121719217245872e-02 2.710818198906541146e-02 2.428850662382987247e-01 2.014829009804154358e-01 2.786756341419648758e-02 4.194846971324516817e-03 1.803110889285420605e-03 3.183826080439543325e-03
4.196599668592009003e-02 1.784434363561479830e-01 8.600917849307460061e-02 1.896551473941479604e-01 1.812268806844206936e-01 4.214189254293179698e-02 2.206579689697075325e-02 1.081104967278279094e-02 2.973186452079483455e-02 1.405677485321052966e-01 4.926850833151862064e-02 2.811249988918488804e-02
2.940667587312167930e-02 9.029834842856214461e-02 1.631213948467908070e-01 1.731802230243653651e-01 3.635024809734221235e-02 9.371493749997947265e-03 1.292764893088136080e-01 2.193062400236028275e-01 1.153727740688366421e-01 1.740235422562994363e-02 5.371930845587643763e-03 1.154182750734927300e-02
8.904100775230220158e-03 1.940006976508288489e-02 1.553530584377024182e-01 1.133237528333253252e-01 6.830871867555420029e-02 8.817826212852281076e-02 1.459058303520984201e-01 2.977391068939095331e-01 4.960532321563743824e-02 4.233262354455481769e-02 7.564776118824805516e-03 3.384377259557110225e-03
4.821570250321698115e-02 3.211393453480007043e-01 1.095672016153988737e-01 1.204025022661066313e-02 3.555008067993601327e-03 2.569159147449265584e-03 1.810042049949472931e-03 2.612570081517534559e-02 3.452152956157138464e-01 1.136739940357963385e-01 1.124587130733244872e-02 4.842429267362348064e-03
5.917493227476994244e-02 2.633595031374254963e-02 6.605798996639494422e-03 1.922749336628573613e-02 3.840745655528513547e-01 8.450146582722244115e-02 9.569131281634141173e-03 1.210495721967160985e-03 3.163846489972864037e-03 3.927896563906241312e-02 1.061977451742880940e-01 2.606596093615637377e-01
8.060915430155632388e-02 5.533701585621209756e-02 1.004028141713927125e-01 1.744758714917329923e-01 7.097819530869819982e-02 8.006577564010210202e-02 1.159436676205227862e-01 9.849230813678015728e-02 1.351775572748458998e-01 5.969960260362458526e-02 1.256187950898314705e-02 1.625615808554910224e-02
5.044940193077296353e-02 1.855922656498478207e-01 1.689919566862168043e-01 1.665913994775596596e-01 2.367435390397049436e-02 6.052313908540481874e-02 1.626297062697810714e-01 1.499261944995753382e-01 1.385690597231689289e-02 4.073397242400875716e-03 4.140947640457795162e-03 9.550331641695530491e-03
2.753546501479098296e-01 3.043575198058050268e-02 3.475853450092206837e-02 5.317188943563604109e-02 3.943873039444629330e-02 2.326335308711748734e-02 5.396304305730992290e-02 7.570282702148671550e-02 1.714845329904267010e-02 6.906057019611469734e-03 4.026950774900230068e-02 3.495872023069350742e-01
5.574002137596062445e-02 8.305546598466032049e-02 7.303608699125122006e-02 1.724799582464330294e-01 1.534733048290331803e-01 3.522507252850026749e-02 2.463481109811242742e-02 4.854431588282558108e-02 4.511195037301546362e-02 1.302081880680502901e-01 1.153476046107758807e-01 6.314322001138181206e-02
1.506771139645450563e-01 2.709170819322187507e-01 4.008568128491594301e-02 3.101538279813314050e-03 1.081609033788165711e-03 3.500535245085672174e-03 5.659531313742977715e-02 1.882869452248079126e-02 1.377391736046372495e-02 5.178189480490351382e-02 1.647818804582402152e-01 2.248747399761154842e-01
1.333911648195050537e-02 1.899490779274184971e-02 2.940392590526267474e-02 2.517556774269238962e-02 3.391134183652817768e-02 6.361597311644630326e-02 9.703506876363655886e-02 1.372977027460777211e-01 2.321684775042217042e-01 2.567448779679569193e-01 5.612281464705680400e-02 3.619022549542864897e-02
2.011319013898937580e-01 2.457174415373530318e-01 2.443797472836243823e-01 1.768243783600763341e-01 6.554130784616374328e-02 1.102631797031389770e-02 3.139283139316094342e-03 2.214576920883807795e-03 7.672814491239663554e-03 1.838180018028664695e-02 7.335026726419573498e-03 1.663540415442909398e-02
2.269734416738284910e-01 4.869176785061560264e-02 2.025017088347027400e-02 7.269016260595546550e-03 1.097034441412528608e-02 7.629996640838634936e-02 1.491068663187379018e-01 1.480206352118734192e-01 1.535152136308531867e-01 5.107176816899108157e-02 2.778686783559117593e-02 8.004394134293184304e-02
7.181884856052639723e-03 4.584725315876765281e-03 1.094191932893840910e-02 3.452757875948221644e-02 2.705500469550409931e-02 1.168762516714980243e-01 2.117375171998161221e-01 1.003729242699784724e-01 1.986905134452914279e-01 2.243414580442910644e-01 5.544799662196701895e-02 8.242225791303866775e-03
2.779362756938435000e-02 1.650573138342793615e-03 3.110869493607153462e-03 8.366016274295754937e-03 3.903338873703863371e-02 9.161380802506369214e-02 2.942252699980859032e-01 3.586226535271880289e-02 4.348491779209602559e-02 5.119785685572462997e-02 2.903086617269359238e-01 1.133527450367068506e-01
2.470496910222096890e-03 3.751540452583317434e-04 4.373555168429819895e-04 1.228983170009645583e-03 3.160517404326804083e-03 5.904896501943281140e-02 3.718143384461192191e-01 6.261835461190010110e-02 4.820823803702450200e-02 2.335348759642100758e-01 1.917500984497466088e-01 2.535262242490693776e-02
1.773386742296206853e-01 7.838976468425484789e-02 1.761675394597595271e-02 4.694663936858323866e-02 2.128034163165424819e-01 7.443991357251267260e-02 1.667331191899100451e-01 3.149821217840587800e-02 5.398373163238322746e-03 6.394764594803052996e-03 2.054141943828705075e-02 1.618989493178660255e-01
2.095985518889798699e-02 1.458329503964098280e-03 1.429889541347980871e-04 3.709931652431816768e-05 1.004142800574343332e-04 1.402494025373643514e-03 2.035682994676898255e-02 1.829061350855077095e-01 1.845486204024969212e-01 8.731071468710963068e-02 1.127375970820823081e-01 3.880389215270821923e-01
1.401217805725690491e-01 6.031825905678555449e-02 2.156967293610661737e-02 6.832053637733255524e-02 3.467709700886943414e-01 5.742933681960087078e-02 2.079638241226912723e-02 2.010437169007150970e-02 9.437580800561634620e-02 1.302557522804189405e-01 3.339859341990787656e-02 6.538536340627183752e-03
8.353112339802176711e-02 1.781586444269202263e-01 1.535069275374709719e-01 2.210720675075196484e-02 1.349401011586100901e-02 7.024905441603124419e-03 7.649435463534232094e-02 2.684009708576657882e-01 1.159008049216453395e-01 2.830399172819305850e-02 2.870837161208871641e-02 2.436868857443627578e-02
2.703871150695091527e-02 1.255633794456436914e-01 2.508235521237411891e-01 6.061548846370962834e-02 3.422300412129027081e-02 6.033230411094355622e-02 2.701282289588392560e-01 1.055081850490423856e-01 2.586988529491020955e-02 1.853833222365296879e-02 8.092543276522244991e-03 1.326638542475386956e-02
2.434428113600890231e-01 2.012611269512750711e-01 1.228639885359538025e-01 8.372530134851989547e-02 1.355535157487062214e-01 7.901472573043144543e-02 4.265720417500221129e-02 4.511953193169623844e-02 7.414571609535580872e-03 2.491537706794915395e-03 8.051757491817331316e-03 2.840392741017874756e-02
7.763947867491594046e-02 2.474812501886276134e-02 1.955638924687726557e-02 4.368368494875774985e-03 1.077375578823211444e-02 6.983635320216063924e-02 7.765046033350059274e-02 2.746462976384883570e-01 1.183258930920684238e-01 1.097893552492298086e-01 1.020253946731589229e-01 1.106401285876295604e-01
3.312319399400158980e-03 1.467081392854753140e-03 5.174154427581890286e-03 2.070079779807931786e-02 6.996123429811584860e-02 1.938886233842884721e-01 3.021504457056730653e-01 2.238831855716673647e-01 1.093408234770187060e-01 3.317042344838010831e-02 2.616216586135521743e-02 1.078874523558510934e-02
9.291484212501677220e-02 1.910695784963318059e-02 6.446373653118864580e-03 1.596245651787072534e-02 3.330115127001415098e-02 1.157780363909997612e-01 2.548310316448120783e-01 5.667309339523839140e-02 1.080170514643116406e-02 2.170034377109626711e-02 3.123252870873152731e-01 6.015872114845328966e-02
3.076339914988098292e-02 4.017712365526812483e-03 5.367575382536472414e-03 2.509738175320451806e-02 1.338061438719221896e-01 1.551472696301002263e-01 6.942367691794798512e-02 1.868345739549883144e-01 1.369402032544833892e-01 7.832554108037484419e-02 1.221581035142037669e-01 5.211841912483053396e-02
1.056996786953678935e-01 3.006864509726611678e-01 1.087450998657298745e-01 1.972624061162649850e-02 1.477998175354452645e-02 1.383546700407447053e-02 1.655485706486509168e-02 1.938406818553528588e-02 5.188209563268224300e-02 2.120930699008641840e-01 8.488512077731577565e-02 5.172786953573347418e-02
6.891667410624247037e-02 9.704622688434536015e-02 2.862710924362050768e-01 1.542416176308404260e-02 6.824193715005255623e-03 1.177425155168785112e-02 3.646045823808586467e-02 2.713730914547384798e-01 1.245241233630972333e-01 3.592867001269044180e-02 2.880492519219485584e-02 1.665213128262326911e-02
3.573796550733604471e-02 8.179913645144804360e-03 3.371296830011907483e-03 5.981993736766747990e-03 4.868464162218069657e-02 3.148526983996197126e-01 1.382268875608239356e-01 1.802209855393716725e-02 2.784296352369886735e-02 5.887386207633629742e-02 1.731270231171734564e-01 1.670986554269704716e-01
3.396877642523003088e-02 1.844812322613728975e-02 4.319623823956818542e-01 3.752398239696866367e-02 3.645360470955631531e-03 2.266272355738265399e-03 1.584530980832684482e-02 1.273498841704545637e-01 5.127047746489804547e-02 6.864862727948645160e-02 1.566204737123746416e-01 5.245033029374780720e-02
1.722307499950392548e-02 2.968971050949782524e-03 2.773955733791358879e-04 1.386798495802006939e-03 5.215700103877183094e-03 2.233720338105504508e-02 1.235014066173312497e-01 2.528765101897993417e-01 9.945467206180219621e-02 5.276974617473190188e-02 3.291341874595736794e-01 9.285433389219495404e-02
3.643953683028988699e-02 7.911506455709304067e-03 2.663991488588065507e-03 2.334193393935202199e-03 4.614743331258741067e-03 2.608426989681412317e-02 1.860590607291651710e-01 2.282773713817713435e-01 7.559758779633260484e-02 1.341971492668422306e-01 2.264187048083955434e-01 6.940188462089770527e-02
2.666162358919566683e-02 5.335414399859893936e-02 3.976474276157190846e-01 4.220094530919401427e-02 1.129524292187433256e-02 1.514770949900368265e-02 9.353146640193872596e-02 2.683099629409319356e-03 4.848380409390121160e-02 1.100545503184962859e-01 8.428578806682071600e-02 1.146541985558482274e-01
1.208517302385267791e-02 5.026708082722196672e-03 1.006735277303790616e-02 4.032587535052457872e-02 8.413101291569971552e-02 1.452339671681875388e-01 1.230215292152931489e-01 6.005364588862902725e-02 2.619789995077037026e-01 1.225330032748576381e-01 8.978488375146762013e-02 4.575784904802417813e-02
