3.310450761051425550e-01 2.807381002634777301e-01 1.448168689753798755e-01 1.061627743217515019e-02 -7.337907750642952420e-02 -7.419202949952935500e-02 -4.699101273808946669e-03 6.933554510320467934e-02 8.286936759098599559e-02 5.255102805523778099e-03 -1.378756304702493662e-01 -2.730549941071449549e-01
2.807381002634777301e-01 3.444603477612206421e-01 2.745625314371409886e-01 1.489132836222234468e-01 1.452288875623303221e-02 -7.540502105922611276e-02 -7.637118038476387039e-02 -9.305237120995771619e-03 6.751754457467057380e-02 8.566052990724411231e-02 5.031384449920883392e-03 -1.414691714174465542e-01
1.448168689753798755e-01 2.745625314371409886e-01 3.094571764970984740e-01 2.581582002518244545e-01 1.463085313814834754e-01 1.034160190539733584e-02 -7.747803364773811485e-02 -7.794992508049197744e-02 -7.231060528736433200e-03 7.162328274753239354e-02 8.212561962035476448e-02 -1.484982584558862178e-03
1.061627743217515019e-02 1.489132836222234468e-01 2.581582002518244545e-01 3.079258992000059036e-01 2.695103717834327339e-01 1.462632406494869253e-01 5.090130573539742177e-04 -8.445616102576437856e-02 -7.491340947215785473e-02 2.904293804226095073e-03 7.721514753516953156e-02 7.883329179446364743e-02
-7.337907750642952420e-02 1.452288875623303221e-02 1.463085313814834754e-01 2.695103717834327339e-01 3.357599272421615266e-01 2.836622951671387005e-01 1.392967775578110301e-01 -5.955507616069947302e-03 -8.377007114373119512e-02 -6.867186123877155879e-02 1.065155989427855540e-02 7.824822934076146319e-02
-7.419202949952935500e-02 -7.540502105922611276e-02 1.034160190539733584e-02 1.462632406494869253e-01 2.836622951671387005e-01 3.463823751222069869e-01 2.772135462724749644e-01 1.397253430270197216e-01 -1.722692126830582772e-03 -8.178478427395027839e-02 -6.714594069951315691e-02 7.270974441286002891e-03
-4.699101273808946669e-03 -7.637118038476387039e-02 -7.747803364773811485e-02 5.090130573539742177e-04 1.392967775578110301e-01 2.772135462724749644e-01 3.296531200566357178e-01 2.742219850492452204e-01 1.419086357292784761e-01 -2.080135076842454158e-03 -8.379718218257141416e-02 -7.160006423216755400e-02
6.933554510320467934e-02 -9.305237120995771619e-03 -7.794992508049197744e-02 -8.445616102576437856e-02 -5.955507616069947302e-03 1.397253430270197216e-01 2.742219850492452204e-01 3.344193608138519291e-01 2.771513581766973378e-01 1.396720869025304679e-01 -9.859967274153039543e-03 -8.822725953189626547e-02
8.286936759098599559e-02 6.751754457467057380e-02 -7.231060528736433200e-03 -7.491340947215785473e-02 -8.377007114373119512e-02 -1.722692126830582772e-03 1.419086357292784761e-01 2.771513581766973378e-01 3.360382682119125719e-01 2.798093874026827965e-01 1.349905830575271193e-01 -9.067020874131966751e-03
5.255102805523778099e-03 8.566052990724411231e-02 7.162328274753239354e-02 2.904293804226095073e-03 -6.867186123877155879e-02 -8.178478427395027839e-02 -2.080135076842454158e-03 1.396720869025304679e-01 2.798093874026827965e-01 3.486407617507354950e-01 2.828846544598084822e-01 1.403559790029747512e-01
-1.378756304702493662e-01 5.031384449920883392e-03 8.212561962035476448e-02 7.721514753516953156e-02 1.065155989427855540e-02 -6.714594069951315691e-02 -8.379718218257141416e-02 -9.859967274153039543e-03 1.349905830575271193e-01 2.828846544598084822e-01 3.413062996571661345e-01 2.785060058291620178e-01
-2.730549941071449549e-01 -1.414691714174465542e-01 -1.484982584558862178e-03 7.883329179446364743e-02 7.824822934076146319e-02 7.270974441286002891e-03 -7.160006423216755400e-02 -8.822725953189626547e-02 -9.067020874131966751e-03 1.403559790029747512e-01 2.785060058291620178e-01 3.349113875818733876e-01
3.341254734711972540e-01 2.787783340108899166e-01 1.459920897158021869e-01 3.248127246636618639e-03 -8.031138594936274022e-02 -7.824606853690688202e-02 3.771531439706428878e-04 7.797680818698424221e-02 8.195519982751847676e-02 -6.988765145289394312e-03 -1.490585036857974277e-01 -2.648525023645695864e-01
2.787783340108899166e-01 3.293538955857174821e-01 2.711609989219437855e-01 1.432434944296529233e-01 1.781187502651137775e-03 -8.218950236334066073e-02 -6.841941905964377124e-02 9.822175670445092502e-03 7.784892824941559708e-02 7.422589215780017735e-02 -8.658807463464725934e-03 -1.432684679563394070e-01
1.459920897158021869e-01 2.711609989219437855e-01 3.267656686551186351e-01 2.776934725073662014e-01 1.414386443741443289e-01 1.496274886769888117e-03 -7.977444575270045690e-02 -6.785911158028583301e-02 5.762750343216781028e-03 7.281184666381167181e-02 7.951298194646552742e-02 -7.187717080325636484e-03
3.248127246636618639e-03 1.432434944296529233e-01 2.776934725073662014e-01 3.406087452498057222e-01 2.732774732148007812e-01 1.438353467382715301e-01 -6.045690516398969858e-03 -8.897813093374905280e-02 -7.263223337060203955e-02 7.765915124089430542e-03 8.116398472871773351e-02 7.755015942149548480e-02
-8.031138594936274022e-02 1.781187502651137775e-03 1.414386443741443289e-01 2.732774732148007812e-01 3.194216763422274563e-01 2.753348125090804288e-01 1.345435784527175826e-01 -1.266504759620662099e-02 -8.639752201462359837e-02 -6.499935463286488080e-02 8.271915765382900632e-03 7.240053414134356435e-02
-7.824606853690688202e-02 -8.218950236334066073e-02 1.496274886769888117e-03 1.438353467382715301e-01 2.753348125090804288e-01 3.523948553389433802e-01 2.862933973067164906e-01 1.357499964110489565e-01 -1.159766797958925767e-02 -8.479113375770969130e-02 -7.284875283073946606e-02 5.301981267535671449e-03
3.771531439706428878e-04 -6.841941905964377124e-02 -7.977444575270045690e-02 -6.045690516398969858e-03 1.345435784527175826e-01 2.862933973067164906e-01 3.474927165811835805e-01 2.810685285160298141e-01 1.382142444339222176e-01 -5.249638876323946615e-03 -8.510707802431514979e-02 -6.822900571069195896e-02
7.797680818698424221e-02 9.822175670445092502e-03 -6.785911158028583301e-02 -8.897813093374905280e-02 -1.266504759620662099e-02 1.357499964110489565e-01 2.810685285160298141e-01 3.427444453430121829e-01 2.799079842598087842e-01 1.386160192921614409e-01 7.132601931013894366e-04 -7.650710284572503905e-02
8.195519982751847676e-02 7.784892824941559708e-02 5.762750343216781028e-03 -7.263223337060203955e-02 -8.639752201462359837e-02 -1.159766797958925767e-02 1.382142444339222176e-01 2.799079842598087842e-01 3.350436941650194456e-01 2.690274561644008799e-01 1.472015390364854182e-01 5.108818525227780752e-03
-6.988765145289394312e-03 7.422589215780017735e-02 7.281184666381167181e-02 7.765915124089430542e-03 -6.499935463286488080e-02 -8.479113375770969130e-02 -5.249638876323946615e-03 1.386160192921614409e-01 2.690274561644008799e-01 3.183282537309696236e-01 2.791876797795914689e-01 1.411986851437845025e-01
-1.490585036857974277e-01 -8.658807463464725934e-03 7.951298194646552742e-02 8.116398472871773351e-02 8.271915765382900632e-03 -7.284875283073946606e-02 -8.510707802431514979e-02 7.132601931013894366e-04 1.472015390364854182e-01 2.791876797795914689e-01 3.498532235736478424e-01 2.722304547330010038e-01
-2.648525023645695864e-01 -1.432684679563394070e-01 -7.187717080325636484e-03 7.755015942149548480e-02 7.240053414134356435e-02 5.301981267535671449e-03 -6.822900571069195896e-02 -7.650710284572503905e-02 5.108818525227780752e-03 1.411986851437845025e-01 2.722304547330010038e-01 3.038673519631737152e-01
3.671202039047138932e-01 2.870887392591355836e-01 1.448910296381346885e-01 4.270631501423359858e-03 -8.066176231028585053e-02 -7.642599778277263389e-02 -5.086979125172756862e-03 7.168487106991304481e-02 8.499003577643542140e-02 8.876605090762009972e-03 -1.360562164645883199e-01 -2.821554277416433720e-01
2.870887392591355836e-01 3.151991359636047152e-01 2.505627835774013046e-01 1.413649686175338094e-01 2.274103561819654576e-03 -8.037528395624700395e-02 -7.385332344356192180e-02 2.965747555103035067e-03 7.756883074146118939e-02 8.558494912126740628e-02 7.801148463542621758e-03 -1.415982262213254239e-01
1.448910296381346885e-01 2.505627835774013046e-01 2.975935676611768943e-01 2.764457850803649919e-01 1.426977127924627109e-01 -6.885300250823853021e-04 -8.218001106528863287e-02 -6.817452857966474489e-02 6.299776091730460888e-03 7.341662272926798016e-02 8.176857521520096428e-02 -5.299864018550808076e-03
4.270631501423359858e-03 1.413649686175338094e-01 2.764457850803649919e-01 3.697735331515462631e-01 2.933008566367949488e-01 1.403415352665780547e-01 -1.057360205444645568e-02 -8.891804516366891287e-02 -7.153310509396212935e-02 3.936768611068000231e-03 7.561831795762713471e-02 7.746075987477360481e-02
-8.066176231028585053e-02 2.274103561819654576e-03 1.426977127924627109e-01 2.933008566367949488e-01 3.333170607092131865e-01 2.652953681381804985e-01 1.339530066118946594e-01 -4.602863476076968219e-03 -7.966516298567710708e-02 -6.995360013882515049e-02 -5.351225729572915354e-03 6.572834190898341200e-02
-7.642599778277263389e-02 -8.037528395624700395e-02 -6.885300250823853021e-04 1.403415352665780547e-01 2.652953681381804985e-01 3.232128985129116283e-01 2.780546919347944290e-01 1.437753792680487308e-01 8.245925011150548019e-04 -8.065804742024056118e-02 -8.059336911504355605e-02 -3.873611888110557646e-03
-5.086979125172756862e-03 -7.385332344356192180e-02 -8.218001106528863287e-02 -1.057360205444645568e-02 1.339530066118946594e-01 2.780546919347944290e-01 3.510865648878287448e-01 2.868307263947518781e-01 1.425447657206655172e-01 -1.364775482463340258e-03 -8.415137041766768133e-02 -6.962902398657454250e-02
7.168487106991304481e-02 2.965747555103035067e-03 -6.817452857966474489e-02 -8.891804516366891287e-02 -4.602863476076968219e-03 1.437753792680487308e-01 2.868307263947518781e-01 3.379789410352895818e-01 2.707095342341658828e-01 1.389776930126716825e-01 9.749230742054439819e-03 -6.992322009971729813e-02
8.499003577643542140e-02 7.756883074146118939e-02 6.299776091730460888e-03 -7.153310509396212935e-02 -7.966516298567710708e-02 8.245925011150548019e-04 1.425447657206655172e-01 2.707095342341658828e-01 3.191165920645499532e-01 2.640608547777368864e-01 1.539469154863611355e-01 1.015425111378316647e-02
8.876605090762009972e-03 8.558494912126740628e-02 7.341662272926798016e-02 3.936768611068000231e-03 -6.995360013882515049e-02 -8.065804742024056118e-02 -1.364775482463340258e-03 1.389776930126716825e-01 2.640608547777368864e-01 3.146900186669296384e-01 2.791038491558420209e-01 1.390545390186517516e-01
-1.360562164645883199e-01 7.801148463542621758e-03 8.176857521520096428e-02 7.561831795762713471e-02 -5.351225729572915354e-03 -8.059336911504355605e-02 -8.415137041766768133e-02 9.749230742054439819e-03 1.539469154863611355e-01 2.791038491558420209e-01 3.472556575600423967e-01 2.730369344096509332e-01
-2.821554277416433720e-01 -1.415982262213254239e-01 -5.299864018550808076e-03 7.746075987477360481e-02 6.572834190898341200e-02 -3.873611888110557646e-03 -6.962902398657454250e-02 -6.992322009971729813e-02 1.015425111378316647e-02 1.390545390186517516e-01 2.730369344096509332e-01 3.236558258821970457e-01
3.640079758607365212e-01 2.791271181212028329e-01 1.469207877980979737e-01 4.870929921784627331e-03 -8.294056909293015534e-02 -7.146168623124660169e-02 -3.588538609812783661e-03 6.798786746476662146e-02 8.827433456220105945e-02 5.756438099955673085e-03 -1.425600269452880209e-01 -2.849962073240195348e-01
2.791271181212028329e-01 3.083977803049400834e-01 2.603931820160886312e-01 1.398978176424400810e-01 1.316465362425977854e-03 -7.914169178860196163e-02 -7.778759278529914778e-02 -7.828283401834335020e-03 7.012752230208889326e-02 8.028011873968529666e-02 3.536883491718460434e-03 -1.385605356349590978e-01
1.469207877980979737e-01 2.603931820160886312e-01 3.220387759026104857e-01 2.755019513501477113e-01 1.442949425664702690e-01 -6.958540082140618130e-03 -9.000707407889696476e-02 -7.581917803624808883e-02 -1.021503798770010633e-03 7.464926274383670846e-02 8.519857844323992790e-02 -1.888557839824322408e-03
4.870929921784627331e-03 1.398978176424400810e-01 2.755019513501477113e-01 3.418443326563286311e-01 2.888549396076306452e-01 1.338038017439358851e-01 -5.679813674355336899e-03 -7.780169828899971551e-02 -7.125913157789140473e-02 4.298959562226712001e-03 7.506336721725935524e-02 7.637002325841411865e-02
-8.294056909293015534e-02 1.316465362425977854e-03 1.442949425664702690e-01 2.888549396076306452e-01 3.588639365593664921e-01 2.755715567291035506e-01 1.459720876853770333e-01 8.718447514025390657e-03 -7.794917219353350579e-02 -7.104218633896536295e-02 -3.572793433571207471e-03 6.799429833663075962e-02
-7.146168623124660169e-02 -7.914169178860196163e-02 -6.958540082140618130e-03 1.338038017439358851e-01 2.755715567291035506e-01 3.145190384350037283e-01 2.692476108727427930e-01 1.440843645123762728e-01 1.018202311876698594e-02 -7.564840086739425817e-02 -7.799897050754060757e-02 -6.892311683766722853e-03
-3.588538609812783661e-03 -7.778759278529914778e-02 -9.000707407889696476e-02 -5.679813674355336899e-03 1.459720876853770333e-01 2.692476108727427930e-01 3.293090858882718464e-01 2.680452729343366647e-01 1.481274604014479745e-01 -1.106490939457219170e-03 -8.840282855587859590e-02 -7.478449950109063160e-02
6.798786746476662146e-02 -7.828283401834335020e-03 -7.581917803624808883e-02 -7.780169828899971551e-02 8.718447514025390657e-03 1.440843645123762728e-01 2.680452729343366647e-01 3.117283103017969847e-01 2.754568688390954811e-01 1.356588257199569936e-01 -3.282093994987610348e-03 -7.764120869812682346e-02
8.827433456220105945e-02 7.012752230208889326e-02 -1.021503798770010633e-03 -7.125913157789140473e-02 -7.794917219353350579e-02 1.018202311876698594e-02 1.481274604014479745e-01 2.754568688390954811e-01 3.565967996340513313e-01 2.836578663755427998e-01 1.458424542536945201e-01 -2.360831708734089512e-03
5.756438099955673085e-03 8.028011873968529666e-02 7.464926274383670846e-02 4.298959562226712001e-03 -7.104218633896536295e-02 -7.564840086739425817e-02 -1.106490939457219170e-03 1.356588257199569936e-01 2.836578663755427998e-01 3.296296399099389318e-01 2.750317658020471345e-01 1.353661308503308347e-01
-1.425600269452880209e-01 3.536883491718460434e-03 8.519857844323992790e-02 7.506336721725935524e-02 -3.572793433571207471e-03 -7.799897050754060757e-02 -8.840282855587859590e-02 -3.282093994987610348e-03 1.458424542536945201e-01 2.750317658020471345e-01 3.369204322533043694e-01 2.714003681489649544e-01
-2.849962073240195348e-01 -1.385605356349590978e-01 -1.888557839824322408e-03 7.637002325841411865e-02 6.799429833663075962e-02 -6.892311683766722853e-03 -7.478449950109063160e-02 -7.764120869812682346e-02 -2.360831708734089512e-03 1.353661308503308347e-01 2.714003681489649544e-01 3.261438922936167328e-01
3.200469083826043559e-01 2.745389798645105350e-01 1.421697028991485978e-01 -8.106225053785397899e-03 -8.902773880197190071e-02 -7.865487558283912328e-02 -8.142365902465959968e-03 7.098343357154494881e-02 8.389898755653650564e-02 1.727483523855665240e-02 -1.297985751427852275e-01 -2.707171104244089355e-01
2.745389798645105350e-01 3.401929040939206672e-01 2.810996592439623520e-01 1.337970675522965891e-01 -1.038951773106288647e-02 -8.226126292558448572e-02 -7.411721415534011648e-02 -1.838250641216666176e-03 7.169694527120393235e-02 9.247000141044184329e-02 1.081839531555752777e-02 -1.427672772031131909e-01
1.421697028991485978e-01 2.810996592439623520e-01 3.449172096322504211e-01 2.815901926549138623e-01 1.417972875023509882e-01 8.469659374385631045e-03 -7.231117916891202646e-02 -7.370692182000608550e-02 -6.017363016360513170e-03 6.681351227094660394e-02 8.080836915751657412e-02 -2.436415202209333414e-03
-8.106225053785397899e-03 1.337970675522965891e-01 2.815901926549138623e-01 3.456839735950451575e-01 2.797184382600187424e-01 1.498395006817453690e-01 1.561816391421447757e-02 -7.603993202394351836e-02 -7.735302404588073610e-02 -1.952719959901398628e-02 5.973967592549159905e-02 8.160044624595806650e-02
-8.902773880197190071e-02 -1.038951773106288647e-02 1.417972875023509882e-01 2.797184382600187424e-01 3.196447982761357887e-01 2.577675502479195302e-01 1.445909731943892385e-01 1.054246116331936448e-02 -7.426256710943640593e-02 -8.405002981966688824e-02 -1.264193455653892309e-02 7.405970888482570069e-02
-7.865487558283912328e-02 -8.226126292558448572e-02 8.469659374385631045e-03 1.498395006817453690e-01 2.577675502479195302e-01 2.951659658969970623e-01 2.601665783498122719e-01 1.483883343976197811e-01 9.747360966757765907e-03 -7.726051939849179484e-02 -7.276123815145175977e-02 7.065113291630756472e-03
-8.142365902465959968e-03 -7.411721415534011648e-02 -7.231117916891202646e-02 1.561816391421447757e-02 1.445909731943892385e-01 2.601665783498122719e-01 3.319636373415760788e-01 2.911263644365115755e-01 1.455514616470457989e-01 6.119128685482504680e-03 -7.913823649871533361e-02 -6.661681469881593209e-02
7.098343357154494881e-02 -1.838250641216666176e-03 -7.370692182000608550e-02 -7.603993202394351836e-02 1.054246116331936448e-02 1.483883343976197811e-01 2.911263644365115755e-01 3.553378109680440100e-01 2.686860883261151245e-01 1.432430475571379036e-01 -1.349185400709514322e-03 -8.566800852042619208e-02
8.389898755653650564e-02 7.169694527120393235e-02 -6.017363016360513170e-03 -7.735302404588073610e-02 -7.426256710943640593e-02 9.747360966757765907e-03 1.455514616470457989e-01 2.686860883261151245e-01 2.935499698441282335e-01 2.579171003938921514e-01 1.370685197403774258e-01 -7.904622162192301293e-03
1.727483523855665240e-02 9.247000141044184329e-02 6.681351227094660394e-02 -1.952719959901398628e-02 -8.405002981966688824e-02 -7.726051939849179484e-02 6.119128685482504680e-03 1.432430475571379036e-01 2.579171003938921514e-01 3.383530555591758304e-01 2.925145934875413301e-01 1.371977326503684425e-01
-1.297985751427852275e-01 1.081839531555752777e-02 8.080836915751657412e-02 5.973967592549159905e-02 -1.264193455653892309e-02 -7.276123815145175977e-02 -7.913823649871533361e-02 -1.349185400709514322e-03 1.370685197403774258e-01 2.925145934875413301e-01 3.694815532837822936e-01 2.898599463340789661e-01
-2.707171104244089355e-01 -1.427672772031131909e-01 -2.436415202209333414e-03 8.160044624595806650e-02 7.405970888482570069e-02 7.065113291630756472e-03 -6.661681469881593209e-02 -8.566800852042619208e-02 -7.904622162192301293e-03 1.371977326503684425e-01 2.898599463340789661e-01 3.456622131263414333e-01
3.313664293580333431e-01 2.714500511905624247e-01 1.512427255096162049e-01 4.832815772485692129e-04 -9.006803460751100499e-02 -7.720988587879068499e-02 5.340819700634256897e-04 7.797077679234201697e-02 8.421098023559343837e-02 2.067730799653701591e-03 -1.442952312516002922e-01 -2.668908522609916845e-01
2.714500511905624247e-01 3.159874018817044883e-01 2.768021071681381340e-01 1.342761009815151840e-01 -6.733718503330076051e-03 -7.990071159801831469e-02 -6.826364847860202922e-02 2.311229869210779456e-03 7.006107390207355623e-02 7.881854561282349014e-02 -6.541270152027985757e-03 -1.429433731880050684e-01
1.512427255096162049e-01 2.768021071681381340e-01 3.526378650808350002e-01 2.784286349709043096e-01 1.432679447252655502e-01 -1.437563353931099915e-03 -8.337928934641317125e-02 -7.597597191038567288e-02 -2.711828445791434586e-04 7.559817264699653094e-02 7.925336866270558944e-02 -1.111216971312497040e-02
4.832815772485692129e-04 1.342761009815151840e-01 2.784286349709043096e-01 3.263008233335837338e-01 2.784553744577775158e-01 1.402292325564714615e-01 2.273803997074398437e-04 -8.113358289260680367e-02 -7.046704467667654070e-02 -5.572052461404534670e-04 7.040287460916150319e-02 7.306687267264341812e-02
-9.006803460751100499e-02 -6.733718503330076051e-03 1.432679447252655502e-01 2.784553744577775158e-01 3.481444021849130488e-01 2.772536836746353761e-01 1.421802539476975102e-01 8.552242192410002691e-04 -7.957913046521442046e-02 -7.549575533872644739e-02 1.315714692401144612e-03 7.620729788308321095e-02
-7.720988587879068499e-02 -7.990071159801831469e-02 -1.437563353931099915e-03 1.402292325564714615e-01 2.772536836746353761e-01 3.196544645476153690e-01 2.670971284134997514e-01 1.439116062631746740e-01 4.920435113302759449e-03 -7.965978694209091548e-02 -6.986163645502199704e-02 6.634693277455794985e-03
5.340819700634256897e-04 -6.826364847860202922e-02 -8.337928934641317125e-02 2.273803997074398437e-04 1.421802539476975102e-01 2.670971284134997514e-01 3.301651899356703446e-01 2.828311126250072638e-01 1.439578094947042142e-01 -2.333374682440364728e-04 -8.392798226934461425e-02 -6.926219029280568373e-02
7.797077679234201697e-02 2.311229869210779456e-03 -7.597597191038567288e-02 -8.113358289260680367e-02 8.552242192410002691e-04 1.439116062631746740e-01 2.828311126250072638e-01 3.442132807381164117e-01 2.722073187757168000e-01 1.391709170815343677e-01 -8.335089463665908138e-03 -8.567797615570400815e-02
8.421098023559343837e-02 7.006107390207355623e-02 -2.711828445791434586e-04 -7.046704467667654070e-02 -7.957913046521442046e-02 4.920435113302759449e-03 1.439578094947042142e-01 2.722073187757168000e-01 3.153654962083700108e-01 2.715000071015060135e-01 1.374081214276392515e-01 -6.166409599876743197e-03
2.067730799653701591e-03 7.881854561282349014e-02 7.559817264699653094e-02 -5.572052461404534670e-04 -7.549575533872644739e-02 -7.965978694209091548e-02 -2.333374682440364728e-04 1.391709170815343677e-01 2.715000071015060135e-01 3.521975634472436778e-01 2.932333540740127975e-01 1.392062120603134723e-01
-1.442952312516002922e-01 -6.541270152027985757e-03 7.925336866270558944e-02 7.040287460916150319e-02 1.315714692401144612e-03 -6.986163645502199704e-02 -8.392798226934461425e-02 -8.335089463665908138e-03 1.374081214276392515e-01 2.932333540740127975e-01 3.545001356061874276e-01 2.722172156607138294e-01
-2.668908522609916845e-01 -1.429433731880050684e-01 -1.111216971312497040e-02 7.306687267264341812e-02 7.620729788308321095e-02 6.634693277455794985e-03 -6.926219029280568373e-02 -8.567797615570400815e-02 -6.166409599876743197e-03 1.392062120603134723e-01 2.722172156607138294e-01 3.094669476777294204e-01
3.085207711188930335e-01 2.666204274338441760e-01 1.369735881755798079e-01 -2.991623178535964336e-03 -7.892919477374521486e-02 -7.386269871667092146e-02 1.478365044611445111e-03 7.522797330522890125e-02 8.510599974515808963e-02 3.477898461521239729e-03 -1.420455032908096993e-01 -2.713937632909092512e-01
2.666204274338441760e-01 3.507417784560408758e-01 2.960978499628628136e-01 1.440042231814523399e-01 -2.679563345405721643e-03 -8.625464350242946499e-02 -7.066410905806945475e-02 4.698143274411380990e-04 7.068460931713706208e-02 8.103665399856010976e-02 4.876562692446612286e-03 -1.358838610552688952e-01
1.369735881755798079e-01 2.960978499628628136e-01 3.596157867508990025e-01 2.764838182226824204e-01 1.363941758877101340e-01 1.680939208503619752e-03 -7.521559637496794126e-02 -7.472154615068098138e-02 -1.098175743184084431e-02 6.405498964776526472e-02 8.638340746814476834e-02 1.066503726729121568e-02
-2.991623178535964336e-03 1.440042231814523399e-01 2.764838182226824204e-01 3.117468768578960381e-01 2.561280902720087793e-01 1.477400224143922691e-01 1.104145442543290681e-02 -7.662396747269956121e-02 -8.043902996407739647e-02 -1.244942061273339451e-02 6.884064664643815834e-02 8.577922873555761385e-02
-7.892919477374521486e-02 -2.679563345405721643e-03 1.363941758877101340e-01 2.561280902720087793e-01 3.133700643603773428e-01 2.837275827061377376e-01 1.464212029450673580e-01 4.564354714537317836e-03 -8.065762410985950759e-02 -7.634505518207068686e-02 -3.883462176743681174e-03 7.238820077591374968e-02
-7.386269871667092146e-02 -8.625464350242946499e-02 1.680939208503619752e-03 1.477400224143922691e-01 2.837275827061377376e-01 3.584700421018837124e-01 2.780122283904192804e-01 1.418995135073714831e-01 2.967867409304804794e-03 -7.795765271476574887e-02 -7.293752226346104928e-02 1.367152292025131458e-03
1.478365044611445111e-03 -7.066410905806945475e-02 -7.521559637496794126e-02 1.104145442543290681e-02 1.464212029450673580e-01 2.780122283904192804e-01 3.099099167915604358e-01 2.601752816106481792e-01 1.446082523487231541e-01 1.301594648177983350e-02 -7.332511877159118840e-02 -7.178279170319269709e-02
7.522797330522890125e-02 4.698143274411380990e-04 -7.472154615068098138e-02 -7.662396747269956121e-02 4.564354714537317836e-03 1.418995135073714831e-01 2.601752816106481792e-01 3.236851681059494945e-01 2.795439209780032352e-01 1.504435489025252592e-01 2.037914075268413075e-03 -8.788361108583285508e-02
8.510599974515808963e-02 7.068460931713706208e-02 -1.098175743184084431e-02 -8.043902996407739647e-02 -8.065762410985950759e-02 2.967867409304804794e-03 1.446082523487231541e-01 2.795439209780032352e-01 3.359455800768116340e-01 2.731502386006959826e-01 1.355784798780989564e-01 -1.198727910599947655e-02
3.477898461521239729e-03 8.103665399856010976e-02 6.405498964776526472e-02 -1.244942061273339451e-02 -7.634505518207068686e-02 -7.795765271476574887e-02 1.301594648177983350e-02 1.504435489025252592e-01 2.731502386006959826e-01 3.230137988083068290e-01 2.725729409489583421e-01 1.376076114415896723e-01
-1.420455032908096993e-01 4.876562692446612286e-03 8.638340746814476834e-02 6.884064664643815834e-02 -3.883462176743681174e-03 -7.293752226346104928e-02 -7.332511877159118840e-02 2.037914075268413075e-03 1.355784798780989564e-01 2.725729409489583421e-01 3.505922518342625693e-01 2.936373425696675588e-01
-2.713937632909092512e-01 -1.358838610552688952e-01 1.066503726729121568e-02 8.577922873555761385e-02 7.238820077591374968e-02 1.367152292025131458e-03 -7.178279170319269709e-02 -8.788361108583285508e-02 -1.198727910599947655e-02 1.376076114415896723e-01 2.936373425696675588e-01 3.543879647371306341e-01
3.404458613240766707e-01 2.783378994578252774e-01 1.408204649193506020e-01 6.772342336593440175e-04 -8.059549862008305587e-02 -7.799521416819485409e-02 -1.329678404076228490e-02 6.414458000729211795e-02 8.711360654396657632e-02 2.625018956672984724e-02 -1.191278930278992371e-01 -2.871136625136730958e-01
2.783378994578252774e-01 3.376673347101702971e-01 2.716212262177708503e-01 1.425841909658104589e-01 -3.809632638157864522e-03 -8.517492321033628966e-02 -8.027727215567027896e-02 -1.005074816844648070e-02 7.052773085774161066e-02 9.734936094196794398e-02 3.302241081270870793e-02 -1.305891459157763057e-01
1.408204649193506020e-01 2.716212262177708503e-01 3.191078466699147631e-01 2.761584171476193506e-01 1.386580539611275420e-01 4.927306824286045023e-03 -7.250009306137963905e-02 -7.381894408733195856e-02 -8.483117916966362304e-03 6.408547784221790833e-02 8.943516054729717946e-02 9.565880109237149403e-03
6.772342336593440175e-04 1.425841909658104589e-01 2.761584171476193506e-01 3.537118222793970146e-01 2.836486273587120466e-01 1.510158324785723372e-01 1.448432014971218380e-02 -7.568508105433684185e-02 -8.004004904959746702e-02 -2.037040017259512947e-02 5.787951140325355015e-02 8.253988456216856950e-02
-8.059549862008305587e-02 -3.809632638157864522e-03 1.386580539611275420e-01 2.836486273587120466e-01 3.238481603057044578e-01 2.640992879170028784e-01 1.448573852657349947e-01 1.368891769494371205e-02 -7.274571477619051763e-02 -8.196881335330571949e-02 -2.378809373423379156e-02 6.291801788660129902e-02
-7.799521416819485409e-02 -8.517492321033628966e-02 4.927306824286045023e-03 1.510158324785723372e-01 2.640992879170028784e-01 3.055703168662824987e-01 2.583570373908586904e-01 1.489852159822586120e-01 1.472438585697955632e-02 -7.187111193240033891e-02 -8.168550804771713969e-02 -5.048844346106004348e-03
-1.329678404076228490e-02 -8.027727215567027896e-02 -7.250009306137963905e-02 1.448432014971218380e-02 1.448573852657349947e-01 2.583570373908586904e-01 3.126801937982255364e-01 2.773465319530241668e-01 1.503548837595590770e-01 1.552554612365238292e-02 -7.343040973590361786e-02 -6.877907349467460296e-02
6.414458000729211795e-02 -1.005074816844648070e-02 -7.381894408733195856e-02 -7.568508105433684185e-02 1.368891769494371205e-02 1.489852159822586120e-01 2.773465319530241668e-01 3.446584342747217589e-01 2.774548885765610318e-01 1.481246895379578210e-01 1.076871950407159474e-02 -8.025857857519805294e-02
8.711360654396657632e-02 7.052773085774161066e-02 -8.483117916966362304e-03 -8.004004904959746702e-02 -7.274571477619051763e-02 1.472438585697955632e-02 1.503548837595590770e-01 2.774548885765610318e-01 3.106051190951412133e-01 2.538794495087640657e-01 1.423708684670628444e-01 -5.146943095735861257e-03
2.625018956672984724e-02 9.734936094196794398e-02 6.408547784221790833e-02 -2.037040017259512947e-02 -8.196881335330571949e-02 -7.187111193240033891e-02 1.552554612365238292e-02 1.481246895379578210e-01 2.538794495087640657e-01 3.010340842451053045e-01 2.722654511781257280e-01 1.341960993068827823e-01
-1.191278930278992371e-01 3.302241081270870793e-02 8.943516054729717946e-02 5.787951140325355015e-02 -2.378809373423379156e-02 -8.168550804771713969e-02 -7.343040973590361786e-02 1.076871950407159474e-02 1.423708684670628444e-01 2.722654511781257280e-01 3.633275429584197913e-01 3.028050734980460845e-01
-2.871136625136730958e-01 -1.305891459157763057e-01 9.565880109237149403e-03 8.253988456216856950e-02 6.291801788660129902e-02 -5.048844346106004348e-03 -6.877907349467460296e-02 -8.025857857519805294e-02 -5.146943095735861257e-03 1.341960993068827823e-01 3.028050734980460845e-01 3.873432834728782193e-01
3.529537529924666739e-01 2.981270677745747610e-01 1.413416557079219538e-01 -3.173273241089908346e-03 -8.153957787720456096e-02 -7.313318244049638039e-02 5.575170574089202778e-04 7.270052853826028394e-02 8.009799730893671366e-02 -3.417799094382572515e-03 -1.418954398089334046e-01 -2.642908374818730421e-01
2.981270677745747610e-01 3.502067734777999930e-01 2.596088812992990436e-01 1.399609898580943534e-01 -6.154087388558152592e-03 -8.811933038417864295e-02 -7.224711766623306830e-02 1.856766518701091556e-03 7.556365205537832197e-02 8.010665213061557433e-02 -4.394565993276615705e-04 -1.438503786466019119e-01
1.413416557079219538e-01 2.596088812992990436e-01 2.911638648919693262e-01 2.725308464702905220e-01 1.348673695347187285e-01 -3.073789596601330786e-03 -7.680474673690104725e-02 -6.988395683424651617e-02 3.410532046284010452e-04 6.946291610153251805e-02 7.901387152926572788e-02 -4.292452112406914926e-03
-3.173273241089908346e-03 1.399609898580943534e-01 2.725308464702905220e-01 3.779965687897776094e-01 2.940567721378870569e-01 1.452201394868836148e-01 -6.792282885093904599e-03 -9.021840915342532741e-02 -7.588694756895188187e-02 6.535588906145522493e-03 8.223626385156601604e-02 8.140600278100477982e-02
-8.153957787720456096e-02 -6.154087388558152592e-03 1.348673695347187285e-01 2.940567721378870569e-01 3.297886687387457383e-01 2.702715362345118333e-01 1.332921020894642927e-01 1.685605930359560401e-03 -7.398396509221860651e-02 -6.422974192274147343e-02 -1.142546096488655750e-03 6.339599747081707537e-02
-7.313318244049638039e-02 -8.811933038417864295e-02 -3.073789596601330786e-03 1.452201394868836148e-01 2.702715362345118333e-01 3.340285899100290945e-01 2.711564125760501653e-01 1.498654443609048204e-01 8.772275692211780468e-03 -7.966905917285231620e-02 -8.361379835859207577e-02 -9.105381515575975207e-03
5.575170574089202778e-04 -7.224711766623306830e-02 -7.680474673690104725e-02 -6.792282885093904599e-03 1.332921020894642927e-01 2.711564125760501653e-01 3.186720532518276805e-01 2.747307335400270834e-01 1.443327071527202299e-01 -3.487397630781800643e-03 -8.884393688696175240e-02 -7.214641965972551363e-02
7.270052853826028394e-02 1.856766518701091556e-03 -6.988395683424651617e-02 -9.021840915342532741e-02 1.685605930359560401e-03 1.498654443609048204e-01 2.747307335400270834e-01 3.389258737623410123e-01 2.798904770069212122e-01 1.347938400999650621e-01 -3.645543848888725159e-03 -7.536960038378763549e-02
8.009799730893671366e-02 7.556365205537832197e-02 3.410532046284010452e-04 -7.588694756895188187e-02 -7.398396509221860651e-02 8.772275692211780468e-03 1.443327071527202299e-01 2.798904770069212122e-01 3.374437053389734986e-01 2.707695087507970833e-01 1.482935696375077272e-01 7.964769258260867568e-03
-3.417799094382572515e-03 8.010665213061557433e-02 6.946291610153251805e-02 6.535588906145522493e-03 -6.422974192274147343e-02 -7.966905917285231620e-02 -3.487397630781800643e-03 1.347938400999650621e-01 2.707695087507970833e-01 3.247686170972901021e-01 2.838246803227526538e-01 1.422149086011331720e-01
-1.418954398089334046e-01 -4.394565993276615705e-04 7.901387152926572788e-02 8.223626385156601604e-02 -1.142546096488655750e-03 -8.361379835859207577e-02 -8.884393688696175240e-02 -3.645543848888725159e-03 1.482935696375077272e-01 2.838246803227526538e-01 3.491536874327332840e-01 2.658584817230988939e-01
-2.642908374818730421e-01 -1.438503786466019119e-01 -4.292452112406914926e-03 8.140600278100477982e-02 6.339599747081707537e-02 -9.105381515575975207e-03 -7.214641965972551363e-02 -7.536960038378763549e-02 7.964769258260867568e-03 1.422149086011331720e-01 2.658584817230988939e-01 2.948978443160593099e-01
3.395282357885436308e-01 2.795217377941593417e-01 1.411209951203702684e-01 5.446692260427456883e-03 -7.621798126356624237e-02 -6.857261494383593003e-02 1.643749627481258481e-03 6.982485892634585078e-02 8.501211313004636283e-02 1.458077818411985865e-03 -1.428179174869647627e-01 -2.786239596814117370e-01
2.795217377941593417e-01 3.277940615326438434e-01 2.615206533363229613e-01 1.469360539630399920e-01 3.358192564614682560e-03 -8.475722669408139454e-02 -7.619048862428909330e-02 -7.198263887170496672e-03 6.923764008306444728e-02 8.043769075694814918e-02 -7.917368366729958182e-03 -1.494324896475598130e-01
1.411209951203702684e-01 2.615206533363229613e-01 3.051253636648650902e-01 2.737500489058801723e-01 1.390681621866636797e-01 -1.026661500253712653e-02 -8.736128385455635414e-02 -7.619897172986705991e-02 -4.195082156234166380e-03 7.272264397750979881e-02 7.431414694533788889e-02 -6.611578809877737689e-03
5.446692260427456883e-03 1.469360539630399920e-01 2.737500489058801723e-01 3.540199493998702485e-01 2.868789054849886222e-01 1.343899194078866932e-01 -1.238969568954969083e-02 -8.492377969980899333e-02 -7.328015982359462055e-02 8.911785375059171413e-03 8.017839073958647755e-02 8.171288984374405762e-02
-7.621798126356624237e-02 3.358192564614682560e-03 1.390681621866636797e-01 2.868789054849886222e-01 3.456932477809592230e-01 2.811346948180986072e-01 1.391917001270371601e-01 7.259908106376784798e-03 -7.252141839440379156e-02 -6.543285301589127356e-02 6.574195890541506548e-03 7.204298350331368728e-02
-6.857261494383593003e-02 -8.475722669408139454e-02 -1.026661500253712653e-02 1.343899194078866932e-01 2.811346948180986072e-01 3.464487172965021733e-01 2.774372398740804213e-01 1.502363362271360858e-01 1.337687320205826341e-02 -7.968939235752654782e-02 -7.444216948153355162e-02 -6.178661810246220167e-03
1.643749627481258481e-03 -7.619048862428909330e-02 -8.736128385455635414e-02 -1.238969568954969083e-02 1.391917001270371601e-01 2.774372398740804213e-01 3.144714217112938859e-01 2.580442663188591279e-01 1.432049533536357555e-01 -2.534966418534499201e-03 -8.536958001989607137e-02 -7.715257540782573253e-02
6.982485892634585078e-02 -7.198263887170496672e-03 -7.619897172986705991e-02 -8.492377969980899333e-02 7.259908106376784798e-03 1.502363362271360858e-01 2.580442663188591279e-01 3.030093262119203379e-01 2.693764345487796863e-01 1.374006913072173264e-01 -1.018384400354434109e-02 -8.604495737883444129e-02
8.501211313004636283e-02 6.923764008306444728e-02 -4.195082156234166380e-03 -7.328015982359462055e-02 -7.252141839440379156e-02 1.337687320205826341e-02 1.432049533536357555e-01 2.693764345487796863e-01 3.537781606369346799e-01 2.972303686265337919e-01 1.360898817566206231e-01 -1.014955416037730679e-02
1.458077818411985865e-03 8.043769075694814918e-02 7.272264397750979881e-02 8.911785375059171413e-03 -6.543285301589127356e-02 -7.968939235752654782e-02 -2.534966418534499201e-03 1.374006913072173264e-01 2.972303686265337919e-01 3.674369300329525800e-01 2.790747783204667876e-01 1.377681277414506411e-01
-1.428179174869647627e-01 -7.917368366729958182e-03 7.431414694533788889e-02 8.017839073958647755e-02 6.574195890541506548e-03 -7.444216948153355162e-02 -8.536958001989607137e-02 -1.018384400354434109e-02 1.360898817566206231e-01 2.790747783204667876e-01 3.174688258498156723e-01 2.639458427188620115e-01
-2.786239596814117370e-01 -1.494324896475598130e-01 -6.611578809877737689e-03 8.171288984374405762e-02 7.204298350331368728e-02 -6.178661810246220167e-03 -7.715257540782573253e-02 -8.604495737883444129e-02 -1.014955416037730679e-02 1.377681277414506411e-01 2.639458427188620115e-01 3.252257600936895865e-01
3.478588337264321706e-01 2.892409547893278754e-01 1.391028259593660166e-01 -1.049814335279498738e-02 -8.879107237422523280e-02 -7.486616753336250429e-02 -8.746084099694659535e-04 7.388507040512899693e-02 7.795696772077301273e-02 -3.022711831591384270e-03 -1.409614077376560581e-01 -2.704011567383932668e-01
2.892409547893278754e-01 3.537085869822712558e-01 2.826073436009629569e-01 1.348778006834906729e-01 -1.709012172303292281e-03 -7.662416219907763892e-02 -7.189359501825429155e-02 -5.658371551733419082e-03 6.686156153829328486e-02 8.231154636868610874e-02 4.440623827291059755e-03 -1.374926240854077719e-01
1.391028259593660166e-01 2.826073436009629569e-01 3.378235149800262183e-01 2.699588344040829702e-01 1.473430934251109548e-01 1.390525458600977426e-02 -7.273082953183244992e-02 -7.909476513719890245e-02 -7.924030724779118975e-03 7.147605367051677872e-02 8.576524563658641243e-02 7.568813729079045156e-03
-1.049814335279498738e-02 1.348778006834906729e-01 2.699588344040829702e-01 3.180581464628497446e-01 2.726345242452116180e-01 1.497311831100908153e-01 1.244654584957675426e-02 -7.828000591099104621e-02 -7.414707431781025759e-02 -3.957884656640592649e-03 7.062509667366353994e-02 8.333765353384356422e-02
-8.879107237422523280e-02 -1.709012172303292281e-03 1.473430934251109548e-01 2.726345242452116180e-01 3.288922378816372394e-01 2.704296185570131961e-01 1.443294316743786720e-01 4.863022239749255002e-03 -7.884467188195179443e-02 -7.523785429045365403e-02 -1.382666480523412353e-03 7.351738194850572505e-02
-7.486616753336250429e-02 -7.662416219907763892e-02 1.390525458600977426e-02 1.497311831100908153e-01 2.704296185570131961e-01 3.138335566271071575e-01 2.640925153475786047e-01 1.445699310882551658e-01 1.391319432442857801e-03 -8.338806802925413653e-02 -7.260642083712938455e-02 1.842189637403409070e-03
-8.746084099694659535e-04 -7.189359501825429155e-02 -7.273082953183244992e-02 1.244654584957675426e-02 1.443294316743786720e-01 2.640925153475786047e-01 3.256578254563605723e-01 2.844076089576766941e-01 1.403541419466833307e-01 -6.840654004555545009e-03 -8.575127768923088145e-02 -7.134383809271691024e-02
7.388507040512899693e-02 -5.658371551733419082e-03 -7.909476513719890245e-02 -7.828000591099104621e-02 4.863022239749255002e-03 1.445699310882551658e-01 2.844076089576766941e-01 3.562844016771747890e-01 2.792375564940249855e-01 1.369167927344303315e-01 -8.366006453120321262e-03 -8.388994284412497338e-02
7.795696772077301273e-02 6.686156153829328486e-02 -7.924030724779118975e-03 -7.414707431781025759e-02 -7.884467188195179443e-02 1.391319432442857801e-03 1.403541419466833307e-01 2.792375564940249855e-01 3.247462769292038809e-01 2.729152078818476435e-01 1.398693908623018234e-01 2.559848979822889475e-03
-3.022711831591384270e-03 8.231154636868610874e-02 7.147605367051677872e-02 -3.957884656640592649e-03 -7.523785429045365403e-02 -8.338806802925413653e-02 -6.840654004555545009e-03 1.369167927344303315e-01 2.729152078818476435e-01 3.455191346526378937e-01 2.853725604422431839e-01 1.457097078520576960e-01
-1.409614077376560581e-01 4.440623827291059755e-03 8.576524563658641243e-02 7.062509667366353994e-02 -1.382666480523412353e-03 -7.260642083712938455e-02 -8.575127768923088145e-02 -8.366006453120321262e-03 1.398693908623018234e-01 2.853725604422431839e-01 3.359207628797760137e-01 2.675989991711796856e-01
