3.211553417270982536e-01 2.415123750373813771e-01 1.383568300869665868e-01 2.813994272215816772e-02 -5.591734471620178615e-02 -8.250680891875919465e-02 -5.548957065638066011e-02 2.729538003748687228e-02 1.372984985421425996e-01 2.439273858208373669e-01
2.415123750373813771e-01 2.908830419716455506e-01 2.332665196160306764e-01 1.334522265909559580e-01 3.238500940324200855e-02 -4.890793458398683125e-02 -8.291337018630046130e-02 -5.537309879256621659e-02 2.984950559250308666e-02 1.395648497734965354e-01
1.383568300869665868e-01 2.332665196160306764e-01 3.021645615524460871e-01 2.378458738165031838e-01 1.446716885847083578e-01 3.641948187046742391e-02 -5.048385433518003118e-02 -8.383864227371043421e-02 -5.430106236443647816e-02 3.056025612468601244e-02
2.813994272215816772e-02 1.334522265909559580e-01 2.378458738165031838e-01 2.978749506334947283e-01 2.426012241818349957e-01 1.379755884657402065e-01 3.521586337492532692e-02 -4.887745110318961195e-02 -8.106297341327063644e-02 -5.401911877963763708e-02
-5.591734471620178615e-02 3.238500940324200855e-02 1.446716885847083578e-01 2.426012241818349957e-01 3.112583305182942128e-01 2.316463208305524490e-01 1.386869930050268762e-01 3.575090321313875719e-02 -4.962350464420298146e-02 -8.424189637459922331e-02
-8.250680891875919465e-02 -4.890793458398683125e-02 3.641948187046742391e-02 1.379755884657402065e-01 2.316463208305524490e-01 2.722225604561041568e-01 2.295957317641289519e-01 1.391443443548758818e-01 3.643791844110702560e-02 -5.007031990142128686e-02
-5.548957065638066011e-02 -8.291337018630046130e-02 -5.048385433518003118e-02 3.521586337492532692e-02 1.386869930050268762e-01 2.295957317641289519e-01 3.037669027440346725e-01 2.434518586706169163e-01 1.429603565148721556e-01 3.177883666780796645e-02
2.729538003748687228e-02 -5.537309879256621659e-02 -8.383864227371043421e-02 -4.887745110318961195e-02 3.575090321313875719e-02 1.391443443548758818e-01 2.434518586706169163e-01 3.080566383517124862e-01 2.382720151740003733e-01 1.347167986791060756e-01
1.372984985421425996e-01 2.984950559250308666e-02 -5.430106236443647816e-02 -8.106297341327063644e-02 -4.962350464420298146e-02 3.643791844110702560e-02 1.429603565148721556e-01 2.382720151740003733e-01 2.938770196989629602e-01 2.330483967021329539e-01
2.439273858208373669e-01 1.395648497734965354e-01 3.056025612468601244e-02 -5.401911877963763708e-02 -8.424189637459922331e-02 -5.007031990142128686e-02 3.177883666780796645e-02 1.347167986791060756e-01 2.330483967021329539e-01 2.987406523462074470e-01
2.913724517321218399e-01 2.303807539375561375e-01 1.378481168677683222e-01 3.139876783596860094e-02 -5.437958912229874653e-02 -8.452325075955459399e-02 -5.354875258632758872e-02 3.005722859093467453e-02 1.390299013698150232e-01 2.400081261511843311e-01
2.303807539375561375e-01 2.899537768670851223e-01 2.409447791917517234e-01 1.392572073941763522e-01 2.954871132416219889e-02 -5.471199710697680074e-02 -8.303810510485304386e-02 -5.469385010442269490e-02 3.007810955819185950e-02 1.362261499715590740e-01
1.378481168677683222e-01 2.409447791917517234e-01 3.206892077211442871e-01 2.438120038364363085e-01 1.380105255993126501e-01 2.927653247578334422e-02 -5.285364155996252061e-02 -8.457969124594844068e-02 -5.422174995696164151e-02 3.045692941577832560e-02
3.139876783596860094e-02 1.392572073941763522e-01 2.438120038364363085e-01 2.993130964664354465e-01 2.347535565691167558e-01 1.369571792211000949e-01 3.563863799044359598e-02 -4.700809053876377208e-02 -7.964107739172276990e-02 -5.305856482481556557e-02
-5.437958912229874653e-02 2.954871132416219889e-02 1.380105255993126501e-01 2.347535565691167558e-01 2.955979708223521740e-01 2.368062849426838812e-01 1.418367085820597118e-01 4.096558723707872246e-02 -4.617638395861799888e-02 -8.319569519650632516e-02
-8.452325075955459399e-02 -5.471199710697680074e-02 2.927653247578334422e-02 1.369571792211000949e-01 2.368062849426838812e-01 2.995669228924058292e-01 2.354769733440860435e-01 1.424993220555160200e-01 3.595323428309543656e-02 -5.290741181463770593e-02
-5.354875258632758872e-02 -8.303810510485304386e-02 -5.285364155996252061e-02 3.563863799044359598e-02 1.418367085820597118e-01 2.354769733440860435e-01 2.858924191644971469e-01 2.324373543033358414e-01 1.355666240056184746e-01 3.045507759847653623e-02
3.005722859093467453e-02 -5.469385010442269490e-02 -8.457969124594844068e-02 -4.700809053876377208e-02 4.096558723707872246e-02 1.424993220555160200e-01 2.324373543033358414e-01 2.971431636264473264e-01 2.365879398121667199e-01 1.399430213986956606e-01
1.390299013698150232e-01 3.007810955819185950e-02 -5.422174995696164151e-02 -7.964107739172276990e-02 -4.617638395861799888e-02 3.595323428309543656e-02 1.355666240056184746e-01 2.365879398121667199e-01 3.020876624170558689e-01 2.445264721999631241e-01
2.400081261511843311e-01 1.362261499715590740e-01 3.045692941577832560e-02 -5.305856482481556557e-02 -8.319569519650632516e-02 -5.290741181463770593e-02 3.045507759847653623e-02 1.399430213986956606e-01 2.445264721999631241e-01 3.183833282904550699e-01
2.927508458931650237e-01 2.375576408190828437e-01 1.369148306073742216e-01 2.766643386566335072e-02 -5.389644464453564182e-02 -8.269381937766941137e-02 -5.422774996532682412e-02 3.309277340781367760e-02 1.382362218939715559e-01 2.360931367415937121e-01
2.375576408190828437e-01 3.104027981687156323e-01 2.457007981693274667e-01 1.386458180121541983e-01 3.650904128152658579e-02 -4.433920929640010333e-02 -7.926959048312495759e-02 -5.121653152103021467e-02 3.410911362825200244e-02 1.386280809437161476e-01
1.369148306073742216e-01 2.457007981693274667e-01 3.179527731983777805e-01 2.370980088312087397e-01 1.427491949682041517e-01 4.354425059499372752e-02 -4.330279174708738521e-02 -8.124854982417061000e-02 -5.268611791594564331e-02 2.811110816509628310e-02
2.766643386566335072e-02 1.386458180121541983e-01 2.370980088312087397e-01 2.773421438599984468e-01 2.261817952410303534e-01 1.384996316935972471e-01 4.099339960776049452e-02 -4.811399940457841695e-02 -8.202914537588559818e-02 -5.672076350790903471e-02
-5.389644464453564182e-02 3.650904128152658579e-02 1.427491949682041517e-01 2.261817952410303534e-01 2.819576246481386717e-01 2.287162916316166361e-01 1.407775453073155103e-01 3.129845302470651847e-02 -5.769538759890213697e-02 -8.930322724861954053e-02
-8.269381937766941137e-02 -4.433920929640010333e-02 4.354425059499372752e-02 1.384996316935972471e-01 2.287162916316166361e-01 2.862169869396254951e-01 2.395916821065423863e-01 1.377900537725612606e-01 2.225254207370675960e-02 -6.118984218264620495e-02
-5.422774996532682412e-02 -7.926959048312495759e-02 -4.330279174708738521e-02 4.099339960776049452e-02 1.407775453073155103e-01 2.395916821065423863e-01 3.196996749168555807e-01 2.486616723236937110e-01 1.341217055452257056e-01 2.433792783134186219e-02
3.309277340781367760e-02 -5.121653152103021467e-02 -8.124854982417061000e-02 -4.811399940457841695e-02 3.129845302470651847e-02 1.377900537725612606e-01 2.486616723236937110e-01 3.224195806595647196e-01 2.391957015981053813e-01 1.380723685946856349e-01
1.382362218939715559e-01 3.410911362825200244e-02 -5.268611791594564331e-02 -8.202914537588559818e-02 -5.769538759890213697e-02 2.225254207370675960e-02 1.341217055452257056e-01 2.391957015981053813e-01 2.897439441561154849e-01 2.349047118783898491e-01
2.360931367415937121e-01 1.386280809437161476e-01 2.811110816509628310e-02 -5.672076350790903471e-02 -8.930322724861954053e-02 -6.118984218264620495e-02 2.433792783134186219e-02 1.380723685946856349e-01 2.349047118783898491e-01 3.015136275594454407e-01
3.018387389637031126e-01 2.369936198620485601e-01 1.392557950749194473e-01 2.501366342857649916e-02 -6.065203734383586148e-02 -8.438248770997396064e-02 -4.604376467884896407e-02 3.986464404048950527e-02 1.415777946517427222e-01 2.349406847939586318e-01
2.369936198620485601e-01 2.985872890255035772e-01 2.445530734000553874e-01 1.344062730877999545e-01 2.336796582190754645e-02 -5.742217303653000121e-02 -8.058160191170385400e-02 -4.757515519677962823e-02 3.488611053189386024e-02 1.359304855288003266e-01
1.392557950749194473e-01 2.445530734000553874e-01 3.280812104190801159e-01 2.427287611713734305e-01 1.366590538138302557e-01 2.678230945825640918e-02 -5.505890263916459609e-02 -8.419746512811562833e-02 -5.356453266416875969e-02 2.926606656973006551e-02
2.501366342857649916e-02 1.344062730877999545e-01 2.427287611713734305e-01 2.959097225429986322e-01 2.366407238985723527e-01 1.366937784967280911e-01 3.263182532069756892e-02 -5.042878785474669973e-02 -8.157580724271609740e-02 -5.539431572701927070e-02
-6.065203734383586148e-02 2.336796582190754645e-02 1.366590538138302557e-01 2.366407238985723527e-01 3.058396622463210313e-01 2.402204879278329874e-01 1.408437890704240247e-01 3.617134612653013365e-02 -4.871901578482966400e-02 -8.369636695338097954e-02
-8.438248770997396064e-02 -5.742217303653000121e-02 2.678230945825640918e-02 1.366937784967280911e-01 2.402204879278329874e-01 3.010669489916651953e-01 2.356676127008739130e-01 1.398092096223008118e-01 3.684771913191389747e-02 -4.794224635917766764e-02
-4.604376467884896407e-02 -8.058160191170385400e-02 -5.505890263916459609e-02 3.263182532069756892e-02 1.408437890704240247e-01 2.356676127008739130e-01 2.897713281387089279e-01 2.334692485905063286e-01 1.398739336687812307e-01 3.891456931632908400e-02
3.986464404048950527e-02 -4.757515519677962823e-02 -8.419746512811562833e-02 -5.042878785474669973e-02 3.617134612653013365e-02 1.398092096223008118e-01 2.334692485905063286e-01 2.951475213958552057e-01 2.359484304335882632e-01 1.418379235145756923e-01
1.415777946517427222e-01 3.488611053189386024e-02 -5.356453266416875969e-02 -8.157580724271609740e-02 -4.871901578482966400e-02 3.684771913191389747e-02 1.398739336687812307e-01 2.359484304335882632e-01 2.945997920086753097e-01 2.344061461642548416e-01
2.349406847939586318e-01 1.359304855288003266e-01 2.926606656973006551e-02 -5.539431572701927070e-02 -8.369636695338097954e-02 -4.794224635917766764e-02 3.891456931632908400e-02 1.418379235145756923e-01 2.344061461642548416e-01 2.891577862674874488e-01
3.166015703330317121e-01 2.325665067827571986e-01 1.352793622489661396e-01 2.880654481253019927e-02 -5.557719464303888246e-02 -8.227107437249056576e-02 -5.168475170763039972e-02 3.202600201575096089e-02 1.410636307485615415e-01 2.503373861947612022e-01
2.325665067827571986e-01 2.716089519591442514e-01 2.295526349476474659e-01 1.349367870145733450e-01 3.142170151501444408e-02 -5.206296090985593206e-02 -8.242435088963528944e-02 -5.192084182883766053e-02 3.351974641154874257e-02 1.403899129197730966e-01
1.352793622489661396e-01 2.295526349476474659e-01 3.123264779769461263e-01 2.460702580927746075e-01 1.444447390564912448e-01 2.846252559277644839e-02 -5.824745859360722089e-02 -8.658590422968567846e-02 -5.222380680414796805e-02 3.145464271915275611e-02
2.880654481253019927e-02 1.349367870145733450e-01 2.460702580927746075e-01 3.106987849343568198e-01 2.434238402912097810e-01 1.327801340128548779e-01 2.676451859439465952e-02 -5.294150420274887359e-02 -7.950461752819112937e-02 -5.329643141187440092e-02
-5.557719464303888246e-02 3.142170151501444408e-02 1.444447390564912448e-01 2.434238402912097810e-01 3.076781956693922515e-01 2.322662632548402328e-01 1.371487278519566144e-01 3.668270457506643545e-02 -4.591051874645761532e-02 -8.311981117697866961e-02
-8.227107437249056576e-02 -5.206296090985593206e-02 2.846252559277644839e-02 1.327801340128548779e-01 2.322662632548402328e-01 2.852344956977510559e-01 2.364145218558777461e-01 1.445992097770419371e-01 4.029559646718482158e-02 -4.823968300353658617e-02
-5.168475170763039972e-02 -8.242435088963528944e-02 -5.824745859360722089e-02 2.676451859439465952e-02 1.371487278519566144e-01 2.364145218558777461e-01 3.066315847524108129e-01 2.420559678210024435e-01 1.396578905358819012e-01 3.406366982010428091e-02
3.202600201575096089e-02 -5.192084182883766053e-02 -8.658590422968567846e-02 -5.294150420274887359e-02 3.668270457506643545e-02 1.445992097770419371e-01 2.420559678210024435e-01 2.975763189270521636e-01 2.274723422677177309e-01 1.352871168452348671e-01
1.410636307485615415e-01 3.351974641154874257e-02 -5.222380680414796805e-02 -7.950461752819112937e-02 -4.591051874645761532e-02 4.029559646718482158e-02 1.396578905358819012e-01 2.274723422677177309e-01 2.745998137806049955e-01 2.338347090060164390e-01
2.503373861947612022e-01 1.403899129197730966e-01 3.145464271915275611e-02 -5.329643141187440092e-02 -8.311981117697866961e-02 -4.823968300353658617e-02 3.406366982010428091e-02 1.352871168452348671e-01 2.338347090060164390e-01 3.170438059693061472e-01
2.849424618553551003e-01 2.396451496291302774e-01 1.389709010552694635e-01 3.022449934233386454e-02 -5.303009651930282869e-02 -8.232229319764619579e-02 -5.224984025996259884e-02 3.457904452714508081e-02 1.369399350959910056e-01 2.295684539250023026e-01
2.396451496291302774e-01 3.221282930200125572e-01 2.459862566197782430e-01 1.393838289759366800e-01 3.336460933851614907e-02 -4.897156643725747438e-02 -8.157407058125305810e-02 -5.077049890529457959e-02 3.433449003654968912e-02 1.389766246289558804e-01
1.389709010552694635e-01 2.459862566197782430e-01 3.036791256816389617e-01 2.334088723989677372e-01 1.382303581049491581e-01 3.893183614596138625e-02 -4.616288183151051605e-02 -8.040224279528604412e-02 -5.114062927485963500e-02 3.166602827238922807e-02
3.022449934233386454e-02 1.393838289759366800e-01 2.334088723989677372e-01 2.838696733386278925e-01 2.306982392698031514e-01 1.409304507478489343e-01 3.895862370928198509e-02 -5.029454893360411211e-02 -8.359211716837985917e-02 -5.447724208585995320e-02
-5.303009651930282869e-02 3.336460933851614907e-02 1.382303581049491581e-01 2.306982392698031514e-01 2.917220908640117405e-01 2.356458181896777526e-01 1.408896995614015157e-01 2.930053373072147999e-02 -5.855362861621393050e-02 -8.726759944993539575e-02
-8.232229319764619579e-02 -4.897156643725747438e-02 3.893183614596138625e-02 1.409304507478489343e-01 2.356458181896777526e-01 2.960053746010975484e-01 2.387933213129874721e-01 1.350821086377678726e-01 2.325243780908878982e-02 -5.836291668316028608e-02
-5.224984025996259884e-02 -8.157407058125305810e-02 -4.616288183151051605e-02 3.895862370928198509e-02 1.408896995614015157e-01 2.387933213129874721e-01 3.097747546004261388e-01 2.429081992310237470e-01 1.364476211141858741e-01 2.850476191569450979e-02
3.457904452714508081e-02 -5.077049890529457959e-02 -8.040224279528604412e-02 -5.029454893360411211e-02 2.930053373072147999e-02 1.350821086377678726e-01 2.429081992310237470e-01 3.147931442808411528e-01 2.427137484896907671e-01 1.405998619657442827e-01
1.369399350959910056e-01 3.433449003654968912e-02 -5.114062927485963500e-02 -8.359211716837985917e-02 -5.855362861621393050e-02 2.325243780908878982e-02 1.364476211141858741e-01 2.427137484896907671e-01 3.017787543265908479e-01 2.359323733968108627e-01
2.295684539250023026e-01 1.389766246289558804e-01 3.166602827238922807e-02 -5.447724208585995320e-02 -8.726759944993539575e-02 -5.836291668316028608e-02 2.850476191569450979e-02 1.405998619657442827e-01 2.359323733968108627e-01 2.913063274313911766e-01
3.064684957712230373e-01 2.417776309600458973e-01 1.356906898277560058e-01 2.962070736115402642e-02 -5.268281725333107124e-02 -8.008993713856138452e-02 -5.357684105218401410e-02 3.046089347149168181e-02 1.378442966469026754e-01 2.413592316547148731e-01
2.417776309600458973e-01 3.055640850639816941e-01 2.332285332042093318e-01 1.373913981575416443e-01 3.378971895990915547e-02 -5.014641053826439376e-02 -8.545701596013684231e-02 -5.346151032418496041e-02 3.253450974171127191e-02 1.422628168866362230e-01
1.356906898277560058e-01 2.332285332042093318e-01 2.862668429464407804e-01 2.362748459352962682e-01 1.419843653831926455e-01 3.488758821026111123e-02 -5.204618582386943970e-02 -8.111040113632145276e-02 -5.171596661565672215e-02 3.131306613606979483e-02
2.962070736115402642e-02 1.373913981575416443e-01 2.362748459352962682e-01 3.080082333745656764e-01 2.436924878133170380e-01 1.381468154496973133e-01 3.199772964169744771e-02 -5.186499474031729118e-02 -8.382025416478888769e-02 -5.516365953232642977e-02
-5.268281725333107124e-02 3.378971895990915547e-02 1.419843653831926455e-01 2.436924878133170380e-01 3.064367685743498715e-01 2.315997946371646243e-01 1.377922679458494781e-01 3.189358394117103312e-02 -5.280306254477563910e-02 -8.437927039130745099e-02
-8.008993713856138452e-02 -5.014641053826439376e-02 3.488758821026111123e-02 1.381468154496973133e-01 2.315997946371646243e-01 2.779870118125676859e-01 2.353916134954127104e-01 1.379421768234951329e-01 3.451060823692272961e-02 -4.983385191091924127e-02
-5.357684105218401410e-02 -8.545701596013684231e-02 -5.204618582386943970e-02 3.199772964169744771e-02 1.377922679458494781e-01 2.353916134954127104e-01 3.184871881275018191e-01 2.438366794830126305e-01 1.427351539185995333e-01 3.314027737132629187e-02
3.046089347149168181e-02 -5.346151032418496041e-02 -8.111040113632145276e-02 -5.186499474031729118e-02 3.189358394117103312e-02 1.379421768234951329e-01 2.438366794830126305e-01 2.966933521482910674e-01 2.340705493450879471e-01 1.354462763733869923e-01
1.378442966469026754e-01 3.253450974171127191e-02 -5.171596661565672215e-02 -8.382025416478888769e-02 -5.280306254477563910e-02 3.451060823692272961e-02 1.427351539185995333e-01 2.340705493450879471e-01 2.918567784239070040e-01 2.343070656266133533e-01
2.413592316547148731e-01 1.422628168866362230e-01 3.131306613606979483e-02 -5.516365953232642977e-02 -8.437927039130745099e-02 -4.983385191091924127e-02 3.314027737132629187e-02 1.354462763733869923e-01 2.343070656266133533e-01 3.022312437571702537e-01
2.890584886258091846e-01 2.361379776364477268e-01 1.384395821500532531e-01 3.059229231854594666e-02 -5.526991144512409526e-02 -8.400279175329711245e-02 -5.672649386192585297e-02 2.743441043944054580e-02 1.365408240288867314e-01 2.343728957110374767e-01
2.361379776364477268e-01 3.033974219549081530e-01 2.379679542048487029e-01 1.373047677378069209e-01 2.732847451851429590e-02 -5.542897167943875575e-02 -8.611998207547187645e-02 -5.479179096624283568e-02 3.315743553123018383e-02 1.408339669566615604e-01
1.384395821500532531e-01 2.379679542048487029e-01 2.993089042247182863e-01 2.400638522521571783e-01 1.381061521295275374e-01 3.140120292862215445e-02 -5.080293947906799890e-02 -8.064349887821987972e-02 -4.957426361330834891e-02 3.577110602294577418e-02
3.059229231854594666e-02 1.373047677378069209e-01 2.400638522521571783e-01 3.121467545174337888e-01 2.431188943279528059e-01 1.399706117817674789e-01 3.765957875182734949e-02 -4.671429455239126116e-02 -8.075028502308184697e-02 -5.201286301223602415e-02
-5.526991144512409526e-02 2.732847451851429590e-02 1.381061521295275374e-01 2.431188943279528059e-01 3.040813615661132063e-01 2.327880252436032305e-01 1.402350273703274197e-01 3.816248036324536297e-02 -4.963899632161605791e-02 -8.387734966235445289e-02
-8.400279175329711245e-02 -5.542897167943875575e-02 3.140120292862215445e-02 1.399706117817674789e-01 2.327880252436032305e-01 2.779559388815052712e-01 2.289687077877765875e-01 1.382419730416598047e-01 3.371543019767608840e-02 -5.328913413192043480e-02
-5.672649386192585297e-02 -8.611998207547187645e-02 -5.080293947906799890e-02 3.765957875182734949e-02 1.402350273703274197e-01 2.289687077877765875e-01 2.936844522964294213e-01 2.384574439888739184e-01 1.401052354694793389e-01 2.827522289120466131e-02
2.743441043944054580e-02 -5.479179096624283568e-02 -8.064349887821987972e-02 -4.671429455239126116e-02 3.816248036324536297e-02 1.382419730416598047e-01 2.384574439888739184e-01 3.072241089796367564e-01 2.435907984291406092e-01 1.373281111753602568e-01
1.365408240288867314e-01 3.315743553123018383e-02 -4.957426361330834891e-02 -8.075028502308184697e-02 -4.963899632161605791e-02 3.371543019767608840e-02 1.401052354694793389e-01 2.435907984291406092e-01 3.124897915443891616e-01 2.403828534433021247e-01
2.343728957110374767e-01 1.408339669566615604e-01 3.577110602294577418e-02 -5.201286301223602415e-02 -8.387734966235445289e-02 -5.328913413192043480e-02 2.827522289120466131e-02 1.373281111753602568e-01 2.403828534433021247e-01 3.006527774090592131e-01
3.005505275975799417e-01 2.389868040129168314e-01 1.366244892748276207e-01 2.968266481341260907e-02 -5.195466750847597959e-02 -8.376012359803024221e-02 -5.658963367346807327e-02 3.144349181610211347e-02 1.400086508117776019e-01 2.366911927546945515e-01
2.389868040129168314e-01 3.049138925202394823e-01 2.388758967897876284e-01 1.399800412082740086e-01 3.624975971949122994e-02 -4.657583986432623641e-02 -8.139040250094595197e-02 -5.077898061905206095e-02 3.533573217296055030e-02 1.397805004625385927e-01
1.366244892748276207e-01 2.388758967897876284e-01 3.014981106374380326e-01 2.394264488298787352e-01 1.415278828830941471e-01 4.149388111125505013e-02 -4.488304799523205879e-02 -7.968511052970428388e-02 -5.160043745488279016e-02 3.074952118392264983e-02
2.968266481341260907e-02 1.399800412082740086e-01 2.394264488298787352e-01 2.993262148512831899e-01 2.319499835170549251e-01 1.402835042389503628e-01 3.864981208511540645e-02 -5.042331301125826948e-02 -8.496564139366954982e-02 -5.515956980607528148e-02
-5.195466750847597959e-02 3.624975971949122994e-02 1.415278828830941471e-01 2.319499835170549251e-01 2.774389402536622806e-01 2.269532866700657570e-01 1.384039084028563238e-01 3.073078278583537409e-02 -5.698767332527615581e-02 -8.523651343465453445e-02
-8.376012359803024221e-02 -4.657583986432623641e-02 4.149388111125505013e-02 1.402835042389503628e-01 2.269532866700657570e-01 2.878859389526590151e-01 2.402942450368024951e-01 1.380446732932780474e-01 2.427185639848965931e-02 -5.887742351590505990e-02
-5.658963367346807327e-02 -8.139040250094595197e-02 -4.488304799523205879e-02 3.864981208511540645e-02 1.384039084028563238e-01 2.402942450368024951e-01 3.217958180566747872e-01 2.475147089621666519e-01 1.366707920724621328e-01 2.449470334851455711e-02
3.144349181610211347e-02 -5.077898061905206095e-02 -7.968511052970428388e-02 -5.042331301125826948e-02 3.073078278583537409e-02 1.380446732932780474e-01 2.475147089621666519e-01 3.132104133789782030e-01 2.397070941348223849e-01 1.351531179416147754e-01
1.400086508117776019e-01 3.533573217296055030e-02 -5.160043745488279016e-02 -8.496564139366954982e-02 -5.698767332527615581e-02 2.427185639848965931e-02 1.366707920724621328e-01 2.397070941348223849e-01 3.001421490957901228e-01 2.350218510268448080e-01
2.366911927546945515e-01 1.397805004625385927e-01 3.074952118392264983e-02 -5.515956980607528148e-02 -8.523651343465453445e-02 -5.887742351590505990e-02 2.449470334851455711e-02 1.351531179416147754e-01 2.350218510268448080e-01 2.932379946557028827e-01
3.111860400840056329e-01 2.410466118326715368e-01 1.385276857725358524e-01 2.539561537322959986e-02 -5.765162685522816355e-02 -8.693933089428332317e-02 -5.486069489245930242e-02 3.040925272509835409e-02 1.376845835968248111e-01 2.373161265126179920e-01
2.410466118326715368e-01 3.008110284206666485e-01 2.412410908348162353e-01 1.351788756284214577e-01 3.063947934692917013e-02 -4.946418704778052233e-02 -7.880702132987826847e-02 -5.269880274983440582e-02 3.202225893013231628e-02 1.376635386158478469e-01
1.385276857725358524e-01 2.412410908348162353e-01 3.160169718455890231e-01 2.404415514493896400e-01 1.410782557997535824e-01 4.053884092517872489e-02 -4.377734674684608668e-02 -8.250271778777656939e-02 -5.432452216855820915e-02 2.891899186473409142e-02
2.539561537322959986e-02 1.351788756284214577e-01 2.404415514493896400e-01 2.945292058655576417e-01 2.326163846754322473e-01 1.423415752983198390e-01 4.142730946979014672e-02 -4.712477425419445837e-02 -8.173765854833688060e-02 -5.577948424063345484e-02
-5.765162685522816355e-02 3.063947934692917013e-02 1.410782557997535824e-01 2.326163846754322473e-01 2.832936401362695644e-01 2.307771230531740492e-01 1.380844043984911229e-01 3.595829385735760386e-02 -5.107109648687341297e-02 -8.475880484440188878e-02
-8.693933089428332317e-02 -4.946418704778052233e-02 4.053884092517872489e-02 1.423415752983198390e-01 2.307771230531740492e-01 2.906166202828782685e-01 2.321543928800443857e-01 1.405467814529309523e-01 2.998768999597581364e-02 -5.660105487444584693e-02
-5.486069489245930242e-02 -7.880702132987826847e-02 -4.377734674684608668e-02 4.142730946979014672e-02 1.380844043984911229e-01 2.321543928800443857e-01 2.907878173272208100e-01 2.426940566378919528e-01 1.374081225305501530e-01 2.786185487612350201e-02
3.040925272509835409e-02 -5.269880274983440582e-02 -8.250271778777656939e-02 -4.712477425419445837e-02 3.595829385735760386e-02 1.405467814529309523e-01 2.426940566378919528e-01 3.263984014559065949e-01 2.441592590549147845e-01 1.375630847205085439e-01
1.376845835968248111e-01 3.202225893013231628e-02 -5.432452216855820915e-02 -8.173765854833688060e-02 -5.107109648687341297e-02 2.998768999597581364e-02 1.374081225305501530e-01 2.441592590549147845e-01 2.974200702328897439e-01 2.323937344938603600e-01
2.373161265126179920e-01 1.376635386158478469e-01 2.891899186473409142e-02 -5.577948424063345484e-02 -8.475880484440188878e-02 -5.660105487444584693e-02 2.786185487612350201e-02 1.375630847205085439e-01 2.323937344938603600e-01 2.889402043490167937e-01
3.312240747104028271e-01 2.472909084063766028e-01 1.378855524807220956e-01 2.929768677713945335e-02 -5.250312501166085749e-02 -8.304558372925895104e-02 -5.533078930156647840e-02 2.682163414496530410e-02 1.358488698481963575e-01 2.435691038115115614e-01
2.472909084063766028e-01 2.996772234932796319e-01 2.311734757239989613e-01 1.353496418229624965e-01 3.634387349972718895e-02 -4.618272309569194239e-02 -8.111915747842429747e-02 -5.618344728177991632e-02 2.759926209996332175e-02 1.392966463115875020e-01
1.378855524807220956e-01 2.311734757239989613e-01 2.857045517301053938e-01 2.336517344639877924e-01 1.431092859137952644e-01 4.137454311571805987e-02 -4.629318265786758202e-02 -8.329692421201395636e-02 -5.627590251355324424e-02 2.846142373544894438e-02
2.929768677713945335e-02 1.353496418229624965e-01 2.336517344639877924e-01 3.003355827186801053e-01 2.400192392899368476e-01 1.429152684087572345e-01 3.602352048502273363e-02 -5.193489533143720582e-02 -8.467297534580685292e-02 -5.500841180429359711e-02
-5.250312501166085749e-02 3.634387349972718895e-02 1.431092859137952644e-01 2.400192392899368476e-01 2.968141612771368898e-01 2.329413838804244019e-01 1.358600707120501683e-01 3.172097846461316428e-02 -5.197790308724437036e-02 -8.230870169709449125e-02
-8.304558372925895104e-02 -4.618272309569194239e-02 4.137454311571805987e-02 1.429152684087572345e-01 2.329413838804244019e-01 2.874584024521753545e-01 2.327599179445219157e-01 1.392694274989830783e-01 3.406306133076966031e-02 -5.113987473002645778e-02
-5.533078930156647840e-02 -8.111915747842429747e-02 -4.629318265786758202e-02 3.602352048502273363e-02 1.358600707120501683e-01 2.327599179445219157e-01 3.007988745941780340e-01 2.436886968995383151e-01 1.424402707040685612e-01 3.205481147113702078e-02
2.682163414496530410e-02 -5.618344728177991632e-02 -8.329692421201395636e-02 -5.193489533143720582e-02 3.172097846461316428e-02 1.392694274989830783e-01 2.436886968995383151e-01 3.132197134971642649e-01 2.400543770342648264e-01 1.348154640799631709e-01
1.358488698481963575e-01 2.759926209996332175e-02 -5.627590251355324424e-02 -8.467297534580685292e-02 -5.197790308724437036e-02 3.406306133076966031e-02 1.424402707040685612e-01 2.400543770342648264e-01 2.939222016662279557e-01 2.302179862267855759e-01
2.435691038115115614e-01 1.392966463115875020e-01 2.846142373544894438e-02 -5.500841180429359711e-02 -8.230870169709449125e-02 -5.113987473002645778e-02 3.205481147113702078e-02 1.348154640799631709e-01 2.302179862267855759e-01 2.908452138606477666e-01
3.367798182891361680e-01 2.440997768571677717e-01 1.302503136471560852e-01 2.263386632821680344e-02 -5.509119384336656766e-02 -8.277460040438017197e-02 -5.206429506533395701e-02 2.958144046067669869e-02 1.383352594865765728e-01 2.524203839015922712e-01
2.440997768571677717e-01 2.916733501081888447e-01 2.276282116829665692e-01 1.366672000958559785e-01 3.345261393382067960e-02 -5.001668865861558233e-02 -8.163253511596973988e-02 -5.467796567799259461e-02 2.881286379198725114e-02 1.409220190960193964e-01
1.302503136471560852e-01 2.276282116829665692e-01 2.896523871135864292e-01 2.450327445669223669e-01 1.425736907776661566e-01 3.602239302603954529e-02 -5.000974991389244007e-02 -8.344567500041805141e-02 -5.663377768822305119e-02 2.364555192941991679e-02
2.263386632821680344e-02 1.366672000958559785e-01 2.450327445669223669e-01 3.310790424108283614e-01 2.422562025883699399e-01 1.392251086470095156e-01 3.163775298083541798e-02 -5.198934788715339067e-02 -8.434971118820597247e-02 -6.062936556052581777e-02
-5.509119384336656766e-02 3.345261393382067960e-02 1.425736907776661566e-01 2.422562025883699399e-01 2.796014005591545559e-01 2.250296432948543091e-01 1.332352831467656928e-01 3.779973623701528285e-02 -4.354872814245611817e-02 -8.043610750445659430e-02
-8.277460040438017197e-02 -5.001668865861558233e-02 3.602239302603954529e-02 1.392251086470095156e-01 2.250296432948543091e-01 2.882216636030878743e-01 2.363328528264631023e-01 1.476087752479569581e-01 4.336468134453108636e-02 -4.578085178155680279e-02
-5.206429506533395701e-02 -8.163253511596973988e-02 -5.000974991389244007e-02 3.163775298083541798e-02 1.332352831467656928e-01 2.363328528264631023e-01 3.035965372304729737e-01 2.437019282048097646e-01 1.418804737202213062e-01 3.599513052439147487e-02
2.958144046067669869e-02 -5.467796567799259461e-02 -8.344567500041805141e-02 -5.198934788715339067e-02 3.779973623701528285e-02 1.476087752479569581e-01 2.437019282048097646e-01 3.009562650386141680e-01 2.278071964753976553e-01 1.335002479150714516e-01
1.383352594865765728e-01 2.881286379198725114e-02 -5.663377768822305119e-02 -8.434971118820597247e-02 -4.354872814245611817e-02 4.336468134453108636e-02 1.418804737202213062e-01 2.278071964753976553e-01 2.712178118109184188e-01 2.284288035783940130e-01
2.524203839015922712e-01 1.409220190960193964e-01 2.364555192941991679e-02 -6.062936556052581777e-02 -8.043610750445659430e-02 -4.578085178155680279e-02 3.599513052439147487e-02 1.335002479150714516e-01 2.284288035783940130e-01 3.072217238360102076e-01
3.070900544061161974e-01 2.389699709978032605e-01 1.403690628574568722e-01 3.399681228517657805e-02 -5.313038470309994210e-02 -8.390875140638501262e-02 -5.214070770319553794e-02 3.044288951224439349e-02 1.371108609646406462e-01 2.394472742378231378e-01
2.389699709978032605e-01 2.927787303821580145e-01 2.322903247820221062e-01 1.365669783577009855e-01 2.971187453931610836e-02 -5.548549593619352127e-02 -8.362721477292306416e-02 -5.399871926281214762e-02 3.190566904481673127e-02 1.405030206008544558e-01
1.403690628574568722e-01 2.322903247820221062e-01 2.909307097913628182e-01 2.367141394863628845e-01 1.379770235446917126e-01 2.825269644218979248e-02 -5.536086071276686421e-02 -8.488001460084168559e-02 -5.112977878114427499e-02 3.589293114777160343e-02
3.399681228517657805e-02 1.365669783577009855e-01 2.367141394863628845e-01 3.095630379410467259e-01 2.450834246058506971e-01 1.395421619191728468e-01 2.883168579856704855e-02 -5.457784477349016117e-02 -8.191024008054154093e-02 -4.965145241680053029e-02
-5.313038470309994210e-02 2.971187453931610836e-02 1.379770235446917126e-01 2.450834246058506971e-01 3.141249802953001158e-01 2.411350718159055162e-01 1.359672423840569688e-01 3.272246412311254071e-02 -4.946947762421254752e-02 -8.104511271005455930e-02
-8.390875140638501262e-02 -5.548549593619352127e-02 2.825269644218979248e-02 1.395421619191728468e-01 2.411350718159055162e-01 2.991584597308794002e-01 2.317938496384404079e-01 1.398205805029526794e-01 3.726230536464616300e-02 -4.918004763550259950e-02
-5.214070770319553794e-02 -8.362721477292306416e-02 -5.536086071276686421e-02 2.883168579856704855e-02 1.359672423840569688e-01 2.317938496384404079e-01 2.847257071838587006e-01 2.356327512624279696e-01 1.408178711219452983e-01 3.494511800066125995e-02
3.044288951224439349e-02 -5.399871926281214762e-02 -8.488001460084168559e-02 -5.457784477349016117e-02 3.272246412311254071e-02 1.398205805029526794e-01 2.356327512624279696e-01 3.052334521846737925e-01 2.396349228972853573e-01 1.390618968047789283e-01
1.371108609646406462e-01 3.190566904481673127e-02 -5.112977878114427499e-02 -8.191024008054154093e-02 -4.946947762421254752e-02 3.726230536464616300e-02 1.408178711219452983e-01 2.396349228972853573e-01 2.977622633262393403e-01 2.356179238507785934e-01
2.394472742378231378e-01 1.405030206008544558e-01 3.589293114777160343e-02 -4.965145241680053029e-02 -8.104511271005455930e-02 -4.918004763550259950e-02 3.494511800066125995e-02 1.390618968047789283e-01 2.356179238507785934e-01 2.986326047583672816e-01
3.063185716050139673e-01 2.434174084605872923e-01 1.357771777874917096e-01 2.377863607350946124e-02 -5.732590636339739143e-02 -8.384475872894961435e-02 -5.016635921277075999e-02 3.630602969432702998e-02 1.396920081425832572e-01 2.356869927517056817e-01
2.434174084605872923e-01 3.136949755924718364e-01 2.405267200334550992e-01 1.365929342922162781e-01 2.863400669396037532e-02 -5.298346236751494409e-02 -8.155345379513197213e-02 -4.879935477917787812e-02 3.529937238725518178e-02 1.397555445288590492e-01
1.357771777874917096e-01 2.405267200334550992e-01 3.025831358951412975e-01 2.407111981435371417e-01 1.386306334769085713e-01 3.565645772762637139e-02 -4.861457059331013297e-02 -8.049826915380918491e-02 -5.290320668793077608e-02 2.818513170441908425e-02
2.377863607350946124e-02 1.365929342922162781e-01 2.407111981435371417e-01 3.092593175763507229e-01 2.369907212487918358e-01 1.407731942572363892e-01 3.579218302798521656e-02 -5.121345165575016956e-02 -8.539974230389600629e-02 -5.846725459027005134e-02
-5.732590636339739143e-02 2.863400669396037532e-02 1.386306334769085713e-01 2.369907212487918358e-01 2.860016725681956418e-01 2.311083036148867120e-01 1.375388621507977194e-01 3.278254967781080859e-02 -5.236911099489283822e-02 -8.398447977261719322e-02
-8.384475872894961435e-02 -5.298346236751494409e-02 3.565645772762637139e-02 1.407731942572363892e-01 2.311083036148867120e-01 2.927515557416280334e-01 2.376989356400816267e-01 1.397602272433466353e-01 3.278209595042677615e-02 -5.120568547474105281e-02
-5.016635921277075999e-02 -8.155345379513197213e-02 -4.861457059331013297e-02 3.579218302798521656e-02 1.375388621507977194e-01 2.376989356400816267e-01 3.078452181317676839e-01 2.423349688501124921e-01 1.408342096746030281e-01 3.445334580281158438e-02
3.630602969432702998e-02 -4.879935477917787812e-02 -8.049826915380918491e-02 -5.121345165575016956e-02 3.278254967781080859e-02 1.397602272433466353e-01 2.423349688501124921e-01 3.040798293750155423e-01 2.369321022253412234e-01 1.379469753404236609e-01
1.396920081425832572e-01 3.529937238725518178e-02 -5.290320668793077608e-02 -8.539974230389600629e-02 -5.236911099489283822e-02 3.278209595042677615e-02 1.408342096746030281e-01 2.369321022253412234e-01 2.922673354109893706e-01 2.305999812172581653e-01
2.356869927517056817e-01 1.397555445288590492e-01 2.818513170441908425e-02 -5.846725459027005134e-02 -8.398447977261719322e-02 -5.120568547474105281e-02 3.445334580281158438e-02 1.379469753404236609e-01 2.305999812172581653e-01 2.851983881034265700e-01
3.100981571287889649e-01 2.368364329485876940e-01 1.421405070860785047e-01 4.213837636594081754e-02 -4.423542044713271726e-02 -8.207229116621617138e-02 -4.987164578067505155e-02 3.209731925186485452e-02 1.373319742423430578e-01 2.429046387119577766e-01
2.368364329485876940e-01 2.855607733302820694e-01 2.313500197462244612e-01 1.406632697532155807e-01 4.007165285394315157e-02 -4.888419294473475563e-02 -8.014185583462177243e-02 -5.485691729444935882e-02 2.886224551908836769e-02 1.380144507987056401e-01
1.421405070860785047e-01 2.313500197462244612e-01 2.882837804535112736e-01 2.306551841291862859e-01 1.384101203598377405e-01 3.152112696298460526e-02 -5.603114185227604793e-02 -8.919610411019464336e-02 -5.392933872111300986e-02 3.475866750745429390e-02
4.213837636594081754e-02 1.406632697532155807e-01 2.306551841291862859e-01 2.862067521579554352e-01 2.345906548164580219e-01 1.387032554915020310e-01 2.352392379205100678e-02 -6.166829782384815328e-02 -8.315091437988836320e-02 -4.619796948123029018e-02
-4.423542044713271726e-02 4.007165285394315157e-02 1.384101203598377405e-01 2.345906548164580219e-01 3.051980650046626775e-01 2.489019308432693367e-01 1.338667957993089075e-01 2.405881300573387005e-02 -5.441072783104653615e-02 -7.980066371162565508e-02
-8.207229116621617138e-02 -4.888419294473475563e-02 3.152112696298460526e-02 1.387032554915020310e-01 2.489019308432693367e-01 3.369557400292617633e-01 2.417266519557586535e-01 1.386769052894117338e-01 3.067296050415632691e-02 -5.289134639157332118e-02
-4.987164578067505155e-02 -8.014185583462177243e-02 -5.603114185227604793e-02 2.352392379205100678e-02 1.338667957993089075e-01 2.417266519557586535e-01 2.843098662214470496e-01 2.333313482694428231e-01 1.351642627591861934e-01 3.478017271464091398e-02
3.209731925186485452e-02 -5.485691729444935882e-02 -8.919610411019464336e-02 -6.166829782384815328e-02 2.405881300573387005e-02 1.386769052894117338e-01 2.333313482694428231e-01 3.053700934526253907e-01 2.360157780355146284e-01 1.417168916118211330e-01
1.373319742423430578e-01 2.886224551908836769e-02 -5.392933872111300986e-02 -8.315091437988836320e-02 -5.441072783104653615e-02 3.067296050415632691e-02 1.351642627591861934e-01 2.360157780355146284e-01 2.885930945461261388e-01 2.372117497555487342e-01
2.429046387119577766e-01 1.380144507987056401e-01 3.475866750745429390e-02 -4.619796948123029018e-02 -7.980066371162565508e-02 -5.289134639157332118e-02 3.478017271464091398e-02 1.417168916118211330e-01 2.372117497555487342e-01 3.094236776753392926e-01
3.016139484046029273e-01 2.398501815135265502e-01 1.378100145835908785e-01 3.337906503235775479e-02 -5.048955974178456763e-02 -8.071315744140968029e-02 -4.655863160079531937e-02 3.796853697971918490e-02 1.406866873278714569e-01 2.378644642246560137e-01
2.398501815135265502e-01 3.077573471627295665e-01 2.378813245883378835e-01 1.410341653889489177e-01 3.322140535357702429e-02 -5.454231464255938217e-02 -8.352650325641435003e-02 -4.997069204033439266e-02 3.203289508677503034e-02 1.379098350328712419e-01
1.378100145835908785e-01 2.378813245883378835e-01 2.913733778095347615e-01 2.353503718365055064e-01 1.360977397868838312e-01 2.793201563491023304e-02 -5.677399403368071223e-02 -8.328894597625438601e-02 -5.408728534174567920e-02 2.982635901410507148e-02
3.337906503235775479e-02 1.410341653889489177e-01 2.353503718365055064e-01 3.011988717072722199e-01 2.375062385265320486e-01 1.370667890227431351e-01 2.555845087081188433e-02 -5.718081313607410732e-02 -8.630197156057597963e-02 -5.375535850478727062e-02
-5.048955974178456763e-02 3.322140535357702429e-02 1.360977397868838312e-01 2.375062385265320486e-01 3.027731000796190508e-01 2.434171851734001357e-01 1.379079286661248904e-01 2.853656454732583780e-02 -5.338232173762567229e-02 -8.134264261789596329e-02
-8.071315744140968029e-02 -5.454231464255938217e-02 2.793201563491023304e-02 1.370667890227431351e-01 2.434171851734001357e-01 3.192984388526129980e-01 2.441110781447582700e-01 1.380411256150339827e-01 3.518264112522789810e-02 -4.716656679321824808e-02
-4.655863160079531937e-02 -8.352650325641435003e-02 -5.677399403368071223e-02 2.555845087081188433e-02 1.379079286661248904e-01 2.441110781447582700e-01 3.026759516484168189e-01 2.317686481363728790e-01 1.399041383430652541e-01 3.995142421808438316e-02
3.796853697971918490e-02 -4.997069204033439266e-02 -8.328894597625438601e-02 -5.718081313607410732e-02 2.853656454732583780e-02 1.380411256150339827e-01 2.317686481363728790e-01 2.789396337185189867e-01 2.306102383026687186e-01 1.406712695416863501e-01
