9.421882824452069982e-02 1.006730782261688190e-01 1.713282620605152684e-01 4.035482471410298255e-02 2.438583481552236351e-02 1.024588764771576510e-01 2.563623561588824207e-01 1.169504401168945662e-01 3.420810509552889983e-02 5.905939409070658230e-02
7.321382232096015907e-02 1.420331999626795461e-01 1.153554221771997401e-01 1.245554273149202806e-01 1.944088477657950620e-01 9.090241793750865329e-02 8.819105493212514579e-02 9.931984661309797846e-02 3.013506785837839763e-02 4.188489311733516185e-02
1.233225214478932408e-01 7.140557387893577135e-02 8.698933871488304104e-02 9.337851754325429687e-02 8.147318578737093586e-02 9.239724141391988943e-02 1.224163382117540722e-01 1.111584581729780363e-01 9.878421196773640167e-02 1.186746128612746892e-01
6.637838856872138593e-02 3.120811631790766372e-01 1.491881505584885803e-01 1.114796424521932727e-01 1.183995810993638542e-01 8.768093371024579530e-02 5.863076595983385264e-02 5.009118194167833799e-02 2.112565302745140344e-02 2.494453950294692537e-02
2.287854962666671654e-01 6.076050060981533912e-02 1.596348193948728816e-02 1.922484971144898525e-02 3.789196411076443949e-02 2.703957794125071146e-02 3.995499975067025311e-02 9.972063162622199495e-02 1.231235376889322358e-01 3.475349603547419619e-01
2.513608264218460953e-01 1.267187617388207399e-01 1.373333252059792953e-01 1.109848624911024956e-01 7.719866068738749643e-02 6.368290646048230252e-02 3.096178756621301847e-02 4.846392937029857240e-02 4.367917804079751026e-02 1.096157620170724600e-01
1.290134068686311364e-01 1.808585632974666624e-01 1.819242984999888402e-01 1.911997595220466251e-01 1.286965233424410548e-01 8.452507887714041934e-02 2.435439020603170912e-02 2.331511494764190034e-02 2.155289631644233955e-02 3.455996812216938219e-02
6.202544563843294390e-02 1.982509998086847552e-02 1.158589858201807682e-02 2.326670630566725351e-02 3.686693570423400790e-02 7.964779301296782965e-02 2.250450528118418392e-01 1.349544540947983651e-01 2.051719163444663541e-01 2.016106975247047850e-01
1.441272849227842046e-01 4.664888863597572988e-02 1.750789412394566230e-02 1.656231133257669505e-02 1.499748979618823440e-02 5.152129345534321031e-02 1.265475296796249594e-01 1.838889188664320773e-01 3.053958654168899001e-01 9.280252377023959220e-02
1.062779883881757592e-01 6.097966981006259363e-02 5.427495344097919838e-02 1.312087540378258643e-01 9.181201444932099442e-02 5.261185983774500918e-02 6.809559903312736862e-02 8.238974059157688767e-02 1.966184686285121774e-01 1.557309517826741541e-01
1.550695750960236485e-01 7.549246563148248601e-02 5.221650701838521230e-02 3.339423046717519827e-02 3.980492933432661778e-02 1.207276938952789036e-01 1.481397837004267415e-01 9.462880128484837949e-02 5.409141866646095809e-02 2.264345949055919238e-01
4.325070155004989009e-02 7.180432169731078285e-02 1.334303095970593989e-01 2.218237348878876192e-01 1.159224406112376593e-01 1.289146536191133618e-01 8.637962438503635210e-02 7.382769151359593052e-02 6.211226750052584178e-02 6.253425463818329533e-02
3.559292428622632537e-02 5.256605289537359671e-02 1.287808600722668562e-01 1.743443427762787490e-01 1.908736467353305266e-01 1.001692112299424064e-01 9.991083017076288209e-02 7.963389176424168214e-02 8.018805242791349208e-02 5.794018764166365687e-02
1.202413825470345782e-01 9.922209095657372191e-02 1.229202970329247857e-01 2.533447742181863527e-01 1.098628802005088417e-01 3.538462060641733853e-02 8.286607385719932384e-02 1.000029555960122024e-01 3.409081208073043434e-02 4.206411290441268436e-02
7.729675921582000730e-02 8.317543668717311545e-02 1.409167422136266556e-01 1.764860366174665629e-01 9.007308401471506021e-02 1.220739218806403958e-01 5.859259708313642456e-02 4.223214234425505531e-02 7.583369179179209885e-02 1.333195881513747350e-01
1.363697715790818110e-02 1.613783049486212928e-02 7.643293733839232051e-02 8.274653043664390029e-02 1.688831638838484694e-01 1.904163420927394990e-01 1.872714739191927991e-01 1.116999352934995721e-01 9.581030068745069461e-02 5.696450869546260121e-02
9.786791868905395098e-03 4.091760205780563438e-03 1.881150383587333825e-03 4.661217876663336160e-03 1.797725698673232481e-02 9.187616182627769690e-02 4.266273305484137857e-01 3.725030187510994795e-01 4.357298372673736042e-02 2.702232782580270276e-02
3.879528592320376224e-02 1.938118960617041253e-02 3.183545650320580150e-02 4.289903179982042236e-02 5.938943170279273320e-02 1.328292995345324856e-01 1.781091801656983775e-01 2.807319904084553119e-01 1.216530312812540704e-01 9.437610307486660188e-02
9.211258294906179978e-02 1.014643808568548577e-01 1.170798258088010801e-01 1.174705806359154503e-01 1.105928880818767418e-01 1.727364021154921547e-01 9.691105519433269866e-02 6.370708634156052597e-02 6.026146124905359253e-02 6.766373676705127183e-02
1.188958697790669650e-01 1.548261493638821429e-01 1.141576091533276771e-01 1.055687207295709501e-01 4.575949277620931788e-02 4.568063645348989510e-02 3.714156622744876901e-02 6.404147848452493297e-02 1.324510214270928077e-01 1.814774556053868060e-01
1.777481089853908403e-01 1.062425338138815317e-01 1.167683792225718553e-01 1.360240272523697835e-01 9.415801199112341924e-02 9.124768577290455485e-02 8.574656942897133927e-02 5.953003000672853207e-02 3.751204219499246206e-02 9.502261133106588986e-02
5.498449041309112773e-02 2.332849119449250178e-02 2.607398086049905056e-02 2.828209622118461886e-02 9.253576275911981619e-02 1.219101962651458065e-01 1.326370422571028218e-01 9.343433926929739508e-02 2.233191847481081904e-01 2.034944160119589451e-01
1.149383444776750363e-01 7.181660829821698289e-02 1.360488311126296090e-01 6.131725924516714249e-02 8.489050378267244679e-02 1.407342221808984550e-01 1.380268959631592296e-01 1.315228351280467167e-01 5.097500863148968220e-02 6.972949118004501123e-02
7.801940285218325610e-02 1.319559239401168482e-01 6.660595821617162904e-02 8.526131979713469367e-02 1.532469714485324153e-01 1.363457506267429786e-01 1.769276223781706403e-01 7.786890057369981466e-02 6.518378113330691725e-02 2.858436903394069237e-02
1.500392145478599282e-01 2.996662194881183905e-01 1.121443078086945960e-01 1.193462439896917082e-01 1.485788714523812448e-01 3.571220317291183555e-02 1.467047416607903873e-02 2.199307693388795684e-02 5.258098505058596966e-02 4.526840338978951883e-02
6.130263080663663627e-02 5.773137865043106998e-02 5.897523251755291268e-02 9.605515421862112491e-02 9.856125189595407732e-02 1.963787416465415103e-01 1.579633523919608262e-01 1.118266452475935036e-01 9.239030331585160183e-02 6.881530930885698671e-02
1.806724750673478208e-01 1.825433559504966996e-01 7.404968294794231354e-02 3.959765773671935357e-02 1.801023397749271573e-02 3.199344288924430707e-02 3.291580073445436738e-02 7.614619378389558824e-02 2.452643447424273093e-01 1.188068121699797919e-01
1.834336805729598896e-01 2.345312627315493392e-01 9.835558259800686320e-02 3.454075548643255333e-02 1.497439367399733268e-02 2.254729670859959706e-02 6.449350578157393710e-02 2.065939044550529624e-01 6.273694204318402967e-02 7.779267594864362756e-02
2.461198124058250336e-01 3.554996798055542473e-01 1.853994512445599208e-01 4.678469045951522132e-02 1.625451932085576062e-02 1.055561914968463841e-02 1.749338446195008306e-02 2.226589138083289246e-02 2.484332817101601865e-02 7.478362360020622546e-02
2.398087264439493493e-01 1.178918072939680178e-01 2.722774632859350716e-02 1.612752243988557418e-02 1.404457726908399373e-02 1.408271165067970405e-02 9.997417159393538061e-03 5.227718290305499727e-02 7.522880459975860024e-02 4.333135039116327580e-01
4.328552764080693671e-01 2.143985211583380457e-01 5.876731615273167453e-02 1.042029514533989593e-02 9.877282795535451132e-03 1.175204555662044160e-02 3.340619838808771974e-02 2.419751338098852927e-02 5.803528435231358751e-02 1.462902666619753378e-01
6.397146139807363685e-02 3.757737826605123121e-02 5.228849594618446839e-02 6.344263276990369516e-02 9.761514390213416048e-02 3.949808132043886033e-01 1.575697209816203648e-01 5.099109581488259213e-02 4.570970106611235012e-02 3.585355665064925840e-02
7.773881661544777832e-02 7.653930486695234570e-02 4.551331509073395371e-02 1.044708011875407488e-01 1.688925874322598775e-01 1.963219642685862243e-01 1.001466988972401773e-01 7.158895077440574628e-02 9.499205640679836415e-02 6.379550446003504072e-02
3.223934037894551352e-01 1.603753569023016468e-01 1.757540071436666240e-01 7.322520158207111718e-02 1.899747127927407450e-02 4.107321750072602702e-03 5.371297127321787365e-03 9.791161062632589701e-03 6.162014017675178368e-02 1.683646391864528913e-01
2.248162847056088195e-02 8.468193724949526352e-03 2.062996286839405280e-02 5.314852442410487182e-02 1.959757325783216819e-01 2.366529454247122688e-01 2.162921707181770514e-01 1.391676402249263922e-01 8.518337804635833788e-02 2.199982351949488629e-02
5.033434642225655120e-02 7.021917441943746618e-02 1.007344882495081473e-01 1.204387086290644726e-01 8.691983748265486032e-02 1.700474350202632878e-01 2.013980392929372865e-01 1.465981501350142602e-01 3.331689309285053302e-02 1.999292725601319390e-02
9.003849762565283021e-02 7.668420976583129045e-02 4.047210283543882514e-02 5.103746874123234883e-02 5.684372882154006129e-02 5.409562550268719183e-02 7.665861582491932669e-02 9.073888542651692424e-02 1.216069210379323307e-01 3.418239444182491482e-01
1.199653051188471486e-01 1.719100395725430830e-01 1.833949861455833608e-01 5.778247848217283461e-02 5.629846099548639626e-02 7.535823985871749342e-02 1.660242524866378799e-01 6.144215026585293782e-02 4.997264265051024057e-02 5.785144442364895112e-02
2.767479539694082946e-02 3.150738365028099564e-02 4.303937842654986801e-02 5.885179149202135473e-02 7.272368225846792544e-02 1.861976424559889098e-01 2.994764967526313826e-01 1.814486541821821453e-01 5.929640412002824823e-02 3.978377126490856980e-02
1.320194684189260684e-02 6.676255097044961340e-03 7.698665945590123932e-03 1.724727588975951895e-02 4.126825359626891399e-02 2.180772800948287404e-01 4.147489753108705157e-01 1.670400572073949264e-01 7.923832204792594092e-02 3.480296796842387297e-02
2.467945383270208626e-01 1.581698768147716261e-01 1.166231121736441001e-01 6.901632327327278382e-02 4.047417464119474478e-02 4.561834223378984088e-02 6.962151832083263159e-02 6.664279946147727562e-02 5.629272342680024382e-02 1.307465913271960711e-01
2.041819615066784999e-01 2.636776864543972088e-01 1.746024002518360430e-01 2.766545805009268041e-02 2.360222099365384685e-02 1.874869811609565506e-02 1.684718913228882772e-02 3.749117280338467445e-02 1.049244424637309214e-01 1.282587702278417396e-01
3.669977222545538903e-02 1.174629997001771509e-01 2.853628252897532080e-01 1.459985147665478489e-01 1.921583844041129252e-01 8.481266330081502214e-02 4.334341115869529831e-02 6.084814361184940484e-02 1.686015586258861679e-02 1.645312968000533713e-02
3.731951002900986414e-02 5.014609319214238109e-02 9.358653830926906558e-02 1.075938526633997971e-01 1.893608882811303740e-01 3.218431240044110631e-01 1.030119541060016963e-01 5.206585305577358935e-02 2.526945104387823618e-02 1.980273531498415868e-02
6.339623132181777809e-02 9.478429791897216572e-02 3.310243824456257644e-02 1.228756357744177803e-02 2.463979222342385297e-02 3.080933117619051587e-02 8.778466537364218447e-02 3.134810593439035786e-01 2.455633417074370439e-01 9.415127911260852411e-02
4.185370446951868773e-01 1.577406560726282436e-01 4.274314772375728544e-02 1.279501080568029928e-02 1.044299225299949278e-02 1.191111595176581883e-02 3.355773743295856204e-02 5.858841922375405964e-02 9.033286281712350763e-02 1.633510130241460079e-01
6.662348118989712409e-02 1.588508839445316456e-01 1.031243941106771006e-01 7.509110983305607168e-02 1.409991753397728809e-01 1.446370146075970919e-01 1.601324058569512099e-01 7.768833922407833437e-02 2.440026463231814019e-02 4.845293126112019955e-02
8.423997453694488657e-02 5.808293354034248235e-02 1.771591313082111069e-02 2.798852055645983938e-02 3.431352424876675522e-02 7.376462368623293298e-02 1.973770099976530912e-01 1.950606384547077798e-01 1.350758071759645129e-01 1.763810546721068517e-01
6.059707599683802209e-02 5.670211490654619019e-02 6.075502261228762219e-02 7.941130771514469389e-02 8.878952990182790994e-02 1.321557491531778206e-01 1.364892608946793873e-01 1.372055368571790390e-01 1.244302737205644771e-01 1.234641282417550112e-01
1.324780950615404573e-01 3.408128806876897787e-01 1.203421354661870363e-01 6.196252272895801799e-02 3.549432630134025102e-02 1.975477545695863979e-02 2.823222914730965510e-02 2.445058331896779458e-02 8.295518646342345259e-02 1.535172653676249721e-01
7.721775460095350874e-02 4.006960463667064848e-02 3.489206879222249424e-02 2.521639626222040367e-02 2.988659195869733040e-02 1.071061746401759940e-01 1.448999146903097446e-01 2.007043839534003449e-01 1.697790752362631495e-01 1.702280352290866106e-01
2.161572596631810006e-01 1.990211239317198344e-01 6.976286983079030279e-02 2.776913124952146150e-02 1.569442470569266598e-02 3.746080518889676608e-02 4.935107266027299183e-02 5.105926094561337447e-02 9.444658286939230929e-02 2.392774689549195533e-01
3.951250321304340674e-02 7.892896897240508913e-02 1.532219650161137370e-01 2.660200692850059334e-01 2.385767379170624647e-01 1.376537491942774749e-01 3.418066669333168217e-02 1.535036287987014830e-02 1.133302741704541455e-02 2.522194941184466646e-02
2.637205798038173565e-01 1.926531292560484387e-01 6.689884644344190612e-02 1.837278139511651712e-02 1.178109337276307331e-02 3.509587551869013111e-02 5.194492367507150266e-02 9.487312382858509308e-02 8.362911196510941503e-02 1.810305347413565524e-01
5.869448964561121973e-02 4.833411760612336266e-02 2.262488059365824061e-02 6.130592155414194000e-02 2.419708472780071062e-01 2.782925594306134842e-01 1.227976436918864767e-01 7.210463829366446642e-02 4.493641884292258470e-02 4.893848306337147958e-02
1.704017416216799252e-01 5.895635468111291161e-02 4.138151457830723662e-02 9.086952256351207846e-02 1.159371542230486773e-01 8.248589769574538044e-02 1.009153852814104191e-01 1.351360687708915986e-01 1.287129587202814340e-01 7.520340186401025528e-02
3.327954983792091870e-01 3.403039263388461522e-01 5.690037787502216782e-02 9.451487391040559044e-03 2.487475533590311969e-03 1.998511570267608867e-03 6.415248502030262978e-03 1.812801009599635665e-02 5.913476448957148690e-02 1.723846998244262241e-01
7.225197515132392168e-02 1.084164757370173759e-01 8.481737474924629094e-02 8.343682015916428774e-02 7.410542176163735506e-02 4.910922696419144085e-02 6.415497439636580479e-02 1.010640272078304619e-01 3.004736073085534365e-01 6.217009656466973566e-02
3.412016888816056526e-02 5.823581218707282736e-02 1.360035703671729213e-01 1.388541483081112693e-01 2.061053605062484473e-01 1.017620922944632855e-01 1.211593747354071937e-01 7.434133570445636274e-02 6.256966584308092105e-02 6.684847116582601223e-02
1.030319942660975208e-01 6.492842941694819403e-02 6.271311866084305908e-02 1.114571458865767362e-01 1.546898818340987636e-01 1.747483153426791502e-01 8.601955831322860568e-02 1.232477707322551796e-01 5.551887654431456043e-02 6.364490900295829978e-02
1.825519861003007116e-01 1.012574188327342861e-01 1.892896538768604753e-01 8.471375152837852529e-02 6.137523471871242364e-02 5.666581339700921260e-02 4.335490187726355471e-02 4.208428155325160541e-02 7.999527618356092051e-02 1.587116819319281391e-01
6.819411097632853413e-02 1.043105878686531318e-01 1.057710409505287497e-01 7.247439299853339345e-02 8.345702825820550119e-02 5.440678866613157805e-02 3.418807473921835205e-02 1.100308480542150497e-01 2.830394401780437219e-01 8.412768731014225176e-02
6.034755320810502449e-02 1.087723553587646025e-01 1.166905848762710973e-01 9.912578968891994080e-02 6.286864486859608525e-02 6.064645634038165478e-02 6.421256517626922067e-02 1.527980278748689580e-01 1.738003217900509489e-01 1.007377008177727101e-01
1.671464847451427024e-02 9.469080590492791327e-03 1.569119986736253192e-02 4.394680161660792506e-02 2.020865214794368425e-01 2.118031535587620584e-01 1.867329795266602643e-01 1.059268977567988240e-01 1.156393188475301342e-01 9.198939828183466672e-02
1.828425084341815943e-01 1.405296499042184288e-01 1.530267853762344865e-01 9.400541204564653863e-02 5.631426233661364356e-02 3.751809753494534522e-02 1.846296049813504758e-02 2.256843252755075246e-02 7.171804147622548586e-02 2.230138498662486424e-01
1.449535092837752059e-01 8.272544094964440209e-02 8.961752479890257306e-02 6.442375198807834269e-02 4.784799128301889942e-02 2.999127371998390121e-02 3.666332496703213900e-02 1.294599424638288587e-01 1.800691112322424514e-01 1.942481293134934450e-01
1.914280718044814589e-01 1.189191980586679909e-01 6.608005314966783339e-02 6.124483902126733048e-02 2.390957700527975710e-02 1.363957619089377002e-02 1.722467323485845497e-02 4.433943631352834508e-02 1.840250309560692576e-01 2.791895442652856940e-01
8.723606141963707872e-02 1.790035465636690692e-01 1.469814627962567344e-01 1.119207181416594782e-01 3.819848301410894847e-02 6.058888232204803076e-02 7.687366417163433996e-02 2.034648325723552031e-01 6.160707581438200353e-02 3.412527318424896094e-02
1.046319379870359889e-01 7.796348167747904623e-02 6.343300740844559638e-02 1.225026774628087678e-01 9.637507242843601496e-02 7.632039499007897687e-02 1.412974894429024075e-01 1.814548667131268278e-01 7.946280517923060005e-02 5.655826671045595389e-02
2.006461814511839026e-01 2.993844462987538951e-02 5.853361949077586120e-03 3.487490989093401574e-03 6.703228317935239211e-03 1.476352186370030045e-02 5.543712249549859195e-02 1.117011408951082557e-01 3.719332199766962055e-01 1.995362874318313551e-01
3.724534009127249135e-02 4.928745982169346895e-02 6.014996334972499969e-02 5.772987156806749787e-02 2.934076126888611122e-02 4.131759282900808461e-02 4.746755726738131204e-02 2.235452992830489483e-01 3.708248542768139422e-01 8.309130024410320281e-02
9.101002840078548095e-02 5.346915969958836862e-02 6.228083765833537788e-02 1.003485062139535672e-01 6.759704492087675876e-02 5.995274093230010259e-02 7.494740403745273061e-02 1.168098317977471767e-01 1.207343091034211724e-01 2.528501372355395072e-01
2.111219517446629168e-01 1.665194771004008811e-01 1.343088344223348773e-01 4.227889824665608670e-02 1.759972370434526728e-02 1.078724293835770301e-02 2.084378699382168770e-02 2.843855920520915737e-02 9.664826113597696500e-02 2.714532645082345930e-01
6.687464646241844668e-02 3.892168697601051247e-02 4.294548489972264960e-02 1.013948454789150716e-01 1.714815051996012030e-01 9.094238983093805295e-02 7.891869834518439042e-02 1.668335951070918366e-01 1.589115549937625826e-01 8.277559270635549693e-02
4.508983921466523659e-02 6.128105162204099121e-02 1.265391038718353123e-01 6.131578645410172557e-02 1.151703294445736436e-01 1.535977921768005294e-01 1.884050024936151091e-01 7.383119560770617928e-02 8.837214707976685790e-02 8.639775203489430400e-02
2.079372000451559788e-01 3.651777026436139328e-01 1.278620380487530406e-01 3.945354771152946582e-02 2.884816412552394099e-02 1.157524661925559036e-02 1.761224899456563173e-02 4.777054897678223444e-02 7.036605736313167325e-02 8.339724547168843316e-02
1.479717908140494032e-01 1.134929861770028192e-01 1.126562722774798186e-01 9.602135649348318702e-02 3.745920601653341536e-02 3.254058563310510688e-02 6.015117581018260273e-02 8.795859315118038924e-02 1.367045583328367897e-01 1.750434752941466832e-01
1.328449668167256126e-01 1.340060385401576348e-01 5.178128338117920365e-02 5.409484612859681574e-02 4.020181153387756418e-02 1.819011551729101533e-02 4.934163919702293233e-02 1.230820872729003479e-01 1.600218659298118240e-01 2.364353456824370703e-01
6.885264496809739843e-02 1.752809128273742911e-01 1.686793311400089923e-01 1.741145212426832289e-01 1.016521736331929965e-01 8.538203943709654631e-02 9.899051325368837806e-02 5.676577534079375875e-02 3.621391146684453666e-02 3.406817669021978273e-02
3.534470668391716947e-02 5.636289462860427646e-02 1.103512373282420633e-01 2.854411839734686263e-01 2.968201353662974773e-01 8.375716590012344254e-02 4.639536603540760779e-02 4.542569395514763075e-02 2.291723384803491526e-02 1.718438228075681168e-02
2.365651169977798368e-02 8.457267529750709528e-03 9.560672194111184685e-03 2.801812792251663284e-02 6.884994155016430084e-02 9.686417998111562788e-02 1.887386630455511749e-01 3.280317209103432718e-01 1.604745493709562321e-01 8.734836579571278459e-02
9.917642613197835688e-02 9.584586215020866884e-02 1.639804428282894966e-01 4.120178381943467860e-02 2.659792329166308505e-02 2.862781980024010214e-02 7.957936205504660687e-02 1.804412823439478508e-01 1.601127646833918616e-01 1.244363328957992371e-01
9.856195032411679824e-02 1.411565085108792417e-01 1.464215017420636422e-01 1.254260023523403322e-01 1.067955412699886780e-01 6.336823094277665991e-02 9.191067184311754734e-02 7.416574642102989612e-02 2.855759816888612385e-02 1.236362484248011984e-01
3.205870630456885140e-01 9.625336487949212594e-02 5.625937405387583523e-02 2.691547627632765588e-02 3.341958176895893501e-02 2.882261629299918970e-02 4.850333056675991406e-02 7.580091583155537660e-02 1.184141458078327991e-01 1.950241314765098766e-01
1.856060603047843260e-02 6.265257443064492504e-02 2.519233998188734058e-01 2.614721095377093296e-01 1.857823771582014227e-01 9.376187209655026389e-02 5.402941967474844676e-02 4.872270400408820756e-02 1.137458433188981433e-02 1.172035291681611940e-02
1.293739950602575961e-01 3.391405676809652325e-01 2.459194789299363748e-01 6.545121235637205159e-02 4.113604828921804679e-02 3.451842374885642079e-02 1.596126975818611474e-02 1.763290747408114909e-02 3.147854463763838373e-02 7.938755206448874779e-02
1.237933701485942478e-01 1.228136736787326100e-01 1.312138158065548343e-01 1.350754126523342202e-01 5.971289898244633298e-02 4.208201167782522206e-02 6.908536363163420013e-02 1.353498740548758072e-01 7.228390200120302089e-02 1.085896773657994141e-01
7.240999025946817658e-02 9.341868980865608574e-02 4.729422126302006146e-02 3.399872892727557466e-02 6.516510674251493884e-02 7.857875462265226374e-02 1.246041043363199929e-01 1.863973201202795416e-01 2.126974850272532747e-01 8.543559889255999962e-02
1.119627360783830849e-01 1.564574583917530681e-01 1.393407978757378596e-01 7.861041523827669297e-02 7.740211577310525393e-02 1.211766303407900702e-01 7.495763808755326330e-02 6.997711023525343688e-02 1.016866774015029035e-01 6.842842057764439434e-02
1.267725067529237339e-02 1.663673917339794986e-02 3.413480080798171612e-02 1.243189030763422465e-01 2.761890919911306752e-01 4.059168026210792091e-01 9.063808777809100048e-02 2.312333669535556260e-02 9.687515669817955283e-03 6.677471511511519700e-03
1.089609409339050983e-01 1.744689708626528390e-01 2.862297625731787254e-01 1.340901256250886520e-01 4.632921128685956597e-02 2.446258267072716486e-02 2.770256328829370090e-02 2.749065178764537390e-02 8.245602665703327672e-02 8.780916431461570359e-02
7.550403107404224379e-02 4.845986675509567077e-02 9.952848023378702003e-02 2.072378587091848745e-01 9.517955900659430535e-02 4.399464073920497653e-02 5.671518488569736449e-02 1.825050121088723776e-01 1.042226603116186145e-01 8.665270617590273283e-02
5.273305535895246587e-02 1.647585879702108680e-01 3.009338846788214283e-01 1.428985337462751470e-01 9.559504732567855601e-02 4.406079346468916302e-02 3.688510044720492986e-02 4.689481401526884863e-02 8.274458464445329231e-02 3.249559834844554379e-02
2.007316367885269778e-02 7.856177014235011385e-03 9.431058979436690581e-03 1.503985288477680329e-02 2.159193238024231104e-02 6.538688996514713248e-02 4.034425762051001008e-01 2.483786638337199537e-01 1.314800820454010699e-01 7.731960301308848926e-02
4.675496585701618968e-02 3.097451118078219101e-02 2.635279225149313870e-02 2.430734090934833641e-02 4.881344358804572126e-02 2.414871271741964032e-01 1.236547157587512547e-01 8.875284075736299128e-02 1.318369372635133652e-01 2.370653252594903670e-01
2.350336039407639188e-01 7.086137877584125500e-02 4.113769455930318952e-02 1.248384406232024187e-02 2.808161811748433739e-02 4.639836747747512480e-02 4.732956662285235649e-02 7.544319538045977935e-02 1.766060294136316822e-01 2.666247016498682898e-01
6.610472295958927380e-02 7.559052068564706128e-02 6.676368779188716907e-02 1.127784756518809411e-01 2.389243120911411777e-01 7.996672099066498562e-02 1.272616446301395032e-01 5.138436025561885639e-02 9.398936452052983337e-02 8.723619042290121917e-02
2.322857251073009444e-01 1.760513574632919798e-01 3.155970467038070604e-01 5.652466510315694304e-02 1.596972980611889234e-02 1.871437510485531378e-02 2.742129980223263069e-02 2.201773675952081386e-02 4.572195346420090956e-02 8.969611068551476551e-02
5.596509561799024174e-02 6.290882121544701111e-02 5.405749720292060689e-02 2.520254934739500977e-02 3.625317255749578582e-02 1.310382640155324796e-01 1.743907259276309130e-01 2.251806428703120033e-01 1.504622907263703790e-01 8.454094051890589934e-02
1.100079657567397395e-01 2.162780147793038621e-01 2.155196966698419703e-01 8.214032493204455332e-02 1.542211396437993265e-01 1.075257201153991399e-01 3.284344825253026484e-02 2.036518526027875087e-02 3.413801049290821760e-02 2.696049409715410572e-02
