1.133893180104517118e-01 1.221525694412470553e-01 1.284398724999967767e-01 1.072494028288756146e-01 7.055393918169033940e-02 3.491002807197492175e-02 -8.689176885321069771e-03 -4.761670874894856353e-02 -7.069983805716129055e-02 -8.705242741820679031e-02 -1.009322094537916936e-01 -8.553395193829138599e-02
1.221525694412470553e-01 1.493666651713843052e-01 1.714302368918468322e-01 1.475592375552980395e-01 1.046233972828822800e-01 7.001790238508928677e-02 2.204575439778827528e-02 -1.843942782718316006e-02 -4.605071339999318447e-02 -6.603527874260864405e-02 -8.479901092852461242e-02 -8.173692099878906991e-02
1.284398724999967767e-01 1.714302368918468322e-01 2.284336046857293745e-01 2.063408766321048748e-01 1.485055477905734556e-01 1.099196731024017770e-01 5.597293301806428173e-02 1.402801021262180953e-02 -1.985992133622773576e-02 -4.641247660529278229e-02 -7.113742819513363402e-02 -7.833203117586884368e-02
1.072494028288756146e-01 1.475592375552980395e-01 2.063408766321048748e-01 2.271160432743541679e-01 1.744461467332738824e-01 1.374991489252295473e-01 8.357531494885356294e-02 4.722285816773810763e-02 1.367877414361063151e-02 -1.585073219397663963e-02 -4.382244743600795245e-02 -5.983731332511428580e-02
7.055393918169033940e-02 1.046233972828822800e-01 1.485055477905734556e-01 1.744461467332738824e-01 1.626529306700825184e-01 1.473103099408631933e-01 1.041998699521334559e-01 7.880193645990272999e-02 5.054697506798690176e-02 2.380465913339355546e-02 -2.979282858579764340e-03 -2.930850005105104308e-02
3.491002807197492175e-02 7.001790238508928677e-02 1.099196731024017770e-01 1.374991489252295473e-01 1.473103099408631933e-01 1.626432930932857068e-01 1.353023433536676423e-01 1.226373062668203034e-01 9.625740237867322358e-02 6.956223200431885245e-02 4.310425455472517708e-02 3.602536486438710859e-03
-8.689176885321069771e-03 2.204575439778827528e-02 5.597293301806428173e-02 8.357531494885356294e-02 1.041998699521334559e-01 1.353023433536676423e-01 1.397307881761164217e-01 1.501551590357085575e-01 1.297616121835444836e-01 1.033348138662577576e-01 8.028939563992706918e-02 3.608977435640846332e-02
-4.761670874894856353e-02 -1.843942782718316006e-02 1.402801021262180953e-02 4.722285816773810763e-02 7.880193645990272999e-02 1.226373062668203034e-01 1.501551590357085575e-01 1.935133491284806995e-01 1.810334367258337740e-01 1.483253393347085947e-01 1.217998426971098891e-01 6.789706874954737348e-02
-7.069983805716129055e-02 -4.605071339999318447e-02 -1.985992133622773576e-02 1.367877414361063151e-02 5.054697506798690176e-02 9.625740237867322358e-02 1.297616121835444836e-01 1.810334367258337740e-01 1.991904937270444487e-01 1.748653405903858871e-01 1.465772683795394660e-01 8.584782683007473325e-02
-8.705242741820679031e-02 -6.603527874260864405e-02 -4.641247660529278229e-02 -1.585073219397663963e-02 2.380465913339355546e-02 6.956223200431885245e-02 1.033348138662577576e-01 1.483253393347085947e-01 1.748653405903858871e-01 1.829279825134399740e-01 1.638355988500027338e-01 9.870121808639592542e-02
-1.009322094537916936e-01 -8.479901092852461242e-02 -7.113742819513363402e-02 -4.382244743600795245e-02 -2.979282858579764340e-03 4.310425455472517708e-02 8.028939563992706918e-02 1.217998426971098891e-01 1.465772683795394660e-01 1.638355988500027338e-01 1.643109965230572234e-01 1.051776098937830528e-01
-8.553395193829138599e-02 -8.173692099878906991e-02 -7.833203117586884368e-02 -5.983731332511428580e-02 -2.930850005105104308e-02 3.602536486438710859e-03 3.608977435640846332e-02 6.789706874954737348e-02 8.584782683007473325e-02 9.870121808639592542e-02 1.051776098937830528e-01 7.672453502657314295e-02
1.772916331464346740e-01 1.536743943705284332e-01 1.288023578996870255e-01 1.100280821376534018e-01 7.213219085292173205e-02 5.033090950737362929e-02 1.142797127068604333e-02 -2.592159484399005065e-02 -6.153511381144936843e-02 -9.743149720801128066e-02 -1.314268302604361671e-01 -1.519936475024826483e-01
1.536743943705284332e-01 1.584240316167592200e-01 1.499743328282059363e-01 1.379774184266988057e-01 9.742351449286984488e-02 8.087884298914604919e-02 4.104720126263598085e-02 1.534130947222928261e-02 -1.776014084965135686e-02 -5.314139269524986720e-02 -8.771920970115210103e-02 -1.162189029088363801e-01
1.288023578996870255e-01 1.499743328282059363e-01 1.701775738932543580e-01 1.721225008402395562e-01 1.248231495367364552e-01 1.085527745389891496e-01 6.556026746687856899e-02 4.908001131636473280e-02 1.914372226097963564e-02 -1.621944027734639054e-02 -5.354029463933154126e-02 -8.732928153807217875e-02
1.100280821376534018e-01 1.379774184266988057e-01 1.721225008402395562e-01 2.018547927735466763e-01 1.537362804059441701e-01 1.381652336104431111e-01 8.852981405057713804e-02 7.749345102499223537e-02 4.995173963134916240e-02 1.560616895908422189e-02 -2.490932959200178182e-02 -6.545745991961404719e-02
7.213219085292173205e-02 9.742351449286984488e-02 1.248231495367364552e-01 1.537362804059441701e-01 1.349772374208641490e-01 1.336665140262788265e-01 9.120438343678935467e-02 8.759585375716089084e-02 6.661587711736699502e-02 4.067303525067014758e-02 7.429738538536662280e-03 -3.171425167609086271e-02
5.033090950737362929e-02 8.087884298914604919e-02 1.085527745389891496e-01 1.381652336104431111e-01 1.336665140262788265e-01 1.504703965624941686e-01 1.111962555496799204e-01 1.168360068166073573e-01 9.761754260697624863e-02 7.292007028761941789e-02 4.007026736910335868e-02 -4.805414478962622207e-03
1.142797127068604333e-02 4.104720126263598085e-02 6.556026746687856899e-02 8.852981405057713804e-02 9.120438343678935467e-02 1.111962555496799204e-01 9.456867334122427693e-02 1.138505415521637171e-01 1.044669466490940890e-01 8.628691763961553185e-02 6.143243099936049334e-02 2.495382232433723813e-02
-2.592159484399005065e-02 1.534130947222928261e-02 4.908001131636473280e-02 7.749345102499223537e-02 8.759585375716089084e-02 1.168360068166073573e-01 1.138505415521637171e-01 1.597528867490043969e-01 1.600623206843786450e-01 1.405282067338796403e-01 1.107913556517784032e-01 6.707020550081692345e-02
-6.153511381144936843e-02 -1.776014084965135686e-02 1.914372226097963564e-02 4.995173963134916240e-02 6.661587711736699502e-02 9.761754260697624863e-02 1.044669466490940890e-01 1.600623206843786450e-01 1.842992312408150424e-01 1.766510807364070623e-01 1.463918660170379638e-01 9.973132355764495471e-02
-9.743149720801128066e-02 -5.314139269524986720e-02 -1.621944027734639054e-02 1.560616895908422189e-02 4.067303525067014758e-02 7.292007028761941789e-02 8.628691763961553185e-02 1.405282067338796403e-01 1.766510807364070623e-01 2.047768266409271398e-01 1.855414802681276121e-01 1.343041763254005927e-01
-1.314268302604361671e-01 -8.771920970115210103e-02 -5.354029463933154126e-02 -2.490932959200178182e-02 7.429738538536662280e-03 4.007026736910335868e-02 6.143243099936049334e-02 1.107913556517784032e-01 1.463918660170379638e-01 1.855414802681276121e-01 2.033398003027514223e-01 1.626091320054877387e-01
-1.519936475024826483e-01 -1.162189029088363801e-01 -8.732928153807217875e-02 -6.545745991961404719e-02 -3.171425167609086271e-02 -4.805414478962622207e-03 2.495382232433723813e-02 6.707020550081692345e-02 9.973132355764495471e-02 1.343041763254005927e-01 1.626091320054877387e-01 1.600669163119234906e-01
1.228248499887129030e-01 1.418395216543487936e-01 1.249183201752931266e-01 8.150263616469108352e-02 6.503060807218238870e-02 3.143982882642416127e-02 -3.020818800270387051e-03 -3.594497599194865223e-02 -6.392547098126311056e-02 -7.580083561324052477e-02 -1.203905709932595047e-01 -1.213998065785279190e-01
1.418395216543487936e-01 1.943492722994553390e-01 1.827089792760486775e-01 1.234347956687565362e-01 1.078457107950311633e-01 6.976088516684647578e-02 3.078186844428912328e-02 -6.761406954199805294e-03 -4.139163078392363998e-02 -6.203148759924935474e-02 -1.078785154286750203e-01 -1.201575035262070212e-01
1.249183201752931266e-01 1.827089792760486775e-01 1.949250635174898383e-01 1.421192568681663160e-01 1.351468443552746868e-01 9.750127801016032769e-02 6.015863531552866766e-02 2.631571908364563339e-02 -8.238731665690623290e-03 -3.785255644359095117e-02 -8.132024873806631415e-02 -9.855397616489371126e-02
8.150263616469108352e-02 1.234347956687565362e-01 1.421192568681663160e-01 1.274897166594755604e-01 1.446479376284292018e-01 1.144113952985542082e-01 8.129821957451240089e-02 5.548840399724473682e-02 2.857543500689463042e-02 -4.768211638028867216e-03 -3.901568149288339726e-02 -5.882098619626670299e-02
6.503060807218238870e-02 1.078457107950311633e-01 1.351468443552746868e-01 1.446479376284292018e-01 1.991818563754559901e-01 1.705827125060135341e-01 1.304150233233901113e-01 1.024768190068807289e-01 7.449956997744573706e-02 2.873291435569840652e-02 -4.789603900103956563e-03 -3.521898649787980756e-02
3.143982882642416127e-02 6.976088516684647578e-02 9.750127801016032769e-02 1.144113952985542082e-01 1.705827125060135341e-01 1.683965015799773757e-01 1.442466380959289418e-01 1.258746327245237329e-01 1.027011574794372689e-01 5.590936830996116186e-02 3.393140963810932498e-02 1.038496869063485102e-03
-3.020818800270387051e-03 3.078186844428912328e-02 6.015863531552866766e-02 8.129821957451240089e-02 1.304150233233901113e-01 1.442466380959289418e-01 1.518194906526892374e-01 1.535569383696465673e-01 1.358686685534285787e-01 8.310811799496985175e-02 6.997785194764408190e-02 3.640330540585278579e-02
-3.594497599194865223e-02 -6.761406954199805294e-03 2.631571908364563339e-02 5.548840399724473682e-02 1.024768190068807289e-01 1.258746327245237329e-01 1.535569383696465673e-01 1.873078725633890718e-01 1.800873805646628079e-01 1.151808358012096217e-01 1.064356427007582262e-01 7.015980343409833342e-02
-6.392547098126311056e-02 -4.139163078392363998e-02 -8.238731665690623290e-03 2.857543500689463042e-02 7.449956997744573706e-02 1.027011574794372689e-01 1.358686685534285787e-01 1.800873805646628079e-01 1.982059293299016645e-01 1.364145042275873854e-01 1.367724559582486066e-01 9.826922551866466848e-02
-7.580083561324052477e-02 -6.203148759924935474e-02 -3.785255644359095117e-02 -4.768211638028867216e-03 2.873291435569840652e-02 5.590936830996116186e-02 8.310811799496985175e-02 1.151808358012096217e-01 1.364145042275873854e-01 1.150485938444118506e-01 1.372548182930943272e-01 1.059657518077233573e-01
-1.203905709932595047e-01 -1.078785154286750203e-01 -8.132024873806631415e-02 -3.901568149288339726e-02 -4.789603900103956563e-03 3.393140963810932498e-02 6.997785194764408190e-02 1.064356427007582262e-01 1.367724559582486066e-01 1.372548182930943272e-01 1.949290030409320251e-01 1.596463557249435672e-01
-1.213998065785279190e-01 -1.201575035262070212e-01 -9.855397616489371126e-02 -5.882098619626670299e-02 -3.521898649787980756e-02 1.038496869063485102e-03 3.640330540585278579e-02 7.015980343409833342e-02 9.826922551866466848e-02 1.059657518077233573e-01 1.596463557249435672e-01 1.455218501481082005e-01
2.170130740351016996e-01 1.805786356696973960e-01 1.099875075275665998e-01 8.625281272254993470e-02 5.795873931028516779e-02 2.755355830969485539e-02 1.054629702728038937e-02 -1.695045557847644352e-02 -4.996355390997977292e-02 -8.996695148842405454e-02 -1.616979657311800600e-01 -2.060872442877590693e-01
1.805786356696973960e-01 1.755650265539474286e-01 1.190098429293714455e-01 1.080272891063659979e-01 8.444755988944177560e-02 5.217351135125897210e-02 4.487700113988507544e-02 2.027084988047314282e-02 -1.658851608617111645e-02 -5.858773766610186895e-02 -1.203781068369936397e-01 -1.584578376127688815e-01
1.099875075275665998e-01 1.190098429293714455e-01 9.902849814732429812e-02 1.099287219000426724e-01 9.772311600590774527e-02 6.783960819144056742e-02 6.934800640953801831e-02 5.213199882048079326e-02 2.021145807167361655e-02 -1.574493720745973047e-02 -5.970760717210168295e-02 -9.053254155383552715e-02
8.625281272254993470e-02 1.080272891063659979e-01 1.099287219000426724e-01 1.470130454060247782e-01 1.428827426175063586e-01 1.051205538293348007e-01 1.142222122005941143e-01 9.685814143873662518e-02 5.954724207457309793e-02 1.836731021291844457e-02 -2.319831819339167323e-02 -6.044330393895241266e-02
5.795873931028516779e-02 8.444755988944177560e-02 9.772311600590774527e-02 1.428827426175063586e-01 1.506557892086719253e-01 1.176637999501700810e-01 1.349788210398539245e-01 1.183154530946411293e-01 8.014740258926066063e-02 4.096481479887401078e-02 8.187057533103635210e-03 -2.908862926152369632e-02
2.755355830969485539e-02 5.217351135125897210e-02 6.783960819144056742e-02 1.051205538293348007e-01 1.176637999501700810e-01 1.058995063116393714e-01 1.383316185871446002e-01 1.247025770543534889e-01 8.537125195249657683e-02 5.077464684425546382e-02 2.946238429564265737e-02 -6.403756897044288708e-04
1.054629702728038937e-02 4.487700113988507544e-02 6.934800640953801831e-02 1.142222122005941143e-01 1.349788210398539245e-01 1.383316185871446002e-01 2.131533802372084230e-01 1.990490429805653605e-01 1.345317408826821326e-01 8.426250854932103296e-02 6.247946951671096150e-02 2.631174113202629922e-02
-1.695045557847644352e-02 2.027084988047314282e-02 5.213199882048079326e-02 9.685814143873662518e-02 1.183154530946411293e-01 1.247025770543534889e-01 1.990490429805653605e-01 2.118875971277639214e-01 1.497660655313818312e-01 1.002502037114329364e-01 8.604272249208308465e-02 5.369714746623410750e-02
-4.996355390997977292e-02 -1.658851608617111645e-02 2.021145807167361655e-02 5.954724207457309793e-02 8.014740258926066063e-02 8.537125195249657683e-02 1.345317408826821326e-01 1.497660655313818312e-01 1.231174859596843169e-01 9.771739581498208038e-02 1.027662646886783604e-01 8.092760679727051265e-02
-8.996695148842405454e-02 -5.858773766610186895e-02 -1.574493720745973047e-02 1.836731021291844457e-02 4.096481479887401078e-02 5.077464684425546382e-02 8.426250854932103296e-02 1.002502037114329364e-01 9.771739581498208038e-02 1.007681943624126469e-01 1.321738837159674995e-01 1.204067229900979419e-01
-1.616979657311800600e-01 -1.203781068369936397e-01 -5.970760717210168295e-02 -2.319831819339167323e-02 8.187057533103635210e-03 2.946238429564265737e-02 6.247946951671096150e-02 8.604272249208308465e-02 1.027662646886783604e-01 1.321738837159674995e-01 2.083864484523881844e-01 2.067868425521205422e-01
-2.060872442877590693e-01 -1.584578376127688815e-01 -9.053254155383552715e-02 -6.044330393895241266e-02 -2.908862926152369632e-02 -6.403756897044288708e-04 2.631174113202629922e-02 5.369714746623410750e-02 8.092760679727051265e-02 1.204067229900979419e-01 2.067868425521205422e-01 2.475119541978335891e-01
1.815162982374146639e-01 1.616479219589037619e-01 1.267081597716618879e-01 8.728230978475712276e-02 4.984333580802315089e-02 2.010672994988576059e-02 -8.679682980198383593e-03 -3.511627613291355698e-02 -6.892538161173289435e-02 -9.483508592008957350e-02 -1.410990286794001625e-01 -1.825532978843932841e-01
1.616479219589037619e-01 1.812818294354905380e-01 1.660550779459322168e-01 1.310072871492506397e-01 9.248455737893000739e-02 6.556254068277347913e-02 3.700216921071539794e-02 4.297620121199930560e-03 -2.793654342962137091e-02 -5.778451549865144810e-02 -9.989023987076765809e-02 -1.401626710458711567e-01
1.267081597716618879e-01 1.660550779459322168e-01 1.883954133376631868e-01 1.689016052042663085e-01 1.306326795052743517e-01 1.051131034143510112e-01 7.817413138786796778e-02 4.360318409676879059e-02 1.739566888129456812e-02 -1.506880427889170995e-02 -5.468656821094659837e-02 -9.521529798094004182e-02
8.728230978475712276e-02 1.310072871492506397e-01 1.689016052042663085e-01 1.825824102187787457e-01 1.563458112355546881e-01 1.344024643841705835e-01 1.077320616363148520e-01 7.255328622939682948e-02 5.371282964791718184e-02 2.323184408142323076e-02 -1.044744029761125910e-02 -5.054889288826180938e-02
4.984333580802315089e-02 9.248455737893000739e-02 1.306326795052743517e-01 1.563458112355546881e-01 1.590488425688895702e-01 1.510723027259477658e-01 1.269291741106923221e-01 9.024173910522802211e-02 7.593839128630366919e-02 4.943785695759918275e-02 2.474374187787682644e-02 -1.054159881007786168e-02
2.010672994988576059e-02 6.556254068277347913e-02 1.051131034143510112e-01 1.344024643841705835e-01 1.510723027259477658e-01 1.665247518559435369e-01 1.498903377811497684e-01 1.107197286957472687e-01 9.836926840368792613e-02 7.240942888187876236e-02 5.370572080605560961e-02 2.265902887431230778e-02
-8.679682980198383593e-03 3.700216921071539794e-02 7.817413138786796778e-02 1.077320616363148520e-01 1.269291741106923221e-01 1.498903377811497684e-01 1.512800029233511978e-01 1.199070809958871497e-01 1.135392170616116025e-01 8.943458683815391774e-02 7.579636780518557437e-02 5.027181036144934279e-02
-3.511627613291355698e-02 4.297620121199930560e-03 4.360318409676879059e-02 7.255328622939682948e-02 9.024173910522802211e-02 1.107197286957472687e-01 1.199070809958871497e-01 1.079445639373569354e-01 1.133674553912935312e-01 9.640279334877323303e-02 8.923716740121220847e-02 7.025313155742743398e-02
-6.892538161173289435e-02 -2.793654342962137091e-02 1.739566888129456812e-02 5.371282964791718184e-02 7.593839128630366919e-02 9.836926840368792613e-02 1.135392170616116025e-01 1.133674553912935312e-01 1.347532317798135482e-01 1.246040206923745564e-01 1.243520826133034940e-01 1.066234585077954766e-01
-9.483508592008957350e-02 -5.778451549865144810e-02 -1.506880427889170995e-02 2.323184408142323076e-02 4.943785695759918275e-02 7.240942888187876236e-02 8.943458683815391774e-02 9.640279334877323303e-02 1.246040206923745564e-01 1.307609848604102953e-01 1.451084825842313963e-01 1.331331389923427755e-01
-1.410990286794001625e-01 -9.989023987076765809e-02 -5.468656821094659837e-02 -1.044744029761125910e-02 2.474374187787682644e-02 5.370572080605560961e-02 7.579636780518557437e-02 8.923716740121220847e-02 1.243520826133034940e-01 1.451084825842313963e-01 1.889482989637039645e-01 1.891442457485030815e-01
-1.825532978843932841e-01 -1.401626710458711567e-01 -9.521529798094004182e-02 -5.054889288826180938e-02 -1.054159881007786168e-02 2.265902887431230778e-02 5.027181036144934279e-02 7.025313155742743398e-02 1.066234585077954766e-01 1.331331389923427755e-01 1.891442457485030815e-01 2.269633718811848166e-01
7.824899555137854179e-02 1.001949966285513860e-01 9.325658870506434162e-02 8.953616492423913109e-02 7.096993775098606183e-02 4.705666942332327463e-02 1.121793402801278539e-02 -2.984601354841236176e-02 -6.146104950019309204e-02 -7.496367289520963761e-02 -8.634464459367016675e-02 -8.607329392033186144e-02
1.001949966285513860e-01 1.407026562072278275e-01 1.372137490772078749e-01 1.348787122866759447e-01 1.093545264062186217e-01 8.142357966816782255e-02 4.109448748060376411e-02 -1.105578351413490264e-02 -5.422173974394386975e-02 -7.607106756451620377e-02 -9.430838254883387728e-02 -1.007267313769598660e-01
9.325658870506434162e-02 1.372137490772078749e-01 1.469775922027979354e-01 1.539526564089096494e-01 1.277539691491461071e-01 9.941420723961047479e-02 6.236093598601265969e-02 1.226075671264572481e-02 -3.286183322099206494e-02 -5.961744026535888141e-02 -8.010944682003477701e-02 -8.943886658153919755e-02
8.953616492423913109e-02 1.348787122866759447e-01 1.539526564089096494e-01 1.834640029556644791e-01 1.621437334835026389e-01 1.326233484108309546e-01 9.477759927669268669e-02 4.297981230655778528e-02 -7.183226189446038738e-03 -4.392863178769443322e-02 -7.034008486018752948e-02 -8.320607482726470605e-02
7.096993775098606183e-02 1.093545264062186217e-01 1.277539691491461071e-01 1.621437334835026389e-01 1.682612448474652411e-01 1.552499547641940092e-01 1.265353818095160399e-01 7.956595403485078322e-02 3.244497125651746305e-02 -1.161534581035063469e-02 -4.379693853714385771e-02 -6.165295298133249835e-02
4.705666942332327463e-02 8.142357966816782255e-02 9.941420723961047479e-02 1.326233484108309546e-01 1.552499547641940092e-01 1.774749768301039921e-01 1.720573922132980493e-01 1.319168955806817034e-01 8.731800879077253330e-02 3.577251923337927686e-02 -2.988359132052431383e-03 -2.962439050491191481e-02
1.121793402801278539e-02 4.109448748060376411e-02 6.236093598601265969e-02 9.477759927669268669e-02 1.265353818095160399e-01 1.720573922132980493e-01 2.143546271509583490e-01 1.954350583148025122e-01 1.532954182250960418e-01 9.427049755611198456e-02 5.189271901337761533e-02 1.694442191171133608e-02
-2.984601354841236176e-02 -1.105578351413490264e-02 1.226075671264572481e-02 4.297981230655778528e-02 7.956595403485078322e-02 1.319168955806817034e-01 1.954350583148025122e-01 2.348134327049245240e-01 2.115764381340093647e-01 1.443292240775667090e-01 1.006473228243623119e-01 6.314277945658763880e-02
-6.146104950019309204e-02 -5.422173974394386975e-02 -3.286183322099206494e-02 -7.183226189446038738e-03 3.244497125651746305e-02 8.731800879077253330e-02 1.532954182250960418e-01 2.115764381340093647e-01 2.461751411566392711e-01 1.824223723169761668e-01 1.368860676495929629e-01 9.701400359771847337e-02
-7.496367289520963761e-02 -7.607106756451620377e-02 -5.961744026535888141e-02 -4.392863178769443322e-02 -1.161534581035063469e-02 3.577251923337927686e-02 9.427049755611198456e-02 1.443292240775667090e-01 1.824223723169761668e-01 1.656830481756357554e-01 1.401003624084946886e-01 1.074755925630130893e-01
-8.634464459367016675e-02 -9.430838254883387728e-02 -8.010944682003477701e-02 -7.034008486018752948e-02 -4.379693853714385771e-02 -2.988359132052431383e-03 5.189271901337761533e-02 1.006473228243623119e-01 1.368860676495929629e-01 1.401003624084946886e-01 1.378888484948057880e-01 1.151293740068035365e-01
-8.607329392033186144e-02 -1.007267313769598660e-01 -8.943886658153919755e-02 -8.320607482726470605e-02 -6.165295298133249835e-02 -2.962439050491191481e-02 1.694442191171133608e-02 6.314277945658763880e-02 9.701400359771847337e-02 1.074755925630130893e-01 1.151293740068035365e-01 1.059554337223969772e-01
2.108566325190752710e-01 1.648507270013142567e-01 1.227019901808795166e-01 9.702201632926354957e-02 8.007004251956952035e-02 7.264883592476185925e-02 3.764594305613913616e-02 3.648651558138989170e-04 -4.672297089992612229e-02 -1.041513325705512860e-01 -1.442791717710814048e-01 -1.588820514099804071e-01
1.648507270013142567e-01 1.467089735185262422e-01 1.193386190555921350e-01 1.011968906363822640e-01 8.911773368658282291e-02 8.800286042281464660e-02 5.832231959475296657e-02 3.212442681840792236e-02 -7.271522263429953947e-03 -5.597334965599379264e-02 -9.456932391403416460e-02 -1.150714820629817614e-01
1.227019901808795166e-01 1.193386190555921350e-01 1.107758429366629133e-01 1.033052921133329749e-01 9.747471751808196860e-02 1.014317848489778573e-01 7.312515679702653870e-02 5.360906523476480223e-02 2.092163357040655730e-02 -2.019381713120596555e-02 -5.856342222530590280e-02 -8.098788284479613298e-02
9.702201632926354957e-02 1.011968906363822640e-01 1.033052921133329749e-01 1.083760378883656672e-01 1.111823254669078442e-01 1.218975822184441421e-01 9.052526767771279514e-02 7.263426551481280691e-02 4.309572052309516843e-02 7.215882180570971222e-03 -3.284161933691451263e-02 -5.928651559324968345e-02
8.007004251956952035e-02 8.911773368658282291e-02 9.747471751808196860e-02 1.111823254669078442e-01 1.276732949990591059e-01 1.502104291527600610e-01 1.138601726984720397e-01 9.461029786939906261e-02 6.519801833417174231e-02 3.335475535142755354e-02 -8.838060132719699827e-03 -4.210777084545992699e-02
7.264883592476185925e-02 8.800286042281464660e-02 1.014317848489778573e-01 1.218975822184441421e-01 1.502104291527600610e-01 1.952648887469336514e-01 1.543299910720559998e-01 1.332706417178645408e-01 9.935842601346542291e-02 6.751404344133649094e-02 1.906762402655314687e-02 -2.712310370416318173e-02
3.764594305613913616e-02 5.832231959475296657e-02 7.312515679702653870e-02 9.052526767771279514e-02 1.138601726984720397e-01 1.543299910720559998e-01 1.410548915104152812e-01 1.380242962824724251e-01 1.138440491478087402e-01 9.132595105888229037e-02 5.048608520575148528e-02 3.619798568985471178e-03
3.648651558138989170e-04 3.212442681840792236e-02 5.360906523476480223e-02 7.263426551481280691e-02 9.461029786939906261e-02 1.332706417178645408e-01 1.380242962824724251e-01 1.624572621109826587e-01 1.517196711984374891e-01 1.380984779917373007e-01 9.642330175781088641e-02 4.119600298881660044e-02
-4.672297089992612229e-02 -7.271522263429953947e-03 2.092163357040655730e-02 4.309572052309516843e-02 6.519801833417174231e-02 9.935842601346542291e-02 1.138440491478087402e-01 1.517196711984374891e-01 1.712896064805455032e-01 1.818727754257081219e-01 1.420705489573112212e-01 8.123046133716857464e-02
-1.041513325705512860e-01 -5.597334965599379264e-02 -2.019381713120596555e-02 7.215882180570971222e-03 3.335475535142755354e-02 6.751404344133649094e-02 9.132595105888229037e-02 1.380984779917373007e-01 1.818727754257081219e-01 2.453493708834769693e-01 2.121443994923481735e-01 1.346424309746814818e-01
-1.442791717710814048e-01 -9.456932391403416460e-02 -5.856342222530590280e-02 -3.284161933691451263e-02 -8.838060132719699827e-03 1.906762402655314687e-02 5.048608520575148528e-02 9.642330175781088641e-02 1.420705489573112212e-01 2.121443994923481735e-01 2.318144144268383389e-01 1.639248243395751148e-01
-1.588820514099804071e-01 -1.150714820629817614e-01 -8.098788284479613298e-02 -5.928651559324968345e-02 -4.210777084545992699e-02 -2.712310370416318173e-02 3.619798568985471178e-03 4.119600298881660044e-02 8.123046133716857464e-02 1.346424309746814818e-01 1.639248243395751148e-01 1.483787839791183005e-01
1.830421548540518140e-01 1.731156328211813644e-01 1.374018782406115358e-01 1.139717677044597560e-01 6.606888932299004313e-02 3.507738899334404692e-02 6.245396808144529008e-04 -3.227765887952319807e-02 -6.019158428532185579e-02 -9.722728306001926502e-02 -1.205019345841729927e-01 -1.429920617005430716e-01
1.731156328211813644e-01 1.924324275310204668e-01 1.681536267967590481e-01 1.483856250214496408e-01 9.503258790863172711e-02 6.874729399028145505e-02 3.713972254844920273e-02 5.429622482903112730e-03 -2.615116172179419302e-02 -6.240277697138704033e-02 -9.128278489248399519e-02 -1.221738676181555461e-01
1.374018782406115358e-01 1.681536267967590481e-01 1.804258172634828905e-01 1.771661561222192538e-01 1.184670644118948346e-01 9.442414677474288143e-02 6.633882978430197253e-02 3.936991911067171807e-02 8.403323749827841180e-03 -2.448831486188337084e-02 -5.718362293135182545e-02 -9.022599052908460149e-02
1.139717677044597560e-01 1.483856250214496408e-01 1.771661561222192538e-01 2.040087550814940753e-01 1.448896423643309395e-01 1.237702623144315839e-01 9.652718905184935749e-02 7.165241042085368495e-02 4.069709435256219088e-02 1.107608873860077212e-02 -2.735623126040707606e-02 -6.662941943732597627e-02
6.606888932299004313e-02 9.503258790863172711e-02 1.184670644118948346e-01 1.448896423643309395e-01 1.197795671718713817e-01 1.181468483800920677e-01 1.030799270730145406e-01 8.565241563582934314e-02 6.038115041285044282e-02 4.146082404330394405e-02 9.263200071585105111e-03 -2.679152935149445997e-02
3.507738899334404692e-02 6.874729399028145505e-02 9.442414677474288143e-02 1.237702623144315839e-01 1.181468483800920677e-01 1.402593066251328069e-01 1.373277681370011771e-01 1.235621021063685321e-01 9.521464652653599536e-02 7.996534669238239412e-02 4.660304941145301805e-02 6.157847104337360947e-03
6.245396808144529008e-04 3.713972254844920273e-02 6.633882978430197253e-02 9.652718905184935749e-02 1.030799270730145406e-01 1.373277681370011771e-01 1.534174888722869834e-01 1.497721056103133441e-01 1.217062744739627195e-01 1.094602070414215367e-01 7.684299219272222592e-02 3.713971038362711558e-02
-3.227765887952319807e-02 5.429622482903112730e-03 3.936991911067171807e-02 7.165241042085368495e-02 8.565241563582934314e-02 1.235621021063685321e-01 1.497721056103133441e-01 1.657316618904864369e-01 1.461282781553328025e-01 1.395482056969530316e-01 1.051254950264476906e-01 6.525153334893268875e-02
-6.019158428532185579e-02 -2.615116172179419302e-02 8.403323749827841180e-03 4.069709435256219088e-02 6.038115041285044282e-02 9.521464652653599536e-02 1.217062744739627195e-01 1.461282781553328025e-01 1.526488005417192817e-01 1.632762419374071960e-01 1.285472740968538197e-01 8.744570727339474880e-02
-9.722728306001926502e-02 -6.240277697138704033e-02 -2.448831486188337084e-02 1.107608873860077212e-02 4.146082404330394405e-02 7.996534669238239412e-02 1.094602070414215367e-01 1.395482056969530316e-01 1.632762419374071960e-01 2.059831238599424408e-01 1.723188294756493599e-01 1.238942590973291097e-01
-1.205019345841729927e-01 -9.128278489248399519e-02 -5.718362293135182545e-02 -2.735623126040707606e-02 9.263200071585105111e-03 4.660304941145301805e-02 7.684299219272222592e-02 1.051254950264476906e-01 1.285472740968538197e-01 1.723188294756493599e-01 1.672077530032867188e-01 1.351731788695932912e-01
-1.429920617005430716e-01 -1.221738676181555461e-01 -9.022599052908460149e-02 -6.662941943732597627e-02 -2.679152935149445997e-02 6.157847104337360947e-03 3.713971038362711558e-02 6.525153334893268875e-02 8.744570727339474880e-02 1.238942590973291097e-01 1.351731788695932912e-01 1.350631433052226216e-01
2.041111105336203824e-01 1.454411019988735843e-01 1.185510254527166740e-01 1.010929104178363430e-01 6.207972409261004743e-02 3.727184731179067345e-02 4.977529898720418899e-03 -3.320848307869607441e-02 -6.911435080224027916e-02 -1.057787095106798164e-01 -1.569644838013934396e-01 -1.815619041958493329e-01
1.454411019988735843e-01 1.207282594038293633e-01 1.145361950722970368e-01 1.109463201752106387e-01 7.717866305252171766e-02 6.040574135601528560e-02 3.601129370050835249e-02 5.429646215449818354e-03 -2.811556883124375489e-02 -6.149619992220878989e-02 -1.009948464072925461e-01 -1.214594293646779344e-01
1.185510254527166740e-01 1.145361950722970368e-01 1.333686384947365688e-01 1.476112307489412523e-01 1.112386320479785695e-01 9.684032394181207870e-02 7.372897676863850169e-02 4.522865857146998736e-02 8.304435801664507982e-03 -2.945381661265019865e-02 -6.894152970429329175e-02 -9.172470834241355786e-02
1.010929104178363430e-01 1.109463201752106387e-01 1.476112307489412523e-01 1.864200606901034729e-01 1.503036343030701993e-01 1.386676202914075562e-01 1.136367033074774519e-01 8.472992933147416306e-02 4.411541895395582058e-02 1.776300737991426838e-03 -4.005057807377022938e-02 -6.960869192942947814e-02
6.207972409261004743e-02 7.717866305252171766e-02 1.112386320479785695e-01 1.503036343030701993e-01 1.400344906537228096e-01 1.451061001500446590e-01 1.261873357067204438e-01 1.003240697258484110e-01 6.458008203731412100e-02 2.970897242631099708e-02 -2.298170292801444969e-03 -3.249894926777047166e-02
3.727184731179067345e-02 6.040574135601528560e-02 9.684032394181207870e-02 1.386676202914075562e-01 1.451061001500446590e-01 1.786943391115420887e-01 1.682847568422290441e-01 1.390315556396876651e-01 9.722580084513837706e-02 6.102482506576684812e-02 3.262163620338576903e-02 -3.152732321931248256e-03
4.977529898720418899e-03 3.601129370050835249e-02 7.372897676863850169e-02 1.136367033074774519e-01 1.261873357067204438e-01 1.682847568422290441e-01 1.844014882452243431e-01 1.646324594274549136e-01 1.217831128730259421e-01 8.621405115930559637e-02 6.382670473990970095e-02 2.846817437326711053e-02
-3.320848307869607441e-02 5.429646215449818354e-03 4.522865857146998736e-02 8.472992933147416306e-02 1.003240697258484110e-01 1.390315556396876651e-01 1.646324594274549136e-01 1.717144789064680155e-01 1.404197654955526009e-01 1.110378732743841079e-01 9.648943958543042265e-02 6.285403550866705547e-02
-6.911435080224027916e-02 -2.811556883124375489e-02 8.304435801664507982e-03 4.411541895395582058e-02 6.458008203731412100e-02 9.722580084513837706e-02 1.217831128730259421e-01 1.404197654955526009e-01 1.364246969901605211e-01 1.253071979056630814e-01 1.242574538612823826e-01 9.324130595051152715e-02
-1.057787095106798164e-01 -6.149619992220878989e-02 -2.945381661265019865e-02 1.776300737991426838e-03 2.970897242631099708e-02 6.102482506576684812e-02 8.621405115930559637e-02 1.110378732743841079e-01 1.253071979056630814e-01 1.400987156342034246e-01 1.592381146619433196e-01 1.285870478447178333e-01
-1.569644838013934396e-01 -1.009948464072925461e-01 -6.894152970429329175e-02 -4.005057807377022938e-02 -2.298170292801444969e-03 3.262163620338576903e-02 6.382670473990970095e-02 9.648943958543042265e-02 1.242574538612823826e-01 1.592381146619433196e-01 2.119778200662609247e-01 1.832241608010531930e-01
-1.815619041958493329e-01 -1.214594293646779344e-01 -9.172470834241355786e-02 -6.960869192942947814e-02 -3.249894926777047166e-02 -3.152732321931248256e-03 2.846817437326711053e-02 6.285403550866705547e-02 9.324130595051152715e-02 1.285870478447178333e-01 1.832241608010531930e-01 1.920259012701268087e-01
1.562732906791309828e-01 1.356616569088097968e-01 1.285444792161976046e-01 1.007994047763469958e-01 7.950377115683218698e-02 3.915464640803542617e-02 -2.707781006974557467e-03 -4.449971419967387737e-02 -7.568673043851725790e-02 -9.606571987975759397e-02 -1.306381939271893389e-01 -1.300123273167042015e-01
1.356616569088097968e-01 1.355230282618204996e-01 1.426746268339555423e-01 1.197137585509685243e-01 1.028840444722993880e-01 6.533520249345096953e-02 2.856607038357484446e-02 -8.244224339090014397e-03 -4.069262375813954141e-02 -6.377210879413057476e-02 -9.457420231744201322e-02 -1.026255617775960194e-01
1.285444792161976046e-01 1.426746268339555423e-01 1.734880128567315161e-01 1.584198857775072078e-01 1.446846119839187428e-01 1.013155424047797321e-01 6.344841117424350474e-02 2.774870384132890194e-02 -9.961322291160064693e-03 -4.106301538758665159e-02 -7.457893225379681745e-02 -8.974696607255919223e-02
1.007994047763469958e-01 1.197137585509685243e-01 1.584198857775072078e-01 1.716127619060821563e-01 1.747033685654079682e-01 1.287134769501974974e-01 9.093562825357001667e-02 6.056346850012869765e-02 2.473242298076193738e-02 -9.917594080790060468e-03 -4.300238528974172775e-02 -6.403741941647114744e-02
7.950377115683218698e-02 1.028840444722993880e-01 1.446846119839187428e-01 1.747033685654079682e-01 2.125828948218963232e-01 1.680636189114221857e-01 1.279852481099068018e-01 9.954980872260785207e-02 6.354465933632463814e-02 2.467919110965931251e-02 -9.078295318420245147e-03 -4.009133775122625254e-02
3.915464640803542617e-02 6.533520249345096953e-02 1.013155424047797321e-01 1.287134769501974974e-01 1.680636189114221857e-01 1.574293493271231581e-01 1.377392489312428692e-01 1.221185378194215021e-01 9.173325519519248683e-02 5.610416809796039267e-02 3.066986985236329344e-02 -3.811240972631627175e-03
-2.707781006974557467e-03 2.856607038357484446e-02 6.344841117424350474e-02 9.093562825357001667e-02 1.279852481099068018e-01 1.377392489312428692e-01 1.493819922509905807e-01 1.544134431179008393e-01 1.282521229972349297e-01 9.053571987628189488e-02 7.092643467072323737e-02 3.342345598042903432e-02
-4.449971419967387737e-02 -8.244224339090014397e-03 2.774870384132890194e-02 6.056346850012869765e-02 9.954980872260785207e-02 1.221185378194215021e-01 1.544134431179008393e-01 1.912286461098299806e-01 1.739760699236563568e-01 1.304861028572529558e-01 1.127500560881907476e-01 7.048104052979234369e-02
-7.568673043851725790e-02 -4.069262375813954141e-02 -9.961322291160064693e-03 2.473242298076193738e-02 6.354465933632463814e-02 9.173325519519248683e-02 1.282521229972349297e-01 1.739760699236563568e-01 1.856919446202336399e-01 1.526816507410520551e-01 1.410600128812912746e-01 9.605526213195622609e-02
-9.606571987975759397e-02 -6.377210879413057476e-02 -4.106301538758665159e-02 -9.917594080790060468e-03 2.467919110965931251e-02 5.610416809796039267e-02 9.053571987628189488e-02 1.304861028572529558e-01 1.526816507410520551e-01 1.513646117448383954e-01 1.569518469111973458e-01 1.125209010749599753e-01
-1.306381939271893389e-01 -9.457420231744201322e-02 -7.457893225379681745e-02 -4.300238528974172775e-02 -9.078295318420245147e-03 3.066986985236329344e-02 7.092643467072323737e-02 1.127500560881907476e-01 1.410600128812912746e-01 1.569518469111973458e-01 1.885667614033788297e-01 1.440037654951838719e-01
-1.300123273167042015e-01 -1.026255617775960194e-01 -8.974696607255919223e-02 -6.403741941647114744e-02 -4.009133775122625254e-02 -3.811240972631627175e-03 3.342345598042903432e-02 7.048104052979234369e-02 9.605526213195622609e-02 1.125209010749599753e-01 1.440037654951838719e-01 1.268567060179434658e-01
2.386677977709321663e-01 1.619535258254018173e-01 1.241553189910318405e-01 1.121937816957270517e-01 7.555126514520438263e-02 3.709620887089772751e-02 -5.491340309352218257e-03 -5.038805190364420428e-02 -6.813053779405472965e-02 -9.782991259588093291e-02 -1.339349583364408403e-01 -2.013720396021946857e-01
1.619535258254018173e-01 1.265308281466469009e-01 1.076731335807890183e-01 1.057146394517284177e-01 7.915633269816232942e-02 5.157141508651567202e-02 1.472799686685614257e-02 -1.737541720092511052e-02 -3.987357802184550437e-02 -6.560154319294994596e-02 -9.152747685548591472e-02 -1.346460838198641763e-01
1.241553189910318405e-01 1.076731335807890183e-01 1.071165342206272519e-01 1.187116915575658627e-01 1.003605663133332049e-01 7.907862435801338297e-02 4.009108403197834958e-02 1.641137220999799862e-02 -1.611537012245316952e-02 -4.466390148351845335e-02 -6.925711135350913483e-02 -1.026792728504302976e-01
1.121937816957270517e-01 1.057146394517284177e-01 1.187116915575658627e-01 1.518864826907644905e-01 1.457418981562759175e-01 1.308538708326880129e-01 8.019715642108614373e-02 6.246627872354796468e-02 1.283611837096389381e-02 -2.449308558902205113e-02 -5.488314148608201826e-02 -8.940508281892425857e-02
7.555126514520438263e-02 7.915633269816232942e-02 1.003605663133332049e-01 1.457418981562759175e-01 1.696819911636824330e-01 1.757835416892337688e-01 1.189102404366553511e-01 1.106521347886769008e-01 5.092904050413908645e-02 1.179030415850336466e-02 -2.006827693059327553e-02 -5.169095283567581856e-02
3.709620887089772751e-02 5.157141508651567202e-02 7.907862435801338297e-02 1.308538708326880129e-01 1.757835416892337688e-01 2.179104261915124907e-01 1.615628969233172119e-01 1.658239702517184111e-01 9.218163109148683199e-02 5.082288052195523681e-02 1.806453916741381990e-02 -1.026026859241595084e-02
-5.491340309352218257e-03 1.472799686685614257e-02 4.009108403197834958e-02 8.019715642108614373e-02 1.189102404366553511e-01 1.615628969233172119e-01 1.526710188364420184e-01 1.940074959549295541e-01 1.101127680288429000e-01 6.957264950596211972e-02 4.301267347651890893e-02 2.607064775857171821e-02
-5.038805190364420428e-02 -1.737541720092511052e-02 1.641137220999799862e-02 6.246627872354796468e-02 1.106521347886769008e-01 1.658239702517184111e-01 1.940074959549295541e-01 3.196049736819004394e-01 1.796132545903161848e-01 1.169310761027928247e-01 8.341363473498575321e-02 7.084957569489633289e-02
-6.813053779405472965e-02 -3.987357802184550437e-02 -1.611537012245316952e-02 1.283611837096389381e-02 5.092904050413908645e-02 9.218163109148683199e-02 1.101127680288429000e-01 1.796132545903161848e-01 1.195071287020371964e-01 9.292961216557234227e-02 7.903387130868336219e-02 7.940351992308504470e-02
-9.782991259588093291e-02 -6.560154319294994596e-02 -4.466390148351845335e-02 -2.449308558902205113e-02 1.179030415850336466e-02 5.082288052195523681e-02 6.957264950596211972e-02 1.169310761027928247e-01 9.292961216557234227e-02 9.093946507666761381e-02 9.197954348268677638e-02 1.047917242472191507e-01
-1.339349583364408403e-01 -9.152747685548591472e-02 -6.925711135350913483e-02 -5.488314148608201826e-02 -2.006827693059327553e-02 1.806453916741381990e-02 4.301267347651890893e-02 8.341363473498575321e-02 7.903387130868336219e-02 9.197954348268677638e-02 1.085682626901889880e-01 1.373972707453696429e-01
