4.224528642648345267e-02 3.836732790232787876e-02 5.245863962213352660e-02 8.318685861375810231e-02 1.046667273044439017e-01 7.405531048831363872e-02 9.822948036358185309e-02 8.024127952455122059e-02 7.689210392127031335e-02 1.130211356412295920e-01 1.610398710884058393e-01 7.559597910350104866e-02
4.570328877686970909e-02 5.068310956647835430e-02 4.247642719804990696e-02 3.504071455569417182e-02 4.208043903694375087e-02 6.490714429433695754e-02 8.582130664455232816e-02 1.624479239464111657e-01 1.781304443747502575e-01 1.248475303377638568e-01 1.105922738227126112e-01 5.726939744543695088e-02
7.442311851313129778e-02 9.763654550576636448e-02 1.399971668722134743e-01 1.052194899481739276e-01 1.468463818557418366e-01 1.302442948630321840e-01 8.207693755394979140e-02 5.626505278743023503e-02 3.955740538647452287e-02 4.335807537139248213e-02 4.602669126223887797e-02 3.834884008045516546e-02
1.181893021046089426e-01 1.900240469378721986e-01 8.406000918413823741e-02 3.491974981145214152e-02 5.178944985571182213e-02 1.491588660245391773e-01 1.578489795009063723e-01 7.006730625380921951e-02 2.471580007542561325e-02 1.902294426145827860e-02 3.102356899442837435e-02 6.917997699564966407e-02
5.015180583178124180e-02 6.878681181214110762e-02 1.525796482716549052e-01 1.355692172887472402e-01 1.028457537395270072e-01 8.582339692814051901e-02 7.260760699602501755e-02 7.502930173929397983e-02 7.916049569029383337e-02 5.637439044001026772e-02 5.904105703602429561e-02 6.203051422636116086e-02
7.100816030140207069e-02 4.363122262254688632e-02 5.729033816994694162e-02 8.423248009550755866e-02 1.099237744123881810e-01 9.326515322030631827e-02 1.017928478838305839e-01 1.102500936941614301e-01 7.442266798805111105e-02 6.441257577077889873e-02 1.010452033777967662e-01 8.872548246328335053e-02
1.549349687839012280e-01 5.530218950380992593e-02 1.996593210544523114e-02 1.930610767057425875e-02 3.831648677786422819e-02 8.330106549390264847e-02 1.376496059061886323e-01 1.044449868755955996e-01 5.941279461190599603e-02 6.525159854055422037e-02 8.268029998700643368e-02 1.794339637432517398e-01
1.105197510145534551e-01 1.389551107440539224e-01 1.705883049919302563e-01 9.419306464824922509e-02 4.557413094676956988e-02 5.237262402118655208e-02 5.884614517801225325e-02 6.176804700510989815e-02 5.346218689660767187e-02 6.116828900380851669e-02 7.454319803759255902e-02 7.800914751212612019e-02
7.851713596083562119e-02 7.001453732231516236e-02 8.186803055495653347e-02 5.261097991101627847e-02 6.006240473478530184e-02 8.271937813515098381e-02 7.728766858176717991e-02 4.627128248941907163e-02 9.285080056050497299e-02 1.165753146281293395e-01 1.541791364473409920e-01 8.704333067377857669e-02
8.554478454673686283e-02 1.240566989725183783e-01 1.583156802597046886e-01 1.049199616160973181e-01 3.943082348685864047e-02 3.230384925091168286e-02 1.578720894224993482e-02 4.242788280697527836e-02 9.423013408661479184e-02 1.394480681025946633e-01 9.104892398167334366e-02 7.248598394706484704e-02
8.434192659049635776e-02 1.259141889252898827e-01 7.108838577780594858e-02 8.123835133816688370e-02 1.033603481542266500e-01 1.041332695615442283e-01 6.406019839541232663e-02 7.927345853486789107e-02 5.516451156523602406e-02 6.364765935082367099e-02 1.025415282227051528e-01 6.523617358342528871e-02
1.072872803005175818e-01 7.706288516764972507e-02 7.081443756533131739e-02 1.111671882519023602e-01 1.370735127707838619e-01 6.244445110125768084e-02 2.641869385785790975e-02 3.143122530774421219e-02 5.926313794785054156e-02 1.221130935474432216e-01 1.099027788698751784e-01 8.502131531178663826e-02
1.311088681575096337e-01 8.164419529354456639e-02 6.369060406432403010e-02 4.683496934705567993e-02 4.635059818832323181e-02 4.112208452845436679e-02 5.044160222603526894e-02 6.577040728869426589e-02 1.537323393735568755e-01 1.240532905806020630e-01 1.007484723071709609e-01 9.450256864472937612e-02
7.187389825891697670e-02 7.757692030686207108e-02 5.649207913063644670e-02 5.881096994913480314e-02 1.025658636370323229e-01 1.172856315220568019e-01 8.837427976320115508e-02 5.930315187434066077e-02 3.080339835338122279e-02 4.254616269984191901e-02 1.373918838264980846e-01 1.569757606780975423e-01
4.333655975530333743e-02 7.206520946889975743e-02 1.235909207365899209e-01 1.108359702372323091e-01 6.250113736357219840e-02 6.990213664406152994e-02 3.852858126803508643e-02 7.580356850817303316e-02 8.882256954925052406e-02 1.790505385579633790e-01 9.146579815165249705e-02 4.409700975926654498e-02
1.404447842360410093e-01 7.251125165796626360e-02 3.787535595724512982e-02 1.699879644770251053e-02 2.761600493104669762e-02 5.287866969233601805e-02 6.748599756604117816e-02 1.311314020122166246e-01 1.519991488766957444e-01 8.187192629843018099e-02 7.866200244927237795e-02 1.405246598750062859e-01
9.244451813243227678e-02 5.317624128750285395e-02 5.432420239620383562e-02 1.281164174798039845e-01 1.777239957854215291e-01 4.314978652363959943e-02 2.942017160418923874e-02 2.350664685206034846e-02 4.402031769291402802e-02 1.205631158768996070e-01 1.171096470727406441e-01 1.164449392961920682e-01
4.300339899409266059e-02 3.861265288004359086e-02 3.824965203303027500e-02 5.904418102997990858e-02 9.715230072182416687e-02 1.092204056500842568e-01 9.404187582628478759e-02 7.898190995927695246e-02 9.922972667374151123e-02 1.179006545471468076e-01 1.492275057467927768e-01 7.533573593770229171e-02
1.159608020933531880e-01 7.929359283613779397e-02 1.091091613003259408e-01 9.879312571073657623e-02 6.020401719831901949e-02 4.009341643098647545e-02 5.985403476806148981e-02 7.721242579928852545e-02 7.041795242678539068e-02 9.236142564287795620e-02 8.773220210893610538e-02 1.089678436841914067e-01
7.508249369125817585e-02 9.464984274408236309e-02 5.431507883636388367e-02 5.822834481274000162e-02 7.909136358860205385e-02 1.186285478318067910e-01 9.037887003146125031e-02 7.996521435347841988e-02 1.348908922158626456e-01 8.010938165735373429e-02 7.761580289453615111e-02 5.704416734245454368e-02
8.617473636211789301e-02 6.846335623558896799e-02 9.399971191879191723e-02 6.452485227523388489e-02 4.297311726753919731e-02 8.028976645324603645e-02 9.719701923910542551e-02 1.117445233722676040e-01 7.496566545131239101e-02 8.930092313957792294e-02 8.297373648814593272e-02 1.073925917970727367e-01
5.113994622524370426e-02 5.272690346961030061e-02 7.180954181966109351e-02 9.873207881559313559e-02 8.872930039953649817e-02 1.058664372670965331e-01 1.116712898866139697e-01 1.221302364212730474e-01 1.095646086145767167e-01 1.045029612055862200e-01 4.378296981667183924e-02 3.934372605853703880e-02
3.229331997654938391e-02 4.547583156575374375e-02 6.864841092714954462e-02 9.577195494380724705e-02 1.415574005108440614e-01 1.131902871277574996e-01 7.275114211268701725e-02 9.049848375463488692e-02 1.039512065858840262e-01 1.274407970516770183e-01 6.976983730667711547e-02 3.865132813657864291e-02
6.199776242407271237e-02 9.281849606403626274e-02 1.165476153070049425e-01 7.648071909020467962e-02 7.192232177396695736e-02 1.250613525770914169e-01 8.667597149056185946e-02 7.785400780827247957e-02 8.285216819089563645e-02 7.075371662121703042e-02 8.242037404023178082e-02 5.461549461244443598e-02
3.320283152335792853e-02 4.389987038160623328e-02 9.319615689567634087e-02 1.251098952536177089e-01 1.379002138870762395e-01 6.759428227470570816e-02 4.786029463556230878e-02 6.679132313249953878e-02 8.785802976908688167e-02 8.172860187016235678e-02 1.297552281253068207e-01 8.510327225134223239e-02
4.877367479063712125e-02 3.617383041733830684e-02 7.167227048147854773e-02 8.820435644955318399e-02 9.790872313876031185e-02 1.077192617774279937e-01 5.886566702631052667e-02 7.548157908078431677e-02 1.200975472127774057e-01 1.064529006949942042e-01 9.904649801030870893e-02 8.960369091962931687e-02
4.995738025282808747e-02 5.427144952837298364e-02 8.136353950398197976e-02 1.190666921862996303e-01 8.714085487964623455e-02 8.234111060487278588e-02 7.874880915886436905e-02 9.724685473250983814e-02 1.106287548139551630e-01 1.085957096519769016e-01 7.962580039058478332e-02 5.101304429610725721e-02
9.530148037256833127e-02 6.571296066787063461e-02 8.530157651490731519e-02 1.361924152603313787e-01 1.113551433425237908e-01 8.731500459758118060e-02 3.987792257624590830e-02 2.245710187395261181e-02 2.655455554058873402e-02 5.079402489672690812e-02 1.338136064459697905e-01 1.453242079107333606e-01
1.521555430275135512e-01 1.171053257233429790e-01 6.621341842781333642e-02 3.082935969725332515e-02 3.497826221599970031e-02 3.244176368508404351e-02 4.686465692169892311e-02 5.672326486129604384e-02 7.507578416144460032e-02 9.313566751166349467e-02 9.629696628577306960e-02 1.981799874811168705e-01
4.603592636801019655e-02 4.697582816738262584e-02 7.424323307215918710e-02 4.876961611412543307e-02 8.533083585704137608e-02 9.005075169567319793e-02 1.233167713335705795e-01 8.002062784372812598e-02 1.025129299552482720e-01 1.486387516563136280e-01 9.582916219008275061e-02 5.827556574666477307e-02
7.417789149547984739e-02 5.004769785760777856e-02 6.115201482565545132e-02 5.254482810249480607e-02 5.137136235337324414e-02 3.721328433111989464e-02 5.190084230147065658e-02 7.770973549613921505e-02 9.781312456834634350e-02 1.486518307135423766e-01 1.271801826507071020e-01 1.702372053040631106e-01
4.031074054247681115e-02 6.579446772190258863e-02 6.817090258105500122e-02 7.610123673915766829e-02 5.864693817989648922e-02 6.832871579664560879e-02 7.540295165407613631e-02 1.373311982165023593e-01 1.727039547592722768e-01 1.187101772455943227e-01 7.803715454404168417e-02 4.046156201937922692e-02
1.028145197509687248e-01 1.253470810211289033e-01 1.263371166602835771e-01 1.245779149423836829e-01 7.985917628413687075e-02 6.590512830705071157e-02 5.983742498938497689e-02 5.088464673263987798e-02 5.073738624827833776e-02 5.489960106918635729e-02 6.590145957517223874e-02 9.289854441938592833e-02
8.991200584952999120e-02 1.548048555392182724e-01 9.834891008749614694e-02 5.162320014574262039e-02 3.108288340637560196e-02 1.879382829895740598e-02 3.208870372742178567e-02 5.967909112232828994e-02 6.793948681803216316e-02 1.611429768038475374e-01 1.703572161890349879e-01 6.422684201201500631e-02
8.267084625173863610e-02 6.549014668872593647e-02 8.009480418444200889e-02 1.154832286829253762e-01 1.330790761381372977e-01 8.028223736206618888e-02 6.986937960357142430e-02 6.540207013139158476e-02 8.251247717057767772e-02 7.859119506266593058e-02 7.548463151233014701e-02 7.103990721142799947e-02
1.241513187475916796e-01 1.268926181338246584e-01 1.082980084829976708e-01 4.318167941376571672e-02 2.571399252311069514e-02 2.061235551466022997e-02 1.344215514840520556e-02 1.687646094749572709e-02 4.460754320159781433e-02 1.455959881182678495e-01 1.954449750388111973e-01 1.351829047294714481e-01
5.301940576484655276e-02 5.538348479980248484e-02 1.203182571785387234e-01 1.524368689499385199e-01 1.083853649769565691e-01 5.660176328124752465e-02 4.955435168012951863e-02 7.526406072772974520e-02 1.016872827918605393e-01 1.014988881606748716e-01 7.346397637350617071e-02 5.238629531476864110e-02
3.870896827304594334e-02 6.105296985503274459e-02 1.076166320653081654e-01 9.945183876389246391e-02 8.411097101148179433e-02 1.510576892038292818e-01 1.727966648199629196e-01 1.030300655270837279e-01 6.650853832036535129e-02 3.768935202637944959e-02 3.670238359670109640e-02 4.127392653691702717e-02
1.749709015035441281e-02 1.975967986914673943e-02 2.311709933133062472e-02 4.343210819445660065e-02 9.436602086358421293e-02 1.387593758087945217e-01 1.791182457666933292e-01 1.611784940201674843e-01 1.497681041893008380e-01 1.086759362294048292e-01 3.844626419784097360e-02 2.588158137892576649e-02
1.335995602981387420e-01 7.666280407463993418e-02 3.288616100192530423e-02 2.317553785854889470e-02 2.944428613073804199e-02 5.568579949209168101e-02 8.467093863628882833e-02 1.396923193561660226e-01 8.710476514259285485e-02 8.395129050185518027e-02 1.161160531026610016e-01 1.370104844043533165e-01
1.385875371590095106e-01 8.398864762931992911e-02 8.814252972286237831e-02 6.142328969743413719e-02 4.343003125834339617e-02 5.667346084951442597e-02 1.125316650242965122e-01 8.692327928400400694e-02 9.080695612783219739e-02 7.082169973631277649e-02 8.426323434144004920e-02 8.240766916963061794e-02
7.847102254902460494e-02 4.595357154828158541e-02 8.684505833430947175e-02 6.587024751435961722e-02 2.699753284494962532e-02 2.501597890979886593e-02 4.125715730659761105e-02 9.648674712115369589e-02 1.569049641049752308e-01 1.029620243740551749e-01 1.268777401391454063e-01 1.463579552533489370e-01
4.621324967056100741e-02 4.847420003703510616e-02 1.067023840591048989e-01 1.061961018042110183e-01 1.205299461881482320e-01 5.534846843240490144e-02 7.732808422142914417e-02 9.892142780091088550e-02 9.452692736815872243e-02 9.497204424959404534e-02 7.999249433398676612e-02 7.079467183445531386e-02
1.103361109657691463e-01 1.540412853078291511e-01 1.069239954090270700e-01 1.050380675693975002e-01 9.496321560982509680e-02 5.465373746266523336e-02 7.649485890369718544e-02 5.427037922845411033e-02 5.770673148191750312e-02 5.755568124643380135e-02 5.991801986319059137e-02 6.809791695179376325e-02
3.288566450650003831e-02 3.818284867222231788e-02 6.762268897579605531e-02 1.122364712831573907e-01 9.940444710177215315e-02 7.743189411389718446e-02 4.778311829801111521e-02 6.570398867087719197e-02 1.041315973576995707e-01 2.200268110351757678e-01 9.175704544581078648e-02 4.283342453908038638e-02
1.073444421384503883e-01 1.106884597372926049e-01 7.695098295925134613e-02 6.026637549565023316e-02 4.618431038688926293e-02 9.098389227770382892e-02 1.051590116581003764e-01 1.286649646476613063e-01 5.785045141238171623e-02 3.323557115859422650e-02 8.590224170283419780e-02 9.676929642519049857e-02
5.145131647874456871e-02 4.230079570828298996e-02 8.040906682356097068e-02 1.530310844387111069e-01 9.552020359004784189e-02 7.282814450647522031e-02 4.987483696458104576e-02 3.560053703276160747e-02 4.818299764294142751e-02 6.783130597320335964e-02 1.524904327225330425e-01 1.504792781181567562e-01
6.034285217472545176e-02 5.539897096406290466e-02 6.817622496162281664e-02 8.870208978264701449e-02 1.218295345338564900e-01 9.997032114945719750e-02 7.309603679694692824e-02 6.151471162097002510e-02 4.870090291746641264e-02 9.280983594890461486e-02 1.225306531644538288e-01 1.069278659848861696e-01
9.485366755374241565e-02 5.077644834441642774e-02 3.708157443189872421e-02 5.616043503215182447e-02 8.904592808886785393e-02 7.831062495007870550e-02 6.332261353504413381e-02 5.100895724027885297e-02 6.996682797974952683e-02 7.671881496589119664e-02 1.028709816065030841e-01 2.298831262713774692e-01
1.175353710466399693e-01 1.084129527113952274e-01 1.011970782128038537e-01 7.414142139089960337e-02 9.711275659255991233e-02 6.050260905287314916e-02 6.578616786639736314e-02 4.540460552957302498e-02 8.119959149333620674e-02 8.335086312016801169e-02 8.010114269797935505e-02 8.525544028537443420e-02
6.590084529036160932e-02 9.380700014350648597e-02 8.370954174031486339e-02 8.531373134414954595e-02 7.561878463313068122e-02 9.431074425146929174e-02 1.233774155623232893e-01 9.535127928771111594e-02 9.653212794460780399e-02 5.651007036146922513e-02 5.070801153796571092e-02 7.886044790299039098e-02
5.184612828746298224e-02 6.061809343192816474e-02 1.255563918936947743e-01 1.982654186073345148e-01 1.519716773658126574e-01 1.263659257818203485e-01 5.662198110422038411e-02 3.293144768588061183e-02 2.655604180458251071e-02 4.033714540457412900e-02 6.326097332737820600e-02 6.566877530531073370e-02
8.849584583474509603e-02 8.239694585425506868e-02 9.666851796537306862e-02 6.798832594546158625e-02 7.137265966832699593e-02 8.431737855695123351e-02 1.325427562575181295e-01 9.634175550116162723e-02 4.713643321469510039e-02 3.036515228929844573e-02 5.999405029616142193e-02 1.423801786160522609e-01
8.914814210530606908e-02 6.679611253810420479e-02 7.330280373039829711e-02 9.563986816180916617e-02 7.708276634568975161e-02 7.743191391829376546e-02 1.182794519861910948e-01 7.336330112656780367e-02 7.134819847433621076e-02 8.207809313864769529e-02 1.085547948328038359e-01 6.697455364185223026e-02
9.776729279912776960e-02 1.162127710720322754e-01 1.062462232932830791e-01 1.195197402650444163e-01 1.068818201299625015e-01 8.037718401791391076e-02 4.025567957933946089e-02 2.721447822551288295e-02 4.860884056017238802e-02 6.440962616416992526e-02 8.883203083631752150e-02 1.036743130571241012e-01
7.897219346894043812e-02 8.645056159173677979e-02 1.212157868761411517e-01 1.424781705916410846e-01 1.267448250175063351e-01 1.135294448582429006e-01 7.790598595474801380e-02 4.603851246319199536e-02 4.499664744120752957e-02 7.789987633569840642e-02 4.107297189140719784e-02 4.269502350953821579e-02
9.177645741058920725e-02 1.074451679300350571e-01 7.453292961386420723e-02 8.760353981776718146e-02 6.078632571089867542e-02 8.741765737730930463e-02 9.381346599127599051e-02 1.227123307955468451e-01 8.166810342708286097e-02 5.370119405612167052e-02 7.416139120554632314e-02 6.438143666396271836e-02
9.205080380598755496e-02 1.202255537744487818e-01 1.429603042332343033e-01 9.747218666493231987e-02 8.559044699746871931e-02 8.538484341233107400e-02 8.882300027489758998e-02 8.488806482788062435e-02 7.888177554693161231e-02 4.857448498199188475e-02 3.668339812467642791e-02 3.846513735521971122e-02
8.129512590300301544e-02 3.616647674383336591e-02 2.321821779837121569e-02 2.329911457363804256e-02 4.661018605718528218e-02 2.046286854340011452e-01 1.467254143153097767e-01 6.989880567873535400e-02 3.664079231963798117e-02 4.332012026361027612e-02 1.072841213258781401e-01 1.809129395867964951e-01
8.349273123419162501e-02 1.209271048650771702e-01 8.548253858837770447e-02 1.096727679785164389e-01 1.331653935273291456e-01 1.084681008221970583e-01 7.256811862599341079e-02 3.625956687957034019e-02 3.842379943354337635e-02 4.328952241803524226e-02 8.838517388816520548e-02 7.986518173900364337e-02
6.286393038780976883e-02 8.450890318779621935e-02 1.742589555770795440e-01 1.132057909832744902e-01 9.969121262740968104e-02 8.556973082091870464e-02 6.599224656089681951e-02 6.684512507744122534e-02 7.396199805567976737e-02 5.934832479221616164e-02 4.713437633091461382e-02 6.661940559856296962e-02
6.096614374999767549e-02 7.559677452250512797e-02 1.366766030105585616e-01 8.696916960699742349e-02 5.685610643664743002e-02 9.969338707213006023e-02 1.419461299292246181e-01 9.449863363658475568e-02 6.015646147484789846e-02 6.945842298304341633e-02 6.475690399971324729e-02 5.242526357774965340e-02
8.577704215137815780e-02 1.080504509846016148e-01 8.102692825258617226e-02 6.492206018236590381e-02 5.276884769219104820e-02 4.733815146545791025e-02 6.667113135150598557e-02 1.312643371366850609e-01 1.125873285599881951e-01 6.349659105850831431e-02 9.863619767156865670e-02 8.746093349316323706e-02
1.062040934205943921e-01 3.432439680428091278e-02 2.108176634229516969e-02 3.165877083143957271e-02 9.116101055015793375e-02 1.322729082768487330e-01 1.127674185779501959e-01 8.347762014575549339e-02 3.606514202599085672e-02 7.009546190496442064e-02 1.246480995537362635e-01 1.562433115659861427e-01
6.990804323050127389e-02 9.043892067247483180e-02 7.477956300843292825e-02 9.537738322414288095e-02 7.667775589156620997e-02 4.256028192533292676e-02 4.241927327683555488e-02 7.497731706717386535e-02 1.499173890807975473e-01 1.413920067991320251e-01 8.254572048857555799e-02 5.900634533503444634e-02
1.026805163891674338e-01 9.434789368619748984e-02 7.393075513428094825e-02 8.271753729997410876e-02 5.941210322432682878e-02 4.656239096011551004e-02 7.534385947339454492e-02 9.676360660229239852e-02 7.172734569997199494e-02 8.627772081429864459e-02 1.085451744040873689e-01 1.016910963118929645e-01
2.092981790994036251e-02 5.159378285138606357e-02 1.597977132910250730e-01 1.066236534768631727e-01 1.019673582984815113e-01 1.181370882392116933e-01 9.775187911384281003e-02 1.242050173514201022e-01 1.121568432460095521e-01 4.964107392857285833e-02 3.743583275334098209e-02 1.975993953990607538e-02
4.530105103494552060e-02 4.229365107815961922e-02 4.549432544579302268e-02 7.192345194906582528e-02 1.717931957249991815e-01 8.644346061706656426e-02 6.454517417365310261e-02 7.224882676510688273e-02 1.027072762324389987e-01 1.565932394417316464e-01 1.011883217960184433e-01 3.946802574102134531e-02
8.237401446548789363e-02 4.392281774852580672e-02 3.482689511428058160e-02 1.911950196292100737e-02 1.687690257500067820e-02 2.912067749594384608e-02 1.067312411832739838e-01 1.242722340200378556e-01 1.960225604076626660e-01 1.320270335443299303e-01 1.146645385471333628e-01 1.000415829354025926e-01
1.234067698216946979e-01 7.538678041736063262e-02 7.271386945276878122e-02 8.354149745018732420e-02 7.269684268299841934e-02 5.880148160731294565e-02 9.874436945449413527e-02 6.175985210287315841e-02 7.988549256058172232e-02 7.936040257801772746e-02 7.327094482425913768e-02 1.204316970474513249e-01
6.159009764143412446e-02 5.323431398380746443e-02 4.753578968619874556e-02 3.563331689024158699e-02 4.137415610428860774e-02 7.929182644906730693e-02 1.414493792091133795e-01 1.200065402133281278e-01 1.007078158635664189e-01 7.730687029551164269e-02 1.304254298180259619e-01 1.114444638454168829e-01
6.133292762115015451e-02 1.098208537410377966e-01 1.887118837428272411e-01 1.002043924539005593e-01 3.050365513691367242e-02 2.049291188448303103e-02 3.191931995647071668e-02 5.850525028227097912e-02 8.761808492604986065e-02 1.259461374641058229e-01 1.194378679001015520e-01 6.550671489068869702e-02
1.016049468925503130e-01 1.322370636726268867e-01 1.616167957942421518e-01 9.582995936547844540e-02 4.677898767917644529e-02 2.791185001947702610e-02 2.119209572333236383e-02 3.260084878797159941e-02 5.849561517140132449e-02 1.002101200371147693e-01 1.039861434325947687e-01 1.175355734240337846e-01
1.878650883698402274e-01 1.147882947959882050e-01 4.137977313458419959e-02 1.730109941128542966e-02 1.374523006438746128e-02 1.099436135131000129e-02 1.982816889639421251e-02 7.343250228262972190e-02 2.415225621529604738e-01 7.465849139049467176e-02 9.943815592187127406e-02 1.050462722282540645e-01
1.058205448755081407e-01 6.993772430267883311e-02 1.275302564954073348e-01 1.817674208805162561e-01 5.019757196108153713e-02 4.278926760525279122e-02 4.303998870174747388e-02 5.538833897865255707e-02 6.393897194087588831e-02 5.196542731193979497e-02 6.928686535209015174e-02 1.383376215942494214e-01
1.346477387374041546e-01 7.600808231417828520e-02 7.923979660518928880e-02 6.332509343659004086e-02 4.422222142190044419e-02 3.041824031768287917e-02 3.124318493881411349e-02 4.584326065778324133e-02 1.223321007200955518e-01 1.651417260116915253e-01 1.086000632086846218e-01 9.897849162998613448e-02
7.459215159414861462e-02 1.615493979816957915e-01 1.002313535048578452e-01 5.247241521829797140e-02 4.962343059987418814e-02 7.063551886517077660e-02 7.270166055112625703e-02 7.635666841466909327e-02 8.875648815490332078e-02 1.348563702580157508e-01 6.537129764079661898e-02 5.285324721644373003e-02
2.440333281818715325e-02 2.828669413806209759e-02 3.468195187689546155e-02 1.331202223686656083e-01 1.698094291721270743e-01 9.847300957208067473e-02 8.074170544760619905e-02 1.070713822713065672e-01 1.341369402999184890e-01 1.035253405018875666e-01 5.456970393695756427e-02 3.118028759630550595e-02
3.412352862241678497e-02 7.738688303317420303e-02 8.514799099036382546e-02 1.172377818695586882e-01 1.079825501343685129e-01 9.019067181663431576e-02 1.082590342034768921e-01 1.016474014396724634e-01 1.290280921106576884e-01 7.263981604751985899e-02 4.459453053432195502e-02 3.176171919783506853e-02
1.016900610209826167e-01 1.241589391213840654e-01 9.124443950563826400e-02 5.855945754448421692e-02 5.153324309203927145e-02 4.989780143028920562e-02 9.544021327207832806e-02 1.411382030072811933e-01 1.050669962061371587e-01 6.458851716645276630e-02 4.549064076416529240e-02 7.119148786906778770e-02
1.334249493044863955e-01 1.009143057265466797e-01 7.947169798577313760e-02 8.890532496865094503e-02 6.595204428750822689e-02 6.121502743610091057e-02 4.021980827285151494e-02 2.526265532715109285e-02 6.573901301929142849e-02 1.449498822415802302e-01 1.031338447347557863e-01 9.081144669530394342e-02
8.532113791517215162e-02 7.206947347424215444e-02 4.636330150238381770e-02 3.785911782731014169e-02 3.958706727062283326e-02 4.107395819576153267e-02 1.143275869816954421e-01 1.559821892254339981e-01 8.466185160209277472e-02 1.329797143465509257e-01 1.075647156722058240e-01 8.220988598652845258e-02
3.567589288751849691e-02 4.228032275635481424e-02 6.142917055036218460e-02 7.973696860825843502e-02 8.266153301455564373e-02 1.209738289471699590e-01 1.302549819755035865e-01 9.533861114662811609e-02 5.073155135768239732e-02 4.967960246979759298e-02 1.330146404962503359e-01 1.182228957899183891e-01
9.292087064557630338e-02 5.182042725124604704e-02 3.244345760080809965e-02 4.305121363348413110e-02 9.245748541362981687e-02 7.094079503522592034e-02 6.520151062486084781e-02 7.208839188997576142e-02 1.356591349127010404e-01 1.235051202052516311e-01 1.056852562761283615e-01 1.142263365111119561e-01
1.242345536179534360e-01 8.497203814275926248e-02 3.742618396443041229e-02 3.356967216896929174e-02 4.139868160382569051e-02 4.012491399553701904e-02 5.996949822896789628e-02 1.234448552774527058e-01 1.613770121368768018e-01 1.024561825179370056e-01 8.471197295825522167e-02 1.063144353870357217e-01
9.128293040483334564e-02 1.077903672137519586e-01 1.085450278094689525e-01 6.420825883911635001e-02 4.186515068183775667e-02 2.904947951048519883e-02 2.572825917628099313e-02 6.492256000595268695e-02 1.163207449040759706e-01 1.547332329961904895e-01 1.151370403335250092e-01 8.041694812448155205e-02
4.893899275086952688e-02 1.291330638596275560e-01 1.478969520903137824e-01 1.069037729950725046e-01 1.171429616186862865e-01 1.401279197521318742e-01 1.304928686772164892e-01 6.345568113244039188e-02 3.113862110301943847e-02 1.860969010178028724e-02 2.577207734858873861e-02 4.038739857025347435e-02
5.313059360150097776e-02 4.830881662712413482e-02 7.493922540155473211e-02 8.062554941540692188e-02 1.305762940395556182e-01 1.083004446363150380e-01 9.262845877234832104e-02 9.060700910086402771e-02 8.351190698563973336e-02 1.403718317403287175e-01 6.432903143728004036e-02 3.267083824208173032e-02
4.533482502603160269e-02 4.256986268523498679e-02 7.697929892493649007e-02 1.255748844198026903e-01 1.062435371454696215e-01 1.030369482862750347e-01 5.916346932437399619e-02 1.263187684567757263e-01 7.627465518655821008e-02 9.970060587866474977e-02 6.958439944767010055e-02 6.921874521820710335e-02
1.480083635368601991e-01 7.757861832393969648e-02 4.562789371366132718e-02 6.053338497733662393e-02 7.040415131809384108e-02 8.355833408548937746e-02 1.349611408551974756e-01 8.430885969044243922e-02 4.090438348315900141e-02 5.483869619530475081e-02 7.956379812502832605e-02 1.197123756954871221e-01
1.182249073953124674e-01 1.362222388961105146e-01 1.168875253642943646e-01 1.014665873951153818e-01 1.307236816303559424e-01 6.215064495823207497e-02 4.812961404045327379e-02 4.089204992340067513e-02 4.187332949885921168e-02 6.140403656241124469e-02 5.169467331453443670e-02 9.033071102092059268e-02
2.773621280758082133e-02 6.432779063737494030e-02 1.119956993265684153e-01 1.129714349533660900e-01 9.387033960594487469e-02 7.167073613220108219e-02 4.142184611879974609e-02 5.973780778492122218e-02 9.906529205707298447e-02 1.379410423874380398e-01 1.075307612091494780e-01 7.173103697958220504e-02
3.999247109230978647e-02 6.050711773810174554e-02 1.064107115981628993e-01 5.519363368105026368e-02 7.952042992486062223e-02 7.529432079858293381e-02 9.221821494142529163e-02 8.322726813852614203e-02 8.118319932023132512e-02 1.427556871349458523e-01 1.206760504496797726e-01 6.302089518212342090e-02
8.608212499451561861e-02 8.572774676614350331e-02 1.293123299184203712e-01 5.978857873579016685e-02 4.723588290251480581e-02 1.630846126180262104e-02 1.475434094137258699e-02 3.841970680376181890e-02 1.002307575206913548e-01 2.245760567181272205e-01 1.395131541061890856e-01 5.805085933067092446e-02
6.966143018784400065e-02 8.150497468674999801e-02 5.789612740533145452e-02 8.523584383621857219e-02 5.625941249976182390e-02 7.140517107586009937e-02 9.110170956379937124e-02 8.360244300193458988e-02 8.548233088217106757e-02 1.695922781302648119e-01 8.395652349677500126e-02 6.430175523328952869e-02
6.666736579125678852e-02 9.563997782576598439e-02 6.684255124679307214e-02 5.729946332076091275e-02 9.103465637086433082e-02 1.043772961780550790e-01 1.192731745575901503e-01 8.871059234652549363e-02 7.853769045874273158e-02 9.026334013014333801e-02 7.952399544468224946e-02 6.182989632882017472e-02
8.900968798822492256e-02 7.296112166585383418e-02 8.701368373908732745e-02 3.997396687285673794e-02 2.669627707827768037e-02 3.437218081349711213e-02 7.284379074478096461e-02 1.202768181966562128e-01 1.441240257334865382e-01 1.452116415104441893e-01 1.025728915476133152e-01 6.494391410922106811e-02
5.682933440988761215e-02 4.848851885329066858e-02 2.763973374228647847e-02 3.547307995116884272e-02 6.239575116681513739e-02 5.225527379940429762e-02 9.441503331104721120e-02 1.311570633731050095e-01 1.341701592647942531e-01 1.653927166122055314e-01 1.130446540395552701e-01 7.873868147643986459e-02
3.024110352360034198e-02 6.746415896649536614e-02 9.554784471915661603e-02 7.903420206150310601e-02 6.982937432530511579e-02 1.221896481591090156e-01 2.092746973419018774e-01 1.188987748501836722e-01 8.117015498368866655e-02 5.878472991913239604e-02 4.641426977856669134e-02 2.115104137135700307e-02
9.524484887319073501e-02 1.430962897283684365e-01 1.122341807221038379e-01 8.460246481731067969e-02 1.021607826633029459e-01 1.058597446467107323e-01 1.120182356603503238e-01 8.217230251201579350e-02 5.888075811649369495e-02 2.838822689239985445e-02 3.117580783208367262e-02 4.416635753566940104e-02
