4.224528642648345267e-02 3.891294585613876839e-02 4.228533972758317938e-02 5.001819658172187294e-02 5.429985457615795624e-02 4.581395627193215331e-02 5.350823309388630378e-02 5.110068952255596153e-02 5.283008481561906472e-02 6.484759359384856259e-02 7.794690229918302404e-02 5.518392741337364849e-02
3.891294585613876839e-02 3.836732790232787876e-02 4.387208959852710588e-02 5.339886311100436322e-02 5.848652552862385057e-02 4.865804248110751351e-02 5.513579557198659831e-02 4.994157977913651902e-02 4.821462227971944070e-02 5.619319738575884876e-02 6.649862928666534778e-02 4.825682962389031549e-02
4.228533972758317938e-02 4.387208959852710588e-02 5.245863962213352660e-02 6.541428469045673655e-02 7.228867300348112979e-02 5.972956438850159089e-02 6.642572308571736972e-02 5.787695068309922641e-02 5.272809225055723886e-02 5.842153748346896186e-02 6.787655185169730321e-02 5.026631209183148041e-02
5.001819658172187294e-02 5.339886311100436322e-02 6.541428469045673655e-02 8.318685861375810231e-02 9.274388402649912100e-02 7.661139868833859168e-02 8.460432745456245018e-02 7.219713640750362316e-02 6.343300170475088540e-02 6.777668273334908067e-02 7.749394433839831842e-02 5.802020695749322832e-02
5.429985457615795624e-02 5.848652552862385057e-02 7.228867300348112979e-02 9.274388402649912100e-02 1.046667273044439017e-01 8.706563620202700804e-02 9.650117083135145712e-02 8.186295322984485368e-02 7.074757641350018500e-02 7.405046237266434128e-02 8.360580209147146225e-02 6.260841087918560255e-02
4.581395627193215331e-02 4.865804248110751351e-02 5.972956438850159089e-02 7.661139868833859168e-02 8.706563620202700804e-02 7.405531048831363872e-02 8.381166502164716370e-02 7.193648428287408025e-02 6.245202502292689084e-02 6.512113322595459997e-02 7.280633585764934024e-02 5.374596492618885502e-02
5.350823309388630378e-02 5.513579557198659831e-02 6.642572308571736972e-02 8.460432745456245018e-02 9.650117083135145712e-02 8.381166502164716370e-02 9.822948036358185309e-02 8.643171233583696322e-02 7.657925735005212398e-02 8.067257930062599058e-02 8.974554232075071525e-02 6.481637604796887386e-02
5.110068952255596153e-02 4.994157977913651902e-02 5.787695068309922641e-02 7.219713640750362316e-02 8.186295322984485368e-02 7.193648428287408025e-02 8.643171233583696322e-02 8.024127952455122059e-02 7.501341019721656511e-02 8.222892862590608365e-02 9.234150090104592534e-02 6.494826340721079894e-02
5.283008481561906472e-02 4.821462227971944070e-02 5.272809225055723886e-02 6.343300170475088540e-02 7.074757641350018500e-02 6.245202502292689084e-02 7.657925735005212398e-02 7.501341019721656511e-02 7.689210392127031335e-02 9.000035359904212662e-02 1.032821621480364965e-01 7.086386034173672299e-02
6.484759359384856259e-02 5.619319738575884876e-02 5.842153748346896186e-02 6.777668273334908067e-02 7.405046237266434128e-02 6.512113322595459997e-02 8.067257930062599058e-02 8.222892862590608365e-02 9.000035359904212662e-02 1.130211356412295920e-01 1.330641645924269256e-01 9.012244272856510807e-02
7.794690229918302404e-02 6.649862928666534778e-02 6.787655185169730321e-02 7.749394433839831842e-02 8.360580209147146225e-02 7.280633585764934024e-02 8.974554232075071525e-02 9.234150090104592534e-02 1.032821621480364965e-01 1.330641645924269256e-01 1.610398710884058393e-01 1.092002494957840797e-01
5.518392741337364849e-02 4.825682962389031549e-02 5.026631209183148041e-02 5.802020695749322832e-02 6.260841087918560255e-02 5.374596492618885502e-02 6.481637604796887386e-02 6.494826340721079894e-02 7.086386034173672299e-02 9.012244272856510807e-02 1.092002494957840797e-01 7.559597910350104866e-02
4.570328877686970909e-02 4.788948740664281806e-02 4.351274268576509063e-02 3.904996533069743370e-02 4.180748437309473459e-02 4.996329587183723220e-02 5.405126909434741778e-02 6.893967007179274686e-02 7.281637749883443367e-02 6.737390406123275333e-02 6.779287962588137484e-02 5.057926886685064349e-02
4.788948740664281806e-02 5.068310956647835430e-02 4.627540600173192520e-02 4.166469788866724450e-02 4.470095059856536712e-02 5.340861223608806690e-02 5.744942356428620056e-02 7.240380247697872362e-02 7.512436919953464909e-02 6.889199839805074110e-02 6.947587306108302108e-02 5.236587748874314829e-02
4.351274268576509063e-02 4.627540600173192520e-02 4.247642719804990696e-02 3.842615591987556117e-02 4.142482253429813355e-02 4.968375524647389296e-02 5.350025530967869591e-02 6.718990550597897515e-02 6.884794831349086430e-02 6.236277405401844526e-02 6.261894117201506627e-02 4.734132719490133367e-02
3.904996533069743370e-02 4.166469788866724450e-02 3.842615591987556117e-02 3.504071455569417182e-02 3.811755561373329770e-02 4.611532504294237056e-02 5.000249288688189686e-02 6.291496132074407555e-02 6.365239611989324808e-02 5.654337889075271989e-02 5.614532562479430944e-02 4.240080035580357648e-02
4.180748437309473459e-02 4.470095059856536712e-02 4.142482253429813355e-02 3.811755561373329770e-02 4.208043903694375087e-02 5.167073398472570717e-02 5.679953207917781688e-02 7.201700153345337585e-02 7.188843236745073861e-02 6.209309586863097363e-02 6.047982060393109621e-02 4.542871564232908721e-02
4.996329587183723220e-02 5.340861223608806690e-02 4.968375524647389296e-02 4.611532504294237056e-02 5.167073398472570717e-02 6.490714429433695754e-02 7.297693503058880204e-02 9.400550240881899722e-02 9.285083080646915066e-02 7.751707293253343178e-02 7.345801972671911484e-02 5.456681546545575495e-02
5.405126909434741778e-02 5.744942356428620056e-02 5.350025530967869591e-02 5.000249288688189686e-02 5.679953207917781688e-02 7.297693503058880204e-02 8.582130664455232816e-02 1.145562926371409135e-01 1.130346311246690910e-01 9.062591088294827402e-02 8.245995617001009026e-02 5.989097768520255938e-02
6.893967007179274686e-02 7.240380247697872362e-02 6.718990550597897515e-02 6.291496132074407555e-02 7.201700153345337585e-02 9.400550240881899722e-02 1.145562926371409135e-01 1.624479239464111657e-01 1.631460430791280836e-01 1.269179269901762608e-01 1.108535067196025209e-01 7.815611740164948862e-02
7.281637749883443367e-02 7.512436919953464909e-02 6.884794831349086430e-02 6.365239611989324808e-02 7.188843236745073861e-02 9.285083080646915066e-02 1.130346311246690910e-01 1.631460430791280836e-01 1.781304443747502575e-01 1.417099341161516257e-01 1.228171081974952783e-01 8.462590856864735112e-02
6.737390406123275333e-02 6.889199839805074110e-02 6.236277405401844526e-02 5.654337889075271989e-02 6.209309586863097363e-02 7.751707293253343178e-02 9.062591088294827402e-02 1.269179269901762608e-01 1.417099341161516257e-01 1.248475303377638568e-01 1.135346144597525198e-01 7.869355692009084857e-02
6.779287962588137484e-02 6.947587306108302108e-02 6.261894117201506627e-02 5.614532562479430944e-02 6.047982060393109621e-02 7.345801972671911484e-02 8.245995617001009026e-02 1.108535067196025209e-01 1.228171081974952783e-01 1.135346144597525198e-01 1.105922738227126112e-01 7.834821169933350871e-02
5.057926886685064349e-02 5.236587748874314829e-02 4.734132719490133367e-02 4.240080035580357648e-02 4.542871564232908721e-02 5.456681546545575495e-02 5.989097768520255938e-02 7.815611740164948862e-02 8.462590856864735112e-02 7.869355692009084857e-02 7.834821169933350871e-02 5.726939744543695088e-02
7.442311851313129778e-02 8.419415962192290659e-02 9.723067499860238438e-02 7.909200804452778955e-02 8.326791728423876826e-02 7.612425430319830211e-02 6.294796461996998715e-02 5.519214860296602770e-02 4.884350058810925377e-02 5.316534522448908284e-02 5.637774886155160620e-02 5.287224001606066759e-02
8.419415962192290659e-02 9.763654550576636448e-02 1.147016319186502376e-01 9.310227047045567528e-02 9.653075064536414951e-02 8.636320049503584673e-02 7.023284825297060330e-02 6.096380213378412016e-02 5.372983862778799025e-02 5.847969736581463268e-02 6.226834537746901710e-02 5.900431596081139041e-02
9.723067499860238438e-02 1.147016319186502376e-01 1.399971668722134743e-01 1.160436933457645869e-01 1.212886797490349833e-01 1.068862388332221525e-01 8.493674304939723141e-02 7.218229978973528249e-02 6.260026652309691464e-02 6.741645450174543752e-02 7.147129183872785729e-02 6.779904090722049803e-02
7.909200804452778955e-02 9.310227047045567528e-02 1.160436933457645869e-01 1.052194899481739276e-01 1.179975485202205965e-01 1.051328498854827154e-01 8.156022152818889759e-02 6.691334703757474689e-02 5.595210498695253609e-02 5.839330517386667058e-02 6.046311454574453126e-02 5.610298634423741687e-02
8.326791728423876826e-02 9.653075064536414951e-02 1.212886797490349833e-01 1.179975485202205965e-01 1.468463818557418366e-01 1.346252726749860573e-01 1.032790885067323555e-01 8.246971799454345942e-02 6.666764897335578088e-02 6.730400691658584844e-02 6.770372413974254378e-02 6.082212572537635392e-02
7.612425430319830211e-02 8.636320049503584673e-02 1.068862388332221525e-01 1.051328498854827154e-01 1.346252726749860573e-01 1.302442948630321840e-01 1.015773744131080458e-01 8.124184212534282801e-02 6.522253926451961059e-02 6.513522552004599731e-02 6.463724703800144411e-02 5.688018720851175519e-02
6.294796461996998715e-02 7.023284825297060330e-02 8.493674304939723141e-02 8.156022152818889759e-02 1.032790885067323555e-01 1.015773744131080458e-01 8.207693755394979140e-02 6.698218111024678567e-02 5.439902293511905684e-02 5.466563854194077254e-02 5.427322260210128146e-02 4.748497050826903237e-02
5.519214860296602770e-02 6.096380213378412016e-02 7.218229978973528249e-02 6.691334703757474689e-02 8.246971799454345942e-02 8.124184212534282801e-02 6.698218111024678567e-02 5.626505278743023503e-02 4.660709939985209493e-02 4.748933734326270251e-02 4.749555027977850341e-02 4.166821210147131360e-02
4.884350058810925377e-02 5.372983862778799025e-02 6.260026652309691464e-02 5.595210498695253609e-02 6.666764897335578088e-02 6.522253926451961059e-02 5.439902293511905684e-02 4.660709939985209493e-02 3.955740538647452287e-02 4.103262139525565982e-02 4.149632986439620586e-02 3.669388329485415157e-02
5.316534522448908284e-02 5.847969736581463268e-02 6.741645450174543752e-02 5.839330517386667058e-02 6.730400691658584844e-02 6.513522552004599731e-02 5.466563854194077254e-02 4.748933734326270251e-02 4.103262139525565982e-02 4.335807537139248213e-02 4.438213816534590517e-02 3.963882848288372007e-02
5.637774886155160620e-02 6.226834537746901710e-02 7.147129183872785729e-02 6.046311454574453126e-02 6.770372413974254378e-02 6.463724703800144411e-02 5.427322260210128146e-02 4.749555027977850341e-02 4.149632986439620586e-02 4.438213816534590517e-02 4.602669126223887797e-02 4.160573137013665046e-02
5.287224001606066759e-02 5.900431596081139041e-02 6.779904090722049803e-02 5.610298634423741687e-02 6.082212572537635392e-02 5.688018720851175519e-02 4.748497050826903237e-02 4.166821210147131360e-02 3.669388329485415157e-02 3.963882848288372007e-02 4.160573137013665046e-02 3.834884008045516546e-02
1.181893021046089426e-01 1.488328843898710785e-01 9.760607761466036369e-02 5.592759665472932240e-02 4.695856918627243359e-02 6.173283606990122296e-02 6.119677342172684387e-02 4.441941832007338664e-02 3.290866295028475885e-02 3.865811664696823524e-02 5.740056933356081637e-02 8.948461052126310822e-02
1.488328843898710785e-01 1.900240469378721986e-01 1.245737084660567262e-01 7.064768012511891959e-02 5.803865668716870485e-02 7.498549170542800901e-02 7.393836792543549696e-02 5.377185136869400139e-02 4.013679688596048095e-02 4.762945564104809071e-02 7.126233616054714060e-02 1.117508751460565275e-01
9.760607761466036369e-02 1.245737084660567262e-01 8.406000918413823741e-02 5.028867802212922539e-02 4.522752568510936266e-02 6.215478471948483047e-02 6.179382137170896100e-02 4.386086331047246711e-02 3.091742147612996233e-02 3.407737203815959515e-02 4.851896435231858873e-02 7.416897659532342701e-02
5.592759665472932240e-02 7.064768012511891959e-02 5.028867802212922539e-02 3.491974981145214152e-02 3.832872994292188529e-02 5.874195092982424649e-02 5.929941839126630365e-02 4.061913839026787265e-02 2.602959457222630418e-02 2.472400813770293804e-02 3.114895653232162623e-02 4.425543814379657298e-02
4.695856918627243359e-02 5.803865668716870485e-02 4.522752568510936266e-02 3.832872994292188529e-02 5.178944985571182213e-02 8.638121885639271635e-02 8.819399694552160218e-02 5.901593336598755235e-02 3.523320731532066791e-02 2.912941028786853945e-02 3.155427671148375302e-02 4.000516170189719750e-02
6.173283606990122296e-02 7.498549170542800901e-02 6.215478471948483047e-02 5.874195092982424649e-02 8.638121885639271635e-02 1.491588660245391773e-01 1.530496318712639414e-01 1.016839918945326160e-01 5.927083280910742935e-02 4.641002858334906944e-02 4.673168227502039196e-02 5.537227832212166662e-02
6.119677342172684387e-02 7.393836792543549696e-02 6.179382137170896100e-02 5.929941839126630365e-02 8.819399694552160218e-02 1.530496318712639414e-01 1.578489795009063723e-01 1.049080629382544705e-01 6.100922604938599503e-02 4.746558717323211968e-02 4.731601663217523818e-02 5.545505926915935552e-02
4.441941832007338664e-02 5.377185136869400139e-02 4.386086331047246711e-02 4.061913839026787265e-02 5.901593336598755235e-02 1.016839918945326160e-01 1.049080629382544705e-01 7.006730625380921951e-02 4.108742009641136450e-02 3.251915620599523521e-02 3.316011455858879076e-02 3.967919572010429607e-02
3.290866295028475885e-02 4.013679688596048095e-02 3.091742147612996233e-02 2.602959457222630418e-02 3.523320731532066791e-02 5.927083280910742935e-02 6.100922604938599503e-02 4.108742009641136450e-02 2.471580007542561325e-02 2.059439162159674291e-02 2.239133901353168588e-02 2.831574598872130255e-02
3.865811664696823524e-02 4.762945564104809071e-02 3.407737203815959515e-02 2.472400813770293804e-02 2.912941028786853945e-02 4.641002858334906944e-02 4.746558717323211968e-02 3.251915620599523521e-02 2.059439162159674291e-02 1.902294426145827860e-02 2.307679548918026291e-02 3.165096473469889565e-02
5.740056933356081637e-02 7.126233616054714060e-02 4.851896435231858873e-02 3.114895653232162623e-02 3.155427671148375302e-02 4.673168227502039196e-02 4.731601663217523818e-02 3.316011455858879076e-02 2.239133901353168588e-02 2.307679548918026291e-02 3.102356899442837435e-02 4.536505735122277339e-02
8.948461052126310822e-02 1.117508751460565275e-01 7.416897659532342701e-02 4.425543814379657298e-02 4.000516170189719750e-02 5.537227832212166662e-02 5.545505926915935552e-02 3.967919572010429607e-02 2.831574598872130255e-02 3.165096473469889565e-02 4.536505735122277339e-02 6.917997699564966407e-02
5.015180583178124180e-02 5.676612787255934378e-02 7.940739797430208802e-02 7.280928986407182724e-02 6.323078604135214109e-02 5.784490305557950240e-02 5.330188094317551972e-02 5.426673114868619391e-02 5.635739531169137867e-02 4.885957873246304928e-02 5.162139802505164715e-02 5.458932628566845469e-02
5.676612787255934378e-02 6.878681181214110762e-02 1.003491654500229258e-01 9.192323601464387484e-02 7.697697708387443716e-02 6.665609293409717473e-02 5.835523870639708344e-02 5.738175401306356421e-02 5.871126233348323425e-02 5.094646271788022540e-02 5.442646731225411760e-02 5.892553766228889739e-02
7.940739797430208802e-02 1.003491654500229258e-01 1.525796482716549052e-01 1.408146558679156946e-01 1.158855893830891548e-01 9.694715197971048859e-02 8.168604350504385381e-02 7.793878921198249543e-02 7.849896287395931316e-02 6.787524732245808767e-02 7.282072461791289086e-02 7.995361669812826866e-02
7.280928986407182724e-02 9.192323601464387484e-02 1.408146558679156946e-01 1.355692172887472402e-01 1.141727666892258936e-01 9.611479100153701161e-02 8.038319276424896187e-02 7.566749960215891913e-02 7.518469501298583046e-02 6.413616751772360791e-02 6.789297768463967153e-02 7.377745356759793371e-02
6.323078604135214109e-02 7.697697708387443716e-02 1.158855893830891548e-01 1.141727666892258936e-01 1.028457537395270072e-01 9.057276581148857031e-02 7.753787014442406478e-02 7.349519498946330276e-02 7.260901425660404307e-02 6.091318921233415673e-02 6.294849118540712940e-02 6.647388893804712096e-02
5.784490305557950240e-02 6.665609293409717473e-02 9.694715197971048859e-02 9.611479100153701161e-02 9.057276581148857031e-02 8.582339692814051901e-02 7.680286803561547915e-02 7.449216106748438038e-02 7.394717797288298533e-02 6.141325192667294181e-02 6.219546527647185075e-02 6.374052711745856192e-02
5.330188094317551972e-02 5.835523870639708344e-02 8.168604350504385381e-02 8.038319276424896187e-02 7.753787014442406478e-02 7.680286803561547915e-02 7.260760699602501755e-02 7.264224411464159648e-02 7.299054458824973113e-02 6.053650390535707249e-02 6.070693353450488938e-02 6.099620593060102458e-02
5.426673114868619391e-02 5.738175401306356421e-02 7.793878921198249543e-02 7.566749960215891913e-02 7.349519498946330276e-02 7.449216106748438038e-02 7.264224411464159648e-02 7.502930173929397983e-02 7.649446595311860941e-02 6.370058063988619235e-02 6.377704646318581305e-02 6.350482118379723040e-02
5.635739531169137867e-02 5.871126233348323425e-02 7.849896287395931316e-02 7.518469501298583046e-02 7.260901425660404307e-02 7.394717797288298533e-02 7.299054458824973113e-02 7.649446595311860941e-02 7.916049569029383337e-02 6.640420592963927615e-02 6.676102748140762266e-02 6.645152710285220921e-02
4.885957873246304928e-02 5.094646271788022540e-02 6.787524732245808767e-02 6.413616751772360791e-02 6.091318921233415673e-02 6.141325192667294181e-02 6.053650390535707249e-02 6.370058063988619235e-02 6.640420592963927615e-02 5.637439044001026772e-02 5.725125452927966319e-02 5.738447710964288129e-02
5.162139802505164715e-02 5.442646731225411760e-02 7.282072461791289086e-02 6.789297768463967153e-02 6.294849118540712940e-02 6.219546527647185075e-02 6.070693353450488938e-02 6.377704646318581305e-02 6.676102748140762266e-02 5.725125452927966319e-02 5.904105703602429561e-02 5.992513929591573169e-02
5.458932628566845469e-02 5.892553766228889739e-02 7.995361669812826866e-02 7.377745356759793371e-02 6.647388893804712096e-02 6.374052711745856192e-02 6.099620593060102458e-02 6.350482118379723040e-02 6.645152710285220921e-02 5.738447710964288129e-02 5.992513929591573169e-02 6.203051422636116086e-02
7.100816030140207069e-02 5.467121337010790588e-02 5.881333445904450563e-02 6.602216585301808049e-02 7.096162384842061299e-02 6.384777001600878965e-02 6.655605566127498207e-02 7.164900850502446683e-02 6.389238106350891844e-02 6.397197517960975799e-02 8.248923485121174848e-02 7.866027720390682265e-02
5.467121337010790588e-02 4.363122262254688632e-02 4.875418408194815562e-02 5.617268630133442214e-02 6.104282329393242307e-02 5.438095936173471812e-02 5.523050019374557695e-02 5.760866112470015843e-02 4.985454243478913694e-02 4.870483763720467874e-02 6.210891321419421962e-02 5.952938129134328904e-02
5.881333445904450563e-02 4.875418408194815562e-02 5.729033816994694162e-02 6.826145471286593214e-02 7.539141675050219094e-02 6.678530004067020909e-02 6.623017924898824682e-02 6.674060562243572248e-02 5.556463192663109452e-02 5.234453251266851792e-02 6.547181110871880261e-02 6.291644333139674583e-02
6.602216585301808049e-02 5.617268630133442214e-02 6.826145471286593214e-02 8.423248009550755866e-02 9.485885874189992073e-02 8.429987916316611374e-02 8.271342073770467096e-02 8.146300403664438750e-02 6.563308796159780800e-02 5.963243232472746624e-02 7.292006768148676099e-02 6.989189088395905691e-02
7.096162384842061299e-02 6.104282329393242307e-02 7.539141675050219094e-02 9.485885874189992073e-02 1.099237744123881810e-01 9.921977316399936686e-02 9.787041004455819537e-02 9.557967716822160509e-02 7.523232600343679466e-02 6.620089007764579092e-02 7.903270347897514703e-02 7.507448421311838094e-02
6.384777001600878965e-02 5.438095936173471812e-02 6.678530004067020909e-02 8.429987916316611374e-02 9.921977316399936686e-02 9.326515322030631827e-02 9.485878063091122969e-02 9.374720779833864426e-02 7.308401230627666056e-02 6.282509633044362773e-02 7.330144970695980089e-02 6.846035273038961200e-02
6.655605566127498207e-02 5.523050019374557695e-02 6.623017924898824682e-02 8.271342073770467096e-02 9.787041004455819537e-02 9.485878063091122969e-02 1.017928478838305839e-01 1.035728313983433901e-01 8.116194398864456927e-02 6.916972011020734723e-02 7.955490306002854783e-02 7.294384577479942622e-02
7.164900850502446683e-02 5.760866112470015843e-02 6.674060562243572248e-02 8.146300403664438750e-02 9.557967716822160509e-02 9.374720779833864426e-02 1.035728313983433901e-01 1.102500936941614301e-01 8.839139807853721442e-02 7.639223018718302449e-02 8.821264561605227095e-02 8.009315062333341451e-02
6.389238106350891844e-02 4.985454243478913694e-02 5.556463192663109452e-02 6.563308796159780800e-02 7.523232600343679466e-02 7.308401230627666056e-02 8.116194398864456927e-02 8.839139807853721442e-02 7.442266798805111105e-02 6.708578820666992459e-02 7.947238718093067866e-02 7.232272608038731176e-02
6.397197517960975799e-02 4.870483763720467874e-02 5.234453251266851792e-02 5.963243232472746624e-02 6.620089007764579092e-02 6.282509633044362773e-02 6.916972011020734723e-02 7.639223018718302449e-02 6.708578820666992459e-02 6.441257577077889873e-02 7.928749161755774266e-02 7.286171452695455741e-02
8.248923485121174848e-02 6.210891321419421962e-02 6.547181110871880261e-02 7.292006768148676099e-02 7.903270347897514703e-02 7.330144970695980089e-02 7.955490306002854783e-02 8.821264561605227095e-02 7.947238718093067866e-02 7.928749161755774266e-02 1.010452033777967662e-01 9.391448330714514958e-02
7.866027720390682265e-02 5.952938129134328904e-02 6.291644333139674583e-02 6.989189088395905691e-02 7.507448421311838094e-02 6.846035273038961200e-02 7.294384577479942622e-02 8.009315062333341451e-02 7.232272608038731176e-02 7.286171452695455741e-02 9.391448330714514958e-02 8.872548246328335053e-02
1.549349687839012280e-01 9.158815757489685572e-02 5.153666756225920575e-02 4.105342782869920992e-02 4.636202778518989931e-02 6.077942788617789194e-02 7.511297190456632522e-02 6.927337667605411309e-02 6.355567396768244115e-02 8.374105245909384265e-02 1.082144056349283456e-01 1.650218812869511109e-01
9.158815757489685572e-02 5.530218950380992593e-02 3.211416994695094618e-02 2.690216590506760985e-02 3.173378796577738803e-02 4.256272193627834433e-02 5.295290116873842268e-02 4.812064949164897298e-02 4.220213276905598887e-02 5.260285038328416096e-02 6.509610652405192766e-02 9.721475297176129793e-02
5.153666756225920575e-02 3.211416994695094618e-02 1.996593210544523114e-02 1.843702805949869530e-02 2.342681595691598409e-02 3.257780828048500305e-02 4.098358749326576345e-02 3.651936857380733148e-02 2.993153855853587786e-02 3.389423984975254572e-02 3.843163095335748458e-02 5.469263442742269832e-02
4.105342782869920992e-02 2.690216590506760985e-02 1.843702805949869530e-02 1.930610767057425875e-02 2.656821673485255594e-02 3.825791287538930080e-02 4.864105705990504069e-02 4.260639559529487419e-02 3.270475892261261175e-02 3.316707322287957421e-02 3.322921758951324911e-02 4.361552010785950395e-02
4.636202778518989931e-02 3.173378796577738803e-02 2.342681595691598409e-02 2.656821673485255594e-02 3.831648677786422819e-02 5.622970382334002704e-02 7.191054367195949537e-02 6.248913420437821747e-02 4.637264706840389661e-02 4.404257896396934074e-02 4.034072747302498707e-02 4.934812734344959373e-02
6.077942788617789194e-02 4.256272193627834433e-02 3.257780828048500305e-02 3.825791287538930080e-02 5.622970382334002704e-02 8.330106549390264847e-02 1.068860016481630731e-01 9.265716539143979691e-02 6.788205150574724844e-02 6.272963474498823022e-02 5.505922674913599907e-02 6.482777240926322626e-02
7.511297190456632522e-02 5.295290116873842268e-02 4.098358749326576345e-02 4.864105705990504069e-02 7.191054367195949537e-02 1.068860016481630731e-01 1.376496059061886323e-01 1.194307885035116312e-01 8.727015236487740968e-02 8.004128552585135226e-02 6.924939235078353406e-02 8.033604923618592464e-02
6.927337667605411309e-02 4.812064949164897298e-02 3.651936857380733148e-02 4.260639559529487419e-02 6.248913420437821747e-02 9.265716539143979691e-02 1.194307885035116312e-01 1.044449868755955996e-01 7.717895682931918966e-02 7.195916246670433503e-02 6.339474093321528780e-02 7.449145910703652840e-02
6.355567396768244115e-02 4.220213276905598887e-02 2.993153855853587786e-02 3.270475892261261175e-02 4.637264706840389661e-02 6.788205150574724844e-02 8.727015236487740968e-02 7.717895682931918966e-02 5.941279461190599603e-02 5.890424277087045329e-02 5.568513338807937890e-02 6.894916484014378122e-02
8.374105245909384265e-02 5.260285038328416096e-02 3.389423984975254572e-02 3.316707322287957421e-02 4.404257896396934074e-02 6.272963474498823022e-02 8.004128552585135226e-02 7.195916246670433503e-02 5.890424277087045329e-02 6.525159854055422037e-02 6.881163052985464490e-02 9.152391835415356336e-02
1.082144056349283456e-01 6.509610652405192766e-02 3.843163095335748458e-02 3.322921758951324911e-02 4.034072747302498707e-02 5.505922674913599907e-02 6.924939235078353406e-02 6.339474093321528780e-02 5.568513338807937890e-02 6.881163052985464490e-02 8.268029998700643368e-02 1.183140334335875399e-01
1.650218812869511109e-01 9.721475297176129793e-02 5.469263442742269832e-02 4.361552010785950395e-02 4.934812734344959373e-02 6.482777240926322626e-02 8.033604923618592464e-02 7.449145910703652840e-02 6.894916484014378122e-02 9.152391835415356336e-02 1.183140334335875399e-01 1.794339637432517398e-01
1.105197510145534551e-01 1.189370895495852898e-01 1.234962399633310615e-01 9.091231861562687477e-02 6.294069199011545490e-02 6.490462634361650329e-02 6.699424884985555328e-02 6.828852236961210909e-02 6.452293721325266795e-02 7.117231914070112908e-02 8.231153266669033464e-02 8.964829508418023507e-02
1.189370895495852898e-01 1.389551107440539224e-01 1.492200948199332577e-01 1.077112817863978278e-01 7.126616222412729407e-02 6.991620488627792174e-02 6.985744868065468793e-02 6.980745920830212781e-02 6.514081428758133896e-02 7.136949725603448924e-02 8.281393388806482236e-02 9.225000193125947046e-02
1.234962399633310615e-01 1.492200948199332577e-01 1.705883049919302563e-01 1.239724889033219646e-01 8.095397379055052633e-02 7.789926786457027075e-02 7.653528712039497917e-02 7.540713942806689940e-02 6.938608748128341497e-02 7.491305710715195909e-02 8.584629042925269460e-02 9.507972179195400830e-02
9.091231861562687477e-02 1.077112817863978278e-01 1.239724889033219646e-01 9.419306464824922509e-02 6.352363551792200580e-02 6.285105801611901022e-02 6.254581368365383365e-02 6.179204146939746428e-02 5.655378473633462799e-02 6.028201182866006758e-02 6.761803095907323313e-02 7.246426176687126297e-02
6.294069199011545490e-02 7.126616222412729407e-02 8.095397379055052633e-02 6.352363551792200580e-02 4.557413094676956988e-02 4.753584997580947991e-02 4.859065819383934226e-02 4.853571006629427143e-02 4.443037219162421225e-02 4.693142737632366446e-02 5.151521573594489145e-02 5.294473890292167306e-02
6.490462634361650329e-02 6.991620488627792174e-02 7.789926786457027075e-02 6.285105801611901022e-02 4.753584997580947991e-02 5.237262402118655208e-02 5.497729097184882174e-02 5.555465844400164777e-02 5.097947630109621320e-02 5.357911209298275856e-02 5.788919726819896638e-02 5.745126441055224686e-02
6.699424884985555328e-02 6.985744868065468793e-02 7.653528712039497917e-02 6.254581368365383365e-02 4.859065819383934226e-02 5.497729097184882174e-02 5.884614517801225325e-02 6.002099612191678923e-02 5.530127325084215756e-02 5.813745477404459738e-02 6.246778906815959875e-02 6.098212807264139640e-02
6.828852236961210909e-02 6.980745920830212781e-02 7.540713942806689940e-02 6.179204146939746428e-02 4.853571006629427143e-02 5.555465844400164777e-02 6.002099612191678923e-02 6.176804700510989815e-02 5.722342616400889759e-02 6.037417231790209726e-02 6.489694867926561195e-02 6.299303976960665685e-02
6.452293721325266795e-02 6.514081428758133896e-02 6.938608748128341497e-02 5.655378473633462799e-02 4.443037219162421225e-02 5.097947630109621320e-02 5.530127325084215756e-02 5.722342616400889759e-02 5.346218689660767187e-02 5.683108159013142147e-02 6.142926806005558071e-02 5.974278784016046062e-02
7.117231914070112908e-02 7.136949725603448924e-02 7.491305710715195909e-02 6.028201182866006758e-02 4.693142737632366446e-02 5.357911209298275856e-02 5.813745477404459738e-02 6.037417231790209726e-02 5.683108159013142147e-02 6.116828900380851669e-02 6.685744527306737572e-02 6.561180570050671734e-02
8.231153266669033464e-02 8.281393388806482236e-02 8.584629042925269460e-02 6.761803095907323313e-02 5.151521573594489145e-02 5.788919726819896638e-02 6.246778906815959875e-02 6.489694867926561195e-02 6.142926806005558071e-02 6.685744527306737572e-02 7.454319803759255902e-02 7.462127221667765042e-02
8.964829508418023507e-02 9.225000193125947046e-02 9.507972179195400830e-02 7.246426176687126297e-02 5.294473890292167306e-02 5.745126441055224686e-02 6.098212807264139640e-02 6.299303976960665685e-02 5.974278784016046062e-02 6.561180570050671734e-02 7.462127221667765042e-02 7.800914751212612019e-02
7.851713596083562119e-02 7.227033672867419489e-02 7.495910351637748159e-02 5.816584047659995038e-02 5.983773421413947358e-02 6.853487436052814463e-02 6.646219667873373704e-02 5.290261153752297274e-02 7.424040817658979219e-02 8.370303534725542782e-02 9.891406272702546465e-02 7.974623258994109620e-02
7.227033672867419489e-02 7.001453732231516236e-02 7.468199319018600790e-02 5.853981304291316218e-02 6.042915387682255834e-02 6.887337425273801217e-02 6.562200824270522648e-02 5.003749717506193739e-02 6.682701879320296356e-02 7.275377279656292107e-02 8.483522460864235948e-02 7.021174325670269389e-02
7.495910351637748159e-02 7.468199319018600790e-02 8.186803055495653347e-02 6.500850169283245439e-02 6.768642868804956858e-02 7.726980026428006965e-02 7.304192792459333894e-02 5.428273745011828744e-02 7.012832119827454302e-02 7.418177563919087225e-02 8.510023646287345755e-02 7.118494668154268235e-02
5.816584047659995038e-02 5.853981304291316218e-02 6.500850169283245439e-02 5.261097991101627847e-02 5.564491165780979798e-02 6.406712531528434285e-02 6.061049023855664269e-02 4.459244006903390067e-02 5.669895244387932604e-02 5.878278935994492305e-02 6.623875464427216031e-02 5.510122655243070849e-02
5.983773421413947358e-02 6.042915387682255834e-02 6.768642868804956858e-02 5.564491165780979798e-02 6.006240473478530184e-02 7.000335698114576455e-02 6.654584312596016626e-02 4.880601130927558068e-02 6.157203418550910579e-02 6.283847225765928912e-02 6.950435541883989710e-02 5.705760629044127896e-02
6.853487436052814463e-02 6.887337425273801217e-02 7.726980026428006965e-02 6.406712531528434285e-02 7.000335698114576455e-02 8.271937813515098381e-02 7.928553147951206137e-02 5.847367182670301644e-02 7.404343831760717975e-02 7.516602684650203203e-02 8.212042041915251778e-02 6.629027167757770012e-02
6.646219667873373704e-02 6.562200824270522648e-02 7.304192792459333894e-02 6.061049023855664269e-02 6.654584312596016626e-02 7.928553147951206137e-02 7.728766858176717991e-02 5.817414573250876547e-02 7.526277403165548829e-02 7.705635048609543736e-02 8.376880676361282696e-02 6.605001552864317449e-02
5.290261153752297274e-02 5.003749717506193739e-02 5.428273745011828744e-02 4.459244006903390067e-02 4.880601130927558068e-02 5.847367182670301644e-02 5.817414573250876547e-02 4.627128248941907163e-02 6.336293724847699704e-02 6.689273738885884169e-02 7.302557838949774727e-02 5.543829693820968851e-02
7.424040817658979219e-02 6.682701879320296356e-02 7.012832119827454302e-02 5.669895244387932604e-02 6.157203418550910579e-02 7.404343831760717975e-02 7.526277403165548829e-02 6.336293724847699704e-02 9.285080056050497299e-02 1.015483445099393395e-01 1.118024107221501778e-01 8.207698037959317017e-02
8.370303534725542782e-02 7.275377279656292107e-02 7.418177563919087225e-02 5.878278935994492305e-02 6.283847225765928912e-02 7.516602684650203203e-02 7.705635048609543736e-02 6.689273738885884169e-02 1.015483445099393395e-01 1.165753146281293395e-01 1.313431873620451440e-01 9.528666779517351582e-02
9.891406272702546465e-02 8.483522460864235948e-02 8.510023646287345755e-02 6.623875464427216031e-02 6.950435541883989710e-02 8.212042041915251778e-02 8.376880676361282696e-02 7.302557838949774727e-02 1.118024107221501778e-01 1.313431873620451440e-01 1.541791364473409920e-01 1.128931185128913134e-01
7.974623258994109620e-02 7.021174325670269389e-02 7.118494668154268235e-02 5.510122655243070849e-02 5.705760629044127896e-02 6.629027167757770012e-02 6.605001552864317449e-02 5.543829693820968851e-02 8.207698037959317017e-02 9.528666779517351582e-02 1.128931185128913134e-01 8.704333067377857669e-02
8.554478454673686283e-02 9.873952969911095612e-02 1.060002730988060249e-01 8.576981054928287107e-02 5.362334040776639554e-02 4.861833779045828668e-02 3.273559402591311174e-02 4.947777819729039239e-02 7.082297488116315320e-02 8.597375395002643250e-02 7.433355513074779708e-02 7.428356214727856177e-02
9.873952969911095612e-02 1.240566989725183783e-01 1.374428609036322246e-01 1.101841883930249760e-01 6.658954187049992424e-02 5.739061989464883801e-02 3.603262214932909102e-02 5.083788927228391485e-02 7.047379519718720287e-02 8.459558658260156461e-02 7.478393628961098327e-02 7.923889923445730232e-02
1.060002730988060249e-01 1.374428609036322246e-01 1.583156802597046886e-01 1.275815197889534902e-01 7.632258898199770214e-02 6.457533338099558096e-02 3.933055451807744574e-02 5.366789238288978414e-02 7.308076289020951077e-02 8.689748685186804433e-02 7.701385404644808808e-02 8.290871312251141267e-02
8.576981054928287107e-02 1.101841883930249760e-01 1.275815197889534902e-01 1.049199616160973181e-01 6.344245756460434316e-02 5.429062087621992078e-02 3.345313738956275096e-02 4.620620927805896283e-02 6.321066902424701817e-02 7.499935397759269207e-02 6.544771549984249037e-02 6.862582276000550596e-02
5.362334040776639554e-02 6.658954187049992424e-02 7.632258898199770214e-02 6.344245756460434316e-02 3.943082348685864047e-02 3.485508695050372474e-02 2.232195553475701394e-02 3.207705837889286704e-02 4.466786430766810090e-02 5.314945593022274428e-02 4.530445310745798843e-02 4.521863574003576886e-02
4.861833779045828668e-02 5.739061989464883801e-02 6.457533338099558096e-02 5.429062087621992078e-02 3.485508695050372474e-02 3.230384925091168286e-02 2.181280868427509095e-02 3.294815926960213692e-02 4.687261007687353737e-02 5.602048356906101645e-02 4.659892685793620704e-02 4.393080361938186268e-02
3.273559402591311174e-02 3.603262214932909102e-02 3.933055451807744574e-02 3.345313738956275096e-02 2.232195553475701394e-02 2.181280868427509095e-02 1.578720894224993482e-02 2.528275605712670265e-02 3.683696910198267643e-02 4.430424371159883551e-02 3.605928906438944648e-02 3.208640183050877337e-02
4.947777819729039239e-02 5.083788927228391485e-02 5.366789238288978414e-02 4.620620927805896283e-02 3.207705837889286704e-02 3.294815926960213692e-02 2.528275605712670265e-02 4.242788280697527836e-02 6.293375656344468716e-02 7.606063453494013582e-02 6.098349287052433343e-02 5.197016961415235059e-02
7.082297488116315320e-02 7.047379519718720287e-02 7.308076289020951077e-02 6.321066902424701817e-02 4.466786430766810090e-02 4.687261007687353737e-02 3.683696910198267643e-02 6.293375656344468716e-02 9.423013408661479184e-02 1.142734679895612698e-01 9.121045468567476333e-02 7.652311192951535834e-02
8.597375395002643250e-02 8.459558658260156461e-02 8.689748685186804433e-02 7.499935397759269207e-02 5.314945593022274428e-02 5.602048356906101645e-02 4.430424371159883551e-02 7.606063453494013582e-02 1.142734679895612698e-01 1.394480681025946633e-01 1.115688598721166214e-01 9.350279178709847150e-02
7.433355513074779708e-02 7.478393628961098327e-02 7.701385404644808808e-02 6.544771549984249037e-02 4.530445310745798843e-02 4.659892685793620704e-02 3.605928906438944648e-02 6.098349287052433343e-02 9.121045468567476333e-02 1.115688598721166214e-01 9.104892398167334366e-02 7.840934302770830033e-02
7.428356214727856177e-02 7.923889923445730232e-02 8.290871312251141267e-02 6.862582276000550596e-02 4.521863574003576886e-02 4.393080361938186268e-02 3.208640183050877337e-02 5.197016961415235059e-02 7.652311192951535834e-02 9.350279178709847150e-02 7.840934302770830033e-02 7.248598394706484704e-02
8.434192659049635776e-02 1.014767684043100943e-01 7.360162864042130160e-02 7.181584634836155057e-02 7.415528263385459673e-02 7.185479518922457953e-02 5.764716249597631736e-02 6.608099683583140704e-02 5.839428835060780920e-02 6.605812725534852825e-02 8.662596657209573059e-02 7.243777088608040204e-02
1.014767684043100943e-01 1.259141889252898827e-01 9.244833779351266378e-02 9.084430591515715858e-02 9.346071986006243559e-02 8.935644998985042831e-02 7.011214634419798974e-02 7.856346688258045163e-02 6.829924915631187254e-02 7.637968628417302064e-02 9.998707557933819712e-02 8.493861090665225100e-02
7.360162864042130160e-02 9.244833779351266378e-02 7.108838577780594858e-02 7.325134534072547110e-02 7.743667780762167330e-02 7.432554428759113874e-02 5.729228581922417296e-02 6.253840296513578367e-02 5.265776415082501494e-02 5.694864503336871664e-02 7.300935102903466367e-02 6.158290364889403706e-02
7.181584634836155057e-02 9.084430591515715858e-02 7.325134534072547110e-02 8.123835133816688370e-02 8.957744161845987430e-02 8.704634716272835471e-02 6.623379525177888749e-02 7.054641229839188343e-02 5.723404432862216201e-02 5.920721302701614785e-02 7.349527138127615045e-02 6.079483810276372496e-02
7.415528263385459673e-02 9.346071986006243559e-02 7.743667780762167330e-02 8.957744161845987430e-02 1.033603481542266500e-01 1.023333628385275085e-01 7.789545825996888051e-02 8.228674528159574120e-02 6.535811820301133668e-02 6.560162110524275780e-02 7.933485147475108357e-02 6.409646778953514978e-02
7.185479518922457953e-02 8.935644998985042831e-02 7.432554428759113874e-02 8.704634716272835471e-02 1.023333628385275085e-01 1.041332695615442283e-01 8.037596561016022156e-02 8.560797497049811577e-02 6.778741469938145969e-02 6.736423210414266283e-02 8.041740313545889252e-02 6.363475292736686661e-02
5.764716249597631736e-02 7.011214634419798974e-02 5.729228581922417296e-02 6.623379525177888749e-02 7.789545825996888051e-02 8.037596561016022156e-02 6.406019839541232663e-02 7.004218382460444814e-02 5.623977938245414143e-02 5.639021668264569687e-02 6.732397409083099027e-02 5.239384352190930294e-02
6.608099683583140704e-02 7.856346688258045163e-02 6.253840296513578367e-02 7.054641229839188343e-02 8.228674528159574120e-02 8.560797497049811577e-02 7.004218382460444814e-02 7.927345853486789107e-02 6.501789541409155881e-02 6.632754257227768679e-02 7.972725802424392161e-02 6.136413401035493986e-02
5.839428835060780920e-02 6.829924915631187254e-02 5.265776415082501494e-02 5.723404432862216201e-02 6.535811820301133668e-02 6.778741469938145969e-02 5.623977938245414143e-02 6.501789541409155881e-02 5.516451156523602406e-02 5.803968442464504940e-02 7.100956018445245266e-02 5.468384835297535052e-02
6.605812725534852825e-02 7.637968628417302064e-02 5.694864503336871664e-02 5.920721302701614785e-02 6.560162110524275780e-02 6.736423210414266283e-02 5.639021668264569687e-02 6.632754257227768679e-02 5.803968442464504940e-02 6.364765935082367099e-02 7.979879587503102556e-02 6.189148026405438818e-02
8.662596657209573059e-02 9.998707557933819712e-02 7.300935102903466367e-02 7.349527138127615045e-02 7.933485147475108357e-02 8.041740313545889252e-02 6.732397409083099027e-02 7.972725802424392161e-02 7.100956018445245266e-02 7.979879587503102556e-02 1.025415282227051528e-01 8.049232714449032489e-02
7.243777088608040204e-02 8.493861090665225100e-02 6.158290364889403706e-02 6.079483810276372496e-02 6.409646778953514978e-02 6.363475292736686661e-02 5.239384352190930294e-02 6.136413401035493986e-02 5.468384835297535052e-02 6.189148026405438818e-02 8.049232714449032489e-02 6.523617358342528871e-02
1.072872803005175818e-01 8.807921898927836835e-02 7.643624527490114340e-02 8.578945233319107411e-02 9.159029633218790378e-02 6.409758077506587381e-02 4.526598621963862090e-02 5.188243092888450425e-02 7.096855010218744431e-02 1.014756943791223776e-01 9.962655907027243019e-02 9.289960140198297300e-02
