2.878992434042660920e-01 2.991487203652331006e-01 1.480009014455958283e-01 2.219382037835028465e-02 -5.968439279272234887e-02 -7.818962952461594451e-02 1.975697762653930156e-02 1.108407886492512595e-01 1.608179462453470099e-01 1.984124829967037207e-01
2.991487203652331006e-01 3.897018124716252752e-01 2.670527551304663905e-01 1.630496825872847222e-01 1.530271826841521701e-02 -9.313852107882431008e-02 -5.052190691817801116e-02 1.331102568771087499e-02 8.169498057493325416e-02 1.594964094842948876e-01
1.480009014455958283e-01 2.670527551304663905e-01 2.600917110390397191e-01 2.525653038268600992e-01 1.248220980015170983e-01 -7.722475557923184561e-03 -7.196207117536684850e-02 -8.634808470657157065e-02 -4.409677895105269113e-02 3.115394294896738081e-02
2.219382037835028465e-02 1.630496825872847222e-01 2.525653038268600992e-01 3.479778679515521667e-01 2.588060665799566396e-01 1.376317276462873940e-01 -4.192368798463258495e-02 -1.368346751361800839e-01 -1.307986115918071679e-01 -6.889363464130696113e-02
-5.968439279272234887e-02 1.530271826841521701e-02 1.248220980015170983e-01 2.588060665799566396e-01 2.936604014751050817e-01 3.070465111633304267e-01 9.641013137674087075e-02 -3.027080240177602855e-02 -7.794933997924652358e-02 -7.637540545816962068e-02
-7.818962952461594451e-02 -9.313852107882431008e-02 -7.722475557923184561e-03 1.376317276462873940e-01 3.070465111633304267e-01 5.128570667186833631e-01 2.937629637669363358e-01 1.582340234718178085e-01 5.321928231083207506e-02 -1.859139312944238509e-02
1.975697762653930156e-02 -5.052190691817801116e-02 -7.196207117536684850e-02 -4.192368798463258495e-02 9.641013137674087075e-02 2.937629637669363358e-01 2.489787053794202953e-01 2.194808159384853685e-01 1.515524931245499363e-01 7.937756664507306104e-02
1.108407886492512595e-01 1.331102568771087499e-02 -8.634808470657157065e-02 -1.368346751361800839e-01 -3.027080240177602855e-02 1.582340234718178085e-01 2.194808159384853685e-01 2.663153167803778976e-01 2.262182711615553787e-01 1.585081025163391222e-01
1.608179462453470099e-01 8.169498057493325416e-02 -4.409677895105269113e-02 -1.307986115918071679e-01 -7.794933997924652358e-02 5.321928231083207506e-02 1.515524931245499363e-01 2.262182711615553787e-01 2.195408825714041945e-01 1.776975547897297614e-01
1.984124829967037207e-01 1.594964094842948876e-01 3.115394294896738081e-02 -6.889363464130696113e-02 -7.637540545816962068e-02 -1.859139312944238509e-02 7.937756664507306104e-02 1.585081025163391222e-01 1.776975547897297614e-01 1.729769922085268863e-01
2.945778993161122239e-01 2.024839662082829062e-01 1.508985963231254668e-01 6.292536046974221697e-02 -7.381332192595813080e-02 -1.038214009726453196e-01 -7.856840825498401237e-02 -3.755989000677083245e-02 1.344387063042780661e-01 3.043564673272836640e-01
2.024839662082829062e-01 1.603292228954688037e-01 1.507579653418567034e-01 1.194927232806500955e-01 5.037029265860182986e-03 -6.008942470918231249e-02 -7.520393183751931943e-02 -8.762742907249021496e-02 4.645745068731570171e-02 1.848565870761071095e-01
1.508985963231254668e-01 1.507579653418567034e-01 1.981825411124182035e-01 2.480252777366096228e-01 1.416384382373027107e-01 1.094667616471745909e-02 -5.605729310500144613e-02 -1.104720507206911895e-01 -7.646901042995380912e-03 1.106771052187295323e-01
6.292536046974221697e-02 1.194927232806500955e-01 2.480252777366096228e-01 4.341237375713847269e-01 3.604146833922614590e-01 1.446955594689633973e-01 1.121175900294279874e-02 -7.417503533701948204e-02 -4.869947097114497858e-02 7.470175238807395639e-03
-7.381332192595813080e-02 5.037029265860182986e-03 1.416384382373027107e-01 3.604146833922614590e-01 3.981893441420474300e-01 2.250736998038753711e-01 1.079345654645094826e-01 6.754845699744183030e-02 -2.828967732167276400e-02 -9.646958410681076568e-02
-1.038214009726453196e-01 -6.008942470918231249e-02 1.094667616471745909e-02 1.446955594689633973e-01 2.250736998038753711e-01 1.733588673323907536e-01 1.337167844940170824e-01 1.661431537498836986e-01 3.671301118527270368e-02 -8.153678983468290453e-02
-7.856840825498401237e-02 -7.520393183751931943e-02 -5.605729310500144613e-02 1.121175900294279874e-02 1.079345654645094826e-01 1.337167844940170824e-01 1.571261354849906589e-01 2.640075152927763291e-01 1.244241623887939463e-01 -1.426085900823408949e-02
-3.755989000677083245e-02 -8.762742907249021496e-02 -1.104720507206911895e-01 -7.417503533701948204e-02 6.754845699744183030e-02 1.661431537498836986e-01 2.640075152927763291e-01 5.248224040751944264e-01 3.180938584634076527e-01 1.095237574526669172e-01
1.344387063042780661e-01 4.645745068731570171e-02 -7.646901042995380912e-03 -4.869947097114497858e-02 -2.828967732167276400e-02 3.671301118527270368e-02 1.244241623887939463e-01 3.180938584634076527e-01 2.879796964711648366e-01 2.433677528742049789e-01
3.043564673272836640e-01 1.848565870761071095e-01 1.106771052187295323e-01 7.470175238807395639e-03 -9.646958410681076568e-02 -8.153678983468290453e-02 -1.426085900823408949e-02 1.095237574526669172e-01 2.433677528742049789e-01 3.713101515988277979e-01
2.730225614844094539e-01 3.009954694907019945e-01 1.515757999971295011e-01 1.108970744502097740e-02 -7.474045285898454904e-02 -1.048553857051936211e-01 -7.446610256814101270e-02 2.026300860665434730e-02 1.388330619450204861e-01 1.952301963659887341e-01
3.009954694907019945e-01 4.103740622281404349e-01 2.791793532299469138e-01 1.447370263174351246e-01 1.627654657624566861e-02 -6.234160755479359328e-02 -9.273817094481649759e-02 -6.367063493217925418e-02 5.287316102109365645e-02 1.623394218437573810e-01
1.515757999971295011e-01 2.791793532299469138e-01 2.713867585135809612e-01 2.415584452607246468e-01 1.470235025018924724e-01 6.650488703583512518e-02 -9.289849641629766008e-03 -6.865033678116211346e-02 -4.609124678046806756e-02 3.610882699722020583e-02
1.108970744502097740e-02 1.447370263174351246e-01 2.415584452607246468e-01 3.170116575865931097e-01 2.628997262387477996e-01 1.921902518641603885e-01 9.059512841537403771e-02 -3.337548727973259355e-02 -1.044352351679598834e-01 -6.775172662975699478e-02
-7.474045285898454904e-02 1.627654657624566861e-02 1.470235025018924724e-01 2.628997262387477996e-01 2.630562171123621562e-01 2.289630916936626903e-01 1.526131143835259829e-01 3.879150727097795126e-02 -7.740772589230446310e-02 -9.706485172820081275e-02
-1.048553857051936211e-01 -6.234160755479359328e-02 6.650488703583512518e-02 1.921902518641603885e-01 2.289630916936626903e-01 2.394166091547058062e-01 2.086461189791669890e-01 1.390822785449554455e-01 1.740102079537173604e-03 -7.524502480876837929e-02
-7.446610256814101270e-02 -9.273817094481649759e-02 -9.289849641629766008e-03 9.059512841537403771e-02 1.526131143835259829e-01 2.086461189791669890e-01 2.541389132815746743e-01 2.739704245388980830e-01 1.443341284354106580e-01 6.552820803123204224e-03
2.026300860665434730e-02 -6.367063493217925418e-02 -6.865033678116211346e-02 -3.337548727973259355e-02 3.879150727097795126e-02 1.390822785449554455e-01 2.739704245388980830e-01 4.260782163423483260e-01 3.339675455471962096e-01 1.427514586651009165e-01
1.388330619450204861e-01 5.287316102109365645e-02 -4.609124678046806756e-02 -1.044352351679598834e-01 -7.740772589230446310e-02 1.740102079537173604e-03 1.443341284354106580e-01 3.339675455471962096e-01 3.501471006628552041e-01 2.187667189832890602e-01
1.952301963659887341e-01 1.623394218437573810e-01 3.610882699722020583e-02 -6.775172662975699478e-02 -9.706485172820081275e-02 -7.524502480876837929e-02 6.552820803123204224e-03 1.427514586651009165e-01 2.187667189832890602e-01 1.953679036334353414e-01
3.174329176202329572e-01 2.373147047261081888e-01 1.900794944660562091e-01 6.267163582102253105e-02 -9.115940827669130608e-02 -9.623173703833910742e-02 -1.335517434866234122e-02 8.846878674342584237e-02 1.858420013781558744e-01 2.293582440890241658e-01
2.373147047261081888e-01 2.184939574304364251e-01 2.274117265979802294e-01 1.424748433919478807e-01 -2.233613196146294611e-02 -9.834468510883591363e-02 -6.961685493192718011e-02 -1.264421349306206130e-02 6.741618821513797877e-02 1.374870024808979296e-01
1.900794944660562091e-01 2.274117265979802294e-01 3.095434718289700737e-01 2.803900372246033168e-01 1.060015397675643789e-01 -6.453243937345025383e-02 -1.053527004882322399e-01 -9.473229883981001964e-02 -2.957616084886641877e-02 6.843576544333659917e-02
6.267163582102253105e-02 1.424748433919478807e-01 2.803900372246033168e-01 3.777399247045900577e-01 3.129819534607943821e-01 9.389344443044606026e-02 -3.827780405501528260e-02 -9.680205396775368176e-02 -8.989059304125891769e-02 -2.201721707752523488e-02
-9.115940827669130608e-02 -2.233613196146294611e-02 1.060015397675643789e-01 3.129819534607943821e-01 4.685173888611117166e-01 3.134817757729239651e-01 1.347547193057426484e-01 2.912207469094172177e-02 -4.279058585205409992e-02 -7.286453649806050314e-02
-9.623173703833910742e-02 -9.834468510883591363e-02 -6.453243937345025383e-02 9.389344443044606026e-02 3.134817757729239651e-01 3.194591795933541256e-01 2.212272391816869632e-01 1.599325756445785229e-01 8.168583434536864918e-02 -1.356523600327332740e-02
-1.335517434866234122e-02 -6.961685493192718011e-02 -1.053527004882322399e-01 -3.827780405501528260e-02 1.347547193057426484e-01 2.212272391816869632e-01 2.141461473768194734e-01 2.144067503546013553e-01 1.702342969322825361e-01 6.917129843405640799e-02
8.846878674342584237e-02 -1.264421349306206130e-02 -9.473229883981001964e-02 -9.680205396775368176e-02 2.912207469094172177e-02 1.599325756445785229e-01 2.144067503546013553e-01 2.707902586222224461e-01 2.611215532506132586e-01 1.590395523730588623e-01
1.858420013781558744e-01 6.741618821513797877e-02 -2.957616084886641877e-02 -8.989059304125891769e-02 -4.279058585205409992e-02 8.168583434536864918e-02 1.702342969322825361e-01 2.611215532506132586e-01 2.963457385267134203e-01 2.205675149486082676e-01
2.293582440890241658e-01 1.374870024808979296e-01 6.843576544333659917e-02 -2.201721707752523488e-02 -7.286453649806050314e-02 -1.356523600327332740e-02 6.917129843405640799e-02 1.590395523730588623e-01 2.205675149486082676e-01 2.075310154355511361e-01
3.795323496606330949e-01 2.734257477042539852e-01 1.476633179778253924e-01 1.930404553192246932e-03 -8.465697503804639479e-02 -9.673318707860767418e-02 -9.007958830569826048e-02 1.234538844444491024e-02 1.675610422256159360e-01 2.813429409294057604e-01
2.734257477042539852e-01 2.941316694052742986e-01 2.698188763709281068e-01 1.414386099926001061e-01 1.746927302297793250e-02 -6.077572884780736012e-02 -1.123681024594668509e-01 -5.958312596617369727e-02 -5.181778646407041340e-03 1.217466884765523449e-01
1.476633179778253924e-01 2.698188763709281068e-01 3.647189985634425313e-01 2.893336305913964956e-01 1.635778030499518421e-01 3.772534506435784585e-02 -4.635025020924808670e-02 -6.997725972530231819e-02 -1.080919837858236726e-01 -1.248111811600952602e-02
1.930404553192246932e-03 1.414386099926001061e-01 2.893336305913964956e-01 3.121110264327542350e-01 2.514654603029442548e-01 1.450956444545452029e-01 8.563229223428885095e-02 -5.449351127324182295e-03 -8.837110421385190040e-02 -7.819732624913761088e-02
-8.465697503804639479e-02 1.746927302297793250e-02 1.635778030499518421e-01 2.514654603029442548e-01 2.692317122667988727e-01 2.105658173697738111e-01 1.959828401259565422e-01 7.312289506532115846e-02 -6.085266022833857834e-03 -7.238216959614718338e-02
-9.673318707860767418e-02 -6.077572884780736012e-02 3.772534506435784585e-02 1.450956444545452029e-01 2.105658173697738111e-01 2.100104063057358639e-01 2.409479892808009394e-01 1.272312485949458338e-01 8.606262346948516384e-02 -1.852460022561499414e-02
-9.007958830569826048e-02 -1.123681024594668509e-01 -4.635025020924808670e-02 8.563229223428885095e-02 1.959828401259565422e-01 2.409479892808009394e-01 3.226907596161426306e-01 2.012889230582746991e-01 1.982707423688752080e-01 5.097413118648032315e-02
1.234538844444491024e-02 -5.958312596617369727e-02 -6.997725972530231819e-02 -5.449351127324182295e-03 7.312289506532115846e-02 1.272312485949458338e-01 2.012889230582746991e-01 1.579960015928024708e-01 2.126427060918366363e-01 1.199113071746489706e-01
1.675610422256159360e-01 -5.181778646407041340e-03 -1.080919837858236726e-01 -8.837110421385190040e-02 -6.085266022833857834e-03 8.606262346948516384e-02 1.982707423688752080e-01 2.126427060918366363e-01 3.780915931332856084e-01 2.941512966508472715e-01
2.813429409294057604e-01 1.217466884765523449e-01 -1.248111811600952602e-02 -7.819732624913761088e-02 -7.238216959614718338e-02 -1.852460022561499414e-02 5.097413118648032315e-02 1.199113071746489706e-01 2.941512966508472715e-01 3.114854830231322258e-01
2.896744317567550020e-01 2.677606080414147716e-01 1.480025372838033593e-01 4.881485840231655771e-02 -3.403215824045459359e-02 -6.222329373577652895e-02 -8.373388524092911789e-02 -5.675710110447864526e-02 9.913649310106770196e-02 2.824395269520640905e-01
2.677606080414147716e-01 3.071722512927980153e-01 2.106789859092061956e-01 1.331378480645954709e-01 7.204781049626068912e-02 -2.272251663791401838e-02 -1.007847111189384970e-01 -1.400230702734511223e-01 -1.196140487060778218e-02 1.901476777815360730e-01
1.480025372838033593e-01 2.106789859092061956e-01 1.849152202897200448e-01 1.725580851055107390e-01 1.742226138632330668e-01 5.307657310243699134e-02 -3.386528747644906856e-02 -9.768179535264237545e-02 -5.298260767233793633e-02 6.405274105468419799e-02
4.881485840231655771e-02 1.331378480645954709e-01 1.725580851055107390e-01 2.318591242144251163e-01 3.064355143840999940e-01 1.481639318088034674e-01 5.407530887592696539e-02 -2.489683610517841317e-02 -6.174152518186480643e-02 -3.208032809643734939e-02
-3.403215824045459359e-02 7.204781049626068912e-02 1.742226138632330668e-01 3.064355143840999940e-01 4.711940736580325639e-01 2.602842577555053438e-01 1.572744517552614463e-01 6.887176243808651455e-02 -4.814644004199397642e-02 -1.058290945870536126e-01
-6.222329373577652895e-02 -2.272251663791401838e-02 5.307657310243699134e-02 1.481639318088034674e-01 2.602842577555053438e-01 1.705398321784096227e-01 1.450293826869444858e-01 1.272994622897263839e-01 3.259346104096054464e-02 -5.979044296124076674e-02
-8.373388524092911789e-02 -1.007847111189384970e-01 -3.386528747644906856e-02 5.407530887592696539e-02 1.572744517552614463e-01 1.450293826869444858e-01 1.900842794526523272e-01 2.459791540993249703e-01 1.504759337429963650e-01 7.081040051506539736e-04
-5.675710110447864526e-02 -1.400230702734511223e-01 -9.768179535264237545e-02 -2.489683610517841317e-02 6.887176243808651455e-02 1.272994622897263839e-01 2.459791540993249703e-01 3.990003359858179666e-01 3.193686857654097766e-01 1.259490151995768803e-01
9.913649310106770196e-02 -1.196140487060778218e-02 -5.298260767233793633e-02 -6.174152518186480643e-02 -4.814644004199397642e-02 3.259346104096054464e-02 1.504759337429963650e-01 3.193686857654097766e-01 3.598134862345775398e-01 2.830139011194254262e-01
2.824395269520640905e-01 1.901476777815360730e-01 6.405274105468419799e-02 -3.208032809643734939e-02 -1.058290945870536126e-01 -5.979044296124076674e-02 7.081040051506539736e-04 1.259490151995768803e-01 2.830139011194254262e-01 3.957469649368060005e-01
3.153273869562110976e-01 3.520540130495191100e-01 1.387197678825439207e-01 -3.023529746573509671e-03 -8.083844475582441236e-02 -8.652983552159201897e-02 -3.589579464228950800e-02 5.196393828307654950e-02 1.243058746573569157e-01 1.828564193881034861e-01
3.520540130495191100e-01 4.877126557482376890e-01 2.620560471477252351e-01 1.266805843471130455e-01 2.293142711574923734e-02 -4.536841449496545331e-02 -7.574069275331976603e-02 -5.513525366779237907e-02 3.186817739600604493e-02 1.482915373619027588e-01
1.387197678825439207e-01 2.620560471477252351e-01 2.057599861329820201e-01 1.898972856754675975e-01 1.465343810904446986e-01 7.167371821546952848e-02 -1.370825492023664341e-02 -7.728650074667445247e-02 -5.760010909420001241e-02 1.658906021587000512e-02
-3.023529746573509671e-03 1.266805843471130455e-01 1.898972856754675975e-01 2.727152860455470673e-01 2.775814649139833334e-01 1.950932674363616837e-01 6.506558686539321013e-02 -6.725704604046398027e-02 -1.090030720015950916e-01 -7.137242609240024294e-02
-8.083844475582441236e-02 2.293142711574923734e-02 1.465343810904446986e-01 2.775814649139833334e-01 3.289275385143728414e-01 2.682123618544054455e-01 1.467787851404339095e-01 3.888225253688633830e-03 -8.453606236204845581e-02 -9.458671352621429718e-02
-8.652983552159201897e-02 -4.536841449496545331e-02 7.167371821546952848e-02 1.950932674363616837e-01 2.682123618544054455e-01 2.687727039900648096e-01 2.174778964413388027e-01 1.307864518826908906e-01 1.851389364472485338e-02 -4.726588252734943707e-02
-3.589579464228950800e-02 -7.574069275331976603e-02 -1.370825492023664341e-02 6.506558686539321013e-02 1.467787851404339095e-01 2.174778964413388027e-01 2.779679313219809433e-01 2.902035919405659969e-01 1.710665728824506682e-01 4.880584865987407789e-02
5.196393828307654950e-02 -5.513525366779237907e-02 -7.728650074667445247e-02 -6.725704604046398027e-02 3.888225253688633830e-03 1.307864518826908906e-01 2.902035919405659969e-01 4.133797766187260470e-01 3.082504671620339698e-01 1.540043802079849311e-01
1.243058746573569157e-01 3.186817739600604493e-02 -5.760010909420001241e-02 -1.090030720015950916e-01 -8.453606236204845581e-02 1.851389364472485338e-02 1.710665728824506682e-01 3.082504671620339698e-01 2.739749921322504056e-01 1.743941567150861238e-01
1.828564193881034861e-01 1.482915373619027588e-01 1.658906021587000512e-02 -7.137242609240024294e-02 -9.458671352621429718e-02 -4.726588252734943707e-02 4.880584865987407789e-02 1.540043802079849311e-01 1.743941567150861238e-01 1.554617425396263575e-01
3.641973640422526137e-01 3.105186059778749508e-01 1.809763438479159992e-01 8.139609915412177044e-02 -2.864931056016272598e-02 -1.172483180751067999e-01 -6.222951131268932706e-02 3.141112837217442666e-02 1.523737002561178500e-01 2.134967077012235037e-01
3.105186059778749508e-01 3.206676197277311680e-01 2.332609062148043866e-01 1.697728279656804395e-01 4.421071811599647239e-02 -5.424893455738210440e-02 -7.364711289261183236e-02 -5.838608464975379719e-02 2.290425657275278054e-02 1.343875705113216634e-01
1.809763438479159992e-01 2.332609062148043866e-01 2.178005636400764389e-01 2.155245835553202816e-01 1.196301969331850928e-01 5.983434885462619868e-02 -2.771952870911886108e-02 -8.688167768902058108e-02 -7.019171306708765767e-02 3.780597308469057366e-02
8.139609915412177044e-02 1.697728279656804395e-01 2.155245835553202816e-01 2.790121305337434632e-01 2.125321434594625858e-01 2.022337826353846624e-01 4.524070749834314953e-02 -8.110679991155307633e-02 -1.255028093609711071e-01 -3.272077209630931682e-02
-2.864931056016272598e-02 4.421071811599647239e-02 1.196301969331850928e-01 2.125321434594625858e-01 2.175010585662792151e-01 2.804154896996549629e-01 1.297652731449547847e-01 8.160976941301269910e-03 -7.277033142844005487e-02 -5.719814772575559231e-02
-1.172483180751067999e-01 -5.424893455738210440e-02 5.983434885462619868e-02 2.022337826353846624e-01 2.804154896996549629e-01 4.525514565105968612e-01 2.735143931740401380e-01 1.413139845076896162e-01 1.057501538951242936e-02 -6.472642680641638169e-02
-6.222951131268932706e-02 -7.364711289261183236e-02 -2.771952870911886108e-02 4.524070749834314953e-02 1.297652731449547847e-01 2.735143931740401380e-01 2.285780495159512871e-01 2.139523085916252565e-01 1.498189747513291592e-01 2.544964827457473974e-02
3.141112837217442666e-02 -5.838608464975379719e-02 -8.688167768902058108e-02 -8.110679991155307633e-02 8.160976941301269910e-03 1.413139845076896162e-01 2.139523085916252565e-01 3.237819602604877223e-01 3.280260263201141835e-01 1.450631795637328247e-01
1.523737002561178500e-01 2.290425657275278054e-02 -7.019171306708765767e-02 -1.255028093609711071e-01 -7.277033142844005487e-02 1.057501538951242936e-02 1.498189747513291592e-01 3.280260263201141835e-01 4.086414589138450126e-01 2.324899158255059883e-01
2.134967077012235037e-01 1.343875705113216634e-01 3.780597308469057366e-02 -3.272077209630931682e-02 -5.719814772575559231e-02 -6.472642680641638169e-02 2.544964827457473974e-02 1.450631795637328247e-01 2.324899158255059883e-01 1.872683382890394377e-01
3.910585737480758439e-01 2.895286139374586010e-01 1.887434915406351332e-01 8.015739874617971994e-02 -3.745475557850506954e-02 -1.162171968890330087e-01 -5.700757863193240543e-02 1.113235682543380067e-02 1.239450382807501111e-01 2.671316740863868833e-01
2.895286139374586010e-01 2.446931602859226118e-01 1.926394269429067552e-01 1.305689212212621797e-01 3.992026831519747410e-02 -3.909583893129932319e-02 -5.385526621375805872e-02 -6.748613544195727898e-02 4.264782292041373324e-02 1.734588637550637802e-01
1.887434915406351332e-01 1.926394269429067552e-01 1.973552951812577450e-01 1.925225643860181968e-01 1.396983271337010613e-01 7.226750084211307212e-02 -2.365525331139519544e-02 -1.056088003836887501e-01 -2.017411479894804655e-02 8.554672265646648399e-02
8.015739874617971994e-02 1.305689212212621797e-01 1.925225643860181968e-01 2.566973926568235642e-01 2.542310472704589763e-01 2.117314759053310902e-01 3.350062499810650685e-02 -9.896112935320303117e-02 -6.285637221081563641e-02 2.262718613306499271e-04
-3.745475557850506954e-02 3.992026831519747410e-02 1.396983271337010613e-01 2.542310472704589763e-01 3.156853199652718267e-01 3.213693341066382603e-01 1.086306242116693577e-01 -1.527399290840654456e-02 -5.895993445846597208e-02 -6.653724414573222723e-02
-1.162171968890330087e-01 -3.909583893129932319e-02 7.226750084211307212e-02 2.117314759053310902e-01 3.213693341066382603e-01 3.942476969853913604e-01 1.910585886887754548e-01 1.315540551828325855e-01 -3.065645682246108221e-03 -8.660585239082033149e-02
-5.700757863193240543e-02 -5.385526621375805872e-02 -2.365525331139519544e-02 3.350062499810650685e-02 1.086306242116693577e-01 1.910585886887754548e-01 1.645246540074347674e-01 2.587193391237602169e-01 1.103772272097373608e-01 8.280085905247593428e-03
1.113235682543380067e-02 -6.748613544195727898e-02 -1.056088003836887501e-01 -9.896112935320303117e-02 -1.527399290840654456e-02 1.315540551828325855e-01 2.587193391237602169e-01 5.905061083383693621e-01 3.229356817282788006e-01 1.438955778430620058e-01
1.239450382807501111e-01 4.264782292041373324e-02 -2.017411479894804655e-02 -6.285637221081563641e-02 -5.895993445846597208e-02 -3.065645682246108221e-03 1.103772272097373608e-01 3.229356817282788006e-01 2.220996385005239993e-01 1.665317769708267448e-01
2.671316740863868833e-01 1.734588637550637802e-01 8.554672265646648399e-02 2.262718613306499271e-04 -6.653724414573222723e-02 -8.660585239082033149e-02 8.280085905247593428e-03 1.438955778430620058e-01 1.665317769708267448e-01 2.231321603309266433e-01
2.759840386332952367e-01 1.977916726460886010e-01 1.855777434201530685e-01 6.677493979407292390e-02 -7.033274943848785710e-02 -1.087189005927173824e-01 -4.562183722453182211e-02 6.755008427665687432e-02 1.713933879667347560e-01 2.505340986443412299e-01
1.977916726460886010e-01 1.764219512212493457e-01 2.149671003368691102e-01 1.364818606656369449e-01 1.483127387504339957e-02 -7.377461764596190963e-02 -7.778178864593557340e-02 -2.513529502750237732e-02 6.454723357349970159e-02 1.477935133126164202e-01
1.855777434201530685e-01 2.149671003368691102e-01 3.320035057896325581e-01 2.817992835892240144e-01 1.510806457376929202e-01 -2.101199955584625439e-02 -1.046127554636223922e-01 -1.041822352786619388e-01 -1.132202138000023943e-02 9.671575764890552596e-02
6.677493979407292390e-02 1.364818606656369449e-01 2.817992835892240144e-01 3.265098646048030240e-01 2.903411769722336611e-01 1.218846192024706232e-01 -1.812581291808232006e-02 -8.955060114161594864e-02 -6.793019232147881614e-02 -8.779952400905625259e-03
-7.033274943848785710e-02 1.483127387504339957e-02 1.510806457376929202e-01 2.903411769722336611e-01 4.017203729334591911e-01 2.970185810594636600e-01 1.403866092149119726e-01 1.352832001116090720e-02 -6.688231098025440580e-02 -9.534632975828902235e-02
-1.087189005927173824e-01 -7.377461764596190963e-02 -2.101199955584625439e-02 1.218846192024706232e-01 2.970185810594636600e-01 3.235487246945191742e-01 2.491462335748831081e-01 1.586770187114564801e-01 2.938022554042568277e-02 -6.629345097968725176e-02
-4.562183722453182211e-02 -7.778178864593557340e-02 -1.046127554636223922e-01 -1.812581291808232006e-02 1.403866092149119726e-01 2.491462335748831081e-01 2.800809391901272205e-01 2.678697967564358517e-01 1.501023893232416306e-01 3.819247104243477658e-02
6.755008427665687432e-02 -2.513529502750237732e-02 -1.041822352786619388e-01 -8.955060114161594864e-02 1.352832001116090720e-02 1.586770187114564801e-01 2.678697967564358517e-01 3.433648120435005002e-01 2.645193171252209208e-01 1.674485069764801159e-01
1.713933879667347560e-01 6.454723357349970159e-02 -1.132202138000023943e-02 -6.793019232147881614e-02 -6.688231098025440580e-02 2.938022554042568277e-02 1.501023893232416306e-01 2.645193171252209208e-01 2.686311759932581422e-01 2.361264404730585298e-01
2.505340986443412299e-01 1.477935133126164202e-01 9.671575764890552596e-02 -8.779952400905625259e-03 -9.534632975828902235e-02 -6.629345097968725176e-02 3.819247104243477658e-02 1.674485069764801159e-01 2.361264404730585298e-01 2.717346148961532482e-01
3.848756106732005855e-01 2.423235909634830210e-01 1.232371667106019475e-01 2.869502026645811416e-02 -4.605053273463922958e-02 -9.348556640917889127e-02 -3.818978184756015304e-02 7.343737088710457217e-02 1.915996914844289301e-01 3.175297355486076389e-01
2.423235909634830210e-01 1.972527015841529507e-01 1.690808089511306178e-01 1.544000283912963511e-01 3.701246474820517329e-02 -5.218398175001225797e-02 -7.099726746209594763e-02 -7.097626411900390640e-03 7.513317572556893476e-02 1.700453566928739058e-01
1.232371667106019475e-01 1.690808089511306178e-01 2.383875810870131062e-01 3.146631165414210951e-01 1.456380994107795979e-01 1.957584419774264367e-02 -7.670736985657358731e-02 -7.081814785149712077e-02 -2.804301186520718331e-02 3.924238787644616921e-02
2.869502026645811416e-02 1.544000283912963511e-01 3.146631165414210951e-01 4.966898971360523829e-01 2.751705389685696890e-01 1.312800077750093386e-01 -3.520464671514882821e-02 -1.001177080993304880e-01 -1.038603566523145644e-01 -6.577253243276098837e-02
-4.605053273463922958e-02 3.701246474820517329e-02 1.456380994107795979e-01 2.751705389685696890e-01 2.058560775503994744e-01 1.996718249702489067e-01 1.145283569490611886e-01 1.167329370291748242e-02 -4.626485782790810963e-02 -6.985683765877749585e-02
-9.348556640917889127e-02 -5.218398175001225797e-02 1.957584419774264367e-02 1.312800077750093386e-01 1.996718249702489067e-01 3.592804425955988257e-01 3.478509243277649876e-01 1.717157360051452808e-01 4.103802964651666330e-02 -4.908229224106937238e-02
-3.818978184756015304e-02 -7.099726746209594763e-02 -7.670736985657358731e-02 -3.520464671514882821e-02 1.145283569490611886e-01 3.478509243277649876e-01 4.286357527333489736e-01 2.654453193182620407e-01 1.361813942109814379e-01 4.049269593156432090e-02
7.343737088710457217e-02 -7.097626411900390640e-03 -7.081814785149712077e-02 -1.001177080993304880e-01 1.167329370291748242e-02 1.717157360051452808e-01 2.654453193182620407e-01 2.086058898114765692e-01 1.592101145020025643e-01 1.247029623693758638e-01
1.915996914844289301e-01 7.513317572556893476e-02 -2.804301186520718331e-02 -1.038603566523145644e-01 -4.626485782790810963e-02 4.103802964651666330e-02 1.361813942109814379e-01 1.592101145020025643e-01 1.825787472234951525e-01 2.091417619896159541e-01
3.175297355486076389e-01 1.700453566928739058e-01 3.924238787644616921e-02 -6.577253243276098837e-02 -6.985683765877749585e-02 -4.908229224106937238e-02 4.049269593156432090e-02 1.247029623693758638e-01 2.091417619896159541e-01 2.978372996052660593e-01
2.557127400006758977e-01 2.230274211889465008e-01 1.474369421832077975e-01 -1.188556352504668151e-02 -1.018036093421515603e-01 -9.871196571547941057e-02 -4.701322431609758490e-02 4.664828614773790239e-02 1.695350724514468332e-01 2.465742349961834168e-01
2.230274211889465008e-01 2.857821394236277346e-01 3.016123045360593613e-01 1.209478207867790422e-01 -3.278068199281868739e-02 -9.529472426522284101e-02 -9.760729468784445917e-02 -4.869495958833929689e-02 3.962866474774526249e-02 1.427618490338400936e-01
1.474369421832077975e-01 3.016123045360593613e-01 4.534571246596612593e-01 3.070860473864314155e-01 1.256507314500214245e-01 -2.704860064886052164e-03 -7.034337863927872525e-02 -9.073706844340886923e-02 -6.992389700624616899e-02 2.016489978953618645e-02
-1.188556352504668151e-02 1.209478207867790422e-01 3.070860473864314155e-01 3.281690255236102693e-01 2.578922445693009324e-01 1.533396759940848231e-01 6.841490437837741134e-02 -9.263196279242774320e-03 -7.299922230875247053e-02 -7.823077569448343149e-02
-1.018036093421515603e-01 -3.278068199281868739e-02 1.256507314500214245e-01 2.578922445693009324e-01 3.022898432435792704e-01 2.491422403039402211e-01 1.815902773010182325e-01 9.088421997551868192e-02 -9.451745735571710424e-03 -9.058654825802592292e-02
-9.871196571547941057e-02 -9.529472426522284101e-02 -2.704860064886052164e-03 1.533396759940848231e-01 2.491422403039402211e-01 2.512409506717304675e-01 2.206497433184645973e-01 1.554136010778805754e-01 7.147645128149271443e-02 -3.469018184197281834e-02
-4.701322431609758490e-02 -9.760729468784445917e-02 -7.034337863927872525e-02 6.841490437837741134e-02 1.815902773010182325e-01 2.206497433184645973e-01 2.325315033393438036e-01 2.063800060720429042e-01 1.595195962476507745e-01 5.251455268412520694e-02
4.664828614773790239e-02 -4.869495958833929689e-02 -9.073706844340886923e-02 -9.263196279242774320e-03 9.088421997551868192e-02 1.554136010778805754e-01 2.063800060720429042e-01 2.361716592052620911e-01 2.479282784164133502e-01 1.638709260224341657e-01
1.695350724514468332e-01 3.962866474774526249e-02 -6.992389700624616899e-02 -7.299922230875247053e-02 -9.451745735571710424e-03 7.147645128149271443e-02 1.595195962476507745e-01 2.479282784164133502e-01 3.364988150859332672e-01 2.912993589329885835e-01
2.465742349961834168e-01 1.427618490338400936e-01 2.016489978953618645e-02 -7.823077569448343149e-02 -9.058654825802592292e-02 -3.469018184197281834e-02 5.251455268412520694e-02 1.638709260224341657e-01 2.912993589329885835e-01 3.181461988465739132e-01
2.989246721436978893e-01 3.398543164431112595e-01 1.335013410528748112e-01 -2.541592120132883659e-02 -9.957648883647519933e-02 -9.041827908633863486e-02 -6.199405503607358092e-02 1.697803768413288714e-02 1.328386276260389298e-01 1.736924251175892553e-01
3.398543164431112595e-01 5.055247000623526166e-01 2.919034817385224301e-01 1.093979888143171708e-01 -6.902308493150771315e-03 -5.905633691709938349e-02 -8.902840161495732818e-02 -7.041280413569793450e-02 -1.096627121721617179e-02 1.197057587596389999e-01
1.335013410528748112e-01 2.919034817385224301e-01 2.639279080769723618e-01 2.179185359186452398e-01 1.568440336089841347e-01 7.480156951132534149e-02 1.408898410661761982e-02 -4.511262467200286008e-02 -8.480556756314862332e-02 -1.032784349292640300e-03
-2.541592120132883659e-02 1.093979888143171708e-01 2.179185359186452398e-01 2.891903510764686769e-01 2.806441328787123712e-01 1.858972873074227206e-01 1.166563471030501176e-01 1.193160051130924375e-02 -8.854813799032357213e-02 -7.119894876966212371e-02
-9.957648883647519933e-02 -6.902308493150771315e-03 1.568440336089841347e-01 2.806441328787123712e-01 3.144260096637393476e-01 2.305052261496093324e-01 1.747557386691872827e-01 6.884226330984700992e-02 -3.924051236874671889e-02 -7.985856881417865982e-02
-9.041827908633863486e-02 -5.905633691709938349e-02 7.480156951132534149e-02 1.858972873074227206e-01 2.305052261496093324e-01 1.905840550615900408e-01 1.727214040253096106e-01 1.113803575432688042e-01 4.909389991680769560e-02 -3.226435013251113815e-02
-6.199405503607358092e-02 -8.902840161495732818e-02 1.408898410661761982e-02 1.166563471030501176e-01 1.747557386691872827e-01 1.727214040253096106e-01 2.004922382538029402e-01 1.883306550668534807e-01 1.803011013162695297e-01 3.837004468577104310e-02
1.697803768413288714e-02 -7.041280413569793450e-02 -4.511262467200286008e-02 1.193160051130924375e-02 6.884226330984700992e-02 1.113803575432688042e-01 1.883306550668534807e-01 2.497055907009129161e-01 3.230984432782367799e-01 1.364807671464802752e-01
1.328386276260389298e-01 -1.096627121721617179e-02 -8.480556756314862332e-02 -8.854813799032357213e-02 -3.924051236874671889e-02 4.909389991680769560e-02 1.803011013162695297e-01 3.230984432782367799e-01 5.053984688856766327e-01 2.627012732629261382e-01
1.736924251175892553e-01 1.197057587596389999e-01 -1.032784349292640300e-03 -7.119894876966212371e-02 -7.985856881417865982e-02 -3.226435013251113815e-02 3.837004468577104310e-02 1.364807671464802752e-01 2.627012732629261382e-01 1.818260060747855511e-01
3.680442405207180467e-01 3.346747005208706160e-01 1.447857270757343939e-01 3.606871449132766777e-02 -4.739998498936956461e-02 -6.807774222109512496e-02 -2.827868480364068016e-02 2.840411771741193150e-02 1.140911553604555123e-01 2.662673320866624227e-01
3.346747005208706160e-01 4.056719934411135986e-01 2.286492228743507993e-01 1.382201775676265565e-01 5.028890793617812188e-02 -5.172115793828380159e-02 -9.368805311567154903e-02 -1.190993817184831244e-01 -2.144677619463876764e-02 1.470849218406976577e-01
1.447857270757343939e-01 2.286492228743507993e-01 1.660411779858506076e-01 1.534011561077731622e-01 1.344499138205978439e-01 3.809407651492865976e-02 -4.728210947312093404e-02 -1.095795758681382126e-01 -6.893086245086145480e-02 1.340547005454512282e-02
3.606871449132766777e-02 1.382201775676265565e-01 1.534011561077731622e-01 2.172489895011067151e-01 2.757420625992463847e-01 1.702784884474412008e-01 2.303830405529370962e-02 -7.526569493245488518e-02 -8.511366229364961122e-02 -6.178882858211745543e-02
-4.739998498936956461e-02 5.028890793617812188e-02 1.344499138205978439e-01 2.757420625992463847e-01 4.344244821667876399e-01 3.342422912283783965e-01 1.329728933549656489e-01 1.878656179360348177e-02 -5.069309785942402447e-02 -8.941913423890912593e-02
-6.807774222109512496e-02 -5.172115793828380159e-02 3.809407651492865976e-02 1.702784884474412008e-01 3.342422912283783965e-01 3.241217933581793664e-01 1.943961070391579393e-01 1.493201826304954016e-01 5.743907273281580184e-02 -1.692077218296651753e-02
-2.827868480364068016e-02 -9.368805311567154903e-02 -4.728210947312093404e-02 2.303830405529370962e-02 1.329728933549656489e-01 1.943961070391579393e-01 1.824095086659705545e-01 2.229927321278447061e-01 1.482011011826669389e-01 8.068299199421134771e-02
2.840411771741193150e-02 -1.190993817184831244e-01 -1.095795758681382126e-01 -7.526569493245488518e-02 1.878656179360348177e-02 1.493201826304954016e-01 2.229927321278447061e-01 3.490652581425658374e-01 2.706667224256529281e-01 2.018712824437510212e-01
1.140911553604555123e-01 -2.144677619463876764e-02 -6.893086245086145480e-02 -8.511366229364961122e-02 -5.069309785942402447e-02 5.743907273281580184e-02 1.482011011826669389e-01 2.706667224256529281e-01 2.454495150867105346e-01 2.332210891653740126e-01
2.662673320866624227e-01 1.470849218406976577e-01 1.340547005454512282e-02 -6.178882858211745543e-02 -8.941913423890912593e-02 -1.692077218296651753e-02 8.068299199421134771e-02 2.018712824437510212e-01 2.332210891653740126e-01 3.075230411309944900e-01
1.508301265386497170e-01 1.591820173964270668e-01 1.318361268871575676e-01 3.357276538317582881e-02 -4.085742351018778473e-02 -7.060137015840170505e-02 -3.709419609751506142e-02 6.297703956998185193e-02 1.647101657830439270e-01 2.064592095910678105e-01
1.591820173964270668e-01 2.562488510800481345e-01 3.034629470700791476e-01 1.700669315967632822e-01 5.015510213648410182e-02 -4.578101130709376354e-02 -8.712637559597630199e-02 -1.006659269057584398e-02 7.837527025081136856e-02 1.453609227829983364e-01
1.318361268871575676e-01 3.034629470700791476e-01 4.379705514326135418e-01 2.975496577200950066e-01 1.628642893661473856e-01 2.585448623397231319e-02 -8.253815059257704756e-02 -6.850054572059399716e-02 -2.638103868828187148e-02 4.784515095079867886e-02
3.357276538317582881e-02 1.700669315967632822e-01 2.975496577200950066e-01 2.500350116934215716e-01 1.940873740198778008e-01 1.155347663006108666e-01 2.292572425210017903e-02 -5.015905371124208811e-02 -8.613878119324826221e-02 -5.765920856325311428e-02
-4.085742351018778473e-02 5.015510213648410182e-02 1.628642893661473856e-01 1.940873740198778008e-01 2.246917247994090761e-01 2.220343458218188570e-01 1.702340296364907024e-01 1.130453088909030498e-02 -9.506318812304223598e-02 -1.166489469325713985e-01
-7.060137015840170505e-02 -4.578101130709376354e-02 2.585448623397231319e-02 1.155347663006108666e-01 2.220343458218188570e-01 3.144299564733687991e-01 3.392705255437021283e-01 1.230401728743396872e-01 -2.361929799891359164e-02 -9.386762926648881122e-02
-3.709419609751506142e-02 -8.712637559597630199e-02 -8.253815059257704756e-02 2.292572425210017903e-02 1.702340296364907024e-01 3.392705255437021283e-01 4.735753344322972680e-01 2.565819214246228830e-01 1.237246429572328998e-01 2.330775759197480090e-02
6.297703956998185193e-02 -1.006659269057584398e-02 -6.850054572059399716e-02 -5.015905371124208811e-02 1.130453088909030498e-02 1.230401728743396872e-01 2.565819214246228830e-01 2.188336674729966513e-01 2.161714903563931034e-01 1.686451951609904132e-01
1.647101657830439270e-01 7.837527025081136856e-02 -2.638103868828187148e-02 -8.613878119324826221e-02 -9.506318812304223598e-02 -2.361929799891359164e-02 1.237246429572328998e-01 2.161714903563931034e-01 3.233374669582087524e-01 3.161170092479030913e-01
2.064592095910678105e-01 1.453609227829983364e-01 4.784515095079867886e-02 -5.765920856325311428e-02 -1.166489469325713985e-01 -9.386762926648881122e-02 2.330775759197480090e-02 1.686451951609904132e-01 3.161170092479030913e-01 3.500473091189876262e-01
2.945028449669780390e-01 2.640519779672463874e-01 1.281515074935020704e-01 2.501884618882476222e-02 -4.344816708974999497e-02 -7.348359676245067029e-02 -5.811050618184719629e-02 4.779695515953270163e-02 1.724972986364367022e-01 2.709666657778348475e-01
2.640519779672463874e-01 3.320479593262945506e-01 2.501079381976188953e-01 1.833704306557569774e-01 6.578100966232322544e-02 -3.295405229552700321e-02 -1.008377990611417363e-01 -3.587755073878658163e-02 5.782127859156636907e-02 1.706892550096017758e-01
1.281515074935020704e-01 2.501079381976188953e-01 2.637516212793612480e-01 2.677678930910637467e-01 1.598710725066034288e-01 5.060134238598041484e-02 -5.199243819730118427e-02 -7.070362337104299510e-02 -5.596335445805833420e-02 1.517199537839124604e-02
2.501884618882476222e-02 1.833704306557569774e-01 2.677678930910637467e-01 3.394259181567285122e-01 2.473782765850051080e-01 1.445657724660601162e-01 3.361401483234861820e-02 -6.646811832732796299e-02 -1.224562476040540748e-01 -9.375178032164027675e-02
-4.344816708974999497e-02 6.578100966232322544e-02 1.598710725066034288e-01 2.473782765850051080e-01 2.242048284701994021e-01 1.921512824795489349e-01 1.494773511522390907e-01 1.235060782682193513e-02 -8.066878015171166649e-02 -1.043084197469105884e-01
-7.348359676245067029e-02 -3.295405229552700321e-02 5.060134238598041484e-02 1.445657724660601162e-01 1.921512824795489349e-01 2.537494556068981555e-01 3.095206308390088812e-01 1.358513682948161438e-01 1.437963688461642645e-02 -6.197382724830402534e-02
-5.811050618184719629e-02 -1.008377990611417363e-01 -5.199243819730118427e-02 3.361401483234861820e-02 1.494773511522390907e-01 3.095206308390088812e-01 4.918156163058116093e-01 2.876545210987648260e-01 1.537037608461304661e-01 3.310978498755585281e-02
