9.969251129313291826e-02 6.760763832444195709e-02 6.994757534693510359e-02 7.238356459571598789e-02 1.588422097980209391e-01 8.518733603251114894e-02 4.411406017687657943e-02 3.623742157310430589e-02 4.052533688275584967e-02 6.111791496961684056e-02 1.031237530501892957e-01 1.612206779566990322e-01
4.217563993792661226e-02 9.067492490790950155e-02 1.000123746440163275e-01 1.122627910880482083e-01 1.143106065824323059e-01 7.743397454216202624e-02 6.784028024539537349e-02 9.295873360539197439e-02 1.140510951375347248e-01 8.167328242253169002e-02 6.522029820354885432e-02 4.138599868310254004e-02
1.033025171817518462e-01 1.197302332228978861e-01 1.139379987063211669e-01 7.686499742395809520e-02 5.467943760530800251e-02 6.493373064814733642e-02 7.591057097763491412e-02 1.095399734633542010e-01 1.273213588033669241e-01 8.471831226707909890e-02 3.346955902291709473e-02 3.559131067726375997e-02
6.050883630937649305e-02 5.029028042416791577e-02 3.716907563828882738e-02 3.117847496478145727e-02 6.320687752564888018e-02 8.535908525535708391e-02 1.505701534751257842e-01 1.368474935829318284e-01 1.713657301641557107e-01 8.930247477128738787e-02 5.517206529168897783e-02 6.902945259719001081e-02
1.026501294909275552e-01 6.522716925409649535e-02 8.172010442696699128e-02 5.874969836469064871e-02 8.036092934390370868e-02 8.159236153408402914e-02 4.632493952528757286e-02 5.228435692531122753e-02 5.409828474663697095e-02 9.614027055733273541e-02 1.424831117207421283e-01 1.383686441100200892e-01
6.102992246067660137e-02 8.009268566086275021e-02 7.582678480090540574e-02 5.267541530624003654e-02 5.373658376628357575e-02 7.776290054797486972e-02 1.062548799717007580e-01 1.620611679266631966e-01 1.082326183832498512e-01 6.357311912003661691e-02 9.187068719184500465e-02 6.688323486356152758e-02
1.217052754693403738e-01 1.115866146480360699e-01 6.993626149090459432e-02 4.107073282060286212e-02 2.291414849555207384e-02 1.980759876164932959e-02 4.027007813229822181e-02 9.937370926829820761e-02 1.504146571844590108e-01 1.301333350459492333e-01 8.772215778134340169e-02 1.050654309015668086e-01
8.932125726814851840e-02 6.277824398810194495e-02 1.198204092456903458e-01 1.439146927763005901e-01 9.369946114188285047e-02 8.153674855636264263e-02 9.165453666715608905e-02 6.574721683793993687e-02 4.889776116054660865e-02 4.580325749717075595e-02 5.826761320726507598e-02 9.855880165343475219e-02
6.789696487211685505e-02 4.013863399675862004e-02 8.225867118829678637e-02 9.705479511128983772e-02 8.877572945750675237e-02 7.408934740478476111e-02 1.467907314635606975e-01 1.474053377913017715e-01 1.342011334942296019e-01 4.917683175924236760e-02 3.167366231530463483e-02 4.053816114560736955e-02
4.332696963805438006e-02 6.263791210384292429e-02 1.369833030715705835e-01 1.638173748557426312e-01 1.019010523050880856e-01 3.792779781758607444e-02 4.331049966940538065e-02 7.698451647618491378e-02 8.630610398628099644e-02 9.750628441352303388e-02 8.605550558499594493e-02 6.324268007772519684e-02
6.890614900362659889e-02 9.162367908797255933e-02 1.210043103903754996e-01 8.918716354935192492e-02 7.374198697950987147e-02 5.507335325955783900e-02 4.289524347208123478e-02 6.716373239010557661e-02 9.063997826080233411e-02 1.445777417202909754e-01 9.089542697057999276e-02 6.429123491574566251e-02
6.566809107761677200e-02 2.413346983110566391e-01 8.078333547022902017e-02 3.611712472597668894e-02 4.044691712762171765e-02 5.550474445484539915e-02 1.103689032570475403e-01 1.805718633256153116e-01 8.530386537347590947e-02 4.541404117967331316e-02 2.549518925172620382e-02 3.299122644511556790e-02
7.586890463964306164e-02 4.342120179586671236e-02 4.381941107956853487e-02 7.413257405726898785e-02 1.370994326436665856e-01 1.508736291911900729e-01 7.410454899963281328e-02 4.284178373353771802e-02 5.203829746013846624e-02 7.887068908120163646e-02 1.215128402861399698e-01 1.054166870321457117e-01
9.335201435927825697e-02 5.100404382048947388e-02 4.419241048536842048e-02 4.904440051595455180e-02 8.097633364718809235e-02 1.318687272297391633e-01 1.205387694589324932e-01 5.107370926665557448e-02 5.018582283785379822e-02 6.914944540034850817e-02 1.160446154079661368e-01 1.425697075702256900e-01
1.491329549467707571e-01 1.298937088085793667e-01 8.435373750720978614e-02 7.548462140404832432e-02 1.034360419646463969e-01 8.985232096724336814e-02 6.585085384405696407e-02 5.769109175369299680e-02 3.857383611323260408e-02 5.211877741759977922e-02 6.464073718733506779e-02 8.897131808558458865e-02
5.760200702003791251e-02 9.470517004166539854e-02 1.416768489060794833e-01 1.080846409584978046e-01 8.828302873571931830e-02 1.245366662200972085e-01 8.567907274701852538e-02 5.693703209987411445e-02 8.562354655077020205e-02 5.389115260586655604e-02 5.488823773406516227e-02 4.809259638030879969e-02
8.512030895316768930e-02 1.121696874517902065e-01 1.164874513175202242e-01 7.865078858854357424e-02 7.563687472931625300e-02 8.486905842481434759e-02 6.828609395709159258e-02 7.055249947755087847e-02 1.060330575355231675e-01 1.035857244442602437e-01 4.926358221760769596e-02 4.934487290281441840e-02
1.075786608956744855e-01 7.191977357281756356e-02 5.202195457558236869e-02 4.378041268824206522e-02 7.363760301644875494e-02 7.775286644480616793e-02 1.025379746936672110e-01 1.868598329785934875e-01 6.597645254219568212e-02 5.387506280662941738e-02 7.945121667378909902e-02 8.460818911155358613e-02
7.149576238266150408e-02 9.104089267971787747e-02 1.218008963933985278e-01 6.057363683501246210e-02 8.016103490193468573e-02 4.814997419602930206e-02 4.285915396268258348e-02 4.126706213554214714e-02 9.772541669759289562e-02 1.086975002637519949e-01 1.398730374273180199e-01 9.635563212435815927e-02
1.064686148622525086e-01 6.679279315009442608e-02 6.260500724903161895e-02 1.153168045681246950e-01 1.029452833820598545e-01 1.062059982487873339e-01 9.775851239628365053e-02 9.208662364614790541e-02 7.199195540286076889e-02 4.895597017327765754e-02 6.586518733046337060e-02 6.300724959061601571e-02
1.053476117458859163e-01 1.658180427312556104e-01 9.946829444673511988e-02 8.677912193522355211e-02 7.310915975021449464e-02 1.656183462565838371e-01 1.121533360014002473e-01 5.980626319522613227e-02 3.245847098260511154e-02 2.174608567584648475e-02 2.680479656319183224e-02 5.089047071583208126e-02
4.625761888806633609e-02 3.302794950831161591e-02 2.613155864340885315e-02 2.957027847261060882e-02 6.109042598408366553e-02 9.508475180903892821e-02 1.631162442524909661e-01 1.012489062656585920e-01 6.135477022056376462e-02 1.369086127063967595e-01 1.542845350624803269e-01 9.192434818688963172e-02
8.531948531785579770e-02 1.061978233363479185e-01 5.770593178743834567e-02 3.909859049778440648e-02 8.186878443400238958e-02 1.436091181320792720e-01 9.481219284053701846e-02 4.648942528296262644e-02 6.113148186567039094e-02 5.450407085300262855e-02 8.695648426387725394e-02 1.423066113884420281e-01
9.481330220427441891e-02 1.015071129251863408e-01 7.262440137197834211e-02 3.725848637363245175e-02 3.101438991094086078e-02 3.966016435233321591e-02 8.344303995206100999e-02 1.900648966140006668e-01 1.013618076609126700e-01 9.105634262372858112e-02 8.491059888392243904e-02 7.228545712702905135e-02
7.992994604559369720e-02 1.248268488215646121e-01 9.292393281000992100e-02 1.606424445946723067e-01 9.469775804256011509e-02 6.001878674080052267e-02 4.794410572222609912e-02 1.020668147621239946e-01 7.804058434274606382e-02 5.644682601994327475e-02 4.743468590136080965e-02 5.502726619639873584e-02
1.188229220846601930e-01 1.182300052729531453e-01 1.009540533684200048e-01 8.451234356851260177e-02 5.416700329304547507e-02 5.571981389076684915e-02 5.453585380147275841e-02 4.985102000451339943e-02 4.011977228400417927e-02 4.746007821186815079e-02 6.573898700714957133e-02 2.098881472126335745e-01
3.301806644480372727e-02 5.022405460791251608e-02 4.256664994306683797e-02 1.096878149620801463e-01 1.461098612505531413e-01 8.623259596375439096e-02 1.196898728356510788e-01 1.390848747162179433e-01 1.517408554326828418e-01 5.397723070521389527e-02 2.947137194085883496e-02 3.819675119720449680e-02
5.740327358365740484e-02 7.832789676330086104e-02 1.061293730084014175e-01 9.151298277863620378e-02 3.433151042745340165e-02 4.737133692420424091e-02 7.073099389651468782e-02 1.099842953089516517e-01 1.403485085076897065e-01 1.280296130248687325e-01 7.523913791758816971e-02 6.059107785873369539e-02
1.491449446080285735e-01 7.761720078838724168e-02 7.785528879778849665e-02 1.089315317206726863e-01 9.789828003946306201e-02 8.666181741546900852e-02 1.118133677137728987e-01 1.090188667944896467e-01 7.656860009651551835e-02 3.000341062585864735e-02 2.283040319812612226e-02 5.165628820142802169e-02
5.556445610036331306e-02 6.890755399900706790e-02 1.083264988064977785e-01 1.327769571711234775e-01 9.387312026264033049e-02 6.111129916223046604e-02 1.229190999935757395e-01 1.378515895013039949e-01 9.031038452870232547e-02 4.432548841644037840e-02 4.128839537768003859e-02 4.274515668043515904e-02
4.041224003313226287e-02 7.078438879795258265e-02 1.594349876070655092e-01 1.226019950274930964e-01 7.419018198901833339e-02 9.901557505322493291e-02 1.394462752267632277e-01 1.112305915151308167e-01 7.107727644332839656e-02 5.575611741163906399e-02 3.080166237193579862e-02 2.524870852331618717e-02
3.513254911856189544e-02 7.751109103197653671e-02 1.980414124260158060e-01 1.112505102913924765e-01 1.113396364138653782e-01 5.799984737069125568e-02 3.911852844648120581e-02 3.949538367824553114e-02 7.460266838648606236e-02 1.050126562354328080e-01 1.144069538463802910e-01 3.608876275447063520e-02
5.255983770893142559e-02 9.064289354170125546e-02 5.025197356057106712e-02 6.520636775242959204e-02 8.790562347777911012e-02 9.284984032489658479e-02 1.589484704455270958e-01 1.527913710566856931e-01 8.299323883407802582e-02 5.140169959904349745e-02 6.272195792357736222e-02 5.172672577477956113e-02
7.988895723068023536e-02 4.393127278965380106e-02 3.688421329098165447e-02 6.508640322422747093e-02 6.077405351057847682e-02 6.645733256465743977e-02 7.608492624291327000e-02 6.815559131225876199e-02 1.436515550047798018e-01 1.080378975644538941e-01 1.114779640502341074e-01 1.395698332145812737e-01
1.806237493390641380e-01 6.717807640704021033e-02 7.139367066500811043e-02 1.063348029625966751e-01 8.891955792332631447e-02 6.496057438423465114e-02 4.782007164562061818e-02 5.643416532982865885e-02 9.953107777591828353e-02 7.363651739544586905e-02 5.550414251599789656e-02 8.766359365591872010e-02
7.758897560930064219e-02 1.033946408607917811e-01 9.689243475585775089e-02 8.770598453718594922e-02 1.186685190554754576e-01 1.457012724061322873e-01 7.383079258210945017e-02 1.018687074130241593e-01 5.745954731609392852e-02 3.745532573373493157e-02 4.797188706262697083e-02 5.146191266766705907e-02
6.381995457005160133e-02 7.204376696598005503e-02 9.349646747040868400e-02 8.316318075283794797e-02 9.243850843340484236e-02 1.080026960330666974e-01 6.853511903865153188e-02 1.054646018572057142e-01 5.996885673328274102e-02 6.702569431076474404e-02 9.467364136445444167e-02 9.136751246989116559e-02
4.172660263163062433e-02 6.053979189075969769e-02 8.733981074056432203e-02 1.208735588203043443e-01 1.370838541790774801e-01 8.962067108338747645e-02 9.281736869201476225e-02 1.491874943985223023e-01 7.959485801870593014e-02 7.340727041519137797e-02 3.745464181822937000e-02 3.035407731161224656e-02
1.305912506509756266e-01 7.976730503368284486e-02 5.031230588806493570e-02 5.650916404350273675e-02 7.907081244881485060e-02 8.708810851995155145e-02 8.588869213864515351e-02 6.815829699481051884e-02 5.707030586089850699e-02 7.384270623053931781e-02 1.024094447135345531e-01 1.292916074765797507e-01
9.444807967476023802e-02 9.045738127567323761e-02 4.762011513625841186e-02 4.976510409765377840e-02 3.775244561439387858e-02 4.814126240908024601e-02 1.189263563633616433e-01 1.027016299980237912e-01 1.035977321410308238e-01 6.211308731638048863e-02 1.286581180876154862e-01 1.158186878857680319e-01
9.780405826076393749e-02 8.567797105857836992e-02 7.256624909128456258e-02 5.092972662155406671e-02 4.495585148343684417e-02 5.565740092410000756e-02 5.019494325730307349e-02 5.967453291747149002e-02 8.379388093796680259e-02 9.946451172237992522e-02 1.514682493624525950e-01 1.478126243627086445e-01
5.624732165965042052e-02 9.773941682056429270e-02 1.746288993641773590e-01 6.996114587549917552e-02 6.273607915748760644e-02 7.004336469326369330e-02 7.779286776598562381e-02 9.736310488395637230e-02 1.518170500948191337e-01 7.195716785926567494e-02 3.762880986545831530e-02 3.208477195987263775e-02
5.958204403633492879e-02 7.653385831905133718e-02 9.699932687564448430e-02 1.369690932012071205e-01 1.378753695152073744e-01 7.420920392951306510e-02 2.964700019716206419e-02 3.616951856853795055e-02 6.907761342231596990e-02 1.157434777828792449e-01 9.426228545745810039e-02 7.293120869468851242e-02
3.948512677337720489e-02 5.250106121397483255e-02 8.279663009755941494e-02 1.024500179259764110e-01 1.437980528474179232e-01 8.451101252171094869e-02 1.282840927809602016e-01 1.414611081123496317e-01 9.552218674708970458e-02 4.632145714192396901e-02 4.088954892940218494e-02 4.197970490825764234e-02
1.305028343643183097e-01 9.288531015874597341e-02 8.025822223386688825e-02 6.023958376692661876e-02 8.505827082608190259e-02 1.139885618782297411e-01 9.738074639069639604e-02 1.077059977679802466e-01 4.622317810032315621e-02 4.316322229940028343e-02 6.602437685574284731e-02 7.656969535768759494e-02
6.587672720839264640e-02 1.105673459553462024e-01 8.854725401785165650e-02 7.374997261599526566e-02 6.132462288631216479e-02 4.658604996762930051e-02 5.405229051802318274e-02 1.010260110373514819e-01 1.376608213157733407e-01 9.756205284978844428e-02 9.280923688751999134e-02 7.023761474001646854e-02
8.335378193938408620e-02 1.318802084051292345e-01 8.241075919670036443e-02 2.433461550233081971e-02 2.280503903184689929e-02 6.466892207127511449e-02 7.741675786562406125e-02 1.189143729175351494e-01 1.572078270659319488e-01 9.309526860903516443e-02 6.092283950930760944e-02 8.298960788589959670e-02
4.254296671095227772e-02 3.746068366626725821e-02 6.287476086420987209e-02 1.263132457160331679e-01 1.241464367628447307e-01 1.161875572302048520e-01 6.213658742632982568e-02 5.290980739564579705e-02 8.847781591453104943e-02 1.372613450402604685e-01 9.428221768059003027e-02 5.540657559213100353e-02
7.220702502357007058e-02 6.403493833697952720e-02 1.111007340262995524e-01 1.526606739904022847e-01 8.115795199926997827e-02 4.651253274358233686e-02 3.614416443443141391e-02 8.308142038174058663e-02 9.643722893829427545e-02 8.547621839791086362e-02 9.421712349992039659e-02 7.696998822759906766e-02
5.951731650944003943e-02 7.230246086469777067e-02 1.214493147977207949e-01 1.098427077959786141e-01 4.639246204295541243e-02 6.802927785755655266e-02 9.412236680927557608e-02 6.919733132212860238e-02 7.723007211139099049e-02 1.676565007331553558e-01 7.075601246311009895e-02 4.350417669259019210e-02
9.063177715415104974e-02 5.264754339462365818e-02 4.059016680932021198e-02 5.268450217005809372e-02 5.724488446817231624e-02 8.751297490015795544e-02 6.450414026201356510e-02 1.002224834734067316e-01 1.032107545193015896e-01 7.157640914515356334e-02 1.128902895602496431e-01 1.662840741433919689e-01
5.499234025714529184e-02 7.835851350604096377e-02 1.088623693759995237e-01 1.447498006730280340e-01 8.396636114448374766e-02 3.162723822888293540e-02 4.509859286996519001e-02 5.425464889859156481e-02 1.205804474682966032e-01 1.578286779036534582e-01 6.795926998981616229e-02 5.172173968409665701e-02
9.774596368267882140e-02 1.258668921522307360e-01 1.238984477366704556e-01 1.132074463850070850e-01 8.787321850487334052e-02 9.552879132495845083e-02 8.460583350648270828e-02 4.774053962310863264e-02 2.714025916014738485e-02 3.352751740576787737e-02 4.703480980679339285e-02 1.158302807112810973e-01
7.049225629540932514e-02 4.937478067325633269e-02 5.548865869758329988e-02 8.251772160861745031e-02 1.164804455983876053e-01 1.488847309109180839e-01 1.138716210425125552e-01 7.483329065307593730e-02 5.711025887473977769e-02 8.240155985929439875e-02 7.366984914633366299e-02 7.487482663987199416e-02
5.143980329955574055e-02 4.142094857303502825e-02 4.691229713522294953e-02 5.516901000222416279e-02 6.118633385046862161e-02 9.585298384281601414e-02 8.590542605984997915e-02 9.249742023943938185e-02 8.211644558335458310e-02 1.620954486857457133e-01 1.549567267830356532e-01 7.044715594525242930e-02
7.776787996149250870e-02 6.106694547976933285e-02 9.866774478224023259e-02 9.774310983010761622e-02 1.090137782785051968e-01 9.440407195999231393e-02 8.170754349890295420e-02 5.536571063813711113e-02 3.952851954248887134e-02 8.076445660509619373e-02 1.355602092530251157e-01 6.841003017024271937e-02
1.377097652844385400e-01 7.814967991426413629e-02 7.041532677263739881e-02 1.123932773706512595e-01 9.662673492507437012e-02 7.567385092547826431e-02 5.824299679500019589e-02 6.215625691537345066e-02 3.107088166236592064e-02 4.643363424475191459e-02 9.401362991433329097e-02 1.371139652756312444e-01
5.598647208872009617e-02 8.204273137694870210e-02 6.219662404157679653e-02 4.268910219724155602e-02 4.430908709432693909e-02 6.430124204295248336e-02 9.721718857375083456e-02 1.257459040377015003e-01 1.536621427813759100e-01 1.330206980020773311e-01 9.603210346694776578e-02 4.279670429638011975e-02
4.086156971856494402e-02 4.212798038325957228e-02 3.104112356177482490e-02 4.544484654043086380e-02 8.654454787953222428e-02 1.211340855821763651e-01 9.398601159569941466e-02 8.824796272177296008e-02 1.030680934607890176e-01 1.846556894565230256e-01 8.390365123509008205e-02 7.898443786438695546e-02
6.999510410009637806e-02 8.556785643482137105e-02 9.401882009801650064e-02 1.017437592780397332e-01 8.727256973915660521e-02 8.161397496129456364e-02 1.319036889570140703e-01 9.603771878296993303e-02 9.217212518673670307e-02 8.152423372562694892e-02 3.758671310437924906e-02 4.056343563184806877e-02
2.635653537945997077e-02 2.385568779715083881e-02 4.022099889441310000e-02 1.183331584459510477e-01 8.926706689956316609e-02 8.601466571378399428e-02 9.065338539944209351e-02 1.188453902439069176e-01 1.060932113267097909e-01 1.293540604952205797e-01 8.657069847518748806e-02 8.443514092921106107e-02
6.824394477492468081e-02 2.916431936437864289e-02 2.665040790170796620e-02 6.482027411236067349e-02 1.023536000176651084e-01 1.132127806266645942e-01 6.696652687789429736e-02 7.212387954293569825e-02 8.971991500236825567e-02 1.134984749202199855e-01 1.254577750104316491e-01 1.277881018484485209e-01
2.031159184785479022e-02 6.633656424197875712e-02 1.102961821352387017e-01 1.507486794097720184e-01 9.433078579873602210e-02 9.338109484237649971e-02 7.592682537617775895e-02 1.306362626857371922e-01 1.402279981849614554e-01 7.925830429864022530e-02 2.709366849432797569e-02 1.145204268419870199e-02
3.743137547208384708e-02 5.749749677324532404e-02 1.526889685165267185e-01 1.835794409164184793e-01 1.240147872012650476e-01 8.434755942152910579e-02 1.338582137854647525e-01 9.807673335929710523e-02 3.206663593525137246e-02 2.631775381504095762e-02 2.265144865977922542e-02 4.746958614409843569e-02
3.568503917585479773e-02 7.460431842211898146e-02 1.820166807981455359e-01 1.115862819240459741e-01 5.729586980785764116e-02 3.441983875534851411e-02 5.224766686697196461e-02 5.578982938653433143e-02 1.074907724047051427e-01 1.690554639285200555e-01 8.153547560836924002e-02 3.827276292152795301e-02
3.686322293469790345e-02 7.017149260242719344e-02 9.938443922338666137e-02 1.002898263001722051e-01 9.359573298570490751e-02 1.071145534816783929e-01 9.527724595454120649e-02 1.139670867077680338e-01 1.117711152506659783e-01 7.358899876270372231e-02 5.171539210546720333e-02 4.626089369078690422e-02
4.925945757885440146e-02 4.435523302301017795e-02 6.661479961278039819e-02 8.456852641371351287e-02 9.299856920970674123e-02 9.555413701368475898e-02 8.877470054545463785e-02 6.332517839453738473e-02 5.390023494597531023e-02 8.790910522172412644e-02 1.926856336927414703e-01 8.005442434781730177e-02
1.221169404610035203e-01 7.321571315382585654e-02 9.163220811543376643e-02 1.055880157781258072e-01 7.868922120169163925e-02 7.978826596805699278e-02 4.578663310508161721e-02 5.275712517031701243e-02 4.899774488428669528e-02 7.972884138728872361e-02 8.833968194484506653e-02 1.333596088300436078e-01
2.118416172510103335e-01 1.421763185133571306e-01 5.556374838288508783e-02 2.988426813118850306e-02 4.952018087888700182e-02 6.833156718347700720e-02 9.327279696883869486e-02 7.629242536682595555e-02 8.884057496372697871e-02 5.806722568089538183e-02 4.425998814818371541e-02 8.194928853072395991e-02
1.331761852345614006e-01 6.798176346435501338e-02 5.717606543144412856e-02 4.130564258039667869e-02 5.583832174739720988e-02 9.990314326089595742e-02 1.201099792572287994e-01 1.294220810258140952e-01 4.813579029489675754e-02 5.864889431484912596e-02 8.201770296512583824e-02 1.062844304230352033e-01
6.855961698428320039e-02 1.232107780603892838e-01 8.375760749833480179e-02 7.440373430959651424e-02 6.353683804584872585e-02 9.299977457579154672e-02 1.297772077149788872e-01 1.257467396380884117e-01 1.036713974494452573e-01 6.236503867984992400e-02 3.789114778303251385e-02 3.408011926036121075e-02
1.125218520946475870e-01 5.801042193430393235e-02 4.526036660211679025e-02 6.009020754698582434e-02 9.540901720217011273e-02 1.552089630822775235e-01 1.161361955305372923e-01 1.000004777230345115e-01 6.672138377672517939e-02 4.572841712095732786e-02 5.706312059113712032e-02 8.784957679510665973e-02
8.941676886680807734e-02 2.053073114126702237e-01 8.881581064906217404e-02 5.068889781865543176e-02 1.013227427655191970e-01 1.290004910531503124e-01 1.237366988185719940e-01 5.751202952258331613e-02 3.432046707530403418e-02 2.973516609347547773e-02 4.053488432029599825e-02 4.960873160390349978e-02
6.400944607651094798e-02 9.184842530985096176e-02 1.132116239864998652e-01 8.821909463821278607e-02 7.385857589999186845e-02 8.245564398009404272e-02 1.086821039129624716e-01 1.401512032069398561e-01 8.914417035276596402e-02 6.623207255672378113e-02 3.421566631737485431e-02 4.797197376207262137e-02
1.426162843742909414e-01 1.362843215792361729e-01 7.622368136625563839e-02 5.000833173047126295e-02 4.851171165174303357e-02 4.511706001298879803e-02 1.026562217672012389e-01 9.109889620414862721e-02 1.272754051845810808e-01 6.860082694584049290e-02 4.353833498305771654e-02 6.806892420018503809e-02
2.228326718578959101e-02 1.183611710889877558e-02 1.577646380059609041e-02 3.254066944477450318e-02 1.017400954461393225e-01 2.667256471815860341e-01 6.375820658632913585e-02 2.919215451015885407e-02 8.505482490559349018e-02 1.524255974356243382e-01 1.584332694381913043e-01 6.023368695631851205e-02
1.185286422905876547e-01 7.917079027658645296e-02 7.829832974024966696e-02 1.331834575210926463e-01 1.014565268059428593e-01 6.696203522633133176e-02 7.461048165806191679e-02 4.286244894557510871e-02 3.531043916165230168e-02 5.576176729676958488e-02 9.517741626696128721e-02 1.186776648101893206e-01
7.232091546996557985e-02 3.286599350123491775e-02 4.584981210284626296e-02 5.794149677142239330e-02 8.696385746139731476e-02 1.350412108314402726e-01 6.181180912593343957e-02 4.667905539107908286e-02 4.311378938816699813e-02 8.204794057304412580e-02 1.779199641813577759e-01 1.574441552021118018e-01
3.267053117032837906e-02 7.724917017190327528e-02 1.428721215663270316e-01 1.023031198575960199e-01 8.913997921964061932e-02 9.908879157872470256e-02 1.776694723167064893e-01 8.670733812671513330e-02 5.476734271192970627e-02 4.714167048595239995e-02 5.350167368475347573e-02 3.688878910942282319e-02
7.851058024142255898e-02 1.211210154277609363e-01 1.324041933428979911e-01 8.888774593459042306e-02 6.804442796776344338e-02 8.635271069162295254e-02 1.123361718071217569e-01 1.025901545601777404e-01 6.255060061386516490e-02 3.459746472572863829e-02 4.934901574440490185e-02 6.325591894264380455e-02
9.767490416123258967e-02 6.248222896302918494e-02 4.831674573328419153e-02 3.895197681295156644e-02 8.632498211284218848e-02 1.364766955040809804e-01 1.299860185900136855e-01 1.064834210244704482e-01 5.399181534646904645e-02 5.588443338140328814e-02 7.637226903755553464e-02 1.070545093326677605e-01
7.485635911501006823e-02 4.189827231755844511e-02 5.613724298341907226e-02 6.834692647084256167e-02 5.228033356568695389e-02 6.475021721923197859e-02 8.164994089597439608e-02 1.390250699831850900e-01 1.225521972835431073e-01 1.084670835959159751e-01 1.118376004985950911e-01 7.819875607103735082e-02
5.630262803208199718e-02 8.472926428722252212e-02 9.338118421075171371e-02 6.635627177990682801e-02 1.128563140073632204e-01 9.288162777437430906e-02 8.997237485118400602e-02 1.121469382720995944e-01 1.003285467016378635e-01 6.399781339718935147e-02 4.718154529796764890e-02 7.986549138822116034e-02
1.251674625825933418e-01 5.214619079483483188e-02 2.830165108382784456e-02 1.712615044063699882e-02 2.200286739570203598e-02 5.007670522376595629e-02 9.808943899812856693e-02 8.976975024598878028e-02 1.172097976937802322e-01 1.041546618224512138e-01 1.443695277234988694e-01 1.515857959947915501e-01
5.628954894677257181e-02 2.128844393789058875e-02 1.544021584417297303e-02 2.708823709952151715e-02 7.971713951327968894e-02 1.764040174041161535e-01 1.091282673855624996e-01 6.514522581739988494e-02 9.473489658392468538e-02 1.128615098132304123e-01 1.639836898703158352e-01 7.791880778381336803e-02
1.746194604328539235e-01 7.532309228643679910e-02 3.904612880668530822e-02 3.122689738587490840e-02 4.050801098337120099e-02 5.438033342726401875e-02 9.305748882583558812e-02 8.265358574773468137e-02 7.524013612064307799e-02 6.798277611943202847e-02 9.849754073850924829e-02 1.674645491253596852e-01
5.368849124415886465e-02 8.613638354856864576e-02 1.778449663595242369e-01 7.491421520740440543e-02 9.437206859140283288e-02 1.427099001513218168e-01 9.122846109335384923e-02 8.086508777836805273e-02 5.417742064221913595e-02 5.348313128837691582e-02 5.052447947550813001e-02 4.005539461979328031e-02
1.223946111439013912e-01 2.715187539834686414e-01 1.463200434157065910e-01 1.775007281264076309e-01 1.192740041790900096e-01 3.215541419448457450e-02 2.505431825198002616e-03 1.477956310948817450e-02 4.680700987055231438e-02 3.798429911950751414e-02 7.674133699735468869e-03 2.108600733245963310e-02
7.248094198127071064e-02 1.115531473530645690e-01 1.678049276592216421e-01 1.554371965650492571e-01 8.389699335347852727e-02 5.098507955089209842e-02 3.099912240833796115e-02 2.543073159709782760e-02 4.262409177806178451e-02 8.948140003717824920e-02 8.483236717277278793e-02 8.447400054357480370e-02
1.070331270459402850e-01 7.714065962545595123e-02 5.426700623067404194e-02 1.127677670589887216e-01 9.796845322398947675e-02 1.068770178139083760e-01 1.241842679165820473e-01 4.373668232758275154e-02 2.656338929344603805e-02 3.154901145469729551e-02 7.221952524438879362e-02 1.456930927643465268e-01
5.183548925163665444e-02 4.351555143737328990e-02 5.852527802062845036e-02 1.377637658360343631e-01 9.898215232159664201e-02 1.084917821567589064e-01 6.763566928660776079e-02 5.653898663770363930e-02 7.884975974498978357e-02 1.003966811516080748e-01 1.143343452938867938e-01 8.313053886117593994e-02
6.043759373614090991e-02 6.084615843722139539e-02 6.850830443548766580e-02 9.988765616116697388e-02 7.167161686206731386e-02 1.045136667707201317e-01 8.085498685729830548e-02 5.842153835451920768e-02 8.697505561109875050e-02 7.142152774862459141e-02 1.354720142726832111e-01 1.009898807529714115e-01
5.310337437326504567e-02 4.484187429285320381e-02 3.400575783017683457e-02 4.955578723345712561e-02 8.191992717412426017e-02 8.686877882498009185e-02 8.661366204378563582e-02 1.151596743033373726e-01 9.399109459456767013e-02 1.355767254320977000e-01 1.279045422468412241e-01 9.045880165051417565e-02
8.544930986215774904e-02 8.309175120373070433e-02 8.862086260341306421e-02 6.549869799361253409e-02 7.641651096858793901e-02 1.336192662749825788e-01 6.006975917203766224e-02 5.545745668506182890e-02 7.623733195070575563e-02 1.395877790948736874e-01 6.757099988166637150e-02 6.838027430917027749e-02
3.277048632592707844e-02 3.786005449355198116e-02 5.886636404975201242e-02 8.886576525119607717e-02 1.505892898181602213e-01 8.544706165279250532e-02 5.678463066480755883e-02 8.937496576266193427e-02 9.323716924707037279e-02 1.263908547887019340e-01 1.099773150882818878e-01 6.983604285709621440e-02
7.000938895300101716e-02 7.133501580183300439e-02 8.447614484891034781e-02 1.171872133476622030e-01 6.862052529827385172e-02 5.489725051045094006e-02 4.136020300885132062e-02 1.206312568885565539e-01 8.657133783524696702e-02 6.720703606727113089e-02 1.003115606856463810e-01 1.173930667542964490e-01
1.579563964188560737e-02 3.327767956693412910e-02 8.789771151530531568e-02 1.317384985454937429e-01 1.509500077149683317e-01 6.864794103634022648e-02 4.706360809870199780e-02 7.109234058208117879e-02 1.924217408851369160e-01 1.186836050919056612e-01 5.563731398895091496e-02 2.679391333229612371e-02
9.186996868671506999e-02 6.225446554930690046e-02 5.895402737628752110e-02 5.154300494794823717e-02 6.569963087994125372e-02 5.891448307489565578e-02 9.019253542048205619e-02 1.060464475202297918e-01 1.413960035075165766e-01 1.080697975931344951e-01 7.972815043436634608e-02 8.533148500917631107e-02
1.288046292552945393e-01 1.059088863338379649e-01 1.400089135649062178e-01 9.381203198202986426e-02 6.916445983418817445e-02 5.586644554471659890e-02 3.374092307057335871e-02 5.389498740023795920e-02 6.691022834099530359e-02 5.064147506072715077e-02 8.153383625542680313e-02 1.197131833570662524e-01
8.007678158559647374e-02 1.451253775937132451e-01 1.662727469204123842e-01 9.456260984401758385e-02 3.401040778974245837e-02 3.189605255219904456e-02 4.795215895951607937e-02 6.515734743695630882e-02 6.340633339265897006e-02 1.186128156957652058e-01 7.671716028084532568e-02 7.621020794857685798e-02
