9.969251129313291826e-02 7.757803738885526990e-02 6.658462723855372578e-02 5.539758485916793096e-02 7.282071839615625319e-02 5.486180413693949459e-02 4.392184558590166155e-02 4.614362012793288281e-02 5.505930936824955657e-02 7.227443318048955290e-02 9.694044166460927259e-02 1.239066225896541251e-01
7.757803738885526990e-02 6.760763832444195709e-02 6.441248944758723449e-02 5.780953844822969701e-02 7.863360390352494567e-02 5.794941347383181923e-02 4.370518235218786435e-02 4.206710164884371744e-02 4.596644184447483406e-02 5.630113253331264084e-02 7.248138672459650267e-02 9.191910971875824621e-02
6.658462723855372578e-02 6.441248944758723449e-02 6.994757534693510359e-02 6.831157685260326462e-02 9.650758398747989741e-02 7.030358836727006178e-02 5.080150508520184238e-02 4.536747424975397236e-02 4.519587067397074637e-02 5.061044108518018836e-02 6.099865900672295227e-02 7.546675877370145891e-02
5.539758485916793096e-02 5.780953844822969701e-02 6.831157685260326462e-02 7.238356459571598789e-02 1.059470042196136857e-01 7.705365892316384802e-02 5.457380624351501619e-02 4.672151214147265280e-02 4.370628911887406570e-02 4.541024210828461388e-02 5.111785847912249381e-02 6.100813274250579954e-02
7.282071839615625319e-02 7.863360390352494567e-02 9.650758398747989741e-02 1.059470042196136857e-01 1.588422097980209391e-01 1.157954800078925539e-01 8.159233297606424684e-02 6.886259366277594496e-02 6.281875104629208728e-02 6.301362112738706500e-02 6.828241945165083870e-02 7.945971997276768395e-02
5.486180413693949459e-02 5.794941347383181923e-02 7.030358836727006178e-02 7.705365892316384802e-02 1.157954800078925539e-01 8.518733603251114894e-02 6.058525309689519883e-02 5.172293974015033935e-02 4.775568791572491756e-02 4.840902903827229431e-02 5.271925441450302230e-02 6.105148763502656062e-02
4.392184558590166155e-02 4.370518235218786435e-02 5.080150508520184238e-02 5.457380624351501619e-02 8.159233297606424684e-02 6.058525309689519883e-02 4.411406017687657943e-02 3.887668580665731843e-02 3.723408675510183480e-02 3.915016007590179509e-02 4.379039410366147855e-02 5.087220256692037701e-02
4.614362012793288281e-02 4.206710164884371744e-02 4.536747424975397236e-02 4.672151214147265280e-02 6.886259366277594496e-02 5.172293974015033935e-02 3.887668580665731843e-02 3.623742157310430589e-02 3.688178169728278250e-02 4.106171953059559870e-02 4.785615981326680340e-02 5.612781812900781431e-02
5.505930936824955657e-02 4.596644184447483406e-02 4.519587067397074637e-02 4.370628911887406570e-02 6.281875104629208728e-02 4.775568791572491756e-02 3.723408675510183480e-02 3.688178169728278250e-02 4.052533688275584967e-02 4.814562248548201473e-02 5.865044250612533316e-02 6.973131595632239832e-02
7.227443318048955290e-02 5.630113253331264084e-02 5.061044108518018836e-02 4.541024210828461388e-02 6.301362112738706500e-02 4.840902903827229431e-02 3.915016007590179509e-02 4.106171953059559870e-02 4.814562248548201473e-02 6.111791496961684056e-02 7.769600704003401526e-02 9.388624887883816050e-02
9.694044166460927259e-02 7.248138672459650267e-02 6.099865900672295227e-02 5.111785847912249381e-02 6.828241945165083870e-02 5.271925441450302230e-02 4.379039410366147855e-02 4.785615981326680340e-02 5.865044250612533316e-02 7.769600704003401526e-02 1.031237530501892957e-01 1.271232581390506211e-01
1.239066225896541251e-01 9.191910971875824621e-02 7.546675877370145891e-02 6.100813274250579954e-02 7.945971997276768395e-02 6.105148763502656062e-02 5.087220256692037701e-02 5.612781812900781431e-02 6.973131595632239832e-02 9.388624887883816050e-02 1.271232581390506211e-01 1.612206779566990322e-01
4.217563993792661226e-02 6.034071840770634243e-02 6.072713389391967698e-02 6.093571117910356882e-02 5.898195019156513008e-02 4.808798932478222654e-02 4.388843350354647982e-02 4.941164425734831389e-02 5.476396450478317190e-02 4.851870472770888898e-02 4.642390950436801889e-02 4.006803530563234073e-02
6.034071840770634243e-02 9.067492490790950155e-02 9.354417505619785911e-02 9.465302586550486397e-02 9.020564329958799532e-02 7.014324836577606748e-02 5.965052864837557672e-02 6.340623450232840685e-02 6.872031046557890155e-02 6.124708125868734421e-02 5.999775818259532600e-02 5.407871502451319645e-02
6.072713389391967698e-02 9.354417505619785911e-02 1.000123746440163275e-01 1.036025721244211995e-01 9.926100957599037766e-02 7.564227108415530476e-02 6.155189206186535700e-02 6.246221340745895106e-02 6.594732733673336345e-02 5.840066378416449572e-02 5.756190715347773296e-02 5.290565634763842728e-02
6.093571117910356882e-02 9.465302586550486397e-02 1.036025721244211995e-01 1.122627910880482083e-01 1.103717448558880765e-01 8.438537995401299008e-02 6.748302977047934692e-02 6.648229238949079911e-02 6.837266269343217351e-02 5.942238809110934189e-02 5.783478395919196269e-02 5.292547463840108907e-02
5.898195019156513008e-02 9.020564329958799532e-02 9.926100957599037766e-02 1.103717448558880765e-01 1.143106065824323059e-01 9.039421545616303788e-02 7.401512613910307681e-02 7.346368953212562003e-02 7.477137628602750774e-02 6.346004879887449934e-02 5.988613421624727068e-02 5.292152167376013017e-02
4.808798932478222654e-02 7.014324836577606748e-02 7.564227108415530476e-02 8.438537995401299008e-02 9.039421545616303788e-02 7.743397454216202624e-02 6.834723005658956130e-02 7.145187601675331845e-02 7.374041605129022514e-02 6.146325455949875477e-02 5.577340416347309482e-02 4.638036536744588600e-02
4.388843350354647982e-02 5.965052864837557672e-02 6.155189206186535700e-02 6.748302977047934692e-02 7.401512613910307681e-02 6.834723005658956130e-02 6.784028024539537349e-02 7.656606412604083367e-02 8.126708505261615034e-02 6.724089872156471803e-02 5.914146860273333806e-02 4.625565264640989216e-02
4.941164425734831389e-02 6.340623450232840685e-02 6.246221340745895106e-02 6.648229238949079911e-02 7.346368953212562003e-02 7.145187601675331845e-02 7.656606412604083367e-02 9.295873360539197439e-02 1.015509711906886492e-01 8.427262747342965932e-02 7.318040140942441707e-02 5.529744941500711053e-02
5.476396450478317190e-02 6.872031046557890155e-02 6.594732733673336345e-02 6.837266269343217351e-02 7.477137628602750774e-02 7.374041605129022514e-02 8.126708505261615034e-02 1.015509711906886492e-01 1.140510951375347248e-01 9.561563958704827337e-02 8.322342999877072045e-02 6.243377361241433943e-02
4.851870472770888898e-02 6.124708125868734421e-02 5.840066378416449572e-02 5.942238809110934189e-02 6.346004879887449934e-02 6.146325455949875477e-02 6.724089872156471803e-02 8.427262747342965932e-02 9.561563958704827337e-02 8.167328242253169002e-02 7.208673156018545469e-02 5.469875448612804975e-02
4.642390950436801889e-02 5.999775818259532600e-02 5.756190715347773296e-02 5.783478395919196269e-02 5.988613421624727068e-02 5.577340416347309482e-02 5.914146860273333806e-02 7.318040140942441707e-02 8.322342999877072045e-02 7.208673156018545469e-02 6.522029820354885432e-02 5.075056495641519505e-02
4.006803530563234073e-02 5.407871502451319645e-02 5.290565634763842728e-02 5.292547463840108907e-02 5.292152167376013017e-02 4.638036536744588600e-02 4.625565264640989216e-02 5.529744941500711053e-02 6.243377361241433943e-02 5.469875448612804975e-02 5.075056495641519505e-02 4.138599868310254004e-02
1.033025171817518462e-01 1.100947003056719220e-01 1.051805084473196594e-01 8.349160163591862194e-02 6.459667368174071278e-02 5.988047633919942742e-02 5.525128581683201590e-02 6.037382922233337779e-02 6.560824004084732375e-02 5.980480263152311571e-02 4.729795491907121119e-02 5.891733805924771750e-02
1.100947003056719220e-01 1.197302332228978861e-01 1.155035072678205904e-01 9.158021500810056836e-02 6.982708077340971098e-02 6.294657427965223706e-02 5.608753620247294153e-02 5.954095260082386404e-02 6.402443574964519768e-02 5.887404548363133622e-02 4.788174746678512672e-02 6.164328333424291817e-02
1.051805084473196594e-01 1.155035072678205904e-01 1.139379987063211669e-01 9.171542126831451480e-02 7.070303177437106679e-02 6.405077035553975728e-02 5.676357259897586716e-02 5.951084685587328810e-02 6.311606870990885132e-02 5.733172571458212269e-02 4.610556944096392412e-02 5.891056614331159624e-02
8.349160163591862194e-02 9.158021500810056836e-02 9.171542126831451480e-02 7.686499742395809520e-02 6.197827367797305309e-02 5.876202975981839605e-02 5.376976791120374743e-02 5.705903482382065905e-02 5.978842381395872707e-02 5.249909215323311784e-02 3.982550210133972701e-02 4.793462089654809688e-02
6.459667368174071278e-02 6.982708077340971098e-02 7.070303177437106679e-02 6.197827367797305309e-02 5.467943760530800251e-02 5.653225894059482615e-02 5.509441977576385457e-02 6.038530327159803701e-02 6.291616676495782878e-02 5.292650122382196176e-02 3.660744406047961030e-02 3.927516859957495832e-02
5.988047633919942742e-02 6.294657427965223706e-02 6.405077035553975728e-02 5.876202975981839605e-02 5.653225894059482615e-02 6.493373064814733642e-02 6.782697244475949239e-02 7.711672090952201297e-02 8.053090266671016073e-02 6.567321591617737708e-02 4.181828619240376965e-02 3.942668356625308318e-02
5.525128581683201590e-02 5.608753620247294153e-02 5.676357259897586716e-02 5.376976791120374743e-02 5.509441977576385457e-02 6.782697244475949239e-02 7.591057097763491412e-02 8.956492935808885170e-02 9.442543154218699386e-02 7.591810613663307894e-02 4.592960840730869743e-02 3.923210700627555170e-02
6.037382922233337779e-02 5.954095260082386404e-02 5.951084685587328810e-02 5.705903482382065905e-02 6.038530327159803701e-02 7.711672090952201297e-02 8.956492935808885170e-02 1.095399734633542010e-01 1.170437844351265577e-01 9.387342798256774479e-02 5.550651768583257650e-02 4.497891519635918711e-02
6.560824004084732375e-02 6.402443574964519768e-02 6.311606870990885132e-02 5.978842381395872707e-02 6.291616676495782878e-02 8.053090266671016073e-02 9.442543154218699386e-02 1.170437844351265577e-01 1.273213588033669241e-01 1.028513017221943382e-01 6.089355229355176979e-02 4.918310414296860056e-02
5.980480263152311571e-02 5.887404548363133622e-02 5.733172571458212269e-02 5.249909215323311784e-02 5.292650122382196176e-02 6.567321591617737708e-02 7.591810613663307894e-02 9.387342798256774479e-02 1.028513017221943382e-01 8.471831226707909890e-02 5.141089812651686991e-02 4.334437796976390450e-02
4.729795491907121119e-02 4.788174746678512672e-02 4.610556944096392412e-02 3.982550210133972701e-02 3.660744406047961030e-02 4.181828619240376965e-02 4.592960840730869743e-02 5.550651768583257650e-02 6.089355229355176979e-02 5.141089812651686991e-02 3.346955902291709473e-02 3.160434943176042288e-02
5.891733805924771750e-02 6.164328333424291817e-02 5.891056614331159624e-02 4.793462089654809688e-02 3.927516859957495832e-02 3.942668356625308318e-02 3.923210700627555170e-02 4.497891519635918711e-02 4.918310414296860056e-02 4.334437796976390450e-02 3.160434943176042288e-02 3.559131067726375997e-02
6.050883630937649305e-02 5.497313163983331974e-02 4.676298608585911093e-02 4.150189619012416287e-02 5.571908993773227320e-02 5.933393949211918095e-02 7.054590169890019580e-02 6.535821698766432208e-02 7.600322616087917815e-02 6.315914984670051302e-02 5.539587521049994107e-02 6.424873545540701891e-02
5.497313163983331974e-02 5.029028042416791577e-02 4.303421876231104670e-02 3.847373169324886516e-02 5.201796198161033613e-02 5.561072801442999008e-02 6.593082343277875679e-02 5.976496171641551558e-02 6.795915738471394740e-02 5.634538531136164263e-02 4.968891676401099994e-02 5.800589347862897260e-02
4.676298608585911093e-02 4.303421876231104670e-02 3.716907563828882738e-02 3.364693344305180744e-02 4.607754609857083600e-02 4.979194324975257796e-02 5.930576036926894778e-02 5.272709935038027984e-02 5.827338299352591289e-02 4.775032085648467373e-02 4.200253833418618465e-02 4.912657510495840874e-02
4.150189619012416287e-02 3.847373169324886516e-02 3.364693344305180744e-02 3.117847496478145727e-02 4.373126725581166774e-02 4.829358996010682525e-02 5.833240723760466095e-02 5.074466112899413128e-02 5.370624046719084388e-02 4.285614229256749785e-02 3.722127765114408016e-02 4.342108017040385848e-02
5.571908993773227320e-02 5.201796198161033613e-02 4.607754609857083600e-02 4.373126725581166774e-02 6.320687752564888018e-02 7.173583718506770790e-02 8.837231660465684480e-02 7.563494209043514216e-02 7.659076288473852523e-02 5.902923475699360656e-02 5.020421494729802869e-02 5.814094306016165392e-02
5.933393949211918095e-02 5.561072801442999008e-02 4.979194324975257796e-02 4.829358996010682525e-02 7.173583718506770790e-02 8.535908525535708391e-02 1.093797383828609138e-01 9.383074762546034231e-02 9.157981290469541236e-02 6.714185286384177775e-02 5.478500977399616834e-02 6.211737004527572575e-02
7.054590169890019580e-02 6.593082343277875679e-02 5.930576036926894778e-02 5.833240723760466095e-02 8.837231660465684480e-02 1.093797383828609138e-01 1.505701534751257842e-01 1.337416149110159935e-01 1.291728949981792718e-01 8.961578104237186149e-02 6.871827594124016447e-02 7.486435487211662299e-02
6.535821698766432208e-02 5.976496171641551558e-02 5.272709935038027984e-02 5.074466112899413128e-02 7.563494209043514216e-02 9.383074762546034231e-02 1.337416149110159935e-01 1.368474935829318284e-01 1.427270681084131798e-01 9.653710046213989648e-02 6.952516580949863467e-02 7.161452786610683630e-02
7.600322616087917815e-02 6.795915738471394740e-02 5.827338299352591289e-02 5.370624046719084388e-02 7.659076288473852523e-02 9.157981290469541236e-02 1.291728949981792718e-01 1.427270681084131798e-01 1.713657301641557107e-01 1.187086064360971110e-01 8.453029111962986897e-02 8.514295349787381895e-02
6.315914984670051302e-02 5.634538531136164263e-02 4.775032085648467373e-02 4.285614229256749785e-02 5.902923475699360656e-02 6.714185286384177775e-02 8.961578104237186149e-02 9.653710046213989648e-02 1.187086064360971110e-01 8.930247477128738787e-02 6.731440808528918462e-02 7.014589167795678981e-02
5.539587521049994107e-02 4.968891676401099994e-02 4.200253833418618465e-02 3.722127765114408016e-02 5.020421494729802869e-02 5.478500977399616834e-02 6.871827594124016447e-02 6.952516580949863467e-02 8.453029111962986897e-02 6.731440808528918462e-02 5.517206529168897783e-02 6.044167438165515271e-02
6.424873545540701891e-02 5.800589347862897260e-02 4.912657510495840874e-02 4.342108017040385848e-02 5.814094306016165392e-02 6.211737004527572575e-02 7.486435487211662299e-02 7.161452786610683630e-02 8.514295349787381895e-02 7.014589167795678981e-02 6.044167438165515271e-02 6.902945259719001081e-02
1.026501294909275552e-01 7.752222304130994279e-02 7.778515843823134712e-02 6.097434569469462051e-02 6.728186973776942303e-02 6.684683582676367863e-02 5.172354808182123842e-02 5.742807277838390956e-02 6.164914940499394841e-02 8.489419834620864913e-02 1.078407178245864850e-01 1.139892991304811976e-01
7.752222304130994279e-02 6.522716925409649535e-02 7.044474223315738692e-02 5.696709158296690834e-02 6.371393008747761044e-02 6.293218777933629049e-02 4.727214753667805663e-02 4.973872066037367257e-02 4.945932022307094472e-02 6.302604537017403308e-02 7.624514763399393991e-02 8.095125538156286438e-02
7.778515843823134712e-02 7.044474223315738692e-02 8.172010442696699128e-02 6.820474258706901716e-02 7.756760824261407783e-02 7.669976138018508305e-02 5.677703216770593753e-02 5.787413756465548120e-02 5.448804718026965810e-02 6.492095437099483501e-02 7.432890800629508854e-02 7.798783817695284504e-02
6.097434569469462051e-02 5.696709158296690834e-02 6.820474258706901716e-02 5.874969836469064871e-02 6.808910401953974234e-02 6.777542860611472653e-02 5.010896422330733679e-02 5.064439019566082528e-02 4.664398495654719506e-02 5.369688906704295217e-02 5.913101313058727326e-02 6.060492654052317824e-02
6.728186973776942303e-02 6.371393008747761044e-02 7.756760824261407783e-02 6.808910401953974234e-02 8.036092934390370868e-02 8.061494461482811291e-02 5.979025491750787624e-02 6.043414533801633182e-02 5.523330175068842662e-02 6.253287977530153086e-02 6.712111640834764192e-02 6.716952026351390159e-02
6.684683582676367863e-02 6.293218777933629049e-02 7.669976138018508305e-02 6.777542860611472653e-02 8.061494461482811291e-02 8.159236153408402914e-02 6.095479791901835254e-02 6.210875380375427413e-02 5.711262451509860338e-02 6.480755436969992678e-02 6.904660070467555366e-02 6.783392067095357636e-02
5.172354808182123842e-02 4.727214753667805663e-02 5.677703216770593753e-02 5.010896422330733679e-02 5.979025491750787624e-02 6.095479791901835254e-02 4.632493952528757286e-02 4.825528961139816109e-02 4.545617263919913414e-02 5.275044531164891498e-02 5.659600040227635159e-02 5.444290807188489206e-02
5.742807277838390956e-02 4.973872066037367257e-02 5.787413756465548120e-02 5.064439019566082528e-02 6.043414533801633182e-02 6.210875380375427413e-02 4.825528961139816109e-02 5.228435692531122753e-02 5.140388497528099176e-02 6.209587727467389545e-02 6.785697853627906118e-02 6.381320271826021462e-02
6.164914940499394841e-02 4.945932022307094472e-02 5.448804718026965810e-02 4.664398495654719506e-02 5.523330175068842662e-02 5.711262451509860338e-02 4.545617263919913414e-02 5.140388497528099176e-02 5.409828474663697095e-02 6.946574596365071019e-02 7.849171935284830759e-02 7.278211436216938668e-02
8.489419834620864913e-02 6.302604537017403308e-02 6.492095437099483501e-02 5.369688906704295217e-02 6.253287977530153086e-02 6.480755436969992678e-02 5.275044531164891498e-02 6.209587727467389545e-02 6.946574596365071019e-02 9.614027055733273541e-02 1.133868169561873807e-01 1.050987570163096213e-01
1.078407178245864850e-01 7.624514763399393991e-02 7.432890800629508854e-02 5.913101313058727326e-02 6.712111640834764192e-02 6.904660070467555366e-02 5.659600040227635159e-02 6.785697853627906118e-02 7.849171935284830759e-02 1.133868169561873807e-01 1.424831117207421283e-01 1.354513330625057854e-01
1.139892991304811976e-01 8.095125538156286438e-02 7.798783817695284504e-02 6.060492654052317824e-02 6.716952026351390159e-02 6.783392067095357636e-02 5.444290807188489206e-02 6.381320271826021462e-02 7.278211436216938668e-02 1.050987570163096213e-01 1.354513330625057854e-01 1.383686441100200892e-01
6.102992246067660137e-02 6.933804371182591963e-02 6.645623811523532209e-02 5.371538745544154198e-02 5.009262963097600024e-02 5.270647551289528443e-02 5.346968539602012238e-02 6.174092596106482700e-02 5.700715206232584431e-02 5.333536853557910296e-02 7.078298688239881287e-02 6.297787154553245725e-02
6.933804371182591963e-02 8.009268566086275021e-02 7.744248330943181990e-02 6.292373658469466169e-02 5.877887802233200398e-02 6.151504195247393947e-02 6.136990219784735356e-02 6.926181385297680571e-02 6.290737981661118083e-02 5.860602075823333895e-02 7.810837963183281385e-02 7.036994447307634570e-02
6.645623811523532209e-02 7.744248330943181990e-02 7.582678480090540574e-02 6.235461423314232754e-02 5.904134158789346720e-02 6.245916594845540848e-02 6.242878157046652388e-02 6.971483723836771618e-02 6.184637472534507130e-02 5.629178245822305526e-02 7.419865512005323349e-02 6.697913578420616743e-02
5.371538745544154198e-02 6.292373658469466169e-02 6.235461423314232754e-02 5.267541530624003654e-02 5.159401641452961845e-02 5.640900087558779752e-02 5.765704728776502308e-02 6.437755481603441021e-02 5.503325608274506342e-02 4.752526667248849895e-02 6.055971938319216347e-02 5.415888599219113170e-02
5.009262963097600024e-02 5.877887802233200398e-02 5.904134158789346720e-02 5.159401641452961845e-02 5.373658376628357575e-02 6.224964443679700810e-02 6.637794813182873455e-02 7.494038375366887661e-02 6.124162133786700823e-02 4.878874198140961682e-02 5.843629797667808379e-02 5.099765147938380844e-02
5.270647551289528443e-02 6.151504195247393947e-02 6.245916594845540848e-02 5.640900087558779752e-02 6.224964443679700810e-02 7.776290054797486972e-02 8.757028914566146460e-02 1.010986343019548983e-01 7.988323981284070618e-02 5.874889335385478917e-02 6.528158113710005872e-02 5.483230691849809435e-02
5.346968539602012238e-02 6.136990219784735356e-02 6.242878157046652388e-02 5.765704728776502308e-02 6.637794813182873455e-02 8.757028914566146460e-02 1.062548799717007580e-01 1.275372028703541938e-01 9.957599133855141171e-02 6.917633845517923152e-02 7.184175985508066409e-02 5.760100335672850569e-02
6.174092596106482700e-02 6.926181385297680571e-02 6.971483723836771618e-02 6.437755481603441021e-02 7.494038375366887661e-02 1.010986343019548983e-01 1.275372028703541938e-01 1.620611679266631966e-01 1.283192763962373584e-01 8.783508447419718923e-02 8.857650112450235480e-02 6.874872230376985471e-02
5.700715206232584431e-02 6.290737981661118083e-02 6.184637472534507130e-02 5.503325608274506342e-02 6.124162133786700823e-02 7.988323981284070618e-02 9.957599133855141171e-02 1.283192763962373584e-01 1.082326183832498512e-01 7.810215754394186916e-02 8.195140530702134385e-02 6.402878812591136781e-02
5.333536853557910296e-02 5.860602075823333895e-02 5.629178245822305526e-02 4.752526667248849895e-02 4.878874198140961682e-02 5.874889335385478917e-02 6.917633845517923152e-02 8.783508447419718923e-02 7.810215754394186916e-02 6.357311912003661691e-02 7.305937451949637285e-02 5.910499358244821616e-02
7.078298688239881287e-02 7.810837963183281385e-02 7.419865512005323349e-02 6.055971938319216347e-02 5.843629797667808379e-02 6.528158113710005872e-02 7.184175985508066409e-02 8.857650112450235480e-02 8.195140530702134385e-02 7.305937451949637285e-02 9.187068719184500465e-02 7.698965907837182487e-02
6.297787154553245725e-02 7.036994447307634570e-02 6.697913578420616743e-02 5.415888599219113170e-02 5.099765147938380844e-02 5.483230691849809435e-02 5.760100335672850569e-02 6.874872230376985471e-02 6.402878812591136781e-02 5.910499358244821616e-02 7.698965907837182487e-02 6.688323486356152758e-02
1.217052754693403738e-01 1.149987448502982623e-01 8.956721637880402098e-02 6.720648528167831592e-02 4.799507482634457478e-02 3.965677198059738839e-02 4.775795083642964817e-02 6.583292145757374536e-02 7.657946233417371740e-02 7.949756295602801448e-02 8.495116018639781164e-02 1.091225264890674229e-01
1.149987448502982623e-01 1.115866146480360699e-01 8.770002312281342804e-02 6.598587866948446568e-02 4.705857840771939665e-02 3.864774133940783452e-02 4.610588021834909067e-02 6.286415732575470483e-02 7.193790093742016833e-02 7.321751207746629575e-02 7.774407005869560239e-02 1.009112792926954161e-01
8.956721637880402098e-02 8.770002312281342804e-02 6.993626149090459432e-02 5.316440068491827542e-02 3.833591390033504187e-02 3.197844802932614527e-02 3.876254583912340512e-02 5.338214694927577442e-02 6.101377417739867887e-02 6.061723195476994425e-02 6.197471653162882343e-02 7.869540085452553235e-02
6.720648528167831592e-02 6.598587866948446568e-02 5.316440068491827542e-02 4.107073282060286212e-02 3.018636983907224333e-02 2.589588766935523034e-02 3.231171606357279014e-02 4.539053594792701041e-02 5.220135678970611037e-02 5.060145097947062881e-02 4.904607909309563474e-02 5.980652310562202534e-02
4.799507482634457478e-02 4.705857840771939665e-02 3.833591390033504187e-02 3.018636983907224333e-02 2.291414849555207384e-02 2.057545449513669550e-02 2.684367035147991465e-02 3.884885361411415106e-02 4.522203181503389735e-02 4.266555862418620892e-02 3.843924396605551130e-02 4.387290128809879369e-02
3.965677198059738839e-02 3.864774133940783452e-02 3.197844802932614527e-02 2.589588766935523034e-02 2.057545449513669550e-02 1.980759876164932959e-02 2.747921702690892670e-02 4.131930988174216390e-02 4.889948316024261832e-02 4.485446585207401859e-02 3.686637941560814979e-02 3.805629451655282575e-02
4.775795083642964817e-02 4.610588021834909067e-02 3.876254583912340512e-02 3.231171606357279014e-02 2.684367035147991465e-02 2.747921702690892670e-02 4.027007813229822181e-02 6.249719770900127175e-02 7.501917725480321264e-02 6.757316704683583031e-02 5.167897651812670967e-02 4.845697844725810333e-02
6.583292145757374536e-02 6.286415732575470483e-02 5.338214694927577442e-02 4.539053594792701041e-02 3.884885361411415106e-02 4.131930988174216390e-02 6.249719770900127175e-02 9.937370926829820761e-02 1.207915586671811509e-01 1.081390649960802808e-01 7.947902935803015378e-02 6.988170450345310147e-02
7.657946233417371740e-02 7.193790093742016833e-02 6.101377417739867887e-02 5.220135678970611037e-02 4.522203181503389735e-02 4.889948316024261832e-02 7.501917725480321264e-02 1.207915586671811509e-01 1.504146571844590108e-01 1.361359395250211213e-01 9.893983636584760544e-02 8.413476319872056908e-02
7.949756295602801448e-02 7.321751207746629575e-02 6.061723195476994425e-02 5.060145097947062881e-02 4.266555862418620892e-02 4.485446585207401859e-02 6.757316704683583031e-02 1.081390649960802808e-01 1.361359395250211213e-01 1.301333350459492333e-01 9.912094576905763899e-02 8.723837917580104517e-02
8.495116018639781164e-02 7.774407005869560239e-02 6.197471653162882343e-02 4.904607909309563474e-02 3.843924396605551130e-02 3.686637941560814979e-02 5.167897651812670967e-02 7.947902935803015378e-02 9.893983636584760544e-02 9.912094576905763899e-02 8.772215778134340169e-02 8.804639274738310095e-02
1.091225264890674229e-01 1.009112792926954161e-01 7.869540085452553235e-02 5.980652310562202534e-02 4.387290128809879369e-02 3.805629451655282575e-02 4.845697844725810333e-02 6.988170450345310147e-02 8.413476319872056908e-02 8.723837917580104517e-02 8.804639274738310095e-02 1.050654309015668086e-01
8.932125726814851840e-02 7.149153852190037739e-02 8.623827352515113509e-02 8.549030922774261687e-02 6.786874883546047121e-02 6.403872924285228252e-02 6.967586047383209080e-02 6.245625979316161980e-02 5.764418240457205161e-02 5.924334641124760770e-02 6.955590897439638265e-02 9.247524569593298938e-02
7.149153852190037739e-02 6.277824398810194495e-02 8.242735307793910837e-02 8.420078182362591979e-02 6.479003066662351873e-02 5.713243357046385307e-02 5.850583908836598512e-02 5.042692946818867067e-02 4.526746256474456498e-02 4.574086137731938478e-02 5.342469123475870885e-02 7.153149808476172433e-02
8.623827352515113509e-02 8.242735307793910837e-02 1.198204092456903458e-01 1.273741626367835000e-01 9.670153262045039222e-02 8.110161367789131548e-02 7.844223456394505689e-02 6.451763300941246171e-02 5.560096184135207564e-02 5.443198035180153022e-02 6.247406120697289456e-02 8.363169107937840074e-02
8.549030922774261687e-02 8.420078182362591979e-02 1.273741626367835000e-01 1.439146927763005901e-01 1.118666936815690682e-01 9.400718981108981132e-02 8.950293429253261546e-02 7.166431639361325878e-02 5.969511786910124129e-02 5.637601042606797674e-02 6.280320786565529723e-02 8.269160360927166331e-02
6.786874883546047121e-02 6.479003066662351873e-02 9.670153262045039222e-02 1.118666936815690682e-01 9.369946114188285047e-02 8.339712803127025120e-02 8.169943970204476824e-02 6.542612149194114435e-02 5.362428276919525838e-02 4.923867474926485466e-02 5.304130423223027413e-02 6.773147921436162289e-02
6.403872924285228252e-02 5.713243357046385307e-02 8.110161367789131548e-02 9.400718981108981132e-02 8.339712803127025120e-02 8.153674855636264263e-02 8.413591056195998674e-02 6.856119115411572762e-02 5.625599795470342945e-02 5.105163063255716005e-02 5.378930452630938108e-02 6.679021700489415347e-02
6.967586047383209080e-02 5.850583908836598512e-02 7.844223456394505689e-02 8.950293429253261546e-02 8.169943970204476824e-02 8.413591056195998674e-02 9.165453666715608905e-02 7.648443715474007032e-02 6.357470552862341806e-02 5.799320590843121126e-02 6.093122891814795744e-02 7.483417292428085066e-02
6.245625979316161980e-02 5.042692946818867067e-02 6.451763300941246171e-02 7.166431639361325878e-02 6.542612149194114435e-02 6.856119115411572762e-02 7.648443715474007032e-02 6.574721683793993687e-02 5.584991334288418041e-02 5.183284035274064727e-02 5.509056169477769688e-02 6.788824410012503363e-02
5.764418240457205161e-02 4.526746256474456498e-02 5.560096184135207564e-02 5.969511786910124129e-02 5.362428276919525838e-02 5.625599795470342945e-02 6.357470552862341806e-02 5.584991334288418041e-02 4.889776116054660865e-02 4.656158463830352423e-02 5.047540591840236901e-02 6.286942897670907970e-02
5.924334641124760770e-02 4.574086137731938478e-02 5.443198035180153022e-02 5.637601042606797674e-02 4.923867474926485466e-02 5.105163063255716005e-02 5.799320590843121126e-02 5.183284035274064727e-02 4.656158463830352423e-02 4.580325749717075595e-02 5.093245393443092406e-02 6.442587920953266045e-02
6.955590897439638265e-02 5.342469123475870885e-02 6.247406120697289456e-02 6.280320786565529723e-02 5.304130423223027413e-02 5.378930452630938108e-02 6.093122891814795744e-02 5.509056169477769688e-02 5.047540591840236901e-02 5.093245393443092406e-02 5.826761320726507598e-02 7.504553675947642222e-02
9.247524569593298938e-02 7.153149808476172433e-02 8.363169107937840074e-02 8.269160360927166331e-02 6.773147921436162289e-02 6.679021700489415347e-02 7.483417292428085066e-02 6.788824410012503363e-02 6.286942897670907970e-02 6.442587920953266045e-02 7.504553675947642222e-02 9.855880165343475219e-02
6.789696487211685505e-02 5.191025912410657944e-02 7.312825395121741456e-02 7.786867537728059396e-02 7.178018309274944442e-02 5.868755114753684138e-02 6.781372418202202823e-02 6.488582607336608465e-02 6.693526822258881459e-02 4.727813415816575077e-02 4.369673146934389962e-02 5.207512697545407798e-02
5.191025912410657944e-02 4.013863399675862004e-02 5.711564812178940298e-02 6.115256813943309444e-02 5.636469050099502526e-02 4.543847625185044870e-02 5.112711172914261720e-02 4.768713446961557467e-02 4.882494311976795509e-02 3.484574849058504759e-02 3.271003908560479734e-02 3.948206415067619796e-02
7.312825395121741456e-02 5.711564812178940298e-02 8.225867118829678637e-02 8.873781980648860757e-02 8.206393031871406230e-02 6.566528193622765686e-02 7.246905468874483003e-02 6.589758027636259674e-02 6.665910396322109743e-02 4.782295366967551087e-02 4.535261342935864581e-02 5.524923950161613612e-02
7.786867537728059396e-02 6.115256813943309444e-02 8.873781980648860757e-02 9.705479511128983772e-02 9.097514340926518561e-02 7.368708827874448364e-02 8.175270577129258032e-02 7.315244896742145730e-02 7.250966732080429966e-02 5.141983640330088923e-02 4.837625612098805927e-02 5.877492651078079083e-02
7.178018309274944442e-02 5.636469050099502526e-02 8.206393031871406230e-02 9.097514340926518561e-02 8.877572945750675237e-02 7.576541772559849952e-02 8.825102956068496540e-02 7.880698766491318896e-02 7.536877502797162398e-02 5.121190791251493957e-02 4.616358745579059175e-02 5.467709811409832144e-02
5.868755114753684138e-02 4.543847625185044870e-02 6.566528193622765686e-02 7.368708827874448364e-02 7.576541772559849952e-02 7.408934740478476111e-02 9.722972224648862571e-02 8.924968775353821215e-02 8.180637905679911948e-02 5.126298162129423741e-02 4.183922378750062898e-02 4.615742005008126314e-02
6.781372418202202823e-02 5.112711172914261720e-02 7.246905468874483003e-02 8.175270577129258032e-02 8.825102956068496540e-02 9.722972224648862571e-02 1.467907314635606975e-01 1.407437438532737339e-01 1.266512054718271774e-01 7.443428591214282242e-02 5.510300572165219291e-02 5.581161903727342721e-02
6.488582607336608465e-02 4.768713446961557467e-02 6.589758027636259674e-02 7.315244896742145730e-02 7.880698766491318896e-02 8.924968775353821215e-02 1.407437438532737339e-01 1.474053377913017715e-01 1.365470045757797846e-01 7.908117688723668992e-02 5.646092918999457561e-02 5.489929117422338856e-02
6.693526822258881459e-02 4.882494311976795509e-02 6.665910396322109743e-02 7.250966732080429966e-02 7.536877502797162398e-02 8.180637905679911948e-02 1.266512054718271774e-01 1.365470045757797846e-01 1.342011334942296019e-01 7.925515827440837713e-02 5.752195434315264533e-02 5.651841624785926277e-02
4.727813415816575077e-02 3.484574849058504759e-02 4.782295366967551087e-02 5.141983640330088923e-02 5.121190791251493957e-02 5.126298162129423741e-02 7.443428591214282242e-02 7.908117688723668992e-02 7.925515827440837713e-02 4.917683175924236760e-02 3.778865716445528600e-02 3.895397643555777167e-02
4.369673146934389962e-02 3.271003908560479734e-02 4.535261342935864581e-02 4.837625612098805927e-02 4.616358745579059175e-02 4.183922378750062898e-02 5.510300572165219291e-02 5.646092918999457561e-02 5.752195434315264533e-02 3.778865716445528600e-02 3.167366231530463483e-02 3.487002825585276689e-02
5.207512697545407798e-02 3.948206415067619796e-02 5.524923950161613612e-02 5.877492651078079083e-02 5.467709811409832144e-02 4.615742005008126314e-02 5.581161903727342721e-02 5.489929117422338856e-02 5.651841624785926277e-02 3.895397643555777167e-02 3.487002825585276689e-02 4.053816114560736955e-02
4.332696963805438006e-02 4.829182482190570724e-02 6.307716487269945937e-02 6.519268239747944005e-02 5.329029890779066192e-02 3.590105320708972952e-02 3.910994406709954185e-02 5.047335010854822612e-02 5.300273709428731522e-02 5.689378955134077875e-02 5.511318652412181690e-02 4.990884978164569774e-02
4.829182482190570724e-02 6.263791210384292429e-02 8.946263577994092997e-02 9.425302224747997282e-02 7.362051356143659020e-02 4.424703531818734159e-02 4.139040932260193428e-02 4.872546532666573865e-02 4.924596546797409963e-02 5.233288410690122017e-02 5.160794371373955691e-02 4.946858190501372127e-02
6.307716487269945937e-02 8.946263577994092997e-02 1.369833030715705835e-01 1.472463792723581466e-01 1.130129153914688628e-01 6.387616239211643676e-02 5.384271411395552542e-02 5.852804931843899605e-02 5.681098688852528195e-02 5.946703385983741902e-02 5.931191408381392832e-02 5.943222448828209409e-02
6.519268239747944005e-02 9.425302224747997282e-02 1.472463792723581466e-01 1.638173748557426312e-01 1.268055542751821974e-01 7.098153895689829351e-02 5.836993599873852023e-02 6.185573448070763591e-02 5.891851672869283935e-02 6.086034266889839284e-02 6.031273810036859306e-02 6.057426395073037262e-02
5.329029890779066192e-02 7.362051356143659020e-02 1.130129153914688628e-01 1.268055542751821974e-01 1.019010523050880856e-01 5.918265500995566197e-02 5.129372882695670127e-02 5.638869440602092831e-02 5.439148595772680395e-02 5.599349883393073268e-02 5.436895530221844131e-02 5.243228527690306506e-02
3.590105320708972952e-02 4.424703531818734159e-02 6.387616239211643676e-02 7.098153895689829351e-02 5.918265500995566197e-02 3.792779781758607444e-02 3.736840679282315419e-02 4.464123740915369731e-02 4.456375882691578083e-02 4.615112839014362534e-02 4.375321162480913517e-02 3.957319119454882211e-02
3.910994406709954185e-02 4.139040932260193428e-02 5.384271411395552542e-02 5.836993599873852023e-02 5.129372882695670127e-02 3.736840679282315419e-02 4.331049966940538065e-02 5.633234717709304645e-02 5.811120813548095732e-02 6.065891470149055442e-02 5.654524466118802939e-02 4.845429966315045744e-02
5.047335010854822612e-02 4.872546532666573865e-02 5.852804931843899605e-02 6.185573448070763591e-02 5.638869440602092831e-02 4.464123740915369731e-02 5.633234717709304645e-02 7.698451647618491378e-02 8.091579781723769182e-02 8.500279248848711944e-02 7.886464523036024188e-02 6.613748963139459702e-02
5.300273709428731522e-02 4.924596546797409963e-02 5.681098688852528195e-02 5.891851672869283935e-02 5.439148595772680395e-02 4.456375882691578083e-02 5.811120813548095732e-02 8.091579781723769182e-02 8.630610398628099644e-02 9.131695057990693587e-02 8.486726110097338183e-02 7.080940458524204173e-02
5.689378955134077875e-02 5.233288410690122017e-02 5.946703385983741902e-02 6.086034266889839284e-02 5.599349883393073268e-02 4.615112839014362534e-02 6.065891470149055442e-02 8.500279248848711944e-02 9.131695057990693587e-02 9.750628441352303388e-02 9.110408178474026231e-02 7.619914149398059056e-02
5.511318652412181690e-02 5.160794371373955691e-02 5.931191408381392832e-02 6.031273810036859306e-02 5.436895530221844131e-02 4.375321162480913517e-02 5.654524466118802939e-02 7.886464523036024188e-02 8.486726110097338183e-02 9.110408178474026231e-02 8.605550558499594493e-02 7.277158703855635125e-02
4.990884978164569774e-02 4.946858190501372127e-02 5.943222448828209409e-02 6.057426395073037262e-02 5.243228527690306506e-02 3.957319119454882211e-02 4.845429966315045744e-02 6.613748963139459702e-02 7.080940458524204173e-02 7.619914149398059056e-02 7.277158703855635125e-02 6.324268007772519684e-02
6.890614900362659889e-02 7.658292160722139641e-02 8.379812249457677109e-02 7.000176821171683050e-02 6.245047021037520435e-02 5.326176064383272846e-02 4.551037132062282775e-02 5.333643540957709595e-02 5.951222490123193182e-02 7.526472612536586060e-02 6.535828667023199645e-02 6.271856047786499022e-02
7.658292160722139641e-02 9.162367908797255933e-02 1.035601405987869872e-01 8.677237920923275283e-02 7.618477987528179951e-02 6.260472331035184246e-02 5.017443304662284886e-02 5.471941762214858895e-02 5.781912344081974187e-02 7.126956338064838192e-02 6.330198199569475603e-02 6.459709638080710081e-02
8.379812249457677109e-02 1.035601405987869872e-01 1.210043103903754996e-01 1.026235080707006420e-01 9.024386484673782571e-02 7.338213937056885239e-02 5.727532801638355459e-02 6.022001882100128101e-02 6.141864390695933595e-02 7.394569023678528030e-02 6.574442623206579184e-02 6.852501404370868465e-02
7.000176821171683050e-02 8.677237920923275283e-02 1.026235080707006420e-01 8.918716354935192492e-02 7.981677051686189572e-02 6.563654669786772589e-02 5.155401753766152007e-02 5.423988341958137921e-02 5.485521444367232047e-02 6.510108580635851072e-02 5.666961785140482710e-02 5.781049136576009440e-02
6.245047021037520435e-02 7.618477987528179951e-02 9.024386484673782571e-02 7.981677051686189572e-02 7.374198697950987147e-02 6.229518885317550381e-02 5.030677071936419387e-02 5.425212553345311328e-02 5.544511057021556111e-02 6.544468462003155684e-02 5.515841157960746366e-02 5.358416105895220244e-02
5.326176064383272846e-02 6.260472331035184246e-02 7.338213937056885239e-02 6.563654669786772589e-02 6.229518885317550381e-02 5.507335325955783900e-02 4.673229776345557557e-02 5.277498487681182848e-02 5.542179176662727358e-02 6.575622504021949588e-02 5.357512779422177879e-02 4.873151390104405595e-02
4.551037132062282775e-02 5.017443304662284886e-02 5.727532801638355459e-02 5.155401753766152007e-02 5.030677071936419387e-02 4.673229776345557557e-02 4.289524347208123478e-02 5.183780158215727657e-02 5.671133642869291558e-02 6.824797203162627501e-02 5.393573777290888716e-02 4.553567910599579799e-02
5.333643540957709595e-02 5.471941762214858895e-02 6.022001882100128101e-02 5.423988341958137921e-02 5.425212553345311328e-02 5.277498487681182848e-02 5.183780158215727657e-02 6.716373239010557661e-02 7.648311055564813166e-02 9.357150691204572934e-02 7.261268183143915200e-02 5.794509236765700566e-02
5.951222490123193182e-02 5.781912344081974187e-02 6.141864390695933595e-02 5.485521444367232047e-02 5.544511057021556111e-02 5.542179176662727358e-02 5.671133642869291558e-02 7.648311055564813166e-02 9.063997826080233411e-02 1.131024260926910829e-01 8.747125853515236305e-02 6.796029048403934292e-02
7.526472612536586060e-02 7.126956338064838192e-02 7.394569023678528030e-02 6.510108580635851072e-02 6.544468462003155684e-02 6.575622504021949588e-02 6.824797203162627501e-02 9.357150691204572934e-02 1.131024260926910829e-01 1.445777417202909754e-01 1.127062445378420596e-01 8.733771639373830165e-02
6.535828667023199645e-02 6.330198199569475603e-02 6.574442623206579184e-02 5.666961785140482710e-02 5.515841157960746366e-02 5.357512779422177879e-02 5.393573777290888716e-02 7.261268183143915200e-02 8.747125853515236305e-02 1.127062445378420596e-01 9.089542697057999276e-02 7.312374798314442981e-02
6.271856047786499022e-02 6.459709638080710081e-02 6.852501404370868465e-02 5.781049136576009440e-02 5.358416105895220244e-02 4.873151390104405595e-02 4.553567910599579799e-02 5.794509236765700566e-02 6.796029048403934292e-02 8.733771639373830165e-02 7.312374798314442981e-02 6.429123491574566251e-02
6.566809107761677200e-02 1.254502611498443665e-01 7.244847554093207520e-02 4.653969859066740128e-02 4.061019825773298092e-02 3.430965089225834763e-02 3.619335770355795040e-02 4.207741308870292796e-02 3.347398959200189456e-02 3.272560229847214924e-02 3.388892450909172793e-02 4.538042712079629060e-02
