5.355123339331354648e-01 2.763504062336339939e-01 1.196556240886933846e-02 -7.086599986635228055e-02 -1.114090657788157843e-02 3.819077519081851696e-02 1.543044430830556660e-02 -3.273404982797528673e-02 -1.070375982973535700e-02 5.662051485743765933e-02 8.280723224893699400e-03 -2.364497265400943571e-01
2.763504062336339939e-01 4.674221628777540660e-01 2.346406821624257844e-01 2.874355255768011597e-02 -5.272699995787441529e-02 -2.019833052480363503e-02 3.063659944964449225e-02 2.237168671163892661e-02 -4.595042438959687919e-02 -1.153696601181841003e-02 8.080025176467280079e-02 1.721934672630667362e-04
1.196556240886933846e-02 2.346406821624257844e-01 4.550166205498752392e-01 2.685722638714089783e-01 1.307384242250296189e-02 -7.230863421986573336e-02 -1.613112045143117596e-02 4.676817854544065844e-02 1.744829967673924105e-03 -4.346984753462012491e-02 5.342341344663350394e-03 6.009662066887316856e-02
-7.086599986635228055e-02 2.874355255768011597e-02 2.685722638714089783e-01 5.078796260054858624e-01 2.361266374881424990e-01 7.799188944090987112e-03 -5.515798548883144026e-02 -1.062403688158808368e-02 4.295881444203517030e-02 -2.453263898437770592e-03 -4.542385163965807771e-02 1.289490276547922143e-02
-1.114090657788157843e-02 -5.272699995787441529e-02 1.307384242250296189e-02 2.361266374881424990e-01 4.698347456484416318e-01 2.705858097498301529e-01 2.201608750737927070e-02 -8.079782552430282705e-02 2.595569651459056233e-03 4.567728119727280933e-02 -8.729692362796151461e-03 -3.552663462409393763e-02
3.819077519081851696e-02 -2.019833052480363503e-02 -7.230863421986573336e-02 7.799188944090987112e-03 2.705858097498301529e-01 5.058162007778366220e-01 2.346168521815673036e-01 7.891428051222733331e-03 -6.298086340540293149e-02 8.686908764802346583e-03 3.779302233081092977e-02 -1.440160123887575423e-02
1.543044430830556660e-02 3.063659944964449225e-02 -1.613112045143117596e-02 -5.515798548883144026e-02 2.201608750737927070e-02 2.346168521815673036e-01 4.404462722083543058e-01 2.871043175885267251e-01 -1.658307344059554989e-02 -7.371772656526404122e-02 1.699789076653213452e-02 3.608050831699048666e-02
-3.273404982797528673e-02 2.237168671163892661e-02 4.676817854544065844e-02 -1.062403688158808368e-02 -8.079782552430282705e-02 7.891428051222733331e-03 2.871043175885267251e-01 5.617100452351313500e-01 2.308153091611969687e-01 -3.206325287796382706e-02 -5.088555342284277472e-02 2.355211756359362404e-02
-1.070375982973535700e-02 -4.595042438959687919e-02 1.744829967673924105e-03 4.295881444203517030e-02 2.595569651459056233e-03 -6.298086340540293149e-02 -1.658307344059554989e-02 2.308153091611969687e-01 5.343545723973137651e-01 2.714352548479799232e-01 -1.899262493734790724e-02 -7.258580726709390474e-02
5.662051485743765933e-02 -1.153696601181841003e-02 -4.346984753462012491e-02 -2.453263898437770592e-03 4.567728119727280933e-02 8.686908764802346583e-03 -7.371772656526404122e-02 -3.206325287796382706e-02 2.714352548479799232e-01 5.033855285774787580e-01 2.337125695550981708e-01 -1.387691557381565480e-02
8.280723224893699400e-03 8.080025176467280079e-02 5.342341344663350394e-03 -4.542385163965807771e-02 -8.729692362796151461e-03 3.779302233081092977e-02 1.699789076653213452e-02 -5.088555342284277472e-02 -1.899262493734790724e-02 2.337125695550981708e-01 5.472089697870317071e-01 2.748496343238197026e-01
-2.364497265400943571e-01 1.721934672630667362e-04 6.009662066887316856e-02 1.289490276547922143e-02 -3.552663462409393763e-02 -1.440160123887575423e-02 3.608050831699048666e-02 2.355211756359362404e-02 -7.258580726709390474e-02 -1.387691557381565480e-02 2.748496343238197026e-01 4.714129220021484601e-01
4.604903295003858199e-01 2.612058874947055798e-01 -9.436527641150310036e-03 -6.559024695429363505e-02 1.348299178865375487e-02 3.775576780536940569e-02 1.321779352188146017e-02 -3.923371529306095284e-02 3.348085588015609505e-03 6.154938565276629747e-02 -1.936867456468467641e-02 -2.458093188971530729e-01
2.612058874947055798e-01 5.268505958631377606e-01 2.442397885263133950e-01 -7.226928088351519328e-03 -5.863092615391041207e-02 8.080130257649722342e-03 4.296747104975322251e-02 -8.198325291334520107e-03 -3.892598325322628450e-02 1.653380158097701724e-02 6.114441814181150597e-02 -1.792112008444383259e-02
-9.436527641150310036e-03 2.442397885263133950e-01 5.124846256592177074e-01 2.576518983043373789e-01 -1.975749685405039577e-02 -6.862895790629384984e-02 -2.424332683432804669e-02 4.071750741498594839e-02 3.724066434406370953e-03 -3.764626386448362283e-02 3.252947505364394386e-03 6.243607478015726631e-02
-6.559024695429363505e-02 -7.226928088351519328e-03 2.576518983043373789e-01 4.927716458918543485e-01 2.459289335822359979e-01 -3.079783007380657717e-03 -7.165416534989002550e-02 6.184250494014341230e-03 4.059615133509861945e-02 -1.158563779096978899e-02 -3.635296480420059650e-02 7.466184462160021899e-03
1.348299178865375487e-02 -5.863092615391041207e-02 -1.975749685405039577e-02 2.459289335822359979e-01 5.810357039674955981e-01 2.694717028202235354e-01 5.857007371499738102e-02 -7.302196280646969240e-02 -1.309842906949124433e-02 4.201523166096171602e-02 3.295832061488319486e-03 -4.023593699221691966e-02
3.775576780536940569e-02 8.080130257649722342e-03 -6.862895790629384984e-02 -3.079783007380657717e-03 2.694717028202235354e-01 3.422923700315997353e-01 2.556874140398808226e-01 5.462154420212361750e-03 -6.913651832928971452e-02 8.093156530230925794e-03 3.748145558112127296e-02 -1.827306316164290607e-03
1.321779352188146017e-02 4.296747104975322251e-02 -2.424332683432804669e-02 -7.165416534989002550e-02 5.857007371499738102e-02 2.556874140398808226e-01 5.402610477852776150e-01 2.580972593439418983e-01 -4.000641793242254440e-02 -5.952904885822146719e-02 2.539332513356834520e-02 4.004197607381142221e-02
-3.923371529306095284e-02 -8.198325291334520107e-03 4.071750741498594839e-02 6.184250494014341230e-03 -7.302196280646969240e-02 5.462154420212361750e-03 2.580972593439418983e-01 5.460763241025055059e-01 2.505584085323929733e-01 -1.755240804157704587e-02 -6.437587177064961474e-02 1.193660949592004888e-03
3.348085588015609505e-03 -3.892598325322628450e-02 3.724066434406370953e-03 4.059615133509861945e-02 -1.309842906949124433e-02 -6.913651832928971452e-02 -4.000641793242254440e-02 2.505584085323929733e-01 5.123140089158334520e-01 2.518217383331239345e-01 -9.679473574113384507e-03 -6.709792695735707080e-02
6.154938565276629747e-02 1.653380158097701724e-02 -3.764626386448362283e-02 -1.158563779096978899e-02 4.201523166096171602e-02 8.093156530230925794e-03 -5.952904885822146719e-02 -1.755240804157704587e-02 2.518217383331239345e-01 5.234200036164302627e-01 2.563911467207996009e-01 1.131767453141175640e-02
-1.936867456468467641e-02 6.114441814181150597e-02 3.252947505364394386e-03 -3.635296480420059650e-02 3.295832061488319486e-03 3.748145558112127296e-02 2.539332513356834520e-02 -6.437587177064961474e-02 -9.679473574113384507e-03 2.563911467207996009e-01 4.740539594983257943e-01 2.521926319333643862e-01
-2.458093188971530729e-01 -1.792112008444383259e-02 6.243607478015726631e-02 7.466184462160021899e-03 -4.023593699221691966e-02 -1.827306316164290607e-03 4.004197607381142221e-02 1.193660949592004888e-03 -6.709792695735707080e-02 1.131767453141175640e-02 2.521926319333643862e-01 4.879493851679201910e-01
5.599565555343626322e-01 2.508499116784668193e-01 -5.580551871726792401e-02 -6.317936463500899158e-02 4.088378127994130029e-02 3.348276778077367150e-02 -2.465007117348802512e-02 -3.644720196666269285e-02 1.582487570072980965e-02 6.470701686139387898e-02 -5.179332760298316352e-02 -2.862004335790472864e-01
2.508499116784668193e-01 5.558065841166330845e-01 2.574254142779156540e-01 -1.030177826746694891e-02 -6.692068517579799480e-02 1.277969793039338345e-02 4.777619532778188544e-02 -1.045548918088145401e-02 -5.152564793247380037e-02 1.634497223185781695e-02 7.247356601084961603e-02 -1.388799008655296121e-03
-5.580551871726792401e-02 2.574254142779156540e-01 5.232631874093024438e-01 2.553925206139999182e-01 -2.532849280544888226e-02 -6.913290451810716331e-02 2.462294015465076773e-04 4.365647037134352121e-02 1.214509298511916649e-02 -4.377576766507824263e-02 3.164434975480991813e-03 8.202524432518079611e-02
-6.317936463500899158e-02 -1.030177826746694891e-02 2.553925206139999182e-01 4.873888951951848014e-01 2.509985082585734495e-01 -1.022688410701538125e-02 -7.305309254746802927e-02 7.013311908736807529e-03 4.992526867005004504e-02 -9.689948760856071167e-03 -4.563470663982772263e-02 -5.545157501281508701e-03
4.088378127994130029e-02 -6.692068517579799480e-02 -2.532849280544888226e-02 2.509985082585734495e-01 5.889224185887512730e-01 2.710718297717892855e-01 1.388581862145553403e-02 -7.474511856048540737e-02 -2.757416080537276534e-02 4.442419398731040775e-02 7.634444372859529489e-03 -4.738514770080969052e-02
3.348276778077367150e-02 1.277969793039338345e-02 -6.913290451810716331e-02 -1.022688410701538125e-02 2.710718297717892855e-01 3.896818086581069207e-01 2.593536689537762063e-01 1.615323829520074611e-02 -7.140112342791374300e-02 2.602351076026300850e-04 4.384458606206696751e-02 1.560489326157048565e-02
-2.465007117348802512e-02 4.777619532778188544e-02 2.462294015465076773e-04 -7.305309254746802927e-02 1.388581862145553403e-02 2.593536689537762063e-01 5.752101578546486849e-01 2.592520637758456425e-01 1.921387713358675003e-02 -6.578246773801460501e-02 4.102270939974782780e-03 4.733509813738133454e-02
-3.644720196666269285e-02 -1.045548918088145401e-02 4.365647037134352121e-02 7.013311908736807529e-03 -7.474511856048540737e-02 1.615323829520074611e-02 2.592520637758456425e-01 3.964984645351528614e-01 2.677561879204652939e-01 -3.703022690170511711e-03 -7.285262696436151098e-02 -1.808969078971633948e-02
1.582487570072980965e-02 -5.152564793247380037e-02 1.214509298511916649e-02 4.992526867005004504e-02 -2.757416080537276534e-02 -7.140112342791374300e-02 1.921387713358675003e-02 2.677561879204652939e-01 5.573111828532436585e-01 2.396956890160105436e-01 -3.260139264323645703e-02 -7.323944591862655007e-02
6.470701686139387898e-02 1.634497223185781695e-02 -4.377576766507824263e-02 -9.689948760856071167e-03 4.442419398731040775e-02 2.602351076026300850e-04 -6.578246773801460501e-02 -3.703022690170511711e-03 2.396956890160105436e-01 5.322420637222091688e-01 2.785861788674152684e-01 3.714442773119176061e-02
-5.179332760298316352e-02 7.247356601084961603e-02 3.164434975480991813e-03 -4.563470663982772263e-02 7.634444372859529489e-03 4.384458606206696751e-02 4.102270939974782780e-03 -7.285262696436151098e-02 -3.260139264323645703e-02 2.785861788674152684e-01 4.725279332143492717e-01 2.289164390934881055e-01
-2.862004335790472864e-01 -1.388799008655296121e-03 8.202524432518079611e-02 -5.545157501281508701e-03 -4.738514770080969052e-02 1.560489326157048565e-02 4.733509813738133454e-02 -1.808969078971633948e-02 -7.323944591862655007e-02 3.714442773119176061e-02 2.289164390934881055e-01 3.611907483180331058e-01
4.832120979823275597e-01 2.475492383912647476e-01 -7.638292563620498014e-04 -6.162372106452418397e-02 2.731790875015774334e-02 4.370915944515970514e-02 -4.178592429726367408e-03 -4.305635142390736719e-02 2.506686868839065954e-03 6.922579060398413586e-02 4.478785463232588457e-03 -2.560955329543774806e-01
2.475492383912647476e-01 5.347772628744389412e-01 2.665767106461998659e-01 -3.602951825151489568e-02 -6.590483581839061411e-02 1.307326116834168009e-02 4.800830073677170295e-02 3.265522997478307503e-04 -4.364700217990198639e-02 -1.771240020335477323e-03 6.681428125231637927e-02 1.839594918148202210e-02
-7.638292563620498014e-04 2.665767106461998659e-01 4.824759757430625018e-01 2.365635904748027429e-01 -4.384298422014824836e-02 -7.228301532893185999e-02 3.133674734359289445e-03 4.453493386354728106e-02 -1.624172319741147737e-03 -4.397470397366592954e-02 -4.157027448908552462e-03 6.920864950604799226e-02
-6.162372106452418397e-02 -3.602951825151489568e-02 2.365635904748027429e-01 6.494636280509433757e-01 2.820683369090343229e-01 -8.611525096669184892e-03 -8.821794761487203318e-02 -1.286953753419774887e-02 5.071508262293614178e-02 1.370910445758840787e-02 -4.267767831145904966e-02 -2.570390660131847277e-02
2.731790875015774334e-02 -6.590483581839061411e-02 -4.384298422014824836e-02 2.820683369090343229e-01 4.317990930920829751e-01 2.564461506574149396e-01 6.089994451251935781e-02 -5.763723639705647939e-02 -3.143945157514783928e-02 3.337639766516611178e-02 2.797608936195215140e-02 -3.062734943676326954e-02
4.370915944515970514e-02 1.307326116834168009e-02 -7.228301532893185999e-02 -8.611525096669184892e-03 2.564461506574149396e-01 4.679275864755146341e-01 2.571238107558180275e-01 1.991365819199084411e-02 -6.916516670787654919e-02 -1.272779269856380915e-02 4.131877251111674976e-02 1.732057652086625016e-02
-4.178592429726367408e-03 4.800830073677170295e-02 3.133674734359289445e-03 -8.821794761487203318e-02 6.089994451251935781e-02 2.571238107558180275e-01 4.318274215907016433e-01 2.555929802451724075e-01 7.340870163551343683e-03 -6.648224487484187539e-02 -9.746692824580373976e-03 4.224767328916495535e-02
-4.305635142390736719e-02 3.265522997478307503e-04 4.453493386354728106e-02 -1.286953753419774887e-02 -5.763723639705647939e-02 1.991365819199084411e-02 2.555929802451724075e-01 5.477010179893000430e-01 2.580612197253816520e-01 3.594510925166701583e-04 -6.708712571772078304e-02 -8.880056171142198390e-03
2.506686868839065954e-03 -4.364700217990198639e-02 -1.624172319741147737e-03 5.071508262293614178e-02 -3.143945157514783928e-02 -6.916516670787654919e-02 7.340870163551343683e-03 2.580612197253816520e-01 4.499485263484438446e-01 2.534624548870009764e-01 1.505129431570635841e-02 -6.722039405886004459e-02
6.922579060398413586e-02 -1.771240020335477323e-03 -4.397470397366592954e-02 1.370910445758840787e-02 3.337639766516611178e-02 -1.272779269856380915e-02 -6.648224487484187539e-02 3.594510925166701583e-04 2.534624548870009764e-01 5.351103892186225286e-01 2.553753928492057401e-01 1.121865665325122267e-02
4.478785463232588457e-03 6.681428125231637927e-02 -4.157027448908552462e-03 -4.267767831145904966e-02 2.797608936195215140e-02 4.131877251111674976e-02 -9.746692824580373976e-03 -6.708712571772078304e-02 1.505129431570635841e-02 2.553753928492057401e-01 4.296898607869065190e-01 2.605512884909507720e-01
-2.560955329543774806e-01 1.839594918148202210e-02 6.920864950604799226e-02 -2.570390660131847277e-02 -3.062734943676326954e-02 1.732057652086625016e-02 4.224767328916495535e-02 -8.880056171142198390e-03 -6.722039405886004459e-02 1.121865665325122267e-02 2.605512884909507720e-01 5.560671398476755289e-01
6.465762254686310273e-01 2.441379879698382382e-01 -4.514207515208679133e-02 -9.559088392163432590e-02 3.441252316135944359e-06 6.383856251395327031e-02 -5.016360129213019714e-03 -6.959602509521939373e-02 -7.752795816453784614e-03 9.198283136547248662e-02 3.490708893717789363e-02 -2.421169871447316213e-01
2.441379879698382382e-01 5.853032869733085786e-01 2.887467855362100266e-01 3.173452970129298639e-02 -7.128605106784488554e-02 -1.506694342479906676e-02 4.771388974615723561e-02 2.626642234512190782e-02 -4.165163017368032905e-02 -3.918607047134492483e-02 5.613276666405660198e-02 9.329923643556567447e-02
-4.514207515208679133e-02 2.887467855362100266e-01 4.122618346174233839e-01 2.438984375290245421e-01 4.274264464188627655e-02 -6.964167177101662776e-02 -2.212790340239494807e-02 4.487591607846069808e-02 2.659525705476906143e-02 -4.208265864355803521e-02 -3.867345295379018277e-02 4.813649408890818132e-02
-9.559088392163432590e-02 3.173452970129298639e-02 2.438984375290245421e-01 4.575901249947096350e-01 2.624154110494071324e-01 -2.591729566486224330e-03 -7.294148461043661880e-02 -1.389535135916004395e-02 4.502562018838816849e-02 2.075899231520716287e-02 -4.540371878261023619e-02 -4.220775200902786295e-02
3.441252316135944359e-06 -7.128605106784488554e-02 4.274264464188627655e-02 2.624154110494071324e-01 4.968953433053934776e-01 2.522482330170518483e-01 -1.453572915153845263e-03 -7.042424348686852908e-02 -1.100117956550127063e-02 4.531386050260206161e-02 1.807833517619722441e-02 -4.079633866562237116e-02
6.383856251395327031e-02 -1.506694342479906676e-02 -6.964167177101662776e-02 -2.591729566486224330e-03 2.522482330170518483e-01 5.359283016406757305e-01 2.599893508504486639e-01 2.222210673042166601e-02 -6.361254528931599428e-02 -2.385836260235663780e-02 3.719798864734032151e-02 3.646609632270850221e-02
-5.016360129213019714e-03 4.771388974615723561e-02 -2.212790340239494807e-02 -7.294148461043661880e-02 -1.453572915153845263e-03 2.599893508504486639e-01 4.345834805934413181e-01 2.563074105809362013e-01 3.013891079076491675e-02 -7.075133701441699285e-02 -3.046189599176648416e-02 4.344423616210590922e-02
-6.959602509521939373e-02 2.626642234512190782e-02 4.487591607846069808e-02 -1.389535135916004395e-02 -7.042424348686852908e-02 2.222210673042166601e-02 2.563074105809362013e-01 5.010207642008137618e-01 2.502166488798021615e-01 1.747404247354366474e-02 -6.516937215698088981e-02 -3.079889944328181514e-02
-7.752795816453784614e-03 -4.165163017368032905e-02 2.659525705476906143e-02 4.502562018838816849e-02 -1.100117956550127063e-02 -6.361254528931599428e-02 3.013891079076491675e-02 2.502166488798021615e-01 4.442382331871068679e-01 2.693638370839305241e-01 4.094648042808780863e-02 -8.166299666830781345e-02
9.198283136547248662e-02 -3.918607047134492483e-02 -4.208265864355803521e-02 2.075899231520716287e-02 4.531386050260206161e-02 -2.385836260235663780e-02 -7.075133701441699285e-02 1.747404247354366474e-02 2.693638370839305241e-01 5.086671398359293716e-01 2.452420913990714935e-01 2.813944147807827950e-02
3.490708893717789363e-02 5.613276666405660198e-02 -3.867345295379018277e-02 -4.540371878261023619e-02 1.807833517619722441e-02 3.719798864734032151e-02 -3.046189599176648416e-02 -6.516937215698088981e-02 4.094648042808780863e-02 2.452420913990714935e-01 3.828158804320843656e-01 2.912910818640161992e-01
-2.421169871447316213e-01 9.329923643556567447e-02 4.813649408890818132e-02 -4.220775200902786295e-02 -4.079633866562237116e-02 3.646609632270850221e-02 4.344423616210590922e-02 -3.079889944328181514e-02 -8.166299666830781345e-02 2.813944147807827950e-02 2.912910818640161992e-01 5.941193847505119585e-01
5.220839650642186136e-01 2.677051292122514803e-01 -1.265027577883254956e-02 -8.131815481143497837e-02 -2.427926602392918229e-02 3.502069870266963370e-02 1.863049371531168980e-02 -3.886968800387716194e-02 -1.253941072750524438e-02 6.052863217291813702e-02 3.639510201604183315e-02 -2.475610310149031212e-01
2.677051292122514803e-01 4.497139102327975535e-01 2.430184458010539728e-01 -1.878337386308361490e-03 -6.570963656358069782e-02 -1.342399354403892367e-02 4.864368409824360723e-02 -5.417049746469176572e-03 -4.553920224329165850e-02 -8.996850559388482830e-04 7.351407606472468159e-02 -6.171142376385519226e-03
-1.265027577883254956e-02 2.430184458010539728e-01 6.100452395097029079e-01 2.888396703754925188e-01 3.911299134576909364e-02 -6.455558880806076816e-02 -2.331703061936992935e-02 4.295655101910589996e-02 1.322669459588935240e-02 -3.732689797402076459e-02 -2.378815376937604142e-02 6.206863432527677527e-02
-8.131815481143497837e-02 -1.878337386308361490e-03 2.888396703754925188e-01 3.509635673730142069e-01 2.299747024498572379e-01 4.435765337822444865e-02 -7.436769845251023359e-02 -7.935560314179489205e-04 4.611048394511955972e-02 5.390127188066392086e-03 -4.878822958676359151e-02 -1.340271213246237159e-03
-2.427926602392918229e-02 -6.570963656358069782e-02 3.911299134576909364e-02 2.299747024498572379e-01 4.939612156827284384e-01 2.760867939236788526e-01 -1.615112934457278021e-02 -7.189609837309481055e-02 1.331959368346775571e-02 4.310045900242492900e-02 -4.329043026147435212e-03 -4.206295776261809172e-02
3.502069870266963370e-02 -1.342399354403892367e-02 -6.455558880806076816e-02 4.435765337822444865e-02 2.760867939236788526e-01 4.798918050503471200e-01 2.482186114666883048e-01 -3.046587284423553366e-02 -5.919037652601442934e-02 1.191629544391295537e-02 3.873064781224735270e-02 -1.257324401374627920e-02
1.863049371531168980e-02 4.864368409824360723e-02 -2.331703061936992935e-02 -7.436769845251023359e-02 -1.615112934457278021e-02 2.482186114666883048e-01 5.944485232503107230e-01 2.629372188059004856e-01 -1.775880600867454223e-02 -7.302775681041076550e-02 -4.857779238299836030e-04 4.495810662216670472e-02
-3.886968800387716194e-02 -5.417049746469176572e-03 4.295655101910589996e-02 -7.935560314179489205e-04 -7.189609837309481055e-02 -3.046587284423553366e-02 2.629372188059004856e-01 4.685411962286170628e-01 2.488313783442057114e-01 1.405318293821132200e-02 -6.215400117089296683e-02 -2.392947582979614105e-03
-1.253941072750524438e-02 -4.553920224329165850e-02 1.322669459588935240e-02 4.611048394511955972e-02 1.331959368346775571e-02 -5.919037652601442934e-02 -1.775880600867454223e-02 2.488313783442057114e-01 5.270299264011881757e-01 2.589373100630801838e-01 1.499584122183897188e-02 -6.969612486381482341e-02
6.052863217291813702e-02 -8.996850559388482830e-04 -3.732689797402076459e-02 5.390127188066392086e-03 4.310045900242492900e-02 1.191629544391295537e-02 -7.302775681041076550e-02 1.405318293821132200e-02 2.589373100630801838e-01 4.365926748706175364e-01 2.540960967074451515e-01 -7.242077899358361631e-03
3.639510201604183315e-02 7.351407606472468159e-02 -2.378815376937604142e-02 -4.878822958676359151e-02 -4.329043026147435212e-03 3.873064781224735270e-02 -4.857779238299836030e-04 -6.215400117089296683e-02 1.499584122183897188e-02 2.540960967074451515e-01 5.390704601413142116e-01 2.561223348949357437e-01
-2.475610310149031212e-01 -6.171142376385519226e-03 6.206863432527677527e-02 -1.340271213246237159e-03 -4.206295776261809172e-02 -1.257324401374627920e-02 4.495810662216670472e-02 -2.392947582979614105e-03 -6.969612486381482341e-02 -7.242077899358361631e-03 2.561223348949357437e-01 5.276575161951320148e-01
4.701656460590730724e-01 2.352305484811055836e-01 -1.777622029184730557e-02 -5.687356898373515518e-02 1.322589363900859849e-02 3.548465734035151364e-02 9.541877207388606980e-03 -4.776353516266958199e-02 9.935511821485314837e-03 8.069574865739846670e-02 -6.298042703598322190e-02 -2.800366808904770632e-01
2.352305484811055836e-01 5.563257147049113227e-01 2.763815657250472957e-01 1.383988620375426262e-02 -7.562796201099913906e-02 1.663303622930217482e-03 4.992287490145129458e-02 -9.699398686130119435e-03 -3.887753580473609499e-02 1.713646550670762034e-02 4.760852450530109192e-02 -1.315623255899046710e-02
-1.777622029184730557e-02 2.763815657250472957e-01 4.608603714675789109e-01 2.300296776569887847e-01 -2.579506113921353760e-03 -5.363832550922946474e-02 -2.268846307374364560e-02 4.090412912805552192e-02 2.198353864820984035e-03 -4.645208415039532579e-02 2.265412633225565020e-02 8.224346813706046033e-02
-5.687356898373515518e-02 1.383988620375426262e-02 2.300296776569887847e-01 4.797413939623434431e-01 2.768290305135120977e-01 -6.960605724992213750e-03 -9.213973256504194576e-02 1.665339128265054536e-02 4.686165448291362834e-02 -2.188122115213959190e-02 -3.031265330997835739e-02 1.704494387134628669e-02
1.322589363900859849e-02 -7.562796201099913906e-02 -2.579506113921353760e-03 2.768290305135120977e-01 5.730228828501040539e-01 2.360455579491198830e-01 4.317387256662814227e-02 -5.887917704314399314e-02 -6.906961459843769489e-03 3.899282413144596754e-02 -1.245522655340378093e-02 -5.122816979852514579e-02
3.548465734035151364e-02 1.663303622930217482e-03 -5.363832550922946474e-02 -6.960605724992213750e-03 2.360455579491198830e-01 3.595177652448716676e-01 2.949596874784865541e-01 -7.127893689370360004e-03 -8.348947863222110077e-02 1.807543054043156405e-02 4.372794946344606137e-02 -4.499737432375658895e-03
9.541877207388606980e-03 4.992287490145129458e-02 -2.268846307374364560e-02 -9.213973256504194576e-02 4.317387256662814227e-02 2.949596874784865541e-01 5.743354447345776492e-01 2.188905097385629439e-01 -4.744993417881428199e-02 -4.286357034444500391e-02 4.097297454025274066e-02 4.580682504755637097e-02
-4.776353516266958199e-02 -9.699398686130119435e-03 4.090412912805552192e-02 1.665339128265054536e-02 -5.887917704314399314e-02 -7.127893689370360004e-03 2.188905097385629439e-01 5.830292823495544230e-01 2.958516799678437281e-01 -4.354281676486528030e-02 -9.233468325198161686e-02 -1.918746845984636330e-03
9.935511821485314837e-03 -3.887753580473609499e-02 2.198353864820984035e-03 4.686165448291362834e-02 -6.906961459843769489e-03 -8.348947863222110077e-02 -4.744993417881428199e-02 2.958516799678437281e-01 4.693457992367827680e-01 2.203122106942115299e-01 -1.823332752686550665e-02 -6.219322958094895132e-02
8.069574865739846670e-02 1.713646550670762034e-02 -4.645208415039532579e-02 -2.188122115213959190e-02 3.899282413144596754e-02 1.807543054043156405e-02 -4.286357034444500391e-02 -4.354281676486528030e-02 2.203122106942115299e-01 6.491626709604687573e-01 3.129734981732038013e-01 1.163611317557088076e-02
-6.298042703598322190e-02 4.760852450530109192e-02 2.265412633225565020e-02 -3.031265330997835739e-02 -1.245522655340378093e-02 4.372794946344606137e-02 4.097297454025274066e-02 -9.233468325198161686e-02 -1.823332752686550665e-02 3.129734981732038013e-01 3.715133439487060540e-01 2.195543692374281042e-01
-2.800366808904770632e-01 -1.315623255899046710e-02 8.224346813706046033e-02 1.704494387134628669e-02 -5.122816979852514579e-02 -4.499737432375658895e-03 4.580682504755637097e-02 -1.918746845984636330e-03 -6.219322958094895132e-02 1.163611317557088076e-02 2.195543692374281042e-01 4.529796844810753953e-01
4.943088811016592699e-01 2.563491408122375304e-01 8.690046936364395624e-02 -6.971172153843172015e-02 -5.817511760974433677e-02 4.346524689555010534e-02 5.753103989290062059e-02 -5.333305955487821493e-02 -3.957753539007363708e-02 8.062684998410454829e-02 -1.694452787933801649e-02 -2.584540130902854838e-01
2.563491408122375304e-01 2.758400196658162828e-01 2.252444207235307638e-01 3.171744121341269623e-02 -6.792627923227015363e-02 -1.084593039530225636e-02 5.532670647118231172e-02 -1.774472086966097980e-03 -6.010519966887092891e-02 4.248587247971962258e-03 8.611446379840417831e-02 -6.862583982291128870e-02
8.690046936364395624e-02 2.252444207235307638e-01 4.904342441090810412e-01 2.775870542836397226e-01 8.233259865702611743e-03 -7.847290225848974066e-02 -1.023701086308502310e-02 5.500460640261325973e-02 -1.370975206320910328e-02 -5.708114334933472866e-02 6.987090873235654587e-02 4.033893526229715559e-02
-6.971172153843172015e-02 3.171744121341269623e-02 2.775870542836397226e-01 5.179900138432382839e-01 2.481118289892498274e-01 2.164559898395674621e-03 -7.182471695813807955e-02 8.334384331513247646e-03 4.802960684881613096e-02 -1.045588888010477203e-02 -4.264179072893307942e-02 2.623353430320043284e-02
-5.817511760974433677e-02 -6.792627923227015363e-02 8.233259865702611743e-03 2.481118289892498274e-01 4.465374318670599085e-01 2.631827666930276477e-01 1.786490060540877473e-02 -7.676300048891218641e-02 1.223555973707474501e-02 5.187532499130468461e-02 -5.723319651542121272e-02 -2.787734346036854771e-02
4.346524689555010534e-02 -1.084593039530225636e-02 -7.847290225848974066e-02 2.164559898395674621e-03 2.631827666930276477e-01 5.464623098245577903e-01 2.640930160792124282e-01 -2.792980697279926275e-02 -7.368811091315484452e-02 2.609964195207718773e-02 3.274988287130516096e-02 -1.992655801845215346e-02
5.753103989290062059e-02 5.532670647118231172e-02 -1.023701086308502310e-02 -7.182471695813807955e-02 1.786490060540877473e-02 2.640930160792124282e-01 4.345489797746600047e-01 2.547610624429982318e-01 -2.120228482088228061e-02 -6.962458718159554583e-02 6.535225987272452741e-02 3.090708722289146199e-02
-5.333305955487821493e-02 -1.774472086966097980e-03 5.500460640261325973e-02 8.334384331513247646e-03 -7.676300048891218641e-02 -2.792980697279926275e-02 2.547610624429982318e-01 6.588810891426424288e-01 2.747441515199830486e-01 -6.692450745243155863e-02 -5.292580323113298124e-02 2.527779949202063267e-02
-3.957753539007363708e-02 -6.010519966887092891e-02 -1.370975206320910328e-02 4.802960684881613096e-02 1.223555973707474501e-02 -7.368811091315484452e-02 -2.120228482088228061e-02 2.747441515199830486e-01 4.061166063751516786e-01 2.736196285273859719e-01 -6.992699051155829015e-02 -6.685829817607133463e-02
8.062684998410454829e-02 4.248587247971962258e-03 -5.708114334933472866e-02 -1.045588888010477203e-02 5.187532499130468461e-02 2.609964195207718773e-02 -6.962458718159554583e-02 -6.692450745243155863e-02 2.736196285273859719e-01 7.382981071988816701e-01 2.088229410205190151e-01 -4.343345973403793525e-02
-1.694452787933801649e-02 8.611446379840417831e-02 6.987090873235654587e-02 -4.264179072893307942e-02 -5.723319651542121272e-02 3.274988287130516096e-02 6.535225987272452741e-02 -5.292580323113298124e-02 -6.992699051155829015e-02 2.088229410205190151e-01 5.590037013860172932e-01 2.891970261033485201e-01
-2.584540130902854838e-01 -6.862583982291128870e-02 4.033893526229715559e-02 2.623353430320043284e-02 -2.787734346036854771e-02 -1.992655801845215346e-02 3.090708722289146199e-02 2.527779949202063267e-02 -6.685829817607133463e-02 -4.343345973403793525e-02 2.891970261033485201e-01 4.315786157112043719e-01
5.078435378763261898e-01 2.446264191562260160e-01 2.065961467142774823e-03 -5.847449008298999384e-02 7.439474816951610267e-03 3.451844854520917660e-02 3.608797783835069727e-03 -3.812804692190339961e-02 -6.926251088795071578e-03 6.301714100579194899e-02 -1.804409207085659606e-02 -2.568905293527318223e-01
2.446264191562260160e-01 4.895599641772445110e-01 2.557540299075816703e-01 -1.009211402414602124e-02 -6.071961663147643073e-02 4.938711928535251434e-03 3.639533560767044262e-02 -1.404652600730516010e-02 -3.784634512500943682e-02 3.962545751564763158e-03 5.913402025118537353e-02 3.002246760864610547e-03
2.065961467142774823e-03 2.557540299075816703e-01 5.145695475437221944e-01 2.443738616708821254e-01 -1.859750395049426797e-02 -5.962449578754845658e-02 -2.485477581326531876e-03 3.585606411962588558e-02 3.502365743024619168e-03 -3.486009353522753762e-02 1.007434330321426569e-02 6.404371205062646399e-02
-5.847449008298999384e-02 -1.009211402414602124e-02 2.443738616708821254e-01 5.252915551533658967e-01 2.557805046728687803e-01 3.051015798899896995e-03 -6.413619123201719230e-02 1.154732313761044731e-02 3.862422823047459430e-02 1.182864590103245399e-03 -3.781937767507077136e-02 -7.647355215776967252e-03
7.439474816951610267e-03 -6.071961663147643073e-02 -1.859750395049426797e-02 2.557805046728687803e-01 5.058592305493736507e-01 2.469167168619686992e-01 2.157880505710141686e-02 -6.453067231636111512e-02 -1.356292657018603326e-02 3.440227135323926932e-02 -5.680353336658446745e-04 -3.487339453609437923e-02
3.451844854520917660e-02 4.938711928535251434e-03 -5.962449578754845658e-02 3.051015798899896995e-03 2.469167168619686992e-01 4.417761458870559932e-01 2.616329329152395911e-01 -2.196465862365769989e-02 -6.440081477334073934e-02 -1.083703563316538478e-03 3.900368274440457750e-02 6.325253293776254490e-03
3.608797783835069727e-03 3.639533560767044262e-02 -2.485477581326531876e-03 -6.413619123201719230e-02 2.157880505710141686e-02 2.616329329152395911e-01 5.522723619426668229e-01 2.468150541165906042e-01 3.746710752151786918e-03 -6.095183502654683699e-02 1.385249778776096244e-02 3.731239607230876776e-02
-3.812804692190339961e-02 -1.404652600730516010e-02 3.585606411962588558e-02 1.154732313761044731e-02 -6.453067231636111512e-02 -2.196465862365769989e-02 2.468150541165906042e-01 5.129341635093439544e-01 2.544377076137518401e-01 2.096106887307649588e-02 -7.555453239673697030e-02 -2.023655978863606736e-02
-6.926251088795071578e-03 -3.784634512500943682e-02 3.502365743024619168e-03 3.862422823047459430e-02 -1.356292657018603326e-02 -6.440081477334073934e-02 3.746710752151786918e-03 2.544377076137518401e-01 4.110753415602108607e-01 2.611804267324435158e-01 -2.770529085002386427e-02 -6.652669271269541496e-02
6.301714100579194899e-02 3.962545751564763158e-03 -3.486009353522753762e-02 1.182864590103245399e-03 3.440227135323926932e-02 -1.083703563316538478e-03 -6.095183502654683699e-02 2.096106887307649588e-02 2.611804267324435158e-01 6.099053777807184051e-01 2.643146967288074745e-01 8.258353324632844439e-03
-1.804409207085659606e-02 5.913402025118537353e-02 1.007434330321426569e-02 -3.781937767507077136e-02 -5.680353336658446745e-04 3.900368274440457750e-02 1.385249778776096244e-02 -7.555453239673697030e-02 -2.770529085002386427e-02 2.643146967288074745e-01 4.367422885518759124e-01 2.436929614413169132e-01
-2.568905293527318223e-01 3.002246760864610547e-03 6.404371205062646399e-02 -7.647355215776967252e-03 -3.487339453609437923e-02 6.325253293776254490e-03 3.731239607230876776e-02 -2.023655978863606736e-02 -6.652669271269541496e-02 8.258353324632844439e-03 2.436929614413169132e-01 4.921704854680680752e-01
5.132196335027370271e-01 2.552222666390989159e-01 1.166275504342808005e-03 -6.345181418284878694e-02 4.115676786270752036e-03 3.433295979423506977e-02 -5.618722187818886785e-03 -3.240364071442482230e-02 -2.237097917416249263e-03 5.609083258383600057e-02 -5.288088013615648356e-03 -2.444374867445050781e-01
2.552222666390989159e-01 5.016740274887381279e-01 2.417321524967451229e-01 1.239014522054982317e-02 -5.803828384924510086e-02 6.477144533475643652e-03 3.235461552703675081e-02 -8.599330393830224156e-03 -3.674782058263487833e-02 4.894379476129182005e-03 6.389157487010210801e-02 1.058795181135960620e-02
1.166275504342808005e-03 2.417321524967451229e-01 4.758928559964419325e-01 2.607615249510956690e-01 -9.240439587521232651e-03 -6.365233418194302106e-02 7.726432241006554215e-03 3.577018968356224238e-02 1.612732708104769232e-03 -3.197664090784297503e-02 2.518043177141118805e-03 5.610208589854796812e-02
-6.345181418284878694e-02 1.239014522054982317e-02 2.607615249510956690e-01 5.066535096611179956e-01 2.402630671468337087e-01 -2.469651678797971789e-02 -5.434802935989511974e-02 1.722943249287236384e-02 3.687803535835519619e-02 -8.851656686356290660e-03 -3.725193552180142142e-02 8.641256686212264032e-04
4.115676786270752036e-03 -5.803828384924510086e-02 -9.240439587521232651e-03 2.402630671468337087e-01 5.575113264025752802e-01 2.650809621828820184e-01 -1.057367554964361300e-02 -7.346292911966721684e-02 -8.086928114055501327e-03 3.761971554216818336e-02 1.950736061139634811e-03 -3.451520071895432251e-02
3.433295979423506977e-02 6.477144533475643652e-03 -6.365233418194302106e-02 -2.469651678797971789e-02 2.650809621828820184e-01 4.741658401043779558e-01 2.401969791243557251e-01 -2.017089850355204342e-03 -5.807894212237576376e-02 -2.374990466517112701e-03 3.462009758100711987e-02 9.121709669905031168e-03
-5.618722187818886785e-03 3.235461552703675081e-02 7.726432241006554215e-03 -5.434802935989511974e-02 -1.057367554964361300e-02 2.401969791243557251e-01 5.424355144340156087e-01 2.706370109982058625e-01 1.914235250109338343e-02 -6.435839701473980434e-02 -4.450331473507925656e-03 3.409440372781125106e-02
-3.240364071442482230e-02 -8.599330393830224156e-03 3.577018968356224238e-02 1.722943249287236384e-02 -7.346292911966721684e-02 -2.017089850355204342e-03 2.706370109982058625e-01 4.477245568122673047e-01 2.373991365758140737e-01 1.045163268015208632e-02 -5.653201809073122447e-02 -1.424020064398407240e-02
-2.237097917416249263e-03 -3.674782058263487833e-02 1.612732708104769232e-03 3.687803535835519619e-02 -8.086928114055501327e-03 -5.807894212237576376e-02 1.914235250109338343e-02 2.373991365758140737e-01 4.854843806993436317e-01 2.589712438517985382e-01 -8.846711167767739095e-03 -6.538470378843737330e-02
5.609083258383600057e-02 4.894379476129182005e-03 -3.197664090784297503e-02 -8.851656686356290660e-03 3.761971554216818336e-02 -2.374990466517112701e-03 -6.435839701473980434e-02 1.045163268015208632e-02 2.589712438517985382e-01 5.348834947438121379e-01 2.461796470395307967e-01 1.682616763516153746e-02
-5.288088013615648356e-03 6.389157487010210801e-02 2.518043177141118805e-03 -3.725193552180142142e-02 1.950736061139634811e-03 3.462009758100711987e-02 -4.450331473507925656e-03 -5.653201809073122447e-02 -8.846711167767739095e-03 2.461796470395307967e-01 4.548813624358851726e-01 2.561445209259142208e-01
-2.444374867445050781e-01 1.058795181135960620e-02 5.610208589854796812e-02 8.641256686212264032e-04 -3.451520071895432251e-02 9.121709669905031168e-03 3.409440372781125106e-02 -1.424020064398407240e-02 -6.538470378843737330e-02 1.682616763516153746e-02 2.561445209259142208e-01 5.054734977186998712e-01
5.586130302084360011e-01 2.504353528526750972e-01 -7.127850597287779810e-03 -7.004796961885295659e-02 -5.898519639167329812e-03 4.586780605940780908e-02 1.319617976080818787e-02 -4.677985672435670816e-02 -1.923925145273073373e-02 6.993921389565296853e-02 1.628222384555358393e-02 -2.640901046991110945e-01
2.504353528526750972e-01 4.564331335092826625e-01 2.720544620763035715e-01 -4.686241078802987070e-02 -8.609771068590668652e-02 -3.249191783491204438e-02 4.126717744374756858e-02 1.673287695369856526e-02 -3.499015924128763555e-02 -2.135048108037176581e-02 6.631315540070784054e-02 1.000198484871654345e-02
-7.127850597287779810e-03 2.720544620763035715e-01 5.801767471928747089e-01 2.440673757429810131e-01 7.828842826024407647e-03 -6.738050478192375570e-02 -1.144122920544257335e-02 4.623396443757066265e-02 1.418604062434269432e-02 -4.773708252371451632e-02 -6.541084035054706494e-03 7.708311673515191864e-02
-7.004796961885295659e-02 -4.686241078802987070e-02 2.440673757429810131e-01 5.625229028667955156e-01 2.851337279084912302e-01 8.652421625071654576e-02 -7.162992686502273054e-02 -3.979280207091006466e-02 3.687944761574292463e-02 4.096619515139958423e-02 -4.732452648974149606e-02 -3.535746795058629377e-02
-5.898519639167329812e-03 -8.609771068590668652e-02 7.828842826024407647e-03 2.851337279084912302e-01 2.961060212467052088e-01 2.136347322313567887e-01 2.722414288839998531e-02 -6.433362272257488190e-02 -1.578785244538181629e-02 5.148644950419083155e-02 -8.475991443888139347e-04 -5.587851096903078546e-02
4.586780605940780908e-02 -3.249191783491204438e-02 -6.738050478192375570e-02 8.652421625071654576e-02 2.136347322313567887e-01 4.539515541803210708e-01 2.888302823341264425e-01 -1.729773159164611773e-02 -8.395998612088537150e-02 9.562260174237353222e-03 5.293286387785310632e-02 -2.136342915016180635e-02
1.319617976080818787e-02 4.126717744374756858e-02 -1.144122920544257335e-02 -7.162992686502273054e-02 2.722414288839998531e-02 2.888302823341264425e-01 5.768021518464208075e-01 2.392683134087992824e-01 -9.469572191236634486e-04 -6.270190452040105833e-02 1.327561790068091177e-02 3.854400600745079564e-02
-4.677985672435670816e-02 1.673287695369856526e-02 4.623396443757066265e-02 -3.979280207091006466e-02 -6.433362272257488190e-02 -1.729773159164611773e-02 2.392683134087992824e-01 4.502666679842105557e-01 2.712731223831319483e-01 6.657780121931805226e-03 -7.851507065984572598e-02 1.156058153004610629e-02
-1.923925145273073373e-02 -3.499015924128763555e-02 1.418604062434269432e-02 3.687944761574292463e-02 -1.578785244538181629e-02 -8.395998612088537150e-02 -9.469572191236634486e-04 2.712731223831319483e-01 5.262428208265058638e-01 2.457388218027711235e-01 -2.882950168558981452e-02 -5.757336528850457574e-02
6.993921389565296853e-02 -2.135048108037176581e-02 -4.773708252371451632e-02 4.096619515139958423e-02 5.148644950419083155e-02 9.562260174237353222e-03 -6.270190452040105833e-02 6.657780121931805226e-03 2.457388218027711235e-01 5.015368717409230959e-01 2.616231088252557457e-01 -2.213586693319465060e-02
1.628222384555358393e-02 6.631315540070784054e-02 -6.541084035054706494e-03 -4.732452648974149606e-02 -8.475991443888139347e-04 5.293286387785310632e-02 1.327561790068091177e-02 -7.851507065984572598e-02 -2.882950168558981452e-02 2.616231088252557457e-01 5.669886709883460441e-01 2.495752596425418746e-01
