5.017124632154579267e-01 1.566993979486802080e-01 -4.300211944628567280e-04 -1.330010094226619956e-02 -3.979896018838963070e-04 2.622558314856321664e-03 -4.306955340806656882e-05 -2.554576266489846925e-03 1.596909725120713725e-05 1.327641376392866071e-02 6.104822857301520772e-04 -1.564430655291947914e-01
1.566993979486802080e-01 5.003274323823494463e-01 1.562977689399970838e-01 -3.764108490483955918e-04 -1.313718479751290087e-02 -3.902857250064793661e-04 2.613029453521069009e-03 1.997415047272440124e-05 -2.565145428386322521e-03 3.086253383263977477e-04 1.323974478018912285e-02 1.076205420193162166e-03
-4.300211944628567280e-04 1.562977689399970838e-01 5.015529869354271586e-01 1.574386315210100085e-01 2.922121881136383222e-03 -1.369619110304399687e-02 1.707682547620261067e-04 2.610261233406742723e-03 2.538257085786617455e-05 -2.553597247658207208e-03 -2.624862926017787782e-04 1.305995730247174608e-02
-1.330010094226619956e-02 -3.764108490483955918e-04 1.574386315210100085e-01 4.945308356380474502e-01 1.566581799781635864e-01 1.065343762979033097e-03 -1.360977185666044018e-02 6.432937996127583531e-05 2.621823313578142307e-03 -7.497161237009588620e-05 -2.569207136009063822e-03 -2.864935139707553563e-04
-3.979896018838963070e-04 -1.313718479751290087e-02 2.922121881136383222e-03 1.566581799781635864e-01 4.969791888070443919e-01 1.596957062807769778e-01 -4.601397860399985759e-03 -1.348876762462885431e-02 4.599651975981118145e-04 2.571697511348807440e-03 -1.708568897884135142e-04 -2.546029347554751038e-03
2.622558314856321664e-03 -3.902857250064793661e-04 -1.369619110304399687e-02 1.065343762979033097e-03 1.596957062807769778e-01 5.100418972672465800e-01 1.577408858143099779e-01 1.124025020361434177e-03 -1.327380665910615071e-02 -3.993978291938389015e-05 2.633217154040486292e-03 4.004711242679341810e-05
-4.306955340806656882e-05 2.613029453521069009e-03 1.707682547620261067e-04 -1.360977185666044018e-02 -4.601397860399985759e-03 1.577408858143099779e-01 4.965172333699986451e-01 1.564578301424039974e-01 1.198018213805205658e-03 -1.310747426948565345e-02 1.126388374073487061e-04 2.565621941661861468e-03
-2.554576266489846925e-03 1.997415047272440124e-05 2.610261233406742723e-03 6.432937996127583531e-05 -1.348876762462885431e-02 1.124025020361434177e-03 1.564578301424039974e-01 4.978677561122891171e-01 1.568335075997798200e-01 -1.397867446642885991e-03 -1.331184556733737423e-02 -1.984592492949523081e-04
1.596909725120713725e-05 -2.565145428386322521e-03 2.538257085786617455e-05 2.621823313578142307e-03 4.599651975981118145e-04 -1.327380665910615071e-02 1.198018213805205658e-03 1.568335075997798200e-01 5.025334434845765141e-01 1.563411542354644912e-01 -1.163942065538180193e-03 -1.330697375017959698e-02
1.327641376392866071e-02 3.086253383263977477e-04 -2.553597247658207208e-03 -7.497161237009588620e-05 2.571697511348807440e-03 -3.993978291938389015e-05 -1.310747426948565345e-02 -1.397867446642885991e-03 1.563411542354644912e-01 5.030957982888150104e-01 1.580730949429787202e-01 3.288809368523377356e-03
6.104822857301520772e-04 1.323974478018912285e-02 -2.624862926017787782e-04 -2.569207136009063822e-03 -1.708568897884135142e-04 2.633217154040486292e-03 1.126388374073487061e-04 -1.331184556733737423e-02 -1.163942065538180193e-03 1.580730949429787202e-01 4.927361955279139227e-01 1.572759274686770237e-01
-1.564430655291947914e-01 1.076205420193162166e-03 1.305995730247174608e-02 -2.864935139707553563e-04 -2.546029347554751038e-03 4.004711242679341810e-05 2.565621941661861468e-03 -1.984592492949523081e-04 -1.330697375017959698e-02 3.288809368523377356e-03 1.572759274686770237e-01 5.021047689708884043e-01
4.981381327228866507e-01 1.576791802761560723e-01 -3.023364737592580936e-03 -1.353349175968857065e-02 -6.334529562994292717e-05 2.617136698325881871e-03 1.360186692472896506e-05 -2.626893252254505848e-03 -5.261874093873962792e-04 1.349807787554179600e-02 -2.029577543351835170e-03 -1.560839718437930790e-01
1.576791802761560723e-01 5.061341317163909892e-01 1.568803232398735537e-01 -1.140156896205631000e-04 -1.332578496488695183e-02 -2.931376217774385733e-04 2.581107964985464385e-03 -1.916355331656641967e-05 -2.671799233175039916e-03 4.560280073121996520e-04 1.330142709191483447e-02 -6.587035790442776536e-04
-3.023364737592580936e-03 1.568803232398735537e-01 5.003959898863146183e-01 1.581429915527893526e-01 3.368870181256481550e-03 -1.341375675378113017e-02 -2.831769206820068164e-04 2.598795472870733120e-03 2.466054005515534069e-04 -2.652900893305076314e-03 -9.241356692076121504e-05 1.314532815764119650e-02
-1.353349175968857065e-02 -1.140156896205631000e-04 1.581429915527893526e-01 4.932603184179306099e-01 1.567094888205456948e-01 -4.439055045269389710e-05 -1.320850023651522556e-02 2.299864425058178259e-04 2.568904646565193638e-03 1.997812492135986817e-05 -2.635584943360093010e-03 -1.930199964683221390e-04
-6.334529562994292717e-05 -1.332578496488695183e-02 3.368870181256481550e-03 1.567094888205456948e-01 5.005638118285875571e-01 1.575632639258752188e-01 -1.761988714508937615e-03 -1.328785290422208193e-02 4.112446464639391919e-05 2.699549437448579836e-03 -2.030324231017078748e-04 -2.577443947312032212e-03
2.617136698325881871e-03 -2.931376217774385733e-04 -1.341375675378113017e-02 -4.439055045269389710e-05 1.575632639258752188e-01 5.033034638834095187e-01 1.558481855028037433e-01 -3.267848707488656915e-04 -1.297233146996867870e-02 -4.485299165556682504e-04 2.621712594192166824e-03 -1.564724455533151920e-05
1.360186692472896506e-05 2.581107964985464385e-03 -2.831769206820068164e-04 -1.320850023651522556e-02 -1.761988714508937615e-03 1.558481855028037433e-01 5.004532581301008864e-01 1.575541312787352155e-01 1.590374075295408664e-03 -1.384378805952729725e-02 4.871783525549888412e-04 2.652409552365715770e-03
-2.626893252254505848e-03 -1.916355331656641967e-05 2.598795472870733120e-03 2.299864425058178259e-04 -1.328785290422208193e-02 -3.267848707488656915e-04 1.575541312787352155e-01 4.978862816424866611e-01 1.553837780746605002e-01 2.216454361536051611e-03 -1.359362580624512429e-02 2.118492978618222947e-06
-5.261874093873962792e-04 -2.671799233175039916e-03 2.466054005515534069e-04 2.568904646565193638e-03 4.112446464639391919e-05 -1.297233146996867870e-02 1.590374075295408664e-03 1.553837780746605002e-01 4.935317483138196293e-01 1.617033710202547270e-01 -5.798171660624826945e-03 -1.386302745291866957e-02
1.349807787554179600e-02 4.560280073121996520e-04 -2.652900893305076314e-03 1.997812492135986817e-05 2.699549437448579836e-03 -4.485299165556682504e-04 -1.384378805952729725e-02 2.216454361536051611e-03 1.617033710202547270e-01 5.129793964981840260e-01 1.583991379492457885e-01 1.007117651289214915e-03
-2.029577543351835170e-03 1.330142709191483447e-02 -9.241356692076121504e-05 -2.635584943360093010e-03 -2.030324231017078748e-04 2.621712594192166824e-03 4.871783525549888412e-04 -1.359362580624512429e-02 -5.798171660624826945e-03 1.583991379492457885e-01 4.963944512343573257e-01 1.573266114671110216e-01
-1.560839718437930790e-01 -6.587035790442776536e-04 1.314532815764119650e-02 -1.930199964683221390e-04 -2.577443947312032212e-03 -1.564724455533151920e-05 2.652409552365715770e-03 2.118492978618222947e-06 -1.386302745291866957e-02 1.007117651289214915e-03 1.573266114671110216e-01 4.969590157255922569e-01
5.075448699434086386e-01 1.586703681829779167e-01 2.313601234726781614e-03 -1.333249000381312929e-02 -3.192013973918467196e-04 2.547197491473048199e-03 -1.535632723812567233e-05 -2.543907770402848920e-03 5.642073552918930746e-04 1.312570708667035180e-02 -1.125426294551151382e-03 -1.567991387069612719e-01
1.586703681829779167e-01 4.941038127419034032e-01 1.560658118059807808e-01 1.602212912808213992e-04 -1.305510289280880677e-02 3.545665744870916936e-05 2.518626009390250234e-03 7.514166308260158034e-05 -2.613504926382435173e-03 -3.913308990692746046e-04 1.341071203189156055e-02 3.048348334878534394e-03
2.313601234726781614e-03 1.560658118059807808e-01 5.005377076119055246e-01 1.570563478479535258e-01 -3.987131456108450800e-04 -1.317678155829430167e-02 4.914819214313594011e-05 2.530999807046958698e-03 -1.234495518930905304e-04 -2.529493972271036097e-03 2.814696340632110187e-04 1.321211305796752764e-02
-1.333249000381312929e-02 1.602212912808213992e-04 1.570563478479535258e-01 5.005672763416975091e-01 1.560393887754340791e-01 -2.620206405185782420e-04 -1.299277446206559619e-02 7.899420008308129779e-05 2.499883457948123052e-03 -5.673300429436693905e-05 -2.551752013387748388e-03 -2.430281258311064985e-04
-3.192013973918467196e-04 -1.305510289280880677e-02 -3.987131456108450800e-04 1.560393887754340791e-01 5.006164108549994163e-01 1.568885773430415687e-01 3.651454329350638716e-04 -1.317286547927348263e-02 -7.241663135618320085e-05 2.560022848789650016e-03 -1.563737240409796936e-05 -2.534005677988677985e-03
2.547197491473048199e-03 3.545665744870916936e-05 -1.317678155829430167e-02 -2.620206405185782420e-04 1.568885773430415687e-01 4.989341675402315657e-01 1.560810562918862332e-01 -4.808037969883055085e-04 -1.300746996873474587e-02 4.526254669146196090e-04 2.529381024660046825e-03 -7.155019630644259563e-07
-1.535632723812567233e-05 2.518626009390250234e-03 4.914819214313594011e-05 -1.299277446206559619e-02 3.651454329350638716e-04 1.560810562918862332e-01 5.015064585698720823e-01 1.570476697809787270e-01 4.879743937310555314e-04 -1.344177442204375246e-02 -2.205977903375162189e-04 2.567636116606228890e-03
-2.543907770402848920e-03 7.514166308260158034e-05 2.530999807046958698e-03 7.899420008308129779e-05 -1.317286547927348263e-02 -4.808037969883055085e-04 1.570476697809787270e-01 4.977581041405640394e-01 1.559856905415150929e-01 -2.576506063444294198e-03 -1.318607273132553492e-02 2.049485784870183147e-04
5.642073552918930746e-04 -2.613504926382435173e-03 -1.234495518930905304e-04 2.499883457948123052e-03 -7.241663135618320085e-05 -1.300746996873474587e-02 4.879743937310555314e-04 1.559856905415150929e-01 5.064855717054670414e-01 1.592166998805574218e-01 2.377187219199082286e-03 -1.344794736661861570e-02
1.312570708667035180e-02 -3.913308990692746046e-04 -2.529493972271036097e-03 -5.673300429436693905e-05 2.560022848789650016e-03 4.526254669146196090e-04 -1.344177442204375246e-02 -2.576506063444294198e-03 1.592166998805574218e-01 4.938843096222749196e-01 1.558887993004116068e-01 -8.951167812601933116e-05
-1.125426294551151382e-03 1.341071203189156055e-02 2.814696340632110187e-04 -2.551752013387748388e-03 -1.563737240409796936e-05 2.529381024660046825e-03 -2.205977903375162189e-04 -1.318607273132553492e-02 2.377187219199082286e-03 1.558887993004116068e-01 5.017964871050053510e-01 1.570652204230341131e-01
-1.567991387069612719e-01 3.048348334878534394e-03 1.321211305796752764e-02 -2.430281258311064985e-04 -2.534005677988677985e-03 -7.155019630644259563e-07 2.567636116606228890e-03 2.049485784870183147e-04 -1.344794736661861570e-02 -8.951167812601933116e-05 1.570652204230341131e-01 4.962648238226882169e-01
4.991850441291295626e-01 1.565214986232237315e-01 3.864792835670608807e-03 -1.323733862952667338e-02 -2.626116598202959452e-04 2.603828854919553858e-03 2.076605964675704041e-04 -2.747208160056100433e-03 -6.902470671787143668e-04 1.363038076070292350e-02 4.555912656997672915e-03 -1.588935418796483257e-01
1.565214986232237315e-01 4.914222038060443998e-01 1.598534114440871567e-01 -3.091142319338901524e-03 -1.370158095997843668e-02 -6.525940455056060581e-05 2.820847921103050195e-03 -2.061631250726134645e-04 -2.665945446418461085e-03 -2.123506047420563292e-04 1.343121439654412080e-02 -2.407877962357991473e-04
3.864792835670608807e-03 1.598534114440871567e-01 5.072775128737749828e-01 1.554822279251626971e-01 -6.522097527751828487e-04 -1.309527650512230454e-02 -5.319032668845326143e-04 2.695162300990087967e-03 9.972594758821191527e-06 -2.706707496764985087e-03 -1.013018656700211920e-04 1.378901540474097159e-02
-1.323733862952667338e-02 -3.091142319338901524e-03 1.554822279251626971e-01 5.013132827443024242e-01 1.593162704739102820e-01 3.699248311987331402e-03 -1.425413799745063430e-02 2.701598865826658025e-04 2.779648280921116245e-03 1.176515537708389743e-04 -2.627126698163347908e-03 -1.387013366015969903e-04
-2.626116598202959452e-04 -1.370158095997843668e-02 -6.522097527751828487e-04 1.593162704739102820e-01 4.933854801708528193e-01 1.553104614466094824e-01 1.711804568053149154e-03 -1.372122563701856646e-02 3.405018741214106150e-04 2.736214057251319404e-03 8.427617408974160946e-05 -2.777654178698180879e-03
2.603828854919553858e-03 -6.525940455056060581e-05 -1.309527650512230454e-02 3.699248311987331402e-03 1.553104614466094824e-01 4.948932246011650271e-01 1.632512537967606980e-01 -6.362469444998063509e-03 -1.424324958531323834e-02 4.031808541346650131e-04 2.749329052222631610e-03 -9.005414990622302989e-05
2.076605964675704041e-04 2.820847921103050195e-03 -5.319032668845326143e-04 -1.425413799745063430e-02 1.711804568053149154e-03 1.632512537967606980e-01 5.133581383670776654e-01 1.572263247310629608e-01 -2.064828454432573058e-04 -1.370215472738381401e-02 -3.591535006824891430e-04 2.725103414224395657e-03
-2.747208160056100433e-03 -2.061631250726134645e-04 2.695162300990087967e-03 2.701598865826658025e-04 -1.372122563701856646e-02 -6.362469444998063509e-03 1.572263247310629608e-01 4.999280094957696541e-01 1.598708275761556441e-01 4.108563130320679567e-03 -1.353664131031329446e-02 -9.037514570713372141e-04
-6.902470671787143668e-04 -2.665945446418461085e-03 9.972594758821191527e-06 2.779648280921116245e-03 3.405018741214106150e-04 -1.424324958531323834e-02 -2.064828454432573058e-04 1.598708275761556441e-01 4.916254791685865655e-01 1.565501022488012817e-01 3.899340215296389495e-05 -1.376252521898373507e-02
1.363038076070292350e-02 -2.123506047420563292e-04 -2.706707496764985087e-03 1.176515537708389743e-04 2.736214057251319404e-03 4.031808541346650131e-04 -1.370215472738381401e-02 4.108563130320679567e-03 1.565501022488012817e-01 5.018845363702630902e-01 1.571707746703071562e-01 1.036364188654452425e-03
4.555912656997672915e-03 1.343121439654412080e-02 -1.013018656700211920e-04 -2.627126698163347908e-03 8.427617408974160946e-05 2.749329052222631610e-03 -3.591535006824891430e-04 -1.353664131031329446e-02 3.899340215296389495e-05 1.571707746703071562e-01 4.960586538268005885e-01 1.581999140341242005e-01
-1.588935418796483257e-01 -2.407877962357991473e-04 1.378901540474097159e-02 -1.387013366015969903e-04 -2.777654178698180879e-03 -9.005414990622302989e-05 2.725103414224395657e-03 -9.037514570713372141e-04 -1.376252521898373507e-02 1.036364188654452425e-03 1.581999140341242005e-01 5.096684344463120464e-01
4.979856180179301206e-01 1.577355487737450157e-01 1.411729763264135077e-03 -1.361817590803353697e-02 -3.781314204660922841e-06 2.635127480731568397e-03 1.612751442972857122e-04 -2.629155955866397092e-03 -1.456962583193070076e-04 1.317701679256043541e-02 2.371619855781022159e-03 -1.577091784494152049e-01
1.577355487737450157e-01 4.987764162555658465e-01 1.554063277890256889e-01 3.226487255036943926e-03 -1.332397719171922630e-02 -5.427951821445377301e-04 2.651281457574653638e-03 1.405177332648460556e-04 -2.719290699808305563e-03 -1.724920829980770539e-04 1.368684890872238352e-02 -7.181739694954872646e-04
1.411729763264135077e-03 1.554063277890256889e-01 4.921262680584392868e-01 1.613971727104413501e-01 -3.460664458360299817e-03 -1.396796527749786035e-02 3.592974345360878431e-04 2.855084758443246062e-03 -1.631600949420061101e-04 -2.666660743803677888e-03 -7.349708695733659963e-05 1.352882800048192322e-02
-1.361817590803353697e-02 3.226487255036943926e-03 1.613971727104413501e-01 5.090777811809117370e-01 1.557273754643566654e-01 1.796417958131839732e-03 -1.302155190753501168e-02 -3.268480198388431590e-04 2.591057469381682302e-03 -1.192671057577282398e-04 -2.685249290816098429e-03 8.305388564589868700e-04
-3.781314204660922841e-06 -1.332397719171922630e-02 -3.460664458360299817e-03 1.557273754643566654e-01 4.947626715257617547e-01 1.582337377218551722e-01 8.176452703402423616e-05 -1.379487624280859373e-02 4.027192947346574744e-04 2.646364501035560705e-03 -2.783112687503461950e-05 -2.650261939179531130e-03
2.635127480731568397e-03 -5.427951821445377301e-04 -1.396796527749786035e-02 1.796417958131839732e-03 1.582337377218551722e-01 5.011525685722423296e-01 1.556987106932341269e-01 2.787570703627048944e-04 -1.309555510223506247e-02 3.070495128352475692e-04 2.553895019469776088e-03 -2.249402947140846502e-04
1.612751442972857122e-04 2.651281457574653638e-03 3.592974345360878431e-04 -1.302155190753501168e-02 8.176452703402423616e-05 1.556987106932341269e-01 4.982593604619700578e-01 1.583310332200091042e-01 -2.585669720700998521e-03 -1.338631482155399309e-02 2.019765621711055168e-04 2.585639587203230737e-03
-2.629155955866397092e-03 1.405177332648460556e-04 2.855084758443246062e-03 -3.268480198388431590e-04 -1.379487624280859373e-02 2.787570703627048944e-04 1.583310332200091042e-01 5.052856478238956228e-01 1.559768404811014697e-01 -4.593910472741082052e-04 -1.313089671485498204e-02 1.950902233587221198e-05
-1.456962583193070076e-04 -2.719290699808305563e-03 -1.631600949420061101e-04 2.591057469381682302e-03 4.027192947346574744e-04 -1.309555510223506247e-02 -2.585669720700998521e-03 1.559768404811014697e-01 5.006796063218692527e-01 1.577319939810478688e-01 1.692360706519337784e-03 -1.327290740107789357e-02
1.317701679256043541e-02 -1.724920829980770539e-04 -2.666660743803677888e-03 -1.192671057577282398e-04 2.646364501035560705e-03 3.070495128352475692e-04 -1.338631482155399309e-02 -4.593910472741082052e-04 1.577319939810478688e-01 4.965224767990278343e-01 1.560143247979335901e-01 -3.675199068215069531e-04
2.371619855781022159e-03 1.368684890872238352e-02 -7.349708695733659963e-05 -2.685249290816098429e-03 -2.783112687503461950e-05 2.553895019469776088e-03 2.019765621711055168e-04 -1.313089671485498204e-02 1.692360706519337784e-03 1.560143247979335901e-01 5.004754214386571975e-01 1.569015142800251339e-01
-1.577091784494152049e-01 -7.181739694954872646e-04 1.352882800048192322e-02 8.305388564589868700e-04 -2.650261939179531130e-03 -2.249402947140846502e-04 2.585639587203230737e-03 1.950902233587221198e-05 -1.327290740107789357e-02 -3.675199068215069531e-04 1.569015142800251339e-01 5.048961635438158346e-01
4.956499881915151784e-01 1.579629402345890388e-01 -7.319897405314695340e-04 -1.360750558364425683e-02 -1.518212413332506471e-04 2.599634810379332622e-03 1.186922484572863420e-04 -2.516528017722153253e-03 -2.507531049495107683e-04 1.304396788519994292e-02 -3.698304774923857202e-05 -1.560153099169232505e-01
1.579629402345890388e-01 5.009185488191664204e-01 1.554778181430255812e-01 -3.323083949865059117e-03 -1.331962824317788584e-02 4.334777219529949285e-04 2.583873432185638391e-03 -1.141563038455272529e-04 -2.559242596810520042e-03 1.845054682859181361e-04 1.331323466308070858e-02 -2.139295813691400976e-03
-7.319897405314695340e-04 1.554778181430255812e-01 5.080545061768858561e-01 1.610515706095159427e-01 3.572699443623681553e-03 -1.377145511940821090e-02 -8.328759098944196401e-04 2.620428855606688531e-03 1.393235560844361288e-04 -2.516789662958718483e-03 6.639770444499378736e-05 1.304028671289350107e-02
-1.360750558364425683e-02 -3.323083949865059117e-03 1.610515706095159427e-01 4.907819225249785422e-01 1.561636219556530314e-01 -1.271872027043870895e-03 -1.319538831861142257e-02 2.293983985109814992e-04 2.529537237433303158e-03 6.082844805627650973e-05 -2.612076982439417647e-03 -2.500646407252631390e-04
-1.518212413332506471e-04 -1.331962824317788584e-02 3.572699443623681553e-03 1.561636219556530314e-01 5.048637583515023231e-01 1.574952762066857692e-01 2.077551851924235981e-03 -1.331786898425672133e-02 -1.071964709056102093e-04 2.565738528230500706e-03 -4.050613835489163856e-05 -2.561779684881533570e-03
2.599634810379332622e-03 4.334777219529949285e-04 -1.377145511940821090e-02 -1.271872027043870895e-03 1.574952762066857692e-01 4.945921345646486778e-01 1.570036839736111689e-01 -1.340687891280752239e-03 -1.308899157481976765e-02 2.306572276883342757e-05 2.534443764486278040e-03 -1.839862438017445770e-05
1.186922484572863420e-04 2.583873432185638391e-03 -8.328759098944196401e-04 -1.319538831861142257e-02 2.077551851924235981e-03 1.570036839736111689e-01 5.033027283090067971e-01 1.568246245321015808e-01 -6.316043368744629150e-04 -1.321884061328908178e-02 1.264496222793754030e-04 2.538407481405148720e-03
-2.516528017722153253e-03 -1.141563038455272529e-04 2.620428855606688531e-03 2.293983985109814992e-04 -1.331786898425672133e-02 -1.340687891280752239e-03 1.568246245321015808e-01 5.012317182299976803e-01 1.561514363602668765e-01 1.505880771415328123e-03 -1.303451757273403622e-02 9.996204121083551459e-06
-2.507531049495107683e-04 -2.559242596810520042e-03 1.393235560844361288e-04 2.529537237433303158e-03 -1.071964709056102093e-04 -1.308899157481976765e-02 -6.316043368744629150e-04 1.561514363602668765e-01 4.965499386407262183e-01 1.574333342368639532e-01 -8.771345006071142557e-04 -1.323129591156250312e-02
1.304396788519994292e-02 1.845054682859181361e-04 -2.516789662958718483e-03 6.082844805627650973e-05 2.565738528230500706e-03 2.306572276883342757e-05 -1.321884061328908178e-02 1.505880771415328123e-03 1.574333342368639532e-01 5.020377978076683290e-01 1.558714165504550553e-01 -1.069842493504045457e-03
-3.698304774923857202e-05 1.331323466308070858e-02 6.639770444499378736e-05 -2.612076982439417647e-03 -4.050613835489163856e-05 2.534443764486278040e-03 1.264496222793754030e-04 -1.303451757273403622e-02 -8.771345006071142557e-04 1.558714165504550553e-01 5.017223537373332043e-01 1.572955396202344036e-01
-1.560153099169232505e-01 -2.139295813691400976e-03 1.304028671289350107e-02 -2.500646407252631390e-04 -2.561779684881533570e-03 -1.839862438017445770e-05 2.538407481405148720e-03 9.996204121083551459e-06 -1.323129591156250312e-02 -1.069842493504045457e-03 1.572955396202344036e-01 5.002946046466459906e-01
4.980541498307364812e-01 1.589722915102870782e-01 -1.388066806354792916e-04 -1.412991536515582902e-02 -2.957889306974845287e-04 2.744932485213466902e-03 7.519200442072176160e-06 -2.514535731366385023e-03 4.157611833711043854e-05 1.290389743845247669e-02 2.589154516764676818e-03 -1.545272793387224008e-01
1.589722915102870782e-01 4.994591965893178109e-01 1.535720566623534622e-01 -2.967979602089651503e-03 -1.303844109109555949e-02 -4.148829551291357653e-04 2.636788054246296843e-03 1.456759981023696512e-05 -2.657426582001303980e-03 2.560374552694835455e-05 1.371217889133916068e-02 -6.244391633227091599e-04
-1.388066806354792916e-04 1.535720566623534622e-01 5.074633749674621885e-01 1.636061250174165593e-01 3.420463785726660273e-03 -1.450369786831457591e-02 -9.829781720949362222e-05 2.746866297254366672e-03 -9.005737241461217815e-06 -2.510883395887811460e-03 -3.947039411564900817e-04 1.263432868230873578e-02
-1.412991536515582902e-02 -2.967979602089651503e-03 1.636061250174165593e-01 4.928730244372786506e-01 1.525941499557527947e-01 3.454872806039954725e-03 -1.331642254396156466e-02 -3.438980622385506098e-04 2.617261470037732327e-03 1.074765953785389224e-04 -2.713478119628943974e-03 -4.048538901655545979e-04
-2.957889306974845287e-04 -1.303844109109555949e-02 3.420463785726660273e-03 1.525941499557527947e-01 4.913550770579187543e-01 1.660978774116576018e-01 -5.001263013870032442e-03 -1.447337367802283871e-02 9.180075849235449104e-04 2.751450104171601803e-03 -7.558945994716172135e-05 -2.599631949415470537e-03
2.744932485213466902e-03 -4.148829551291357653e-04 -1.450369786831457591e-02 3.454872806039954725e-03 1.660978774116576018e-01 5.123964478704026160e-01 1.544811026041218449e-01 1.243986692174136677e-03 -1.279364639736212117e-02 -3.252040262488474682e-05 2.526441096596886669e-03 -1.663081830912360276e-05
7.519200442072176160e-06 2.636788054246296843e-03 -9.829781720949362222e-05 -1.331642254396156466e-02 -5.001263013870032442e-03 1.544811026041218449e-01 4.951900333962144796e-01 1.591430719625379631e-01 -1.209580122913147138e-03 -1.368143442603780499e-02 -1.499739286705796407e-04 2.668037835125719286e-03
-2.514535731366385023e-03 1.456759981023696512e-05 2.746866297254366672e-03 -3.438980622385506098e-04 -1.447337367802283871e-02 1.243986692174136677e-03 1.591430719625379631e-01 5.030219223492382596e-01 1.545215498465858095e-01 -3.504775437119096683e-04 -1.279758128083431992e-02 -3.103000222786921362e-04
4.157611833711043854e-05 -2.657426582001303980e-03 -9.005737241461217815e-06 2.617261470037732327e-03 9.180075849235449104e-04 -1.279364639736212117e-02 -1.209580122913147138e-03 1.545215498465858095e-01 5.009921251713502777e-01 1.591909952461356970e-01 2.196690347294242684e-03 -1.371742436752789937e-02
1.290389743845247669e-02 2.560374552694835455e-05 -2.510883395887811460e-03 1.074765953785389224e-04 2.751450104171601803e-03 -3.252040262488474682e-05 -1.368143442603780499e-02 -3.504775437119096683e-04 1.591909952461356970e-01 4.959283252939972186e-01 1.544701551026061437e-01 1.036693278292275498e-03
2.589154516764676818e-03 1.371217889133916068e-02 -3.947039411564900817e-04 -2.713478119628943974e-03 -7.558945994716172135e-05 2.526441096596886669e-03 -1.499739286705796407e-04 -1.279758128083431992e-02 2.196690347294242684e-03 1.544701551026061437e-01 4.973705377695358809e-01 1.600393627483615300e-01
-1.545272793387224008e-01 -6.244391633227091599e-04 1.263432868230873578e-02 -4.048538901655545979e-04 -2.599631949415470537e-03 -1.663081830912360276e-05 2.668037835125719286e-03 -3.103000222786921362e-04 -1.371742436752789937e-02 1.036693278292275498e-03 1.600393627483615300e-01 5.058957852666757793e-01
5.103791571985493158e-01 1.584105742138200157e-01 2.323409327540119397e-03 -1.339946275469540080e-02 -3.883869970492931758e-04 2.583236164104641373e-03 -8.785012735533655713e-05 -2.582721729931384061e-03 4.745004539642775059e-04 1.353411896441517222e-02 -3.621876116361653821e-03 -1.592079861428262744e-01
1.584105742138200157e-01 4.931434923730738662e-01 1.566746779525174660e-01 -1.149431633658653997e-03 -1.308953428663682701e-02 -1.944144525168894238e-04 2.572595909952738163e-03 1.005048876911164265e-04 -2.606780610072299050e-03 -6.749971267997150305e-04 1.368062776872932748e-02 3.911387951749717776e-03
2.323409327540119397e-03 1.566746779525174660e-01 5.035494957823275497e-01 1.569506353296860612e-01 6.998947289789556004e-04 -1.334921269217649586e-02 3.350698938548597175e-04 2.565550719446433193e-03 -1.418670179178744889e-04 -2.606700230529559407e-03 6.308177488486764158e-04 1.354428658513451809e-02
-1.339946275469540080e-02 -1.149431633658653997e-03 1.569506353296860612e-01 4.988270677183989643e-01 1.560831603538214429e-01 1.880050004975930989e-03 -1.334529109723411877e-02 -2.171898496739215097e-04 2.569531909928222946e-03 1.599547099467699585e-04 -2.620783670750906867e-03 -6.174448961008754478e-04
-3.883869970492931758e-04 -1.308953428663682701e-02 6.998947289789556004e-04 1.560831603538214429e-01 4.950240344001225479e-01 1.587037860294145397e-01 -3.730760047250107972e-03 -1.340072719509625976e-02 5.427659101804230670e-04 2.576576700103906398e-03 -1.713023805050032863e-04 -2.589133556407109162e-03
2.583236164104641373e-03 -1.944144525168894238e-04 -1.334921269217649586e-02 1.880050004975930989e-03 1.587037860294145397e-01 5.088171262581657750e-01 1.577333792772839527e-01 1.444889266167633489e-03 -1.330173542277861103e-02 -3.306624338327647560e-04 2.555988555952329669e-03 4.552223660014290878e-05
-8.785012735533655713e-05 2.572595909952738163e-03 3.350698938548597175e-04 -1.334529109723411877e-02 -3.730760047250107972e-03 1.577333792772839527e-01 4.954907065844141867e-01 1.564762498672635782e-01 -2.828144519888462459e-04 -1.309406766445285128e-02 -9.341386111131092743e-05 2.551473874629051324e-03
-2.582721729931384061e-03 1.005048876911164265e-04 2.565550719446433193e-03 -2.171898496739215097e-04 -1.340072719509625976e-02 1.444889266167633489e-03 1.564762498672635782e-01 5.014900055092184061e-01 1.565967755664131322e-01 6.637196281141619254e-04 -1.312636655250767892e-02 1.845834490759359881e-04
4.745004539642775059e-04 -2.606780610072299050e-03 -1.418670179178744889e-04 2.569531909928222946e-03 5.427659101804230670e-04 -1.330173542277861103e-02 -2.828144519888462459e-04 1.565967755664131322e-01 4.987552526385734541e-01 1.564797894811714163e-01 5.091622070097605313e-04 -1.324573193350990843e-02
1.353411896441517222e-02 -6.749971267997150305e-04 -2.606700230529559407e-03 1.599547099467699585e-04 2.576576700103906398e-03 -3.306624338327647560e-04 -1.309406766445285128e-02 6.637196281141619254e-04 1.564797894811714163e-01 4.981774496586565681e-01 1.568115139813241465e-01 -2.156933692189849910e-03
-3.621876116361653821e-03 1.368062776872932748e-02 6.308177488486764158e-04 -2.620783670750906867e-03 -1.713023805050032863e-04 2.555988555952329669e-03 -9.341386111131092743e-05 -1.312636655250767892e-02 5.091622070097605313e-04 1.568115139813241465e-01 5.061406996107276068e-01 1.578838884429465128e-01
-1.592079861428262744e-01 3.911387951749717776e-03 1.354428658513451809e-02 -6.174448961008754478e-04 -2.589133556407109162e-03 4.552223660014290878e-05 2.551473874629051324e-03 1.845834490759359881e-04 -1.324573193350990843e-02 -2.156933692189849910e-03 1.578838884429465128e-01 4.902055122678418697e-01
4.983402858151174675e-01 1.576173340784815524e-01 -7.975373512586344475e-04 -1.352439006495425450e-02 1.185944888095598961e-04 2.760164005571210874e-03 -2.072951201175668261e-04 -2.535866515736642530e-03 4.796528710847781289e-05 1.307487744007025665e-02 -1.057026327615425212e-03 -1.555031917164251265e-01
1.576173340784815524e-01 5.027403029805217471e-01 1.555489170496538731e-01 2.276330006546397125e-03 -1.299779101381569324e-02 -6.412109597853211202e-04 2.632286881827245080e-03 3.573265367858766806e-05 -2.590830692967743647e-03 -2.240421780129479498e-04 1.342127111170747164e-02 -8.507335315954604694e-04
-7.975373512586344475e-04 1.555489170496538731e-01 4.941790729007636274e-01 1.593045719227241808e-01 -1.310922666316001461e-03 -1.429704630922977102e-02 8.749349739538304091e-04 2.690699080691103494e-03 -1.202851612126483243e-04 -2.537702697801355513e-03 1.372732919423337366e-04 1.291705321229034802e-02
-1.352439006495425450e-02 2.276330006546397125e-03 1.593045719227241808e-01 5.049295078324027575e-01 1.549521856453003055e-01 2.280946494177964884e-03 -1.331780317342222061e-02 8.294887318492572459e-05 2.607567518250985400e-03 -5.165497850807517551e-06 -2.605290100864936752e-03 4.479813673481776665e-04
1.185944888095598961e-04 -1.299779101381569324e-02 -1.310922666316001461e-03 1.549521856453003055e-01 4.925711170913001369e-01 1.615189196314800735e-01 -4.999543870091320563e-03 -1.387340127121042960e-02 4.904554469429973614e-04 2.660818341082673080e-03 -7.973074008729363828e-05 -2.523612216083370111e-03
2.760164005571210874e-03 -6.412109597853211202e-04 -1.429704630922977102e-02 2.280946494177964884e-03 1.615189196314800735e-01 5.112722103075122426e-01 1.569773024846659037e-01 8.283783141389253245e-05 -1.348056205992794951e-02 -2.809651067022263639e-04 2.613694227981026158e-03 -1.446418032670451510e-04
-2.072951201175668261e-04 2.632286881827245080e-03 8.749349739538304091e-04 -1.331780317342222061e-02 -4.999543870091320563e-03 1.569773024846659037e-01 4.987884333915234558e-01 1.584887366666549724e-01 2.067786091947737027e-03 -1.337978133363990421e-02 -5.191342261066307943e-04 2.621926089964888521e-03
-2.535866515736642530e-03 3.573265367858766806e-05 2.690699080691103494e-03 8.294887318492572459e-05 -1.387340127121042960e-02 8.283783141389253245e-05 1.584887366666549724e-01 4.961003161056974919e-01 1.556184899263398091e-01 4.725696417115969952e-04 -1.304491687628489896e-02 3.194944841345015592e-04
4.796528710847781289e-05 -2.590830692967743647e-03 -1.202851612126483243e-04 2.607567518250985400e-03 4.904554469429973614e-04 -1.348056205992794951e-02 2.067786091947737027e-03 1.556184899263398091e-01 5.000391971047187800e-01 1.573065955761791812e-01 7.027863809313302651e-04 -1.340075206336154706e-02
1.307487744007025665e-02 -2.240421780129479498e-04 -2.537702697801355513e-03 -5.165497850807517551e-06 2.660818341082673080e-03 -2.809651067022263639e-04 -1.337978133363990421e-02 4.725696417115969952e-04 1.573065955761791812e-01 4.976425286981621121e-01 1.562918581257371764e-01 -2.780120577603626027e-03
-1.057026327615425212e-03 1.342127111170747164e-02 1.372732919423337366e-04 -2.605290100864936752e-03 -7.973074008729363828e-05 2.613694227981026158e-03 -5.191342261066307943e-04 -1.304491687628489896e-02 7.027863809313302651e-04 1.562918581257371764e-01 5.062974172218899227e-01 1.584596537604473498e-01
-1.555031917164251265e-01 -8.507335315954604694e-04 1.291705321229034802e-02 4.479813673481776665e-04 -2.523612216083370111e-03 -1.446418032670451510e-04 2.621926089964888521e-03 3.194944841345015592e-04 -1.340075206336154706e-02 -2.780120577603626027e-03 1.584596537604473498e-01 4.970996105504438267e-01
5.012452404178402432e-01 1.573285769719276472e-01 2.777702336474009194e-03 -1.333544327589564205e-02 -2.672610581259010935e-04 2.587321168288529878e-03 6.070939956294019987e-05 -2.546975679294809138e-03 -1.884064339033157415e-04 1.319322610874914398e-02 2.301012543553283829e-03 -1.559818879031105721e-01
1.573285769719276472e-01 4.939721222374042764e-01 1.573915377708092200e-01 -8.126082726434667594e-04 -1.331965645675086893e-02 4.277463179061946489e-04 2.627991086637986376e-03 -1.838622896112793170e-04 -2.574844965323609854e-03 1.983597105736542815e-04 1.334832222646280264e-02 5.719298913893134826e-04
2.777702336474009194e-03 1.573915377708092200e-01 5.025651216653699294e-01 1.567835124039679839e-01 -6.591446630428263349e-04 -1.322981145428581140e-02 -2.056150354398006462e-04 2.601397377139995533e-03 -1.407109446498652072e-05 -2.555128075261139595e-03 2.727109456490795056e-05 1.315257221685438294e-02
-1.333544327589564205e-02 -8.126082726434667594e-04 1.567835124039679839e-01 5.001654934772694627e-01 1.562492354856660493e-01 -1.420309350727460770e-03 -1.329205442411246323e-02 6.520926861604592383e-04 2.583995508555569573e-03 -1.620646466912116881e-04 -2.607636316747152360e-03 3.603173945122695588e-05
-2.672610581259010935e-04 -1.331965645675086893e-02 -6.591446630428263349e-04 1.562492354856660493e-01 5.041415229430641354e-01 1.577226030456469474e-01 2.900982338422568481e-03 -1.373789863554394225e-02 -4.645306474545140467e-04 2.638835063868695020e-03 7.203862964379146856e-05 -2.558758612889119183e-03
2.587321168288529878e-03 4.277463179061946489e-04 -1.322981145428581140e-02 -1.420309350727460770e-03 1.577226030456469474e-01 4.919580997150624357e-01 1.579840608293216209e-01 -4.105895318340236147e-03 -1.338871646175422356e-02 5.626719102923441549e-04 2.597831705502663333e-03 3.186140016772509988e-05
6.070939956294019987e-05 2.627991086637986376e-03 -2.056150354398006462e-04 -1.329205442411246323e-02 2.900982338422568481e-03 1.579840608293216209e-01 5.103954934130088272e-01 1.596672801461182511e-01 2.215195495691721708e-03 -1.359032059023259492e-02 -2.364497773707300015e-04 2.625913231837052712e-03
-2.546975679294809138e-03 -1.838622896112793170e-04 2.601397377139995533e-03 6.520926861604592383e-04 -1.373789863554394225e-02 -4.105895318340236147e-03 1.596672801461182511e-01 4.935459612972099563e-01 1.558513164384249805e-01 -5.317963599619243784e-04 -1.306353460425289242e-02 -3.788271034670622666e-04
-1.884064339033157415e-04 -2.574844965323609854e-03 -1.407109446498652072e-05 2.583995508555569573e-03 -4.645306474545140467e-04 -1.338871646175422356e-02 2.215195495691721708e-03 1.558513164384249805e-01 5.018501428747853543e-01 1.571734487255829482e-01 -4.278380756279963164e-04 -1.338433804267254515e-02
1.319322610874914398e-02 1.983597105736542815e-04 -2.555128075261139595e-03 -1.620646466912116881e-04 2.638835063868695020e-03 5.626719102923441549e-04 -1.359032059023259492e-02 -5.317963599619243784e-04 1.571734487255829482e-01 5.015585635191320835e-01 1.563891360698592692e-01 2.920979600893973665e-03
2.301012543553283829e-03 1.334832222646280264e-02 2.727109456490795056e-05 -2.607636316747152360e-03 7.203862964379146856e-05 2.597831705502663333e-03 -2.364497773707300015e-04 -1.306353460425289242e-02 -4.278380756279963164e-04 1.563891360698592692e-01 4.931640545724285674e-01 1.587187760786021307e-01
-1.559818879031105721e-01 5.719298913893134826e-04 1.315257221685438294e-02 3.603173945122695588e-05 -2.558758612889119183e-03 3.186140016772509988e-05 2.625913231837052712e-03 -3.788271034670622666e-04 -1.338433804267254515e-02 2.920979600893973665e-03 1.587187760786021307e-01 5.054381838674820715e-01
5.005482894032204921e-01 1.557854557135734119e-01 1.522965886532853894e-03 -1.299148662099550156e-02 7.781931371753496329e-05 2.532166775135771299e-03 3.615808722583658142e-05 -2.648101787545837499e-03 3.883007320307476024e-04 1.377321543367156058e-02 1.130305856640615499e-03 -1.575316385883513415e-01
1.557854557135734119e-01 4.966352916286168040e-01 1.576321522035724898e-01 -8.949102623867068260e-04 -1.329402790238659766e-02 1.194248064820387849e-04 2.584852893199959638e-03 5.244591696754630390e-05 -2.594644419074222923e-03 -4.959618185593623859e-04 1.292295240117308057e-02 9.621833289820907282e-05
1.522965886532853894e-03 1.576321522035724898e-01 5.018175359312784245e-01 1.557258346568451413e-01 -1.485078480949930408e-03 -1.306781077177301270e-02 1.709033293489319429e-04 2.582592219857640214e-03 -2.131015646448523231e-04 -2.666025103760303119e-03 4.641109338564220962e-05 1.329944258989244725e-02
-1.299148662099550156e-02 -8.949102623867068260e-04 1.557258346568451413e-01 5.031755618166485755e-01 1.578438450400537763e-01 1.086527484530175423e-03 -1.339275316035884282e-02 -6.787980589141971851e-04 2.678519237556984366e-03 1.534546285737647324e-04 -2.513606372134036086e-03 -3.477584887628576334e-05
7.781931371753496329e-05 -1.329402790238659766e-02 -1.485078480949930408e-03 1.578438450400537763e-01 4.969212979401153030e-01 1.559940741129248187e-01 -1.763670162459672727e-04 -1.338021222259550697e-02 5.908121902998520695e-04 2.609781674837972215e-03 8.563202056486747256e-05 -2.572701617147063642e-03
2.532166775135771299e-03 1.194248064820387849e-04 -1.306781077177301270e-02 1.086527484530175423e-03 1.559940741129248187e-01 5.022305162275523260e-01 1.571131148737290040e-01 3.073649573539984949e-03 -1.377661739253699391e-02 -1.801488189786627564e-04 2.670466499995599423e-03 5.706160708343687387e-05
3.615808722583658142e-05 2.584852893199959638e-03 1.709033293489319429e-04 -1.339275316035884282e-02 -1.763670162459672727e-04 1.571131148737290040e-01 4.916930279333561193e-01 1.594376996232440002e-01 -5.149718342827211241e-03 -1.356277729061144272e-02 -1.052592787129599003e-05 2.655101282328366404e-03
-2.648101787545837499e-03 5.244591696754630390e-05 2.582592219857640214e-03 -6.787980589141971851e-04 -1.338021222259550697e-02 3.073649573539984949e-03 1.594376996232440002e-01 5.117049027257842830e-01 1.595295224029764092e-01 7.734201725079850338e-04 -1.385914190919644920e-02 -1.894786722247820553e-04
3.883007320307476024e-04 -2.594644419074222923e-03 -2.131015646448523231e-04 2.678519237556984366e-03 5.908121902998520695e-04 -1.377661739253699391e-02 -5.149718342827211241e-03 1.595295224029764092e-01 4.979040097012669697e-01 1.561721507604902914e-01 4.645592561912078970e-03 -1.337295603054077138e-02
1.377321543367156058e-02 -4.959618185593623859e-04 -2.666025103760303119e-03 1.534546285737647324e-04 2.609781674837972215e-03 -1.801488189786627564e-04 -1.356277729061144272e-02 7.734201725079850338e-04 1.561721507604902914e-01 4.901938949184149741e-01 1.612665991020217626e-01 -2.222632064075790240e-03
1.130305856640615499e-03 1.292295240117308057e-02 4.641109338564220962e-05 -2.513606372134036086e-03 8.563202056486747256e-05 2.670466499995599423e-03 -1.052592787129599003e-05 -1.385914190919644920e-02 4.645592561912078970e-03 1.612665991020217626e-01 5.060388131232780307e-01 1.552023799320767505e-01
