4.118942435056794915e-01 2.010605301835752257e-01 4.521107324874651390e-02 -5.097499763009610829e-02 -5.005739132381179651e-02 1.209178109563000501e-02 4.055218536397129508e-02 1.399881267521990193e-02 -4.945907229539991262e-02 -5.198340357796962796e-02 5.444681222712804969e-02 2.057917067771939390e-01
2.010605301835752257e-01 4.134375761859164777e-01 1.944866166736249902e-01 5.476928699483119695e-02 -5.467248532866552518e-02 -4.652798350359628465e-02 1.342648721055604913e-02 4.252123783166500415e-02 1.547802886530378307e-02 -4.950176552788836115e-02 -4.448889828212038156e-02 6.510152480367105421e-02
4.521107324874651390e-02 1.944866166736249902e-01 4.585537211359723697e-01 2.024653270897181501e-01 5.708818115641525748e-02 -3.852713357524576582e-02 -3.928921974825667907e-02 1.002979686541851344e-02 3.801061592504306752e-02 1.296556373765967232e-02 -3.500315634052010572e-02 -3.911659070726590526e-02
-5.097499763009610829e-02 5.476928699483119695e-02 2.024653270897181501e-01 4.139957141001310292e-01 2.024001536902708676e-01 6.295729101874564249e-02 -4.076289330247381826e-02 -4.485208055645163033e-02 8.860870995167283506e-03 4.140727793710840404e-02 1.673292616655495946e-02 -4.502008556689396368e-02
-5.005739132381179651e-02 -5.467248532866552518e-02 5.708818115641525748e-02 2.024001536902708676e-01 3.687179117421185426e-01 2.111500852509132775e-01 7.229492824049638111e-02 -5.040415074232641734e-02 -5.629933887740730392e-02 1.142637443955247384e-02 4.329981977912254060e-02 1.644947280468121720e-02
1.209178109563000501e-02 -4.652798350359628465e-02 -3.852713357524576582e-02 6.295729101874564249e-02 2.111500852509132775e-01 4.247660558911843243e-01 2.027554126484655272e-01 4.791747181501775782e-02 -4.837664988474887906e-02 -4.261651571105840031e-02 1.115667954935071517e-02 4.066804967109061142e-02
4.055218536397129508e-02 1.342648721055604913e-02 -3.928921974825667907e-02 -4.076289330247381826e-02 7.229492824049638111e-02 2.027554126484655272e-01 4.227718776681027579e-01 1.993677835127893594e-01 6.416747058329187736e-02 -4.195165063474075307e-02 -4.320488997167912931e-02 1.174036991346647310e-02
1.399881267521990193e-02 4.252123783166500415e-02 1.002979686541851344e-02 -4.485208055645163033e-02 -5.040415074232641734e-02 4.791747181501775782e-02 1.993677835127893594e-01 4.295889092841878587e-01 2.054594955395812605e-01 5.793755711869550545e-02 -4.222715107923206979e-02 -4.517505235873196107e-02
-4.945907229539991262e-02 1.547802886530378307e-02 3.801061592504306752e-02 8.860870995167283506e-03 -5.629933887740730392e-02 -4.837664988474887906e-02 6.416747058329187736e-02 2.054594955395812605e-01 3.928474313527587913e-01 2.032933400560832382e-01 6.306765298536634590e-02 -5.035950221054794063e-02
-5.198340357796962796e-02 -4.950176552788836115e-02 1.296556373765967232e-02 4.140727793710840404e-02 1.142637443955247384e-02 -4.261651571105840031e-02 -4.195165063474075307e-02 5.793755711869550545e-02 2.032933400560832382e-01 4.149696808888825306e-01 2.069254624673396714e-01 5.826958917164602736e-02
5.444681222712804969e-02 -4.448889828212038156e-02 -3.500315634052010572e-02 1.673292616655495946e-02 4.329981977912254060e-02 1.115667954935071517e-02 -4.320488997167912931e-02 -4.222715107923206979e-02 6.306765298536634590e-02 2.069254624673396714e-01 4.292306536381166882e-01 1.999129153317532048e-01
2.057917067771939390e-01 6.510152480367105421e-02 -3.911659070726590526e-02 -4.502008556689396368e-02 1.644947280468121720e-02 4.066804967109061142e-02 1.174036991346647310e-02 -4.517505235873196107e-02 -5.035950221054794063e-02 5.826958917164602736e-02 1.999129153317532048e-01 4.192262246069773379e-01
4.192137532778769105e-01 2.120010014465044113e-01 5.885068892697455090e-02 -3.990290274720134645e-02 -4.992477556779994358e-02 9.456705424847358611e-04 4.029987155040350155e-02 1.755846477821104007e-02 -3.810275009362304455e-02 -4.808249687374724357e-02 5.260101638450938311e-02 2.103193592427318181e-01
2.120010014465044113e-01 3.854458391266423756e-01 2.004801475408009015e-01 6.647322052905940692e-02 -4.129685098455399689e-02 -4.960836795756045497e-02 1.852658587202522583e-03 3.555641011455494549e-02 1.459829459092209722e-02 -5.152518022715028845e-02 -4.728779511388972456e-02 8.145048868938219166e-02
5.885068892697455090e-02 2.004801475408009015e-01 4.186763805056342713e-01 2.080550711893136562e-01 6.881573370324849115e-02 -4.408821016621571748e-02 -5.117709170087051535e-02 7.367588980654332480e-03 3.779259110954946016e-02 1.037724209459857556e-02 -4.456334433052420996e-02 -4.225050499075831689e-02
-3.990290274720134645e-02 6.647322052905940692e-02 2.080550711893136562e-01 4.048695000688814494e-01 2.083948066905744745e-01 7.017735288944501604e-02 -4.224538832206817252e-02 -3.859289071754994083e-02 1.340039827471198319e-02 3.907781522432083460e-02 5.875524581973955163e-03 -4.977151344066053917e-02
-4.992477556779994358e-02 -4.129685098455399689e-02 6.881573370324849115e-02 2.083948066905744745e-01 3.878843373799466532e-01 2.152893445384216897e-01 7.430677110813482811e-02 -4.132293705617854501e-02 -4.271537904772859662e-02 2.111618338605806416e-02 4.206847157482332400e-02 -5.187493000614246987e-04
9.456705424847358611e-04 -4.960836795756045497e-02 -4.408821016621571748e-02 7.017735288944501604e-02 2.152893445384216897e-01 3.872017089683722491e-01 2.061213426864351161e-01 4.918985786762593293e-02 -4.757155432078159774e-02 -4.024867782359793644e-02 2.348876994032743706e-02 4.214015461355857806e-02
4.029987155040350155e-02 1.852658587202522583e-03 -5.117709170087051535e-02 -4.224538832206817252e-02 7.430677110813482811e-02 2.061213426864351161e-01 4.248384126405175820e-01 1.880367622838269859e-01 3.754289197170786185e-02 -4.829839877151818894e-02 -3.594137789241899639e-02 2.646923891726326444e-02
1.755846477821104007e-02 3.555641011455494549e-02 7.367588980654332480e-03 -3.859289071754994083e-02 -4.132293705617854501e-02 4.918985786762593293e-02 1.880367622838269859e-01 4.596637292693257493e-01 1.907775593460359631e-01 3.662403454289832327e-02 -4.233004148410056400e-02 -3.679381353013570083e-02
-3.810275009362304455e-02 1.459829459092209722e-02 3.779259110954946016e-02 1.340039827471198319e-02 -4.271537904772859662e-02 -4.757155432078159774e-02 3.754289197170786185e-02 1.907775593460359631e-01 4.605593389930329740e-01 1.830496572959824375e-01 3.896281333611852776e-02 -4.300387229731474081e-02
-4.808249687374724357e-02 -5.152518022715028845e-02 1.037724209459857556e-02 3.907781522432083460e-02 2.111618338605806416e-02 -4.024867782359793644e-02 -4.829839877151818894e-02 3.662403454289832327e-02 1.830496572959824375e-01 4.262044796616455411e-01 2.024395804748350680e-01 6.627548293409835090e-02
5.260101638450938311e-02 -4.728779511388972456e-02 -4.456334433052420996e-02 5.875524581973955163e-03 4.206847157482332400e-02 2.348876994032743706e-02 -3.594137789241899639e-02 -4.233004148410056400e-02 3.896281333611852776e-02 2.024395804748350680e-01 4.379322353540673340e-01 2.020025111162153664e-01
2.103193592427318181e-01 8.145048868938219166e-02 -4.225050499075831689e-02 -4.977151344066053917e-02 -5.187493000614246987e-04 4.214015461355857806e-02 2.646923891726326444e-02 -3.679381353013570083e-02 -4.300387229731474081e-02 6.627548293409835090e-02 2.020025111162153664e-01 3.875102847540686790e-01
4.474039624273149496e-01 1.931231265617976700e-01 5.071584788449350761e-02 -4.203209104200159724e-02 -4.717996346084237652e-02 1.077647632165313479e-02 3.558153413043965707e-02 1.500601645017451101e-02 -4.298331872266536458e-02 -5.032489581596901601e-02 4.035415984568377357e-02 1.880371284969325485e-01
1.931231265617976700e-01 4.249490242977543297e-01 1.981090955680070986e-01 5.357547207566622227e-02 -5.244578184565177464e-02 -5.111868761337975964e-02 7.474104495108421786e-03 4.066172476733847380e-02 2.136668470888446539e-02 -4.372295515620597262e-02 -4.915942487378183179e-02 3.916281756239478606e-02
5.071584788449350761e-02 1.981090955680070986e-01 4.187945012462473970e-01 2.064056932222200769e-01 7.147166605834898157e-02 -4.732019569666140457e-02 -4.489177736171295202e-02 7.029703485606329447e-03 4.323144187965047291e-02 2.248961119545801052e-02 -3.930060000420873556e-02 -4.071946222380121855e-02
-4.203209104200159724e-02 5.357547207566622227e-02 2.064056932222200769e-01 4.210038992311418982e-01 2.129556429516286653e-01 7.035797843089244830e-02 -3.593854857256131158e-02 -4.396185542635215604e-02 3.772780480490347480e-03 4.014460160670799832e-02 1.950678408754765586e-02 -3.324419083836518962e-02
-4.717996346084237652e-02 -5.244578184565177464e-02 7.147166605834898157e-02 2.129556429516286653e-01 3.773366260243596892e-01 2.088961588725717911e-01 6.324310428098611769e-02 -4.284677509018416236e-02 -5.073034272077162066e-02 4.148982802831484296e-03 4.165942300299529943e-02 1.699989401312898898e-02
1.077647632165313479e-02 -5.111868761337975964e-02 -4.732019569666140457e-02 7.035797843089244830e-02 2.088961588725717911e-01 3.869367278999142901e-01 2.020162887838249932e-01 6.050997656448094120e-02 -4.861149638519765559e-02 -5.225001629485780119e-02 9.153433466110694194e-03 3.775440375168535867e-02
3.558153413043965707e-02 7.474104495108421786e-03 -4.489177736171295202e-02 -3.593854857256131158e-02 6.324310428098611769e-02 2.020162887838249932e-01 4.446689433403263614e-01 1.983021408142848219e-01 5.323484650321336220e-02 -4.292208639244168844e-02 -4.135977392265742514e-02 9.779469152135875781e-03
1.500601645017451101e-02 4.066172476733847380e-02 7.029703485606329447e-03 -4.396185542635215604e-02 -4.284677509018416236e-02 6.050997656448094120e-02 1.983021408142848219e-01 4.159590965362884862e-01 2.054132486179230666e-01 7.415108325034841519e-02 -4.129820890894643493e-02 -4.175455456250995456e-02
-4.298331872266536458e-02 2.136668470888446539e-02 4.323144187965047291e-02 3.772780480490347480e-03 -5.073034272077162066e-02 -4.861149638519765559e-02 5.323484650321336220e-02 2.054132486179230666e-01 3.924655310453680768e-01 2.157906703228855416e-01 6.768654697163448142e-02 -4.411476646801210100e-02
-5.032489581596901601e-02 -4.372295515620597262e-02 2.248961119545801052e-02 4.014460160670799832e-02 4.148982802831484296e-03 -5.225001629485780119e-02 -4.292208639244168844e-02 7.415108325034841519e-02 2.157906703228855416e-01 3.849948241242887037e-01 2.032359494735131999e-01 5.284703069951115356e-02
4.035415984568377357e-02 -4.915942487378183179e-02 -3.930060000420873556e-02 1.950678408754765586e-02 4.165942300299529943e-02 9.153433466110694194e-03 -4.135977392265742514e-02 -4.129820890894643493e-02 6.768654697163448142e-02 2.032359494735131999e-01 4.271846525458841137e-01 1.946872668347715274e-01
1.880371284969325485e-01 3.916281756239478606e-02 -4.071946222380121855e-02 -3.324419083836518962e-02 1.699989401312898898e-02 3.775440375168535867e-02 9.779469152135875781e-03 -4.175455456250995456e-02 -4.411476646801210100e-02 5.284703069951115356e-02 1.946872668347715274e-01 4.583022112810985482e-01
3.700591158640174072e-01 2.194192422673313103e-01 8.461825376167819712e-02 -4.094552996460533445e-02 -4.676906201785510642e-02 1.451191553351358250e-02 4.342665749267822506e-02 3.897992410702437634e-03 -4.918102238280339100e-02 -3.917678115733366773e-02 6.739059541997460823e-02 2.090784240707603270e-01
2.194192422673313103e-01 3.916546803421143697e-01 2.105444014906134587e-01 5.588240811509263134e-02 -4.289823459487121515e-02 -3.762217525986410321e-02 2.053427335399165068e-02 3.860959637851275883e-02 -3.468222437252409598e-03 -5.266166291679486716e-02 -3.350726509247684004e-02 8.000693797666949547e-02
8.461825376167819712e-02 2.105444014906134587e-01 3.970530244115776375e-01 1.964584589109917845e-01 5.092566678793429558e-02 -4.833105564989215175e-02 -4.320526588370533771e-02 2.690223545196341465e-02 4.196645190316215801e-02 -8.479870390806023422e-03 -5.077883573162046693e-02 -3.678777335345201349e-02
-4.094552996460533445e-02 5.588240811509263134e-02 1.964584589109917845e-01 4.434751508648261398e-01 1.933052553601293522e-01 3.489888924691033484e-02 -4.709051969691571693e-02 -3.298135679864629133e-02 2.628866386092747892e-02 3.891865522599344263e-02 -2.385630329399709895e-03 -4.741833473347067257e-02
-4.676906201785510642e-02 -4.289823459487121515e-02 5.092566678793429558e-02 1.933052553601293522e-01 4.553910884184852459e-01 1.857317336123796014e-01 4.044336122776576170e-02 -4.269571236083299914e-02 -3.568345858294078715e-02 2.406685643350134005e-02 3.532903833426149359e-02 1.996622451285044904e-03
1.451191553351358250e-02 -3.762217525986410321e-02 -4.833105564989215175e-02 3.489888924691033484e-02 1.857317336123796014e-01 4.485906232800264126e-01 1.941711494182789266e-01 4.381325607174955949e-02 -4.771824268426420879e-02 -4.476633137366908821e-02 1.685730155385979645e-02 4.014850942331567307e-02
4.342665749267822506e-02 2.053427335399165068e-02 -4.320526588370533771e-02 -4.709051969691571693e-02 4.044336122776576170e-02 1.941711494182789266e-01 4.356601718543965940e-01 1.928100116580014345e-01 4.948475611443860916e-02 -5.123725993857317085e-02 -4.033178647474082446e-02 1.714996299490798015e-02
3.897992410702437634e-03 3.860959637851275883e-02 2.690223545196341465e-02 -3.298135679864629133e-02 -4.269571236083299914e-02 4.381325607174955949e-02 1.928100116580014345e-01 4.341793335462554304e-01 2.055216466927955454e-01 6.327181975829017369e-02 -4.352731118607221922e-02 -4.853049482825061434e-02
-4.918102238280339100e-02 -3.468222437252409598e-03 4.196645190316215801e-02 2.628866386092747892e-02 -3.568345858294078715e-02 -4.771824268426420879e-02 4.948475611443860916e-02 2.055216466927955454e-01 4.242400774314543099e-01 2.014317754711649200e-01 5.204202328646116704e-02 -4.522825471386559409e-02
-3.917678115733366773e-02 -5.266166291679486716e-02 -8.479870390806023422e-03 3.891865522599344263e-02 2.406685643350134005e-02 -4.476633137366908821e-02 -5.123725993857317085e-02 6.327181975829017369e-02 2.014317754711649200e-01 3.932508670099316150e-01 2.057074301682000617e-01 7.645969411210803979e-02
6.739059541997460823e-02 -3.350726509247684004e-02 -5.077883573162046693e-02 -2.385630329399709895e-03 3.532903833426149359e-02 1.685730155385979645e-02 -4.033178647474082446e-02 -4.352731118607221922e-02 5.204202328646116704e-02 2.057074301682000617e-01 4.319124384142674633e-01 2.084053422674680967e-01
2.090784240707603270e-01 8.000693797666949547e-02 -3.678777335345201349e-02 -4.741833473347067257e-02 1.996622451285044904e-03 4.014850942331567307e-02 1.714996299490798015e-02 -4.853049482825061434e-02 -4.522825471386559409e-02 7.645969411210803979e-02 2.084053422674680967e-01 3.745334285626756299e-01
4.474257460888430016e-01 1.872066497780578431e-01 3.765286250765269294e-02 -3.931765681700856441e-02 -3.078078289370310416e-02 2.247339998626192437e-02 3.398409959218508247e-02 3.944318594694946542e-03 -4.176022815116580550e-02 -3.319471709174278556e-02 7.695416743216287880e-02 2.049344289033123157e-01
1.872066497780578431e-01 4.577017509018951880e-01 1.885392611972371291e-01 3.154479729744139732e-02 -4.179680196764644362e-02 -3.631229942099221258e-02 1.628540217145460142e-02 3.989996318790346025e-02 1.460658015156323861e-02 -3.409517690830372871e-02 -5.078820940980359466e-02 4.355368985098197199e-02
3.765286250765269294e-02 1.885392611972371291e-01 4.484068584209573993e-01 1.815152470917646976e-01 3.841562724065326895e-02 -4.464494732582754977e-02 -3.725669725668255550e-02 1.546718900779388631e-02 3.647770944579220576e-02 1.205604189687897385e-02 -5.259196424544031884e-02 -5.208290738689051735e-02
-3.931765681700856441e-02 3.154479729744139732e-02 1.815152470917646976e-01 4.593332821826811019e-01 1.957091841354446360e-01 5.078187834946401580e-02 -4.360269782522983167e-02 -5.089363114210116584e-02 2.179879434947753613e-03 3.229145178377250403e-02 2.414253648869396987e-02 -3.281190537486855519e-02
-3.078078289370310416e-02 -4.179680196764644362e-02 3.841562724065326895e-02 1.957091841354446360e-01 4.326572409636580963e-01 1.954833513071562168e-01 5.757078270888704719e-02 -4.624116223415798699e-02 -4.387702430791535352e-02 2.025090918715537463e-03 4.506735804307304694e-02 2.886254737783131019e-02
2.247339998626192437e-02 -3.631229942099221258e-02 -4.464494732582754977e-02 5.078187834946401580e-02 1.954833513071562168e-01 3.953914478358604434e-01 2.181211347830532832e-01 9.628616424760250148e-02 -3.328631856447623882e-02 -4.620729527824821159e-02 -5.206934060506730570e-03 3.993860300461814228e-02
3.398409959218508247e-02 1.628540217145460142e-02 -3.725669725668255550e-02 -4.360269782522983167e-02 5.757078270888704719e-02 2.181211347830532832e-01 3.963242760912804030e-01 2.197384702273128543e-01 6.365811543501850855e-02 -3.512548040111664049e-02 -5.253871757563802897e-02 -2.912147401961172593e-03
3.944318594694946542e-03 3.989996318790346025e-02 1.546718900779388631e-02 -5.089363114210116584e-02 -4.624116223415798699e-02 9.628616424760250148e-02 2.197384702273128543e-01 3.485833217563399922e-01 1.954608597175028217e-01 6.035305803682727843e-02 -4.626679512378578663e-02 -5.171248523028530719e-02
-4.176022815116580550e-02 1.460658015156323861e-02 3.647770944579220576e-02 2.179879434947753613e-03 -4.387702430791535352e-02 -3.328631856447623882e-02 6.365811543501850855e-02 1.954608597175028217e-01 4.219668709022939557e-01 2.072277249696601875e-01 6.841068781491314865e-02 -4.418372199926366706e-02
-3.319471709174278556e-02 -3.409517690830372871e-02 1.205604189687897385e-02 3.229145178377250403e-02 2.025090918715537463e-03 -4.620729527824821159e-02 -3.512548040111664049e-02 6.035305803682727843e-02 2.072277249696601875e-01 4.473686360481825552e-01 1.979203517195919360e-01 5.693317732459404062e-02
7.695416743216287880e-02 -5.078820940980359466e-02 -5.259196424544031884e-02 2.414253648869396987e-02 4.506735804307304694e-02 -5.206934060506730570e-03 -5.253871757563802897e-02 -4.626679512378578663e-02 6.841068781491314865e-02 1.979203517195919360e-01 3.502810528483573105e-01 2.135702059319062041e-01
2.049344289033123157e-01 4.355368985098197199e-02 -5.208290738689051735e-02 -3.281190537486855519e-02 2.886254737783131019e-02 3.993860300461814228e-02 -2.912147401961172593e-03 -5.171248523028530719e-02 -4.418372199926366706e-02 5.693317732459404062e-02 2.135702059319062041e-01 3.945595159596640977e-01
4.194616575053279894e-01 2.068785150271790774e-01 6.333889684193434733e-02 -4.677862935161628682e-02 -4.761260794792636364e-02 7.842329663781257704e-03 4.171822411947999354e-02 1.815064339636698193e-02 -4.412367619093469223e-02 -4.574027737799934989e-02 5.103177152212605427e-02 2.006946041493582744e-01
2.068785150271790774e-01 4.294987473001698475e-01 2.035076696771680183e-01 5.992210823742551845e-02 -4.008271689237105639e-02 -4.576506093184409818e-02 3.966321831811990030e-03 3.900823204497705365e-02 1.849153625351598190e-02 -3.909024229681615920e-02 -4.111167087115590729e-02 6.025375752496026777e-02
6.333889684193434733e-02 2.035076696771680183e-01 3.951649736722356310e-01 2.072415366092104083e-01 7.020866113627269312e-02 -4.457257080241279479e-02 -5.128912546116066312e-02 6.736697626880826587e-03 4.449537290645927401e-02 1.831289233673234762e-02 -4.465369156480931967e-02 -5.191423086126619596e-02
-4.677862935161628682e-02 5.992210823742551845e-02 2.072415366092104083e-01 4.010442829378114138e-01 2.099069991965039628e-01 6.706034068367328072e-02 -4.476589828389785503e-02 -4.759242758590363775e-02 1.106781093311319172e-02 3.999910403352649468e-02 9.848530746105327999e-03 -5.092838651587434928e-02
-4.761260794792636364e-02 -4.008271689237105639e-02 7.020866113627269312e-02 2.099069991965039628e-01 4.116306777485428947e-01 2.055580348772370058e-01 6.163860758890826741e-02 -4.504819305564286558e-02 -4.712995639167724682e-02 1.100848375448622990e-02 3.816707061280051605e-02 9.224123153017420654e-03
7.842329663781257704e-03 -4.576506093184409818e-02 -4.457257080241279479e-02 6.706034068367328072e-02 2.055580348772370058e-01 4.010396724431867232e-01 2.066087268593070070e-01 6.419883960258662703e-02 -4.844152228073494992e-02 -4.570383253229724774e-02 1.683446690580302912e-02 4.521489518167946114e-02
4.171822411947999354e-02 3.966321831811990030e-03 -5.128912546116066312e-02 -4.476589828389785503e-02 6.163860758890826741e-02 2.066087268593070070e-01 4.188589784394914917e-01 2.045116082004100333e-01 5.708921137935079465e-02 -4.429836858196291305e-02 -3.802972577826381484e-02 2.205206283465515824e-02
1.815064339636698193e-02 3.900823204497705365e-02 6.736697626880826587e-03 -4.759242758590363775e-02 -4.504819305564286558e-02 6.419883960258662703e-02 2.045116082004100333e-01 4.162317685941692158e-01 2.023370352210739354e-01 5.506851226492268103e-02 -4.585954423616953046e-02 -4.751566999487236848e-02
-4.412367619093469223e-02 1.849153625351598190e-02 4.449537290645927401e-02 1.106781093311319172e-02 -4.712995639167724682e-02 -4.844152228073494992e-02 5.708921137935079465e-02 2.023370352210739354e-01 4.222571542366064801e-01 1.962609629620845619e-01 4.397454235757611990e-02 -5.395808791716837083e-02
-4.574027737799934989e-02 -3.909024229681615920e-02 1.831289233673234762e-02 3.999910403352649468e-02 1.100848375448622990e-02 -4.570383253229724774e-02 -4.429836858196291305e-02 5.506851226492268103e-02 1.962609629620845619e-01 4.357835379661109121e-01 1.971343510474644622e-01 5.511347964930533860e-02
5.103177152212605427e-02 -4.111167087115590729e-02 -4.465369156480931967e-02 9.848530746105327999e-03 3.816707061280051605e-02 1.683446690580302912e-02 -3.802972577826381484e-02 -4.585954423616953046e-02 4.397454235757611990e-02 1.971343510474644622e-01 4.497033646034324095e-01 1.994084867287970186e-01
2.006946041493582744e-01 6.025375752496026777e-02 -5.191423086126619596e-02 -5.092838651587434928e-02 9.224123153017420654e-03 4.521489518167946114e-02 2.205206283465515824e-02 -4.751566999487236848e-02 -5.395808791716837083e-02 5.511347964930533860e-02 1.994084867287970186e-01 3.993251845528896227e-01
4.171126909427146368e-01 1.988689975854090741e-01 5.967311850021719821e-02 -4.489560912174934276e-02 -4.277694955556731599e-02 1.202868505103368499e-02 4.203890776725242862e-02 1.777895219758298881e-02 -4.464688718360795838e-02 -4.707876343555565668e-02 6.448259723966601187e-02 2.039094745940066566e-01
1.988689975854090741e-01 4.287820721959494374e-01 2.046469132511959388e-01 5.525418467104296905e-02 -4.415297586084414999e-02 -4.976708080423567632e-02 6.951352037455673163e-03 3.941191168781338350e-02 1.837359495336045659e-02 -4.111174265472031936e-02 -5.077990287353530835e-02 4.895217093283603382e-02
5.967311850021719821e-02 2.046469132511959388e-01 4.165059963866574733e-01 1.975360536509609410e-01 5.490755673260702685e-02 -4.715474583130400965e-02 -4.798436431951051684e-02 4.992582552282525017e-03 4.031785869660201721e-02 1.855227478921444434e-02 -4.912413612407422192e-02 -4.862649050900312575e-02
-4.489560912174934276e-02 5.525418467104296905e-02 1.975360536509609410e-01 4.197546510725518876e-01 2.063377217387289131e-01 7.129265380380483963e-02 -4.373169923681319293e-02 -4.872638718834008953e-02 5.809531158877165487e-03 4.050583904943534652e-02 1.827640917190952174e-02 -4.212099139889877164e-02
-4.277694955556731599e-02 -4.415297586084414999e-02 5.490755673260702685e-02 2.063377217387289131e-01 4.190621990881093772e-01 2.091744292179913423e-01 6.701197287010654535e-02 -3.908675363665847780e-02 -4.391510656450170469e-02 7.416481139879325078e-03 4.141380333577865391e-02 1.451927333003729184e-02
1.202868505103368499e-02 -4.976708080423567632e-02 -4.715474583130400965e-02 7.129265380380483963e-02 2.091744292179913423e-01 3.762360207544822588e-01 2.114915948001840906e-01 7.306516140393454206e-02 -4.435940868817433991e-02 -4.879376100371212582e-02 1.225082407440830114e-02 4.297479022119937708e-02
4.203890776725242862e-02 6.951352037455673163e-03 -4.798436431951051684e-02 -4.373169923681319293e-02 6.701197287010654535e-02 2.114915948001840906e-01 3.905730589255768104e-01 2.088841361524599316e-01 5.957909648521807211e-02 -4.812453602252009244e-02 -4.815225550926462844e-02 1.586437223070127911e-02
1.777895219758298881e-02 3.941191168781338350e-02 4.992582552282525017e-03 -4.872638718834008953e-02 -3.908675363665847780e-02 7.306516140393454206e-02 2.088841361524599316e-01 4.268158257806353717e-01 1.961629372642186842e-01 4.749106257930831021e-02 -4.684863164446000788e-02 -3.924838732254229412e-02
-4.464688718360795838e-02 1.837359495336045659e-02 4.031785869660201721e-02 5.809531158877165487e-03 -4.391510656450170469e-02 -4.435940868817433991e-02 5.957909648521807211e-02 1.961629372642186842e-01 4.289021943324194952e-01 2.004483639328719369e-01 5.868979448534970833e-02 -4.470054736640279025e-02
-4.707876343555565668e-02 -4.111174265472031936e-02 1.855227478921444434e-02 4.050583904943534652e-02 7.416481139879325078e-03 -4.879376100371212582e-02 -4.812453602252009244e-02 4.749106257930831021e-02 2.004483639328719369e-01 4.351985418430635022e-01 1.987174981502632942e-01 4.840481679426829331e-02
6.448259723966601187e-02 -5.077990287353530835e-02 -4.912413612407422192e-02 1.827640917190952174e-02 4.141380333577865391e-02 1.225082407440830114e-02 -4.815225550926462844e-02 -4.684863164446000788e-02 5.868979448534970833e-02 1.987174981502632942e-01 4.064669994861902502e-01 2.027378803201432267e-01
2.039094745940066566e-01 4.895217093283603382e-02 -4.862649050900312575e-02 -4.212099139889877164e-02 1.451927333003729184e-02 4.297479022119937708e-02 1.586437223070127911e-02 -3.924838732254229412e-02 -4.470054736640279025e-02 4.840481679426829331e-02 2.027378803201432267e-01 4.345897491916350108e-01
4.396128761562027587e-01 1.956318727407517777e-01 5.687466523582179051e-02 -4.421088167717536488e-02 -4.582397623953549104e-02 7.373105935723173882e-03 3.511754344075974921e-02 1.256349100935636592e-02 -4.450364428217883778e-02 -4.760072236341161833e-02 4.980860966748327373e-02 1.884812868415833009e-01
1.956318727407517777e-01 4.457106103552304077e-01 1.999110844764730444e-01 6.583105828626166500e-02 -3.664271720600795201e-02 -4.189773639718546300e-02 5.156699449254828482e-03 3.223958790280351261e-02 1.220156421396843133e-02 -4.252126767099136118e-02 -4.178251989952461165e-02 4.176188153761735411e-02
5.687466523582179051e-02 1.999110844764730444e-01 3.801847211486565348e-01 2.160031725239378031e-01 8.025311176470936725e-02 -4.428719369345997248e-02 -4.652310651950152670e-02 9.802953171262805687e-03 4.224713384251277404e-02 1.566561146576139069e-02 -4.349488175474962304e-02 -4.425336963989656008e-02
-4.421088167717536488e-02 6.583105828626166500e-02 2.160031725239378031e-01 3.561617984357235978e-01 2.166265348867522644e-01 7.219718589504657558e-02 -4.262723371362078795e-02 -4.055592778482888794e-02 1.761826830515923065e-02 4.444272363828076500e-02 9.117404558121999097e-03 -4.412884236007358352e-02
-4.582397623953549104e-02 -3.664271720600795201e-02 8.025311176470936725e-02 2.166265348867522644e-01 4.166706420122512355e-01 1.997755223303760430e-01 4.288452383374875831e-02 -4.100067521771039170e-02 -3.603805054771480609e-02 1.850605064253959403e-02 3.800711854940137802e-02 5.349063435297605508e-03
7.373105935723173882e-03 -4.189773639718546300e-02 -4.428719369345997248e-02 7.219718589504657558e-02 1.997755223303760430e-01 4.252425732719906093e-01 1.889939383036136067e-01 4.072897612629181041e-02 -4.636751209307707344e-02 -4.549336084608961162e-02 1.640630016183045742e-02 3.705443393670929814e-02
3.511754344075974921e-02 5.156699449254828482e-03 -4.652310651950152670e-02 -4.262723371362078795e-02 4.288452383374875831e-02 1.889939383036136067e-01 4.622686872452369533e-01 1.858677233237092663e-01 3.703515560954441510e-02 -4.610520208895164257e-02 -3.705348724512756015e-02 1.590260115903335478e-02
1.256349100935636592e-02 3.223958790280351261e-02 9.802953171262805687e-03 -4.055592778482888794e-02 -4.100067521771039170e-02 4.072897612629181041e-02 1.858677233237092663e-01 4.440086311712038158e-01 1.981880426952256635e-01 6.697103859086031563e-02 -4.242095297353708216e-02 -4.382725836639852351e-02
-4.450364428217883778e-02 1.220156421396843133e-02 4.224713384251277404e-02 1.761826830515923065e-02 -3.603805054771480609e-02 -4.636751209307707344e-02 3.703515560954441510e-02 1.981880426952256635e-01 4.232015357393574817e-01 2.081608175355348367e-01 6.092083971447547625e-02 -4.682017884562163224e-02
-4.760072236341161833e-02 -4.252126767099136118e-02 1.566561146576139069e-02 4.444272363828076500e-02 1.850605064253959403e-02 -4.549336084608961162e-02 -4.610520208895164257e-02 6.697103859086031563e-02 2.081608175355348367e-01 3.646871819963191652e-01 2.109658042752021734e-01 7.562844317880354494e-02
4.980860966748327373e-02 -4.178251989952461165e-02 -4.349488175474962304e-02 9.117404558121999097e-03 3.800711854940137802e-02 1.640630016183045742e-02 -3.705348724512756015e-02 -4.242095297353708216e-02 6.092083971447547625e-02 2.109658042752021734e-01 4.199524968669361424e-01 2.089508123071001089e-01
1.884812868415833009e-01 4.176188153761735411e-02 -4.425336963989656008e-02 -4.412884236007358352e-02 5.349063435297605508e-03 3.705443393670929814e-02 1.590260115903335478e-02 -4.382725836639852351e-02 -4.682017884562163224e-02 7.562844317880354494e-02 2.089508123071001089e-01 4.222982456009205521e-01
4.441033936310588848e-01 1.867357024644802910e-01 4.230189021958268014e-02 -4.855051540181641589e-02 -4.177201306833510513e-02 1.015136032122244611e-02 3.940546967038094373e-02 1.914005863367034682e-02 -4.217022896464487497e-02 -4.261298521256484673e-02 5.457266024018187639e-02 1.964989150093866543e-01
1.867357024644802910e-01 4.552582601249133276e-01 1.974622843601690769e-01 5.670468601241267226e-02 -4.130354777923679610e-02 -4.514257043054085289e-02 4.276307685251470175e-03 3.806847373347015118e-02 2.098673971952017686e-02 -3.359674769426994334e-02 -4.537200776342380920e-02 3.746143141294534795e-02
4.230189021958268014e-02 1.974622843601690769e-01 4.234811763218298553e-01 2.030154215891690761e-01 6.606939502034177292e-02 -3.957019993197689184e-02 -4.706581828878178553e-02 -3.560314850873470068e-04 3.808228280135948773e-02 2.133701328110446105e-02 -4.170764731350322385e-02 -4.933298066287013228e-02
-4.855051540181641589e-02 5.670468601241267226e-02 2.030154215891690761e-01 3.814849447105466140e-01 2.142627191123691599e-01 7.953644709053422912e-02 -4.268685326189645274e-02 -5.561113609378978001e-02 -2.348645880234953402e-03 4.202287411226358904e-02 2.608627479826443329e-02 -4.377130138653688440e-02
-4.177201306833510513e-02 -4.130354777923679610e-02 6.606939502034177292e-02 2.142627191123691599e-01 3.892861163852394668e-01 2.128963393442981356e-01 6.909119477019790012e-02 -4.163186724172788372e-02 -4.827568712068290580e-02 4.933944012984269913e-03 4.405402389139290859e-02 1.699336809754313157e-02
1.015136032122244611e-02 -4.514257043054085289e-02 -3.957019993197689184e-02 7.953644709053422912e-02 2.128963393442981356e-01 4.034799009418231219e-01 2.054868901184607188e-01 6.663127635607345167e-02 -3.919504867759156241e-02 -4.394437608767870485e-02 9.983774163600214052e-03 4.099653441313734492e-02
3.940546967038094373e-02 4.276307685251470175e-03 -4.706581828878178553e-02 -4.268685326189645274e-02 6.909119477019790012e-02 2.054868901184607188e-01 3.968997832949400228e-01 2.093517760621764201e-01 6.810308837224832157e-02 -4.478846662708832471e-02 -5.180201770579422743e-02 1.516860440275678672e-02
1.914005863367034682e-02 3.806847373347015118e-02 -3.560314850873470068e-04 -5.561113609378978001e-02 -4.163186724172788372e-02 6.663127635607345167e-02 2.093517760621764201e-01 4.090733733381406445e-01 2.027021741394687826e-01 5.221087638015894233e-02 -5.285004897531162676e-02 -4.373819188899767674e-02
-4.217022896464487497e-02 2.098673971952017686e-02 3.808228280135948773e-02 -2.348645880234953402e-03 -4.827568712068290580e-02 -3.919504867759156241e-02 6.810308837224832157e-02 2.027021741394687826e-01 4.107869096311550505e-01 2.042061399936536126e-01 6.511280133287652983e-02 -4.811850387410288032e-02
-4.261298521256484673e-02 -3.359674769426994334e-02 2.133701328110446105e-02 4.202287411226358904e-02 4.933944012984269913e-03 -4.394437608767870485e-02 -4.478846662708832471e-02 5.221087638015894233e-02 2.042061399936536126e-01 4.418595834583284865e-01 2.025605447992454566e-01 4.580131843491069832e-02
5.457266024018187639e-02 -4.537200776342380920e-02 -4.170764731350322385e-02 2.608627479826443329e-02 4.405402389139290859e-02 9.983774163600214052e-03 -5.180201770579422743e-02 -5.285004897531162676e-02 6.511280133287652983e-02 2.025605447992454566e-01 4.053898847789103588e-01 1.961106400709379249e-01
1.964989150093866543e-01 3.746143141294534795e-02 -4.933298066287013228e-02 -4.377130138653688440e-02 1.699336809754313157e-02 4.099653441313734492e-02 1.516860440275678672e-02 -4.373819188899767674e-02 -4.811850387410288032e-02 4.580131843491069832e-02 1.961106400709379249e-01 4.388966733831002331e-01
3.960487095702973637e-01 2.108249847251500442e-01 6.861506071273050511e-02 -4.154065315250242418e-02 -4.206646509085969904e-02 1.486463052366177907e-02 4.740074002766270223e-02 1.194276814693786409e-02 -4.444215196395327749e-02 -4.670851330320124895e-02 6.663051791078619668e-02 2.100756622789643480e-01
2.108249847251500442e-01 4.083025488537534997e-01 2.054039282446325776e-01 5.698422798063151884e-02 -4.117724077091115126e-02 -4.602633431694659605e-02 1.467197668268254915e-02 3.552727769611563335e-02 5.542748307167217996e-03 -4.923497671774685475e-02 -4.326503980941093230e-02 7.065980375703947991e-02
6.861506071273050511e-02 2.054039282446325776e-01 4.142147792148409557e-01 1.955559545539745925e-01 4.658131983924491959e-02 -5.396243072267696561e-02 -5.206591400626055244e-02 1.314844251634238008e-02 3.869983116975532489e-02 7.557851354584317616e-03 -4.983622157915380824e-02 -4.499119889658363680e-02
-4.154065315250242418e-02 5.698422798063151884e-02 1.955559545539745925e-01 4.254010038177456487e-01 2.004615871292947382e-01 5.976389501119074021e-02 -5.164417360611033014e-02 -3.969795972179840371e-02 1.857545651916332058e-02 3.994891953210936986e-02 4.471121383712118279e-03 -4.667490341656975461e-02
-4.206646509085969904e-02 -4.117724077091115126e-02 4.658131983924491959e-02 2.004615871292947382e-01 4.550892971033394518e-01 2.012551226403148097e-01 5.759603693602445562e-02 -3.554463842388043415e-02 -3.430266395578946553e-02 1.618225428115541847e-02 3.676741975115878358e-02 6.918314631037285854e-03
1.486463052366177907e-02 -4.602633431694659605e-02 -5.396243072267696561e-02 5.976389501119074021e-02 2.012551226403148097e-01 3.828999248530120525e-01 2.084079501475649965e-01 6.361603137893420690e-02 -4.710543028245848390e-02 -5.079724947011151487e-02 1.725671581527745552e-02 4.446976717978383398e-02
4.740074002766270223e-02 1.467197668268254915e-02 -5.206591400626055244e-02 -5.164417360611033014e-02 5.759603693602445562e-02 2.084079501475649965e-01 3.962448349152181692e-01 1.988812913992039633e-01 4.557877292260387875e-02 -5.645793141485316857e-02 -4.431313643085021958e-02 2.038669881775634005e-02
1.194276814693786409e-02 3.552727769611563335e-02 1.314844251634238008e-02 -3.969795972179840371e-02 -3.554463842388043415e-02 6.361603137893420690e-02 1.988812913992039633e-01 4.464805299582093046e-01 1.943739764850185847e-01 4.568987463068097110e-02 -4.282551252049580232e-02 -3.890785650886267877e-02
-4.444215196395327749e-02 5.542748307167217996e-03 3.869983116975532489e-02 1.857545651916332058e-02 -3.430266395578946553e-02 -4.710543028245848390e-02 4.557877292260387875e-02 1.943739764850185847e-01 4.583827503858379782e-01 1.910610799786877645e-01 4.584520525434986060e-02 -3.991216313487083028e-02
-4.670851330320124895e-02 -4.923497671774685475e-02 7.557851354584317616e-03 3.994891953210936986e-02 1.618225428115541847e-02 -5.079724947011151487e-02 -5.645793141485316857e-02 4.568987463068097110e-02 1.910610799786877645e-01 4.053435613771962376e-01 2.026333571761198826e-01 7.099643214527320834e-02
6.663051791078619668e-02 -4.326503980941093230e-02 -4.983622157915380824e-02 4.471121383712118279e-03 3.676741975115878358e-02 1.725671581527745552e-02 -4.431313643085021958e-02 -4.282551252049580232e-02 4.584520525434986060e-02 2.026333571761198826e-01 4.248878611809691064e-01 2.104108123934994024e-01
2.100756622789643480e-01 7.065980375703947991e-02 -4.499119889658363680e-02 -4.667490341656975461e-02 6.918314631037285854e-03 4.446976717978383398e-02 2.038669881775634005e-02 -3.890785650886267877e-02 -3.991216313487083028e-02 7.099643214527320834e-02 2.104108123934994024e-01 3.867041987695801764e-01
4.312850243494643632e-01 2.007803722059710028e-01 5.632201227119164322e-02 -4.117625518331905626e-02 -4.027314121067535058e-02 1.005789142896330174e-02 4.072465568212228076e-02 2.038337434471255635e-02 -3.592135164013470633e-02 -4.375340122897100614e-02 5.582005636255269604e-02 2.052189533564039992e-01
2.007803722059710028e-01 3.878660795255166605e-01 2.065231519930466053e-01 6.452276287808481059e-02 -4.720307217020095619e-02 -5.205983201692075679e-02 7.456096306239893418e-03 4.422097793567333901e-02 2.245002939689506177e-02 -4.540946558265863270e-02 -5.975252175546157812e-02 5.655102002100666214e-02
5.632201227119164322e-02 2.065231519930466053e-01 4.245233454974375320e-01 1.999452097987343413e-01 4.772277968071719778e-02 -4.625258680296669145e-02 -4.707513757479154376e-02 4.536426549498027462e-03 3.737582817779304400e-02 1.551175695398799778e-02 -4.934610751156989772e-02 -4.618085272184361406e-02
-4.117625518331905626e-02 6.452276287808481059e-02 1.999452097987343413e-01 4.311129111040440387e-01 1.968283642891514862e-01 6.099655330772123241e-02 -4.188121764481179954e-02 -4.765442884311824057e-02 1.908388231447094140e-03 3.721806503667893229e-02 2.079473634522078368e-02 -3.944361211775922887e-02
-4.027314121067535058e-02 -4.720307217020095619e-02 4.772277968071719778e-02 1.968283642891514862e-01 4.267571253873233550e-01 2.065753719584668135e-01 7.226506955640732421e-02 -3.854664376372759355e-02 -4.434585356967916947e-02 6.842744219485144899e-03 4.268104888450231782e-02 1.549319156469735302e-02
1.005789142896330174e-02 -5.205983201692075679e-02 -4.625258680296669145e-02 6.099655330772123241e-02 2.065753719584668135e-01 3.840405443932169427e-01 2.153508804796722409e-01 7.806181613443177736e-02 -3.898510442990392455e-02 -4.436276002930911871e-02 1.016823189616649324e-02 3.860573169024407447e-02
4.072465568212228076e-02 7.456096306239893418e-03 -4.707513757479154376e-02 -4.188121764481179954e-02 7.226506955640732421e-02 2.153508804796722409e-01 3.669238037792839635e-01 2.136877641017977392e-01 6.629935732377692514e-02 -4.731953170940685072e-02 -5.261739716521590671e-02 1.299916066708488131e-02
2.038337434471255635e-02 4.422097793567333901e-02 4.536426549498027462e-03 -4.765442884311824057e-02 -3.854664376372759355e-02 7.806181613443177736e-02 2.136877641017977392e-01 4.061769305071130653e-01 1.975194747244834181e-01 4.487604428169481019e-02 -5.053784852034523545e-02 -3.749931848105782922e-02
-3.592135164013470633e-02 2.245002939689506177e-02 3.737582817779304400e-02 1.908388231447094140e-03 -4.434585356967916947e-02 -3.898510442990392455e-02 6.629935732377692514e-02 1.975194747244834181e-01 4.415726064584981625e-01 1.952806557970911683e-01 5.195914868839277001e-02 -3.940150058672627076e-02
-4.375340122897100614e-02 -4.540946558265863270e-02 1.551175695398799778e-02 3.721806503667893229e-02 6.842744219485144899e-03 -4.436276002930911871e-02 -4.731953170940685072e-02 4.487604428169481019e-02 1.952806557970911683e-01 4.482875685295592549e-01 1.946521686357049474e-01 4.283326819456183959e-02
5.582005636255269604e-02 -5.975252175546157812e-02 -4.934610751156989772e-02 2.079473634522078368e-02 4.268104888450231782e-02 1.016823189616649324e-02 -5.261739716521590671e-02 -5.053784852034523545e-02 5.195914868839277001e-02 1.946521686357049474e-01 4.054608336112743849e-01 1.954978442133510352e-01
