4.162165402365733957e-01 2.079315406726330306e-01 7.513693962832226902e-02 -2.475435939078821784e-02 -4.520573308176373262e-02 -3.516379372389477620e-02 6.724631128509896095e-04 3.351684840062295334e-02 4.870668258951568741e-02 8.145203128583900637e-03 -9.851494062550407438e-02 -1.979835213235331959e-01
2.079315406726330306e-01 3.770126975077315312e-01 2.137803670722784877e-01 9.989444864497903920e-02 8.182205374449403462e-03 -4.740432675324858514e-02 -4.510058323709167927e-02 -1.286047783897368429e-02 3.144710554164076993e-02 3.450388081576122312e-02 -7.659522325578558243e-03 -9.310105598393833559e-02
7.513693962832226902e-02 2.137803670722784877e-01 3.197279484266090099e-01 2.215896234979672919e-01 1.063510092084302971e-01 2.135566065467425084e-02 -3.821213285652647063e-02 -4.658798638717192436e-02 -2.931883811939342555e-02 2.135291440074177718e-02 5.922719287198979082e-02 2.005617328923591999e-02
-2.475435939078821784e-02 9.989444864497903920e-02 2.215896234979672919e-01 3.501438811334828261e-01 1.923580364317666602e-01 9.626883686294328279e-02 1.424956861949910718e-02 -3.276863868617791581e-02 -5.045584005788676663e-02 -9.289856434283559616e-03 5.517392587769259088e-02 6.158778035919414140e-02
-4.520573308176373262e-02 8.182205374449403462e-03 1.063510092084302971e-01 1.923580364317666602e-01 2.377158731519447010e-01 2.092293456881280378e-01 1.143726234404713604e-01 3.285066922867573708e-02 -3.811365915620842926e-02 -3.231155962368628676e-02 9.368880391367108429e-03 4.215860127454231637e-02
-3.516379372389477620e-02 -4.740432675324858514e-02 2.135566065467425084e-02 9.626883686294328279e-02 2.092293456881280378e-01 3.117928688939340942e-01 2.133084810924461838e-01 1.089204757743119090e-01 1.327505770861401452e-02 -3.587683981040726278e-02 -4.430951342854767827e-02 -3.602217132833302089e-03
6.724631128509896095e-04 -4.510058323709167927e-02 -3.821213285652647063e-02 1.424956861949910718e-02 1.143726234404713604e-01 2.133084810924461838e-01 3.932319628347661356e-01 1.913243891975874578e-01 7.896400922872991168e-02 -9.136438742348370473e-03 -5.439383425553723228e-02 -3.936238256157428839e-02
3.351684840062295334e-02 -1.286047783897368429e-02 -4.658798638717192436e-02 -3.276863868617791581e-02 3.285066922867573708e-02 1.089204757743119090e-01 1.913243891975874578e-01 1.964874158463667531e-01 1.946873843029499063e-01 8.206658213507282695e-02 -1.525393223871380349e-02 -4.884566148625607562e-02
4.870668258951568741e-02 3.144710554164076993e-02 -2.931883811939342555e-02 -5.045584005788676663e-02 -3.811365915620842926e-02 1.327505770861401452e-02 7.896400922872991168e-02 1.946873843029499063e-01 3.807194262400862561e-01 2.081277758694686786e-01 8.078657214066620185e-02 -1.801400024282262188e-02
8.145203128583900637e-03 3.450388081576122312e-02 2.135291440074177718e-02 -9.289856434283559616e-03 -3.231155962368628676e-02 -3.587683981040726278e-02 -9.136438742348370473e-03 8.206658213507282695e-02 2.081277758694686786e-01 4.567934411056938648e-01 1.909062493170523567e-01 7.416038963724241873e-02
-9.851494062550407438e-02 -7.659522325578558243e-03 5.922719287198979082e-02 5.517392587769259088e-02 9.368880391367108429e-03 -4.430951342854767827e-02 -5.439383425553723228e-02 -1.525393223871380349e-02 8.078657214066620185e-02 1.909062493170523567e-01 3.136462388927975242e-01 2.143056364016805992e-01
-1.979835213235331959e-01 -9.310105598393833559e-02 2.005617328923591999e-02 6.158778035919414140e-02 4.215860127454231637e-02 -3.602217132833302089e-03 -3.936238256157428839e-02 -4.884566148625607562e-02 -1.801400024282262188e-02 7.416038963724241873e-02 2.143056364016805992e-01 2.465117057300135750e-01
2.165768915596318345e-01 1.795676775028335337e-01 1.068849660398799029e-01 4.359324009241449110e-02 -4.187362733567656647e-02 -4.866000106281501147e-02 -5.975362397231315237e-03 5.058475428056122269e-02 4.856669928480346343e-02 -1.556912755806491230e-02 -1.167683338952465316e-01 -1.979319748038275151e-01
1.795676775028335337e-01 2.541110211961599141e-01 2.132967761207333335e-01 1.310211773689493320e-01 -3.169419063725724059e-03 -6.030836608341872546e-02 -5.006798868541745273e-02 2.876796318533917166e-02 5.746464644471718786e-02 4.133982218340239573e-02 -2.199075105984699477e-02 -8.590128944347910633e-02
1.068849660398799029e-01 2.132967761207333335e-01 3.812951758812654912e-01 2.236746723636007239e-01 8.176339299651855241e-02 -2.483931818719288531e-02 -5.644479108370452358e-02 -1.424912093428732512e-02 2.631239324160960721e-02 4.784575889358409079e-02 3.865510161660599964e-02 -8.833865497527234462e-03
4.359324009241449110e-02 1.310211773689493320e-01 2.236746723636007239e-01 3.325020089656587907e-01 2.032351706838005923e-01 7.388780849114004456e-02 -2.008952651686835011e-02 -4.784226120424992651e-02 -2.758157265903373248e-02 1.684535309141839757e-02 4.982089647344628558e-02 3.567253793655755789e-02
-4.187362733567656647e-02 -3.169419063725724059e-03 8.176339299651855241e-02 2.032351706838005923e-01 3.289668052514920227e-01 2.153423601585683911e-01 1.044326170275810262e-01 -3.508474850792486777e-02 -6.485558029828372706e-02 -4.358748010392889116e-02 8.402462278505298116e-03 3.782343150999693815e-02
-4.866000106281501147e-02 -6.030836608341872546e-02 -2.483931818719288531e-02 7.388780849114004456e-02 2.153423601585683911e-01 4.535701780974182862e-01 2.019489129237959646e-01 4.406956512209608823e-02 -2.822582749711277650e-02 -4.709776751063959183e-02 -3.071945793387506965e-02 5.305366395169292849e-03
-5.975362397231315237e-03 -5.006798868541745273e-02 -5.644479108370452358e-02 -2.008952651686835011e-02 1.044326170275810262e-01 2.019489129237959646e-01 3.285332410775597123e-01 2.065713918315426612e-01 1.149851771049965610e-01 1.912228307611498618e-02 -4.680283663310617209e-02 -4.420981093749085100e-02
5.058475428056122269e-02 2.876796318533917166e-02 -1.424912093428732512e-02 -4.784226120424992651e-02 -3.508474850792486777e-02 4.406956512209608823e-02 2.065713918315426612e-01 4.116819931497394669e-01 2.239701892582124099e-01 1.099897495315740048e-01 6.292466052069298557e-03 -4.247982867577199811e-02
4.856669928480346343e-02 5.746464644471718786e-02 2.631239324160960721e-02 -2.758157265903373248e-02 -6.485558029828372706e-02 -2.822582749711277650e-02 1.149851771049965610e-01 2.239701892582124099e-01 3.134743885647771622e-01 1.917320978823346400e-01 7.900172037920816237e-02 7.791538342056556453e-03
-1.556912755806491230e-02 4.133982218340239573e-02 4.784575889358409079e-02 1.684535309141839757e-02 -4.358748010392889116e-02 -4.709776751063959183e-02 1.912228307611498618e-02 1.099897495315740048e-01 1.917320978823346400e-01 2.142131106294604126e-01 1.938518919898605253e-01 1.082646108491280706e-01
-1.167683338952465316e-01 -2.199075105984699477e-02 3.865510161660599964e-02 4.982089647344628558e-02 8.402462278505298116e-03 -3.071945793387506965e-02 -4.680283663310617209e-02 6.292466052069298557e-03 7.900172037920816237e-02 1.938518919898605253e-01 3.771145471846514829e-01 2.265238177025077349e-01
-1.979319748038275151e-01 -8.590128944347910633e-02 -8.833865497527234462e-03 3.567253793655755789e-02 3.782343150999693815e-02 5.305366395169292849e-03 -4.420981093749085100e-02 -4.247982867577199811e-02 7.791538342056556453e-03 1.082646108491280706e-01 2.265238177025077349e-01 3.879606384421876442e-01
3.295192601806249399e-01 2.132985669083781732e-01 8.256245164093414801e-02 -1.873637397159741425e-02 -5.964129586732785232e-02 -4.991661955566592535e-02 -8.897574933589922491e-03 4.200672444637781888e-02 6.043167340198058596e-02 1.838526171905065232e-02 -9.952270341904365103e-02 -2.202119787262851180e-01
2.132985669083781732e-01 3.394178676699617370e-01 2.118121977693500080e-01 1.010228037112897020e-01 -2.452053672840940127e-03 -5.047585626227629046e-02 -4.937899904157105196e-02 -9.883412396205444594e-03 4.465783278931428901e-02 5.529359826328510141e-02 4.351551265614597534e-03 -1.025824237788711540e-01
8.256245164093414801e-02 2.118121977693500080e-01 3.945423933282490303e-01 2.188409547054268045e-01 1.059886282190025258e-01 1.930253344336972654e-02 -3.831793526666667921e-02 -4.714217945447252839e-02 -1.517048763167240522e-02 2.943756769034689899e-02 5.130313948322980100e-02 1.165513675276827477e-02
-1.873637397159741425e-02 1.010228037112897020e-01 2.188409547054268045e-01 3.200084207084060717e-01 2.064069687884543536e-01 1.019011666813130212e-01 2.153951086902028411e-02 -3.858110707331371264e-02 -5.307093075113787639e-02 -2.243594737138672468e-02 4.133463284526227993e-02 6.193127106200355808e-02
-5.964129586732785232e-02 -2.452053672840940127e-03 1.059886282190025258e-01 2.064069687884543536e-01 2.711535673794434054e-01 1.954266883774643249e-01 1.094190754841090213e-01 2.846024070289519814e-02 -4.582905762181022774e-02 -5.464347867436478851e-02 -9.756707395266100979e-03 5.138369316883940191e-02
-4.991661955566592535e-02 -5.047585626227629046e-02 1.930253344336972654e-02 1.019011666813130212e-01 1.954266883774643249e-01 2.442311622827461060e-01 2.066056929430714062e-01 1.128261478288563047e-01 8.578685883890069599e-03 -5.176731862525515288e-02 -4.901615685313508164e-02 1.064620458729605493e-02
-8.897574933589922491e-03 -4.937899904157105196e-02 -3.831793526666667921e-02 2.153951086902028411e-02 1.094190754841090213e-01 2.066056929430714062e-01 3.959761838285562607e-01 2.110479379874934391e-01 9.481339479760993172e-02 -6.946192208369862502e-03 -5.463023707914085175e-02 -3.709719695822411706e-02
4.200672444637781888e-02 -9.883412396205444594e-03 -4.714217945447252839e-02 -3.858110707331371264e-02 2.846024070289519814e-02 1.128261478288563047e-01 2.110479379874934391e-01 2.906484214987385961e-01 2.119724010087979671e-01 9.523183055788268792e-02 -6.220064375793135300e-03 -5.500258335939990639e-02
6.043167340198058596e-02 4.465783278931428901e-02 -1.517048763167240522e-02 -5.307093075113787639e-02 -4.582905762181022774e-02 8.578685883890069599e-03 9.481339479760993172e-02 2.119724010087979671e-01 3.264621873153832898e-01 2.161831626454714106e-01 1.012546930491708408e-01 -1.671965459360333361e-02
1.838526171905065232e-02 5.529359826328510141e-02 2.943756769034689899e-02 -2.243594737138672468e-02 -5.464347867436478851e-02 -5.176731862525515288e-02 -6.946192208369862502e-03 9.523183055788268792e-02 2.161831626454714106e-01 3.849600920576937146e-01 2.130077048116941763e-01 8.089138795763840817e-02
-9.952270341904365103e-02 4.351551265614597534e-03 5.130313948322980100e-02 4.133463284526227993e-02 -9.756707395266100979e-03 -4.901615685313508164e-02 -5.463023707914085175e-02 -6.220064375793135300e-03 1.012546930491708408e-01 2.130077048116941763e-01 3.479616213563509475e-01 2.129435928476990370e-01
-2.202119787262851180e-01 -1.025824237788711540e-01 1.165513675276827477e-02 6.193127106200355808e-02 5.138369316883940191e-02 1.064620458729605493e-02 -3.709719695822411706e-02 -5.500258335939990639e-02 -1.671965459360333361e-02 8.089138795763840817e-02 2.129435928476990370e-01 3.551188223938450683e-01
2.954492245377832726e-01 2.101891314801878630e-01 1.020527097683890938e-01 8.003224891904005267e-03 -5.046039293347768379e-02 -5.580598034783215006e-02 -2.419640246320866814e-02 4.144327880083609889e-02 5.777285372072726854e-02 2.784257263159053628e-03 -1.057809131308548728e-01 -2.132829524521901166e-01
2.101891314801878630e-01 3.167282135528292075e-01 2.136191944575423218e-01 1.065082446443255115e-01 4.499836509986338863e-03 -5.328920491844354318e-02 -5.788104498900227546e-02 -3.597003877461369716e-03 4.903612475471672699e-02 5.412023415502938833e-02 -6.250312645208780556e-03 -1.009264342522309121e-01
1.020527097683890938e-01 2.136191944575423218e-01 3.259283138007310621e-01 2.177675247738503073e-01 1.056128031615239660e-01 1.137201702417191436e-02 -4.732967142371872354e-02 -4.408472330282518781e-02 2.322201709872012600e-03 4.492935195690900274e-02 4.863931745057500228e-02 -6.095441043545432938e-03
8.003224891904005267e-03 1.065082446443255115e-01 2.177675247738503073e-01 3.677867488251067574e-01 2.083882559962955405e-01 1.028766441574400642e-01 1.750369864993944757e-02 -4.611364327273271418e-02 -4.524695614509278985e-02 -1.024612787826380570e-03 4.825831551473660358e-02 4.981990888493185304e-02
-5.046039293347768379e-02 4.499836509986338863e-03 1.056128031615239660e-01 2.083882559962955405e-01 2.706642366105688202e-01 2.056704388052497945e-01 1.111723081252883605e-01 1.116017164172669607e-02 -5.343343342255569423e-02 -4.758564860928363865e-02 4.658164355675100711e-03 4.805071855331716213e-02
-5.580598034783215006e-02 -5.328920491844354318e-02 1.137201702417191436e-02 1.028766441574400642e-01 2.056704388052497945e-01 2.920602294912459373e-01 2.159483388233813250e-01 1.012982700139552494e-01 -1.521132516927198655e-02 -5.819119755752452661e-02 -4.086889371432835677e-02 1.334540508784352181e-02
-2.419640246320866814e-02 -5.788104498900227546e-02 -4.732967142371872354e-02 1.750369864993944757e-02 1.111723081252883605e-01 2.159483388233813250e-01 3.646249675077660179e-01 2.119797626695168469e-01 7.874358845863661804e-02 -2.162165296705335221e-02 -5.907640854978993272e-02 -3.384311225598978651e-02
4.144327880083609889e-02 -3.597003877461369716e-03 -4.408472330282518781e-02 -4.611364327273271418e-02 1.116017164172669607e-02 1.012982700139552494e-01 2.119797626695168469e-01 3.455982249763437375e-01 2.122787488519490284e-01 9.843017361829076162e-02 -1.428234223999237315e-02 -5.200242257485620384e-02
5.777285372072726854e-02 4.903612475471672699e-02 2.322201709872012600e-03 -4.524695614509278985e-02 -5.343343342255569423e-02 -1.521132516927198655e-02 7.874358845863661804e-02 2.122787488519490284e-01 4.136990876109467030e-01 2.096551164444785675e-01 8.352560336238959438e-02 -1.200648175994564401e-02
2.784257263159053628e-03 5.412023415502938833e-02 4.492935195690900274e-02 -1.024612787826380570e-03 -4.758564860928363865e-02 -5.819119755752452661e-02 -2.162165296705335221e-02 9.843017361829076162e-02 2.096551164444785675e-01 2.869067610223541287e-01 2.105636507315812311e-01 9.876206673370292732e-02
-1.057809131308548728e-01 -6.250312645208780556e-03 4.863931745057500228e-02 4.825831551473660358e-02 4.658164355675100711e-03 -4.086889371432835677e-02 -5.907640854978993272e-02 -1.428234223999237315e-02 8.352560336238959438e-02 2.105636507315812311e-01 3.718056760151528528e-01 2.177270400841973541e-01
-2.132829524521901166e-01 -1.009264342522309121e-01 -6.095441043545432938e-03 4.981990888493185304e-02 4.805071855331716213e-02 1.334540508784352181e-02 -3.384311225598978651e-02 -5.200242257485620384e-02 -1.200648175994564401e-02 9.876206673370292732e-02 2.177270400841973541e-01 3.487483160491602341e-01
4.153519113443152611e-01 2.133807628852382732e-01 8.248879119659714709e-02 -2.830071665300265549e-02 -5.955436622925728424e-02 -1.771673736551087133e-02 2.728001002964534211e-02 5.638074033729000012e-02 4.253675093003345814e-02 9.199463550743246969e-04 -7.843170212510781891e-02 -1.965013700366544103e-01
2.133807628852382732e-01 3.475103125880178445e-01 2.099947379493824207e-01 7.672082344984852698e-02 -3.991996777621209525e-02 -5.221101945837138686e-02 -2.257526612240330285e-02 2.349193102517750653e-02 4.516892412509088128e-02 4.637755061517413735e-02 6.272926408821495603e-03 -9.855585812429663861e-02
8.248879119659714709e-02 2.099947379493824207e-01 3.681660799541829343e-01 2.200124355377194307e-01 8.941291548908310294e-02 -2.835288573272598187e-02 -5.639972900111053095e-02 -4.916042938406052498e-02 -4.294716208397105633e-03 4.032260951330869647e-02 5.374956102656251039e-02 9.510826788696507411e-03
-2.830071665300265549e-02 7.672082344984852698e-02 2.200124355377194307e-01 3.998003483580058748e-01 2.096794802813524150e-01 6.883707012651367474e-02 -1.929403477467434708e-02 -5.823082411954794146e-02 -4.294580313760121976e-02 -1.013254448273556013e-02 3.036071249311945303e-02 4.994742652755182477e-02
-5.955436622925728424e-02 -3.991996777621209525e-02 8.941291548908310294e-02 2.096794802813524150e-01 3.728587000415518604e-01 2.057733350224453250e-01 9.405164411952697534e-02 7.659145668351952790e-03 -3.425854425211735665e-02 -4.493796995846664755e-02 -2.586302874766319149e-02 2.907886566067736933e-02
-1.771673736551087133e-02 -5.221101945837138686e-02 -2.835288573272598187e-02 6.883707012651367474e-02 2.057733350224453250e-01 3.904471214764644316e-01 2.093219844415408759e-01 1.146507131265306623e-01 3.292193152563963054e-02 -2.923021470117350210e-02 -4.864341794516850725e-02 -2.654457003273511667e-02
2.728001002964534211e-02 -2.257526612240330285e-02 -5.639972900111053095e-02 -1.929403477467434708e-02 9.405164411952697534e-02 2.093219844415408759e-01 2.356069744643338182e-01 2.034325046909583601e-01 9.884572311242589837e-02 3.009638680178931130e-02 -2.572328702769095810e-02 -4.441864836553287982e-02
5.638074033729000012e-02 2.349193102517750653e-02 -4.916042938406052498e-02 -5.823082411954794146e-02 7.659145668351952790e-03 1.146507131265306623e-01 2.034325046909583601e-01 3.230025070181458680e-01 1.840105525156592869e-01 1.028990860255140360e-01 2.921748662797906543e-02 -3.616110598231858653e-02
4.253675093003345814e-02 4.516892412509088128e-02 -4.294716208397105633e-03 -4.294580313760121976e-02 -3.425854425211735665e-02 3.292193152563963054e-02 9.884572311242589837e-02 1.840105525156592869e-01 2.021851597611206974e-01 1.994825123776425846e-01 1.151327884172882038e-01 3.126979097252574613e-02
9.199463550743246969e-04 4.637755061517413735e-02 4.032260951330869647e-02 -1.013254448273556013e-02 -4.493796995846664755e-02 -2.923021470117350210e-02 3.009638680178931130e-02 1.028990860255140360e-01 1.994825123776425846e-01 3.373570135198850073e-01 2.176626501926139379e-01 1.140293386733300524e-01
-7.843170212510781891e-02 6.272926408821495603e-03 5.374956102656251039e-02 3.036071249311945303e-02 -2.586302874766319149e-02 -4.864341794516850725e-02 -2.572328702769095810e-02 2.921748662797906543e-02 1.151327884172882038e-01 2.176626501926139379e-01 3.681020079554004898e-01 2.086126951504100324e-01
-1.965013700366544103e-01 -9.855585812429663861e-02 9.510826788696507411e-03 4.994742652755182477e-02 2.907886566067736933e-02 -2.654457003273511667e-02 -4.441864836553287982e-02 -3.616110598231858653e-02 3.126979097252574613e-02 1.140293386733300524e-01 2.086126951504100324e-01 2.396118635185681134e-01
3.761759367281602984e-01 2.024643121426062398e-01 9.949577972576052753e-02 9.430326100689412697e-03 -4.994306457675222466e-02 -4.507641137591782143e-02 3.565196931789011044e-03 5.043200026578995021e-02 5.302717578177207347e-02 6.223090582263869630e-03 -1.016502444119522786e-01 -2.165315606749878552e-01
2.024643121426062398e-01 2.413019928415366389e-01 2.049541032378554561e-01 1.034906318860417535e-01 5.682658864949728314e-03 -5.375621516757551899e-02 -4.337182065053705321e-02 5.963257061762060329e-03 4.874743190210767407e-02 5.169907597952153044e-02 -5.769620753298805756e-03 -1.065710483917947649e-01
9.949577972576052753e-02 2.049541032378554561e-01 3.282117351139673955e-01 2.158219230145828060e-01 1.011025529143720486e-01 -1.732135338389129142e-02 -6.097274144746415991e-02 -4.391900395840286908e-02 1.199455779071511262e-02 5.356754833912874547e-02 5.225637113115396554e-02 -1.539102103635257152e-02
9.430326100689412697e-03 1.034906318860417535e-01 2.158219230145828060e-01 3.688931103386049459e-01 2.142951586330289759e-01 8.237766344059899160e-02 -2.481725728902662437e-02 -6.007046682708121199e-02 -3.868001695472610135e-02 1.187778762544785573e-02 4.808007640932956961e-02 4.341735175890055337e-02
-4.994306457675222466e-02 5.682658864949728314e-03 1.011025529143720486e-01 2.142951586330289759e-01 3.527124751019213300e-01 2.149403062336968651e-01 9.591351321440712285e-02 -8.011610294502067436e-03 -5.202264637728991337e-02 -4.558504902942840664e-02 -2.756549554583667249e-03 4.615531067200497051e-02
-4.507641137591782143e-02 -5.375621516757551899e-02 -1.732135338389129142e-02 8.237766344059899160e-02 2.149403062336968651e-01 3.774920215495774500e-01 2.159488384635245561e-01 9.896790705131812416e-02 5.961871045009475845e-04 -5.412506363171708246e-02 -4.932244830565492288e-02 1.177633576869504184e-03
3.565196931789011044e-03 -4.337182065053705321e-02 -6.097274144746415991e-02 -2.481725728902662437e-02 9.591351321440712285e-02 2.159488384635245561e-01 3.135329468074941062e-01 2.124130263972136834e-01 9.929254299793902061e-02 2.793558201815992108e-03 -4.731620352384374034e-02 -4.373466713023237140e-02
5.043200026578995021e-02 5.963257061762060329e-03 -4.391900395840286908e-02 -6.007046682708121199e-02 -8.011610294502067436e-03 9.896790705131812416e-02 2.124130263972136834e-01 3.571601747103788638e-01 2.107289090736092774e-01 1.021879061711220144e-01 1.064049873039691826e-02 -5.222822447744729368e-02
5.302717578177207347e-02 4.874743190210767407e-02 1.199455779071511262e-02 -3.868001695472610135e-02 -5.202264637728991337e-02 5.961871045009475845e-04 9.929254299793902061e-02 2.107289090736092774e-01 2.727624757704293912e-01 2.104523959754903695e-01 1.062595611695186237e-01 2.027856718106332834e-03
6.223090582263869630e-03 5.169907597952153044e-02 5.356754833912874547e-02 1.187778762544785573e-02 -4.558504902942840664e-02 -5.412506363171708246e-02 2.793558201815992108e-03 1.021879061711220144e-01 2.104523959754903695e-01 3.688091120535841316e-01 2.125590186678507632e-01 9.486481952260021611e-02
-1.016502444119522786e-01 -5.769620753298805756e-03 5.225637113115396554e-02 4.808007640932956961e-02 -2.756549554583667249e-03 -4.932244830565492288e-02 -4.731620352384374034e-02 1.064049873039691826e-02 1.062595611695186237e-01 2.125590186678507632e-01 3.114754780112474752e-01 2.155876946485159318e-01
-2.165315606749878552e-01 -1.065710483917947649e-01 -1.539102103635257152e-02 4.341735175890055337e-02 4.615531067200497051e-02 1.177633576869504184e-03 -4.373466713023237140e-02 -5.222822447744729368e-02 2.027856718106332834e-03 9.486481952260021611e-02 2.155876946485159318e-01 3.314725409731041905e-01
3.738126449766260850e-01 2.113616701979080803e-01 8.274121083035075597e-02 -2.573000637061699167e-02 -4.966411154387440074e-02 -2.934747781561176244e-02 1.090004234360317237e-02 4.076201756903879980e-02 4.068868668077804673e-02 -4.971310125951429676e-04 -9.861406105653935938e-02 -2.117695804294168205e-01
2.113616701979080803e-01 4.104986635215589486e-01 2.121955441986876356e-01 9.521008455505303170e-02 5.748102347788067168e-03 -4.942368687630967206e-02 -4.844019172192912115e-02 -1.206189799877409145e-02 3.460565450033595281e-02 4.454752988902643818e-02 1.734726051688074901e-04 -8.548642764315543541e-02
8.274121083035075597e-02 2.121955441986876356e-01 2.927435367298391600e-01 2.132003058401926165e-01 1.026035156119675107e-01 3.836502499018194269e-03 -4.924875744648868348e-02 -4.718358567023529793e-02 -1.167198382781252722e-02 3.155110894759288048e-02 5.301006854935391005e-02 3.232039263357416176e-02
-2.573000637061699167e-02 9.521008455505303170e-02 2.132003058401926165e-01 3.618442780886521604e-01 2.052753766232373600e-01 9.249999041590123428e-02 3.440097400642329675e-03 -4.093407078722768877e-02 -4.367387606779325054e-02 -8.522255697382227768e-03 4.727252071581092285e-02 7.140678402022740401e-02
-4.966411154387440074e-02 5.748102347788067168e-03 1.026035156119675107e-01 2.052753766232373600e-01 2.862301379470305052e-01 2.166183739947148967e-01 1.156015053736488413e-01 2.678932761357821768e-02 -4.392137262558568761e-02 -4.445411363512051517e-02 9.446328909837884216e-04 4.566359970834994036e-02
-2.934747781561176244e-02 -4.942368687630967206e-02 3.836502499018194269e-03 9.249999041590123428e-02 2.166183739947148967e-01 3.309597492231598492e-01 2.164761098137325535e-01 1.088098271507636633e-01 4.272691821764960235e-03 -4.365477321509324271e-02 -4.684371612249082356e-02 -2.038729239357685644e-02
1.090004234360317237e-02 -4.844019172192912115e-02 -4.924875744648868348e-02 3.440097400642329675e-03 1.156015053736488413e-01 2.164761098137325535e-01 3.575021155537295714e-01 1.992037481271505817e-01 7.797215769057914969e-02 -2.271489007865204815e-03 -5.076849068146476601e-02 -5.549631190906970102e-02
4.076201756903879980e-02 -1.206189799877409145e-02 -4.718358567023529793e-02 -4.093407078722768877e-02 2.678932761357821768e-02 1.088098271507636633e-01 1.992037481271505817e-01 2.230444396979801847e-01 1.980921575416723091e-01 1.050288885201892120e-01 8.505303877182958730e-03 -5.151707773505300597e-02
4.068868668077804673e-02 3.460565450033595281e-02 -1.167198382781252722e-02 -4.367387606779325054e-02 -4.392137262558568761e-02 4.272691821764960235e-03 7.797215769057914969e-02 1.980921575416723091e-01 4.004596357183471955e-01 2.201761886387445244e-01 1.029162059209857982e-01 2.401655975051009487e-03
-4.971310125951429676e-04 4.454752988902643818e-02 3.155110894759288048e-02 -8.522255697382227768e-03 -4.445411363512051517e-02 -4.365477321509324271e-02 -2.271489007865204815e-03 1.050288885201892120e-01 2.201761886387445244e-01 3.798841831488670717e-01 1.977416804026903008e-01 8.257166751870601007e-02
-9.861406105653935938e-02 1.734726051688074901e-04 5.301006854935391005e-02 4.727252071581092285e-02 9.446328909837884216e-04 -4.684371612249082356e-02 -5.076849068146476601e-02 8.505303877182958730e-03 1.029162059209857982e-01 1.977416804026903008e-01 2.230735846559826485e-01 2.014543041471612561e-01
-2.117695804294168205e-01 -8.548642764315543541e-02 3.232039263357416176e-02 7.140678402022740401e-02 4.566359970834994036e-02 -2.038729239357685644e-02 -5.549631190906970102e-02 -5.151707773505300597e-02 2.401655975051009487e-03 8.257166751870601007e-02 2.014543041471612561e-01 3.599470307382182654e-01
4.285434626189332241e-01 2.114862751337413527e-01 6.948875014858768573e-02 -3.456533949706808856e-02 -5.674418274016806985e-02 -2.587306484971954590e-02 2.436097542965912771e-02 4.392642225730140904e-02 2.917670447510324269e-02 -1.419717581074274662e-02 -7.199516159990528019e-02 -1.761544943173847244e-01
2.114862751337413527e-01 4.308741940563763917e-01 1.929044794944007046e-01 6.384326813085204610e-02 -2.177790643779721133e-02 -3.885092642133506496e-02 -1.946666592333507265e-02 1.353907322047688370e-02 3.568502160505541976e-02 3.502434861204040129e-02 5.016420749888971832e-03 -8.198368911206072029e-02
6.948875014858768573e-02 1.929044794944007046e-01 3.602005665365257681e-01 2.205275760081369940e-01 1.084971042794574125e-01 1.675812576138492865e-04 -5.821090754710843418e-02 -5.449665976237385440e-02 -2.805996757332116127e-03 4.587623944283128474e-02 5.773521449094352193e-02 1.968593093295954374e-02
-3.456533949706808856e-02 6.384326813085204610e-02 2.205275760081369940e-01 2.956089501160348854e-01 2.151763816279238795e-01 9.374006226858425106e-02 -1.164258010079790781e-02 -5.429738324495469309e-02 -4.118309200946766724e-02 -5.401540756552218256e-03 3.233718046020707393e-02 4.558959222338561379e-02
-5.674418274016806985e-02 -2.177790643779721133e-02 1.084971042794574125e-01 2.151763816279238795e-01 3.966075068175026752e-01 1.980031621759624216e-01 7.628314486978257647e-02 -6.133182614882916328e-03 -4.233527413329717104e-02 -4.210539123412225526e-02 -1.239397740861064752e-02 2.671189991890864784e-02
-2.587306484971954590e-02 -3.885092642133506496e-02 1.675812576138492865e-04 9.374006226858425106e-02 1.980031621759624216e-01 2.949120556805792104e-01 2.183770898798420568e-01 1.226350816128132654e-01 1.736329676921592735e-02 -5.223272608462676408e-02 -5.901919795260530260e-02 -2.638770739221628359e-02
2.436097542965912771e-02 -1.946666592333507265e-02 -5.821090754710843418e-02 -1.164258010079790781e-02 7.628314486978257647e-02 2.183770898798420568e-01 3.752338860930013453e-01 2.226577368781356148e-01 1.026548436605043690e-01 8.253880223642796887e-03 -4.365278956700509305e-02 -4.637831235449900447e-02
4.392642225730140904e-02 1.353907322047688370e-02 -5.449665976237385440e-02 -5.429738324495469309e-02 -6.133182614882916328e-03 1.226350816128132654e-01 2.226577368781356148e-01 3.145300372440832382e-01 1.951373323346293764e-01 9.231227306475581207e-02 1.985699360477460179e-02 -2.561854543935512818e-02
2.917670447510324269e-02 3.568502160505541976e-02 -2.805996757332116127e-03 -4.118309200946766724e-02 -4.233527413329717104e-02 1.736329676921592735e-02 1.026548436605043690e-01 1.951373323346293764e-01 2.678732488802526013e-01 2.132202863028038742e-01 1.273955144069207068e-01 4.598987190168774691e-02
-1.419717581074274662e-02 3.502434861204040129e-02 4.587623944283128474e-02 -5.401540756552218256e-03 -4.210539123412225526e-02 -5.223272608462676408e-02 8.253880223642796887e-03 9.231227306475581207e-02 2.132202863028038742e-01 2.985604454276335473e-01 2.145680226522457545e-01 1.088805567400335100e-01
-7.199516159990528019e-02 5.016420749888971832e-03 5.773521449094352193e-02 3.233718046020707393e-02 -1.239397740861064752e-02 -5.901919795260530260e-02 -4.365278956700509305e-02 1.985699360477460179e-02 1.273955144069207068e-01 2.145680226522457545e-01 3.679572364814189811e-01 1.855364819755221939e-01
-1.761544943173847244e-01 -8.198368911206072029e-02 1.968593093295954374e-02 4.558959222338561379e-02 2.671189991890864784e-02 -2.638770739221628359e-02 -4.637831235449900447e-02 -2.561854543935512818e-02 4.598987190168774691e-02 1.088805567400335100e-01 1.855364819755221939e-01 1.690984100476471963e-01
3.962965888567183681e-01 2.107232946920314098e-01 9.059998320195201960e-02 -8.721451876639824824e-03 -4.497040579994211057e-02 -3.697978460296554720e-02 1.877415395636359511e-03 3.852438886051433309e-02 4.949602599049129220e-02 1.433777869272419639e-02 -8.762477639487062375e-02 -2.071685533080379615e-01
2.107232946920314098e-01 3.999772767562344011e-01 2.060190455967559064e-01 9.274456025217470145e-02 5.802709796966549691e-03 -5.113586676306029755e-02 -5.114464900857456503e-02 -1.652051043843096728e-02 3.303237753148398348e-02 5.410813120952841920e-02 2.148339821298014818e-02 -7.744489997451589613e-02
9.059998320195201960e-02 2.060190455967559064e-01 2.438792749432077689e-01 2.052537725054896234e-01 1.020216506411130292e-01 7.988621723149550227e-03 -4.985775575441601243e-02 -5.040146611942918076e-02 -1.855257023262881985e-02 3.507210792401809635e-02 5.681900997748656063e-02 2.370049901032219089e-02
-8.721451876639824824e-03 9.274456025217470145e-02 2.052537725054896234e-01 3.652946627682235325e-01 2.112551977595156505e-01 1.017071345979005531e-01 9.686566627913572019e-05 -4.718178869192794084e-02 -5.225233545737841684e-02 -9.619512412862444087e-03 4.302108813747770877e-02 6.100348152924524314e-02
-4.497040579994211057e-02 5.802709796966549691e-03 1.020216506411130292e-01 2.112551977595156505e-01 3.225526184780829753e-01 2.193768630085565774e-01 1.078865424925523897e-01 1.922323467102957095e-02 -4.539456462539769727e-02 -4.586381665733013646e-02 -7.567718654041935382e-03 4.021000679771695452e-02
-3.697978460296554720e-02 -5.113586676306029755e-02 7.988621723149550227e-03 1.017071345979005531e-01 2.193768630085565774e-01 3.297104103671230080e-01 2.131612828210078525e-01 1.088290518904024562e-01 1.995405445697630287e-02 -4.180428810460001809e-02 -5.212258661578554608e-02 -1.998940783458877379e-02
1.877415395636359511e-03 -5.114464900857456503e-02 -4.985775575441601243e-02 9.686566627913572019e-05 1.078865424925523897e-01 2.131612828210078525e-01 3.138552159190585167e-01 2.029768847097500051e-01 1.034053557523223477e-01 1.113097101776233319e-02 -5.124988237928065210e-02 -5.561680490441143349e-02
3.852438886051433309e-02 -1.652051043843096728e-02 -5.040146611942918076e-02 -4.718178869192794084e-02 1.922323467102957095e-02 1.088290518904024562e-01 2.029768847097500051e-01 2.512066064578046265e-01 2.085813882402107744e-01 1.048267813090050515e-01 7.365568602844509843e-03 -5.363233262641989296e-02
4.949602599049129220e-02 3.303237753148398348e-02 -1.855257023262881985e-02 -5.225233545737841684e-02 -4.539456462539769727e-02 1.995405445697630287e-02 1.034053557523223477e-01 2.085813882402107744e-01 3.641340519659888031e-01 2.144023572855356941e-01 1.028028047138855455e-01 -3.710866071926989702e-03
1.433777869272419639e-02 5.410813120952841920e-02 3.507210792401809635e-02 -9.619512412862444087e-03 -4.586381665733013646e-02 -4.180428810460001809e-02 1.113097101776233319e-02 1.048267813090050515e-01 2.144023572855356941e-01 3.485491559741044076e-01 2.144755357013846675e-01 9.552665314914818295e-02
-8.762477639487062375e-02 2.148339821298014818e-02 5.681900997748656063e-02 4.302108813747770877e-02 -7.567718654041935382e-03 -5.212258661578554608e-02 -5.124988237928065210e-02 7.365568602844509843e-03 1.028028047138855455e-01 2.144755357013846675e-01 3.004229779551953472e-01 2.168838796177999240e-01
-2.071685533080379615e-01 -7.744489997451589613e-02 2.370049901032219089e-02 6.100348152924524314e-02 4.021000679771695452e-02 -1.998940783458877379e-02 -5.561680490441143349e-02 -5.363233262641989296e-02 -3.710866071926989702e-03 9.552665314914818295e-02 2.168838796177999240e-01 3.641211595582324323e-01
3.771294945388121711e-01 2.163184382465192512e-01 8.590034621281802951e-02 -2.185795560140316174e-02 -5.465368560429297029e-02 -3.390073019508958729e-02 1.964803494493062852e-02 5.572461175180918463e-02 4.513319334607186761e-02 -6.039509062505768119e-03 -9.523090471576936555e-02 -2.100250673860717954e-01
2.163184382465192512e-01 3.850015151288119775e-01 2.097083596996624222e-01 8.703383309773501941e-02 -8.860826396614614880e-03 -5.080673071432619675e-02 -3.464357513923724957e-02 1.782198315683919398e-02 4.794889666767550990e-02 5.040402054886480854e-02 3.045899108302671868e-03 -9.765057912657507111e-02
8.590034621281802951e-02 2.097083596996624222e-01 3.324573446475970195e-01 2.180596961683060608e-01 1.053978392101662248e-01 -1.985529382926264248e-03 -5.311905591870736548e-02 -5.049678490081735416e-02 -5.655012755352085627e-03 4.358268361320043888e-02 5.819457232034031674e-02 1.904549274140835205e-02
-2.185795560140316174e-02 8.703383309773501941e-02 2.180596961683060608e-01 3.653813652871163997e-01 2.112802354495996460e-01 8.664826143314427465e-02 -1.191898058519005529e-02 -6.418058946865926040e-02 -4.837613064425814319e-02 -4.032254649914655820e-03 4.436958825274881640e-02 6.138416803357808066e-02
-5.465368560429297029e-02 -8.860826396614614880e-03 1.053978392101662248e-01 2.112802354495996460e-01 2.795043454427025287e-01 2.054557230835368509e-01 9.784923012625890149e-02 -1.265835043737806309e-02 -5.038556604987933646e-02 -4.643219805896362656e-02 -7.170460721203104210e-03 4.189621423226025376e-02
-3.390073019508958729e-02 -5.080673071432619675e-02 -1.985529382926264248e-03 8.664826143314427465e-02 2.054557230835368509e-01 4.191746010174663972e-01 2.136638060684395157e-01 9.487667144463464430e-02 3.169734248709771534e-03 -4.812605875093228097e-02 -5.027517601666039310e-02 -1.360443161780921714e-02
1.964803494493062852e-02 -3.464357513923724957e-02 -5.311905591870736548e-02 -1.191898058519005529e-02 9.784923012625890149e-02 2.136638060684395157e-01 3.115797137832250208e-01 2.112399614052875019e-01 9.767387768732871400e-02 1.481429365737576935e-02 -4.099717326380550309e-02 -4.855073377238525861e-02
5.572461175180918463e-02 1.782198315683919398e-02 -5.049678490081735416e-02 -6.418058946865926040e-02 -1.265835043737806309e-02 9.487667144463464430e-02 2.112399614052875019e-01 3.467526958618144528e-01 2.025156009940110025e-01 1.088647770706696744e-01 2.610872803868732189e-02 -3.979004901404877004e-02
4.513319334607186761e-02 4.794889666767550990e-02 -5.655012755352085627e-03 -4.837613064425814319e-02 -5.038556604987933646e-02 3.169734248709771534e-03 9.767387768732871400e-02 2.025156009940110025e-01 2.411027411489796435e-01 2.065286809970408033e-01 1.130546708024622038e-01 2.574025387492152178e-02
-6.039509062505768119e-03 5.040402054886480854e-02 4.358268361320043888e-02 -4.032254649914655820e-03 -4.643219805896362656e-02 -4.812605875093228097e-02 1.481429365737576935e-02 1.088647770706696744e-01 2.065286809970408033e-01 3.437920163667461115e-01 2.135066722503732861e-01 1.111591437832588625e-01
-9.523090471576936555e-02 3.045899108302671868e-03 5.819457232034031674e-02 4.436958825274881640e-02 -7.170460721203104210e-03 -5.027517601666039310e-02 -4.099717326380550309e-02 2.610872803868732189e-02 1.130546708024622038e-01 2.135066722503732861e-01 3.078155005654018561e-01 2.125704828091400378e-01
-2.100250673860717954e-01 -9.765057912657507111e-02 1.904549274140835205e-02 6.138416803357808066e-02 4.189621423226025376e-02 -1.360443161780921714e-02 -4.855073377238525861e-02 -3.979004901404877004e-02 2.574025387492152178e-02 1.111591437832588625e-01 2.125704828091400378e-01 2.903086662113438243e-01
2.650534047454653486e-01 2.171740524158191077e-01 8.569560929597670740e-02 -1.930574228836329925e-02 -5.010679583988762731e-02 -4.911270052879070092e-02 -1.732264929659101116e-02 3.739060675585995086e-02 5.319591059849571035e-02 3.303946913744484036e-03 -9.638837434742955623e-02 -2.022668255827111405e-01
2.171740524158191077e-01 3.514378267118354882e-01 2.038154971971906648e-01 7.743377783614142917e-02 -1.609911787300789821e-02 -5.758139839781025587e-02 -5.295488813340187839e-02 2.146766059836882450e-03 5.049433277631330125e-02 5.648856890361147326e-02 3.393332652489660164e-03 -8.964304207874328190e-02
8.569560929597670740e-02 2.038154971971906648e-01 4.063138488787587099e-01 2.098520124913946239e-01 8.904978169393745757e-02 7.923993903098750999e-03 -3.596990465900010148e-02 -3.468913577244078783e-02 -3.267879739310380720e-03 3.116924993505080718e-02 4.222582629303334861e-02 1.279417669600872720e-02
-1.930574228836329925e-02 7.743377783614142917e-02 2.098520124913946239e-01 4.128504798744249138e-01 1.906406439732794000e-01 9.426683725468401609e-02 2.827743164192490083e-02 -3.506682850499351356e-02 -4.846947717117380816e-02 -2.270546710396740067e-02 2.878162552952806888e-02 4.889681172799860420e-02
-5.010679583988762731e-02 -1.609911787300789821e-02 8.904978169393745757e-02 1.906406439732794000e-01 1.889106571754296804e-01 1.793941977559720402e-01 1.121086925128881862e-01 3.576862039340139576e-02 -4.006242137945779935e-02 -4.699135760351343810e-02 -1.633011460633616158e-02 3.180935369570545707e-02
-4.911270052879070092e-02 -5.758139839781025587e-02 7.923993903098750999e-03 9.426683725468401609e-02 1.793941977559720402e-01 2.829220708770464610e-01 2.172559213455320937e-01 1.170816840011067589e-01 -5.880948060303826594e-03 -5.030180406051326658e-02 -4.841120888721731075e-02 2.557278573413585346e-03
-1.732264929659101116e-02 -5.295488813340187839e-02 -3.596990465900010148e-02 2.827743164192490083e-02 1.121086925128881862e-01 2.172559213455320937e-01 3.497200058797372835e-01 2.202603946745883556e-01 8.629041237498544237e-02 -3.550755936492914523e-03 -5.343344974661198149e-02 -3.309217959097422723e-02
3.739060675585995086e-02 2.146766059836882450e-03 -3.468913577244078783e-02 -3.506682850499351356e-02 3.576862039340139576e-02 1.170816840011067589e-01 2.202603946745883556e-01 3.177665448777414747e-01 2.036969648164777269e-01 9.504292792884458385e-02 -1.643820356713031122e-03 -4.153746929289062195e-02
5.319591059849571035e-02 5.049433277631330125e-02 -3.267879739310380720e-03 -4.846947717117380816e-02 -4.006242137945779935e-02 -5.880948060303826594e-03 8.629041237498544237e-02 2.036969648164777269e-01 4.094365498663533054e-01 2.009750310798475992e-01 8.719221082409152335e-02 -8.206652656671774293e-03
3.303946913744484036e-03 5.648856890361147326e-02 3.116924993505080718e-02 -2.270546710396740067e-02 -4.699135760351343810e-02 -5.030180406051326658e-02 -3.550755936492914523e-03 9.504292792884458385e-02 2.009750310798475992e-01 2.460877381209141679e-01 2.101907330095989512e-01 9.579988182848950262e-02
-9.638837434742955623e-02 3.393332652489660164e-03 4.222582629303334861e-02 2.878162552952806888e-02 -1.633011460633616158e-02 -4.841120888721731075e-02 -5.343344974661198149e-02 -1.643820356713031122e-03 8.719221082409152335e-02 2.101907330095989512e-01 3.672290670179345629e-01 2.127626659183972646e-01
