4.910239157519036279e-01 2.491509359144434832e-01 1.782319706210616986e-03 -6.244293878476651904e-02 -7.567028877873955769e-03 4.345048483009626705e-02 4.477547576217212957e-04 -6.336216002884244303e-02 -6.761580447264756155e-04 2.517111946773978315e-01
2.491509359144434832e-01 4.934571821127687885e-01 2.516869421703994969e-01 -5.926876004080385528e-03 -6.426345397626208322e-02 5.276349515476438934e-03 4.259448393139099454e-02 -1.081590567294136258e-03 -6.204717343686771969e-02 4.302173424051227574e-03
1.782319706210616986e-03 2.516869421703994969e-01 5.195872402732019113e-01 2.504379318186168435e-01 1.081234925251767579e-02 -6.275764432401033377e-02 1.310575384262528502e-03 4.287385537405399155e-02 -1.092640916057645729e-03 -6.300965421204751671e-02
-6.244293878476651904e-02 -5.926876004080385528e-03 2.504379318186168435e-01 4.764004151898853512e-01 2.524693913094270825e-01 -3.046600012687496889e-03 -6.380517576025236670e-02 -2.887998993656750758e-03 4.273112292442902971e-02 1.591845039068923596e-03
-7.567028877873955769e-03 -6.426345397626208322e-02 1.081234925251767579e-02 2.524693913094270825e-01 4.992359720747913121e-01 2.490432588160129967e-01 -1.335865343493313623e-02 -6.372592816259899096e-02 7.547579933003398939e-03 4.317765385762696584e-02
4.345048483009626705e-02 5.276349515476438934e-03 -6.275764432401033377e-02 -3.046600012687496889e-03 2.490432588160129967e-01 5.376778917238462796e-01 2.559975414283461870e-01 7.759671294510702387e-03 -6.459555492676188893e-02 -3.606454235533190864e-03
4.477547576217212957e-04 4.259448393139099454e-02 1.310575384262528502e-03 -6.380517576025236670e-02 -1.335865343493313623e-02 2.559975414283461870e-01 4.652383385386462678e-01 2.494389997082719634e-01 9.743890515431575302e-04 -6.218063892405031878e-02
-6.336216002884244303e-02 -1.081590567294136258e-03 4.287385537405399155e-02 -2.887998993656750758e-03 -6.372592816259899096e-02 7.759671294510702387e-03 2.494389997082719634e-01 5.161132583631797832e-01 2.520055106753853469e-01 -2.479128081137647530e-03
-6.761580447264756155e-04 -6.204717343686771969e-02 -1.092640916057645729e-03 4.273112292442902971e-02 7.547579933003398939e-03 -6.459555492676188893e-02 9.743890515431575302e-04 2.520055106753853469e-01 4.925859982355336730e-01 2.492124625100623214e-01
2.517111946773978315e-01 4.302173424051227574e-03 -6.300965421204751671e-02 1.591845039068923596e-03 4.317765385762696584e-02 -3.606454235533190864e-03 -6.218063892405031878e-02 -2.479128081137647530e-03 2.492124625100623214e-01 5.086797877362515541e-01
5.020857444073423270e-01 2.496112486025484078e-01 -2.645884736317003719e-03 -6.213259797127877043e-02 5.534335496989171207e-05 4.248918342409303134e-02 -2.650928363645458242e-03 -6.251511637764453622e-02 7.197810715333430309e-03 2.514737625031956969e-01
2.496112486025484078e-01 5.076269889853584072e-01 2.507200804654625692e-01 1.359131383631724662e-03 -6.243476590601790277e-02 -1.969011788678340195e-03 4.268312279958468014e-02 -4.614536240298483180e-03 -6.238695320660465199e-02 -2.724520964755049526e-03
-2.645884736317003719e-03 2.507200804654625692e-01 4.929090230734841649e-01 2.499248738098467371e-01 2.458263073076345350e-03 -6.245342969953619761e-02 1.464650617475898170e-03 4.205680673485637233e-02 -2.542808197714775675e-03 -6.267075350615319840e-02
-6.213259797127877043e-02 1.359131383631724662e-03 2.499248738098467371e-01 5.025606309764224511e-01 2.503977510995168965e-01 2.436418624401646797e-03 -6.284726166741158582e-02 5.063307156816895804e-03 4.255731284272598614e-02 6.514466490166331576e-04
5.534335496989171207e-05 -6.243476590601790277e-02 2.458263073076345350e-03 2.503977510995168965e-01 4.905992449241396436e-01 2.507341539342425873e-01 -5.015824271434479384e-03 -6.183117399213718113e-02 4.206395292767385781e-03 4.250489820223449233e-02
4.248918342409303134e-02 -1.969011788678340195e-03 -6.245342969953619761e-02 2.436418624401646797e-03 2.507341539342425873e-01 5.093015663035059815e-01 2.504945021508791503e-01 -1.168247347316505799e-02 -6.346949142398472521e-02 3.175512120978554557e-04
-2.650928363645458242e-03 4.268312279958468014e-02 1.464650617475898170e-03 -6.284726166741158582e-02 -5.015824271434479384e-03 2.504945021508791503e-01 5.125982762070649956e-01 2.500243056994958524e-01 -2.443532231277892666e-03 -6.317201217174674144e-02
-6.251511637764453622e-02 -4.614536240298483180e-03 4.205680673485637233e-02 5.063307156816895804e-03 -6.183117399213718113e-02 -1.168247347316505799e-02 2.500243056994958524e-01 5.090855249764827395e-01 2.532058371488459803e-01 1.109431241991765994e-02
7.197810715333430309e-03 -6.238695320660465199e-02 -2.542808197714775675e-03 4.255731284272598614e-02 4.206395292767385781e-03 -6.346949142398472521e-02 -2.443532231277892666e-03 2.532058371488459803e-01 4.778611837386558814e-01 2.490145200089191047e-01
2.514737625031956969e-01 -2.724520964755049526e-03 -6.267075350615319840e-02 6.514466490166331576e-04 4.250489820223449233e-02 3.175512120978554557e-04 -6.317201217174674144e-02 1.109431241991765994e-02 2.490145200089191047e-01 4.953718164075433528e-01
4.798635635234121954e-01 2.525783410528608108e-01 -2.316701457011863252e-03 -6.338745152731622978e-02 6.581589164344642815e-04 4.320323501518911341e-02 -6.260791742917390726e-03 -6.202091875408846655e-02 3.154287767738267467e-03 2.492080710956137701e-01
2.525783410528608108e-01 5.150387975622598979e-01 2.492570790539156977e-01 -2.285929517913318047e-03 -6.200490869623143109e-02 1.948779435700046664e-03 4.198823956661126844e-02 -3.502169707675515699e-03 -6.283880623962029288e-02 7.170122038740889964e-03
-2.316701457011863252e-03 2.492570790539156977e-01 4.943373822430316977e-01 2.512919347382723267e-01 1.637879367417484312e-03 -6.323340837612785592e-02 5.342115768499640371e-03 4.237739909152957174e-02 -5.813188896762982831e-04 -6.229392191626355324e-02
-6.338745152731622978e-02 -2.285929517913318047e-03 2.512919347382723267e-01 5.052157098382503708e-01 2.495303432388269183e-01 -1.635748933685107114e-03 -6.212490650346878807e-02 2.117381873141046221e-03 4.246355445829493036e-02 -2.869437743789601813e-03
6.581589164344642815e-04 -6.200490869623143109e-02 1.637879367417484312e-03 2.495303432388269183e-01 4.905653856703363624e-01 2.516718653678118311e-01 -1.103183527525504297e-02 -6.302091295765432921e-02 1.580001491300568953e-03 4.243996823922779188e-02
4.320323501518911341e-02 1.948779435700046664e-03 -6.323340837612785592e-02 -1.635748933685107114e-03 2.516718653678118311e-01 5.248715127679928205e-01 2.503275838190376357e-01 -2.003878211178095146e-03 -6.290849486312541372e-02 1.600404632805272958e-03
-6.260791742917390726e-03 4.198823956661126844e-02 5.342115768499640371e-03 -6.212490650346878807e-02 -1.103183527525504297e-02 2.503275838190376357e-01 4.976604670863248314e-01 2.516763988595942525e-01 7.901203215668057070e-03 -6.304386950723975258e-02
-6.202091875408846655e-02 -3.502169707675515699e-03 4.237739909152957174e-02 2.117381873141046221e-03 -6.302091295765432921e-02 -2.003878211178095146e-03 2.516763988595942525e-01 4.881208354281699746e-01 2.494562654531267132e-01 -5.974673846001754551e-04
3.154287767738267467e-03 -6.283880623962029288e-02 -5.813188896762982831e-04 4.246355445829493036e-02 1.580001491300568953e-03 -6.290849486312541372e-02 7.901203215668057070e-03 2.494562654531267132e-01 5.023368351723098701e-01 2.512201685416667329e-01
2.492080710956137701e-01 7.170122038740889964e-03 -6.229392191626355324e-02 -2.869437743789601813e-03 4.243996823922779188e-02 1.600404632805272958e-03 -6.304386950723975258e-02 -5.974673846001754551e-04 2.512201685416667329e-01 5.019895107079146435e-01
5.460899109416450514e-01 2.632581084870995181e-01 1.357954095032270006e-02 -6.596549133869947235e-02 -4.056556214331876256e-03 4.357679963456487920e-02 2.473956162058255515e-03 -6.270876354390016172e-02 -1.295072957991014878e-02 2.453700951823373499e-01
2.632581084870995181e-01 4.542213899274108457e-01 2.455635274246027455e-01 8.279266089938092099e-03 -6.176420116464335919e-02 -5.108470228131585175e-03 4.343200680660862234e-02 6.400503995750918447e-03 -6.538468621789958468e-02 -1.416384388561169397e-02
1.357954095032270006e-02 2.455635274246027455e-01 5.028944351266845247e-01 2.549402080930589509e-01 -6.172323063749728111e-03 -6.467479954484639526e-02 4.392261995460090829e-03 4.409587705703590932e-02 -9.510137371411897869e-04 -6.402438967870552333e-02
-6.596549133869947235e-02 8.279266089938092099e-03 2.549402080930589509e-01 5.049336025696866681e-01 2.473234982434915075e-01 9.406627506490443207e-04 -6.143698180783042917e-02 -1.333483679692230557e-03 4.263098467888098292e-02 3.802959354746802967e-03
-4.056556214331876256e-03 -6.176420116464335919e-02 -6.172323063749728111e-03 2.473234982434915075e-01 5.018896678133935030e-01 2.532611116388504002e-01 -1.382446474891385179e-03 -6.437096981685792862e-02 -3.145425150432431573e-03 4.376086117768308165e-02
4.357679963456487920e-02 -5.108470228131585175e-03 -6.467479954484639526e-02 9.406627506490443207e-04 2.532611116388504002e-01 4.949217550459509840e-01 2.478135902218350783e-01 4.815521689120657580e-04 -6.168600241369442960e-02 -2.343913267750171846e-03
2.473956162058255515e-03 4.343200680660862234e-02 4.392261995460090829e-03 -6.143698180783042917e-02 -1.382446474891385179e-03 2.478135902218350783e-01 5.115429359471013182e-01 2.538061371494542140e-01 7.704669779174128791e-03 -6.480676122535611317e-02
-6.270876354390016172e-02 6.400503995750918447e-03 4.409587705703590932e-02 -1.333483679692230557e-03 -6.437096981685792862e-02 4.815521689120657580e-04 2.538061371494542140e-01 4.773551195179975837e-01 2.481497333942344896e-01 3.759128075295867233e-03
-1.295072957991014878e-02 -6.538468621789958468e-02 -9.510137371411897869e-04 4.263098467888098292e-02 -3.145425150432431573e-03 -6.168600241369442960e-02 7.704669779174128791e-03 2.481497333942344896e-01 5.052668958561048473e-01 2.554558588784400230e-01
2.453700951823373499e-01 -1.416384388561169397e-02 -6.402438967870552333e-02 3.802959354746802967e-03 4.376086117768308165e-02 -2.343913267750171846e-03 -6.480676122535611317e-02 3.759128075295867233e-03 2.554558588784400230e-01 5.008842872540255620e-01
5.255004358814433507e-01 2.546532379352791642e-01 2.757859099514243725e-03 -6.433757652857494125e-02 1.993622484137407697e-03 4.415077853177287043e-02 2.249411622116506086e-03 -6.347420968324282708e-02 -9.912718983797395161e-03 2.476628563712832132e-01
2.546532379352791642e-01 4.913848878079610794e-01 2.485173066926988916e-01 6.417940421021201859e-03 -6.245754006540928105e-02 -2.052408085518932571e-03 4.328504952176560894e-02 7.258260072669981897e-03 -6.321842861456947182e-02 -1.559578113189164644e-02
2.757859099514243725e-03 2.485173066926988916e-01 4.866064943630378226e-01 2.526653432104184471e-01 -6.283246201656659397e-03 -6.388291044161081844e-02 -6.784155816618373230e-04 4.311817553754791754e-02 3.952506700634813783e-03 -6.268288810682207113e-02
-6.433757652857494125e-02 6.417940421021201859e-03 2.526653432104184471e-01 5.151360148306869391e-01 2.490347851121989531e-01 -2.756179219711040688e-03 -6.279957429626290000e-02 -3.998307570757806892e-03 4.248196914817502917e-02 5.348464799761479954e-03
1.993622484137407697e-03 -6.245754006540928105e-02 -6.283246201656659397e-03 2.490347851121989531e-01 5.015174072453597587e-01 2.529131203369910930e-01 7.476129354308845912e-03 -6.315946698465130238e-02 -7.161516620157960290e-03 4.287904025920746126e-02
4.415077853177287043e-02 -2.052408085518932571e-03 -6.388291044161081844e-02 -2.756179219711040688e-03 2.529131203369910930e-01 4.922263687799938170e-01 2.485950934566770465e-01 9.394284499566314672e-03 -6.170511667764479874e-02 -6.853228602999957529e-03
2.249411622116506086e-03 4.328504952176560894e-02 -6.784155816618373230e-04 -6.279957429626290000e-02 7.476129354308845912e-03 2.485950934566770465e-01 4.853637708661093231e-01 2.527046742135349300e-01 5.917166695265725813e-03 -6.535919145009072562e-02
-6.347420968324282708e-02 7.258260072669981897e-03 4.311817553754791754e-02 -3.998307570757806892e-03 -6.315946698465130238e-02 9.394284499566314672e-03 2.527046742135349300e-01 4.987054082304079872e-01 2.489073053542059655e-01 2.704462732164809174e-03
-9.912718983797395161e-03 -6.321842861456947182e-02 3.952506700634813783e-03 4.248196914817502917e-02 -7.161516620157960290e-03 -6.170511667764479874e-02 5.917166695265725813e-03 2.489073053542059655e-01 4.904773293300632164e-01 2.549380987444009872e-01
2.476628563712832132e-01 -1.559578113189164644e-02 -6.268288810682207113e-02 5.348464799761479954e-03 4.287904025920746126e-02 -6.853228602999957529e-03 -6.535919145009072562e-02 2.704462732164809174e-03 2.549380987444009872e-01 5.130818826649219400e-01
4.993155304959331353e-01 2.500089986144774512e-01 -1.871453041252089554e-04 -6.209847087781605879e-02 -2.361169041509666566e-03 4.209152836687921756e-02 3.717678217406673695e-03 -6.265135512012215413e-02 3.836188936131577562e-03 2.503127932717321702e-01
2.500089986144774512e-01 5.015544025573556164e-01 2.501092505438090030e-01 -2.060318871049938126e-04 -6.210163754360960991e-02 1.112084376744459577e-04 4.210361277492138954e-02 -1.986960143325455092e-04 -6.210942006931410159e-02 -1.076789005758695041e-03
-1.871453041252089554e-04 2.501092505438090030e-01 5.002720870128734010e-01 2.501438437692234951e-01 3.663129999289933998e-03 -6.216210768441211842e-02 -3.183423313337907165e-03 4.233364384514499978e-02 -2.094037146372960609e-03 -6.216931244067788742e-02
-6.209847087781605879e-02 -2.060318871049938126e-04 2.501438437692234951e-01 4.956699589029832098e-01 2.500194344213143571e-01 4.788090566587275849e-04 -6.212546855580579341e-02 -5.471570176229326741e-04 4.214275935306946441e-02 9.928583066608138216e-04
-2.361169041509666566e-03 -6.210163754360960991e-02 3.663129999289933998e-03 2.500194344213143571e-01 4.972774633067785222e-01 2.503432081795998743e-01 2.031289899028265386e-03 -6.274581934132539285e-02 4.702084093016914088e-03 4.218042287636498272e-02
4.209152836687921756e-02 1.112084376744459577e-04 -6.216210768441211842e-02 4.788090566587275849e-04 2.503432081795998743e-01 5.044661375746782861e-01 2.500875069128595252e-01 2.490384196220824528e-04 -6.268369057508570152e-02 -1.108342176494232865e-03
3.717678217406673695e-03 4.210361277492138954e-02 -3.183423313337907165e-03 -6.212546855580579341e-02 2.031289899028265386e-03 2.500875069128595252e-01 4.857134911424821344e-01 2.513604099495503341e-01 -1.010697140225136521e-02 -6.269951449738599136e-02
-6.265135512012215413e-02 -1.986960143325455092e-04 4.233364384514499978e-02 -5.471570176229326741e-04 -6.274581934132539285e-02 2.490384196220824528e-04 2.513604099495503341e-01 5.296960822921135126e-01 2.516065409174745859e-01 1.234530187436935073e-03
3.836188936131577562e-03 -6.210942006931410159e-02 -2.094037146372960609e-03 4.214275935306946441e-02 4.702084093016914088e-03 -6.268369057508570152e-02 -1.010697140225136521e-02 2.516065409174745859e-01 4.851916510731302257e-01 2.499319737953676901e-01
2.503127932717321702e-01 -1.076789005758695041e-03 -6.216931244067788742e-02 9.928583066608138216e-04 4.218042287636498272e-02 -1.108342176494232865e-03 -6.269951449738599136e-02 1.234530187436935073e-03 2.499319737953676901e-01 5.008431956416811159e-01
4.865760070550743666e-01 2.516330008075443603e-01 -5.825136859566090036e-03 -6.297268287013868537e-02 -1.313028019922711856e-03 4.268137111469691436e-02 -7.379424315801475995e-04 -6.321340794598183377e-02 2.061144967558900185e-03 2.494558230292189815e-01
2.516330008075443603e-01 5.105962348357366842e-01 2.497130283660964900e-01 -2.046836593593182214e-04 -6.240351964412755442e-02 -1.786088230540925671e-04 4.248751434320811177e-02 3.061004903761683528e-03 -6.350922037572033496e-02 9.766484632808989860e-03
-5.825136859566090036e-03 2.497130283660964900e-01 5.052096192764783389e-01 2.511043735542814459e-01 8.544778908679016849e-03 -6.276144689904904206e-02 -2.759315110938844080e-03 4.251161840415614013e-02 2.075265999193042291e-03 -6.278654536942432363e-02
-6.297268287013868537e-02 -2.046836593593182214e-04 2.511043735542814459e-01 4.792781457463397565e-01 2.506795974544273609e-01 -1.190433513031368545e-04 -6.265385968288078589e-02 -2.583682461305057861e-03 4.338671697337553868e-02 -5.388292763426944312e-03
-1.313028019922711856e-03 -6.240351964412755442e-02 8.544778908679016849e-03 2.506795974544273609e-01 5.086085118144467732e-01 2.504628470268875362e-01 -3.395507803961180480e-03 -6.276965536927640865e-02 2.062719401324655984e-03 4.236139797150460795e-02
4.268137111469691436e-02 -1.786088230540925671e-04 -6.276144689904904206e-02 -1.190433513031368545e-04 2.504628470268875362e-01 5.008586015118151602e-01 2.501760138826122915e-01 5.108456956206064783e-03 -6.304876888056575035e-02 5.789338197724870974e-03
-7.379424315801475995e-04 4.248751434320811177e-02 -2.759315110938844080e-03 -6.265385968288078589e-02 -3.395507803961180480e-03 2.501760138826122915e-01 4.982354417194521656e-01 2.506955143078410941e-01 -8.335020772522135947e-04 -6.335377693553499723e-02
-6.321340794598183377e-02 3.061004903761683528e-03 4.251161840415614013e-02 -2.583682461305057861e-03 -6.276965536927640865e-02 5.108456956206064783e-03 2.506955143078410941e-01 4.871545712468852707e-01 2.512458705709795237e-01 -1.526437664256392705e-02
2.061144967558900185e-03 -6.350922037572033496e-02 2.075265999193042291e-03 4.338671697337553868e-02 2.062719401324655984e-03 -6.304876888056575035e-02 -8.335020772522135947e-04 2.512458705709795237e-01 5.374089584886523330e-01 2.533624802862061709e-01
2.494558230292189815e-01 9.766484632808989860e-03 -6.278654536942432363e-02 -5.388292763426944312e-03 4.236139797150460795e-02 5.789338197724870974e-03 -6.335377693553499723e-02 -1.526437664256392705e-02 2.533624802862061709e-01 4.860739083051281439e-01
5.297526078229071178e-01 2.542577142200256879e-01 4.898174684706288126e-03 -6.357977551582924547e-02 -6.106799133177739231e-03 4.258753147344916667e-02 3.223564846832633907e-03 -6.248052986381610885e-02 7.516418381366667817e-04 2.499265644048745683e-01
2.542577142200256879e-01 4.758942897410047834e-01 2.495024377726247078e-01 9.516904716476481951e-03 -6.250959337501590940e-02 -4.668636402944514006e-03 4.326668805047177713e-02 3.436920568498084538e-03 -6.442345315084724300e-02 -6.463305199827734139e-03
4.898174684706288126e-03 2.495024377726247078e-01 5.020949835895796021e-01 2.509829958210331724e-01 5.422891566834750141e-03 -6.332756019880604603e-02 -8.734940517268160228e-04 4.320664898727812758e-02 -3.520977240176713374e-03 -6.319033102744790742e-02
-6.357977551582924547e-02 9.516904716476481951e-03 2.509829958210331724e-01 4.815147769847510362e-01 2.516198417710512336e-01 -8.580014814647954954e-04 -6.352873929810053111e-02 2.237814754228241356e-03 4.303272770638200129e-02 -1.371839815442460215e-03
-6.106799133177739231e-03 -6.250959337501590940e-02 5.422891566834750141e-03 2.516198417710512336e-01 5.126552495473111204e-01 2.505879895551622605e-01 -3.676985688407552119e-03 -6.274959585310925514e-02 5.912463886567708750e-03 4.280926259934859923e-02
4.258753147344916667e-02 -4.668636402944514006e-03 -6.332756019880604603e-02 -8.580014814647954954e-04 2.505879895551622605e-01 4.953535363323027241e-01 2.505394322696489762e-01 -3.629530072265355761e-03 -6.230488711420147790e-02 1.718191076220543321e-03
3.223564846832633907e-03 4.326668805047177713e-02 -8.734940517268160228e-04 -6.352873929810053111e-02 -3.676985688407552119e-03 2.505394322696489762e-01 5.108960036320498999e-01 2.506960172010042065e-01 -6.525453666856048315e-03 -6.324664416048798865e-02
-6.248052986381610885e-02 3.436920568498084538e-03 4.320664898727812758e-02 2.237814754228241356e-03 -6.274959585310925514e-02 -3.629530072265355761e-03 2.506960172010042065e-01 5.011102883578457678e-01 2.498699915080630218e-01 4.923885315261319895e-04
7.516418381366667817e-04 -6.442345315084724300e-02 -3.520977240176713374e-03 4.303272770638200129e-02 5.912463886567708750e-03 -6.230488711420147790e-02 -6.525453666856048315e-03 2.498699915080630218e-01 5.091126777986985097e-01 2.518406328580550246e-01
2.499265644048745683e-01 -6.463305199827734139e-03 -6.319033102744790742e-02 -1.371839815442460215e-03 4.280926259934859923e-02 1.718191076220543321e-03 -6.324664416048798865e-02 4.923885315261319895e-04 2.518406328580550246e-01 4.816155861935377813e-01
5.054560734852203696e-01 2.531839676533140793e-01 4.135676144464267394e-03 -6.378324373033866790e-02 -2.893084080913774572e-03 4.275822573704748941e-02 6.264243946516518443e-04 -6.211299969057807596e-02 2.611382861997139232e-03 2.480284357156190000e-01
2.531839676533140793e-01 4.999393523602179146e-01 2.482155686338008427e-01 7.413013675077655650e-03 -6.175530254551500620e-02 -8.402101130324916151e-03 4.301925393074056830e-02 6.848486304442008912e-03 -6.469481209333138860e-02 -1.631943092643832124e-03
4.135676144464267394e-03 2.482155686338008427e-01 4.777362827732899442e-01 2.540106024683253527e-01 1.694528568336837494e-03 -6.544192957803515731e-02 2.212426957622820860e-03 4.398747389844114702e-02 -4.265703194435819905e-03 -6.206309370127728597e-02
-6.378324373033866790e-02 7.413013675077655650e-03 2.540106024683253527e-01 5.184167119001643620e-01 2.482551713411864369e-01 6.464153607201317264e-03 -6.238058584487994607e-02 -2.944704191128416724e-03 4.311323747284041830e-02 -2.996150444739757116e-03
-2.893084080913774572e-03 -6.175530254551500620e-02 1.694528568336837494e-03 2.482551713411864369e-01 4.697840046065883124e-01 2.561121543869054884e-01 -4.149377372216584044e-03 -6.527165315865504636e-02 5.113586175603696340e-03 4.267993432956763977e-02
4.275822573704748941e-02 -8.402101130324916151e-03 -6.544192957803515731e-02 6.464153607201317264e-03 2.561121543869054884e-01 5.248521149644416184e-01 2.477396603101638950e-01 -2.451559649903797735e-03 -6.142060620457219511e-02 6.643620630906460142e-03
6.264243946516518443e-04 4.301925393074056830e-02 2.212426957622820860e-03 -6.238058584487994607e-02 -4.149377372216584044e-03 2.477396603101638950e-01 4.902765123177921791e-01 2.536242613135798463e-01 -4.692747902445074983e-03 -6.370211208708245754e-02
-6.211299969057807596e-02 6.848486304442008912e-03 4.398747389844114702e-02 -2.944704191128416724e-03 -6.527165315865504636e-02 -2.451559649903797735e-03 2.536242613135798463e-01 5.083389286753537961e-01 2.475034007983091533e-01 -9.294556603983638102e-03
2.611382861997139232e-03 -6.469481209333138860e-02 -4.265703194435819905e-03 4.311323747284041830e-02 5.113586175603696340e-03 -6.142060620457219511e-02 -4.692747902445074983e-03 2.475034007983091533e-01 5.162908603442625255e-01 2.541441615435517942e-01
2.480284357156190000e-01 -1.631943092643832124e-03 -6.206309370127728597e-02 -2.996150444739757116e-03 4.267993432956763977e-02 6.643620630906460142e-03 -6.370211208708245754e-02 -9.294556603983638102e-03 2.541441615435517942e-01 4.889091585726739186e-01
5.091733663848587721e-01 2.533422030436699446e-01 -9.058665183225886970e-04 -6.431385405735412508e-02 -2.071996200160991508e-03 4.448662918655845594e-02 3.862162601252030081e-03 -6.308101581091400678e-02 -6.656622764919402184e-03 2.473106502237052418e-01
2.533422030436699446e-01 4.987602846569083592e-01 2.487005629540227636e-01 3.500560172851386632e-03 -6.238747956533421263e-02 7.529453887841106377e-03 4.416283703684011075e-02 1.124494825202407896e-03 -6.463455619237069849e-02 -1.056825180526051872e-02
-9.058665183225886970e-04 2.487005629540227636e-01 5.007383496117285837e-01 2.523357982201621663e-01 3.241636669554138692e-03 -6.522755868862854800e-02 -3.783470099776640224e-03 4.345885492183615417e-02 4.329179161549667580e-03 -6.187864407542260914e-02
-6.431385405735412508e-02 3.500560172851386632e-03 2.523357982201621663e-01 4.830906702080621784e-01 2.501465069025937682e-01 -1.573525330833570185e-02 -6.364374253984989016e-02 1.918745591627992603e-07 4.344343582638228451e-02 4.434101015550818634e-03
-2.071996200160991508e-03 -6.238747956533421263e-02 3.241636669554138692e-03 2.501465069025937682e-01 5.330186413055975070e-01 2.545710058759274030e-01 2.488376770873934607e-03 -6.498383508593903735e-02 -1.778063464145716302e-03 4.348912343768128463e-02
4.448662918655845594e-02 7.529453887841106377e-03 -6.522755868862854800e-02 -1.573525330833570185e-02 2.545710058759274030e-01 4.975678754608109378e-01 2.492939354629033766e-01 1.584265528653591021e-02 -6.255834580914548804e-02 -1.368305010364750073e-02
3.862162601252030081e-03 4.416283703684011075e-02 -3.783470099776640224e-03 -6.364374253984989016e-02 2.488376770873934607e-03 2.492939354629033766e-01 4.629125304236406113e-01 2.556203586955487217e-01 1.925862067848745909e-03 -6.689771027916865953e-02
-6.308101581091400678e-02 1.124494825202407896e-03 4.345885492183615417e-02 1.918745591627992603e-07 -6.498383508593903735e-02 1.584265528653591021e-02 2.556203586955487217e-01 5.233527494878540409e-01 2.483488021997632966e-01 6.926500022085280150e-03
-6.656622764919402184e-03 -6.463455619237069849e-02 4.329179161549667580e-03 4.344343582638228451e-02 -1.778063464145716302e-03 -6.255834580914548804e-02 1.925862067848745909e-03 2.483488021997632966e-01 4.680354123938437749e-01 2.572000487524694901e-01
2.473106502237052418e-01 -1.056825180526051872e-02 -6.187864407542260914e-02 4.434101015550818634e-03 4.348912343768128463e-02 -1.368305010364750073e-02 -6.689771027916865953e-02 6.926500022085280150e-03 2.572000487524694901e-01 5.233501200666950126e-01
4.981629993268805734e-01 2.534664437215138344e-01 1.755789358667223660e-02 -6.478082565885626143e-02 -3.384878150996938062e-03 4.375530980365971434e-02 7.163098938905402766e-03 -6.371582370468246992e-02 5.532886346831791466e-04 2.494822328284916901e-01
2.534664437215138344e-01 4.760420762724419941e-01 2.491581192727581606e-01 1.319055950656477984e-03 -6.340997541095953760e-02 -3.501319337003799999e-03 4.372953095873456653e-02 4.185355525428547871e-03 -6.619322186817250264e-02 4.848646438112513141e-03
1.755789358667223660e-02 2.491581192727581606e-01 4.895713163374380006e-01 2.545453090333412716e-01 -1.167752135812668429e-02 -6.576892874893962293e-02 3.111647110599642663e-03 4.562686023983880679e-02 -1.078352506318541217e-02 -6.225877772479759126e-02
-6.478082565885626143e-02 1.319055950656477984e-03 2.545453090333412716e-01 5.363875744993044092e-01 2.508806749489077004e-01 4.213081763015017085e-03 -6.266076410865421831e-02 -3.852062421252827606e-03 4.399238770395590137e-02 -3.050615307028855909e-03
-3.384878150996938062e-03 -6.340997541095953760e-02 -1.167752135812668429e-02 2.508806749489077004e-01 4.726399476236368691e-01 2.533488368648361133e-01 7.003705192525997575e-03 -6.624160537149836880e-02 4.729948859849921611e-03 4.339859824249585329e-02
4.375530980365971434e-02 -3.501319337003799999e-03 -6.576892874893962293e-02 4.213081763015017085e-03 2.533488368648361133e-01 5.099448599894915723e-01 2.486311939061972287e-01 1.295875933956300687e-03 -6.295327419852048134e-02 5.206749262182829366e-03
7.163098938905402766e-03 4.372953095873456653e-02 3.111647110599642663e-03 -6.266076410865421831e-02 7.003705192525997575e-03 2.486311939061972287e-01 4.779925841018461408e-01 2.566027851192221876e-01 -1.383020733156015668e-02 -6.380455824841824164e-02
-6.371582370468246992e-02 4.185355525428547871e-03 4.562686023983880679e-02 -3.852062421252827606e-03 -6.624160537149836880e-02 1.295875933956300687e-03 2.566027851192221876e-01 5.334665709253216814e-01 2.475955788175185357e-01 -1.127543348629314948e-02
5.532886346831791466e-04 -6.619322186817250264e-02 -1.078352506318541217e-02 4.399238770395590137e-02 4.729948859849921611e-03 -6.295327419852048134e-02 -1.383020733156015668e-02 2.475955788175185357e-01 5.067577587260001515e-01 2.545867060992074715e-01
2.494822328284916901e-01 4.848646438112513141e-03 -6.225877772479759126e-02 -3.050615307028855909e-03 4.339859824249585329e-02 5.206749262182829366e-03 -6.380455824841824164e-02 -1.127543348629314948e-02 2.545867060992074715e-01 4.990343121976399399e-01
4.866476546686081539e-01 2.496574512358064046e-01 1.950357316009043804e-03 -6.213874587512645264e-02 -2.048225807642160053e-03 4.247531806949215311e-02 -8.802245649426538362e-04 -6.283940757895709051e-02 -7.110026503348718802e-03 2.517730219022401017e-01
2.496574512358064046e-01 5.110537877757092007e-01 2.514018267792667016e-01 5.460776078893926633e-03 -6.275642065641244549e-02 -2.455941343457730252e-04 4.244925824802775471e-02 1.437916674762705366e-03 -6.220825925665783573e-02 -5.537021637393403292e-04
1.950357316009043804e-03 2.514018267792667016e-01 4.807592516869615973e-01 2.500880449297663288e-01 2.087044322275198854e-03 -6.256797862448087999e-02 2.524501033471707786e-03 4.250729435960177993e-02 2.861358208514510823e-03 -6.330527508602698528e-02
-6.213874587512645264e-02 5.460776078893926633e-03 2.500880449297663288e-01 5.075286605839240961e-01 2.510786651354758869e-01 -5.183538441191021771e-03 -6.274028582904650486e-02 9.974691560314717740e-04 4.238236287462664176e-02 -2.800891854944349488e-03
-2.048225807642160053e-03 -6.275642065641244549e-02 2.087044322275198854e-03 2.510786651354758869e-01 4.963420871999324469e-01 2.495110796492897853e-01 -6.753443953614999933e-03 -6.241049570928575152e-02 -1.148973952193888155e-03 4.253505497197579421e-02
4.247531806949215311e-02 -2.455941343457730252e-04 -6.256797862448087999e-02 -5.183538441191021771e-03 2.495110796492897853e-01 5.207069137122171121e-01 2.524305150588421753e-01 3.546378634044876701e-03 -6.283930087389952290e-02 -6.890554197654116071e-04
-8.802245649426538362e-04 4.244925824802775471e-02 2.524501033471707786e-03 -6.274028582904650486e-02 -6.753443953614999933e-03 2.524305150588421753e-01 4.856108433889017584e-01 2.491859385476360156e-01 8.647715658293735758e-03 -6.246319943618815207e-02
-6.283940757895709051e-02 1.437916674762705366e-03 4.250729435960177993e-02 9.974691560314717740e-04 -6.241049570928575152e-02 3.546378634044876701e-03 2.491859385476360156e-01 4.946798976148085170e-01 2.513127228357913134e-01 -2.123762384843208909e-03
-7.110026503348718802e-03 -6.220825925665783573e-02 2.861358208514510823e-03 4.238236287462664176e-02 -1.148973952193888155e-03 -6.283930087389952290e-02 8.647715658293735758e-03 2.513127228357913134e-01 4.950461234061275806e-01 2.499201591949302137e-01
2.517730219022401017e-01 -5.537021637393403292e-04 -6.330527508602698528e-02 -2.800891854944349488e-03 4.253505497197579421e-02 -6.890554197654116071e-04 -6.246319943618815207e-02 -2.123762384843208909e-03 2.499201591949302137e-01 5.216247799628113135e-01
5.340866347194475061e-01 2.504856456589454328e-01 -2.519296574224985999e-03 -6.343782933606474661e-02 1.979633761065298196e-03 4.313625228633051478e-02 -2.555118705414275056e-03 -6.417849965503438781e-02 -9.878579917487265161e-04 2.529845866990685921e-01
2.504856456589454328e-01 4.999552471382809338e-01 2.521329625638509264e-01 1.352781939068116446e-02 -6.318230545560465927e-02 -4.096448304118359765e-03 4.286015249427804763e-02 5.750047751680951308e-03 -6.281407862325544267e-02 -1.689283401630686798e-02
-2.519296574224985999e-03 2.521329625638509264e-01 4.764937810499831339e-01 2.504261586609314305e-01 -8.002766042538996764e-04 -6.246849425029498554e-02 8.659265891586816286e-04 4.264586491443631000e-02 1.867460242178258390e-03 -6.329220131702788243e-02
-6.343782933606474661e-02 1.352781939068116446e-02 2.504261586609314305e-01 5.044639499889265188e-01 2.505970171384135914e-01 -6.283631453989727347e-03 -6.264851828481400597e-02 1.797570531203853761e-03 4.276817192664560119e-02 1.888086585776101427e-03
1.979633761065298196e-03 -6.318230545560465927e-02 -8.002766042538996764e-04 2.505970171384135914e-01 5.114037304679326379e-01 2.503205955335847666e-01 -3.336074858282290796e-04 -6.256019019557162997e-02 -2.616275765726466546e-03 4.236898841692211815e-02
4.313625228633051478e-02 -4.096448304118359765e-03 -6.246849425029498554e-02 -6.283631453989727347e-03 2.503205955335847666e-01 4.953471922408489436e-01 2.505709205489286551e-01 2.487606700468445679e-03 -6.257315042706315666e-02 -4.848728347991071788e-03
-2.555118705414275056e-03 4.286015249427804763e-02 8.659265891586816286e-04 -6.264851828481400597e-02 -3.336074858282290796e-04 2.505709205489286551e-01 5.019662553160717522e-01 2.500427462397311063e-01 4.952000582761639964e-03 -6.209855540789152584e-02
-6.417849965503438781e-02 5.750047751680951308e-03 4.264586491443631000e-02 1.797570531203853761e-03 -6.256019019557162997e-02 2.487606700468445679e-03 2.500427462397311063e-01 4.896516738176303063e-01 2.508627765267417153e-01 6.917178961942190354e-03
-9.878579917487265161e-04 -6.281407862325544267e-02 1.867460242178258390e-03 4.276817192664560119e-02 -2.616275765726466546e-03 -6.257315042706315666e-02 4.952000582761639964e-03 2.508627765267417153e-01 4.971993878446559489e-01 2.500867355964799810e-01
2.529845866990685921e-01 -1.689283401630686798e-02 -6.329220131702788243e-02 1.888086585776101427e-03 4.236898841692211815e-02 -4.848728347991071788e-03 -6.209855540789152584e-02 6.917178961942190354e-03 2.500867355964799810e-01 4.894321474162243724e-01
4.995619274788318243e-01 2.491640637661978464e-01 -7.110717756260803886e-03 -6.230791634985897998e-02 9.277517646636476017e-05 4.210337360744736274e-02 1.290397790779840683e-03 -6.250640122965508971e-02 2.117165015953860908e-03 2.510069510157574291e-01
2.491640637661978464e-01 5.177205146581270734e-01 2.523212579987669235e-01 3.046387529888873891e-03 -6.281392844590290292e-02 -3.230060200963063774e-03 4.200819590802120501e-02 9.719693454795454070e-04 -6.193578137473551570e-02 -4.507906887092463614e-03
-7.110717756260803886e-03 2.523212579987669235e-01 4.891116821846459572e-01 2.492415982223172011e-01 6.867182688851435415e-03 -6.162613765037402297e-02 -4.867917932523805821e-03 4.215112445172652933e-02 2.887007829357759580e-03 -6.256911302671325226e-02
-6.230791634985897998e-02 3.046387529888873891e-03 2.492415982223172011e-01 4.943943684127372618e-01 2.508646918377155921e-01 2.918296707732404710e-03 -6.256589390860703426e-02 3.869686727813540774e-04 4.216473944708930277e-02 7.252126963440308667e-04
9.277517646636476017e-05 -6.281392844590290292e-02 6.867182688851435415e-03 2.508646918377155921e-01 4.958141996578654398e-01 2.495649485390655231e-01 1.832087036882911043e-03 -6.211861381595928239e-02 1.192968013051452260e-03 4.213717673144544429e-02
4.210337360744736274e-02 -3.230060200963063774e-03 -6.162613765037402297e-02 2.918296707732404710e-03 2.495649485390655231e-01 4.989036841196625160e-01 2.509620019287874815e-01 -3.497989776141696011e-03 -6.237648560648659940e-02 5.790480020188672541e-04
1.290397790779840683e-03 4.200819590802120501e-02 -4.867917932523805821e-03 -6.256589390860703426e-02 1.832087036882911043e-03 2.509620019287874815e-01 5.013446962837266874e-01 2.494490166938750642e-01 -4.285719503596113061e-03 -6.194146290574556457e-02
-6.250640122965508971e-02 9.719693454795454070e-04 4.215112445172652933e-02 3.869686727813540774e-04 -6.211861381595928239e-02 -3.497989776141696011e-03 2.494490166938750642e-01 5.117907023735639438e-01 2.511273859099175110e-01 2.603582324909852613e-03
2.117165015953860908e-03 -6.193578137473551570e-02 2.887007829357759580e-03 4.216473944708930277e-02 1.192968013051452260e-03 -6.237648560648659940e-02 -4.285719503596113061e-03 2.511273859099175110e-01 4.894613492122671383e-01 2.494385312627527274e-01
2.510069510157574291e-01 -4.507906887092463614e-03 -6.256911302671325226e-02 7.252126963440308667e-04 4.213717673144544429e-02 5.790480020188672541e-04 -6.194146290574556457e-02 2.603582324909852613e-03 2.494385312627527274e-01 5.018968756185702151e-01
5.018030388825212018e-01 2.511201319287187372e-01 1.020783579707677195e-03 -6.329824891416072075e-02 3.035731100564180961e-03 4.202735833164340795e-02 -2.140134476696521366e-03 -6.178600597267171202e-02 6.100544491755345924e-03 2.496787992332012984e-01
2.511201319287187372e-01 5.042429151721412595e-01 2.490065034650439935e-01 7.432014883213407599e-03 -6.269611279225750788e-02 1.538376381084080678e-03 4.246873459474173607e-02 -2.335670886513398908e-03 -6.265666775473190120e-02 -7.337852755651894099e-04
1.020783579707677195e-03 2.490065034650439935e-01 4.814370921094978661e-01 2.533094848387198450e-01 -6.308759108873806393e-03 -6.275160610516614113e-02 2.594157939619034636e-03 4.190018772473427106e-02 -3.717934308484961096e-03 -6.189004250462384893e-02
-6.329824891416072075e-02 7.432014883213407599e-03 2.533094848387198450e-01 5.120556138940808300e-01 2.485236365524197966e-01 -1.015351880651722133e-02 -6.203358487932154886e-02 6.287215361320930285e-03 4.230558971266756840e-02 -3.865380664487326565e-03
3.035731100564180961e-03 -6.269611279225750788e-02 -6.308759108873806393e-03 2.485236365524197966e-01 5.169211937826838632e-01 2.522836255950473561e-01 1.722461693998478044e-03 -6.312101558610158647e-02 2.885848726023433966e-04 4.294284695778403937e-02
4.202735833164340795e-02 1.538376381084080678e-03 -6.275160610516614113e-02 -1.015351880651722133e-02 2.522836255950473561e-01 4.900911910770887614e-01 2.492493680081636354e-01 -1.043031537552860117e-03 -6.206875359163885331e-02 -1.714349727088023681e-03
-2.140134476696521366e-03 4.246873459474173607e-02 2.594157939619034636e-03 -6.203358487932154886e-02 1.722461693998478044e-03 2.492493680081636354e-01 5.041032186112749391e-01 2.509236528378059883e-01 -2.531396175121152815e-03 -6.295217055640049686e-02
-6.178600597267171202e-02 -2.335670886513398908e-03 4.190018772473427106e-02 6.287215361320930285e-03 -6.312101558610158647e-02 -1.043031537552860117e-03 2.509236528378059883e-01 5.044873881557370154e-01 2.500894668891980865e-01 4.617371724147436782e-03
6.100544491755345924e-03 -6.265666775473190120e-02 -3.717934308484961096e-03 4.230558971266756840e-02 2.885848726023433966e-04 -6.206875359163885331e-02 -2.531396175121152815e-03 2.500894668891980865e-01 4.935495573944052583e-01 2.506330097801975354e-01
2.496787992332012984e-01 -7.337852755651894099e-04 -6.189004250462384893e-02 -3.865380664487326565e-03 4.294284695778403937e-02 -1.714349727088023681e-03 -6.295217055640049686e-02 4.617371724147436782e-03 2.506330097801975354e-01 4.913087909205612336e-01
5.121893274492772541e-01 2.496024343284981573e-01 1.838899660431663093e-03 -6.181038781266090520e-02 2.215347986146748785e-03 4.259096094113674208e-02 1.378836365399604275e-03 -6.264450073548785691e-02 -1.669241344681832682e-03 2.509279102508655268e-01
2.496024343284981573e-01 4.914975920688641198e-01 2.513062919818387364e-01 -4.178103739238112416e-03 -6.313013045585787186e-02 -2.844285621214551803e-03 4.193431641351869771e-02 2.785303947752754139e-03 -6.175267427773961648e-02 -4.916905495842349878e-03
1.838899660431663093e-03 2.513062919818387364e-01 5.046081583998019982e-01 2.486442204912205911e-01 -5.842295787166659066e-03 -6.258642936597991202e-02 -4.054157741125928279e-04 4.236700955304629340e-02 -1.950114880418553354e-04 -6.275891147182577345e-02
-6.181038781266090520e-02 -4.178103739238112416e-03 2.486442204912205911e-01 5.158985030620006906e-01 2.536350944738098301e-01 9.074584498373375677e-03 -6.268306558783459659e-02 -5.052718010902717410e-03 4.192858313332598064e-02 5.068273825100831284e-03
2.215347986146748785e-03 -6.313013045585787186e-02 -5.842295787166659066e-03 2.536350944738098301e-01 4.797311392283076237e-01 2.484876910053656907e-01 6.874363513623552198e-03 -6.185533482838286023e-02 -2.930296739164746540e-03 4.222559832994766948e-02
4.259096094113674208e-02 -2.844285621214551803e-03 -6.258642936597991202e-02 9.074584498373375677e-03 2.484876910053656907e-01 4.950774415144045815e-01 2.516265589886387821e-01 -4.316240751324819684e-04 -6.284186698568952623e-02 -4.036490128717725064e-05
1.378836365399604275e-03 4.193431641351869771e-02 -4.054157741125928279e-04 -6.268306558783459659e-02 6.874363513623552198e-03 2.516265589886387821e-01 5.010241456298725193e-01 2.493081840312218744e-01 -1.250444524441728837e-03 -6.186310136296401668e-02
