4.143676798150275342e-01 3.069157045108731885e-01 7.319103157620977795e-02 -8.310655542769918025e-02 -8.953088067542329387e-02 1.501563390532398290e-02 9.994507129802007728e-02 6.429383955680871565e-02 -1.078411921889335240e-01 -3.098793779253969927e-01
3.069157045108731885e-01 4.351301296586313483e-01 3.173689453927536208e-01 9.003079498455078544e-02 -7.909795844659810171e-02 -9.623598898196375484e-02 -3.994883974766678253e-03 9.366474427086493582e-02 7.072625048530825631e-02 -8.422723931016515286e-02
7.319103157620977795e-02 3.173689453927536208e-01 4.169983705885186298e-01 2.979062829871797491e-01 9.652908243258929988e-02 -6.768372584435709827e-02 -1.008741705477541051e-01 -1.129270682644760611e-02 9.496350478542986417e-02 9.360072779871389526e-02
-8.310655542769918025e-02 9.003079498455078544e-02 2.979062829871797491e-01 3.793740554317479585e-01 3.039210952785441622e-01 1.065903212562684943e-01 -5.823063392156589690e-02 -9.967974716061822615e-02 -8.088451433180324918e-03 9.370376640738332930e-02
-8.953088067542329387e-02 -7.909795844659810171e-02 9.652908243258929988e-02 3.039210952785441622e-01 4.158854264464938999e-01 3.071039006772473545e-01 1.083906020581091034e-01 -6.584139733032662312e-02 -1.004859007899464862e-01 -1.708837810487582806e-02
1.501563390532398290e-02 -9.623598898196375484e-02 -6.768372584435709827e-02 1.065903212562684943e-01 3.071039006772473545e-01 3.721643724348429050e-01 2.874783775261620100e-01 1.060882377730509446e-01 -6.047539924443889187e-02 -1.030935413316193816e-01
9.994507129802007728e-02 -3.994883974766678253e-03 -1.008741705477541051e-01 -5.823063392156589690e-02 1.083906020581091034e-01 2.874783775261620100e-01 3.819384752022106921e-01 3.115812228920394888e-01 1.037730768225413325e-01 -6.615696199988968518e-02
6.429383955680871565e-02 9.366474427086493582e-02 -1.129270682644760611e-02 -9.967974716061822615e-02 -6.584139733032662312e-02 1.060882377730509446e-01 3.115812228920394888e-01 4.203571168807129776e-01 3.016191901185498736e-01 1.040498635519460507e-01
-1.078411921889335240e-01 7.072625048530825631e-02 9.496350478542986417e-02 -8.088451433180324918e-03 -1.004859007899464862e-01 -6.047539924443889187e-02 1.037730768225413325e-01 3.016191901185498736e-01 3.692292178228047117e-01 2.933131833394396759e-01
-3.098793779253969927e-01 -8.422723931016515286e-02 9.360072779871389526e-02 9.370376640738332930e-02 -1.708837810487582806e-02 -1.030935413316193816e-01 -6.615696199988968518e-02 1.040498635519460507e-01 2.933131833394396759e-01 3.945551557190042358e-01
3.775392741046537104e-01 2.978642881956444222e-01 9.919224464522238827e-02 -7.522894698582638373e-02 -9.782071155955879282e-02 4.339807734634043915e-03 1.002482267812558059e-01 6.203971389223097294e-02 -1.142727477640965300e-01 -2.973860616855540373e-01
2.978642881956444222e-01 3.959320723395765573e-01 3.085362433346094946e-01 8.926224170455132612e-02 -7.970482684469301637e-02 -9.532571172845435981e-02 9.628285332393540091e-03 1.002977700464309785e-01 5.215439624778602651e-02 -1.138716565096991179e-01
9.919224464522238827e-02 3.085362433346094946e-01 4.219261567562775372e-01 3.091273508084057542e-01 9.018224895695808874e-02 -7.694572320058298831e-02 -9.444604316737517657e-02 1.034241743526225811e-02 9.975380727538818437e-02 6.351410338874208250e-02
-7.522894698582638373e-02 8.926224170455132612e-02 3.091273508084057542e-01 4.046902891090006227e-01 3.029733263928360287e-01 9.792161116119688091e-02 -7.115470130017351180e-02 -9.511513188900004578e-02 8.435557045868737405e-03 1.003599061724634034e-01
-9.782071155955879282e-02 -7.970482684469301637e-02 9.018224895695808874e-02 3.029733263928360287e-01 4.002726408741147934e-01 3.059656601172462409e-01 9.694254926006601325e-02 -7.767931062593337599e-02 -9.535885558090148595e-02 3.695444422440174841e-03
4.339807734634043915e-03 -9.532571172845435981e-02 -7.694572320058298831e-02 9.792161116119688091e-02 3.059656601172462409e-01 4.021425185311996442e-01 3.035422935274146305e-01 8.982582939702848934e-02 -7.908037428455816364e-02 -9.828924781335479643e-02
1.002482267812558059e-01 9.628285332393540091e-03 -9.444604316737517657e-02 -7.115470130017351180e-02 9.694254926006601325e-02 3.035422935274146305e-01 4.057598528780241853e-01 3.093170448017017460e-01 9.055350507725559717e-02 -7.403921760651407946e-02
6.203971389223097294e-02 1.002977700464309785e-01 1.034241743526225811e-02 -9.511513188900004578e-02 -7.767931062593337599e-02 8.982582939702848934e-02 3.093170448017017460e-01 4.201826219482179825e-01 3.072000032857160612e-01 1.008842756685331965e-01
-1.142727477640965300e-01 5.215439624778602651e-02 9.975380727538818437e-02 8.435557045868737405e-03 -9.535885558090148595e-02 -7.908037428455816364e-02 9.055350507725559717e-02 3.072000032857160612e-01 3.923630426533514237e-01 2.978873215444760580e-01
-2.973860616855540373e-01 -1.138716565096991179e-01 6.351410338874208250e-02 1.003599061724634034e-01 3.695444422440174841e-03 -9.828924781335479643e-02 -7.403921760651407946e-02 1.008842756685331965e-01 2.978873215444760580e-01 3.791915308055844869e-01
4.020053875602929705e-01 2.970456873294023414e-01 1.097569864380353866e-01 -6.578347597285472137e-02 -1.056936403222512588e-01 -5.308004542637910148e-03 1.034348343685299876e-01 7.025754344844602206e-02 -1.052650923597759774e-01 -3.028438411149381171e-01
2.970456873294023414e-01 3.617495924959562847e-01 2.973161739981639018e-01 1.010048572687614471e-01 -6.585095651901518021e-02 -9.302463773395516777e-02 1.022436239376138187e-02 9.776753602306315072e-02 5.845323462149069199e-02 -1.116422914667300204e-01
1.097569864380353866e-01 2.973161739981639018e-01 4.168575162685681512e-01 3.112739489090480260e-01 9.998801463168743853e-02 -7.785225331186011732e-02 -9.612591160932859591e-02 1.319064747012545745e-02 1.039074349188383317e-01 5.681680648502027142e-02
-6.578347597285472137e-02 1.010048572687614471e-01 3.112739489090480260e-01 3.917872545452336652e-01 2.977439727802835279e-01 9.023997642129050201e-02 -8.014719735626595065e-02 -9.050733452290059267e-02 1.119522731405565505e-02 9.699706024893751943e-02
-1.056936403222512588e-01 -6.585095651901518021e-02 9.998801463168743853e-02 2.977439727802835279e-01 4.020894386041448110e-01 3.102040469693988500e-01 8.566610279393532812e-02 -8.353288599187731756e-02 -9.695498569175708958e-02 1.329470502548274827e-02
-5.308004542637910148e-03 -9.302463773395516777e-02 -7.785225331186011732e-02 9.023997642129050201e-02 3.102040469693988500e-01 4.268215491967161657e-01 3.122887502609226207e-01 8.340931342712901153e-02 -8.189342949548936157e-02 -8.983996167333568872e-02
1.034348343685299876e-01 1.022436239376138187e-02 -9.612591160932859591e-02 -8.014719735626595065e-02 8.566610279393532812e-02 3.122887502609226207e-01 4.150976881122342421e-01 3.014919813412624272e-01 9.770251677521722689e-02 -6.911097147386785489e-02
7.025754344844602206e-02 9.776753602306315072e-02 1.319064747012545745e-02 -9.050733452290059267e-02 -8.353288599187731756e-02 8.340931342712901153e-02 3.014919813412624272e-01 3.941663456795667098e-01 3.090173704200993576e-01 9.820784495959060389e-02
-1.052650923597759774e-01 5.845323462149069199e-02 1.039074349188383317e-01 1.119522731405565505e-02 -9.695498569175708958e-02 -8.189342949548936157e-02 9.770251677521722689e-02 3.090173704200993576e-01 4.127494078513711528e-01 2.993387473385821229e-01
-3.028438411149381171e-01 -1.116422914667300204e-01 5.681680648502027142e-02 9.699706024893751943e-02 1.329470502548274827e-02 -8.983996167333568872e-02 -6.911097147386785489e-02 9.820784495959060389e-02 2.993387473385821229e-01 3.766758196859119057e-01
4.019428596284141397e-01 2.983313794629278703e-01 9.159489406337770201e-02 -7.116272522241165466e-02 -9.774925150718290212e-02 -5.228671487113934098e-03 9.441319632255110172e-02 8.293479228885465571e-02 -8.671742323398062835e-02 -3.145785842560427925e-01
2.983313794629278703e-01 4.060636546803646496e-01 3.137694869616148297e-01 9.785460099631324016e-02 -7.201530832181381181e-02 -1.010100390192816833e-01 -1.023462347596504340e-02 9.393067953762118671e-02 7.956473608443805079e-02 -8.585784549215901007e-02
9.159489406337770201e-02 3.137694869616148297e-01 4.158764256738931575e-01 2.999482291620709784e-01 1.013920850643723753e-01 -6.220906517599176372e-02 -9.974688107590623520e-02 -1.551180947493712055e-02 9.096738640130594411e-02 8.541687038019536715e-02
-7.116272522241165466e-02 9.785460099631324016e-02 2.999482291620709784e-01 3.768457984563930441e-01 2.986277473440027697e-01 1.128802382776190050e-01 -5.428592302521861868e-02 -1.025678451367332267e-01 -1.467887450327842735e-02 9.416297826155037298e-02
-9.774925150718290212e-02 -7.201530832181381181e-02 1.013920850643723753e-01 2.986277473440027697e-01 3.973468527594408717e-01 3.049068551594129595e-01 1.093619470081806933e-01 -6.455308413601160145e-02 -1.005472520479449156e-01 -5.943036067352846022e-03
-5.228671487113934098e-03 -1.010100390192816833e-01 -6.220906517599176372e-02 1.128802382776190050e-01 3.049068551594129595e-01 3.795586214783960299e-01 2.918708840491871515e-01 1.062836534069142025e-01 -6.151276657290063316e-02 -9.798573333541053809e-02
9.441319632255110172e-02 -1.023462347596504340e-02 -9.974688107590623520e-02 -5.428592302521861868e-02 1.093619470081806933e-01 2.918708840491871515e-01 3.837257967786856794e-01 3.086230764090838741e-01 1.027470720024467044e-01 -7.589628067463180527e-02
8.293479228885465571e-02 9.393067953762118671e-02 -1.551180947493712055e-02 -1.025678451367332267e-01 -6.455308413601160145e-02 1.062836534069142025e-01 3.086230764090838741e-01 4.115628772679047476e-01 3.017925242822311338e-01 8.800464483211624389e-02
-8.671742323398062835e-02 7.956473608443805079e-02 9.096738640130594411e-02 -1.467887450327842735e-02 -1.005472520479449156e-01 -6.151276657290063316e-02 1.027470720024467044e-01 3.017925242822311338e-01 3.896368455653273499e-01 3.066794653034587981e-01
-3.145785842560427925e-01 -8.585784549215901007e-02 8.541687038019536715e-02 9.416297826155037298e-02 -5.943036067352846022e-03 -9.798573333541053809e-02 -7.589628067463180527e-02 8.800464483211624389e-02 3.066794653034587981e-01 4.374402677111725035e-01
3.817127009977785423e-01 3.008346977827696112e-01 9.852685901585650496e-02 -6.413492104060369847e-02 -1.009163828767159488e-01 4.727287247976014444e-04 1.011557102391182211e-01 6.987973535074606946e-02 -9.583257570488681876e-02 -3.022668275242874625e-01
3.008346977827696112e-01 4.211596945060230857e-01 3.154294973378600764e-01 1.026034048960068890e-01 -6.846634118088099075e-02 -9.441950393579232048e-02 3.048037433211735116e-03 9.565744392773774252e-02 7.768346824294922182e-02 -9.073611714691992569e-02
9.852685901585650496e-02 3.154294973378600764e-01 3.946769583597416475e-01 2.878310356230041611e-01 1.075316623052868098e-01 -6.383673939843367839e-02 -9.977155059360284795e-02 -6.523801283438006651e-03 9.599502044611218921e-02 7.733073296050893553e-02
-6.413492104060369847e-02 1.026034048960068890e-01 2.878310356230041611e-01 3.633994991683681119e-01 3.050383763448710761e-01 9.801966651032485711e-02 -7.831358058028234370e-02 -9.948160036898792691e-02 -2.871694259062927516e-03 9.772595927665073123e-02
-1.009163828767159488e-01 -6.846634118088099075e-02 1.075316623052868098e-01 3.050383763448710761e-01 4.271149185850017238e-01 3.098719243874739071e-01 8.449659975448850502e-02 -7.833561907717775941e-02 -9.762354207609148793e-02 7.256068870266522974e-03
4.727287247976014444e-04 -9.441950393579232048e-02 -6.383673939843367839e-02 9.801966651032485711e-02 3.098719243874739071e-01 4.012865395006949831e-01 3.041624357807416468e-01 1.022311080786920401e-01 -6.112869526058402336e-02 -9.458605135289199772e-02
1.011557102391182211e-01 3.048037433211735116e-03 -9.977155059360284795e-02 -7.831358058028234370e-02 8.449659975448850502e-02 3.041624357807416468e-01 4.110404643138401148e-01 3.052233299820407697e-01 1.069240036941071781e-01 -7.283670540475573052e-02
6.987973535074606946e-02 9.565744392773774252e-02 -6.523801283438006651e-03 -9.948160036898792691e-02 -7.833561907717775941e-02 1.022311080786920401e-01 3.052233299820407697e-01 3.741239583333682006e-01 2.924645520781102848e-01 9.567756256131682013e-02
-9.583257570488681876e-02 7.768346824294922182e-02 9.599502044611218921e-02 -2.871694259062927516e-03 -9.762354207609148793e-02 -6.112869526058402336e-02 1.069240036941071781e-01 2.924645520781102848e-01 4.009470961671059985e-01 3.153492818461066105e-01
-3.022668275242874625e-01 -9.073611714691992569e-02 7.733073296050893553e-02 9.772595927665073123e-02 7.256068870266522974e-03 -9.458605135289199772e-02 -7.283670540475573052e-02 9.567756256131682013e-02 3.153492818461066105e-01 4.245381700680769255e-01
3.872698189430038296e-01 3.019011961712146919e-01 1.024479859863613451e-01 -7.143480012791454670e-02 -9.924878960965004271e-02 2.144097241801012563e-03 1.005305353528262724e-01 7.064579699079499842e-02 -1.002655221410649472e-01 -2.993832710769143146e-01
3.019011961712146919e-01 3.990450580649212986e-01 3.061991640930549208e-01 9.346398555241303141e-02 -7.776638651710060524e-02 -9.552893117591421124e-02 3.688948568530991869e-03 9.758243775635816464e-02 6.902352872169370546e-02 -1.033286266710917445e-01
1.024479859863613451e-01 3.061991640930549208e-01 4.056933148299288749e-01 3.044663049724839476e-01 9.343503332435036668e-02 -7.373008089673249721e-02 -9.836220172627282987e-02 1.039001314203422729e-03 9.906622497867918764e-02 6.629710561294209492e-02
-7.143480012791454670e-02 9.346398555241303141e-02 3.044663049724839476e-01 4.058029027587405912e-01 3.084369366452545114e-01 9.629395604902335482e-02 -7.273404124550715555e-02 -9.698669581252980509e-02 -2.031202334664382325e-05 9.694552612998157126e-02
-9.924878960965004271e-02 -7.776638651710060524e-02 9.343503332435036668e-02 3.084369366452545114e-01 4.077608905822381336e-01 3.019149063590638171e-01 1.002825075316570030e-01 -6.776508680604451107e-02 -9.894789279219620703e-02 4.251564530202705952e-04
2.144097241801012563e-03 -9.552893117591421124e-02 -7.373008089673249721e-02 9.629395604902335482e-02 3.019149063590638171e-01 3.891547295673482565e-01 3.035460436102970228e-01 1.024945527344726381e-01 -6.921709690309235663e-02 -9.691448581761982761e-02
1.005305353528262724e-01 3.688948568530991869e-03 -9.836220172627282987e-02 -7.273404124550715555e-02 1.002825075316570030e-01 3.035460436102970228e-01 4.034928233052381685e-01 3.035759575669411126e-01 9.787939704112078032e-02 -7.461656702085063542e-02
7.064579699079499842e-02 9.758243775635816464e-02 1.039001314203422729e-03 -9.698669581252980509e-02 -6.776508680604451107e-02 1.024945527344726381e-01 3.035759575669411126e-01 3.913322335661855167e-01 3.033529235585372685e-01 9.524074852791072909e-02
-1.002655221410649472e-01 6.902352872169370546e-02 9.906622497867918764e-02 -2.031202334664382325e-05 -9.894789279219620703e-02 -6.921709690309235663e-02 9.787939704112078032e-02 3.033529235585372685e-01 4.127565061203923857e-01 3.088678114693902410e-01
-2.993832710769143146e-01 -1.033286266710917445e-01 6.629710561294209492e-02 9.694552612998157126e-02 4.251564530202705952e-04 -9.691448581761982761e-02 -7.461656702085063542e-02 9.524074852791072909e-02 3.088678114693902410e-01 3.976917222619961167e-01
4.189329328234470684e-01 3.056277574428436505e-01 7.690478188113755720e-02 -8.184348912460515102e-02 -9.655563631281999237e-02 7.137300748456761046e-03 1.005426004983674820e-01 6.880642721885041335e-02 -9.927511117315981903e-02 -3.115565475846291399e-01
3.056277574428436505e-01 4.177480815374854384e-01 3.141041935936987883e-01 9.422370602595731004e-02 -6.867295436328253733e-02 -9.487665209033536995e-02 3.575545432284235603e-03 9.687364842534054721e-02 7.377727103972968326e-02 -8.674710506870841886e-02
7.690478188113755720e-02 3.141041935936987883e-01 4.253445436603161545e-01 3.021080013153342181e-01 1.062829824681245650e-01 -6.592652691961248257e-02 -9.900139639665582469e-02 -9.979294442836843249e-03 9.275272363751871363e-02 9.009405470555026385e-02
-8.184348912460515102e-02 9.422370602595731004e-02 3.021080013153342181e-01 3.653464189804439544e-01 2.911033496641085572e-01 1.048896040884704645e-01 -6.562173312395806757e-02 -1.017139898078492921e-01 -1.176820644578954397e-02 9.409915863226478439e-02
-9.655563631281999237e-02 -6.867295436328253733e-02 1.062829824681245650e-01 2.911033496641085572e-01 3.958884173771590742e-01 3.129276209625969640e-01 9.606960982426719642e-02 -7.501257234828299925e-02 -1.011047424496424874e-01 -6.669873125354131363e-03
7.137300748456761046e-03 -9.487665209033536995e-02 -6.592652691961248257e-02 1.048896040884704645e-01 3.129276209625969640e-01 4.163411506235001336e-01 3.017946905791126788e-01 9.881369677005302776e-02 -6.317368694263764128e-02 -9.830566525545382517e-02
1.005426004983674820e-01 3.575545432284235603e-03 -9.900139639665582469e-02 -6.562173312395806757e-02 9.606960982426719642e-02 3.017946905791126788e-01 3.867362600984226573e-01 3.014288493842078864e-01 1.119500181328447752e-01 -5.790763528221355705e-02
6.880642721885041335e-02 9.687364842534054721e-02 -9.979294442836843249e-03 -1.017139898078492921e-01 -7.501257234828299925e-02 9.881369677005302776e-02 3.014288493842078864e-01 3.939978381442231781e-01 3.009345910952578862e-01 1.067249799503215413e-01
-9.927511117315981903e-02 7.377727103972968326e-02 9.275272363751871363e-02 -1.176820644578954397e-02 -1.011047424496424874e-01 -6.317368694263764128e-02 1.119500181328447752e-01 3.009345910952578862e-01 3.785672613110384055e-01 2.968557477253254140e-01
-3.115565475846291399e-01 -8.674710506870841886e-02 9.009405470555026385e-02 9.409915863226478439e-02 -6.669873125354131363e-03 -9.830566525545382517e-02 -5.790763528221355705e-02 1.067249799503215413e-01 2.968557477253254140e-01 4.010970954439562752e-01
4.046753071698189208e-01 3.063855614675388139e-01 9.657084310736863131e-02 -8.216135610748379059e-02 -9.908539138971617088e-02 5.403732257284700122e-04 9.935807057803511255e-02 6.987201283305499722e-02 -1.042101109006626086e-01 -2.990121745825327082e-01
3.063855614675388139e-01 3.863934171502085846e-01 2.985384380917577851e-01 8.868530721893325142e-02 -7.206253169584452001e-02 -9.596063809210045314e-02 6.423629172146248789e-03 9.968152560200344015e-02 6.069338184312510209e-02 -1.108861783237264087e-01
9.657084310736863131e-02 2.985384380917577851e-01 4.196574578625084095e-01 3.180875336139394882e-01 9.629694317956188909e-02 -7.513080661628815382e-02 -9.568660260058073352e-02 4.882789641639633145e-03 9.810722428107944426e-02 6.287658198650684926e-02
-8.216135610748379059e-02 8.868530721893325142e-02 3.180875336139394882e-01 4.152527306692289644e-01 2.953624008510221111e-01 9.927195051700363204e-02 -6.849649026016904618e-02 -9.693462390492507685e-02 1.092531563089933072e-03 9.801294859475588594e-02
-9.908539138971617088e-02 -7.206253169584452001e-02 9.629694317956188909e-02 2.953624008510221111e-01 3.701761022685154390e-01 3.017917910684506655e-01 1.019592925072271145e-01 -7.014992922094714922e-02 -9.773114620690273591e-02 2.214917400454546534e-03
5.403732257284700122e-04 -9.596063809210045314e-02 -7.513080661628815382e-02 9.927195051700363204e-02 3.017917910684506655e-01 4.204024067905748341e-01 3.118047783656512362e-01 9.105663246628670215e-02 -8.241799138143954262e-02 -9.655607361630480501e-02
9.935807057803511255e-02 6.423629172146248789e-03 -9.568660260058073352e-02 -6.849649026016904618e-02 1.019592925072271145e-01 3.118047783656512362e-01 3.959374801995192428e-01 2.973181420080952542e-01 9.386841411746141284e-02 -6.780775272479344640e-02
6.987201283305499722e-02 9.968152560200344015e-02 4.882789641639633145e-03 -9.693462390492507685e-02 -7.014992922094714922e-02 9.105663246628670215e-02 2.973181420080952542e-01 4.064488804364276286e-01 3.149133403452037960e-01 1.005320666116730627e-01
-1.042101109006626086e-01 6.069338184312510209e-02 9.810722428107944426e-02 1.092531563089933072e-03 -9.773114620690273591e-02 -8.241799138143954262e-02 9.386841411746141284e-02 3.149133403452037960e-01 4.128354156401662367e-01 2.961593065044538786e-01
-2.990121745825327082e-01 -1.108861783237264087e-01 6.287658198650684926e-02 9.801294859475588594e-02 2.214917400454546534e-03 -9.655607361630480501e-02 -6.780775272479344640e-02 1.005320666116730627e-01 2.961593065044538786e-01 3.682208018130280758e-01
4.333865114062014912e-01 3.026971445931754268e-01 9.487833620537212964e-02 -7.455921290502753873e-02 -1.004039976284109154e-01 -2.425768246113998994e-03 9.941777617632802100e-02 8.365222980774447703e-02 -8.838649513103426225e-02 -3.133693699536171939e-01
3.026971445931754268e-01 3.669036862804012644e-01 2.961212934668761010e-01 1.020065246984512425e-01 -6.059930855087088813e-02 -9.575569641295969547e-02 2.240971351280308683e-04 9.586687284117652308e-02 7.189185913294296459e-02 -9.894385574566061381e-02
9.487833620537212964e-02 2.961212934668761010e-01 4.220468868058981360e-01 3.162377742143294146e-01 1.028288817132743116e-01 -7.671397185682697628e-02 -9.960943682719261560e-02 -4.445573321048058336e-03 9.652155788019857463e-02 7.230423353644668816e-02
-7.455921290502753873e-02 1.020065246984512425e-01 3.162377742143294146e-01 3.890141018375115056e-01 2.886406570771763991e-01 9.598651870207661196e-02 -6.711755882155422126e-02 -9.782224772916509048e-02 -5.062760207568510473e-03 9.564458456754140747e-02
-1.004039976284109154e-01 -6.059930855087088813e-02 1.028288817132743116e-01 2.886406570771763991e-01 3.830959290833519937e-01 3.126985134054354187e-01 1.009525505531801148e-01 -6.965564428433344835e-02 -9.996355823127003881e-02 1.696827218888612024e-03
-2.425768246113998994e-03 -9.575569641295969547e-02 -7.671397185682697628e-02 9.598651870207661196e-02 3.126985134054354187e-01 4.320981960821488332e-01 3.058196514181918957e-01 9.694343238190625267e-02 -7.198349240402872329e-02 -9.448998689558815722e-02
9.941777617632802100e-02 2.240971351280308683e-04 -9.960943682719261560e-02 -6.711755882155422126e-02 1.009525505531801148e-01 3.058196514181918957e-01 3.721930879839639994e-01 2.911353026440854919e-01 1.062835598273874499e-01 -6.228192239888670489e-02
8.365222980774447703e-02 9.586687284117652308e-02 -4.445573321048058336e-03 -9.782224772916509048e-02 -6.965564428433344835e-02 9.694343238190625267e-02 2.911353026440854919e-01 3.985463744182679013e-01 3.156534087755266671e-01 9.601319328357883764e-02
-8.838649513103426225e-02 7.189185913294296459e-02 9.652155788019857463e-02 -5.062760207568510473e-03 -9.996355823127003881e-02 -7.198349240402872329e-02 1.062835598273874499e-01 3.156534087755266671e-01 4.123504634465897656e-01 2.961315456896063125e-01
-3.133693699536171939e-01 -9.894385574566061381e-02 7.230423353644668816e-02 9.564458456754140747e-02 1.696827218888612024e-03 -9.448998689558815722e-02 -6.228192239888670489e-02 9.601319328357883764e-02 2.961315456896063125e-01 3.903647626556663863e-01
4.087604129128649122e-01 3.101158471049137999e-01 1.086639745034349985e-01 -6.421573692008746004e-02 -9.817722418610232149e-02 5.385090282957226589e-03 1.008409254376701480e-01 6.894538774307745754e-02 -9.744178793428477647e-02 -2.989000298562688451e-01
3.101158471049137999e-01 3.896539146338122150e-01 2.929119359817321522e-01 1.049576756342619765e-01 -6.948388095464215486e-02 -9.452197000979911667e-02 4.688334689169484232e-03 9.777400111200398869e-02 7.334794646474362967e-02 -1.009509817178972507e-01
1.086639745034349985e-01 2.929119359817321522e-01 3.736641824222117214e-01 3.020562617573782638e-01 9.456138589160709151e-02 -8.133893018191976076e-02 -9.783514091161085724e-02 7.235971721319995817e-03 1.024903708482813314e-01 6.119423316988519684e-02
-6.421573692008746004e-02 1.049576756342619765e-01 3.020562617573782638e-01 4.176312057295454849e-01 3.138028578429981619e-01 7.827292848528313862e-02 -8.764927921515325293e-02 -9.269067375996166425e-02 1.026082040653218327e-02 9.811363139443826653e-02
-9.817722418610232149e-02 -6.948388095464215486e-02 9.456138589160709151e-02 3.138028578429981619e-01 4.236561516555965579e-01 3.055859882321476650e-01 9.104641039825762949e-02 -7.004689077262848951e-02 -9.716060022595542078e-02 1.343817539156487656e-03
5.385090282957226589e-03 -9.452197000979911667e-02 -8.133893018191976076e-02 7.827292848528313862e-02 3.055859882321476650e-01 4.085336241408764613e-01 3.091600908003471204e-01 1.025040530604525019e-01 -6.926594930131024785e-02 -9.760491684845912230e-02
1.008409254376701480e-01 4.688334689169484232e-03 -9.783514091161085724e-02 -8.764927921515325293e-02 9.104641039825762949e-02 3.091600908003471204e-01 3.988696415108572979e-01 2.957981334752722846e-01 1.025567807608207538e-01 -6.602793763709502439e-02
6.894538774307745754e-02 9.777400111200398869e-02 7.235971721319995817e-03 -9.269067375996166425e-02 -7.004689077262848951e-02 1.025040530604525019e-01 2.957981334752722846e-01 3.785050160089623583e-01 3.053023396352814167e-01 1.020180036912496924e-01
-9.744178793428477647e-02 7.334794646474362967e-02 1.024903708482813314e-01 1.026082040653218327e-02 -9.716060022595542078e-02 -6.926594930131024785e-02 1.025567807608207538e-01 3.053023396352814167e-01 4.170692242232739710e-01 3.056839548476528723e-01
-2.989000298562688451e-01 -1.009509817178972507e-01 6.119423316988519684e-02 9.811363139443826653e-02 1.343817539156487656e-03 -9.760491684845912230e-02 -6.602793763709502439e-02 1.020180036912496924e-01 3.056839548476528723e-01 3.836566267620018511e-01
3.897641464616446449e-01 3.088563267214726182e-01 8.365903113231906718e-02 -7.713329829610307553e-02 -9.637757112073927490e-02 5.312832390313947800e-03 9.926449110765259154e-02 6.636285034146637007e-02 -1.028623916024745538e-01 -2.990460658539666472e-01
3.088563267214726182e-01 4.452883626768255887e-01 3.150733338958592311e-01 9.548247065697032521e-02 -7.008272695660108798e-02 -9.650323415433517682e-02 -2.613248304392093869e-03 9.473377978409459887e-02 7.519790968351081073e-02 -8.920859186485427528e-02
8.365903113231906718e-02 3.150733338958592311e-01 3.931856051083494341e-01 2.915029107731744173e-01 1.096536484693545338e-01 -5.850397840087311063e-02 -1.003159762557017526e-01 -1.285213268990884929e-02 9.327642494433371900e-02 8.351368082972891738e-02
-7.713329829610307553e-02 9.548247065697032521e-02 2.915029107731744173e-01 3.736481679852390325e-01 3.030943477072954861e-01 1.063344401303542575e-01 -6.866583045286830944e-02 -1.022241902060946894e-01 -4.312845166562620514e-03 9.932094728296117503e-02
-9.637757112073927490e-02 -7.008272695660108798e-02 1.096536484693545338e-01 3.030943477072954861e-01 4.041369846049984726e-01 3.048443017698868607e-01 9.640839315035186485e-02 -7.168021072859881437e-02 -9.638088400771870068e-02 6.503232554284790008e-04
5.312832390313947800e-03 -9.650323415433517682e-02 -5.850397840087311063e-02 1.063344401303542575e-01 3.048443017698868607e-01 3.950494924449965417e-01 3.019203075561369132e-01 1.020867460650833058e-01 -6.748783730994514785e-02 -9.945717462183109592e-02
9.926449110765259154e-02 -2.613248304392093869e-03 -1.003159762557017526e-01 -6.866583045286830944e-02 9.640839315035186485e-02 3.019203075561369132e-01 4.007217102894296001e-01 3.063336937897112033e-01 9.860686567521820267e-02 -7.365214525507775278e-02
6.636285034146637007e-02 9.473377978409459887e-02 -1.285213268990884929e-02 -1.022241902060946894e-01 -7.168021072859881437e-02 1.020867460650833058e-01 3.063336937897112033e-01 3.973937281030811008e-01 3.005237572905222754e-01 9.876457458854093208e-02
-1.028623916024745538e-01 7.519790968351081073e-02 9.327642494433371900e-02 -4.312845166562620514e-03 -9.638088400771870068e-02 -6.748783730994514785e-02 9.860686567521820267e-02 3.005237572905222754e-01 3.989742807035605021e-01 3.081566076802267351e-01
-2.990460658539666472e-01 -8.920859186485427528e-02 8.351368082972891738e-02 9.932094728296117503e-02 6.503232554284790008e-04 -9.945717462183109592e-02 -7.365214525507775278e-02 9.876457458854093208e-02 3.081566076802267351e-01 4.018375216218788015e-01
4.178996866975660529e-01 3.058068189172138407e-01 9.548203397574206441e-02 -7.250062153340755544e-02 -9.980826717771577872e-02 -4.504112054417173244e-03 9.685394578781084118e-02 7.897983330683100434e-02 -9.346987960246547211e-02 -3.078916396136091027e-01
3.058068189172138407e-01 3.926745724466707554e-01 3.025688892488856974e-01 1.007489820180552942e-01 -6.617514815511041371e-02 -9.863096600104082068e-02 -9.477003891451746959e-03 9.303940968519287813e-02 7.496919661452872141e-02 -9.414540899876228108e-02
9.548203397574206441e-02 3.025688892488856974e-01 4.052899229412443294e-01 3.053706624026328309e-01 1.036640263866907552e-01 -6.663643576960714965e-02 -1.024201219361940973e-01 -8.033493780655711139e-03 9.793420276272332692e-02 7.524192770104226602e-02
-7.250062153340755544e-02 1.007489820180552942e-01 3.053706624026328309e-01 3.895343581862372728e-01 2.994613320080703467e-01 1.045540489908047266e-01 -6.222795267576346906e-02 -9.764680808051669214e-02 -3.138917446807617563e-03 9.600234249664771347e-02
-9.980826717771577872e-02 -6.617514815511041371e-02 1.036640263866907552e-01 2.994613320080703467e-01 3.932126055482407789e-01 3.030811095996675530e-01 1.073738307298390815e-01 -6.663387168184593812e-02 -1.001367878367213499e-01 -5.151204635596274119e-04
-4.504112054417173244e-03 -9.863096600104082068e-02 -6.663643576960714965e-02 1.045540489908047266e-01 3.030811095996675530e-01 3.904677098005036040e-01 3.009506257680568120e-01 9.903218145726830346e-02 -7.394900503349270682e-02 -9.619963870127173911e-02
9.685394578781084118e-02 -9.477003891451746959e-03 -1.024201219361940973e-01 -6.222795267576346906e-02 1.073738307298390815e-01 3.009506257680568120e-01 3.944185836629739428e-01 3.039055418570801304e-01 9.444861876110136056e-02 -7.514945740451767220e-02
7.897983330683100434e-02 9.303940968519287813e-02 -8.033493780655711139e-03 -9.764680808051669214e-02 -6.663387168184593812e-02 9.903218145726830346e-02 3.039055418570801304e-01 4.093947697136844921e-01 3.100390339555081365e-01 9.193097997226565288e-02
-9.346987960246547211e-02 7.496919661452872141e-02 9.793420276272332692e-02 -3.138917446807617563e-03 -1.001367878367213499e-01 -7.394900503349270682e-02 9.444861876110136056e-02 3.100390339555081365e-01 4.107928037367475915e-01 3.022749481117946724e-01
-3.078916396136091027e-01 -9.414540899876228108e-02 7.524192770104226602e-02 9.600234249664771347e-02 -5.151204635596274119e-04 -9.619963870127173911e-02 -7.514945740451767220e-02 9.193097997226565288e-02 3.022749481117946724e-01 3.963149872661372308e-01
4.007758727603450977e-01 3.093483625715136576e-01 9.961507861133994668e-02 -6.973950201590346787e-02 -1.011022020349769124e-01 2.496431993742547362e-03 1.016100826075059527e-01 7.317118991875688760e-02 -1.001109607650856048e-01 -2.960515304260529779e-01
3.093483625715136576e-01 4.011539047100817212e-01 3.001094492344412168e-01 1.048737691785859849e-01 -5.992611457799532776e-02 -9.381713018310278152e-02 4.310543467595831860e-03 9.651222380507115672e-02 6.765579325459310234e-02 -1.056320946761338253e-01
9.961507861133994668e-02 3.001094492344412168e-01 3.891949365409345107e-01 3.014107933178755139e-01 1.091679944539996616e-01 -7.295011367285091086e-02 -9.949364483039256635e-02 -2.547783437255827978e-03 9.835258501812493837e-02 6.436545098609734727e-02
-6.973950201590346787e-02 1.048737691785859849e-01 3.014107933178755139e-01 3.856453700432287968e-01 2.996960647720907089e-01 8.786244232207385263e-02 -8.205796443455193323e-02 -9.738735516228359812e-02 9.795567139290733277e-03 1.021742951919328013e-01
-1.011022020349769124e-01 -5.992611457799532776e-02 1.091679944539996616e-01 2.996960647720907089e-01 4.041475635976074510e-01 3.118754922945971009e-01 8.642267788056255673e-02 -7.612072237769021421e-02 -9.195102665204026027e-02 1.427148144993337087e-02
2.496431993742547362e-03 -9.381713018310278152e-02 -7.295011367285091086e-02 8.786244232207385263e-02 3.118754922945971009e-01 4.368116149890489686e-01 3.104852254330350281e-01 9.628413846009759025e-02 -7.655346749306922438e-02 -9.495584443125776319e-02
1.016100826075059527e-01 4.310543467595831860e-03 -9.949364483039256635e-02 -8.205796443455193323e-02 8.642267788056255673e-02 3.104852254330350281e-01 3.860514765365833378e-01 2.929529687239700309e-01 9.761026387182908381e-02 -6.984958135649893540e-02
7.317118991875688760e-02 9.651222380507115672e-02 -2.547783437255827978e-03 -9.738735516228359812e-02 -7.612072237769021421e-02 9.628413846009759025e-02 2.929529687239700309e-01 3.935133051192967191e-01 3.139469498139834114e-01 9.523265253020873899e-02
-1.001109607650856048e-01 6.765579325459310234e-02 9.835258501812493837e-02 9.795567139290733277e-03 -9.195102665204026027e-02 -7.655346749306922438e-02 9.761026387182908381e-02 3.139469498139834114e-01 4.286917739166032915e-01 3.030740055465032112e-01
-2.960515304260529779e-01 -1.056320946761338253e-01 6.436545098609734727e-02 1.021742951919328013e-01 1.427148144993337087e-02 -9.495584443125776319e-02 -6.984958135649893540e-02 9.523265253020873899e-02 3.030740055465032112e-01 3.740141817862653872e-01
4.501946075295650829e-01 3.158974880279510344e-01 8.587470969870228399e-02 -7.543326484063608839e-02 -9.653223263287241673e-02 8.607192161580881976e-03 1.006045190335968925e-01 5.622860019645055385e-02 -1.093813731792749877e-01 -3.058571455678037454e-01
3.158974880279510344e-01 4.022358172652208963e-01 2.986225239546056454e-01 1.072448888919972643e-01 -5.913047999823008855e-02 -9.473946206630874667e-02 -1.374715651358056345e-03 9.444548347360669227e-02 7.183803445602648940e-02 -8.594437415878994346e-02
8.587470969870228399e-02 2.986225239546056454e-01 3.890634917227248635e-01 3.003322076779086358e-01 1.076558308342255577e-01 -7.266849538578745715e-02 -1.012622109728908981e-01 7.269481659103203819e-03 1.055009905547184962e-01 8.131379862384527368e-02
-7.543326484063608839e-02 1.072448888919972643e-01 3.003322076779086358e-01 3.818656062802532336e-01 3.016175149588072313e-01 9.029902714278437159e-02 -7.949544252529755495e-02 -8.985372746159742130e-02 9.581911720738314764e-03 9.605947163701922253e-02
-9.653223263287241673e-02 -5.913047999823008855e-02 1.076558308342255577e-01 3.016175149588072313e-01 4.144237838412093700e-01 3.106546386094133361e-01 8.749584904308896349e-02 -8.315594273620541266e-02 -9.993541935404207099e-02 -4.502127782937946979e-03
8.607192161580881976e-03 -9.473946206630874667e-02 -7.266849538578745715e-02 9.029902714278437159e-02 3.106546386094133361e-01 4.153205173544355921e-01 3.080150940878333965e-01 8.541459460469318088e-02 -7.669492980293407536e-02 -9.790869189003731377e-02
1.006045190335968925e-01 -1.374715651358056345e-03 -1.012622109728908981e-01 -7.949544252529755495e-02 8.749584904308896349e-02 3.080150940878333965e-01 4.138593740536665733e-01 3.053105908304349914e-01 1.043161740146893446e-01 -5.507727977438233585e-02
5.622860019645055385e-02 9.444548347360669227e-02 7.269481659103203819e-03 -8.985372746159742130e-02 -8.315594273620541266e-02 8.541459460469318088e-02 3.053105908304349914e-01 3.987918932591322796e-01 3.043956170062822597e-01 1.160548826342470835e-01
-1.093813731792749877e-01 7.183803445602648940e-02 1.055009905547184962e-01 9.581911720738314764e-03 -9.993541935404207099e-02 -7.669492980293407536e-02 1.043161740146893446e-01 3.043956170062822597e-01 3.769561575828150879e-01 2.849886376702861490e-01
-3.058571455678037454e-01 -8.594437415878994346e-02 8.131379862384527368e-02 9.605947163701922253e-02 -4.502127782937946979e-03 -9.790869189003731377e-02 -5.507727977438233585e-02 1.160548826342470835e-01 2.849886376702861490e-01 3.572887511109802405e-01
4.093524848570131436e-01 3.068036788886010502e-01 1.019064046529614131e-01 -7.217202597951785648e-02 -1.003281387208991293e-01 -7.340786334188101857e-03 9.624836199465203190e-02 7.794341834984599982e-02 -9.319962197086235911e-02 -3.029304572315270061e-01
3.068036788886010502e-01 3.849694739437742874e-01 2.953374216277778741e-01 1.005810227766646414e-01 -6.411481338596666801e-02 -9.914987735078872877e-02 -2.781562140124259862e-03 9.768708107440914057e-02 7.162107579533069646e-02 -1.039865823497708452e-01
1.019064046529614131e-01 2.953374216277778741e-01 3.966638980358364597e-01 3.112804966387012762e-01 1.033634315692371075e-01 -6.972001988294804220e-02 -9.830722786261696100e-02 -8.565433365339859828e-04 9.753394614863376832e-02 6.398952447300079727e-02
-7.217202597951785648e-02 1.005810227766646414e-01 3.112804966387012762e-01 4.088887117867103238e-01 2.984752096095317775e-01 9.961661609943389672e-02 -7.018416766287688402e-02 -9.799216717448101799e-02 1.276893843637086703e-03 9.897869541185240483e-02
-1.003281387208991293e-01 -6.411481338596666801e-02 1.033634315692371075e-01 2.984752096095317775e-01 3.760899945940340272e-01 3.010064800833497367e-01 1.008173732512718801e-01 -6.912304817228769049e-02 -9.683280202689521776e-02 5.967575308983813498e-03
-7.340786334188101857e-03 -9.914987735078872877e-02 -6.972001988294804220e-02 9.961661609943389672e-02 3.010064800833497367e-01 4.155017147332643046e-01 3.114017447429445196e-01 9.431394269804647956e-02 -8.048820272660853203e-02 -9.508151480443267911e-02
9.624836199465203190e-02 -2.781562140124259862e-03 -9.830722786261696100e-02 -7.018416766287688402e-02 1.008173732512718801e-01 3.114017447429445196e-01 3.978491377734425516e-01 2.976954804662131915e-01 9.280978187610712526e-02 -7.293794200309534903e-02
7.794341834984599982e-02 9.768708107440914057e-02 -8.565433365339859828e-04 -9.799216717448101799e-02 -6.912304817228769049e-02 9.431394269804647956e-02 2.976954804662131915e-01 4.012876579917445952e-01 3.127825673187244471e-01 9.401732138465909716e-02
-9.319962197086235911e-02 7.162107579533069646e-02 9.753394614863376832e-02 1.276893843637086703e-03 -9.683280202689521776e-02 -8.048820272660853203e-02 9.280978187610712526e-02 3.127825673187244471e-01 4.212376534087463043e-01 3.031631764063487111e-01
-3.029304572315270061e-01 -1.039865823497708452e-01 6.398952447300079727e-02 9.897869541185240483e-02 5.967575308983813498e-03 -9.508151480443267911e-02 -7.293794200309534903e-02 9.401732138465909716e-02 3.031631764063487111e-01 3.881592728754302835e-01
4.040865867858808858e-01 3.196290668768368981e-01 9.449698978968548713e-02 -7.383596751494060639e-02 -9.155372411580246783e-02 -3.575629277066495922e-03 8.911828985526099034e-02 7.279280130429255369e-02 -9.458770255580635500e-02 -2.960090759175052488e-01
3.196290668768368981e-01 4.295555030297710797e-01 2.918876905046667858e-01 1.060962750496803886e-01 -5.996353862826724057e-02 -1.059411377092670942e-01 -1.368258401316016504e-02 9.809001215880333580e-02 7.836853889568526355e-02 -9.601598940953474937e-02
9.449698978968548713e-02 2.918876905046667858e-01 3.492127785788807226e-01 3.004008615984041231e-01 1.070922392745771584e-01 -6.137489355104633337e-02 -9.548640248658621377e-02 -7.188492490377923483e-03 9.217989388903437276e-02 6.832741332587859151e-02
-7.383596751494060639e-02 1.060962750496803886e-01 3.004008615984041231e-01 4.284060338605599760e-01 3.066026619690295218e-01 1.028460281620617728e-01 -7.040328101978178543e-02 -1.033854760672066331e-01 5.664537189620962900e-03 1.060804712347650086e-01
-9.155372411580246783e-02 -5.996353862826724057e-02 1.070922392745771584e-01 3.066026619690295218e-01 3.661078088215032333e-01 2.941668126224155078e-01 1.019377149037370978e-01 -6.416918877620930717e-02 -8.963404995093388061e-02 2.973716707479891024e-03
-3.575629277066495922e-03 -1.059411377092670942e-01 -6.137489355104633337e-02 1.028460281620617728e-01 2.941668126224155078e-01 4.123655460698333330e-01 3.102957827882703024e-01 9.935777245529253676e-02 -8.308254526820296748e-02 -1.041532499882028284e-01
8.911828985526099034e-02 -1.368258401316016504e-02 -9.548640248658621377e-02 -7.040328101978178543e-02 1.019377149037370978e-01 3.102957827882703024e-01 3.892394784646753814e-01 3.000964076956553761e-01 8.326031006280593116e-02 -7.728811247038536170e-02
