4.973984431361566094e-01 1.574606963944299443e-01 -5.885072267239947709e-04 -1.384914320075868351e-02 1.285026541300723576e-04 4.472680071219066814e-03 3.613219796232949779e-05 -1.380589765178251438e-02 -8.846548650302604386e-05 1.571113141331484941e-01
1.574606963944299443e-01 5.014023175475893490e-01 1.570097624995212271e-01 -5.338167970174482416e-04 -1.378711566619703066e-02 1.818960491545578329e-04 4.474434591059792479e-03 -7.795635594875463970e-05 -1.384469229117435071e-02 1.201724019288636378e-03
-5.885072267239947709e-04 1.570097624995212271e-01 5.009585851948561430e-01 1.572728146454036302e-01 2.384201157050693702e-04 -1.386193779960572491e-02 -1.337881478772825496e-04 4.475062694018495588e-03 3.525793161921679346e-05 -1.382101673367475310e-02
-1.384914320075868351e-02 -5.338167970174482416e-04 1.572728146454036302e-01 4.991107089846678058e-01 1.570162107019997255e-01 -6.057541913836335650e-04 -1.380866249294735240e-02 4.456819566728731537e-06 4.471732095001330551e-03 -7.066522687213853634e-05
1.285026541300723576e-04 -1.378711566619703066e-02 2.384201157050693702e-04 1.570162107019997255e-01 5.016661813349895249e-01 1.574091816722283377e-01 8.806409923890888992e-04 -1.383509711447610674e-02 -1.959332092465630520e-04 4.473107054408466919e-03
4.472680071219066814e-03 1.818960491545578329e-04 -1.386193779960572491e-02 -6.057541913836335650e-04 1.574091816722283377e-01 4.979276884972040906e-01 1.570674208618621781e-01 8.971998101734270439e-06 -1.381327525796987102e-02 9.144147231567400602e-05
3.613219796232949779e-05 4.474434591059792479e-03 -1.337881478772825496e-04 -1.380866249294735240e-02 8.806409923890888992e-04 1.570674208618621781e-01 5.004672390718812869e-01 1.571811925505922081e-01 2.574125741930401688e-04 -1.382552696373737407e-02
-1.380589765178251438e-02 -7.795635594875463970e-05 4.475062694018495588e-03 4.456819566728731537e-06 -1.383509711447610674e-02 8.971998101734270439e-06 1.571811925505922081e-01 4.991657218377471006e-01 1.571480024649369867e-01 -7.682563982974229683e-04
-8.846548650302604386e-05 -1.384469229117435071e-02 3.525793161921679346e-05 4.471732095001330551e-03 -1.959332092465630520e-04 -1.381327525796987102e-02 2.574125741930401688e-04 1.571480024649369867e-01 5.015710849767244239e-01 1.572120430931084889e-01
1.571113141331484941e-01 1.201724019288636378e-03 -1.382101673367475310e-02 -7.066522687213853634e-05 4.473107054408466919e-03 9.144147231567400602e-05 -1.382552696373737407e-02 -7.682563982974229683e-04 1.572120430931084889e-01 5.003320294181792249e-01
4.990128454742833175e-01 1.571123658791825362e-01 2.387102155544825171e-05 -1.380061680106443867e-02 5.656125254832210150e-07 4.460751411802093072e-03 1.045179282204683317e-04 -1.380590147670685691e-02 -3.314905210303454274e-04 1.571817958961582162e-01
1.571123658791825362e-01 5.001986873720010163e-01 1.571194706325031443e-01 1.798039819382254729e-04 -1.380003815615186286e-02 1.469251478279556128e-05 4.460434583308970670e-03 -1.603965771489868465e-05 -1.380355996785303033e-02 4.174581740993592782e-04
2.387102155544825171e-05 1.571194706325031443e-01 4.995240607867156291e-01 1.571377724987839397e-01 -2.254073077549894125e-04 -1.379933094970340127e-02 4.686793084275579107e-05 4.460662032344377831e-03 5.216543826718194471e-07 -1.380409035923000141e-02
-1.380061680106443867e-02 1.798039819382254729e-04 1.571377724987839397e-01 5.005263245861834021e-01 1.571151939710601630e-01 -7.769719129224902064e-05 -1.379941374835584947e-02 -4.493386247438438971e-05 4.460238177220189094e-03 -9.865767895527954531e-05
5.656125254832210150e-07 -1.380003815615186286e-02 -2.254073077549894125e-04 1.571151939710601630e-01 4.999960731284824322e-01 1.571194838017752060e-01 -8.927778269832067209e-05 -1.380223767573303569e-02 1.759928800741561070e-05 4.459852073567148294e-03
4.460751411802093072e-03 1.469251478279556128e-05 -1.379933094970340127e-02 -7.769719129224902064e-05 1.571194838017752060e-01 5.003628452134094573e-01 1.571282744177713853e-01 4.723026234441594895e-04 -1.380253722269909888e-02 -2.512633656956704650e-05
1.045179282204683317e-04 4.460434583308970670e-03 4.686793084275579107e-05 -1.379941374835584947e-02 -8.927778269832067209e-05 1.571282744177713853e-01 4.988884652727089142e-01 1.571635760225194578e-01 -2.977900718883247540e-04 -1.380224521841155912e-02
-1.380590147670685691e-02 -1.603965771489868465e-05 4.460662032344377831e-03 -4.493386247438438971e-05 -1.380223767573303569e-02 4.723026234441594895e-04 1.571635760225194578e-01 5.007898132168648875e-01 1.571176108855831532e-01 -7.165945130959121973e-05
-3.314905210303454274e-04 -1.380355996785303033e-02 5.216543826718194471e-07 4.460238177220189094e-03 1.759928800741561070e-05 -1.380253722269909888e-02 -2.977900718883247540e-04 1.571176108855831532e-01 4.998643542125512651e-01 1.571102804447810086e-01
1.571817958961582162e-01 4.174581740993592782e-04 -1.380409035923000141e-02 -9.865767895527954531e-05 4.459852073567148294e-03 -2.512633656956704650e-05 -1.380224521841155912e-02 -7.165945130959121973e-05 1.571102804447810086e-01 5.008365307368067842e-01
5.010429222103485181e-01 1.571381979493767511e-01 -4.311819399411481258e-04 -1.380924070842234549e-02 3.175093738633452830e-05 4.467396054704566612e-03 -1.208200362091809159e-04 -1.383094183044624587e-02 1.271559613604071864e-03 1.572234855926419872e-01
1.571381979493767511e-01 5.006278743793062258e-01 1.571195386285539342e-01 -2.080216523257815732e-05 -1.380178471526738448e-02 -2.261540163661917169e-05 4.465469409338709318e-03 8.081691260784058198e-05 -1.383907262384371888e-02 -3.316719517563029634e-04
-4.311819399411481258e-04 1.571195386285539342e-01 5.001010722047289914e-01 1.571554828825271199e-01 3.958527956757746475e-04 -1.380572379966315752e-02 -7.661024032477312996e-05 4.465981989099298069e-03 -9.491264734665951462e-05 -1.381423805887221218e-02
-1.380924070842234549e-02 -2.080216523257815732e-05 1.571554828825271199e-01 4.991189594576352917e-01 1.571145800755165689e-01 -1.621509619214216505e-04 -1.379871051240067793e-02 -7.763776118265019750e-06 4.468458299785600663e-03 7.137072762672229138e-05
3.175093738633452830e-05 -1.380178471526738448e-02 3.958527956757746475e-04 1.571145800755165689e-01 5.005442788172045354e-01 1.571393952488895074e-01 1.901474261696756065e-04 -1.380613790190506236e-02 6.601841364676862929e-06 4.467891594818040185e-03
4.467396054704566612e-03 -2.261540163661917169e-05 -1.380572379966315752e-02 -1.621509619214216505e-04 1.571393952488895074e-01 4.994960900136802273e-01 1.571052013764229205e-01 -2.229810270095431736e-05 -1.380059134128520590e-02 1.320409593624180013e-04
-1.208200362091809159e-04 4.465469409338709318e-03 -7.661024032477312996e-05 -1.379871051240067793e-02 1.901474261696756065e-04 1.571052013764229205e-01 5.001974118601473229e-01 1.571560931846819609e-01 -5.151854342020202940e-05 -1.383470491501630206e-02
-1.383094183044624587e-02 8.081691260784058198e-05 4.465981989099298069e-03 -7.763776118265019750e-06 -1.380613790190506236e-02 -2.229810270095431736e-05 1.571560931846819609e-01 4.996971561507184134e-01 1.570839391889861936e-01 -8.359670452408023839e-04
1.271559613604071864e-03 -1.383907262384371888e-02 -9.491264734665951462e-05 4.468458299785600663e-03 6.601841364676862929e-06 -1.380059134128520590e-02 -5.151854342020202940e-05 1.570839391889861936e-01 5.021690311269133566e-01 1.574273560501409930e-01
1.572234855926419872e-01 -3.316719517563029634e-04 -1.381423805887221218e-02 7.137072762672229138e-05 4.467891594818040185e-03 1.320409593624180013e-04 -1.383470491501630206e-02 -8.359670452408023839e-04 1.574273560501409930e-01 4.970052037793084576e-01
5.001658300668214707e-01 1.570906349363847543e-01 1.739798613985759452e-04 -1.379459784039983872e-02 -4.523996962114984217e-05 4.459885422267476432e-03 5.769092167720964908e-05 -1.381592458255580420e-02 1.427423182282297476e-05 1.571509784518252406e-01
1.570906349363847543e-01 4.995064872866794570e-01 1.571563200739069521e-01 -3.150465534925018640e-04 -1.380519184143695274e-02 4.833153582035377982e-05 4.461518158380068863e-03 -9.458539099162606911e-05 -1.379185174488684919e-02 -5.955054180036337391e-05
1.739798613985759452e-04 1.571563200739069521e-01 5.008015213817599287e-01 1.571072711144543277e-01 2.383110552231120557e-04 -1.379403709984180007e-02 -7.037791996653993928e-05 4.460739712177108976e-03 -3.496689127764716215e-05 -1.380483392586361394e-02
-1.379459784039983872e-02 -3.150465534925018640e-04 1.571072711144543277e-01 4.993406092250810557e-01 1.571479555355951296e-01 -9.960385068690826016e-05 -1.380642044860184124e-02 2.948548886382927994e-05 4.460082953231483960e-03 4.591506556572802792e-05
-4.523996962114984217e-05 -1.380519184143695274e-02 2.383110552231120557e-04 1.571479555355951296e-01 5.003874717644187786e-01 1.570905069493015449e-01 2.328083443218093842e-04 -1.379502655473388920e-02 8.365804275454414500e-05 4.460906432233996584e-03
4.459885422267476432e-03 4.833153582035377982e-05 -1.379403709984180007e-02 -9.960385068690826016e-05 1.570905069493015449e-01 4.994648495489136808e-01 1.571672865895507587e-01 -1.448532181846074428e-04 -1.381428597325321320e-02 -1.989354310431547474e-05
5.769092167720964908e-05 4.461518158380068863e-03 -7.037791996653993928e-05 -1.380642044860184124e-02 2.328083443218093842e-04 1.571672865895507587e-01 5.001439181167703918e-01 1.570792770172039221e-01 -6.092331863086332747e-04 -1.380397479300851139e-02
-1.381592458255580420e-02 -9.458539099162606911e-05 4.460739712177108976e-03 2.948548886382927994e-05 -1.379502655473388920e-02 -1.448532181846074428e-04 1.570792770172039221e-01 5.013769041286193495e-01 1.572692238167606449e-01 5.689762341856349770e-04
1.427423182282297476e-05 -1.379185174488684919e-02 -3.496689127764716215e-05 4.460082953231483960e-03 8.365804275454414500e-05 -1.381428597325321320e-02 -6.092331863086332747e-04 1.572692238167606449e-01 4.986481779410297799e-01 1.570805962576046211e-01
1.571509784518252406e-01 -5.955054180036337391e-05 -1.380483392586361394e-02 4.591506556572802792e-05 4.460906432233996584e-03 -1.989354310431547474e-05 -1.380397479300851139e-02 5.689762341856349770e-04 1.570805962576046211e-01 5.001642305398955601e-01
5.009356758000069743e-01 1.571632810842884809e-01 6.120173250503343782e-04 -1.380696291819984156e-02 -3.289595893831776582e-05 4.461131335417984310e-03 -2.193567409518188131e-05 -1.380082797536959401e-02 -3.996777158685139650e-05 1.571158763637252598e-01
1.571632810842884809e-01 4.985491786119033986e-01 1.571653650109652856e-01 -2.159691468697551731e-04 -1.380472721116013379e-02 1.038502664504936711e-04 4.461113649860293240e-03 5.293727028806002530e-05 -1.380244019608548901e-02 -3.470947919462782439e-04
6.120173250503343782e-04 1.571653650109652856e-01 5.006457401243962213e-01 1.571232726409423908e-01 -1.857468676510877839e-04 -1.380464475405742894e-02 2.973065093088685736e-05 4.462284333433933631e-03 -5.665575104233635997e-05 -1.380550840733995449e-02
-1.380696291819984156e-02 -2.159691468697551731e-04 1.571232726409423908e-01 5.001189147667841617e-01 1.571060881026533074e-01 -3.354042559061018404e-04 -1.380375551818440079e-02 1.641698612081777490e-05 4.461454181481253750e-03 3.778987032035759823e-05
-3.289595893831776582e-05 -1.380472721116013379e-02 -1.857468676510877839e-04 1.571060881026533074e-01 5.007640383366044334e-01 1.571815743687393074e-01 3.002920122283733338e-04 -1.380877004451597917e-02 -9.023060303646885912e-05 4.461073015016867385e-03
4.461131335417984310e-03 1.038502664504936711e-04 -1.380464475405742894e-02 -3.354042559061018404e-04 1.571815743687393074e-01 4.992556861053376593e-01 1.571032641476118319e-01 1.587431917227056719e-05 -1.379637543597288761e-02 -3.898675027548886775e-05
-2.193567409518188131e-05 4.461113649860293240e-03 2.973065093088685736e-05 -1.380375551818440079e-02 3.002920122283733338e-04 1.571032641476118319e-01 5.001853350037126500e-01 1.571304575418480953e-01 2.441062746940665489e-04 -1.380056112017740561e-02
-1.380082797536959401e-02 5.293727028806002530e-05 4.462284333433933631e-03 1.641698612081777490e-05 -1.380877004451597917e-02 1.587431917227056719e-05 1.571304575418480953e-01 4.994511414097607127e-01 1.571214366035161292e-01 -4.785472637231120985e-05
-3.996777158685139650e-05 -1.380244019608548901e-02 -5.665575104233635997e-05 4.461454181481253750e-03 -9.023060303646885912e-05 -1.379637543597288761e-02 2.441062746940665489e-04 1.571214366035161292e-01 5.002143350212044925e-01 1.571248986879100473e-01
1.571158763637252598e-01 -3.470947919462782439e-04 -1.380550840733995449e-02 3.778987032035759823e-05 4.461073015016867385e-03 -3.898675027548886775e-05 -1.380056112017740561e-02 -4.785472637231120985e-05 1.571248986879100473e-01 4.998799548202941812e-01
4.992894565405053831e-01 1.570843131693444583e-01 -8.963261230114075075e-05 -1.379455271606316522e-02 3.266868115159394311e-05 4.462707406378319669e-03 3.457170534699847845e-05 -1.381255115383010421e-02 -4.322804100097732589e-04 1.571981673448268890e-01
1.570843131693444583e-01 5.004026892724775522e-01 1.571609215022348183e-01 1.883182099170291075e-04 -1.381513969542042322e-02 -1.249544125285903182e-04 4.464603778553434543e-03 8.596175588941682702e-05 -1.379779458890550287e-02 2.591465307854483920e-04
-8.963261230114075075e-05 1.571609215022348183e-01 4.993780189693224902e-01 1.570965988543078229e-01 -3.360913633418618649e-04 -1.380790121014524585e-02 6.953314186434255231e-05 4.462665827248045447e-03 6.654477099114622981e-05 -1.381565149124613749e-02
-1.379455271606316522e-02 1.883182099170291075e-04 1.570965988543078229e-01 5.010691099898036960e-01 1.571990478932482893e-01 7.394395961382497053e-04 -1.381849000136912628e-02 -1.207834614198085020e-04 4.463935317394618005e-03 -4.973948420676434397e-05
3.266868115159394311e-05 -1.381513969542042322e-02 -3.360913633418618649e-04 1.571990478932482893e-01 4.981392818148320800e-01 1.571927975050944060e-01 -5.718690575399880969e-04 -1.380581769239918807e-02 -1.004507642292024115e-05 4.469478038476693005e-03
4.462707406378319669e-03 -1.249544125285903182e-04 -1.380790121014524585e-02 7.394395961382497053e-04 1.571927975050944060e-01 5.015172770313305328e-01 1.571602249704560361e-01 2.483331216655687828e-04 -1.381188784864057287e-02 1.620723877908294801e-05
3.457170534699847845e-05 4.464603778553434543e-03 6.953314186434255231e-05 -1.381849000136912628e-02 -5.718690575399880969e-04 1.571602249704560361e-01 4.993804331168427701e-01 1.570874085720479207e-01 3.840346655651066116e-04 -1.380782181714983008e-02
-1.381255115383010421e-02 8.596175588941682702e-05 4.462665827248045447e-03 -1.207834614198085020e-04 -1.380581769239918807e-02 2.483331216655687828e-04 1.570874085720479207e-01 4.992534482830417453e-01 1.572218896778494746e-01 -3.890730416306721964e-04
-4.322804100097732589e-04 -1.379779458890550287e-02 6.654477099114622981e-05 4.463935317394618005e-03 -1.004507642292024115e-05 -1.381188784864057287e-02 3.840346655651066116e-04 1.572218896778494746e-01 5.007275521710959909e-01 1.570778855232247972e-01
1.571981673448268890e-01 2.591465307854483920e-04 -1.381565149124613749e-02 -4.973948420676434397e-05 4.469478038476693005e-03 1.620723877908294801e-05 -1.380782181714983008e-02 -3.890730416306721964e-04 1.570778855232247972e-01 5.008427328107620813e-01
5.007526259891800224e-01 1.570972013988303773e-01 -1.727249816209024775e-04 -1.380148407209838904e-02 -3.002362978052344690e-05 4.461164135379650300e-03 -7.492074248317985899e-05 -1.381071897562843355e-02 3.771675296958109519e-04 1.572056303331768601e-01
1.570972013988303773e-01 5.000603740345921366e-01 1.571309742849686664e-01 -3.151636141189334724e-04 -1.381055474063767191e-02 8.156987285749113753e-05 4.463681472852759277e-03 5.292986970919979356e-07 -1.380545897973176062e-02 -3.161565494203852724e-04
-1.727249816209024775e-04 1.571309742849686664e-01 5.008633772253816563e-01 1.571645125959061362e-01 6.376086694730377820e-04 -1.380623929346669679e-02 -3.082871982488098630e-05 4.464330923735101292e-03 7.572286619453934449e-06 -1.381159993288010208e-02
-1.380148407209838904e-02 -3.151636141189334724e-04 1.571645125959061362e-01 4.984433575037116593e-01 1.571818103849532133e-01 -4.532463943711675892e-04 -1.380866866370739771e-02 1.756144029554125433e-05 4.462369061579416797e-03 1.210793050335788373e-04
-3.002362978052344690e-05 -1.381055474063767191e-02 6.376086694730377820e-04 1.571818103849532133e-01 5.010911021174646596e-01 1.571057592031849526e-01 -1.727864662589810455e-04 -1.380327462511261351e-02 4.376390619674437382e-06 4.463533973314684489e-03
4.461164135379650300e-03 8.156987285749113753e-05 -1.380623929346669679e-02 -4.532463943711675892e-04 1.571057592031849526e-01 5.002691731856495627e-01 1.571739695978049967e-01 3.525766663529071587e-04 -1.380599442912596245e-02 -9.683834224916842851e-05
-7.492074248317985899e-05 4.463681472852759277e-03 -3.082871982488098630e-05 -1.380866866370739771e-02 -1.727864662589810455e-04 1.571739695978049967e-01 4.992667860998839524e-01 1.570963343946247814e-01 1.030446410450226724e-06 -1.379350986881775279e-02
-1.381071897562843355e-02 5.292986970919979356e-07 4.464330923735101292e-03 1.756144029554125433e-05 -1.380327462511261351e-02 3.525766663529071587e-04 1.570963343946247814e-01 5.001076594481639326e-01 1.571411268990202670e-01 6.202835149897445444e-05
3.771675296958109519e-04 -1.380545897973176062e-02 7.572286619453934449e-06 4.462369061579416797e-03 4.376390619674437382e-06 -1.380599442912596245e-02 1.030446410450226724e-06 1.571411268990202670e-01 5.000031563965037229e-01 1.570914042770762686e-01
1.572056303331768601e-01 -3.161565494203852724e-04 -1.381159993288010208e-02 1.210793050335788373e-04 4.463533973314684489e-03 -9.683834224916842851e-05 -1.379350986881775279e-02 6.202835149897445444e-05 1.570914042770762686e-01 4.991423879994661972e-01
5.005628974923355123e-01 1.571570178737302093e-01 4.883937444543919558e-04 -1.380967650055739404e-02 -2.693015524347699692e-05 4.464785273777698189e-03 -3.813487191137176786e-05 -1.380828862065551846e-02 -3.051933404971010448e-04 1.570930730846025747e-01
1.571570178737302093e-01 4.988046865968139842e-01 1.571466266260033162e-01 -3.297174851600061241e-04 -1.380090531536092881e-02 1.479324076913147415e-04 4.463997973678684485e-03 2.365032576358597986e-05 -1.380728679171186815e-02 -2.261962126022285880e-04
4.883937444543919558e-04 1.571466266260033162e-01 5.009120272164935272e-01 1.571464103644143739e-01 1.306321291406648422e-05 -1.382014393065756665e-02 -6.601597808129536877e-06 4.469352249260928958e-03 9.214983327888309761e-06 -1.380071297118884259e-02
-1.380967650055739404e-02 -3.297174851600061241e-04 1.571464103644143739e-01 4.995869598912178189e-01 1.570847556494813224e-01 -5.671827583666652064e-04 -1.380656428367064287e-02 6.464543988799262416e-05 4.465091702422933212e-03 5.027268618017021557e-05
-2.693015524347699692e-05 -1.380090531536092881e-02 1.306321291406648422e-05 1.570847556494813224e-01 5.013844856835286690e-01 1.572760279998557664e-01 4.560154271174889909e-04 -1.383261676317796250e-02 -1.545744986638503799e-04 4.463708939224785011e-03
4.464785273777698189e-03 1.479324076913147415e-04 -1.382014393065756665e-02 -5.671827583666652064e-04 1.572760279998557664e-01 4.987666488805799214e-01 1.570726598745630365e-01 -1.506121128961933169e-04 -1.379571238739055877e-02 -6.939323732533619980e-05
-3.813487191137176786e-05 4.463997973678684485e-03 -6.601597808129536877e-06 -1.380656428367064287e-02 4.560154271174889909e-04 1.570726598745630365e-01 5.006833585446823776e-01 1.571874646818540722e-01 5.215141734141873556e-04 -1.381287263813972890e-02
-1.380828862065551846e-02 2.365032576358597986e-05 4.469352249260928958e-03 6.464543988799262416e-05 -1.383261676317796250e-02 -1.506121128961933169e-04 1.571874646818540722e-01 4.988783934070862847e-01 1.571090441975703800e-01 9.997045994582145351e-05
-3.051933404971010448e-04 -1.380728679171186815e-02 9.214983327888309761e-06 4.465091702422933212e-03 -1.545744986638503799e-04 -1.379571238739055877e-02 5.215141734141873556e-04 1.571090441975703800e-01 4.999212010039931764e-01 1.571782037417421285e-01
1.570930730846025747e-01 -2.261962126022285880e-04 -1.380071297118884259e-02 5.027268618017021557e-05 4.463708939224785011e-03 -6.939323732533619980e-05 -1.381287263813972890e-02 9.997045994582145351e-05 1.571782037417421285e-01 5.004993412832705602e-01
5.013655529123481891e-01 1.571914956074736969e-01 3.595619523713508851e-04 -1.380674180198718237e-02 -4.253174816166269850e-05 4.461821516604735915e-03 -4.950851984254994818e-05 -1.380523499882484531e-02 9.236328945121585407e-05 1.571316805926143978e-01
1.571914956074736969e-01 4.990542554974090050e-01 1.571033589456714286e-01 2.908581403627185855e-05 -1.379526962672188682e-02 -4.488774090506187676e-06 4.459780778083188152e-03 9.373423115795513020e-05 -1.380553024942929134e-02 -5.811503417340408090e-04
3.595619523713508851e-04 1.571033589456714286e-01 5.001143112379182742e-01 1.571285857705765898e-01 -2.746574874325691164e-05 -1.379972141271289081e-02 -1.847622128056577431e-05 4.460276122649937947e-03 -8.985701669317249646e-06 -1.380305553125668779e-02
-1.380674180198718237e-02 2.908581403627185855e-05 1.571285857705765898e-01 4.999649393860993163e-01 1.571088765800619236e-01 -1.085330446741559346e-04 -1.379738286016292566e-02 2.920794975835541056e-05 4.459514731644851834e-03 5.573155752008733272e-05
-4.253174816166269850e-05 -1.379526962672188682e-02 -2.746574874325691164e-05 1.571088765800619236e-01 5.003417552878178798e-01 1.571318619738988065e-01 2.588864034469411666e-04 -1.380197362837095459e-02 -7.006953380869437344e-05 4.459749806398688975e-03
4.461821516604735915e-03 -4.488774090506187676e-06 -1.379972141271289081e-02 -1.085330446741559346e-04 1.571318619738988065e-01 4.992989311755829940e-01 1.571251267522014716e-01 -2.959641598961274944e-04 -1.380072231342412484e-02 1.542257129046335686e-05
-4.950851984254994818e-05 4.459780778083188152e-03 -1.847622128056577431e-05 -1.379738286016292566e-02 2.588864034469411666e-04 1.571251267522014716e-01 5.008369471289337849e-01 1.571392508333264992e-01 3.425273481599778666e-04 -1.380076934223448994e-02
-1.380523499882484531e-02 9.373423115795513020e-05 4.460276122649937947e-03 2.920794975835541056e-05 -1.380197362837095459e-02 -2.959641598961274944e-04 1.571392508333264992e-01 4.991280315164047243e-01 1.571289421325130775e-01 -6.946854098090291668e-05
9.236328945121585407e-05 -1.380553024942929134e-02 -8.985701669317249646e-06 4.459514731644851834e-03 -7.006953380869437344e-05 -1.380072231342412484e-02 3.425273481599778666e-04 1.571289421325130775e-01 5.003673683050586796e-01 1.571227790507479793e-01
1.571316805926143978e-01 -5.811503417340408090e-04 -1.380305553125668779e-02 5.573155752008733272e-05 4.459749806398688975e-03 1.542257129046335686e-05 -1.380076934223448994e-02 -6.946854098090291668e-05 1.571227790507479793e-01 4.995279075524235446e-01
5.003945428783422855e-01 1.571631171798704152e-01 -1.941283996312030300e-04 -1.381352938731357158e-02 1.259002300012921250e-04 4.464602057878627045e-03 -2.229784358900261461e-05 -1.380538894251337467e-02 8.042891822337312757e-04 1.571085897454575220e-01
1.571631171798704152e-01 5.004494098571353744e-01 1.570832687183842946e-01 3.060768967024828438e-04 -1.379795109115885925e-02 1.126414110507394746e-05 4.463370457499370343e-03 3.196923867108161484e-05 -1.381951871045263014e-02 -9.321953311552583546e-05
-1.941283996312030300e-04 1.570832687183842946e-01 4.991276358860786688e-01 1.571990665465880788e-01 -6.119829767073203374e-04 -1.381724473872772418e-02 1.531069933201982514e-05 4.463979536513252092e-03 -1.017685667879401684e-04 -1.379770779714720869e-02
-1.381352938731357158e-02 3.060768967024828438e-04 1.571990665465880788e-01 5.013194185672174008e-01 1.571107933571045390e-01 -5.630863541152887099e-05 -1.380353510959190025e-02 -7.523452007787425841e-05 4.464562193029902870e-03 -2.267443297092254940e-05
1.259002300012921250e-04 -1.379795109115885925e-02 -6.119829767073203374e-04 1.571107933571045390e-01 5.000501319705779046e-01 1.571988228726280412e-01 5.402465548831802879e-04 -1.381398312202410106e-02 -3.525919120391405258e-05 4.464359165386412240e-03
4.464602057878627045e-03 1.126414110507394746e-05 -1.381724473872772418e-02 -5.630863541152887099e-05 1.571988228726280412e-01 4.990113078083110443e-01 1.570791403627413430e-01 2.261704637859474022e-04 -1.380073687226043150e-02 7.274807766189934737e-05
-2.229784358900261461e-05 4.463370457499370343e-03 1.531069933201982514e-05 -1.380353510959190025e-02 5.402465548831802879e-04 1.570791403627413430e-01 4.996068592897929816e-01 1.572140088679967462e-01 -4.400868892413924496e-04 -1.381993258810182770e-02
-1.380538894251337467e-02 3.196923867108161484e-05 4.463979536513252092e-03 -7.523452007787425841e-05 -1.381398312202410106e-02 2.261704637859474022e-04 1.572140088679967462e-01 5.007295463161922644e-01 1.570584238305640090e-01 -4.805410869807387117e-04
8.042891822337312757e-04 -1.381951871045263014e-02 -1.017685667879401684e-04 4.464562193029902870e-03 -3.525919120391405258e-05 -1.380073687226043150e-02 -4.400868892413924496e-04 1.570584238305640090e-01 5.011105594052813750e-01 1.572853198018701049e-01
1.571085897454575220e-01 -9.321953311552583546e-05 -1.379770779714720869e-02 -2.267443297092254940e-05 4.464359165386412240e-03 7.274807766189934737e-05 -1.381993258810182770e-02 -4.805410869807387117e-04 1.572853198018701049e-01 4.982005880210690907e-01
5.010361401132757964e-01 1.571181442739092993e-01 5.477668557652846850e-05 -1.380394759393773450e-02 -1.002923036939214457e-04 4.461247792647282662e-03 -5.138415598165003550e-05 -1.380668928783537752e-02 2.510095789692405599e-04 1.571664161001777305e-01
1.571181442739092993e-01 4.996485879001411057e-01 1.571345281441330621e-01 -7.291213798323883076e-05 -1.380730962582394673e-02 -7.576610452727589257e-06 4.460379273311070383e-03 7.030923065641910214e-05 -1.379782612425854878e-02 -4.401826079229182852e-04
5.477668557652846850e-05 1.571345281441330621e-01 5.004140666422890460e-01 1.571203259072765923e-01 5.941864416274736512e-04 -1.380266310702594514e-02 9.636088845154554749e-06 4.460763063872334906e-03 -3.429005467752983642e-06 -1.380442812056749922e-02
-1.380394759393773450e-02 -7.291213798323883076e-05 1.571203259072765923e-01 4.987030306016843051e-01 1.571959631714318073e-01 -2.165238450128084647e-04 -1.381090021785521746e-02 1.520348516097780865e-05 4.461301863257811570e-03 7.414342099043038075e-05
-1.002923036939214457e-04 -1.380730962582394673e-02 5.941864416274736512e-04 1.571959631714318073e-01 5.004661352961286003e-01 1.570936669928615914e-01 -5.131361773106087694e-04 -1.379866685783260639e-02 4.984007898637776539e-05 4.461032569875966920e-03
4.461247792647282662e-03 -7.576610452727589257e-06 -1.380266310702594514e-02 -2.165238450128084647e-04 1.570936669928615914e-01 5.010354943228242375e-01 1.571936391743064265e-01 3.246760170463243466e-04 -1.380701944211944199e-02 -5.644411508316618563e-05
-5.138415598165003550e-05 4.460379273311070383e-03 9.636088845154554749e-06 -1.381090021785521746e-02 -5.131361773106087694e-04 1.571936391743064265e-01 4.992427478367531535e-01 1.570894345965073990e-01 1.305642087467981730e-04 -1.379337407819914915e-02
-1.380668928783537752e-02 7.030923065641910214e-05 4.460763063872334906e-03 1.520348516097780865e-05 -1.379866685783260639e-02 3.246760170463243466e-04 1.570894345965073990e-01 4.998045389449139453e-01 1.571460026539812094e-01 -1.123240799136369233e-04
2.510095789692405599e-04 -1.379782612425854878e-02 -3.429005467752983642e-06 4.461301863257811570e-03 4.984007898637776539e-05 -1.380701944211944199e-02 1.305642087467981730e-04 1.571460026539812094e-01 5.003668656885598143e-01 1.570971389119721340e-01
1.571664161001777305e-01 -4.401826079229182852e-04 -1.380442812056749922e-02 7.414342099043038075e-05 4.461032569875966920e-03 -5.644411508316618563e-05 -1.379337407819914915e-02 -1.123240799136369233e-04 1.570971389119721340e-01 4.992823926534394885e-01
5.003605575680740714e-01 1.570573640719132302e-01 -5.015757841477656897e-04 -1.380492654271078118e-02 -2.536348681637278423e-05 4.463048728749775644e-03 -1.611858119273803049e-05 -1.380691523668560461e-02 1.547998846722115247e-04 1.571770826664179166e-01
1.570573640719132302e-01 5.011765309346181141e-01 1.573046506534651889e-01 7.924302735002916424e-04 -1.382475369811677832e-02 -3.973452477216551037e-05 4.461600308770886057e-03 1.690634574798527238e-05 -1.379111349521457489e-02 -2.595145845213500191e-04
-5.015757841477656897e-04 1.573046506534651889e-01 4.983631591925206106e-01 1.570692411536298017e-01 2.681430083847804839e-04 -1.380542470541888667e-02 -3.671614719774276983e-05 4.464077548782023619e-03 8.120078153089189087e-05 -1.382150448938345919e-02
-1.380492654271078118e-02 7.924302735002916424e-04 1.570692411536298017e-01 4.994792165995430855e-01 1.572527459706977715e-01 -7.279670606192868709e-04 -1.381762021421373970e-02 1.105199541369294758e-04 4.463045697464168571e-03 -5.753113029660590410e-05
-2.536348681637278423e-05 -1.382475369811677832e-02 2.681430083847804839e-04 1.572527459706977715e-01 5.016204242166617533e-01 1.571128363178440068e-01 2.683447584130937242e-04 -1.379490091697833237e-02 -1.958892144062764594e-05 4.462072015469056678e-03
4.463048728749775644e-03 -3.973452477216551037e-05 -1.380542470541888667e-02 -7.279670606192868709e-04 1.571128363178440068e-01 4.991973789664820305e-01 1.571541164056606821e-01 -1.929790598231742160e-05 -1.380493637934386217e-02 -1.357195331740235059e-05
-1.611858119273803049e-05 4.461600308770886057e-03 -3.671614719774276983e-05 -1.381762021421373970e-02 2.683447584130937242e-04 1.571541164056606821e-01 5.001421267666588122e-01 1.570848373050479641e-01 -1.001786221899009753e-04 -1.379104565237268890e-02
-1.380691523668560461e-02 1.690634574798527238e-05 4.464077548782023619e-03 1.105199541369294758e-04 -1.379490091697833237e-02 -1.929790598231742160e-05 1.570848373050479641e-01 5.001983458691583451e-01 1.571553379097220260e-01 1.244552724960785312e-04
1.547998846722115247e-04 -1.379111349521457489e-02 8.120078153089189087e-05 4.463045697464168571e-03 -1.958892144062764594e-05 -1.380493637934386217e-02 -1.001786221899009753e-04 1.571553379097220260e-01 4.997778643004103238e-01 1.570783789083926019e-01
1.571770826664179166e-01 -2.595145845213500191e-04 -1.382150448938345919e-02 -5.753113029660590410e-05 4.462072015469056678e-03 -1.357195331740235059e-05 -1.379104565237268890e-02 1.244552724960785312e-04 1.570783789083926019e-01 4.996843955858688568e-01
5.007808448748407582e-01 1.570967341694489705e-01 4.014150181032641318e-05 -1.381165033621026099e-02 6.634489214606939566e-05 4.469571830876812105e-03 -1.162677931406476449e-04 -1.381771739791455740e-02 7.456061519566675212e-04 1.572700585430175102e-01
1.570967341694489705e-01 4.994765859261363072e-01 1.572047880147148802e-01 -9.641966502044241110e-04 -1.383173293097030715e-02 -7.339878250883427732e-06 4.470943995849237067e-03 -8.445771998937489072e-05 -1.381532447247654609e-02 -2.295704566284969628e-04
4.014150181032641318e-05 1.572047880147148802e-01 5.019727873549785224e-01 1.572199497254265776e-01 9.872951563197796161e-05 -1.383186028169842291e-02 2.426381747477909345e-05 4.473584365241910568e-03 -1.199717981836812258e-04 -1.385452180111949178e-02
-1.381165033621026099e-02 -9.641966502044241110e-04 1.572199497254265776e-01 4.998622374710001148e-01 1.571799546542360093e-01 1.042885304000390739e-03 -1.382415259799473460e-02 -1.205740266264154157e-04 4.474790856732345848e-03 2.158378411809748379e-04
6.634489214606939566e-05 -1.383173293097030715e-02 9.872951563197796161e-05 1.571799546542360093e-01 4.977072771975557530e-01 1.572950261338882660e-01 -7.039856211787616025e-04 -1.381827853608690558e-02 1.696091437167204991e-04 4.474043569685772111e-03
4.469571830876812105e-03 -7.339878250883427732e-06 -1.383186028169842291e-02 1.042885304000390739e-03 1.572950261338882660e-01 5.018070370780323142e-01 1.571300460450087422e-01 6.252778966919661594e-06 -1.381799768776927756e-02 -2.722590976520823398e-05
-1.162677931406476449e-04 4.470943995849237067e-03 2.426381747477909345e-05 -1.382415259799473460e-02 -7.039856211787616025e-04 1.571300460450087422e-01 4.995697945405981888e-01 1.571096410569726154e-01 -3.113997272918256863e-04 -1.381235146079061449e-02
-1.381771739791455740e-02 -8.445771998937489072e-05 4.473584365241910568e-03 -1.205740266264154157e-04 -1.381827853608690558e-02 6.252778966919661594e-06 1.571096410569726154e-01 5.007480300992840361e-01 1.571985495957174128e-01 2.750377219577250509e-04
7.456061519566675212e-04 -1.381532447247654609e-02 -1.199717981836812258e-04 4.474790856732345848e-03 1.696091437167204991e-04 -1.381799768776927756e-02 -3.113997272918256863e-04 1.571985495957174128e-01 4.995862354798616956e-01 1.570933932908966102e-01
1.572700585430175102e-01 -2.295704566284969628e-04 -1.385452180111949178e-02 2.158378411809748379e-04 4.474043569685772111e-03 -2.722590976520823398e-05 -1.381235146079061449e-02 2.750377219577250509e-04 1.570933932908966102e-01 4.984891699777141416e-01
5.015548592858575239e-01 1.571503354135125319e-01 5.500312726345851343e-04 -1.380447954703360042e-02 -4.249411768184903739e-06 4.463938446564988741e-03 -6.667182905365550555e-05 -1.380891073977592864e-02 3.460720437750575834e-04 1.571972375788981968e-01
1.571503354135125319e-01 4.986954067449922423e-01 1.571594247833636437e-01 2.465164880523641570e-05 -1.381192242136119672e-02 -2.605847680024818251e-05 4.463708408119103008e-03 5.179094192864322791e-05 -1.380367526565315361e-02 -6.209345338386939141e-04
5.500312726345851343e-04 1.571594247833636437e-01 4.999497258887641848e-01 1.571288181075836676e-01 -5.450766589005312740e-04 -1.380631554452288814e-02 1.771213410996891032e-04 4.463836446161468553e-03 -1.176017863191807216e-04 -1.381608150152106515e-02
-1.380447954703360042e-02 2.465164880523641570e-05 1.571288181075836676e-01 5.012984043870764017e-01 1.571849654048825262e-01 4.756595543372984158e-04 -1.382405336866283571e-02 -8.397484632694616623e-05 4.466269032414245908e-03 6.449900956112162263e-05
-4.249411768184903739e-06 -1.381192242136119672e-02 -5.450766589005312740e-04 1.571849654048825262e-01 4.985784766842518145e-01 1.571353838531106828e-01 -6.799695930045513825e-04 -1.380555982500309559e-02 9.280494587657380358e-05 4.464395075453022645e-03
4.463938446564988741e-03 -2.605847680024818251e-05 -1.380631554452288814e-02 4.756595543372984158e-04 1.571353838531106828e-01 5.017520213278927610e-01 1.572427029642199381e-01 4.286848339668999095e-04 -1.381936661198238450e-02 -8.752361366456661300e-05
-6.667182905365550555e-05 4.463708408119103008e-03 1.771213410996891032e-04 -1.382405336866283571e-02 -6.799695930045513825e-04 1.572427029642199381e-01 4.988032287091326844e-01 1.570868558422151839e-01 -1.109940745584142401e-04 -1.379406949901978638e-02
-1.380891073977592864e-02 5.179094192864322791e-05 4.463836446161468553e-03 -8.397484632694616623e-05 -1.380555982500309559e-02 4.286848339668999095e-04 1.570868558422151839e-01 5.004434347162933783e-01 1.571552910884204957e-01 1.312561919070177885e-04
3.460720437750575834e-04 -1.380367526565315361e-02 -1.176017863191807216e-04 4.466269032414245908e-03 9.280494587657380358e-05 -1.381936661198238450e-02 -1.109940745584142401e-04 1.571552910884204957e-01 4.998162845654894326e-01 1.570903990324485910e-01
1.571972375788981968e-01 -6.209345338386939141e-04 -1.381608150152106515e-02 6.449900956112162263e-05 4.464395075453022645e-03 -8.752361366456661300e-05 -1.379406949901978638e-02 1.312561919070177885e-04 1.570903990324485910e-01 4.991081576902424710e-01
5.007869744990738337e-01 1.571689675666080588e-01 2.212903179795661437e-04 -1.381428065416077239e-02 1.936370558999227416e-05 4.464349538500998402e-03 -8.149013909561293777e-05 -1.380932487651278726e-02 1.058775852925699333e-04 1.571051698442137989e-01
1.571689675666080588e-01 4.995535906307786989e-01 1.570698587531304535e-01 3.925921397583726109e-04 -1.380395859987672801e-02 9.814514780310168354e-05 4.467069162684869643e-03 9.455645857380076593e-05 -1.380709318242722729e-02 -3.215051236258047217e-04
2.212903179795661437e-04 1.570698587531304535e-01 4.992413956060487434e-01 1.572355969644989304e-01 -3.485360942392408531e-04 -1.382680732317350183e-02 6.803308398468710166e-05 4.467595291240732472e-03 -1.488986665298334521e-05 -1.379455660097409983e-02
-1.381428065416077239e-02 3.925921397583726109e-04 1.572355969644989304e-01 5.005127516713483438e-01 1.570513057021775682e-01 -8.086722295387873630e-04 -1.381534215484866296e-02 7.252251213846886194e-05 4.467534848944333670e-03 -4.204278789961968113e-05
1.936370558999227416e-05 -1.380395859987672801e-02 -3.485360942392408531e-04 1.570513057021775682e-01 5.017052657600271637e-01 1.573623963233760636e-01 4.886335379817076125e-04 -1.384606515680338046e-02 -1.860403916735344811e-04 4.468953745572202402e-03
4.464349538500998402e-03 9.814514780310168354e-05 -1.382680732317350183e-02 -8.086722295387873630e-04 1.573623963233760636e-01 4.987139040420728309e-01 1.570593088020690586e-01 7.099980224193447971e-05 -1.379846605954982569e-02 -2.818154648848571024e-05
-8.149013909561293777e-05 4.467069162684869643e-03 6.803308398468710166e-05 -1.381534215484866296e-02 4.886335379817076125e-04 1.570593088020690586e-01 5.003073442488853440e-01 1.571721987398228826e-01 5.867375904931642835e-04 -1.381503132216627475e-02
-1.380932487651278726e-02 9.455645857380076593e-05 4.467595291240732472e-03 7.252251213846886194e-05 -1.384606515680338046e-02 7.099980224193447971e-05 1.571721987398228826e-01 4.986222454142777427e-01 1.571736615853594476e-01 -3.871511712798970245e-04
1.058775852925699333e-04 -1.380709318242722729e-02 -1.488986665298334521e-05 4.467534848944333670e-03 -1.860403916735344811e-04 -1.379846605954982569e-02 5.867375904931642835e-04 1.571736615853594476e-01 5.010708013265174898e-01 1.571391641627772340e-01
1.571051698442137989e-01 -3.215051236258047217e-04 -1.379455660097409983e-02 -4.204278789961968113e-05 4.468953745572202402e-03 -2.818154648848571024e-05 -1.381503132216627475e-02 -3.871511712798970245e-04 1.571391641627772340e-01 4.994857268009768592e-01
5.006583781956756019e-01 1.570975002188165215e-01 6.412799927775119160e-04 -1.379675233072013424e-02 3.496475297387469767e-05 4.464892675245461795e-03 7.369554201388392131e-05 -1.381341958403600051e-02 -9.148347123177696591e-05 1.571653701511060985e-01
1.570975002188165215e-01 4.985586124276734088e-01 1.572463625030094125e-01 -3.502396545166737343e-04 -1.383087346028717864e-02 -2.946224800973556144e-05 4.463476491561218888e-03 -1.217353943948860928e-05 -1.379213963019972240e-02 -2.439912428118217174e-04
6.412799927775119160e-04 1.572463625030094125e-01 5.006473303424811006e-01 1.570339167440965578e-01 -7.226997343047508347e-04 -1.380929075862907980e-02 1.657504762264813084e-05 4.465971417821057270e-03 -8.474514122299803363e-05 -1.381813198787598847e-02
-1.379675233072013424e-02 -3.502396545166737343e-04 1.570339167440965578e-01 5.016161196042230319e-01 1.573850756515335347e-01 8.729049313918439430e-04 -1.382901827426654545e-02 -1.337041285539631891e-04 4.465077785814420067e-03 6.483653359134664527e-05
3.496475297387469767e-05 -1.383087346028717864e-02 -7.226997343047508347e-04 1.573850756515335347e-01 4.980360803902980638e-01 1.570632149171860281e-01 1.462684792868136499e-04 -1.380517862033998899e-02 6.057676886068061816e-05 4.466188834373031880e-03
4.464892675245461795e-03 -2.946224800973556144e-05 -1.380929075862907980e-02 8.729049313918439430e-04 1.570632149171860281e-01 5.000365648854137035e-01 1.572020571122745847e-01 -1.328018234131364398e-04 -1.381581506234967963e-02 9.268339255048200880e-06
7.369554201388392131e-05 4.463476491561218888e-03 1.657504762264813084e-05 -1.382901827426654545e-02 1.462684792868136499e-04 1.572020571122745847e-01 5.000472980081158703e-01 1.570786571227547612e-01 -5.200197098695689794e-04 -1.379522026321192835e-02
