4.553192550057696408e-01 2.100381212176681556e-01 4.829238509097190379e-02 -3.854566942313625288e-02 -5.383106438088851309e-02 -4.992760791171751977e-03 4.443991318749231090e-02 3.250495220106161542e-02 -5.374693540911926193e-02 -1.967997232642220151e-01
2.100381212176681556e-01 4.217141341871997184e-01 1.920759495560441232e-01 6.985291800116788519e-02 -2.851609959694408059e-02 -4.407680247111418065e-02 -8.060331322881565674e-03 4.263439386882446336e-02 3.736379040203161722e-02 -8.345527336754138270e-02
4.829238509097190379e-02 1.920759495560441232e-01 4.029900766816139623e-01 2.154680777453089890e-01 9.235147075097191460e-02 -3.611656463115214821e-02 -5.845972309161747565e-02 -2.907318113597464650e-03 5.278593105370869148e-02 4.781326974151697828e-02
-3.854566942313625288e-02 6.985291800116788519e-02 2.154680777453089890e-01 3.211577168612581579e-01 2.226586773128651497e-01 8.348167784566401517e-02 -3.983906773734093715e-02 -4.366324446211318488e-02 6.844469238361254940e-03 5.837669347075290227e-02
-5.383106438088851309e-02 -2.851609959694408059e-02 9.235147075097191460e-02 2.226586773128651497e-01 3.929188991287049237e-01 2.085776145761938927e-01 5.902978591373181372e-02 -4.043096390636610749e-02 -4.717609252862964286e-02 1.362890636466224277e-02
-4.992760791171751977e-03 -4.407680247111418065e-02 -3.611656463115214821e-02 8.348167784566401517e-02 2.085776145761938927e-01 4.006450651296861176e-01 1.973025566251367657e-01 4.716268589236102121e-02 -4.911854722039127319e-02 -5.678026046450634218e-02
4.443991318749231090e-02 -8.060331322881565674e-03 -5.845972309161747565e-02 -3.983906773734093715e-02 5.902978591373181372e-02 1.973025566251367657e-01 4.590849699866511036e-01 1.831460134208686974e-01 3.791416819304294084e-02 -5.054614974207127798e-02
3.250495220106161542e-02 4.263439386882446336e-02 -2.907318113597464650e-03 -4.366324446211318488e-02 -4.043096390636610749e-02 4.716268589236102121e-02 1.831460134208686974e-01 4.306350284745772972e-01 2.115870175452412849e-01 9.189907550263451408e-02
-5.374693540911926193e-02 3.736379040203161722e-02 5.278593105370869148e-02 6.844469238361254940e-03 -4.717609252862964286e-02 -4.911854722039127319e-02 3.791416819304294084e-02 2.115870175452412849e-01 4.355373181598262700e-01 2.067155666687176818e-01
-1.967997232642220151e-01 -8.345527336754138270e-02 4.781326974151697828e-02 5.837669347075290227e-02 1.362890636466224277e-02 -5.678026046450634218e-02 -5.054614974207127798e-02 9.189907550263451408e-02 2.067155666687176818e-01 2.799975363847234666e-01
4.286541625565951641e-01 2.048059494596761176e-01 5.333502847416218828e-02 -5.144165249849234900e-02 -5.191518049092649217e-02 4.227348117446218245e-03 5.900035248412859035e-02 4.699124867688676127e-02 -5.926872902279205213e-02 -2.089868493186770315e-01
2.048059494596761176e-01 4.089551939062979757e-01 2.055794769974163272e-01 6.829473196019325565e-02 -4.328437404556868817e-02 -5.508069727291968476e-02 -9.445062509080306284e-03 4.805691950628514925e-02 4.699528420750247182e-02 -6.934045086023390980e-02
5.333502847416218828e-02 2.055794769974163272e-01 4.351094748165033055e-01 2.027574358933980081e-01 5.801313924751633211e-02 -4.067985493611300102e-02 -6.042635515931370216e-02 -1.431203538977463691e-02 5.146053506610608064e-02 5.261714538667996988e-02
-5.144165249849234900e-02 6.829473196019325565e-02 2.027574358933980081e-01 3.832318032811579123e-01 2.102568631267997257e-01 8.894255132567095712e-02 -3.295184305722310275e-02 -5.419881300257269052e-02 -1.461479406320213142e-02 5.567071471579522479e-02
-5.191518049092649217e-02 -4.328437404556868817e-02 5.801313924751633211e-02 2.102568631267997257e-01 4.185395602305737595e-01 2.145897229904758508e-01 8.232189629299285771e-02 -2.777073865667582103e-02 -5.698258302102090361e-02 -1.100084566392690866e-02
4.227348117446218245e-03 -5.508069727291968476e-02 -4.067985493611300102e-02 8.894255132567095712e-02 2.145897229904758508e-01 3.254677478942926694e-01 2.161318695571227966e-01 8.519831770177739572e-02 -3.686565561202234664e-02 -5.763391625456087269e-02
5.900035248412859035e-02 -9.445062509080306284e-03 -6.042635515931370216e-02 -3.295184305722310275e-02 8.232189629299285771e-02 2.161318695571227966e-01 3.783904707161032666e-01 2.119512096546123103e-01 6.927402731756374110e-02 -4.836010951519222750e-02
4.699124867688676127e-02 4.805691950628514925e-02 -1.431203538977463691e-02 -5.419881300257269052e-02 -2.777073865667582103e-02 8.519831770177739572e-02 2.119512096546123103e-01 4.020519644050396524e-01 2.062747260861807763e-01 6.513023553426117163e-02
-5.926872902279205213e-02 4.699528420750247182e-02 5.146053506610608064e-02 -1.461479406320213142e-02 -5.698258302102090361e-02 -3.686565561202234664e-02 6.927402731756374110e-02 2.062747260861807763e-01 4.307520368889558582e-01 2.040320416710753315e-01
-2.089868493186770315e-01 -6.934045086023390980e-02 5.261714538667996988e-02 5.567071471579522479e-02 -1.100084566392690866e-02 -5.763391625456087269e-02 -4.836010951519222750e-02 6.513023553426117163e-02 2.040320416710753315e-01 3.888475853044763841e-01
4.659141207439593257e-01 2.043223763025999729e-01 5.043421820983845505e-02 -4.498982962307376821e-02 -4.810323076568215339e-02 8.842343568298428186e-03 4.713300445944088035e-02 4.033071005718205648e-02 -3.995638645818509055e-02 -1.789061647883086192e-01
2.043223763025999729e-01 4.541327145685586930e-01 1.869008511259678262e-01 4.792200369161738610e-02 -3.921993109113418308e-02 -4.533854965788632757e-02 -6.646917435559741502e-03 4.692692828312858278e-02 4.584705083765009542e-02 -4.236367423649960162e-02
5.043421820983845505e-02 1.869008511259678262e-01 3.750196463125406998e-01 2.161813323268479969e-01 9.681124525090958888e-02 -4.611979834409031531e-02 -7.022583249753003298e-02 -2.809829394126217572e-02 5.044190501362365991e-02 6.036625046707537467e-02
-4.498982962307376821e-02 4.792200369161738610e-02 2.161813323268479969e-01 4.113812240563710088e-01 2.191027577823173034e-01 6.677817815484575481e-02 -3.558897040515545535e-02 -5.761563350672919970e-02 -1.405692649777532006e-02 4.681408297639311905e-02
-4.810323076568215339e-02 -3.921993109113418308e-02 9.681124525090958888e-02 2.191027577823173034e-01 3.805307426802890802e-01 2.053654983319460892e-01 8.342353225555913798e-02 -2.105191534161938299e-02 -5.392098462790002877e-02 -2.154606192665999356e-02
8.842343568298428186e-03 -4.533854965788632757e-02 -4.611979834409031531e-02 6.677817815484575481e-02 2.053654983319460892e-01 3.660037049799314546e-01 2.213918391678093567e-01 1.017666306956320627e-01 -2.979487104575356815e-02 -6.138917113829662348e-02
4.713300445944088035e-02 -6.646917435559741502e-03 -7.022583249753003298e-02 -3.558897040515545535e-02 8.342353225555913798e-02 2.213918391678093567e-01 3.901536382050739826e-01 2.121621414502223857e-01 6.208975252144367796e-02 -3.907033509695720386e-02
4.033071005718205648e-02 4.692692828312858278e-02 -2.809829394126217572e-02 -5.761563350672919970e-02 -2.105191534161938299e-02 1.017666306956320627e-01 2.121621414502223857e-01 3.191901957728430772e-01 2.088988138189480925e-01 9.714957969268755988e-02
-3.995638645818509055e-02 4.584705083765009542e-02 5.044190501362365991e-02 -1.405692649777532006e-02 -5.392098462790002877e-02 -2.979487104575356815e-02 6.208975252144367796e-02 2.088988138189480925e-01 4.407183540296654711e-01 2.153757001630637047e-01
-1.789061647883086192e-01 -4.236367423649960162e-02 6.036625046707537467e-02 4.681408297639311905e-02 -2.154606192665999356e-02 -6.138917113829662348e-02 -3.907033509695720386e-02 9.714957969268755988e-02 2.153757001630637047e-01 3.969556586507519969e-01
4.285526105710448785e-01 1.965286645536563070e-01 3.287794665612840672e-02 -4.495662851512312319e-02 -3.981355871955875869e-02 2.209441849927505641e-02 4.625548427923943662e-02 1.347727276186661688e-02 -8.687589966020947685e-02 -2.029192935431056721e-01
1.965286645536563070e-01 4.592988131276924402e-01 1.786688748222050038e-01 3.495488808960547228e-02 -4.694283826567572510e-02 -4.523354610106060381e-02 1.342021493911716747e-02 4.127889983674980223e-02 2.517409814110636510e-02 -7.265441818421478071e-02
3.287794665612840672e-02 1.786688748222050038e-01 4.560426033311086869e-01 1.956926951004976656e-01 5.566054821323567631e-02 -5.013260775240193506e-02 -4.801338765334754732e-02 1.044997642228023133e-02 4.877950086179676931e-02 4.220586859658384538e-02
-4.495662851512312319e-02 3.495488808960547228e-02 1.956926951004976656e-01 4.361227796510532828e-01 2.034725588678327757e-01 7.117161938355298645e-02 -4.190157815554307330e-02 -4.014798929715163167e-02 6.461506320763850918e-03 4.874910473671910383e-02
-3.981355871955875869e-02 -4.694283826567572510e-02 5.566054821323567631e-02 2.034725588678327757e-01 3.773574137202918566e-01 2.233062784282366930e-01 8.299026378577997742e-02 -4.065540406696297598e-02 -5.920286527085288908e-02 -2.186285668052152104e-02
2.209441849927505641e-02 -4.523354610106060381e-02 -5.013260775240193506e-02 7.117161938355298645e-02 2.233062784282366930e-01 3.705529988063861468e-01 2.072535822213193435e-01 5.221670710086449146e-02 -4.638301947542085996e-02 -6.231189316834621905e-02
4.625548427923943662e-02 1.342021493911716747e-02 -4.801338765334754732e-02 -4.190157815554307330e-02 8.299026378577997742e-02 2.072535822213193435e-01 4.135696480815210241e-01 1.962199881544685887e-01 6.602767565502559721e-02 -2.503091793168916307e-02
1.347727276186661688e-02 4.127889983674980223e-02 1.044997642228023133e-02 -4.014798929715163167e-02 -4.065540406696297598e-02 5.221670710086449146e-02 1.962199881544685887e-01 4.571892301614362553e-01 1.970343076876990007e-01 8.722787872078005544e-02
-8.687589966020947685e-02 2.517409814110636510e-02 4.877950086179676931e-02 6.461506320763850918e-03 -5.920286527085288908e-02 -4.638301947542085996e-02 6.602767565502559721e-02 1.970343076876990007e-01 3.220213262288149636e-01 2.224698096824194171e-01
-2.029192935431056721e-01 -7.265441818421478071e-02 4.220586859658384538e-02 4.874910473671910383e-02 -2.186285668052152104e-02 -6.231189316834621905e-02 -2.503091793168916307e-02 8.722787872078005544e-02 2.224698096824194171e-01 2.792925763206464129e-01
4.368327953572097022e-01 1.934578820619519968e-01 4.443314129316550121e-02 -5.295085183444007276e-02 -3.915578385405121820e-02 2.295554100434720607e-02 5.512682174289964404e-02 2.785371296298708166e-02 -7.562818878093874320e-02 -2.049819635223305292e-01
1.934578820619519968e-01 4.526358733307386251e-01 1.988707642892299510e-01 5.697981724526304803e-02 -4.172560004197203853e-02 -4.408710699998934224e-02 1.847610319290584474e-02 5.455476548552011529e-02 4.473155116402532938e-02 -5.139083216958280353e-02
4.443314129316550121e-02 1.988707642892299510e-01 4.208914713529409712e-01 2.026162864849958833e-01 5.331299165158925879e-02 -5.053271056161921793e-02 -5.649717981688773955e-02 4.083562813230940704e-04 5.378772017330288313e-02 5.684139324102380209e-02
-5.295085183444007276e-02 5.697981724526304803e-02 2.026162864849958833e-01 4.037404958562328394e-01 2.010954080738530658e-01 6.020435329561983628e-02 -5.849225056050511018e-02 -6.488977633143264145e-02 -1.932338700758823302e-02 5.684540844713165814e-02
-3.915578385405121820e-02 -4.172560004197203853e-02 5.331299165158925879e-02 2.010954080738530658e-01 4.371434263032560330e-01 2.083572331297364189e-01 6.744329250900150952e-02 -3.519134494663557489e-02 -5.503691996397890723e-02 -2.091501260650206057e-02
2.295554100434720607e-02 -4.408710699998934224e-02 -5.053271056161921793e-02 6.020435329561983628e-02 2.083572331297364189e-01 4.245589843812757613e-01 2.038881917625866569e-01 7.809880019032658383e-02 -1.738749598419292094e-02 -5.518054491597833289e-02
5.512682174289964404e-02 1.847610319290584474e-02 -5.649717981688773955e-02 -5.849225056050511018e-02 6.744329250900150952e-02 2.038881917625866569e-01 3.383443013238841002e-01 2.182456381145821411e-01 1.054381976728192005e-01 -1.687727218469637497e-02
2.785371296298708166e-02 5.455476548552011529e-02 4.083562813230940704e-04 -6.488977633143264145e-02 -3.519134494663557489e-02 7.809880019032658383e-02 2.182456381145821411e-01 3.639889991082270182e-01 2.199273686390850469e-01 8.752404701785497509e-02
-7.562818878093874320e-02 4.473155116402532938e-02 5.378772017330288313e-02 -1.932338700758823302e-02 -5.503691996397890723e-02 -1.738749598419292094e-02 1.054381976728192005e-01 2.199273686390850469e-01 3.251868809344013456e-01 2.117295723494438953e-01
-2.049819635223305292e-01 -5.139083216958280353e-02 5.684139324102380209e-02 5.684540844713165814e-02 -2.091501260650206057e-02 -5.518054491597833289e-02 -1.687727218469637497e-02 8.752404701785497509e-02 2.117295723494438953e-01 3.966767720518268869e-01
4.309986398343992886e-01 2.070854126797923300e-01 5.302320420406445023e-02 -5.323665026258417310e-02 -4.370557597173996972e-02 1.402276249035589763e-02 6.087383974704391187e-02 3.605940993819158058e-02 -5.947679419938784601e-02 -2.042359865194190716e-01
2.070854126797923300e-01 4.397261536843382057e-01 2.005677154421699471e-01 6.742155892519414995e-02 -3.508389965848113939e-02 -4.259472890603735462e-02 6.890611093984404072e-03 4.921549334786673446e-02 3.663824485925191998e-02 -7.095220307808659810e-02
5.302320420406445023e-02 2.005677154421699471e-01 3.944905610545971220e-01 2.135640898505976049e-01 6.505123970903242681e-02 -4.825274550679226060e-02 -6.817617716575730125e-02 -4.978900792046500948e-03 5.226529862196256648e-02 6.131841533383552978e-02
-5.323665026258417310e-02 6.742155892519414995e-02 2.135640898505976049e-01 3.855540339822985940e-01 1.983058154038784826e-01 5.410500807628459974e-02 -5.906733092111104283e-02 -5.722166943166902275e-02 -2.620607275092103235e-03 7.046424516968421981e-02
-4.370557597173996972e-02 -3.508389965848113939e-02 6.505123970903242681e-02 1.983058154038784826e-01 4.374174191278852875e-01 2.083602810015814932e-01 7.489705453846787209e-02 -3.463759506941767319e-02 -4.899415394713108746e-02 -9.045683256357685623e-03
1.402276249035589763e-02 -4.259472890603735462e-02 -4.825274550679226060e-02 5.410500807628459974e-02 2.083602810015814932e-01 4.344128492479496506e-01 2.035595309441376177e-01 6.572972391317233321e-02 -3.011695033285735970e-02 -5.920649024388646015e-02
6.087383974704391187e-02 6.890611093984404072e-03 -6.817617716575730125e-02 -5.906733092111104283e-02 7.489705453846787209e-02 2.035595309441376177e-01 3.225150867151301837e-01 2.114444181866572403e-01 8.814932486956329749e-02 -4.405887822520834773e-02
3.605940993819158058e-02 4.921549334786673446e-02 -4.978900792046500948e-03 -5.722166943166902275e-02 -3.463759506941767319e-02 6.572972391317233321e-02 2.114444181866572403e-01 3.924294549164709656e-01 2.203235020545865064e-01 8.453326077073886058e-02
-5.947679419938784601e-02 3.663824485925191998e-02 5.226529862196256648e-02 -2.620607275092103235e-03 -4.899415394713108746e-02 -3.011695033285735970e-02 8.814932486956329749e-02 2.203235020545865064e-01 4.129385181028030760e-01 2.069261100399037157e-01
-2.042359865194190716e-01 -7.095220307808659810e-02 6.131841533383552978e-02 7.046424516968421981e-02 -9.045683256357685623e-03 -5.920649024388646015e-02 -4.405887822520834773e-02 8.453326077073886058e-02 2.069261100399037157e-01 3.495172833341327889e-01
4.528662649238484050e-01 2.093487972124077612e-01 8.074817715459944867e-02 -2.032969253935732606e-02 -5.181156158784612498e-02 -1.831671385947643976e-02 3.609052054509350599e-02 4.774455928898192758e-02 -3.693556022282833140e-02 -1.932342515292068130e-01
2.093487972124077612e-01 3.695553548113043041e-01 2.094703997032995590e-01 8.452293156554847864e-02 -1.299165569424281033e-02 -5.235547729089035790e-02 -1.878949002011073843e-02 6.075828785891635581e-02 5.146760885315965206e-02 -6.777250525178665774e-02
8.074817715459944867e-02 2.094703997032995590e-01 2.805902590041885469e-01 2.155371828073100460e-01 1.080321226114114852e-01 -2.650103645832663571e-02 -5.593004035303213162e-02 -5.050184267713031527e-03 5.350698838479631125e-02 3.839573679910630866e-02
-2.032969253935732606e-02 8.452293156554847864e-02 2.155371828073100460e-01 3.957408771066460718e-01 2.168379397487548710e-01 5.937800064037038889e-02 -4.337524639935999571e-02 -5.908614838101971384e-02 1.130180187646790888e-02 5.841085773150847538e-02
-5.181156158784612498e-02 -1.299165569424281033e-02 1.080321226114114852e-01 2.168379397487548710e-01 3.766607296255249371e-01 1.932832938703439307e-01 5.739021204626001960e-02 -5.994386245654424739e-02 -4.853980483514531985e-02 2.760651257889302351e-02
-1.831671385947643976e-02 -5.235547729089035790e-02 -2.650103645832663571e-02 5.937800064037038889e-02 1.932832938703439307e-01 4.390092825834799872e-01 2.105334787445337086e-01 6.080301928352931790e-02 -4.969368196976819280e-02 -5.050536015151084468e-02
3.609052054509350599e-02 -1.878949002011073843e-02 -5.593004035303213162e-02 -4.337524639935999571e-02 5.739021204626001960e-02 2.105334787445337086e-01 4.383850366147335476e-01 1.960217882130229627e-01 4.628696321919852780e-02 -4.706083988803615170e-02
4.774455928898192758e-02 6.075828785891635581e-02 -5.050184267713031527e-03 -5.908614838101971384e-02 -5.994386245654424739e-02 6.080301928352931790e-02 1.960217882130229627e-01 3.946817493973289181e-01 2.083926726704253829e-01 7.518174893163144523e-02
-3.693556022282833140e-02 5.146760885315965206e-02 5.350698838479631125e-02 1.130180187646790888e-02 -4.853980483514531985e-02 -4.969368196976819280e-02 4.628696321919852780e-02 2.083926726704253829e-01 4.363015792699216910e-01 2.025557693161074146e-01
-1.932342515292068130e-01 -6.777250525178665774e-02 3.839573679910630866e-02 5.841085773150847538e-02 2.760651257889302351e-02 -5.050536015151084468e-02 -4.706083988803615170e-02 7.518174893163144523e-02 2.025557693161074146e-01 4.162088666630294198e-01
3.907185708742487718e-01 2.067150197348178731e-01 7.330636969017451099e-02 -3.578669490092316330e-02 -6.103617632232857110e-02 -1.023461555055592623e-02 5.215710758576939249e-02 5.052149817959647460e-02 -7.656504780287698431e-02 -2.122493659211563410e-01
2.067150197348178731e-01 3.951863140589398915e-01 2.122825040301596355e-01 8.870882565022938926e-02 -3.411417686274043765e-02 -4.480779114752102277e-02 1.946206109755333532e-03 5.819176511636797722e-02 3.985735104320661110e-02 -7.326813386805350325e-02
7.330636969017451099e-02 2.122825040301596355e-01 3.954015546486184252e-01 2.189676723514531465e-01 8.260309278416229362e-02 -2.980441071398257091e-02 -4.592836369300510452e-02 6.549735423802769893e-03 5.676250469303049245e-02 3.368750528781386255e-02
-3.578669490092316330e-02 8.870882565022938926e-02 2.189676723514531465e-01 3.203759002084679564e-01 2.127749978234890205e-01 6.725198482462499405e-02 -4.846001785416285956e-02 -5.797409917791469802e-02 1.589619474965585366e-02 5.888796413601589397e-02
-6.103617632232857110e-02 -3.411417686274043765e-02 8.260309278416229362e-02 2.127749978234890205e-01 4.014385479416522906e-01 1.929520954748388806e-01 3.664386986378784239e-02 -5.801693794486965927e-02 -4.833524099325907375e-02 1.887489157578844945e-02
-1.023461555055592623e-02 -4.480779114752102277e-02 -2.980441071398257091e-02 6.725198482462499405e-02 1.929520954748388806e-01 4.634851450451614174e-01 1.897704386066241256e-01 4.219530938523944480e-02 -4.234631633822841940e-02 -4.018755684845439630e-02
5.215710758576939249e-02 1.946206109755333532e-03 -4.592836369300510452e-02 -4.846001785416285956e-02 3.664386986378784239e-02 1.897704386066241256e-01 4.660322245624046733e-01 1.891563814169435198e-01 5.260786881473909077e-02 -3.855977541010734144e-02
5.052149817959647460e-02 5.819176511636797722e-02 6.549735423802769893e-03 -5.797409917791469802e-02 -5.801693794486965927e-02 4.219530938523944480e-02 1.891563814169435198e-01 3.820504477926094933e-01 2.119467646648896808e-01 8.488716350391306564e-02
-7.656504780287698431e-02 3.985735104320661110e-02 5.676250469303049245e-02 1.589619474965585366e-02 -4.833524099325907375e-02 -4.234631633822841940e-02 5.260786881473909077e-02 2.119467646648896808e-01 4.070261909713871473e-01 2.199003345167495904e-01
-2.122493659211563410e-01 -7.326813386805350325e-02 3.368750528781386255e-02 5.888796413601589397e-02 1.887489157578844945e-02 -4.018755684845439630e-02 -3.855977541010734144e-02 8.488716350391306564e-02 2.199003345167495904e-01 3.782851038965144297e-01
4.669423225303209746e-01 1.993709396879781992e-01 6.122891901549435550e-02 -3.881989995711788294e-02 -4.506293103032964903e-02 -2.948340586720914940e-04 4.623168005847746315e-02 4.299831098689835956e-02 -3.421842878384673270e-02 -1.873693661192715187e-01
1.993709396879781992e-01 4.128518832677624539e-01 2.080470783644559618e-01 7.681252350830412856e-02 -3.643684411119291894e-02 -5.444430694849723001e-02 -1.665401450564181485e-02 4.611986288151088270e-02 4.802917546517070091e-02 -4.640611734677978217e-02
6.122891901549435550e-02 2.080470783644559618e-01 3.401033457634721757e-01 2.208242151136283749e-01 8.643285421852847650e-02 -4.000281459180535237e-02 -6.611636528895392662e-02 -2.412615638395404841e-02 4.884758307841809838e-02 5.547556707422181960e-02
-3.881989995711788294e-02 7.681252350830412856e-02 2.208242151136283749e-01 3.923031589424894605e-01 2.097581923250251834e-01 6.679137515597541319e-02 -3.480812988674382435e-02 -5.768803984091102482e-02 -1.030347553668605962e-02 5.196825418989350909e-02
-4.506293103032964903e-02 -3.643684411119291894e-02 8.643285421852847650e-02 2.097581923250251834e-01 4.079637813917695865e-01 2.046655926970155914e-01 8.171368786346028257e-02 -2.948797870604118534e-02 -4.959039666553659298e-02 -6.980185446509671980e-03
-2.948340586720914940e-04 -5.444430694849723001e-02 -4.000281459180535237e-02 6.679137515597541319e-02 2.046655926970155914e-01 3.902721025144652023e-01 2.178722661775292502e-01 8.876348509942169618e-02 -3.464418121630004344e-02 -5.561465221036328982e-02
4.623168005847746315e-02 -1.665401450564181485e-02 -6.611636528895392662e-02 -3.480812988674382435e-02 8.171368786346028257e-02 2.178722661775292502e-01 3.364739985289387225e-01 2.194318592205964369e-01 7.509766008600080034e-02 -4.700131160758212745e-02
4.299831098689835956e-02 4.611986288151088270e-02 -2.412615638395404841e-02 -5.768803984091102482e-02 -2.948797870604118534e-02 8.876348509942169618e-02 2.194318592205964369e-01 3.769094656291280820e-01 2.065511127153258630e-01 6.210243680249339510e-02
-3.421842878384673270e-02 4.802917546517070091e-02 4.884758307841809838e-02 -1.030347553668605962e-02 -4.959039666553659298e-02 -3.464418121630004344e-02 7.509766008600080034e-02 2.065511127153258630e-01 4.417207671878203845e-01 1.941428618673749495e-01
-1.873693661192715187e-01 -4.640611734677978217e-02 5.547556707422181960e-02 5.196825418989350909e-02 -6.980185446509671980e-03 -5.561465221036328982e-02 -4.700131160758212745e-02 6.210243680249339510e-02 1.941428618673749495e-01 4.344591742438330684e-01
4.090111540556236047e-01 2.109752695341788886e-01 5.231760373305071460e-02 -4.517833223094408490e-02 -6.097029417586479622e-02 -6.555839578137769366e-03 5.060483395715106858e-02 4.802774724772779225e-02 -6.261210117029861189e-02 -2.153940332311057304e-01
2.109752695341788886e-01 3.998015472545548565e-01 1.957046222901112908e-01 7.019725684044099412e-02 -4.230585433861648592e-02 -4.894985262060604081e-02 -2.864730559362991050e-03 6.159523767071160838e-02 4.491921854297244165e-02 -8.745096364417143109e-02
5.231760373305071460e-02 1.957046222901112908e-01 4.292408242370860938e-01 2.174085464097148257e-01 9.133305696627817827e-02 -2.822692607806823878e-02 -5.135757105910761927e-02 -2.655732871726906429e-03 4.555617210126086669e-02 4.002413928244668434e-02
-4.517833223094408490e-02 7.019725684044099412e-02 2.174085464097148257e-01 3.776426199412820095e-01 2.143199492236882997e-01 6.000047879031396997e-02 -4.237665813425339767e-02 -5.406757899615739771e-02 -6.215220772444714561e-04 6.102798334556371745e-02
-6.097029417586479622e-02 -4.230585433861648592e-02 9.133305696627817827e-02 2.143199492236882997e-01 3.098198971670356183e-01 1.997763751957224998e-01 8.355587861559307661e-02 -5.117530549758061986e-02 -5.854897679503284769e-02 1.035443917849286459e-02
-6.555839578137769366e-03 -4.894985262060604081e-02 -2.822692607806823878e-02 6.000047879031396997e-02 1.997763751957224998e-01 4.637548709007590642e-01 2.097093136187541673e-01 4.168916747026486097e-02 -4.218390585337584986e-02 -4.754986699127626559e-02
5.060483395715106858e-02 -2.864730559362991050e-03 -5.135757105910761927e-02 -4.237665813425339767e-02 8.355587861559307661e-02 2.097093136187541673e-01 4.133486324533328093e-01 1.892492438848750458e-01 6.132558463936362697e-02 -4.538716497505454472e-02
4.802774724772779225e-02 6.159523767071160838e-02 -2.655732871726906429e-03 -5.406757899615739771e-02 -5.117530549758061986e-02 4.168916747026486097e-02 1.892492438848750458e-01 4.165472188119446750e-01 2.162030569551927073e-01 7.969668472684897365e-02
-6.261210117029861189e-02 4.491921854297244165e-02 4.555617210126086669e-02 -6.215220772444714561e-04 -5.854897679503284769e-02 -4.218390585337584986e-02 6.132558463936362697e-02 2.162030569551927073e-01 4.082895255192324768e-01 2.094692881573061438e-01
-2.153940332311057304e-01 -8.745096364417143109e-02 4.002413928244668434e-02 6.102798334556371745e-02 1.035443917849286459e-02 -4.754986699127626559e-02 -4.538716497505454472e-02 7.969668472684897365e-02 2.094692881573061438e-01 3.725437096591440178e-01
3.689852444049662727e-01 2.084443597550321714e-01 5.777779584288254833e-02 -4.600947498556870463e-02 -5.244444891303418066e-02 4.077769060814563640e-03 6.430618321745623645e-02 3.629424837663486336e-02 -9.311028101889708142e-02 -2.251369269035813081e-01
2.084443597550321714e-01 3.605987053572190515e-01 2.084738874064656078e-01 9.075104047817225683e-02 -4.784089659189470767e-02 -5.110296652562417580e-02 1.974328811288298541e-02 5.693391241497802735e-02 2.791703259879467491e-02 -9.261352724503318923e-02
5.777779584288254833e-02 2.084738874064656078e-01 4.499352725338768844e-01 2.138301719503515885e-01 5.042612162904641648e-02 -4.017546172777038821e-02 -4.857955627904685103e-02 8.749787905151464387e-03 5.296383597006015798e-02 3.284015694286864656e-02
-4.600947498556870463e-02 9.075104047817225683e-02 2.138301719503515885e-01 3.772628835290700033e-01 1.937263663008136350e-01 5.755334693830486958e-02 -5.831794201874525296e-02 -5.216772904632478725e-02 1.869353277996397417e-02 6.628612850082604702e-02
-5.244444891303418066e-02 -4.784089659189470767e-02 5.042612162904641648e-02 1.937263663008136350e-01 4.128409932206441590e-01 2.133088507094684783e-01 6.625559714111720067e-02 -4.907194080623475396e-02 -5.667544696966495682e-02 7.653330633658281951e-03
4.077769060814563640e-03 -5.110296652562417580e-02 -4.017546172777038821e-02 5.755334693830486958e-02 2.133088507094684783e-01 4.609949416686509038e-01 1.909654254640661963e-01 3.958770744303546918e-02 -4.241481294571201183e-02 -4.562540412493150399e-02
6.430618321745623645e-02 1.974328811288298541e-02 -4.857955627904685103e-02 -5.831794201874525296e-02 6.625559714111720067e-02 1.909654254640661963e-01 3.826029247229713048e-01 2.097378644530111524e-01 9.239462503505443958e-02 -4.257184189447501405e-02
3.629424837663486336e-02 5.693391241497802735e-02 8.749787905151464387e-03 -5.216772904632478725e-02 -4.907194080623475396e-02 3.958770744303546918e-02 2.097378644530111524e-01 4.436269618719958507e-01 2.107791585085927732e-01 5.879298844451723294e-02
-9.311028101889708142e-02 2.791703259879467491e-02 5.296383597006015798e-02 1.869353277996397417e-02 -5.667544696966495682e-02 -4.241481294571201183e-02 9.239462503505443958e-02 2.107791585085927732e-01 3.559967027365896763e-01 2.083280428098670534e-01
-2.251369269035813081e-01 -9.261352724503318923e-02 3.284015694286864656e-02 6.628612850082604702e-02 7.653330633658281951e-03 -4.562540412493150399e-02 -4.257184189447501405e-02 5.879298844451723294e-02 2.083280428098670534e-01 3.871553699540179472e-01
3.760161393788095108e-01 2.190164692952150660e-01 9.037843068325945861e-02 -2.267079196239884034e-02 -5.126247470093080183e-02 -1.980916736891682323e-02 4.979592256370526937e-02 4.567071214642198784e-02 -4.767856717845345843e-02 -1.984593992980766275e-01
2.190164692952150660e-01 2.829022863631676099e-01 2.150814238959063429e-01 8.312141755483845595e-02 -3.351176890151279925e-02 -5.906292923458080629e-02 -9.610707076139111960e-03 4.604145454540213567e-02 3.833636412563452833e-02 -7.924579662302860816e-02
9.037843068325945861e-02 2.150814238959063429e-01 3.977320958730005684e-01 1.991114211758298058e-01 4.839764551044328789e-02 -4.622811996612487262e-02 -5.586985073171804594e-02 4.746665290900314860e-03 4.865389721353093749e-02 2.408374872913864040e-02
-2.267079196239884034e-02 8.312141755483845595e-02 1.991114211758298058e-01 4.298596105713780036e-01 1.968867600930872541e-01 6.644434954077030331e-02 -4.578546115499410041e-02 -4.288387830294807662e-02 1.028361728562959473e-02 4.212856972323691940e-02
-5.126247470093080183e-02 -3.351176890151279925e-02 4.839764551044328789e-02 1.968867600930872541e-01 4.438227231979674503e-01 2.066443492243976443e-01 7.356630325652868674e-02 -3.619120176227669933e-02 -4.477120324303950766e-02 9.633015086733431181e-03
-1.980916736891682323e-02 -5.906292923458080629e-02 -4.622811996612487262e-02 6.644434954077030331e-02 2.066443492243976443e-01 3.397579137945101468e-01 2.201910081148716891e-01 7.710694181208432862e-02 -4.768208032330613355e-02 -4.386028822015582140e-02
4.979592256370526937e-02 -9.610707076139111960e-03 -5.586985073171804594e-02 -4.578546115499410041e-02 7.356630325652868674e-02 2.201910081148716891e-01 3.756641092903830748e-01 2.067519246637661012e-01 5.466672666512886053e-02 -4.714063780243149537e-02
4.567071214642198784e-02 4.604145454540213567e-02 4.746665290900314860e-03 -4.288387830294807662e-02 -3.619120176227669933e-02 7.710694181208432862e-02 2.067519246637661012e-01 4.413577726531799916e-01 1.887988663437800418e-01 3.037664156089997514e-02
-4.767856717845345843e-02 3.833636412563452833e-02 4.865389721353093749e-02 1.028361728562959473e-02 -4.477120324303950766e-02 -4.768208032330613355e-02 5.466672666512886053e-02 1.887988663437800418e-01 4.571381124274204177e-01 1.846594207759552908e-01
-1.984593992980766275e-01 -7.924579662302860816e-02 2.408374872913864040e-02 4.212856972323691940e-02 9.633015086733431181e-03 -4.386028822015582140e-02 -4.714063780243149537e-02 3.037664156089997514e-02 1.846594207759552908e-01 4.557492364501867232e-01
4.098038203889232678e-01 2.130050787459024653e-01 6.391584615167338057e-02 -4.194649246157855504e-02 -6.099199890819002878e-02 -2.854089286891903221e-03 5.194358106418130172e-02 3.963899024163445445e-02 -7.053259664129263307e-02 -2.142865041489604716e-01
2.130050787459024653e-01 3.915414992943032080e-01 2.027257377438490549e-01 7.055271505685287159e-02 -4.547492257547536970e-02 -5.276646062798015513e-02 2.352163133684235553e-03 5.655435172643522718e-02 3.975336683839408858e-02 -8.755018564428193595e-02
6.391584615167338057e-02 2.027257377438490549e-01 4.116612605555728388e-01 2.151786514833508579e-01 8.164263992553387472e-02 -4.190554567810938352e-02 -5.396703849399339670e-02 6.375110284388618362e-03 5.593261557088802238e-02 3.972369298695119233e-02
-4.194649246157855504e-02 7.055271505685287159e-02 2.151786514833508579e-01 3.887313849901745111e-01 2.152017278002977263e-01 6.846059828905479150e-02 -4.437651799350196546e-02 -5.079608038816729731e-02 7.435373693538157788e-03 5.891513857222575173e-02
-6.099199890819002878e-02 -4.547492257547536970e-02 8.164263992553387472e-02 2.152017278002977263e-01 3.747224253635126900e-01 2.082267695076810976e-01 6.773843740732943264e-02 -5.112117337187345456e-02 -5.784648517108018084e-02 8.800658178339838822e-03
-2.854089286891903221e-03 -5.276646062798015513e-02 -4.190554567810938352e-02 6.846059828905479150e-02 2.082267695076810976e-01 4.180717253632501018e-01 2.050187065323107460e-01 5.294712193147801255e-02 -4.891536966366240996e-02 -5.422816026074485374e-02
5.194358106418130172e-02 2.352163133684235553e-03 -5.396703849399339670e-02 -4.437651799350196546e-02 6.773843740732943264e-02 2.050187065323107460e-01 4.378265883075573850e-01 1.949117445328167608e-01 5.606584994920424392e-02 -4.454341001650705123e-02
3.963899024163445445e-02 5.655435172643522718e-02 6.375110284388618362e-03 -5.079608038816729731e-02 -5.112117337187345456e-02 5.294712193147801255e-02 1.949117445328167608e-01 4.142588049406581430e-01 2.116187167130096636e-01 8.282963313401467409e-02
-7.053259664129263307e-02 3.975336683839408858e-02 5.593261557088802238e-02 7.435373693538157788e-03 -5.784648517108018084e-02 -4.891536966366240996e-02 5.606584994920424392e-02 2.116187167130096636e-01 4.055259832011082199e-01 2.135625888457683419e-01
-2.142865041489604716e-01 -8.755018564428193595e-02 3.972369298695119233e-02 5.891513857222575173e-02 8.800658178339838822e-03 -5.422816026074485374e-02 -4.454341001650705123e-02 8.282963313401467409e-02 2.135625888457683419e-01 3.478565075949398011e-01
2.265801634372385243e-01 2.000102272546301907e-01 1.012594304199679329e-01 -1.547571084480203404e-03 -4.994257293116939611e-02 -2.792119453405874502e-02 4.578019437384607537e-02 4.333270701816911707e-02 -9.716406829707488479e-02 -1.954863126288700348e-01
2.000102272546301907e-01 3.729155060373342545e-01 2.143799303070778595e-01 8.629662118485198485e-02 -3.720294743347307698e-02 -6.782325845494097116e-02 8.034752866689788553e-03 5.888121236683286491e-02 1.616647737747548344e-02 -7.719642528615415500e-02
1.012594304199679329e-01 2.143799303070778595e-01 3.214269701687357261e-01 2.089337509421480832e-01 7.198539488406727194e-02 -5.677123948685002669e-02 -4.132503441903034869e-02 2.992046441348297434e-02 4.915376799287297926e-02 2.327698213705722829e-03
-1.547571084480203404e-03 8.629662118485198485e-02 2.089337509421480832e-01 4.293200674470832867e-01 2.088799550186804521e-01 5.478975758975969390e-02 -4.578119901832553018e-02 -4.072071569934129776e-02 3.033961241716494339e-02 4.789496328137510944e-02
-4.994257293116939611e-02 -3.720294743347307698e-02 7.198539488406727194e-02 2.088799550186804521e-01 4.210293893511377616e-01 1.961774611608928520e-01 3.986613587483500698e-02 -4.713839498278801082e-02 -3.698480161732906751e-02 2.138877886451159838e-02
-2.792119453405874502e-02 -6.782325845494097116e-02 -5.677123948685002669e-02 5.478975758975969390e-02 1.961774611608928520e-01 4.436145549543814570e-01 1.849543083794463194e-01 3.658340895036858720e-02 -4.851390607159668938e-02 -3.809320031819325714e-02
4.578019437384607537e-02 8.034752866689788553e-03 -4.132503441903034869e-02 -4.578119901832553018e-02 3.986613587483500698e-02 1.849543083794463194e-01 4.548762368737924167e-01 1.951815631671479645e-01 3.944444139969596752e-02 -4.232546344355186257e-02
4.333270701816911707e-02 5.888121236683286491e-02 2.992046441348297434e-02 -4.072071569934129776e-02 -4.713839498278801082e-02 3.658340895036858720e-02 1.951815631671479645e-01 4.643676728246030061e-01 1.773362370631866858e-01 3.716434427461880186e-02
-9.716406829707488479e-02 1.616647737747548344e-02 4.915376799287297926e-02 3.033961241716494339e-02 -3.698480161732906751e-02 -4.851390607159668938e-02 3.944444139969596752e-02 1.773362370631866858e-01 4.124222144035938342e-01 2.152849580930272511e-01
-1.954863126288700348e-01 -7.719642528615415500e-02 2.327698213705722829e-03 4.789496328137510944e-02 2.138877886451159838e-02 -3.809320031819325714e-02 -4.232546344355186257e-02 3.716434427461880186e-02 2.152849580930272511e-01 4.534472245020977899e-01
4.313127491903978594e-01 1.967268803006137490e-01 5.410508158021664488e-02 -3.719499605145097643e-02 -5.493121547378539138e-02 -2.253414506464656783e-02 3.651655662658044588e-02 4.853221617759997247e-02 -6.656515186095751657e-02 -2.079577343866437500e-01
1.967268803006137490e-01 4.166850644532401060e-01 2.043574059633275763e-01 8.015032221130780066e-02 -1.926847841366024355e-02 -5.105891412197630097e-02 -1.776703994466108383e-02 5.549706987078724396e-02 6.364445946163688195e-02 -5.180789376771066657e-02
5.410508158021664488e-02 2.043574059633275763e-01 4.036403302802483162e-01 2.123476472333029608e-01 9.894210046293730465e-02 -1.069843038921707706e-02 -4.305237977197649835e-02 -1.707514370820305619e-02 5.425982711920400436e-02 4.840625455439823144e-02
-3.719499605145097643e-02 8.015032221130780066e-02 2.123476472333029608e-01 3.360862216882913311e-01 2.203483685313525064e-01 8.657514079257325190e-02 -2.122070629756032251e-02 -5.925492661170758679e-02 -1.466179311125675143e-02 5.295959603761069001e-02
-5.493121547378539138e-02 -1.926847841366024355e-02 9.894210046293730465e-02 2.203483685313525064e-01 2.735005173962652414e-01 1.965573316429856110e-01 6.531522644811724176e-02 -5.287553618889352658e-02 -6.399656424285601886e-02 1.467001299270135131e-02
-2.253414506464656783e-02 -5.105891412197630097e-02 -1.069843038921707706e-02 8.657514079257325190e-02 1.965573316429856110e-01 4.333121860963023431e-01 1.959580713904438554e-01 3.748954471999829674e-02 -5.405364581716897571e-02 -3.942382663383012242e-02
3.651655662658044588e-02 -1.776703994466108383e-02 -4.305237977197649835e-02 -2.122070629756032251e-02 6.531522644811724176e-02 1.959580713904438554e-01 4.664969312205951568e-01 1.902217088397186728e-01 5.374826421224539186e-02 -3.625330096779910000e-02
4.853221617759997247e-02 5.549706987078724396e-02 -1.707514370820305619e-02 -5.925492661170758679e-02 -5.287553618889352658e-02 3.748954471999829674e-02 1.902217088397186728e-01 4.285917858670097447e-01 2.027698635823439455e-01 5.761177920590511425e-02
-6.656515186095751657e-02 6.364445946163688195e-02 5.425982711920400436e-02 -1.466179311125675143e-02 -6.399656424285601886e-02 -5.405364581716897571e-02 5.374826421224539186e-02 2.027698635823439455e-01 3.695194999458424334e-01 2.056157345917441759e-01
-2.079577343866437500e-01 -5.180789376771066657e-02 4.840625455439823144e-02 5.295959603761069001e-02 1.467001299270135131e-02 -3.942382663383012242e-02 -3.625330096779910000e-02 5.761177920590511425e-02 2.056157345917441759e-01 4.408547138618088002e-01
4.041487625159354558e-01 2.119724333799532789e-01 5.318226199291743728e-02 -5.191558802241735826e-02 -4.895320230049200749e-02 1.772547673032318777e-02 6.274276341700338322e-02 3.379237755544942101e-02 -7.382261683207316794e-02 -2.168308567176888690e-01
2.119724333799532789e-01 3.967895233770843411e-01 1.985770469553702622e-01 6.107108026898065006e-02 -5.093568692469893633e-02 -4.719321578680829576e-02 2.328343971702085541e-02 6.093338466813867649e-02 3.856610850107453081e-02 -8.675159417621786107e-02
5.318226199291743728e-02 1.985770469553702622e-01 4.481295503172373351e-01 2.035066365743109229e-01 4.614850064106573724e-02 -4.668631328956264481e-02 -5.205699691565556647e-02 6.408782112058649706e-03 5.093223064296505814e-02 4.502137687139722011e-02
-5.191558802241735826e-02 6.107108026898065006e-02 2.035066365743109229e-01 4.251776055181099578e-01 1.918293261112490877e-01 5.145960599702711913e-02 -5.206841367781556151e-02 -5.459554274947843455e-02 -4.397076908555011369e-03 5.729272781449522289e-02
-4.895320230049200749e-02 -5.093568692469893633e-02 4.614850064106573724e-02 1.918293261112490877e-01 4.296946320116970530e-01 2.086076235753243358e-01 7.454357839033597111e-02 -4.235947223999124434e-02 -5.774640269195599473e-02 -1.419165651901420355e-02
1.772547673032318777e-02 -4.719321578680829576e-02 -4.668631328956264481e-02 5.145960599702711913e-02 2.086076235753243358e-01 4.248076686689760684e-01 2.084920437564805606e-01 7.164285488261795676e-02 -3.095247402156408451e-02 -5.508290697049639251e-02
6.274276341700338322e-02 2.328343971702085541e-02 -5.205699691565556647e-02 -5.206841367781556151e-02 7.454357839033597111e-02 2.084920437564805606e-01 3.530999205301176280e-01 2.169095426589280895e-01 9.403958826689040595e-02 -2.763456049876626686e-02
