4.229407507697114932e-01 2.592217340429596728e-01 1.187240746043639050e-01 2.060900596887667996e-02 -4.376521445595542292e-02 -6.769047543010933699e-02 -4.474091175769533135e-02 1.198052192659824697e-02 1.125364210611055904e-01 2.750044510367032347e-01
2.592217340429596728e-01 3.122648351646920561e-01 2.239173316889686849e-01 1.366380286556340695e-01 5.601279228343572503e-02 -2.911307505739974336e-02 -7.686901358832386177e-02 -8.471996255597266656e-02 -1.814768190358091032e-02 1.125388443609145334e-01
1.187240746043639050e-01 2.239173316889686849e-01 2.530649282754297014e-01 2.124332041544209904e-01 1.460228278737009111e-01 5.270091818347363843e-02 -3.773885140520275017e-02 -9.317715459425787716e-02 -7.885878587479086543e-02 -1.577882287526805732e-02
2.060900596887667996e-02 1.366380286556340695e-01 2.124332041544209904e-01 2.651213134063343246e-01 2.330726157271191812e-01 1.463208999223907791e-01 3.928016578553895910e-02 -4.695013875188579211e-02 -7.782403925201376860e-02 -7.269046156911908307e-02
-4.376521445595542292e-02 5.601279228343572503e-02 1.460228278737009111e-01 2.330726157271191812e-01 3.009755303193168419e-01 2.417178378245229686e-01 1.347422993426604376e-01 4.411137699590490097e-02 -2.958715881429739569e-02 -7.596217440596114701e-02
-6.769047543010933699e-02 -2.911307505739974336e-02 5.270091818347363843e-02 1.463208999223907791e-01 2.417178378245229686e-01 3.093663521024705432e-01 2.257967481513719621e-01 1.506317098892088757e-01 5.627866879197236660e-02 -2.713333164548023535e-02
-4.474091175769533135e-02 -7.686901358832386177e-02 -3.773885140520275017e-02 3.928016578553895910e-02 1.347422993426604376e-01 2.257967481513719621e-01 2.521636918604379107e-01 2.279996562215361455e-01 1.343820737172571333e-01 5.199147437975822766e-02
1.198052192659824697e-02 -8.471996255597266656e-02 -9.317715459425787716e-02 -4.695013875188579211e-02 4.411137699590490097e-02 1.506317098892088757e-01 2.279996562215361455e-01 3.039904405989661274e-01 2.126245949625106268e-01 1.389206369142786668e-01
1.125364210611055904e-01 -1.814768190358091032e-02 -7.885878587479086543e-02 -7.782403925201376860e-02 -2.958715881429739569e-02 5.627866879197236660e-02 1.343820737172571333e-01 2.126245949625106268e-01 2.206335183988548665e-01 2.191355701596183481e-01
2.750044510367032347e-01 1.125388443609145334e-01 -1.577882287526805732e-02 -7.269046156911908307e-02 -7.596217440596114701e-02 -2.713333164548023535e-02 5.199147437975822766e-02 1.389206369142786668e-01 2.191355701596183481e-01 3.594786391037870787e-01
2.995941492730289091e-01 2.300856190745957375e-01 1.381259949577351986e-01 2.940700804419227321e-02 -5.818159522558264546e-02 -8.436995543894146299e-02 -8.999307928827493530e-02 -3.393883815012756211e-02 1.012366017799995466e-01 2.467602217205857595e-01
2.300856190745957375e-01 2.758399989086699478e-01 2.328425326217229696e-01 1.314269218986207077e-01 2.756573465847467902e-02 -4.349576219939248894e-02 -8.838194022529341498e-02 -8.507370686753461253e-02 -1.518677075670829373e-02 1.254948534143524030e-01
1.381259949577351986e-01 2.328425326217229696e-01 3.227054805800259607e-01 2.477958936214382790e-01 1.488112818142726390e-01 4.576898334600069257e-02 -2.626047768868560589e-02 -6.926409843809451516e-02 -6.685639044921892760e-02 2.428482077500550979e-02
2.940700804419227321e-02 1.314269218986207077e-01 2.477958936214382790e-01 3.085189937794138859e-01 2.446336800411696710e-01 1.362708673867160658e-01 7.127215615258482295e-02 3.156210299416956945e-03 -5.651771543514358398e-02 -5.115184663823112848e-02
-5.818159522558264546e-02 2.756573465847467902e-02 1.488112818142726390e-01 2.446336800411696710e-01 2.974822805297064887e-01 1.992251287341943178e-01 1.481699107839121177e-01 8.072789684756498385e-02 -9.103502972296815404e-03 -7.859862327222279232e-02
-8.436995543894146299e-02 -4.349576219939248894e-02 4.576898334600069257e-02 1.362708673867160658e-01 1.992251287341943178e-01 1.845665050932052131e-01 1.789645711477593493e-01 1.313316515935307738e-01 5.225954091389946321e-02 -5.364569082825191432e-02
-8.999307928827493530e-02 -8.838194022529341498e-02 -2.626047768868560589e-02 7.127215615258482295e-02 1.481699107839121177e-01 1.789645711477593493e-01 2.357843253817495377e-01 2.114301930412977870e-01 1.378200491916935500e-01 -3.333238158639932006e-03
-3.393883815012756211e-02 -8.507370686753461253e-02 -6.926409843809451516e-02 3.156210299416956945e-03 8.072789684756498385e-02 1.313316515935307738e-01 2.114301930412977870e-01 2.662321359330968029e-01 2.488968128063968610e-01 1.064129924067796773e-01
1.012366017799995466e-01 -1.518677075670829373e-02 -6.685639044921892760e-02 -5.651771543514358398e-02 -9.103502972296815404e-03 5.225954091389946321e-02 1.378200491916935500e-01 2.488968128063968610e-01 4.200034638485174443e-01 2.742231394083720075e-01
2.467602217205857595e-01 1.254948534143524030e-01 2.428482077500550979e-02 -5.115184663823112848e-02 -7.859862327222279232e-02 -5.364569082825191432e-02 -3.333238158639932006e-03 1.064129924067796773e-01 2.742231394083720075e-01 3.892726666725838669e-01
3.916034545448070503e-01 2.357223289951606016e-01 1.295725697689781297e-01 3.540205393093129316e-02 -3.693887417152310476e-02 -7.496133313878675097e-02 -6.918976490349168507e-02 1.670693421022552763e-03 1.250949233550411877e-01 2.746704120125008641e-01
2.357223289951606016e-01 2.563809565382186850e-01 2.267580783120638488e-01 1.402685587547316814e-01 5.776417305993714751e-02 -2.559207150154868549e-02 -7.762959014062045804e-02 -6.898123969690778123e-02 -1.594404823223077167e-02 1.109005780923442153e-01
1.295725697689781297e-01 2.267580783120638488e-01 3.135025214147479367e-01 2.345654784650336722e-01 1.520077937810764279e-01 5.282793247969505557e-02 -3.622312457863863244e-02 -8.073553786218587436e-02 -8.881672330534481907e-02 -6.095191964446734084e-03
3.540205393093129316e-02 1.402685587547316814e-01 2.345654784650336722e-01 2.579251244859493974e-01 2.160528521116838740e-01 1.321499252787590450e-01 4.819596781387295442e-02 -3.241412262247427012e-02 -8.439866671968922207e-02 -6.197115094145027453e-02
-3.693887417152310476e-02 5.776417305993714751e-02 1.520077937810764279e-01 2.160528521116838740e-01 2.684026731044315550e-01 2.199253868498356190e-01 1.505637415901309173e-01 5.095287791813679634e-02 -3.223806098391976405e-02 -7.243980642640972245e-02
-7.496133313878675097e-02 -2.559207150154868549e-02 5.282793247969505557e-02 1.321499252787590450e-01 2.199253868498356190e-01 2.731528462358842058e-01 2.449208089128008248e-01 1.410788377722956843e-01 5.470607675627414679e-02 -3.981040260398670955e-02
-6.918976490349168507e-02 -7.762959014062045804e-02 -3.622312457863863244e-02 4.819596781387295442e-02 1.505637415901309173e-01 2.449208089128008248e-01 3.299146985056839454e-01 2.228572591218462573e-01 1.446403366962369930e-01 2.760757866652735482e-02
1.670693421022552763e-03 -6.898123969690778123e-02 -8.073553786218587436e-02 -3.241412262247427012e-02 5.095287791813679634e-02 1.410788377722956843e-01 2.228572591218462573e-01 2.268560616684195397e-01 2.118400173823405674e-01 1.179534017881267161e-01
1.250949233550411877e-01 -1.594404823223077167e-02 -8.881672330534481907e-02 -8.439866671968922207e-02 -3.223806098391976405e-02 5.470607675627414679e-02 1.446403366962369930e-01 2.118400173823405674e-01 3.074762577676807274e-01 2.514249733129376163e-01
2.746704120125008641e-01 1.109005780923442153e-01 -6.095191964446734084e-03 -6.197115094145027453e-02 -7.243980642640972245e-02 -3.981040260398670955e-02 2.760757866652735482e-02 1.179534017881267161e-01 2.514249733129376163e-01 3.747854057341841183e-01
3.607407839146241080e-01 2.369471378164948183e-01 1.281245875364663833e-01 3.761753739213899439e-02 -3.469058433448779510e-02 -7.532223658470987848e-02 -5.867291496607500434e-02 1.884933902941596587e-02 1.406150699514895630e-01 2.675543812306346858e-01
2.369471378164948183e-01 2.916022460118263826e-01 2.389768467158349674e-01 1.552015896721248012e-01 5.104052661662046575e-02 -4.065735960946648131e-02 -8.210698013599737610e-02 -5.920801452928227404e-02 -1.172574726788466054e-02 1.064514759043696523e-01
1.281245875364663833e-01 2.389768467158349674e-01 3.025446318847050398e-01 2.409917017372101011e-01 1.331480054268096014e-01 3.495717717767755223e-02 -4.460342205253362696e-02 -7.411651320215509320e-02 -8.893911594053291458e-02 -1.082652431997194360e-02
3.761753739213899439e-02 1.552015896721248012e-01 2.409917017372101011e-01 2.857561451883436909e-01 2.063924298059683637e-01 1.303166611748152737e-01 4.239285395079095409e-02 -3.588890786084311668e-02 -9.447045536395451415e-02 -6.875546949020688858e-02
-3.469058433448779510e-02 5.104052661662046575e-02 1.331480054268096014e-01 2.063924298059683637e-01 2.367609475882279102e-01 2.289431627499585731e-01 1.527492716881593826e-01 4.691926600384062340e-02 -3.203329120921669798e-02 -6.612705256822040689e-02
-7.532223658470987848e-02 -4.065735960946648131e-02 3.495717717767755223e-02 1.303166611748152737e-01 2.289431627499585731e-01 3.419813225119904265e-01 2.683762378249254787e-01 1.381270761671926639e-01 5.724794873101290288e-02 -3.096106615124750994e-02
-5.867291496607500434e-02 -8.210698013599737610e-02 -4.460342205253362696e-02 4.239285395079095409e-02 1.527492716881593826e-01 2.683762378249254787e-01 3.244348502901717168e-01 1.948733413689340555e-01 1.350139153758937172e-01 3.777948357600176971e-02
1.884933902941596587e-02 -5.920801452928227404e-02 -7.411651320215509320e-02 -3.588890786084311668e-02 4.691926600384062340e-02 1.381270761671926639e-01 1.948733413689340555e-01 1.718018377861400270e-01 1.861483009172921199e-01 1.189135268535083945e-01
1.406150699514895630e-01 -1.172574726788466054e-02 -8.893911594053291458e-02 -9.447045536395451415e-02 -3.203329120921669798e-02 5.724794873101290288e-02 1.350139153758937172e-01 1.861483009172921199e-01 3.113751159940587598e-01 2.632439384597362597e-01
2.675543812306346858e-01 1.064514759043696523e-01 -1.082652431997194360e-02 -6.875546949020688858e-02 -6.612705256822040689e-02 -3.096106615124750994e-02 3.777948357600176971e-02 1.189135268535083945e-01 2.632439384597362597e-01 3.730021188299164070e-01
4.333352152457678463e-01 2.497073404344699599e-01 9.264034984083274749e-02 -4.148478383019466031e-02 -9.081207975119498510e-02 -8.330591031605573404e-02 -2.028602022036180008e-02 5.757657639806129657e-02 1.560461798712249881e-01 2.378866264369542960e-01
2.497073404344699599e-01 2.603997238751353249e-01 2.273509510599474870e-01 9.724767313826679360e-02 -2.416024993653041741e-02 -7.777168238934620281e-02 -6.061968947246482858e-02 -2.520429146838641318e-02 5.110652578107599542e-02 1.270071522567059186e-01
9.264034984083274749e-02 2.273509510599474870e-01 4.523184140448022195e-01 2.969992083539581551e-01 1.159095798203705618e-01 4.096457464644255760e-04 -5.160785207137776054e-02 -7.623135378713433163e-02 -5.978960366296055817e-02 -2.768700667854272560e-03
-4.148478383019466031e-02 9.724767313826679360e-02 2.969992083539581551e-01 3.838963120498116166e-01 2.160843051503754941e-01 1.176648106335417276e-01 3.384258226897142452e-02 -2.445014709433246045e-02 -6.507227673920075450e-02 -6.507445703482922506e-02
-9.081207975119498510e-02 -2.416024993653041741e-02 1.159095798203705618e-01 2.160843051503754941e-01 2.213034274874444707e-01 2.107587481589180411e-01 1.301716361939662669e-01 7.702875062637432046e-02 5.145177295465775888e-03 -5.191607260477155289e-02
-8.330591031605573404e-02 -7.777168238934620281e-02 4.096457464644255760e-04 1.176648106335417276e-01 2.107587481589180411e-01 3.059944714177444958e-01 2.208740813762380961e-01 1.701479518019536064e-01 8.813572129501029417e-02 -6.144315595044318526e-03
-2.028602022036180008e-02 -6.061968947246482858e-02 -5.160785207137776054e-02 3.384258226897142452e-02 1.301716361939662669e-01 2.208740813762380961e-01 2.230647228795804293e-01 2.111373085463288390e-01 1.416516198490889999e-01 5.196081973388641528e-02
5.757657639806129657e-02 -2.520429146838641318e-02 -7.623135378713433163e-02 -2.445014709433246045e-02 7.702875062637432046e-02 1.701479518019536064e-01 2.111373085463288390e-01 2.694224996520905302e-01 2.153297505274723300e-01 1.204105326515217955e-01
1.560461798712249881e-01 5.110652578107599542e-02 -5.978960366296055817e-02 -6.507227673920075450e-02 5.145177295465775888e-03 8.813572129501029417e-02 1.416516198490889999e-01 2.153297505274723300e-01 2.488771888349715355e-01 1.855657556788685159e-01
2.378866264369542960e-01 1.270071522567059186e-01 -2.768700667854272560e-03 -6.507445703482922506e-02 -5.191607260477155289e-02 -6.144315595044318526e-03 5.196081973388641528e-02 1.204105326515217955e-01 1.855657556788685159e-01 2.013880245126516422e-01
3.751280443278046106e-01 2.368073286788791587e-01 1.250888961473943795e-01 5.285695860317213279e-02 -1.007446975181294085e-02 -5.793313772836725106e-02 -5.795962266026238180e-02 1.353678562885696560e-02 1.283642964645968498e-01 2.803107733656338141e-01
2.368073286788791587e-01 2.591241257596405001e-01 1.989021081105782351e-01 1.449878844384068777e-01 8.287719013636757337e-02 -1.896274430000693262e-02 -8.916637919303385673e-02 -6.867342936466683256e-02 -6.242214870821041414e-03 1.236383273943003902e-01
1.250888961473943795e-01 1.989021081105782351e-01 2.188235344390195569e-01 2.007408652040092722e-01 1.529567264981318009e-01 4.464841826677774794e-02 -6.075389190431773612e-02 -8.439768295360899897e-02 -7.237544613482552180e-02 1.047630984652623415e-02
5.285695860317213279e-02 1.449878844384068777e-01 2.007408652040092722e-01 2.498926553263060013e-01 2.343992199463098836e-01 1.266038364404558081e-01 4.964369696325749391e-03 -6.376130304540747473e-02 -9.133386004119123380e-02 -5.299325880173034325e-02
-1.007446975181294085e-02 8.287719013636757337e-02 1.529567264981318009e-01 2.343992199463098836e-01 3.281496492777107310e-01 2.415692356774844507e-01 1.254428485316555764e-01 6.662565201955011375e-03 -6.372538001449121192e-02 -7.673949349668977848e-02
-5.793313772836725106e-02 -1.896274430000693262e-02 4.464841826677774794e-02 1.266038364404558081e-01 2.415692356774844507e-01 3.205650649450760836e-01 2.650770937692455975e-01 1.292461743016314890e-01 3.930751633333445794e-02 -3.849589696355776997e-02
-5.795962266026238180e-02 -8.916637919303385673e-02 -6.075389190431773612e-02 4.964369696325749391e-03 1.254428485316555764e-01 2.650770937692455975e-01 3.947363170597298909e-01 2.302138661155082033e-01 1.416037014893374024e-01 3.838119166826668704e-02
1.353678562885696560e-02 -6.867342936466683256e-02 -8.439768295360899897e-02 -6.376130304540747473e-02 6.662565201955011375e-03 1.292461743016314890e-01 2.302138661155082033e-01 2.082782492425861443e-01 1.865610322689203460e-01 1.189528092466225484e-01
1.283642964645968498e-01 -6.242214870821041414e-03 -7.237544613482552180e-02 -9.133386004119123380e-02 -6.372538001449121192e-02 3.930751633333445794e-02 1.416037014893374024e-01 1.865610322689203460e-01 2.529595786702432680e-01 2.411601973483466776e-01
2.803107733656338141e-01 1.236383273943003902e-01 1.047630984652623415e-02 -5.299325880173034325e-02 -7.673949349668977848e-02 -3.849589696355776997e-02 3.838119166826668704e-02 1.189528092466225484e-01 2.411601973483466776e-01 3.923427809518870157e-01
1.914815471457144147e-01 2.097438060824511896e-01 1.518524794304615677e-01 4.654120001675392249e-02 -5.399127876741025706e-02 -8.822457351942196435e-02 -4.817565892619261186e-02 5.439746454259897224e-02 1.285317911701308879e-01 1.566019863353147468e-01
2.097438060824511896e-01 3.086296509305582192e-01 2.597832896388676538e-01 1.430112858165386580e-01 1.118385522826722406e-02 -6.971707163483337188e-02 -7.995489419026495514e-02 -1.222136470212116868e-02 7.143989471298686778e-02 1.323101819304179083e-01
1.518524794304615677e-01 2.597832896388676538e-01 3.404061490070001139e-01 2.411693771435473865e-01 1.179496163990353119e-01 1.162516734378542249e-02 -5.734790021960096962e-02 -5.776895544600139931e-02 -2.065851248816381186e-03 6.919873999005654586e-02
4.654120001675392249e-02 1.430112858165386580e-01 2.411693771435473865e-01 2.945875055372954576e-01 2.344929230959149069e-01 1.383135372544709307e-01 2.931251854786955449e-02 -6.159451085878473592e-02 -7.199266015580664535e-02 -2.350795708735875164e-02
-5.399127876741025706e-02 1.118385522826722406e-02 1.179496163990353119e-01 2.344929230959149069e-01 3.188525155813142220e-01 2.525442291828409180e-01 1.375940699772385811e-01 -7.584037452207894464e-03 -8.482720760778107716e-02 -8.374212003636115342e-02
-8.822457351942196435e-02 -6.971707163483337188e-02 1.162516734378542249e-02 1.383135372544709307e-01 2.525442291828409180e-01 3.219690850156535777e-01 2.411187279744599898e-01 1.023715035213782903e-01 -2.072213603338498439e-02 -7.378311920704988536e-02
-4.817565892619261186e-02 -7.995489419026495514e-02 -5.734790021960096962e-02 2.931251854786955449e-02 1.375940699772385811e-01 2.411187279744599898e-01 3.228479680296921783e-01 2.542868749745067491e-01 1.262591944235553210e-01 1.634555893585312725e-02
5.439746454259897224e-02 -1.222136470212116868e-02 -5.776895544600139931e-02 -6.159451085878473592e-02 -7.584037452207894464e-03 1.023715035213782903e-01 2.542868749745067491e-01 4.023252609752862585e-01 2.729625920876322387e-01 1.404643638619244572e-01
1.285317911701308879e-01 7.143989471298686778e-02 -2.065851248816381186e-03 -7.199266015580664535e-02 -8.482720760778107716e-02 -2.072213603338498439e-02 1.262591944235553210e-01 2.729625920876322387e-01 3.173205948314695712e-01 2.033512003305890659e-01
1.566019863353147468e-01 1.323101819304179083e-01 6.919873999005654586e-02 -2.350795708735875164e-02 -8.374212003636115342e-02 -7.378311920704988536e-02 1.634555893585312725e-02 1.404643638619244572e-01 2.033512003305890659e-01 1.815797229460132112e-01
2.790877367693699873e-01 2.470730701222220993e-01 1.340843664045336392e-01 3.351455066049557896e-02 -4.303617421510218255e-02 -6.374548196398913125e-02 -2.033282068399556650e-02 5.709340912837526649e-02 1.328553775334241072e-01 2.332516599421703418e-01
2.470730701222220993e-01 3.693330025352890011e-01 2.505643243851233826e-01 1.428626044171102116e-01 4.880839217789406659e-02 -4.183368487169446259e-02 -7.831859908606410292e-02 -4.117598555433568674e-02 3.092996356782483705e-02 1.373690955288502380e-01
1.340843664045336392e-01 2.505643243851233826e-01 2.717576358699986816e-01 2.061437538153953197e-01 1.349058909703647613e-01 3.014300066026092892e-02 -6.601789377580094542e-02 -8.481135773628348251e-02 -5.336263242876910368e-02 2.020280345266178140e-02
3.351455066049557896e-02 1.428626044171102116e-01 2.061437538153953197e-01 2.329154549226046533e-01 2.187271878726697594e-01 1.265699810658773850e-01 2.626830751681619863e-03 -7.212298862306250335e-02 -8.574072313121071376e-02 -5.907989581275735480e-02
-4.303617421510218255e-02 4.880839217789406659e-02 1.349058909703647613e-01 2.187271878726697594e-01 3.219058831969151546e-01 2.608212416499336994e-01 1.258865921687878364e-01 -6.197127661859513567e-03 -7.271583888724736378e-02 -9.358233192240911213e-02
-6.374548196398913125e-02 -4.183368487169446259e-02 3.014300066026092892e-02 1.265699810658773850e-01 2.608212416499336994e-01 3.811054753657572292e-01 2.651997348348988925e-01 1.234304854998787004e-01 2.179460469578929638e-02 -4.477881582386784853e-02
-2.033282068399556650e-02 -7.831859908606410292e-02 -6.601789377580094542e-02 2.626830751681619863e-03 1.258865921687878364e-01 2.651997348348988925e-01 3.447360788609988291e-01 2.323078620444942455e-01 1.353726132257462578e-01 6.293917683245967010e-02
5.709340912837526649e-02 -4.117598555433568674e-02 -8.481135773628348251e-02 -7.212298862306250335e-02 -6.197127661859513567e-03 1.234304854998787004e-01 2.323078620444942455e-01 2.538952127173692563e-01 2.025141407105893188e-01 1.517797143952674954e-01
1.328553775334241072e-01 3.092996356782483705e-02 -5.336263242876910368e-02 -8.574072313121071376e-02 -7.271583888724736378e-02 2.179460469578929638e-02 1.353726132257462578e-01 2.025141407105893188e-01 2.310866868847280542e-01 2.234890551041993079e-01
2.332516599421703418e-01 1.373690955288502380e-01 2.020280345266178140e-02 -5.907989581275735480e-02 -9.358233192240911213e-02 -4.477881582386784853e-02 6.293917683245967010e-02 1.517797143952674954e-01 2.234890551041993079e-01 3.141768328769689589e-01
3.456724769607325554e-01 2.269577911739442122e-01 1.230674745140937498e-01 2.633307839677492823e-02 -5.010984864816135642e-02 -8.531343023455754959e-02 -6.170325940384620289e-02 2.123243654682552967e-02 1.503474549697308427e-01 2.620373589927355029e-01
2.269577911739442122e-01 2.643779349248805421e-01 2.303249700165992397e-01 1.475982486849208852e-01 2.594642461362878239e-02 -6.338147750692195437e-02 -8.978013274552730516e-02 -4.955859868843544291e-02 9.384141371263265280e-03 1.172885961595283577e-01
1.230674745140937498e-01 2.303249700165992397e-01 3.200559391596994874e-01 2.657912303650140640e-01 1.279419695763298614e-01 1.701341383731688403e-02 -5.420585699006396502e-02 -6.745235768503478335e-02 -7.602736733090609267e-02 2.710497030652667550e-03
2.633307839677492823e-02 1.475982486849208852e-01 2.657912303650140640e-01 3.633020958846072679e-01 2.245390300515698045e-01 1.265567229258281745e-01 3.823229189264359257e-02 -3.017611701132508900e-02 -8.729577185207162970e-02 -6.394422145138325964e-02
-5.010984864816135642e-02 2.594642461362878239e-02 1.279419695763298614e-01 2.245390300515698045e-01 2.392667914598227974e-01 2.213959870231377858e-01 1.508249368323762440e-01 5.535873519708499335e-02 -1.529416195388218908e-02 -5.916896518537959060e-02
-8.531343023455754959e-02 -6.338147750692195437e-02 1.701341383731688403e-02 1.265567229258281745e-01 2.213959870231377858e-01 3.175236367637325197e-01 2.582179046119187360e-01 1.374053211719906686e-01 7.098128184785953976e-02 -2.480585652609815228e-02
-6.170325940384620289e-02 -8.978013274552730516e-02 -5.420585699006396502e-02 3.823229189264359257e-02 1.508249368323762440e-01 2.582179046119187360e-01 3.106421750854321262e-01 1.872880930342247230e-01 1.419186677839427979e-01 3.919646488087852321e-02
2.123243654682552967e-02 -4.955859868843544291e-02 -6.745235768503478335e-02 -3.017611701132508900e-02 5.535873519708499335e-02 1.374053211719906686e-01 1.872880930342247230e-01 1.602057558836031959e-01 1.862193965813506158e-01 1.131890366967464312e-01
1.503474549697308427e-01 9.384141371263265280e-03 -7.602736733090609267e-02 -8.729577185207162970e-02 -1.529416195388218908e-02 7.098128184785953976e-02 1.419186677839427979e-01 1.862193965813506158e-01 3.345270170062932258e-01 2.627847363165659589e-01
2.620373589927355029e-01 1.172885961595283577e-01 2.710497030652667550e-03 -6.394422145138325964e-02 -5.916896518537959060e-02 -2.480585652609815228e-02 3.919646488087852321e-02 1.131890366967464312e-01 2.627847363165659589e-01 3.444261768711972538e-01
3.509434792187359209e-01 2.470366845520299837e-01 1.521987352021687001e-01 3.791987111705136249e-02 -4.857200366116755375e-02 -7.808245118944517893e-02 -4.559329512937686929e-02 3.092636294685364301e-02 1.342053957550748133e-01 2.400007777151537958e-01
2.470366845520299837e-01 2.829001838947426961e-01 2.396838501138823241e-01 1.246541364664171675e-01 3.828067709374551042e-02 -4.115671215289343904e-02 -7.512874001416323944e-02 -5.819101158769991733e-02 1.562199975821504036e-02 1.254566842588886733e-01
1.521987352021687001e-01 2.396838501138823241e-01 3.171468095999680492e-01 2.098654791192286206e-01 1.401915470450175727e-01 3.767364467855249116e-02 -5.416157658721108825e-02 -9.470215409715698751e-02 -6.835732301105079678e-02 2.473973465509714253e-02
3.791987111705136249e-02 1.246541364664171675e-01 2.098654791192286206e-01 2.169454633016045242e-01 2.215173246418094544e-01 1.340632437487467854e-01 2.911536916566258640e-02 -5.324093096917058981e-02 -7.913627195422115457e-02 -4.517381812397966434e-02
-4.857200366116755375e-02 3.828067709374551042e-02 1.401915470450175727e-01 2.215173246418094544e-01 3.521483540035770243e-01 2.622542975241934360e-01 1.428140407001270151e-01 2.518913671459005466e-02 -5.513676675961208529e-02 -8.033313804915913348e-02
-7.808245118944517893e-02 -4.115671215289343904e-02 3.767364467855249116e-02 1.340632437487467854e-01 2.622542975241934360e-01 3.226454552854831070e-01 2.334550470667292599e-01 1.289044820802649760e-01 3.274741866682284730e-02 -4.556646381706574989e-02
-4.559329512937686929e-02 -7.512874001416323944e-02 -5.416157658721108825e-02 2.911536916566258640e-02 1.428140407001270151e-01 2.334550470667292599e-01 2.739323595196627714e-01 2.245344098472082384e-01 1.419762970382645872e-01 4.347119684760833436e-02
3.092636294685364301e-02 -5.819101158769991733e-02 -9.470215409715698751e-02 -5.324093096917058981e-02 2.518913671459005466e-02 1.289044820802649760e-01 2.245344098472082384e-01 2.916447345693383708e-01 2.416474585102158235e-01 1.427413566654576194e-01
1.342053957550748133e-01 1.562199975821504036e-02 -6.835732301105079678e-02 -7.913627195422115457e-02 -5.513676675961208529e-02 3.274741866682284730e-02 1.419762970382645872e-01 2.416474585102158235e-01 3.085364098671712907e-01 2.349724964582262654e-01
2.400007777151537958e-01 1.254566842588886733e-01 2.473973465509714253e-02 -4.517381812397966434e-02 -8.033313804915913348e-02 -4.556646381706574989e-02 4.347119684760833436e-02 1.427413566654576194e-01 2.349724964582262654e-01 2.831567507397195760e-01
2.400775543236277898e-01 2.118818693949360288e-01 1.243203326185702562e-01 2.376517395795798085e-02 -6.003880696243571458e-02 -6.981716204223507860e-02 -2.427003530376464074e-02 5.219612756154468070e-02 1.457358465781861678e-01 2.351851054736218138e-01
2.118818693949360288e-01 3.036991524962879829e-01 2.472836827657705072e-01 1.412850688402252641e-01 -5.900481971207127696e-03 -8.773187432890748594e-02 -8.965405072920550056e-02 -3.793252800506717592e-02 4.044281410444473812e-02 1.352832909493740243e-01
1.243203326185702562e-01 2.472836827657705072e-01 3.283025966998242562e-01 2.591950266078759668e-01 1.088878477383913579e-01 -2.368648516624409506e-02 -8.092198259743964284e-02 -7.843417369659393124e-02 -4.803691220024861042e-02 2.524983900033210896e-02
2.376517395795798085e-02 1.412850688402252641e-01 2.591950266078759668e-01 3.676523494620605459e-01 2.520711419211467685e-01 1.161509529112579320e-01 1.005642285656444847e-02 -4.991271411213916986e-02 -7.800912756529963799e-02 -5.929853998049888081e-02
-6.003880696243571458e-02 -5.900481971207127696e-03 1.088878477383913579e-01 2.520711419211467685e-01 3.496925811311691334e-01 2.568634512077309084e-01 1.474734221055883088e-01 5.030181436358105440e-02 -2.464008785027039378e-02 -7.021306943646013488e-02
-6.981716204223507860e-02 -8.773187432890748594e-02 -2.368648516624409506e-02 1.161509529112579320e-01 2.568634512077309084e-01 3.247315070741071952e-01 2.357527443494802366e-01 1.364746981593501218e-01 6.148488499465373791e-02 -1.541949254280194047e-02
-2.427003530376464074e-02 -8.965405072920550056e-02 -8.092198259743964284e-02 1.005642285656444847e-02 1.474734221055883088e-01 2.357527443494802366e-01 2.500331992601820263e-01 1.855799520782812073e-01 1.344219110258182137e-01 6.510432604933055756e-02
5.219612756154468070e-02 -3.793252800506717592e-02 -7.843417369659393124e-02 -4.991271411213916986e-02 5.030181436358105440e-02 1.364746981593501218e-01 1.855799520782812073e-01 1.986678816705216566e-01 1.974746687824777136e-01 1.489204277961733713e-01
1.457358465781861678e-01 4.044281410444473812e-02 -4.803691220024861042e-02 -7.800912756529963799e-02 -2.464008785027039378e-02 6.148488499465373791e-02 1.344219110258182137e-01 1.974746687824777136e-01 2.757355524968766458e-01 2.563942948801547494e-01
2.351851054736218138e-01 1.352832909493740243e-01 2.524983900033210896e-02 -5.929853998049888081e-02 -7.021306943646013488e-02 -1.541949254280194047e-02 6.510432604933055756e-02 1.489204277961733713e-01 2.563942948801547494e-01 3.614076253853383269e-01
2.958964315360964603e-01 2.523117839585538036e-01 1.045567056684482410e-01 -3.757367351276501982e-02 -7.493717068611385757e-02 -7.504462557685960544e-02 -2.941962337528120433e-02 5.147888287262480239e-02 1.530113087092465074e-01 2.186394015090820375e-01
2.523117839585538036e-01 3.636348956787706088e-01 2.502122174607428473e-01 9.997317102983911685e-02 -1.951069397250064508e-02 -7.832226426168500955e-02 -8.176875335962016655e-02 -1.913910440741248276e-02 6.393291374854123688e-02 1.446017302403491689e-01
1.045567056684482410e-01 2.502122174607428473e-01 3.821977059907197272e-01 2.810842443790176337e-01 1.183691461414950186e-01 2.093181044878748148e-02 -4.486140959481968449e-02 -5.598780960523625644e-02 -5.331980107950873987e-02 5.232386927018967127e-03
-3.757367351276501982e-02 9.997317102983911685e-02 2.810842443790176337e-01 4.117048843264921043e-01 2.194519589759368894e-01 1.265050604673588763e-01 4.640356771171012806e-02 -2.869938912537597225e-02 -8.973920385132447275e-02 -8.605151376135009023e-02
-7.493717068611385757e-02 -1.951069397250064508e-02 1.183691461414950186e-01 2.194519589759368894e-01 1.929524664333830408e-01 1.799879759487905961e-01 1.376236007640966319e-01 5.157613840579333003e-02 -2.230858332787081372e-02 -6.636773355222061466e-02
-7.504462557685960544e-02 -7.832226426168500955e-02 2.093181044878748148e-02 1.265050604673588763e-01 1.799879759487905961e-01 2.513232854000188587e-01 2.510022101187402432e-01 1.420097763824341719e-01 6.360872544941040263e-02 -2.228350436301509280e-02
-2.941962337528120433e-02 -8.176875335962016655e-02 -4.486140959481968449e-02 4.640356771171012806e-02 1.376236007640966319e-01 2.510022101187402432e-01 3.780827123927695821e-01 2.284914225745287020e-01 1.544833019895816006e-01 5.130960321724631346e-02
5.147888287262480239e-02 -1.913910440741248276e-02 -5.598780960523625644e-02 -2.869938912537597225e-02 5.157613840579333003e-02 1.420097763824341719e-01 2.284914225745287020e-01 2.043775132181158138e-01 1.976424287730595419e-01 1.166112501899649184e-01
1.530113087092465074e-01 6.393291374854123688e-02 -5.331980107950873987e-02 -8.973920385132447275e-02 -2.230858332787081372e-02 6.360872544941040263e-02 1.544833019895816006e-01 1.976424287730595419e-01 2.861521895353982825e-01 2.144683095941524453e-01
2.186394015090820375e-01 1.446017302403491689e-01 5.232386927018967127e-03 -8.605151376135009023e-02 -6.636773355222061466e-02 -2.228350436301509280e-02 5.130960321724631346e-02 1.166112501899649184e-01 2.144683095941524453e-01 2.336779154882340226e-01
4.084841799862745093e-01 2.640301901766071158e-01 1.317696463919393324e-01 3.098741235949842993e-02 -4.288547148112935303e-02 -8.140864509958357920e-02 -3.609794435144117464e-02 2.821897288492045131e-02 1.280613085611156388e-01 2.482023657147681694e-01
2.640301901766071158e-01 3.028294687259918128e-01 2.150098968118934473e-01 1.392826973436678550e-01 3.367057779865459399e-02 -5.371620596717539831e-02 -6.587975586719874155e-02 -6.109503744112491225e-02 3.578164391338630769e-03 1.229818309159505518e-01
1.317696463919393324e-01 2.150098968118934473e-01 2.362311925268881785e-01 2.264713720749647052e-01 1.191228129096160854e-01 2.749494548757099727e-02 -4.273080759017988672e-02 -8.793067306244300996e-02 -7.475164233503289735e-02 8.676663142322776218e-03
3.098741235949842993e-02 1.392826973436678550e-01 2.264713720749647052e-01 3.491955623233143902e-01 2.304430367289046211e-01 1.463005593552663963e-01 1.970212984569512035e-02 -6.676149463052113986e-02 -9.857819875156043077e-02 -6.155256694157983099e-02
-4.288547148112935303e-02 3.367057779865459399e-02 1.191228129096160854e-01 2.304430367289046211e-01 2.461795464434513303e-01 2.444142880116929595e-01 1.109155540365464876e-01 3.401545101152181338e-02 -3.204594598932075655e-02 -5.715185322442724314e-02
-8.140864509958357920e-02 -5.371620596717539831e-02 2.749494548757099727e-02 1.463005593552663963e-01 2.444142880116929595e-01 4.174387186056600085e-01 2.205602487888262964e-01 1.485117956772542547e-01 6.200249746991053079e-02 -2.146356841980496741e-02
-3.609794435144117464e-02 -6.587975586719874155e-02 -4.273080759017988672e-02 1.970212984569512035e-02 1.109155540365464876e-01 2.205602487888262964e-01 1.897588511291051494e-01 1.923102250510547728e-01 1.324815770771105017e-01 5.178794760236064137e-02
2.821897288492045131e-02 -6.109503744112491225e-02 -8.793067306244300996e-02 -6.676149463052113986e-02 3.401545101152181338e-02 1.485117956772542547e-01 1.923102250510547728e-01 2.787033014503469963e-01 2.351862565036267338e-01 1.419975830812717776e-01
1.280613085611156388e-01 3.578164391338630769e-03 -7.475164233503289735e-02 -9.857819875156043077e-02 -3.204594598932075655e-02 6.200249746991053079e-02 1.324815770771105017e-01 2.351862565036267338e-01 2.953946771406698035e-01 2.274427706646712233e-01
2.482023657147681694e-01 1.229818309159505518e-01 8.676663142322776218e-03 -6.155256694157983099e-02 -5.715185322442724314e-02 -2.146356841980496741e-02 5.178794760236064137e-02 1.419975830812717776e-01 2.274427706646712233e-01 2.757845016683014849e-01
2.232054169642173069e-01 2.105586858173165155e-01 1.402691400155617607e-01 3.536876192911649758e-02 -4.750962602528599477e-02 -7.097301547590759152e-02 -4.436279944455673308e-02 3.585596492349471531e-02 1.405989014847025265e-01 2.142578660289257975e-01
2.105586858173165155e-01 3.300477519341555310e-01 2.790968907853004777e-01 1.441274636309362034e-01 2.677975289255416988e-02 -5.433090885768859790e-02 -8.484780657384118074e-02 -5.194965013878057036e-02 1.664510110536672471e-02 1.087798877328051139e-01
1.402691400155617607e-01 2.790968907853004777e-01 3.847180567032948417e-01 2.273730292445024226e-01 1.183452752132582997e-01 1.700093111989168376e-02 -5.442118979978776555e-02 -7.476699741534983956e-02 -6.086089627822822284e-02 1.640079134175432066e-02
3.536876192911649758e-02 1.441274636309362034e-01 2.273730292445024226e-01 2.173747149229498798e-01 2.010148918363672821e-01 1.244087799751191770e-01 4.925304400913349534e-02 -2.553810387609598692e-02 -7.257385026250023907e-02 -5.171846802701628859e-02
-4.750962602528599477e-02 2.677975289255416988e-02 1.183452752132582997e-01 2.010148918363672821e-01 3.157186177335904453e-01 2.554441811343978186e-01 1.736328303557239661e-01 5.285895766922731054e-02 -4.700058595524507499e-02 -8.231756710115234466e-02
-7.097301547590759152e-02 -5.433090885768859790e-02 1.700093111989168376e-02 1.244087799751191770e-01 2.554441811343978186e-01 3.114949317138664964e-01 2.491976913249614456e-01 1.241239145773747748e-01 2.530593914245608117e-02 -4.794226722735434043e-02
-4.436279944455673308e-02 -8.484780657384118074e-02 -5.442118979978776555e-02 4.925304400913349534e-02 1.736328303557239661e-01 2.491976913249614456e-01 2.930244894298478786e-01 1.919163302341207467e-01 1.214501156178655755e-01 3.470178256194879352e-02
3.585596492349471531e-02 -5.194965013878057036e-02 -7.476699741534983956e-02 -2.553810387609598692e-02 5.285895766922731054e-02 1.241239145773747748e-01 1.919163302341207467e-01 2.071111367685693760e-01 2.222869150245181669e-01 1.455864048559706858e-01
1.405989014847025265e-01 1.664510110536672471e-02 -6.086089627822822284e-02 -7.257385026250023907e-02 -4.700058595524507499e-02 2.530593914245608117e-02 1.214501156178655755e-01 2.222869150245181669e-01 3.735939061372426373e-01 2.807331459379234229e-01
2.142578660289257975e-01 1.087798877328051139e-01 1.640079134175432066e-02 -5.171846802701628859e-02 -8.231756710115234466e-02 -4.794226722735434043e-02 3.470178256194879352e-02 1.455864048559706858e-01 2.807331459379234229e-01 3.437109776922671056e-01
2.246969942308124080e-01 2.153987047328675408e-01 1.336245133047561096e-01 3.746194946780307539e-02 -5.110897777436020084e-02 -7.292512716825737262e-02 -2.061129280216169105e-02 6.671295285380049456e-02 1.431210995992973634e-01 2.090571448153833445e-01
2.153987047328675408e-01 2.980669401172865163e-01 2.323213317123695998e-01 1.401548059695209014e-01 1.986816593670379799e-02 -6.997348062949353131e-02 -7.473475666179982269e-02 -4.572344147986534373e-03 7.854529988956471254e-02 1.565125086044434344e-01
1.336245133047561096e-01 2.323213317123695998e-01 2.825030985825531804e-01 2.427655675282850423e-01 1.301285116995178626e-01 -2.860026706371142022e-03 -7.840472983993988787e-02 -6.450964165345832169e-02 -1.052118119380900454e-02 6.256243810390736682e-02
3.746194946780307539e-02 1.401548059695209014e-01 2.427655675282850423e-01 3.458028660131956533e-01 2.575217969212968416e-01 1.154755446065965779e-01 -2.048218763003040871e-02 -7.865986297047226905e-02 -7.794982101883173031e-02 -3.687852560636065147e-02
-5.110897777436020084e-02 1.986816593670379799e-02 1.301285116995178626e-01 2.575217969212968416e-01 3.459551387851036997e-01 2.483487720560463852e-01 1.131862608059737429e-01 -1.081308884501552305e-02 -7.454362873840869597e-02 -8.743836880032984649e-02
-7.292512716825737262e-02 -6.997348062949353131e-02 -2.860026706371142022e-03 1.154755446065965779e-01 2.483487720560463852e-01 3.477180751718723095e-01 2.650678880757686429e-01 1.276281174653825790e-01 2.050881946385375507e-02 -4.977573921792850797e-02
-2.061129280216169105e-02 -7.473475666179982269e-02 -7.840472983993988787e-02 -2.048218763003040871e-02 1.131862608059737429e-01 2.650678880757686429e-01 3.776040141289694896e-01 2.446940211696332912e-01 1.379691642590105960e-01 5.110902629437349964e-02
6.671295285380049456e-02 -4.572344147986534373e-03 -6.450964165345832169e-02 -7.865986297047226905e-02 -1.081308884501552305e-02 1.276281174653825790e-01 2.446940211696332912e-01 2.639074807501021191e-01 2.098266358737828075e-01 1.429055893049059611e-01
1.431210995992973634e-01 7.854529988956471254e-02 -1.052118119380900454e-02 -7.794982101883173031e-02 -7.454362873840869597e-02 2.050881946385375507e-02 1.379691642590105960e-01 2.098266358737828075e-01 2.465046482361804847e-01 2.164459137989065973e-01
2.090571448153833445e-01 1.565125086044434344e-01 6.256243810390736682e-02 -3.687852560636065147e-02 -8.743836880032984649e-02 -4.977573921792850797e-02 5.110902629437349964e-02 1.429055893049059611e-01 2.164459137989065973e-01 2.672407439839287746e-01
2.608143307467479799e-01 2.144402929570750627e-01 1.395616172565548596e-01 4.868580439944994454e-02 -3.454142452633264526e-02 -6.445604772336424593e-02 -2.272899627854785970e-02 5.826310283479104596e-02 1.449177682275803181e-01 2.390058515847039433e-01
2.144402929570750627e-01 2.699576174762250980e-01 2.378146648416460396e-01 1.419900738695546727e-01 4.654919712057972031e-02 -5.345692532702840671e-02 -8.084328521701059089e-02 -3.103701639364825349e-02 4.691568348666518007e-02 1.402413574788415884e-01
1.395616172565548596e-01 2.378146648416460396e-01 3.196603101656075308e-01 2.272074522789431783e-01 1.387795386792952668e-01 1.607331195784658055e-03 -8.911067822979364117e-02 -8.647178088934609486e-02 -4.018795847560384382e-02 4.169048010428323681e-02
4.868580439944994454e-02 1.419900738695546727e-01 2.272074522789431783e-01 2.437055102293502473e-01 2.265191689674402598e-01 1.070824829882712770e-01 -1.982832466084569548e-02 -7.390505224627311187e-02 -7.472213776653732764e-02 -3.677902060568676024e-02
-3.454142452633264526e-02 4.654919712057972031e-02 1.387795386792952668e-01 2.265191689674402598e-01 3.628810629907310847e-01 2.693528752444527274e-01 1.183823358693761180e-01 -6.886968772358071852e-03 -6.819646494302156192e-02 -8.334557806728756790e-02
-6.445604772336424593e-02 -5.345692532702840671e-02 1.607331195784658055e-03 1.070824829882712770e-01 2.693528752444527274e-01 4.044171278375210399e-01 2.645514050610449086e-01 1.237991458214242474e-01 2.672554105118588735e-02 -4.077373058864495331e-02
-2.272899627854785970e-02 -8.084328521701059089e-02 -8.911067822979364117e-02 -1.982832466084569548e-02 1.183823358693761180e-01 2.645514050610449086e-01 3.248077095881087284e-01 2.189410697381220239e-01 1.320166364536777825e-01 6.017457014922819591e-02
