1.304672534675919704e-01 1.516091941628074646e-01 2.086857223236824044e-01 9.424325987107563807e-02 2.524481271913632807e-01 3.176513592893709381e-02 1.351620250067976300e-02 5.734998579140745609e-03 7.953955404763082826e-03 1.035761505699587109e-01
2.893092801621084953e-01 8.140484689444965616e-02 5.416818680640052286e-02 1.667351025762933980e-01 2.262124042885036990e-01 1.033221897027956637e-01 2.794451237100802760e-02 6.406769543912736557e-03 1.254925838494833253e-02 3.194744926957952813e-02
3.439024522343652607e-02 1.451395436860928312e-01 1.752896438494421297e-02 3.056978657994376125e-02 2.006804184555183168e-01 6.848217718314791869e-02 2.301346309308550664e-01 1.651006294564776600e-01 7.314386381972792783e-02 3.482974027985604598e-02
1.054933022277661052e-02 3.432848905567774389e-02 3.213828510966542651e-01 1.139832604863499632e-01 4.376710834378383375e-02 2.610145056423040510e-01 1.408899126461906903e-01 5.291969173191873876e-02 1.810423663472308584e-02 3.060614139621033181e-03
4.335658372973194563e-02 5.446179544011668823e-03 4.471408847780867710e-03 8.185699602725932805e-03 2.423010051589920277e-02 2.449034422699367386e-01 1.475282740576060458e-01 1.448337800553050891e-01 2.652861143826221180e-01 1.117584169943807021e-01
2.184669486194112942e-02 3.068562051890709741e-01 2.094494058273168313e-01 1.082348518513730762e-01 1.781125315598949821e-01 5.524586318317878386e-02 2.835002319453136868e-02 5.842221355160129997e-02 1.928155343041482173e-02 1.420065735067695123e-02
2.430748413402509037e-02 2.495447362756044729e-01 2.534706967713287740e-01 3.451316702998536573e-02 9.722399676115503486e-03 6.284817455871441992e-03 4.142211538736156190e-02 1.243325381950425440e-01 2.026049324348718206e-01 5.379711263979389257e-02
1.723393552398242434e-01 9.984619487618372202e-02 2.788612155869640147e-02 1.780007511782084190e-02 6.213362686447197053e-02 3.742694918958851535e-01 4.233270661980931965e-02 2.049747344578115721e-02 1.064558622727178466e-01 7.643909210880962812e-02
6.027092329212422467e-03 1.145177480034030928e-02 4.542157900121793213e-02 1.316841816860555570e-01 1.171478408152723250e-01 8.070991441105575259e-02 6.852172313052702635e-02 3.697131974136516064e-01 1.591871168020163041e-01 1.013557961065107531e-02
2.679542128111929433e-02 5.911167722986947204e-02 8.954661208891262492e-02 3.923873659917106460e-01 2.676522211008762753e-01 8.438138813796386417e-02 5.728826945783507124e-02 1.170827871800074645e-02 4.796752240086655898e-03 6.332013753625494526e-03
2.976093428188790191e-01 2.010672810841776792e-01 9.514651643146862514e-02 2.200584746920023621e-02 7.908336082338438336e-03 5.592764675169482023e-03 8.002243300671691567e-03 4.599175651044348778e-02 9.797060726310329037e-02 2.187053043645482142e-01
2.209209432524709693e-01 2.878435363472616956e-02 1.825402748917080015e-02 8.093717927140982316e-03 4.822454181371412657e-02 3.598623381660046028e-01 3.068718164523186534e-02 8.725887128042048024e-02 1.248896350006885175e-01 7.302438979043161804e-02
2.095468066047517230e-01 1.131182006178788751e-01 3.729629102153026593e-02 6.372156579519290542e-03 1.863684346354798358e-03 2.638004054137969064e-03 3.495513978553428658e-02 3.928615092186817925e-01 8.228798390065414359e-02 1.190602238709571742e-01
2.066356066659393032e-02 1.971040433372080701e-03 1.062458183939068469e-03 5.125143558987022875e-03 9.690677362079385543e-03 1.209113415528032393e-01 2.567039386023754477e-01 7.379118171959947459e-02 1.178379956211925705e-01 3.922426622990581313e-01
5.181244740817137623e-02 2.138479508576976162e-01 2.117583979363653682e-02 2.113803355953967900e-02 4.275808705818988364e-02 6.509358510172884305e-02 1.922940370245927455e-01 7.666838526206276594e-02 7.628377058904911578e-02 2.389278633453312817e-01
1.241709268466769517e-02 1.048215169008257924e-01 2.526800684113059137e-02 2.497752649786157131e-02 1.247422839762071523e-01 1.077344142566368790e-01 3.354541044560748753e-01 1.885305604771762567e-01 6.828180428058683304e-02 7.772689628832367414e-03
1.985901244376543293e-03 4.946960501107525512e-03 3.211504843567554446e-02 2.905692391905340122e-01 1.154236099283344197e-01 3.314385797304983949e-01 1.000409724147980906e-01 2.706657881701447430e-02 8.767421876119409208e-02 8.738890976467047003e-03
2.136870554404784184e-01 1.178576974767097663e-01 1.933767605280355129e-01 2.471364002221992373e-01 4.584773633698747269e-02 7.332531713118547491e-03 6.641183250306300148e-03 1.371302601849832409e-02 3.313904677363921358e-02 1.212685622400272445e-01
8.965495202279644138e-02 5.438970536191294058e-02 3.091487737124813950e-01 9.325886382776429895e-02 1.581665824695242806e-01 1.576872645484486413e-01 1.111032095950230669e-01 9.148051355973910864e-03 2.660426726067867311e-03 1.478217038000697106e-02
6.650880505467042514e-02 3.526836021670599064e-01 5.495786016542471286e-02 3.899057074521082578e-02 9.041232066758408958e-02 2.408520017072551256e-01 1.236690774784493796e-01 9.831446678024140934e-03 2.230454783934118779e-03 1.986386055238742107e-02
1.256802846617447178e-01 1.021920406853475266e-01 6.128284329681663034e-02 2.084804483619639992e-01 4.764744405425908047e-02 1.093336613158249759e-01 2.444999269018579557e-01 4.886101842275927115e-02 1.346247868201353240e-02 3.855985361741248035e-02
2.234323368332056803e-01 1.337104075683557269e-01 2.191849543082545482e-02 4.333023505943209980e-02 2.099553350493786330e-01 1.401542677138858384e-01 8.079790060231061000e-02 2.017592891134292049e-02 3.849976454450482893e-02 8.802532828675832532e-02
2.327633770209940889e-01 1.307318154288246437e-01 1.467727562417032658e-02 2.343698523720868284e-03 1.762452839670124735e-03 5.642863955669996830e-03 4.389031236353894277e-02 3.545482226461835196e-01 9.761658910187898108e-02 1.160233924953483486e-01
1.077768031758158246e-01 3.673278129104452783e-02 2.415850646787289988e-02 3.163300622960624198e-02 5.917617875762488933e-02 2.109874103390385891e-01 2.124775174909376008e-01 1.178745436191192403e-01 1.123110635216655884e-01 8.687218910727478871e-02
3.573972813661307341e-02 3.325233372449102470e-02 1.104410922692986019e-01 1.105619295874238628e-01 1.052816877089692432e-01 7.458224813320943336e-02 1.452383519826894870e-02 2.744299225239611728e-02 4.295282476836063124e-01 5.864590530572351412e-02
6.044752944927285487e-02 2.655697769047540846e-02 7.168455129050716086e-03 2.300046940628278427e-03 1.914125647467118316e-02 2.718791986574912306e-02 4.408902419074890722e-02 1.431312946516412055e-01 3.951176727592068394e-01 2.748598228485557016e-01
2.164485614491287735e-01 1.866254582691703467e-01 2.572841630915215921e-02 5.098242852423181745e-03 5.010495268526484261e-03 5.851508756605900384e-03 2.387731030450076369e-02 3.371150992834333338e-02 1.146395686163954875e-01 3.830089282457540545e-01
5.316077983253975070e-02 3.649711070072240160e-01 8.100784973861255289e-02 6.151133940267910008e-03 1.149899022641728136e-02 1.517752444927207844e-01 1.853021775504004043e-01 1.034239755865336285e-01 2.954295176021608932e-02 1.316578986506780624e-02
5.587508108968063797e-02 4.130755431139772060e-01 1.679361574994066297e-02 1.892627630312981087e-03 2.813522243382897761e-03 4.747466454436327643e-02 3.235393519664491180e-01 1.069785791098690902e-01 1.605032047249978222e-02 1.550669407952464871e-02
3.158854125481161401e-01 1.716456032240840368e-01 3.343462907438723292e-02 1.095584473276086657e-01 1.725884999280775933e-01 2.770264463462649568e-02 3.709253218474921343e-02 2.732800652647218720e-02 3.562428958743259905e-02 6.913993496444582887e-02
2.022596585627170485e-02 2.907980581044817756e-02 7.447852586472350489e-02 1.140728275706608397e-01 1.081055411389913734e-01 1.173441661101067152e-01 2.307405418769419569e-01 1.092249763626363251e-01 1.435604192039675042e-01 5.316723020525210980e-02
4.243441227000068761e-01 9.539161247968062918e-02 1.336279756046403200e-02 3.042820980001835224e-03 4.842765230227020351e-03 1.159893654394487245e-02 5.138781096747290639e-02 9.908046350584862050e-02 1.073924344224070904e-01 1.895562356099465551e-01
2.908900013509312932e-01 6.216333238751206580e-02 1.126490970609292375e-02 1.059314544899716930e-02 4.108429568378960464e-03 1.186558269289588428e-02 2.284729577055663943e-02 1.178357725260077704e-01 3.116234520227302296e-01 1.568080785258968712e-01
1.021204117579161824e-01 9.338655607672929904e-02 9.030605423212614835e-02 1.458680771543532095e-01 2.245455604484051376e-02 2.956954468145667897e-02 1.406309007873953743e-01 1.717692979736204495e-01 9.663753604394079155e-02 1.072570652476212416e-01
2.513792190044021879e-01 4.322666946955237149e-02 7.500356123047484218e-03 5.412997351542390805e-03 3.427525816947304266e-02 2.265817611621508479e-02 3.132817797610880362e-02 2.187606838876179904e-01 1.792954088036931293e-01 2.061630530983475373e-01
6.532998388552654911e-02 1.281704009294810064e-02 3.784744716288182542e-02 1.470207485543983394e-01 2.945021371785594422e-01 2.676242048787361161e-02 3.516614024958763293e-03 4.368972320808214675e-03 4.287546697030626686e-02 3.649591693217391075e-01
2.232062439680105453e-02 2.284127567026407457e-02 3.796702246618911814e-02 3.358119259665270917e-01 6.593449897275213689e-02 1.297093726428937346e-02 1.954857461681124356e-02 6.776021991282972501e-02 3.034160855076979413e-01 1.114288352258384213e-01
8.753892255517129253e-03 6.982464181116360136e-02 3.708145545076854122e-01 6.608527119558771368e-02 6.206703859515615151e-02 2.579556028385309174e-01 4.324043624970896893e-02 8.477925348803957983e-02 2.812464544141010311e-02 8.354663617200702025e-03
7.087713403339208906e-02 2.482943054955276119e-01 9.100355557687679620e-02 1.096962980398473175e-01 9.016397698169920094e-02 3.010870805068113221e-01 4.920391777511463199e-02 8.799414672359902323e-03 7.281011994178644350e-03 2.359330492419280459e-02
1.548705750341644871e-01 1.128401428476570878e-01 5.396469379466361377e-02 6.133653401427950624e-02 3.271837288453358084e-01 8.249189311535176650e-02 1.481685513132628348e-02 9.817700975612120989e-03 2.616136382958238887e-02 1.565165124120270479e-01
3.591998304716623874e-02 5.851097096492580141e-02 1.059469375055662188e-01 2.749177125115378484e-01 5.757552971942166142e-02 5.236073170320919637e-03 5.466810103686348468e-03 2.544508840363763486e-02 9.784224939000359111e-02 3.331386451837337614e-01
1.766861427746641011e-01 5.708570173658303326e-02 5.096325151812411414e-02 2.361995178608656543e-01 9.178021011567152887e-02 1.941637574397117594e-01 1.195941827620087272e-01 3.668299579494149060e-02 1.451319430142467351e-02 2.233104569600490724e-02
1.586208583738427103e-01 2.819130850894667750e-01 2.537035279757908837e-02 3.051176301162092722e-03 9.123771627964421486e-04 4.551331538759192247e-03 5.297774445400934423e-02 4.242998057198295314e-02 2.529219420193027923e-01 1.772511516910987295e-01
2.378982751172158735e-03 5.107019056696834695e-03 1.090028876851164945e-02 5.550869502971808589e-02 1.789120089949153836e-01 4.263918733406645289e-01 1.853283879823000024e-01 1.227566870449144087e-01 1.017092183502319933e-02 2.545135196083590789e-03
7.248259445885355499e-03 3.653913237364487393e-03 4.288229461842028335e-03 3.436872067798534686e-02 6.492608202843763721e-02 5.563986707202652621e-02 3.005733172242651685e-01 1.706353249303955710e-01 3.177992721816528809e-01 4.086701374014525823e-02
6.845545856546451924e-02 1.641788982204527014e-01 9.503629345208826351e-02 7.656374154709530422e-02 2.078395345284928530e-01 8.372287248780130309e-02 1.785143345783984925e-02 6.212175024741315235e-03 1.775470173664602663e-02 2.623848909793781159e-01
2.091706899039277520e-03 5.197110518042991761e-03 3.134492406009203869e-02 1.561284711365890365e-01 2.430385003700611390e-01 1.549677621756145873e-01 3.658265948544688340e-01 3.444303488911837352e-02 5.436845193373919354e-03 1.525049903599833738e-03
1.944280194290183214e-02 2.428945315890821809e-03 1.684747354734767930e-03 4.332754979381383577e-03 6.016121689749900914e-02 1.384510074868494089e-01 2.013442609870456923e-01 2.650633745117525475e-01 1.577339291235691499e-01 1.493569614003752988e-01
2.417763759664226866e-02 4.265350778187038672e-01 4.578529773324992169e-02 5.095917883282065700e-03 2.045388095314796748e-02 3.637591248833629831e-02 8.401258702776527587e-02 3.091829347371193859e-01 4.199373155366353805e-02 6.387022208089974951e-03
1.870708851959268157e-02 3.652835767257439636e-01 5.966654735039290947e-02 2.516531427141591726e-01 2.309306382820278669e-01 4.624868078454894005e-02 2.062128039070049851e-02 2.974443932072061252e-03 1.643207422214089906e-03 2.271393878548057677e-03
4.462415293230773822e-03 2.547315122722363170e-02 8.759147119290888739e-02 3.123887328018024045e-01 6.581774893230357693e-02 8.939492276666226311e-02 2.355969695373842654e-01 1.467760725492554263e-01 1.473152799919561287e-02 1.776698770003331401e-02
2.883805878716498849e-01 4.419611120055855213e-02 2.161035134721334475e-02 3.031118465414980173e-02 3.713027969977494847e-01 8.528180191216766515e-02 5.437766702413137504e-02 2.955758050737468737e-02 1.814085557733886855e-02 5.684106290766640507e-02
1.190557926541829098e-02 1.249208094399611724e-01 2.514955604421555968e-01 3.614341341491862369e-01 1.008821970470224760e-01 1.084197263357237206e-01 3.401347250099503311e-02 4.401354513548732736e-03 1.006929348053756546e-03 1.520236957934960852e-03
3.768287066293665374e-03 2.370354784675623300e-02 3.858248655807690608e-01 8.394446822251783180e-02 1.202828227018270732e-02 1.342798854555921906e-01 3.217963950167032627e-01 1.606330708961117154e-02 1.596863331517041351e-02 2.622328136403499332e-03
1.095413165238002806e-01 3.651877299835362689e-02 2.570251891771041519e-02 7.977626454565300840e-02 2.122062591650596963e-01 1.352271207763453276e-01 3.652088849691524641e-02 1.051718342445650753e-02 4.379393284228316058e-02 3.101957423094228172e-01
2.604208431095109133e-02 8.710400651931030080e-02 2.629194286914595668e-01 6.818252319398047934e-02 3.975150938207480111e-01 1.321119320047688395e-01 1.445757521818935229e-02 4.144438314343860258e-03 3.713045854839817309e-03 3.809872071408493439e-03
2.768161950870624138e-02 6.950036006907912844e-02 2.052873063629183648e-01 1.036714058701008190e-01 7.613779328326264473e-02 2.082757723791412580e-02 3.309901657635925254e-01 1.458580188141031519e-01 1.617902012120615157e-02 3.866732969116983606e-03
1.114692671881958690e-02 2.470677136262482143e-02 6.774800059978115796e-02 1.695411317291978248e-01 1.113711053215266644e-01 1.191857515441354098e-01 1.108090722437420628e-01 2.174348727033681983e-01 1.012922658945021037e-01 6.676410188230219589e-02
1.804666915487385809e-02 7.840366357644092121e-02 3.323609013560189784e-01 8.244139884507668825e-02 2.774678956223730272e-02 4.641179057471838537e-02 1.321958585183995172e-01 1.983003033771508772e-01 6.784334192274096842e-02 1.624928311234271824e-02
2.111904889603517452e-02 6.241830039202173053e-02 2.825905385337969533e-01 8.101418271767601986e-02 7.432027625110079749e-02 2.058840974028839643e-01 2.057457789033793616e-01 4.601323939350789038e-02 1.526045410578318051e-02 5.634083403815322126e-03
3.844355619210233777e-02 9.151258307981818829e-02 3.463826289712315654e-01 3.808514695793178140e-01 1.147906399498309221e-01 1.428874308735547660e-02 4.027237485789709158e-03 9.998651864370224594e-04 1.901685287100393987e-03 6.801591181016612350e-03
4.778473851043418819e-02 6.887563911629589197e-02 9.536418162985627056e-02 3.015135500187857698e-01 1.187534556111458500e-01 1.070396022282674442e-01 1.168565179132060455e-01 9.955720094251441221e-02 2.248343064123846380e-02 2.177168338825590313e-02
9.955837598753468354e-02 2.284690727110834652e-01 8.020078716821392451e-02 2.018677319101178091e-01 2.951268282434791890e-01 3.193181480068453537e-02 1.120249537617517936e-02 7.998863572410957329e-03 8.741533998219842838e-03 3.490249623208048491e-02
2.544715334833130838e-01 8.203393209655648888e-02 5.834728235337971469e-02 8.792009834103690913e-02 1.686758257526158322e-01 1.961071032569495221e-01 3.118650661849611816e-02 5.966045177119563489e-03 1.928172967891401274e-02 9.600994324161865601e-02
1.034571729685122843e-01 1.788688916375520965e-01 1.266362094834842522e-01 2.037856716104463270e-02 1.344871033924650849e-02 8.385777414191898649e-02 2.294819427212293761e-01 1.531176999569537345e-01 2.385398354289743755e-02 6.689904804716069464e-02
8.255726296530370434e-02 1.439034897467416502e-02 9.692639343377270483e-03 1.525549403089862879e-03 6.091420425238774916e-03 4.330978745532387125e-02 4.194577967992063061e-01 3.021155417513105013e-02 5.580036538951572284e-02 3.369632750691395895e-01
4.086058057401156240e-01 4.689479418894959561e-02 3.511614502712936403e-01 7.673875467974908271e-02 1.036417772730218075e-02 8.003422921504492124e-03 4.407219370213922432e-03 4.613661997290600600e-03 8.583549655399636685e-03 8.062716344818127157e-02
4.488099481864109286e-02 2.449216904246076520e-02 3.434428242561225059e-02 3.165609398430871968e-01 9.842841020967839361e-02 5.720375783012385598e-03 4.381332982192739402e-03 2.326244516610103188e-02 1.553241559118140602e-01 2.926048938174001246e-01
6.372798050087781496e-02 3.963457829828830742e-02 7.214027830029884347e-02 1.621541503700157927e-01 9.262215894565473118e-02 1.132585335012426808e-01 2.066047813278702044e-02 2.547106051561781950e-02 5.950083190596813787e-02 3.508299495292488412e-01
4.198868053566211511e-01 3.613212983196249506e-01 9.364704165767304134e-02 1.432606054838149456e-02 8.756783061746946720e-03 2.418042685152111283e-03 3.140045904731318129e-04 2.224606872406955770e-03 7.908672595983958636e-03 8.919668431193639169e-02
8.376783970479748098e-02 2.338744560420566165e-01 2.901114483859219551e-01 8.177016147596598283e-02 1.480265599510659502e-01 8.207612241757014648e-02 2.212229730710071202e-02 2.050469520312024271e-02 8.738269050640366797e-03 2.900815046176049433e-02
2.315457185102775262e-01 1.232932566367391514e-01 2.981902841819639161e-01 6.325331867572528410e-02 2.860832732652583005e-02 9.831079717562921788e-03 5.631556114904198371e-03 2.424818785000210780e-02 6.122672613763864569e-02 1.541715448486606910e-01
1.685636438862507802e-01 4.158481350512861080e-02 7.100695445064399147e-02 2.765861700588815864e-01 5.028315636141379025e-02 1.097909635836197828e-01 6.505170851570213353e-02 7.298918914919852452e-02 6.956834329175180798e-02 7.457505719740886718e-02
1.263529348441399802e-01 2.114412523656871226e-02 3.355382995504232503e-03 7.355350526033052269e-04 4.929875765659964045e-04 7.210658228112208808e-03 1.497477437197343997e-01 3.028424105693743318e-01 1.506813061515458185e-01 2.374369156258512581e-01
3.012271948115674558e-02 5.541554464563890753e-02 1.085623478773097839e-01 2.722515893998151970e-01 9.380756645482427047e-02 1.266785083612773644e-01 2.272625945238829770e-01 5.793358468756483470e-02 1.971532120704126700e-02 8.250223361488626464e-03
3.124339596586319517e-02 2.363495883227672012e-01 2.197825543067263576e-01 2.110560868088455846e-02 2.704540643601020204e-03 4.661948300333452512e-03 3.129997167942633052e-02 3.685856550964082268e-01 6.835050755266253164e-02 1.591622945132730588e-02
1.733192263915356301e-02 1.510834609448365728e-01 2.264792004297421224e-01 6.663946741237951332e-02 5.330492361860129924e-02 1.697577133434226559e-01 1.504267737697621010e-01 1.442058556903272892e-01 1.756219912526744975e-02 3.208483026507500877e-03
1.424797330116111746e-02 1.796601608571138722e-02 2.178037066991459977e-02 2.376086707433615608e-01 1.490764964062258335e-01 7.560467960977525215e-02 4.889424405375161070e-02 3.091210622846070066e-01 1.085109702853590818e-01 1.718951656013248744e-02
6.289210786143642484e-02 3.169397683414712508e-01 2.410095520532513566e-02 3.333174091036617687e-02 3.666483830791913978e-02 5.979787894438992613e-02 3.763813039170075814e-01 5.794165201333671689e-02 1.293234917904311984e-02 1.901740531970476378e-02
8.148165599804243348e-03 2.286264583992274335e-02 6.089735072206617361e-02 2.145355876361407510e-01 1.290637955055297936e-01 5.661281077049000465e-02 1.071774147003085390e-02 4.918216148390261444e-02 3.974596545614377252e-01 5.052008641067533279e-02
1.248438509973587816e-02 9.423713881117372002e-03 1.790323720903795601e-02 1.630505252495344226e-02 1.037846621953219528e-01 3.490189992089485216e-01 3.142615717921805052e-01 1.272405886983883627e-01 3.981851353362186180e-02 9.759275856694208176e-03
2.494002926742298343e-01 1.474990133230736633e-01 4.150063122818153233e-02 3.108007943243269386e-02 2.177738225322932777e-02 5.055144132151793979e-02 5.710421515954190036e-02 1.295326264490559987e-01 1.634546554306247068e-01 1.080996627281124722e-01
1.607576719299987356e-01 6.888036517146156612e-02 3.356170259328021543e-02 3.112299066772210993e-02 3.641312783696233624e-02 8.959794260191690507e-02 4.959063287460677150e-02 4.030701844142689505e-01 3.905858718901886184e-02 8.794679472076366578e-02
3.618927268853025514e-02 4.735389685002575066e-02 2.312656997498210576e-01 1.295938581532344036e-01 4.100635987688909523e-02 5.108209749581501743e-03 1.309106312196084074e-02 5.128739173346305580e-02 2.857547102690606300e-01 1.593495378074332725e-01
2.037646544407138369e-02 6.885321343624699331e-02 1.833605933272318411e-01 1.986698166354923245e-01 1.696920048138021719e-01 5.683266314449705175e-02 1.209898674732593493e-01 5.417607481469457337e-02 8.673182005276847129e-02 4.031748085793603747e-02
2.678897289719650021e-01 4.589171886159457148e-02 3.530650070108375116e-02 1.438087606241796219e-02 2.401890033182189910e-02 1.852744249361307494e-01 2.786573665039997483e-01 2.514706433716064338e-02 2.677356578895781491e-02 9.665985350486792915e-02
1.598847329690978869e-01 1.026722942036126657e-01 3.638175150150572967e-02 4.849126859129839623e-02 8.095014822058503590e-02 8.205616768336043698e-02 1.754230089128424042e-01 8.948016045736245649e-02 5.786792391245232370e-02 1.667925435478826712e-01
4.496726624794734894e-02 5.526002409423266468e-03 5.747676540951755786e-03 2.558699689166373491e-03 1.632539539843893411e-02 6.657802294225077799e-02 3.183048258470178582e-01 1.059096821174542458e-01 2.733514716310515569e-01 1.607309571762977618e-01
1.383370991557690000e-01 6.430883211419645418e-02 8.150938351718095554e-02 1.790009212751952072e-01 1.552333031259495455e-01 2.342498441030671508e-02 2.596087475789046750e-02 1.233191232014623218e-01 1.289618508900657323e-01 7.994362755198364257e-02
5.432497123968437619e-02 6.557765215235904221e-02 4.232960742512947849e-02 3.102944128167284266e-02 1.105467717766849545e-01 1.361656340544155075e-01 2.129353020335033597e-01 2.519114847861037010e-01 6.760366242945921311e-02 2.757547282098744140e-02
3.812503637320989736e-01 2.811357101172940604e-02 3.654058519322729570e-02 6.427745960801453662e-02 2.431875612651220389e-02 1.263982320365099332e-01 1.334506518094792649e-01 8.046965994864320459e-02 5.353678161022200344e-02 7.164393892356304971e-02
2.456606922069327556e-02 1.733186000093878132e-02 5.567848598265227184e-02 7.971231739463741084e-02 6.610850983937764658e-02 2.507682715913482907e-01 1.118774391095136017e-01 1.199957724216085680e-01 2.140987886067875212e-01 5.986248583244288546e-02
5.453512762458809227e-02 3.284048725357409104e-01 7.124619892665917664e-02 6.188813256661733139e-03 2.295664898456960951e-03 4.793929855640556396e-03 3.723262627691353160e-02 1.033949429725549707e-01 2.461570903770430863e-01 1.457507332757409513e-01
3.451085659427934743e-02 1.534038865443506650e-01 1.497891756274730979e-01 7.880314062066588743e-02 1.399975797689141654e-01 1.473771126239892260e-01 1.026478491823902550e-01 4.202565400423595443e-02 6.766949166089038237e-02 8.377525337281110929e-02
1.150095014772507251e-01 1.029531291448179259e-01 6.514329443887681426e-02 4.125963315987043328e-02 2.875065044267373360e-02 3.138669023784401019e-02 3.949785133924725578e-02 4.462575969798251441e-01 6.641947035883918882e-02 6.332218242075506043e-02
1.451982905639641330e-02 8.167687358969519251e-02 3.878694785667889389e-01 3.405809480104670106e-01 1.213156767656040635e-01 1.251801606107444398e-02 1.658479102560828783e-02 1.414204506214298586e-02 6.431142728296325092e-03 4.361199133926646314e-03
2.793621148091254142e-02 1.121031996893589837e-02 1.260907170225962666e-02 6.144158191517609668e-02 3.627069518308716489e-01 7.191290139892708710e-02 1.893837894433096636e-02 8.778146131831715548e-02 3.233006161230828068e-01 2.216250531718589462e-02
1.094980072243401936e-01 4.404855847938196622e-02 4.986407943407204779e-02 3.001024153332194216e-02 8.666843230346704674e-02 1.263990967679289312e-01 1.008503771228142498e-01 5.622470323564111860e-02 1.766005620863868031e-01 2.198359418126455689e-01
2.168713612379105093e-01 1.111281142721727011e-01 2.630354448029946779e-01 1.260339605726751855e-01 9.112348030986043568e-02 4.966171160078430846e-02 9.156934135778432154e-03 3.666443538073626413e-02 2.153814258904152013e-02 7.478641509804587195e-02
1.041061576312945214e-01 5.507640800799062236e-02 7.112069490886523127e-02 2.904936734866829517e-02 3.083648508820003437e-02 5.016369785532145964e-02 1.961302750477381396e-01 2.316180770825102542e-01 1.688388213425542905e-01 6.306001568685729031e-02
