1.304672534675919704e-01 1.360174024671987336e-01 1.450802077952701163e-01 9.013170619082087887e-02 1.270323993205995372e-01 4.776700426846961639e-02 3.450467209511381278e-02 2.511248973426614267e-02 3.171967366103460584e-02 1.151835105656413838e-01
1.360174024671987336e-01 1.516091941628074646e-01 1.684882755425444190e-01 1.013532061072810186e-01 1.383051079164965280e-01 5.163123624841726989e-02 3.685443926267240045e-02 2.640923545128349981e-02 3.275760583145324173e-02 1.182432163611495946e-01
1.450802077952701163e-01 1.684882755425444190e-01 2.086857223236824044e-01 1.278059025129947013e-01 1.761454900291244408e-01 6.452370624566405866e-02 4.446052811293203788e-02 3.036932615180730141e-02 3.558167319762901848e-02 1.260838226925630190e-01
9.013170619082087887e-02 1.013532061072810186e-01 1.278059025129947013e-01 9.424325987107563807e-02 1.471747596752903120e-01 5.270510678784097458e-02 3.463771226366001155e-02 2.207406789133857516e-02 2.360606528614597396e-02 8.103198346545378850e-02
1.270323993205995372e-01 1.383051079164965280e-01 1.761454900291244408e-01 1.471747596752903120e-01 2.524481271913632807e-01 8.929127782496104615e-02 5.715326104156036313e-02 3.492941213294314950e-02 3.508599112908829254e-02 1.175654703167639675e-01
4.776700426846961639e-02 5.163123624841726989e-02 6.452370624566405866e-02 5.270510678784097458e-02 8.929127782496104615e-02 3.176513592893709381e-02 2.052085291348305918e-02 1.271341093583531340e-02 1.304189897315546215e-02 4.407005444725006077e-02
3.450467209511381278e-02 3.685443926267240045e-02 4.446052811293203788e-02 3.463771226366001155e-02 5.715326104156036313e-02 2.052085291348305918e-02 1.351620250067976300e-02 8.613953844040440552e-03 9.212263957999330954e-03 3.163074825582323779e-02
2.511248973426614267e-02 2.640923545128349981e-02 3.036932615180730141e-02 2.207406789133857516e-02 3.492941213294314950e-02 1.271341093583531340e-02 8.613953844040440552e-03 5.734998579140745609e-03 6.508778883060757116e-03 2.283065944555494331e-02
3.171967366103460584e-02 3.275760583145324173e-02 3.558167319762901848e-02 2.360606528614597396e-02 3.508599112908829254e-02 1.304189897315546215e-02 9.212263957999330954e-03 6.508778883060757116e-03 7.953955404763082826e-03 2.858968526849742231e-02
1.151835105656413838e-01 1.182432163611495946e-01 1.260838226925630190e-01 8.103198346545378850e-02 1.175654703167639675e-01 4.407005444725006077e-02 3.163074825582323779e-02 2.283065944555494331e-02 2.858968526849742231e-02 1.035761505699587109e-01
2.893092801621084953e-01 1.519653158159482986e-01 1.048478954383831180e-01 1.248325839346550725e-01 1.217207588025721460e-01 9.535751570259608234e-02 6.061250805286894083e-02 3.716822788325650773e-02 5.930200051778244941e-02 9.606288913460042656e-02
1.519653158159482986e-01 8.140484689444965616e-02 5.973098435774207987e-02 7.727252023725011965e-02 7.778241439811980906e-02 5.873067429408953405e-02 3.579247412844014514e-02 2.081818232409112998e-02 3.177449008303774580e-02 5.066627082458786957e-02
1.048478954383831180e-01 5.973098435774207987e-02 5.416818680640052286e-02 8.695193377139176505e-02 9.375141377566531542e-02 6.554379787491934617e-02 3.613272280068193648e-02 1.809995524059726871e-02 2.371179602251576729e-02 3.553568408160513725e-02
1.248325839346550725e-01 7.727252023725011965e-02 8.695193377139176505e-02 1.667351025762933980e-01 1.880277313495611058e-01 1.257078470460850916e-01 6.477385557456699638e-02 2.864404941387676748e-02 3.161580187787071949e-02 4.339552870177772886e-02
1.217207588025721460e-01 7.778241439811980906e-02 9.375141377566531542e-02 1.880277313495611058e-01 2.262124042885036990e-01 1.504684885923570081e-01 7.586550090641555610e-02 3.204570576141778371e-02 3.278113668337991754e-02 4.294206256879791461e-02
9.535751570259608234e-02 5.873067429408953405e-02 6.554379787491934617e-02 1.257078470460850916e-01 1.504684885923570081e-01 1.033221897027956637e-01 5.293518870267996390e-02 2.298717668290960192e-02 2.467642718350750164e-02 3.332264608068252754e-02
6.061250805286894083e-02 3.579247412844014514e-02 3.613272280068193648e-02 6.477385557456699638e-02 7.586550090641555610e-02 5.293518870267996390e-02 2.794451237100802760e-02 1.276203462126752203e-02 1.480873298359252320e-02 2.090052012951874524e-02
3.716822788325650773e-02 2.081818232409112998e-02 1.809995524059726871e-02 2.864404941387676748e-02 3.204570576141778371e-02 2.298717668290960192e-02 1.276203462126752203e-02 6.406769543912736557e-03 8.406842498176483880e-03 1.259956677264716801e-02
5.930200051778244941e-02 3.177449008303774580e-02 2.371179602251576729e-02 3.161580187787071949e-02 3.278113668337991754e-02 2.467642718350750164e-02 1.480873298359252320e-02 8.406842498176483880e-03 1.254925838494833253e-02 1.982391470933746874e-02
9.606288913460042656e-02 5.066627082458786957e-02 3.553568408160513725e-02 4.339552870177772886e-02 4.294206256879791461e-02 3.332264608068252754e-02 2.090052012951874524e-02 1.259956677264716801e-02 1.982391470933746874e-02 3.194744926957952813e-02
3.439024522343652607e-02 7.031849138980122982e-02 2.432466480241356893e-02 3.041321336137223566e-02 7.446817486075379966e-02 4.286626001789974050e-02 6.637586863115632618e-02 5.919577786792663138e-02 4.431638187451533706e-02 3.358246343691782126e-02
7.031849138980122982e-02 1.451395436860928312e-01 5.017241198657224760e-02 6.262646643013031200e-02 1.531393881114472277e-01 8.559757891098093707e-02 1.270768193891558817e-01 1.132327918140204337e-01 8.642669206227042433e-02 6.712341478796847449e-02
2.432466480241356893e-02 5.017241198657224760e-02 1.752896438494421297e-02 2.244971594506493112e-02 5.557100163746744176e-02 3.089178460553609895e-02 4.542442512671430316e-02 3.986662548300587416e-02 3.014634381905589508e-02 2.328919064275196057e-02
3.041321336137223566e-02 6.262646643013031200e-02 2.244971594506493112e-02 3.056978657994376125e-02 7.778472886564222200e-02 4.272416525904071394e-02 6.150857110362235869e-02 5.210160656629732323e-02 3.850091863214997329e-02 2.934343559305489096e-02
7.446817486075379966e-02 1.531393881114472277e-01 5.557100163746744176e-02 7.778472886564222200e-02 2.006804184555183168e-01 1.098117182256043572e-01 1.570909505937512773e-01 1.309083027151402290e-01 9.554180014451496561e-02 7.222158240613002489e-02
4.286626001789974050e-02 8.559757891098093707e-02 3.089178460553609895e-02 4.272416525904071394e-02 1.098117182256043572e-01 6.848217718314791869e-02 1.148930721220378370e-01 9.486376212435157496e-02 6.451525149340295306e-02 4.485288094637372713e-02
6.637586863115632618e-02 1.270768193891558817e-01 4.542442512671430316e-02 6.150857110362235869e-02 1.570909505937512773e-01 1.148930721220378370e-01 2.301346309308550664e-01 1.887183824310317837e-01 1.202760855900684989e-01 7.646764130395281023e-02
5.919577786792663138e-02 1.132327918140204337e-01 3.986662548300587416e-02 5.210160656629732323e-02 1.309083027151402290e-01 9.486376212435157496e-02 1.887183824310317837e-01 1.651006294564776600e-01 1.069168722278180106e-01 6.820492372670307335e-02
4.431638187451533706e-02 8.642669206227042433e-02 3.014634381905589508e-02 3.850091863214997329e-02 9.554180014451496561e-02 6.451525149340295306e-02 1.202760855900684989e-01 1.069168722278180106e-01 7.314386381972792783e-02 4.882645585144770872e-02
3.358246343691782126e-02 6.712341478796847449e-02 2.328919064275196057e-02 2.934343559305489096e-02 7.222158240613002489e-02 4.485288094637372713e-02 7.646764130395281023e-02 6.820492372670307335e-02 4.882645585144770872e-02 3.482974027985604598e-02
1.054933022277661052e-02 1.878673962083850929e-02 5.694579350137358997e-02 3.440389265368036520e-02 1.762891782204473179e-02 2.797130453246520279e-02 2.102960390052600881e-02 1.432587138046505573e-02 9.655645504775082003e-03 5.120770608860555906e-03
1.878673962083850929e-02 3.432848905567774389e-02 1.048806445299179935e-01 6.186739747950614765e-02 2.811688986746138652e-02 3.764182892096695071e-02 2.846455772913046578e-02 2.025660335951779897e-02 1.442326160762084745e-02 8.428123711665909401e-03
5.694579350137358997e-02 1.048806445299179935e-01 3.213828510966542651e-01 1.881524107042003013e-01 8.218883748859918958e-02 1.027941954912114930e-01 7.793666464543516637e-02 5.651808798911201609e-02 4.114168599915905833e-02 2.490388063567025231e-02
3.440389265368036520e-02 6.186739747950614765e-02 1.881524107042003013e-01 1.139832604863499632e-01 5.617157438361979060e-02 8.448771378946029476e-02 6.323505097644561979e-02 4.347814174203686044e-02 2.975095938306619378e-02 1.626583356834214455e-02
1.762891782204473179e-02 2.811688986746138652e-02 8.218883748859918958e-02 5.617157438361979060e-02 4.376710834378383375e-02 9.761610541913361139e-02 7.171421654733722839e-02 4.500063760880546049e-02 2.715797378014472158e-02 1.130050095175269206e-02
2.797130453246520279e-02 3.764182892096695071e-02 1.027941954912114930e-01 8.448771378946029476e-02 9.761610541913361139e-02 2.610145056423040510e-01 1.905273655531596055e-01 1.157220326158395762e-01 6.631932043020791201e-02 2.371131443259682017e-02
2.102960390052600881e-02 2.846455772913046578e-02 7.793666464543516637e-02 6.323505097644561979e-02 7.171421654733722839e-02 1.905273655531596055e-01 1.408899126461906903e-01 8.590233321008020062e-02 4.931778712853000790e-02 1.769083619199171217e-02
1.432587138046505573e-02 2.025660335951779897e-02 5.651808798911201609e-02 4.347814174203686044e-02 4.500063760880546049e-02 1.157220326158395762e-01 8.590233321008020062e-02 5.291969173191873876e-02 3.069438172008815899e-02 1.132942387976711499e-02
9.655645504775082003e-03 1.442326160762084745e-02 4.114168599915905833e-02 2.975095938306619378e-02 2.715797378014472158e-02 6.631932043020791201e-02 4.931778712853000790e-02 3.069438172008815899e-02 1.810423663472308584e-02 6.993581508600018454e-03
5.120770608860555906e-03 8.428123711665909401e-03 2.490388063567025231e-02 1.626583356834214455e-02 1.130050095175269206e-02 2.371131443259682017e-02 1.769083619199171217e-02 1.132942387976711499e-02 6.993581508600018454e-03 3.060614139621033181e-03
4.335658372973194563e-02 1.523057375338249600e-02 1.282264884751669123e-02 1.558698577015105169e-02 2.454755028974030945e-02 7.472615689441462761e-02 6.430948663746116623e-02 7.443305437371389166e-02 1.030224939247563892e-01 6.892746748519271160e-02
1.523057375338249600e-02 5.446179544011668823e-03 4.757776957987585112e-03 5.966950325122696505e-03 9.601717180278494454e-03 2.951841603866984035e-02 2.470607971220056126e-02 2.681003555103652139e-02 3.547858022264170630e-02 2.388325761956012344e-02
1.282264884751669123e-02 4.757776957987585112e-03 4.471408847780867710e-03 5.931412130039707790e-03 9.894914590730188170e-03 3.090593504638632777e-02 2.470306165350259070e-02 2.377677432658262605e-02 2.856428058348366161e-02 1.950751049960603584e-02
1.558698577015105169e-02 5.966950325122696505e-03 5.931412130039707790e-03 8.185699602725932805e-03 1.398245736872098105e-02 4.411301237121698082e-02 3.423119528318688265e-02 3.018183248483354703e-02 3.331362877787501231e-02 2.307151365456505329e-02
2.454755028974030945e-02 9.601717180278494454e-03 9.894914590730188170e-03 1.398245736872098105e-02 2.423010051589920277e-02 7.690726790284116432e-02 5.864734031499762440e-02 4.894490305311570422e-02 5.087336348610508457e-02 3.561688114530819904e-02
7.472615689441462761e-02 2.951841603866984035e-02 3.090593504638632777e-02 4.411301237121698082e-02 7.690726790284116432e-02 2.449034422699367386e-01 1.853372856776502320e-01 1.510166664367161848e-01 1.526316157865515444e-01 1.074119750903193282e-01
6.430948663746116623e-02 2.470607971220056126e-02 2.470306165350259070e-02 3.423119528318688265e-02 5.864734031499762440e-02 1.853372856776502320e-01 1.475282740576060458e-01 1.299703797392874338e-01 1.393842297781521244e-01 9.531142654748203658e-02
7.443305437371389166e-02 2.681003555103652139e-02 2.377677432658262605e-02 3.018183248483354703e-02 4.894490305311570422e-02 1.510166664367161848e-01 1.299703797392874338e-01 1.448337800553050891e-01 1.805652026277794475e-01 1.175287300960046327e-01
1.030224939247563892e-01 3.547858022264170630e-02 2.856428058348366161e-02 3.331362877787501231e-02 5.087336348610508457e-02 1.526316157865515444e-01 1.393842297781521244e-01 1.805652026277794475e-01 2.652861143826221180e-01 1.690862551384931800e-01
6.892746748519271160e-02 2.388325761956012344e-02 1.950751049960603584e-02 2.307151365456505329e-02 3.561688114530819904e-02 1.074119750903193282e-01 9.531142654748203658e-02 1.175287300960046327e-01 1.690862551384931800e-01 1.117584169943807021e-01
2.184669486194112942e-02 8.069896235358381409e-02 6.442230697782323767e-02 4.151761935396349606e-02 4.624240942829865170e-02 2.592530168805427457e-02 1.898602300441475099e-02 2.778191468269735481e-02 1.684524387100758136e-02 1.632784919185031186e-02
8.069896235358381409e-02 3.068562051890709741e-01 2.350124196155201628e-01 1.398742591051345407e-01 1.468479860609834264e-01 8.226893336307641857e-02 6.063033287907255292e-02 8.932166004424903216e-02 5.525217240319420242e-02 5.635023379733108961e-02
6.442230697782323767e-02 2.350124196155201628e-01 2.094494058273168313e-01 1.345818102497575164e-01 1.476450996013410621e-01 8.192004707337065261e-02 5.936421661466965982e-02 8.626257602769235588e-02 5.192953084629730459e-02 4.943540634590552763e-02
4.151761935396349606e-02 1.398742591051345407e-01 1.345818102497575164e-01 1.082348518513730762e-01 1.334867895532965698e-01 7.396032832250287736e-02 5.284429183906046157e-02 7.572642926532224816e-02 4.394156103695145282e-02 3.770246895575385393e-02
4.624240942829865170e-02 1.468479860609834264e-01 1.476450996013410621e-01 1.334867895532965698e-01 1.781125315598949821e-01 9.888556480835908324e-02 7.035230364018603411e-02 1.003077866220576098e-01 5.724328742385937502e-02 4.660685961100309582e-02
2.592530168805427457e-02 8.226893336307641857e-02 8.192004707337065261e-02 7.396032832250287736e-02 9.888556480835908324e-02 5.524586318317878386e-02 3.946556555151339157e-02 5.639360671880218334e-02 3.218344402752643801e-02 2.618218366698413929e-02
1.898602300441475099e-02 6.063033287907255292e-02 5.936421661466965982e-02 5.284429183906046157e-02 7.035230364018603411e-02 3.946556555151339157e-02 2.835002319453136868e-02 4.064476374279879511e-02 2.323766165886225615e-02 1.899307358226040923e-02
2.778191468269735481e-02 8.932166004424903216e-02 8.626257602769235588e-02 7.572642926532224816e-02 1.003077866220576098e-01 5.639360671880218334e-02 4.064476374279879511e-02 5.842221355160129997e-02 3.346476144000389008e-02 2.749644246340575068e-02
1.684524387100758136e-02 5.525217240319420242e-02 5.192953084629730459e-02 4.394156103695145282e-02 5.724328742385937502e-02 3.218344402752643801e-02 2.323766165886225615e-02 3.346476144000389008e-02 1.928155343041482173e-02 1.611592990127848346e-02
1.632784919185031186e-02 5.635023379733108961e-02 4.943540634590552763e-02 3.770246895575385393e-02 4.660685961100309582e-02 2.618218366698413929e-02 1.899307358226040923e-02 2.749644246340575068e-02 1.611592990127848346e-02 1.420065735067695123e-02
2.430748413402509037e-02 7.237707393963152547e-02 7.009387687012776091e-02 2.753299077533753053e-02 1.492558999070984528e-02 1.061482276494892137e-02 2.496529007686687160e-02 4.260531904338139830e-02 5.452868312342744328e-02 3.045298079091103560e-02
7.237707393963152547e-02 2.495447362756044729e-01 2.405289262288020646e-01 8.785516114954375344e-02 4.167045163846558320e-02 2.440640848594229431e-02 5.187198506756487276e-02 8.698084380802172111e-02 1.116126798059698111e-01 6.820728052902025329e-02
7.009387687012776091e-02 2.405289262288020646e-01 2.534706967713287740e-01 9.155929380552205177e-02 4.253826118876004314e-02 2.418796809162574932e-02 5.053652077613811355e-02 8.444691777100937768e-02 1.081876563541310787e-01 6.613159715361302537e-02
2.753299077533753053e-02 8.785516114954375344e-02 9.155929380552205177e-02 3.451316702998536573e-02 1.721423082251483105e-02 1.095586884885830017e-02 2.442478981647519531e-02 4.129452729300058661e-02 5.282747794846265332e-02 3.053380433123407262e-02
1.492558999070984528e-02 4.167045163846558320e-02 4.253826118876004314e-02 1.721423082251483105e-02 9.722399676115503486e-03 7.238690925350436782e-03 1.737138411078718164e-02 2.973309228471098659e-02 3.798751340841317881e-02 2.067417561307764717e-02
1.061482276494892137e-02 2.440640848594229431e-02 2.418796809162574932e-02 1.095586884885830017e-02 7.238690925350436782e-03 6.284817455871441992e-03 1.598142959086499421e-02 2.760157210316357967e-02 3.523427260190899191e-02 1.832552613935576474e-02
2.496529007686687160e-02 5.187198506756487276e-02 5.053652077613811355e-02 2.442478981647519531e-02 1.737138411078718164e-02 1.598142959086499421e-02 4.142211538736156190e-02 7.174446112403187747e-02 9.156093492794868671e-02 4.693151042654798710e-02
4.260531904338139830e-02 8.698084380802172111e-02 8.444691777100937768e-02 4.129452729300058661e-02 2.973309228471098659e-02 2.760157210316357967e-02 7.174446112403187747e-02 1.243325381950425440e-01 1.586811228921085615e-01 8.116214757698241022e-02
5.452868312342744328e-02 1.116126798059698111e-01 1.081876563541310787e-01 5.282747794846265332e-02 3.798751340841317881e-02 3.523427260190899191e-02 9.156093492794868671e-02 1.586811228921085615e-01 2.026049324348718206e-01 1.036727595451444051e-01
3.045298079091103560e-02 6.820728052902025329e-02 6.613159715361302537e-02 3.053380433123407262e-02 2.067417561307764717e-02 1.832552613935576474e-02 4.693151042654798710e-02 8.116214757698241022e-02 1.036727595451444051e-01 5.379711263979389257e-02
1.723393552398242434e-01 1.309783060500108176e-01 6.758116466367397601e-02 3.978648350258662258e-02 3.699389893533255175e-02 6.430334612618669732e-02 3.519278809283620663e-02 5.310059233128849865e-02 1.337429746508227435e-01 1.145411549166925613e-01
1.309783060500108176e-01 9.984619487618372202e-02 5.187314641806523713e-02 3.132254144032188548e-02 3.069901308474931589e-02 5.534219356437703602e-02 2.877329042212857860e-02 4.096882266069107326e-02 1.018090905218636544e-01 8.706267910683521127e-02
6.758116466367397601e-02 5.187314641806523713e-02 2.788612155869640147e-02 1.893702780017501169e-02 2.269942411977394006e-02 4.588411697005185391e-02 2.032676398098034673e-02 2.294150168073381957e-02 5.341051583924593532e-02 4.513370420004116090e-02
3.978648350258662258e-02 3.132254144032188548e-02 1.893702780017501169e-02 1.780007511782084190e-02 3.001215042028847202e-02 6.918561783196258697e-02 2.530879000061839190e-02 1.791577506869167571e-02 3.365211429925317466e-02 2.711411693036537909e-02
3.699389893533255175e-02 3.069901308474931589e-02 2.269942411977394006e-02 3.001215042028847202e-02 6.213362686447197053e-02 1.513200680570493950e-01 5.104342021400632562e-02 2.575582833516021700e-02 3.586880665249924521e-02 2.634182874367477917e-02
6.430334612618669732e-02 5.534219356437703602e-02 4.588411697005185391e-02 6.918561783196258697e-02 1.513200680570493950e-01 3.742694918958851535e-01 1.238664598007900991e-01 5.638551526112184353e-02 6.820757182950534792e-02 4.723887194281829738e-02
3.519278809283620663e-02 2.877329042212857860e-02 2.032676398098034673e-02 2.530879000061839190e-02 5.104342021400632562e-02 1.238664598007900991e-01 4.233270661980931965e-02 2.254117183985048650e-02 3.332369702483032464e-02 2.489113131841940579e-02
5.310059233128849865e-02 4.096882266069107326e-02 2.294150168073381957e-02 1.791577506869167571e-02 2.575582833516021700e-02 5.638551526112184353e-02 2.254117183985048650e-02 2.049747344578115721e-02 4.376626256319120223e-02 3.598859311226167840e-02
1.337429746508227435e-01 1.018090905218636544e-01 5.341051583924593532e-02 3.365211429925317466e-02 3.586880665249924521e-02 6.820757182950534792e-02 3.332369702483032464e-02 4.376626256319120223e-02 1.064558622727178466e-01 8.972644897107198703e-02
1.145411549166925613e-01 8.706267910683521127e-02 4.513370420004116090e-02 2.711411693036537909e-02 2.634182874367477917e-02 4.723887194281829738e-02 2.489113131841940579e-02 3.598859311226167840e-02 8.972644897107198703e-02 7.643909210880962812e-02
6.027092329212422467e-03 8.172806041380578992e-03 1.613987758290481855e-02 2.743160406078053171e-02 2.595814818764974677e-02 2.182794009636290777e-02 1.872111471838084837e-02 3.313867463710225281e-02 2.605702224627383032e-02 7.267715350098003652e-03
8.172806041380578992e-03 1.145177480034030928e-02 2.278676260950128485e-02 3.878271822372609395e-02 3.658392483500991221e-02 3.013893304061630168e-02 2.382313932001065698e-02 3.752919283747099821e-02 3.124984060985140644e-02 9.150948214130052993e-03
1.613987758290481855e-02 2.278676260950128485e-02 4.542157900121793213e-02 7.733305277873203654e-02 7.289784515754424432e-02 5.977495849901775377e-02 4.632053944885192870e-02 7.066853249933838232e-02 5.982269604141697561e-02 1.774542354992487275e-02
2.743160406078053171e-02 3.878271822372609395e-02 7.733305277873203654e-02 1.316841816860555570e-01 1.241264183607682786e-01 1.017056682826183445e-01 7.853634861322454641e-02 1.191060883972823309e-01 1.010870647925774801e-01 3.005893177016309009e-02
2.595814818764974677e-02 3.658392483500991221e-02 7.289784515754424432e-02 1.241264183607682786e-01 1.171478408152723250e-01 9.629470880271487343e-02 7.507740230304324469e-02 1.155217029724414368e-01 9.692179288361940648e-02 2.866450861658952076e-02
2.182794009636290777e-02 3.013893304061630168e-02 5.977495849901775377e-02 1.017056682826183445e-01 9.629470880271487343e-02 8.070991441105575259e-02 6.677952859021175913e-02 1.117507402996172627e-01 8.835808880144632727e-02 2.529238793353088405e-02
1.872111471838084837e-02 2.382313932001065698e-02 4.632053944885192870e-02 7.853634861322454641e-02 7.507740230304324469e-02 6.677952859021175913e-02 6.852172313052702635e-02 1.440963952313177865e-01 9.827655800832041377e-02 2.557402280888607451e-02
3.313867463710225281e-02 3.752919283747099821e-02 7.066853249933838232e-02 1.191060883972823309e-01 1.155217029724414368e-01 1.117507402996172627e-01 1.440963952313177865e-01 3.697131974136516064e-01 2.260322360220734517e-01 5.421040774982738286e-02
2.605702224627383032e-02 3.124984060985140644e-02 5.982269604141697561e-02 1.010870647925774801e-01 9.692179288361940648e-02 8.835808880144632727e-02 9.827655800832041377e-02 2.260322360220734517e-01 1.591871168020163041e-01 3.938620666051041719e-02
7.267715350098003652e-03 9.150948214130052993e-03 1.774542354992487275e-02 3.005893177016309009e-02 2.866450861658952076e-02 2.529238793353088405e-02 2.557402280888607451e-02 5.421040774982738286e-02 3.938620666051041719e-02 1.013557961065107531e-02
2.679542128111929433e-02 3.965246790604656790e-02 4.676941402686660143e-02 8.584588718161716148e-02 7.872523499843006589e-02 4.629625344794255359e-02 3.868348474085614441e-02 1.757470505462042920e-02 1.129494376672439925e-02 1.301417590251740392e-02
3.965246790604656790e-02 5.911167722986947204e-02 7.072608360856884324e-02 1.318713759201463886e-01 1.163841526201160881e-01 6.798557250187046985e-02 5.675752462664107600e-02 2.582194577541883918e-02 1.662696481926460162e-02 1.920663177770637678e-02
4.676941402686660143e-02 7.072608360856884324e-02 8.954661208891262492e-02 1.774397983150376445e-01 1.410309582330875888e-01 8.005267579594188554e-02 6.620783263903207150e-02 3.014179184451888649e-02 1.944755671887340998e-02 2.254747162203111360e-02
8.584588718161716148e-02 1.318713759201463886e-01 1.774397983150376445e-01 3.923873659917106460e-01 2.740733909914018218e-01 1.485619326924015327e-01 1.206810306577405234e-01 5.487468361078195328e-02 3.542848329378857353e-02 4.119420264001874554e-02
7.872523499843006589e-02 1.163841526201160881e-01 1.410309582330875888e-01 2.740733909914018218e-01 2.676522211008762753e-01 1.462783424108039521e-01 1.173159209620410759e-01 5.275128967539237379e-02 3.361470578915523588e-02 3.843769925429084411e-02
4.629625344794255359e-02 6.798557250187046985e-02 8.005267579594188554e-02 1.485619326924015327e-01 1.462783424108039521e-01 8.438138813796386417e-02 6.897859038760914552e-02 3.108033432706785656e-02 1.981513799424065164e-02 2.264106409020319802e-02
3.868348474085614441e-02 5.675752462664107600e-02 6.620783263903207150e-02 1.206810306577405234e-01 1.173159209620410759e-01 6.897859038760914552e-02 5.728826945783507124e-02 2.587704578008501871e-02 1.652533266925910668e-02 1.890546705624124996e-02
1.757470505462042920e-02 2.582194577541883918e-02 3.014179184451888649e-02 5.487468361078195328e-02 5.275128967539237379e-02 3.108033432706785656e-02 2.587704578008501871e-02 1.170827871800074645e-02 7.487863818227704325e-03 8.578945231537954755e-03
1.129494376672439925e-02 1.662696481926460162e-02 1.944755671887340998e-02 3.542848329378857353e-02 3.361470578915523588e-02 1.981513799424065164e-02 1.652533266925910668e-02 7.487863818227704325e-03 4.796752240086655898e-03 5.505424735531607057e-03
1.301417590251740392e-02 1.920663177770637678e-02 2.254747162203111360e-02 4.119420264001874554e-02 3.843769925429084411e-02 2.264106409020319802e-02 1.890546705624124996e-02 8.578945231537954755e-03 5.505424735531607057e-03 6.332013753625494526e-03
2.976093428188790191e-01 2.242997180095183674e-01 1.490405334456618713e-01 7.180621144595342176e-02 4.311243605597742112e-02 3.614485328246751228e-02 4.287297722923140431e-02 1.019109273949657668e-01 1.492522927147512113e-01 2.309871850355717793e-01
2.242997180095183674e-01 2.010672810841776792e-01 1.355413116865935297e-01 6.444785298828445419e-02 3.808720380596573862e-02 3.139065817466993313e-02 3.654916870327400841e-02 8.565512513471996991e-02 1.219176468381638623e-01 1.792205172853604256e-01
1.490405334456618713e-01 1.355413116865935297e-01 9.514651643146862514e-02 4.554868641537964530e-02 2.701813764617494451e-02 2.233386180297645615e-02 2.606929242876385514e-02 6.117877616304715632e-02 8.677251892980243630e-02 1.251633977240561579e-01
7.180621144595342176e-02 6.444785298828445419e-02 4.554868641537964530e-02 2.200584746920023621e-02 1.314299719339475335e-02 1.093428962077494168e-02 1.284395841441216685e-02 3.027260010793993844e-02 4.309329962252674007e-02 6.200313046788137605e-02
4.311243605597742112e-02 3.808720380596573862e-02 2.701813764617494451e-02 1.314299719339475335e-02 7.908336082338438336e-03 6.625748286780690222e-03 7.836907125354260553e-03 1.855847902798762189e-02 2.653400829761222088e-02 3.815123614136702035e-02
3.614485328246751228e-02 3.139065817466993313e-02 2.233386180297645615e-02 1.093428962077494168e-02 6.625748286780690222e-03 5.592764675169482023e-03 6.663866010519148980e-03 1.585940819835036236e-02 2.278193727356035009e-02 3.275356318889019458e-02
4.287297722923140431e-02 3.654916870327400841e-02 2.606929242876385514e-02 1.284395841441216685e-02 7.836907125354260553e-03 6.663866010519148980e-03 8.002243300671691567e-03 1.914570692675699251e-02 2.764394544430554337e-02 3.976746880663342004e-02
1.019109273949657668e-01 8.565512513471996991e-02 6.117877616304715632e-02 3.027260010793993844e-02 1.855847902798762189e-02 1.585940819835036236e-02 1.914570692675699251e-02 4.599175651044348778e-02 6.667743018175123493e-02 9.603976657273585738e-02
1.492522927147512113e-01 1.219176468381638623e-01 8.677251892980243630e-02 4.309329962252674007e-02 2.653400829761222088e-02 2.278193727356035009e-02 2.764394544430554337e-02 6.667743018175123493e-02 9.797060726310329037e-02 1.428071601768095833e-01
2.309871850355717793e-01 1.792205172853604256e-01 1.251633977240561579e-01 6.200313046788137605e-02 3.815123614136702035e-02 3.275356318889019458e-02 3.976746880663342004e-02 9.603976657273585738e-02 1.428071601768095833e-01 2.187053043645482142e-01
2.209209432524709693e-01 7.942637815160129289e-02 5.973614043782167482e-02 2.881742459807589210e-02 4.452499635612792300e-02 1.066545378993534604e-01 4.813446903268893406e-02 1.207309535824630797e-01 1.563263665571494321e-01 1.257753851328828609e-01
7.942637815160129289e-02 2.878435363472616956e-02 2.214834436152396391e-02 1.128878567129378528e-02 1.875354749951301317e-02 4.600789310952582700e-02 1.924649302189779254e-02 4.488284194767299534e-02 5.696356338049973767e-02 4.542203419999894798e-02
5.973614043782167482e-02 2.214834436152396391e-02 1.825402748917080015e-02 1.075040936341075358e-02 2.083448867464066101e-02 5.340893156753998006e-02 1.923329016844100778e-02 3.735726905321452157e-02 4.467701512036761913e-02 3.464187903781742323e-02
2.881742459807589210e-02 1.128878567129378528e-02 1.075040936341075358e-02 8.093717927140982316e-03 1.882443543576054271e-02 5.034473143223301000e-02 1.550022725429794565e-02 2.275099835868606146e-02 2.398108735054587520e-02 1.734884998146793422e-02
4.452499635612792300e-02 1.875354749951301317e-02 2.083448867464066101e-02 1.882443543576054271e-02 4.822454181371412657e-02 1.314485118639660000e-01 3.751847750655588898e-02 4.541991891278084059e-02 4.229876346823803479e-02 2.817961686887719697e-02
1.066545378993534604e-01 4.600789310952582700e-02 5.340893156753998006e-02 5.034473143223301000e-02 1.314485118639660000e-01 3.598623381660046028e-01 1.012276772057497248e-01 1.173692258717504988e-01 1.057026340000502412e-01 6.864973283443838448e-02
4.813446903268893406e-02 1.924649302189779254e-02 1.923329016844100778e-02 1.550022725429794565e-02 3.751847750655588898e-02 1.012276772057497248e-01 3.068718164523186534e-02 4.331497264065406472e-02 4.372959730251339827e-02 3.002225080541357644e-02
1.207309535824630797e-01 4.488284194767299534e-02 3.735726905321452157e-02 2.275099835868606146e-02 4.541991891278084059e-02 1.173692258717504988e-01 4.331497264065406472e-02 8.725887128042048024e-02 1.010060617667320332e-01 7.321509922343449883e-02
1.563263665571494321e-01 5.696356338049973767e-02 4.467701512036761913e-02 2.398108735054587520e-02 4.229876346823803479e-02 1.057026340000502412e-01 4.372959730251339827e-02 1.010060617667320332e-01 1.248896350006885175e-01 9.324425231554263338e-02
1.257753851328828609e-01 4.542203419999894798e-02 3.464187903781742323e-02 1.734884998146793422e-02 2.817961686887719697e-02 6.864973283443838448e-02 3.002225080541357644e-02 7.321509922343449883e-02 9.324425231554263338e-02 7.302438979043161804e-02
2.095468066047517230e-01 1.536995805870153831e-01 8.817521244989859341e-02 3.633943100611519705e-02 1.852706399903453205e-02 1.430231309953705621e-02 3.759960215416066620e-02 1.060829985145863852e-01 9.057478875767842330e-02 1.543525669683551427e-01
1.536995805870153831e-01 1.131182006178788751e-01 6.492020258753514184e-02 2.675264118049297535e-02 1.363238875831751691e-02 1.050852335428436798e-02 2.760415609553550087e-02 7.786511848040772454e-02 6.635092048643566331e-02 1.130184657276287474e-01
8.817521244989859341e-02 6.492020258753514184e-02 3.729629102153026593e-02 1.538992657861984817e-02 7.892394488058434437e-03 6.210589943284015868e-03 1.657755107990559196e-02 4.722880199330403705e-02 3.896462365895662916e-02 6.509459287051290455e-02
3.633943100611519705e-02 2.675264118049297535e-02 1.538992657861984817e-02 6.372156579519290542e-03 3.320827415370347212e-03 2.746326620210662230e-03 7.600846795607156189e-03 2.212493144729911487e-02 1.699580744311177116e-02 2.710232101453077802e-02
1.852706399903453205e-02 1.363238875831751691e-02 7.892394488058434437e-03 3.320827415370347212e-03 1.863684346354798358e-03 1.870552940729601574e-03 5.813375183690117770e-03 1.799120460500525098e-02 1.102272488991216590e-02 1.450328271901224313e-02
1.430231309953705621e-02 1.050852335428436798e-02 6.210589943284015868e-03 2.746326620210662230e-03 1.870552940729601574e-03 2.638004054137969064e-03 9.410419695424710601e-03 3.093886609547211869e-02 1.448604420642900757e-02 1.292518907265362456e-02
3.759960215416066620e-02 2.760415609553550087e-02 1.657755107990559196e-02 7.600846795607156189e-03 5.813375183690117770e-03 9.410419695424710601e-03 3.495513978553428658e-02 1.167400761456051927e-01 5.043898150906143962e-02 3.752525098828220218e-02
1.060829985145863852e-01 7.786511848040772454e-02 4.722880199330403705e-02 2.212493144729911487e-02 1.799120460500525098e-02 3.093886609547211869e-02 1.167400761456051927e-01 3.928615092186817925e-01 1.642210582591837331e-01 1.120733217916242697e-01
9.057478875767842330e-02 6.635092048643566331e-02 3.896462365895662916e-02 1.699580744311177116e-02 1.102272488991216590e-02 1.448604420642900757e-02 5.043898150906143962e-02 1.642210582591837331e-01 8.228798390065414359e-02 7.968592640953246764e-02
1.543525669683551427e-01 1.130184657276287474e-01 6.509459287051290455e-02 2.710232101453077802e-02 1.450328271901224313e-02 1.292518907265362456e-02 3.752525098828220218e-02 1.120733217916242697e-01 7.968592640953246764e-02 1.190602238709571742e-01
2.066356066659393032e-02 6.194135043233748097e-03 3.281410415884321134e-03 5.295459557711236324e-03 6.574183986374585245e-03 2.248172675485804808e-02 3.280792876883780601e-02 2.484911108196221144e-02 4.662718105043969080e-02 8.962516754752947179e-02
6.194135043233748097e-03 1.971040433372080701e-03 1.231759331132296301e-03 2.241327641274447596e-03 2.898986277799749448e-03 1.004557177604234117e-02 1.464827073284988464e-02 9.669743748466089195e-03 1.498273518199607843e-02 2.627639475410221970e-02
3.281410415884321134e-03 1.231759331132296301e-03 1.062458183939068469e-03 2.268955867788685112e-03 3.071602783256287619e-03 1.079284521373614393e-02 1.572207817734008056e-02 8.776009460996513079e-03 9.545510558896852515e-03 1.295962853340980846e-02
5.295459557711236324e-03 2.241327641274447596e-03 2.268955867788685112e-03 5.125143558987022875e-03 7.035405897143634339e-03 2.482203155189130137e-02 3.614690983887222653e-02 1.910004058733386773e-02 1.756383629517259751e-02 1.961741258075376179e-02
6.574183986374585245e-03 2.898986277799749448e-03 3.071602783256287619e-03 7.035405897143634339e-03 9.690677362079385543e-03 3.422472540108743161e-02 4.983612078454509320e-02 2.598126603331820522e-02 2.279082402705340932e-02 2.376012219688884014e-02
2.248172675485804808e-02 1.004557177604234117e-02 1.079284521373614393e-02 2.482203155189130137e-02 3.422472540108743161e-02 1.209113415528032393e-01 1.760607124509889487e-01 9.141730111138245130e-02 7.904417951802504561e-02 8.058068143597782451e-02
3.280792876883780601e-02 1.464827073284988464e-02 1.572207817734008056e-02 3.614690983887222653e-02 4.983612078454509320e-02 1.760607124509889487e-01 2.567039386023754477e-01 1.333571371280260209e-01 1.154037799210982929e-01 1.176331896392279613e-01
2.484911108196221144e-02 9.669743748466089195e-03 8.776009460996513079e-03 1.910004058733386773e-02 2.598126603331820522e-02 9.141730111138245130e-02 1.333571371280260209e-01 7.379118171959947459e-02 7.632716540478362566e-02 9.628101701629385167e-02
4.662718105043969080e-02 1.498273518199607843e-02 9.545510558896852515e-03 1.756383629517259751e-02 2.279082402705340932e-02 7.904417951802504561e-02 1.154037799210982929e-01 7.632716540478362566e-02 1.178379956211925705e-01 1.967816276928076036e-01
8.962516754752947179e-02 2.627639475410221970e-02 1.295962853340980846e-02 1.961741258075376179e-02 2.376012219688884014e-02 8.058068143597782451e-02 1.176331896392279613e-01 9.628101701629385167e-02 1.967816276928076036e-01 3.922426622990581313e-01
5.181244740817137623e-02 1.004313196024140542e-01 3.157962408030694224e-02 2.908304349968017510e-02 3.701535757353242861e-02 4.220998145540875990e-02 6.976590035047314231e-02 5.016326336339988617e-02 5.848940798851098855e-02 1.054822441461620297e-01
1.004313196024140542e-01 2.138479508576976162e-01 6.668935540201567647e-02 6.003515335904262284e-02 7.492154687015949166e-02 8.384811783137449681e-02 1.363326935614792568e-01 9.452516948271760810e-02 1.044218123837110934e-01 1.842910134685009083e-01
3.157962408030694224e-02 6.668935540201567647e-02 2.117583979363653682e-02 1.997197368093720990e-02 2.578716227678266859e-02 2.948233039695875163e-02 4.844301842923343093e-02 3.271754814039533332e-02 3.426623703814125205e-02 5.850363608480486921e-02
2.908304349968017510e-02 6.003515335904262284e-02 1.997197368093720990e-02 2.113803355953967900e-02 2.939146662908692989e-02 3.507683317321865640e-02 5.881845918886439289e-02 3.777101909912713995e-02 3.522401385035855981e-02 5.532883146946261654e-02
3.701535757353242861e-02 7.492154687015949166e-02 2.578716227678266859e-02 2.939146662908692989e-02 4.275808705818988364e-02 5.228520376227743793e-02 8.867585474998956885e-02 5.553917255657119662e-02 4.848171076656680040e-02 7.200274964037950420e-02
4.220998145540875990e-02 8.384811783137449681e-02 2.948233039695875163e-02 3.507683317321865640e-02 5.228520376227743793e-02 6.509358510172884305e-02 1.114087789837965858e-01 6.901038341966117540e-02 5.827165830713666034e-02 8.382402324327094256e-02
6.976590035047314231e-02 1.363326935614792568e-01 4.844301842923343093e-02 5.881845918886439289e-02 8.867585474998956885e-02 1.114087789837965858e-01 1.922940370245927455e-01 1.188030750430778132e-01 9.923586545016940819e-02 1.410190222224082524e-01
5.016326336339988617e-02 9.452516948271760810e-02 3.271754814039533332e-02 3.777101909912713995e-02 5.553917255657119662e-02 6.901038341966117540e-02 1.188030750430778132e-01 7.666838526206276594e-02 6.962717008293203835e-02 1.054263644358043872e-01
5.848940798851098855e-02 1.044218123837110934e-01 3.426623703814125205e-02 3.522401385035855981e-02 4.848171076656680040e-02 5.827165830713666034e-02 9.923586545016940819e-02 6.962717008293203835e-02 7.628377058904911578e-02 1.297073593301098782e-01
1.054822441461620297e-01 1.842910134685009083e-01 5.850363608480486921e-02 5.532883146946261654e-02 7.200274964037950420e-02 8.382402324327094256e-02 1.410190222224082524e-01 1.054263644358043872e-01 1.297073593301098782e-01 2.389278633453312817e-01
1.241709268466769517e-02 3.604301842978573089e-02 1.769109032591035038e-02 1.746251210070179014e-02 3.840553586161762206e-02 3.351153219223512725e-02 4.812142648750533658e-02 4.134511712211687978e-02 2.719679114649716650e-02 9.611428937887207119e-03
3.604301842978573089e-02 1.048215169008257924e-01 5.143587682339709199e-02 5.071479444461711450e-02 1.113961900010904532e-01 9.626051294834872540e-02 1.358989124783171742e-01 1.170932077727168258e-01 7.766144465322839807e-02 2.764696769638615159e-02
1.769109032591035038e-02 5.143587682339709199e-02 2.526800684113059137e-02 2.499265777415884959e-02 5.505348731777490873e-02 4.770180471909445108e-02 6.748288989400971771e-02 5.773023776867088064e-02 3.819914920673225106e-02 1.358725372201496050e-02
1.746251210070179014e-02 5.071479444461711450e-02 2.499265777415884959e-02 2.497752649786157131e-02 5.553734341760992177e-02 4.861010242429187472e-02 6.941746162330000858e-02 5.801163877833967475e-02 3.804744899765447746e-02 1.348329703157606294e-02
3.840553586161762206e-02 1.113961900010904532e-01 5.505348731777490873e-02 5.553734341760992177e-02 1.247422839762071523e-01 1.104709383435679426e-01 1.597072944938030536e-01 1.302035488408068431e-01 8.454974942070220267e-02 2.983454325689678666e-02
3.351153219223512725e-02 9.626051294834872540e-02 4.770180471909445108e-02 4.861010242429187472e-02 1.104709383435679426e-01 1.077344142566368790e-01 1.739434986869003996e-01 1.305549829430232012e-01 8.003158042981248221e-02 2.726290114243792168e-02
4.812142648750533658e-02 1.358989124783171742e-01 6.748288989400971771e-02 6.941746162330000858e-02 1.597072944938030536e-01 1.739434986869003996e-01 3.354541044560748753e-01 2.300865695744449269e-01 1.306121210426328394e-01 4.220929078276768748e-02
4.134511712211687978e-02 1.170932077727168258e-01 5.773023776867088064e-02 5.801163877833967475e-02 1.302035488408068431e-01 1.305549829430232012e-01 2.300865695744449269e-01 1.885305604771762567e-01 1.103555649743518940e-01 3.585904049685424699e-02
2.719679114649716650e-02 7.766144465322839807e-02 3.819914920673225106e-02 3.804744899765447746e-02 8.454974942070220267e-02 8.003158042981248221e-02 1.306121210426328394e-01 1.103555649743518940e-01 6.828180428058683304e-02 2.274850252392824138e-02
9.611428937887207119e-03 2.764696769638615159e-02 1.358725372201496050e-02 1.348329703157606294e-02 2.983454325689678666e-02 2.726290114243792168e-02 4.220929078276768748e-02 3.585904049685424699e-02 2.274850252392824138e-02 7.772689628832367414e-03
