2.496847797173468164e-02 1.289578148751209172e-02 3.659985192365460081e-03 3.412830583715294359e-03 1.193179739699344946e-02 5.296535544354954994e-02 2.859586695465665684e-01 1.298816138268452103e-01 7.089251422468656472e-02 3.395834989636956625e-01 4.573829937811765139e-02 1.811117598421813774e-02
4.969158061981371333e-02 4.544762795097508079e-02 8.674235974251620629e-02 3.483003474877754968e-02 4.247847544720068091e-02 1.139895263558886596e-01 1.465954168890789555e-01 1.337458438453673626e-01 1.386559249004521710e-01 1.041048522823487255e-01 5.636193786305391390e-02 4.735641935452718221e-02
7.760922454814114801e-02 7.001569666131218783e-02 8.592408137003829105e-02 5.851548953786317453e-02 1.158939711288482222e-01 1.052849231455678242e-01 1.646617391454023860e-01 1.196151421035131363e-01 5.647215571126404376e-02 2.929747655497786513e-02 5.756328723213095105e-02 5.914681286094080476e-02
1.664043159779520775e-01 1.696678378663442621e-01 5.397816129981773681e-02 2.074537055732572632e-02 2.629593824896824319e-02 3.403375192146201877e-02 8.305533941363721362e-02 1.083631391144850992e-01 1.348729949728295630e-01 6.598949908470320980e-02 9.478970582521381583e-02 4.180394571726109287e-02
1.559248599665163382e-01 9.128329745052249367e-02 6.959806830735963679e-02 2.585010834830896512e-02 3.237031555345255135e-02 1.046584512820578489e-01 1.462370549864142610e-01 1.446755570387415479e-01 5.985340655340952443e-02 8.946175052640458619e-03 2.008711652678351819e-02 1.405155889337925124e-01
2.742087756002489426e-02 3.456600404839126062e-02 8.824190422256388000e-02 1.598308582632481656e-01 1.057519527485702437e-01 6.603770366755276622e-02 4.356995690451154202e-02 9.237069148956880693e-02 1.029106855338223492e-01 1.074384908051353449e-01 9.653675529572386393e-02 7.532411946088693466e-02
1.580550367524398148e-01 1.370232398970383514e-01 1.089777469718730962e-01 9.475431960859219405e-02 5.640278555176717057e-02 5.417304245039968047e-02 1.335717976513177141e-01 6.340890192318682228e-02 2.216190225800871230e-02 5.462377201186498221e-02 5.934813880625231658e-02 5.749931611725962038e-02
1.421153199834001568e-01 1.626450110088791812e-01 1.097790020571132452e-01 2.914714738379126091e-02 1.292738780074403210e-02 1.286178540782948430e-02 2.278338582384668159e-02 1.237596508865142636e-01 1.705660780836185386e-01 7.365615125722523027e-02 5.519142513481543888e-02 8.456765517222256112e-02
6.694524669554216545e-02 7.642925812775536176e-02 8.883078234671487605e-02 1.160875755617227501e-01 1.019826284114411230e-01 2.538698171843229989e-01 1.152257165822634793e-01 4.905261138659274683e-02 3.209488273661971480e-02 2.064326121902509276e-02 2.490482579039285035e-02 5.393339395760704535e-02
8.273265099676027634e-02 1.151416058695296507e-01 1.405096888942836963e-01 1.207835410898093070e-01 6.179406781036181351e-02 1.177843567705132710e-01 9.045339854794584578e-02 2.332444208988254664e-02 3.071527685413561609e-02 3.330800257158560151e-02 6.391186793183452342e-02 1.195411005733579834e-01
6.345747490081532494e-02 1.020305507049903138e-01 1.697251861302644105e-01 3.809899557274303017e-02 3.709117083316436358e-02 3.531470842808170224e-02 6.469272270006212744e-02 1.218162989166635679e-01 9.466277113348579852e-02 7.189365293891723796e-02 1.085085161811645826e-01 9.270795155964761669e-02
9.410327651332373033e-02 1.215522086885178349e-01 6.428487485110608024e-02 8.743370801422831184e-02 5.152372788682817173e-02 9.207429946644760110e-02 1.467026404002419182e-01 1.444600676866367173e-01 3.262958948864747716e-02 2.961955046236587272e-02 3.985175098419485584e-02 9.576430555746150153e-02
1.948440314167802778e-02 3.671032771429021818e-02 1.093124948019873199e-01 2.285946993037382968e-01 1.829802195160240563e-01 1.882900713026403883e-01 9.868985824777648519e-02 6.558039941324222966e-02 2.781127647557632421e-02 1.357042058194584712e-02 1.463583832745288596e-02 1.433999117364804718e-02
3.056800488778514679e-02 3.531742227752272117e-02 4.778848769823081100e-02 8.409780407916041256e-02 1.391106542510754107e-01 2.323517095871249216e-01 1.191742115730180934e-01 1.649005518677907345e-01 7.834309766940439346e-02 3.337870046071970964e-02 1.766384483549548676e-02 1.730551081267246369e-02
4.759781862931898588e-02 7.732786661526316885e-02 1.103906811983995095e-01 6.302689379969216021e-02 4.422419065532828819e-02 4.561534058219438026e-02 6.122641926562046727e-02 2.542069126075411911e-01 1.149612434747343537e-01 6.496937898738429362e-02 6.437854448218599535e-02 5.207470970233742114e-02
8.203532731508703102e-02 4.126918676706325950e-02 3.370416569623815861e-02 2.776033921025596041e-02 3.285271349311487399e-02 1.353880074094374053e-01 1.005825190745466141e-01 1.945492773962260169e-01 8.299122422476731820e-02 1.268818036607628486e-01 7.430433107242187529e-02 6.768110468007895730e-02
7.677742907816838269e-02 2.612374800058178126e-01 7.578791152664951514e-02 3.089644866044799487e-02 4.101481001998733000e-02 7.317466505590339287e-02 7.012160320040315697e-02 9.633490089012577973e-02 7.817180936621068166e-02 6.619355507951772688e-02 7.891290868251672752e-02 5.137647843425179744e-02
1.069484049842495121e-01 1.233845689235235910e-01 6.586392685111797096e-02 9.737695490804026965e-02 7.648231678082131890e-02 9.371809348575586840e-02 9.017967464379290921e-02 9.895729338609081382e-02 5.876603059113227195e-02 6.252920224081201517e-02 7.383044214498359070e-02 5.196309105967988201e-02
3.167136741267137512e-02 2.458501159894888044e-02 4.184244853184619639e-02 1.466706125092236135e-01 1.002592077913287416e-01 1.122770983393403116e-01 8.597297277059927356e-02 8.272403917928584927e-02 2.437361526243637111e-01 6.539258117881063814e-02 4.135854745215946510e-02 2.350996061142180196e-02
6.806461572419565675e-02 3.243416094669520494e-02 7.516941908536452222e-02 5.792932334243015846e-02 1.048590619309143074e-01 9.347144594978969157e-02 2.234570637102096385e-02 2.047805233201935651e-02 4.049650649399019753e-02 1.132346424586722494e-01 1.128090430963935298e-01 2.587080222685140818e-01
1.730411769624793511e-02 4.026628290911064834e-02 6.875543175708635768e-02 1.912394103530707101e-01 7.824161372277477211e-02 4.126320328126183157e-02 1.044072530575540780e-01 2.033777770841515564e-01 1.548963819418976151e-01 5.009648160408698703e-02 3.018056085300690333e-02 1.997148573975071617e-02
7.385447501054086261e-02 3.911363751115489590e-02 8.840825715698677478e-02 1.307923740453135475e-01 8.818737173091921455e-02 6.993875119951528663e-02 4.378412375564808001e-02 8.412490878442120679e-02 1.390942790907316873e-01 1.212255887937549459e-01 6.426925893541408918e-02 5.720697398559963787e-02
1.454859677628815851e-01 1.256857871808728100e-01 1.114430205686236658e-01 5.966873307628425827e-02 4.166071618447744762e-02 2.557760789032955881e-02 4.094906187020852517e-02 1.290239591013841169e-01 1.067427817494156772e-01 8.801607376131015403e-02 7.425424046373799158e-02 5.149205039047421995e-02
1.825862845041751892e-01 8.556924999948459232e-02 5.746808608844434368e-02 2.575081568929167911e-02 2.005038574542171437e-02 1.613090390394021634e-02 2.083761925675987198e-02 2.552370509540420260e-02 8.982562017974468627e-02 1.792366313032232039e-01 1.514147939005939525e-01 1.456059043335165004e-01
1.497437352521971410e-01 8.822232062482895931e-02 5.583792468921541102e-02 4.848641948120187978e-02 3.042079361982201816e-02 8.538757239840358282e-02 1.669990486761254722e-01 6.969891895164216644e-02 4.200367855883505031e-02 4.028760266032138659e-02 6.978109278036317975e-02 1.531308923070440198e-01
3.358142572297771467e-01 1.360420895918814932e-01 2.044439674146135699e-01 1.293344771122049708e-01 2.057500430047498607e-02 1.116917907700916424e-03 5.855474645864902628e-03 1.247793711222878327e-02 4.061840582559185617e-04 6.654273153606444016e-03 5.508807691018634267e-02 9.219134056320463233e-02
1.301687525131593748e-02 2.928708802648732207e-02 9.421040476599561175e-02 9.958425433822276629e-02 1.171167491775405162e-01 1.023157439381314898e-01 1.129797328519396016e-01 1.775967743519145381e-01 1.626432611417281127e-01 5.303180123242556832e-02 2.732653572198981418e-02 1.089077920230871986e-02
9.334414535142378233e-02 1.166795443591362863e-01 1.505611144468897433e-01 1.308094339527594019e-01 6.644385075871045432e-02 5.176198365426402936e-02 7.902410910384563558e-02 8.717841927185833450e-02 6.033960502294796052e-02 2.801428921010568063e-02 4.188781829707614174e-02 9.395568657098288257e-02
9.667697289765737889e-02 3.858829462384727460e-02 1.803390377390477403e-02 4.063764119719333323e-02 6.140009813673286132e-02 7.689150699240226983e-02 1.128583425542558361e-01 9.182056691910982227e-02 8.610106148812025906e-02 8.370672004400001032e-02 1.368699085579061503e-01 1.564149828148703181e-01
3.507331287766350669e-02 3.468566344606236612e-02 9.199687681253701510e-02 1.406582363987803064e-01 1.128974835151864142e-01 6.131414157398818593e-02 1.013675634876979870e-01 6.210423389208288847e-02 5.308066054363100306e-02 1.038774094847276785e-01 9.916241687967018714e-02 1.037820010879726140e-01
1.027680460135513424e-01 4.527863795314906320e-02 2.694664562617772249e-02 1.283913961697383775e-02 2.016058955637254485e-02 1.687084337564117437e-02 3.093900196175508946e-02 1.152032334873722419e-01 9.922320926945811526e-02 6.669796798790646186e-02 1.677371570967495784e-01 2.953355280548926043e-01
1.556324170420720666e-02 7.291171089063297472e-03 1.178908770039085660e-02 4.593059707212433784e-02 1.888836546151667073e-01 1.949633732836428268e-01 4.982172660056058411e-02 3.017520205717953707e-02 9.922319935649911993e-02 2.021415300632090073e-01 1.212231093383563107e-01 3.299410711960035908e-02
1.258860777898430094e-01 1.139155571376806036e-01 1.019711453480711821e-01 1.021604694989196455e-01 9.656632855767817436e-02 6.205730737034991645e-02 5.919307770057907758e-02 4.496306737590662073e-02 3.049342761317106951e-02 4.165460712185146269e-02 6.306468475707360799e-02 1.580742497288757653e-01
1.348197152008431127e-02 1.370203136291963698e-02 1.734240570586290109e-02 4.424864802763036481e-02 1.257065157171577408e-01 2.109714652385902001e-01 1.048472142248289551e-01 1.030635900297091900e-01 1.303004683263050689e-01 1.303551452472943017e-01 6.669901355240431817e-02 3.928153104721313071e-02
1.364862547844727658e-01 1.722429491990647710e-01 1.055764891944199063e-01 2.031986125502587837e-01 1.615896162499826372e-01 7.497436344926608487e-02 5.753228836709709665e-02 2.648550333005572285e-02 1.282042760688704638e-02 1.397732783722383312e-02 1.142287050280152948e-02 2.369329692847000485e-02
6.924965353433956694e-02 9.197240979069624955e-02 9.784374983791550850e-02 1.565777350830035441e-01 3.667239639565739867e-02 2.198968067172236973e-02 3.570472315855338641e-02 7.154119306660067235e-02 1.073619168889396042e-01 1.113833133543633558e-01 1.280785417014149163e-01 7.162468651679347598e-02
5.900329850227951575e-03 5.784338980261859511e-03 1.028026219709652321e-02 4.793733730049733188e-02 1.749594275324151127e-01 2.127181696862517346e-01 6.937561221510984977e-02 7.148088059298904340e-02 2.115282174380005709e-01 1.301659195443564121e-01 4.276059425554923354e-02 1.710891040724456941e-02
5.050202272384442942e-02 3.136599377891868823e-02 6.186897764734498872e-02 2.083697246721794016e-01 1.827785146878501132e-01 2.867437167114658333e-02 7.809152145707178722e-03 5.842420242671144542e-03 2.786169944757325989e-02 9.030675472138346982e-02 1.392894522813241387e-01 1.653309159800569472e-01
1.777655933768112206e-01 3.826066006775116768e-02 1.175746609683503419e-02 8.682822959426031439e-03 6.442507503489553096e-03 1.411299736949968298e-02 6.425133419894006603e-02 9.141719967683245573e-02 1.802079255958805581e-01 1.146340259319686139e-01 1.163540329176702970e-01 1.761134343048952888e-01
7.237910082156868985e-02 1.326312262984005730e-01 1.956635094458399060e-01 5.383689190202171904e-02 1.316838790572684263e-02 3.914218311386288840e-02 1.846820647065484100e-01 1.091857066441855595e-01 5.301221094236795855e-02 4.411253287350392488e-02 4.725665747586221821e-02 5.492952787011158577e-02
2.054651748249124443e-01 1.712532999091009867e-01 3.057346195789529819e-01 7.078154458814614469e-02 8.336857729050000526e-03 6.173162144961553445e-04 6.934395606128310185e-03 1.849012550791472725e-02 1.462791764973351422e-02 2.065172876963705315e-03 3.689203420434510744e-02 1.588015413102558948e-01
7.276343398483592698e-03 2.027569920615561114e-02 5.056728566087595467e-02 2.258293124734186696e-01 1.892532478244641214e-01 6.801793317529285232e-02 1.002328923161168728e-01 2.611454490822905927e-01 5.133017022172976784e-02 1.356245337843892812e-02 8.317324516010724672e-03 4.191888746722239115e-03
2.001531315232700226e-01 1.071988460032215484e-01 8.343142935869166110e-02 7.048976969982240215e-02 5.542701624238231817e-02 9.064478825421765085e-02 1.428467194480779190e-01 1.025213967541076659e-01 3.508222895470844427e-02 3.983489695996675350e-02 2.641292866436242837e-02 4.595684813717143546e-02
5.982578129297650565e-02 1.117206368833764257e-01 2.395206786067949067e-01 8.117663206539491028e-02 1.934426962794958960e-01 1.818403891387438964e-01 8.227648570840231934e-02 1.828354575156121431e-02 3.640601277229821818e-03 4.329028488949756941e-03 5.853435867006179238e-03 1.809008864006868972e-02
5.126434829981138530e-02 2.575809661246735230e-02 2.286872442818452256e-02 4.162978279719388441e-02 2.132000169321300598e-02 3.336264091550288080e-02 4.709101621878607896e-02 1.197401768289069746e-01 2.609935361523679775e-01 1.342477113429713653e-01 1.794477630235661592e-01 6.227620168702838188e-02
9.301392967140159618e-02 4.011721578414627343e-02 4.950503073971176948e-02 8.885997047350494005e-02 1.286160242747053650e-01 1.157640576917719072e-01 1.209014401756570017e-01 9.588475321025807796e-02 3.710336559851935834e-02 3.816017668146914898e-02 7.880239543460959561e-02 1.132716402642451325e-01
3.839597443294273660e-02 5.475538844333714683e-02 1.214612307828870641e-01 7.657779881601234351e-02 7.645911636624740104e-02 1.054011289214153158e-01 1.979210728651721596e-01 1.971861550128805596e-01 6.657676878551252453e-02 2.448104454763334881e-02 2.273080304603198112e-02 1.805351797992753304e-02
7.701743847586650649e-02 5.464704867616550221e-02 8.126860503063482177e-02 1.367269942465050570e-01 8.158404645553202217e-02 4.412216769075646278e-02 4.095570026081968296e-02 6.032382840492746257e-02 5.880963428108981761e-02 1.238453500760817449e-01 1.080941168570129646e-01 1.326050695446080174e-01
7.751308426050168565e-02 5.640306520869106666e-02 4.224677737133779309e-02 3.099482437378952779e-02 9.601636872213381579e-02 5.957579278965452474e-02 6.778333707506825623e-02 1.670041060387510157e-01 1.525990000699141425e-01 1.228585782115812208e-01 7.429602079621133726e-02 5.270904508236586017e-02
9.730685611185214967e-02 2.358056670270170518e-01 6.784852093363025194e-02 4.871412438507867482e-02 2.098835628539654496e-01 1.103873047638677662e-01 6.227750524486167644e-02 3.718683233324103499e-02 1.605084202610507216e-02 2.294767286833945125e-02 2.963636653263414938e-02 6.195474491940775735e-02
1.096193528082414770e-01 5.414951183869531198e-02 2.282125522737526654e-02 9.930383817473181773e-02 4.308989239047564257e-02 5.552071361693622538e-03 1.273523824333067447e-02 1.063962659707964470e-01 1.479365902863798987e-01 1.777255760040725163e-01 1.235937745064307480e-01 9.707663318777687289e-02
1.763629584748789558e-02 2.154469709758113222e-02 7.552846281111859350e-02 2.571797200476649836e-01 8.352286825727035791e-02 1.141081465144582474e-01 2.294061219237690519e-01 1.075339334451308332e-01 4.418220499097627596e-02 2.229176828031959046e-02 1.739875030327386191e-02 9.667030480949443533e-03
8.320698398163499376e-02 7.153132418703293804e-02 3.880971462907224778e-02 5.788522781492614483e-02 7.832918508306943584e-02 7.833268327472396597e-02 1.463576912797081575e-01 1.130704883315738346e-01 4.976958777166111403e-02 4.276772530867323924e-02 1.110785900853895475e-01 1.288607982525344919e-01
7.964274952401083352e-02 6.003983379357504674e-02 9.166094232782756590e-02 2.069013425612700185e-01 7.040344770202398850e-02 7.428582156967547534e-02 2.713844760584217530e-01 3.577592664754343510e-02 1.351121920792612216e-02 2.152993644971084794e-02 2.238931948207813216e-02 5.247498467593660759e-02
9.844583362583299302e-02 1.642828362322641955e-01 2.037639225556713007e-01 4.531927113887772307e-02 2.817108354539259174e-02 2.675243757821531981e-02 2.389894671046208230e-02 4.900368440425382360e-02 1.086530780451869377e-01 1.339119003616610903e-01 5.311410910266885221e-02 6.468289669951307608e-02
8.574725770395921765e-02 2.278898378550837378e-01 6.052268543996418282e-02 3.051877761798763716e-02 2.274543178629771789e-02 2.749726577261735888e-02 1.136248596948781220e-01 9.655580415035983077e-02 9.718819068705836228e-02 7.386747902005653954e-02 7.649053163907548747e-02 8.735187863266172248e-02
3.334237190396346223e-02 1.390919083928138511e-01 1.206017350260529947e-01 8.878072743596829297e-02 1.635590737965836872e-01 2.342475671762698775e-01 4.812730053567944311e-02 1.686664469043164249e-02 2.188239187523582929e-02 5.649121643321486363e-02 5.116016736217970928e-02 2.584889537160682885e-02
3.464567670434079427e-02 1.865706008521282599e-01 1.327138393832777430e-01 9.870652349736346032e-02 3.036596922046430613e-02 3.101334785242733372e-02 6.517396898307251107e-02 1.721506856535075236e-01 1.490842523329216074e-01 6.182529337852142592e-02 1.760922286095033956e-02 2.014061928102504201e-02
5.822840875550642364e-02 3.719284961267899786e-02 4.937223841058031859e-02 7.255785404122663818e-02 7.903336115166853526e-02 1.936007045475182931e-01 1.448726736381784619e-01 6.248486296337460444e-02 3.767611492472691670e-02 8.554841201497706549e-02 1.223950875489529522e-01 5.703743239061121600e-02
2.601050762562839500e-02 3.369518905078261461e-02 3.037567494247290709e-02 5.968653054214095866e-02 1.441688234519385159e-01 1.393768763992861148e-01 8.878620563141995103e-02 6.696483626082648521e-02 4.045175087152506205e-02 1.011866869383749590e-01 1.602693142199710374e-01 1.090276040656328882e-01
1.011857085754790109e-01 2.461849475103893292e-01 9.162723564654129405e-02 1.421823930105902897e-02 3.415136769870065307e-03 1.275069059008373390e-02 7.733833464843505034e-02 3.643064265774998423e-01 3.681321260906593451e-02 9.880748072932410073e-03 9.113158267746012536e-03 3.316616143089869823e-02
6.907181455030182715e-02 3.836805934479613212e-02 8.080091074677561713e-02 1.038177675431053160e-01 8.409670659683665672e-02 8.454951690043037427e-02 5.241612680841617466e-02 3.164249439897923177e-02 6.979342015563651247e-02 1.346784897287424121e-01 2.003947728893422098e-01 5.036992033663762608e-02
3.222850671290818092e-02 4.888809409931801908e-02 8.393204140618078235e-02 1.423325170917325855e-01 1.520032908116397685e-01 5.427306301897930063e-02 3.374984593335726701e-02 5.119227914861975565e-02 1.801795644327484625e-01 1.330361724159486447e-01 6.855587232871550307e-02 1.962875259985186194e-02
1.326266100150767790e-01 1.419855133216846865e-01 8.540294989770443046e-02 1.462899173838713152e-01 1.902008619505006770e-01 5.695310635524327564e-02 2.839964110347511367e-02 2.081289387747778385e-02 1.390861412485132689e-02 3.506976933557830189e-02 6.394900808827090610e-02 8.440111454626547660e-02
1.922935635715395386e-01 1.806698268703829380e-01 6.702327613948551310e-02 1.949908575207944667e-02 3.818966897980650976e-02 5.669154441021398427e-02 7.128870194656752868e-02 7.720792624904251888e-02 1.386818541433176843e-01 7.469205449246049677e-02 3.630128461905864079e-02 4.746121282604491565e-02
6.392817408941958712e-02 1.206483950168531077e-01 7.301412826518330346e-02 4.978918045348246224e-02 6.403949182297014042e-02 8.397265290064638565e-02 1.197047874033393550e-01 1.371940395959085623e-01 6.001181699589906715e-02 3.333385806200398621e-02 9.488948335335059547e-02 9.947399204094353742e-02
8.666204162956643586e-02 1.453464510805319021e-01 7.432408271312104797e-02 5.326913931749203274e-02 2.801686422101149279e-02 6.673170864860857032e-02 9.124583071396807910e-02 1.207910173246109498e-01 6.984181180827150892e-02 8.037641671308830282e-02 4.996292453890419788e-02 1.334317112908256220e-01
1.544973987589551290e-01 1.399824895869656860e-01 1.100172832428447656e-01 9.955124062075951241e-02 2.087715218295747854e-01 1.203728057665457846e-01 5.882016592982565462e-02 3.834709030224169035e-02 8.576292904881620272e-03 6.081150129899411984e-03 1.234241082902718528e-02 4.264015009847909460e-02
1.254899034353026965e-01 1.192135554987336782e-01 1.421456538017483728e-01 8.256159483961811318e-02 1.035658065547892387e-01 2.503990266261247460e-02 1.929934705894995051e-02 3.326630714383591036e-02 4.480196870572547563e-02 5.722264437748837695e-02 1.545983588042556256e-01 9.279495711694028814e-02
3.013457446694458447e-02 1.087291359177369743e-01 2.443279583752483997e-01 6.780958346677654069e-02 4.221552283827795932e-02 6.505727987538088841e-02 1.490646126590772225e-01 1.205426343895965452e-01 5.033681446513806751e-02 6.962153831478753996e-02 3.237501658187032227e-02 1.978532864916493494e-02
3.305633588193788303e-02 3.889725935251804601e-02 1.179095490972089100e-01 1.239654547539191104e-01 6.580383953987192780e-02 7.154348647260164173e-02 3.762885046244573983e-02 7.313724666161300347e-02 2.164393955478086662e-01 1.455261817933368174e-01 4.770435992826542460e-02 2.838804050847251043e-02
1.755940746305676980e-01 1.271120301178884637e-01 8.425892199541018535e-02 1.412150138839798896e-02 7.309663597898988230e-03 9.206835588591328473e-03 1.855520371361316437e-02 5.507146142092127911e-02 1.366460730861174533e-01 1.781663181819408415e-01 8.439435558763308531e-02 1.095635606910199955e-01
5.384127270823044209e-02 4.698278887401488579e-02 8.583508968478135992e-02 9.715354346913326888e-02 1.243461524901316589e-01 1.018979463399689728e-01 6.971451519800898888e-02 1.363015218415940533e-01 4.784978157860576842e-02 5.852598693953458414e-02 1.341631159645511329e-01 4.338828491144489097e-02
6.855924990159185939e-02 1.058674715592741039e-01 3.034059498364590213e-01 8.025753504664069615e-02 3.539215169199053102e-02 5.303015022806909645e-02 3.517751070964893201e-02 1.912393389046008335e-02 3.084329106613864502e-02 8.110376391895637860e-02 1.331027947464709649e-01 5.413619740429984062e-02
4.318823110436328938e-02 7.777882501268093551e-02 1.433933550853737637e-01 1.066784547311972753e-01 6.864307065692368259e-02 1.065663587720671462e-01 1.504477393701654231e-01 1.094538466178329172e-01 6.096372791836340843e-02 4.940190366130159383e-02 3.114295933254407345e-02 5.234152773718669938e-02
2.426320665370509944e-01 1.737204721588613276e-01 8.021990402970760603e-02 1.636763537399540946e-01 1.596491599240795201e-01 5.226466941794600390e-02 1.836896194565157403e-02 6.412929108269396425e-03 6.288765965095172161e-03 1.751273181294175224e-02 2.702761878813454005e-02 5.222636657230808610e-02
9.629101780398763299e-02 1.363249541719174229e-01 1.044244975223992261e-01 7.453222151838306830e-02 4.923423947581798826e-02 2.843994596314580736e-02 7.288757284929303637e-02 2.117474877927922605e-01 1.435603548821072217e-01 2.162567762757115070e-02 2.294881780742878685e-02 3.798321258515648113e-02
9.235553267427917823e-02 9.344882163110163065e-02 6.087086640218439260e-02 6.135351758181366300e-02 5.359853837049623204e-02 9.958345342259287969e-02 1.444705382087737300e-01 6.488684615331202776e-02 2.664826945664083499e-02 4.943664479643685578e-02 7.763555366042362849e-02 1.757114176419447560e-01
2.118773700073309924e-02 1.078017938824055166e-02 4.105311235744167619e-03 8.119216575786352905e-03 3.599731775747538887e-02 9.166050738305159262e-02 2.927277560110215227e-01 5.325850825942945316e-02 8.164622377950554732e-02 2.159329550938236530e-01 1.471138670152297434e-01 3.747042049995918944e-02
1.382583416373001639e-01 4.402685104074088862e-02 3.083857501604896773e-02 1.746680262144497536e-02 3.078980007427676441e-02 4.485680309849460201e-02 9.435097663248680211e-02 8.777993778870085695e-02 1.780538311197846779e-01 1.583634493846307334e-01 6.780632094314534286e-02 1.074083106429449819e-01
5.208163778490916551e-02 1.922782007402884172e-02 3.479128183484539449e-02 9.594002342271437667e-02 1.647452485282287493e-01 1.130412461967649912e-01 5.650416748795153432e-02 2.033341524999249597e-02 2.053530136149746277e-02 1.063310082487701619e-01 1.721957132466094831e-01 1.442731365636871765e-01
6.782779673281501276e-02 1.149480133446852542e-01 1.112782616413775794e-01 6.576960027247075180e-02 7.748158268447138952e-02 6.396595997928078425e-02 4.675838791001406952e-02 5.315145150497306570e-02 2.204370436531387090e-01 9.696698397547837134e-02 5.731600295724915972e-02 2.409891534404592223e-02
2.821554818663499775e-01 6.085737218020755013e-02 1.447706985950060823e-02 5.184677389726182264e-03 4.559248059929835520e-03 8.023431576244808086e-03 3.273752631665820256e-02 1.373263302503700545e-01 2.298586511533817212e-01 7.483328199298058814e-02 5.165270924411023701e-02 9.833422011053999379e-02
3.207349723279188242e-02 5.196973242952231120e-02 6.380753440049384551e-02 5.089192937051374710e-02 7.668617891502937933e-02 1.048473616285440085e-01 1.813932291713982181e-01 9.514322858578230790e-02 9.482831899300309120e-02 8.572883293600075394e-02 1.057414693218192842e-01 5.688868701510110815e-02
9.441975510996583609e-02 2.195875781446009756e-01 1.888074301585007664e-01 2.315214818614330650e-01 8.239660795993311582e-02 3.620024132039006276e-02 1.636135391188741489e-02 9.738491845592292528e-03 1.014487627893311678e-02 1.378674951385203476e-02 3.177711828787881804e-02 6.525831560703276857e-02
1.445498888511726199e-01 9.144263911197821060e-02 7.325128348803827683e-02 4.298961118330894143e-02 2.586424885666818024e-02 2.005403245282478403e-02 4.745003218861949118e-02 1.436841029956691940e-01 9.437218466407025497e-02 1.747799508013743730e-01 7.252831632344081125e-02 6.903370908283525120e-02
9.350354232374916141e-02 1.088952986902811532e-01 1.113270847833537774e-01 1.305898697478060366e-01 9.419318486055712480e-02 5.116187407614349036e-02 2.510799464584267948e-02 1.393346177278052128e-02 1.774144624878990287e-02 3.069795447437244015e-02 5.634609433079668106e-02 2.665021940455271077e-01
4.121780365271811297e-02 6.033668231778848562e-02 8.029684869510585188e-02 1.371501164338785606e-01 8.109970928929260969e-02 8.206126525244571146e-02 3.617659652044734331e-02 2.044362110230069432e-02 2.311543112596858851e-02 6.078086209559091513e-02 1.486889746135489354e-01 2.286320889009142432e-01
2.825723089294214507e-02 8.740262802870736591e-02 1.793960709138780751e-01 1.156312655515292498e-01 7.407582073661780897e-02 9.710274065833190971e-02 3.279669010075771801e-02 4.188338288333157827e-02 4.338075917895930361e-02 9.461181864027146116e-02 1.398506678366994715e-01 6.561092457797386424e-02
5.021585579745463379e-02 1.619097705316914493e-01 1.825238759243427156e-01 8.369080301083461904e-02 1.750440263904973898e-02 1.241127231092697264e-02 2.524947898040422190e-02 9.253317536967156642e-02 1.120470672261478229e-01 1.000953246979959660e-01 1.161785384179048614e-01 4.564043509357554318e-02
6.007188078028634359e-02 1.108566356184162716e-01 1.092802146502583199e-01 1.326204204430027622e-01 1.545160727308758364e-01 6.293651642917989786e-02 8.397275792202985034e-02 9.655824328695440661e-02 5.633220312510295313e-02 4.351339830931447855e-02 3.772814484562955067e-02 5.161351185894953730e-02
3.714112583470565582e-02 6.207570683810192946e-02 4.141960854159480732e-02 1.042211637304209793e-01 2.040575158465469663e-01 6.668489856903622726e-02 5.350343525508301917e-02 7.988146850092667228e-02 1.381694170651819042e-01 6.728550729082155568e-02 7.851349764245402207e-02 6.704665488512628890e-02
1.071620416652712821e-01 8.607407045596245088e-02 5.509736747642726001e-02 5.477187065796207399e-02 8.274259115277823873e-02 2.093451982094373942e-01 1.278272825007153168e-01 5.875251308524488680e-02 2.507225506205556370e-02 4.996231105876043632e-02 7.152647703575705507e-02 7.166602163962820793e-02
4.675205206653786777e-02 1.242346615164681145e-01 6.446695351450333622e-02 5.126977655100886655e-02 8.241147018175559724e-02 1.413004510010363313e-01 1.490725406022092026e-01 7.561437085772783340e-02 1.471817738004725928e-01 5.467256276934045339e-02 3.173238872359610691e-02 3.129099841534366266e-02
6.810171646757172403e-02 2.943557438788236280e-01 9.706345902484708743e-02 2.452917487127223573e-02 2.415736940992681270e-02 2.429483329976219602e-02 5.973432891421454061e-02 1.673087535146206561e-01 1.164962624397501423e-01 7.610409009001073422e-02 1.713730805125793580e-02 3.071696003794243193e-02
4.153524280700930660e-02 1.181785824723902423e-01 4.432854009692558522e-02 4.722190239546841112e-02 6.603553477560102081e-02 9.305457202254992233e-02 6.458071801180668980e-02 1.601385337468971826e-01 9.832731459741445024e-02 1.014765108989731518e-01 7.894745257392285498e-02 8.617509560104144595e-02
7.541020711788204434e-02 4.420484862597751086e-02 3.741413548028765801e-02 9.437033622781695885e-02 1.349937562813678382e-01 1.273733182130878383e-01 7.566776760932569790e-02 2.103051479559853859e-02 1.451029177862606448e-02 2.386929423136682077e-02 6.126107090427068691e-02 2.898944587343924573e-01
7.670213946585242859e-02 7.215558186525823647e-02 3.636296785467239834e-02 4.223357594968366047e-02 8.231055432521044990e-02 9.512144276011975930e-02 1.279881009082414201e-01 4.146371689912901892e-02 5.748044258431148079e-02 5.679673972770835078e-02 1.369967732127108928e-01 1.743879644471021395e-01
8.264311473152027854e-02 1.359263062993979476e-01 6.629961724684978186e-02 8.226715384947207166e-02 3.826267842150065518e-02 5.642635395631753759e-02 1.313302354589794552e-01 1.485083646107479838e-01 1.168497772930878753e-01 6.272819143294225408e-02 3.909061887734423257e-02 3.966758782184005849e-02
2.081509074722688035e-01 7.102318660225563629e-02 5.523102024160163326e-02 3.110708830357692550e-02 2.939674429485279045e-02 6.254175363510881824e-02 7.974079394126211418e-02 1.360621303411977401e-01 6.572654704040478690e-02 8.206161357561615743e-02 5.027870644137459599e-02 1.286795081104801231e-01
