2.496847797173468164e-02 1.786284456024315320e-02 9.271464232290490756e-03 7.923983239976834306e-03 1.277553493328133227e-02 2.435176755898415049e-02 5.296963592329280435e-02 4.181446672814871646e-02 4.029658158284370184e-02 8.322386449106328188e-02 3.162928265439670511e-02 2.096152736176546197e-02
1.786284456024315320e-02 1.289578148751209172e-02 6.788365751232916349e-03 5.977738602013579414e-03 9.890042341851198321e-03 1.915888136540081638e-02 4.210285728278873041e-02 3.222987281619516670e-02 2.873383714113710713e-02 5.724481856005694813e-02 2.192152022955923263e-02 1.477960771428478079e-02
9.271464232290490756e-03 6.788365751232916349e-03 3.659985192365460081e-03 3.381383153536089616e-03 5.815118187833756558e-03 1.152712359682610613e-02 2.569461809067496300e-02 1.888133650319800266e-02 1.492947381720674885e-02 2.787761282736450630e-02 1.081136120877687970e-02 7.496840207546926968e-03
7.923983239976834306e-03 5.977738602013579414e-03 3.381383153536089616e-03 3.412830583715294359e-03 6.252942422241196917e-03 1.283397349963675410e-02 2.920296539244827960e-02 2.020485609701753657e-02 1.281547681151205126e-02 2.043752139420909261e-02 8.192788257876552904e-03 6.084945858767649464e-03
1.277553493328133227e-02 9.890042341851198321e-03 5.815118187833756558e-03 6.252942422241196917e-03 1.193179739699344946e-02 2.500110673979777029e-02 5.756009990005886423e-02 3.845793574705517331e-02 2.075357740434446291e-02 2.808927385206047567e-02 1.170637328302418304e-02 9.348115559856555803e-03
2.435176755898415049e-02 1.915888136540081638e-02 1.152712359682610613e-02 1.283397349963675410e-02 2.500110673979777029e-02 5.296535544354954994e-02 1.227015373430283413e-01 8.059160092448616752e-02 3.970040995644451981e-02 4.762307986497134327e-02 2.048454000971347555e-02 1.725582687923024952e-02
5.296963592329280435e-02 4.210285728278873041e-02 2.569461809067496300e-02 2.920296539244827960e-02 5.756009990005886423e-02 1.227015373430283413e-01 2.859586695465665684e-01 1.862100620791772854e-01 8.682995512675122096e-02 9.547456889988738260e-02 4.204563002523387105e-02 3.676014959850527203e-02
4.181446672814871646e-02 3.222987281619516670e-02 1.888133650319800266e-02 2.020485609701753657e-02 3.845793574705517331e-02 8.059160092448616752e-02 1.862100620791772854e-01 1.298816138268452103e-01 7.148543843056034963e-02 9.726703569250733095e-02 3.988591905311940355e-02 3.104714254509432364e-02
4.029658158284370184e-02 2.873383714113710713e-02 1.492947381720674885e-02 1.281547681151205126e-02 2.075357740434446291e-02 3.970040995644451981e-02 8.682995512675122096e-02 7.148543843056034963e-02 7.089251422468656472e-02 1.430459759698758659e-01 5.353507421290931712e-02 3.450243879085165832e-02
8.322386449106328188e-02 5.724481856005694813e-02 2.787761282736450630e-02 2.043752139420909261e-02 2.808927385206047567e-02 4.762307986497134327e-02 9.547456889988738260e-02 9.726703569250733095e-02 1.430459759698758659e-01 3.395834989636956625e-01 1.240628776631794994e-01 7.535229855402977850e-02
3.162928265439670511e-02 2.192152022955923263e-02 1.081136120877687970e-02 8.192788257876552904e-03 1.170637328302418304e-02 2.048454000971347555e-02 4.204563002523387105e-02 3.988591905311940355e-02 5.353507421290931712e-02 1.240628776631794994e-01 4.573829937811765139e-02 2.823359031913547437e-02
2.096152736176546197e-02 1.477960771428478079e-02 7.496840207546926968e-03 6.084945858767649464e-03 9.348115559856555803e-03 1.725582687923024952e-02 3.676014959850527203e-02 3.104714254509432364e-02 3.450243879085165832e-02 7.535229855402977850e-02 2.823359031913547437e-02 1.811117598421813774e-02
4.969158061981371333e-02 4.725356096114877169e-02 6.461275192251125787e-02 4.013491768122685877e-02 4.070608328807395759e-02 5.932694780178603133e-02 6.187718169621275743e-02 5.956169850915257746e-02 6.539770955072900238e-02 6.275643462114965931e-02 5.019305116599302730e-02 4.804249940922347695e-02
4.725356096114877169e-02 4.544762795097508079e-02 6.257994002533910638e-02 3.904602776224172511e-02 3.984075432342307210e-02 5.820771665433117914e-02 6.005841260351303668e-02 5.610166513480392692e-02 6.012533234609036825e-02 5.763503626600077062e-02 4.657815107203915062e-02 4.516354357177167211e-02
6.461275192251125787e-02 6.257994002533910638e-02 8.674235974251620629e-02 5.443447099993412031e-02 5.606814242404777049e-02 8.245815984764906514e-02 8.478820112617257987e-02 7.757336599601302729e-02 8.131904821210657330e-02 7.749220736183343172e-02 6.286277330718280376e-02 6.135257462478076185e-02
4.013491768122685877e-02 3.904602776224172511e-02 5.443447099993412031e-02 3.483003474877754968e-02 3.712915983148180887e-02 5.616892702038115553e-02 5.847318070576912330e-02 5.239305566888201315e-02 5.266040743861485907e-02 4.881960476755915074e-02 3.915540143030174502e-02 3.806682828357864368e-02
4.070608328807395759e-02 3.984075432342307210e-02 5.606814242404777049e-02 3.712915983148180887e-02 4.247847544720068091e-02 6.782736438080093355e-02 7.246729989112107861e-02 6.318161018163540033e-02 5.912852720404946499e-02 5.178744091390469206e-02 4.034064095051329013e-02 3.867814218945075933e-02
5.932694780178603133e-02 5.820771665433117914e-02 8.245815984764906514e-02 5.616892702038115553e-02 6.782736438080093355e-02 1.139895263558886596e-01 1.251429895788606361e-01 1.079616424239331351e-01 9.613509645382248281e-02 8.001614270436320508e-02 6.031916638806078534e-02 5.672133389097928913e-02
6.187718169621275743e-02 6.005841260351303668e-02 8.478820112617257987e-02 5.847318070576912330e-02 7.246729989112107861e-02 1.251429895788606361e-01 1.465954168890789555e-01 1.311202245622850870e-01 1.159953648205201970e-01 9.272781000439836441e-02 6.682044178036709858e-02 6.047971618975624131e-02
5.956169850915257746e-02 5.610166513480392692e-02 7.757336599601302729e-02 5.239305566888201315e-02 6.318161018163540033e-02 1.079616424239331351e-01 1.311202245622850870e-01 1.337458438453673626e-01 1.271172175956712114e-01 1.013969641075852940e-01 7.022259482098894279e-02 6.052249739383039340e-02
6.539770955072900238e-02 6.012533234609036825e-02 8.131904821210657330e-02 5.266040743861485907e-02 5.912852720404946499e-02 9.613509645382248281e-02 1.159953648205201970e-01 1.271172175956712114e-01 1.386559249004521710e-01 1.156650722020629851e-01 8.009609968385704437e-02 6.789991439842948950e-02
6.275643462114965931e-02 5.763503626600077062e-02 7.749220736183343172e-02 4.881960476755915074e-02 5.178744091390469206e-02 8.001614270436320508e-02 9.272781000439836441e-02 1.013969641075852940e-01 1.156650722020629851e-01 1.041048522823487255e-01 7.464767381581625949e-02 6.463031859713781746e-02
5.019305116599302730e-02 4.657815107203915062e-02 6.286277330718280376e-02 3.915540143030174502e-02 4.034064095051329013e-02 6.031916638806078534e-02 6.682044178036709858e-02 7.022259482098894279e-02 8.009609968385704437e-02 7.464767381581625949e-02 5.636193786305391390e-02 5.062911268760224293e-02
4.804249940922347695e-02 4.516354357177167211e-02 6.135257462478076185e-02 3.806682828357864368e-02 3.867814218945075933e-02 5.672133389097928913e-02 6.047971618975624131e-02 6.052249739383039340e-02 6.789991439842948950e-02 6.463031859713781746e-02 5.062911268760224293e-02 4.735641935452718221e-02
7.760922454814114801e-02 7.327732877912337961e-02 7.942410771623475974e-02 6.126473814385775124e-02 7.442819824470103818e-02 6.140769754346717818e-02 6.864999077689179496e-02 6.366900859059410056e-02 5.168676172115512640e-02 4.385237750495202952e-02 6.541229676686916017e-02 6.742435580285702224e-02
7.327732877912337961e-02 7.001569666131218783e-02 7.674518389030687837e-02 5.978035124705803616e-02 7.313175770480107030e-02 5.967915404184122308e-02 6.527879215251283784e-02 5.964165143895308607e-02 4.816318791334950333e-02 4.086621206090983172e-02 6.107940277975820731e-02 6.324555502852680089e-02
7.942410771623475974e-02 7.674518389030687837e-02 8.592408137003829105e-02 6.856976636494960253e-02 8.594033953077472032e-02 7.035074173853214652e-02 7.577206007629777584e-02 6.745697393918040352e-02 5.330675335747386140e-02 4.446342865434434188e-02 6.588785070809484445e-02 6.825177482074112900e-02
6.126473814385775124e-02 5.978035124705803616e-02 6.856976636494960253e-02 5.851548953786317453e-02 7.858828976299078728e-02 6.684732867927041522e-02 7.239176649245926409e-02 6.169008185640955516e-02 4.601450917845767430e-02 3.611810676231200223e-02 5.152454646664397786e-02 5.274981293014099210e-02
7.442819824470103818e-02 7.313175770480107030e-02 8.594033953077472032e-02 7.858828976299078728e-02 1.158939711288482222e-01 1.041896630015058944e-01 1.153222713561472546e-01 9.471912157488462936e-02 6.627024263231973134e-02 4.797817201961099287e-02 6.455719902035865487e-02 6.462617590789311584e-02
6.140769754346717818e-02 5.967915404184122308e-02 7.035074173853214652e-02 6.684732867927041522e-02 1.041896630015058944e-01 1.052849231455678242e-01 1.253651873954761409e-01 1.023550113998680233e-01 6.814629286035479849e-02 4.537561931029983342e-02 5.671027538192431605e-02 5.462894365735433688e-02
6.864999077689179496e-02 6.527879215251283784e-02 7.577206007629777584e-02 7.239176649245926409e-02 1.153222713561472546e-01 1.253651873954761409e-01 1.646617391454023860e-01 1.368457224176040654e-01 8.933823366051622805e-02 5.670023019378890583e-02 6.735632564593706240e-02 6.273742177037801293e-02
6.366900859059410056e-02 5.964165143895308607e-02 6.745697393918040352e-02 6.169008185640955516e-02 9.471912157488462936e-02 1.023550113998680233e-01 1.368457224176040654e-01 1.196151421035131363e-01 8.001470376011272923e-02 5.185281562894168694e-02 6.260761540749239240e-02 5.845832621269816953e-02
5.168676172115512640e-02 4.816318791334950333e-02 5.330675335747386140e-02 4.601450917845767430e-02 6.627024263231973134e-02 6.814629286035479849e-02 8.933823366051622805e-02 8.001470376011272923e-02 5.647215571126404376e-02 3.881655970080973711e-02 4.927946252224009449e-02 4.701643886294755437e-02
4.385237750495202952e-02 4.086621206090983172e-02 4.446342865434434188e-02 3.611810676231200223e-02 4.797817201961099287e-02 4.537561931029983342e-02 5.670023019378890583e-02 5.185281562894168694e-02 3.881655970080973711e-02 2.929747655497786513e-02 3.993489974662585429e-02 3.927760588000452080e-02
6.541229676686916017e-02 6.107940277975820731e-02 6.588785070809484445e-02 5.152454646664397786e-02 6.455719902035865487e-02 5.671027538192431605e-02 6.735632564593706240e-02 6.260761540749239240e-02 4.927946252224009449e-02 3.993489974662585429e-02 5.756328723213095105e-02 5.790377069700462787e-02
6.742435580285702224e-02 6.324555502852680089e-02 6.825177482074112900e-02 5.274981293014099210e-02 6.462617590789311584e-02 5.462894365735433688e-02 6.273742177037801293e-02 5.845832621269816953e-02 4.701643886294755437e-02 3.927760588000452080e-02 5.790377069700462787e-02 5.914681286094080476e-02
1.664043159779520775e-01 1.669015533131558426e-01 9.329986988407952542e-02 5.447283466927924783e-02 5.067649870604590268e-02 4.535542498560235503e-02 5.883695956911885738e-02 6.157836211386318037e-02 6.925736932545711877e-02 6.037521182006938547e-02 9.216934081764607822e-02 7.909245743528647843e-02
1.669015533131558426e-01 1.696678378663442621e-01 9.502434408809212751e-02 5.540503704190074402e-02 5.130716971019258499e-02 4.555119640903715350e-02 5.857746243391305507e-02 6.074460411781443248e-02 6.770390409866516856e-02 5.877172258322824888e-02 8.986316283755241274e-02 7.841998498437424692e-02
9.329986988407952542e-02 9.502434408809212751e-02 5.397816129981773681e-02 3.231363886197395618e-02 3.113604463160521418e-02 2.876335371168195834e-02 3.814127903956938959e-02 4.008723783044308708e-02 4.440262970662594427e-02 3.679592120901901964e-02 5.358035039756924023e-02 4.479376903950317568e-02
5.447283466927924783e-02 5.540503704190074402e-02 3.231363886197395618e-02 2.074537055732572632e-02 2.198913337039004948e-02 2.212436802524054072e-02 3.115913045961076280e-02 3.364218118482741049e-02 3.701701396368405061e-02 2.828017627214219482e-02 3.722905966271462808e-02 2.787626800005623198e-02
5.067649870604590268e-02 5.130716971019258499e-02 3.113604463160521418e-02 2.198913337039004948e-02 2.629593824896824319e-02 2.893372231675305287e-02 4.305197404732660771e-02 4.758377635888624141e-02 5.216380345275868635e-02 3.722212007433955278e-02 4.424560807867345541e-02 2.872653373335678356e-02
4.535542498560235503e-02 4.555119640903715350e-02 2.876335371168195834e-02 2.212436802524054072e-02 2.893372231675305287e-02 3.403375192146201877e-02 5.253868128830385675e-02 5.899892865125921232e-02 6.470801650696203500e-02 4.449785820741733455e-02 4.955613825450766452e-02 2.861379369941697073e-02
5.883695956911885738e-02 5.857746243391305507e-02 3.814127903956938959e-02 3.115913045961076280e-02 4.305197404732660771e-02 5.253868128830385675e-02 8.305533941363721362e-02 9.427222822414110803e-02 1.036382930005787933e-01 7.006075209757764433e-02 7.539493662344023961e-02 4.036908457664994954e-02
6.157836211386318037e-02 6.074460411781443248e-02 4.008723783044308708e-02 3.364218118482741049e-02 4.758377635888624141e-02 5.899892865125921232e-02 9.427222822414110803e-02 1.083631391144850992e-01 1.199762088891423994e-01 8.090009455133553851e-02 8.612691627110492798e-02 4.439137797821078590e-02
6.925736932545711877e-02 6.770390409866516856e-02 4.440262970662594427e-02 3.701701396368405061e-02 5.216380345275868635e-02 6.470801650696203500e-02 1.036382930005787933e-01 1.199762088891423994e-01 1.348729949728295630e-01 9.194729824819181108e-02 9.880186852889645543e-02 5.056852256100983350e-02
6.037521182006938547e-02 5.877172258322824888e-02 3.679592120901901964e-02 2.828017627214219482e-02 3.722212007433955278e-02 4.449785820741733455e-02 7.006075209757764433e-02 8.090009455133553851e-02 9.194729824819181108e-02 6.598949908470320980e-02 7.533634215326732997e-02 4.105445688045100683e-02
9.216934081764607822e-02 8.986316283755241274e-02 5.358035039756924023e-02 3.722905966271462808e-02 4.424560807867345541e-02 4.955613825450766452e-02 7.539493662344023961e-02 8.612691627110492798e-02 9.880186852889645543e-02 7.533634215326732997e-02 9.478970582521381583e-02 5.691977528862070257e-02
7.909245743528647843e-02 7.841998498437424692e-02 4.479376903950317568e-02 2.787626800005623198e-02 2.872653373335678356e-02 2.861379369941697073e-02 4.036908457664994954e-02 4.439137797821078590e-02 5.056852256100983350e-02 4.105445688045100683e-02 5.691977528862070257e-02 4.180394571726109287e-02
1.559248599665163382e-01 1.187611202491945656e-01 1.013165091371524829e-01 5.502935643272400396e-02 3.816084041332337695e-02 4.308374961897568078e-02 4.302688174573392199e-02 4.415350174443693348e-02 3.566809479698820895e-02 2.522267083978047691e-02 5.497235948040928716e-02 1.477152918178887275e-01
1.187611202491945656e-01 9.128329745052249367e-02 7.869289965119605212e-02 4.340688964562260110e-02 3.120530325728851709e-02 3.664118777569211338e-02 3.712954478528734253e-02 3.779824325499783755e-02 2.971440350651093076e-02 1.995693177981855415e-02 4.203451724678924917e-02 1.123180831822030018e-01
1.013165091371524829e-01 7.869289965119605212e-02 6.959806830735963679e-02 4.006160985658664686e-02 3.167457995315266922e-02 4.083752536533452604e-02 4.288874863081182376e-02 4.316056840459994715e-02 3.210148143333189930e-02 1.906527435557522215e-02 3.650592218128914657e-02 9.586150167768761610e-02
5.502935643272400396e-02 4.340688964562260110e-02 4.006160985658664686e-02 2.585010834830896512e-02 2.511208233360158817e-02 3.783168599820531386e-02 4.191321884838999923e-02 4.171820713721575979e-02 2.879220628470970100e-02 1.381824941531976762e-02 2.102238871399551151e-02 5.241987587047910319e-02
3.816084041332337695e-02 3.120530325728851709e-02 3.167457995315266922e-02 2.511208233360158817e-02 3.237031555345255135e-02 5.637258456264274131e-02 6.512137505011827976e-02 6.441127036568380926e-02 4.203499709866921619e-02 1.632055718183095944e-02 1.692805039702771283e-02 3.711342530708319071e-02
4.308374961897568078e-02 3.664118777569211338e-02 4.083752536533452604e-02 3.783168599820531386e-02 5.637258456264274131e-02 1.046584512820578489e-01 1.229655280754774760e-01 1.215274382630521927e-01 7.784362735595504179e-02 2.770916316438309240e-02 2.236526303186639128e-02 4.299700170027753732e-02
4.302688174573392199e-02 3.712954478528734253e-02 4.288874863081182376e-02 4.191321884838999923e-02 6.512137505011827976e-02 1.229655280754774760e-01 1.462370549864142610e-01 1.449853726617201799e-01 9.253672349178257428e-02 3.220393412333252131e-02 2.394961817959240583e-02 4.354469081111737860e-02
4.415350174443693348e-02 3.779824325499783755e-02 4.316056840459994715e-02 4.171820713721575979e-02 6.441127036568380926e-02 1.215274382630521927e-01 1.449853726617201799e-01 1.446755570387415479e-01 9.257626747208019813e-02 3.233773357161835726e-02 2.436524085758900310e-02 4.469746528373422928e-02
3.566809479698820895e-02 2.971440350651093076e-02 3.210148143333189930e-02 2.879220628470970100e-02 4.203499709866921619e-02 7.784362735595504179e-02 9.253672349178257428e-02 9.257626747208019813e-02 5.985340655340952443e-02 2.158152851711029468e-02 1.812116242868577060e-02 3.564428708723861583e-02
2.522267083978047691e-02 1.995693177981855415e-02 1.906527435557522215e-02 1.381824941531976762e-02 1.632055718183095944e-02 2.770916316438309240e-02 3.220393412333252131e-02 3.233773357161835726e-02 2.158152851711029468e-02 8.946175052640458619e-03 1.062758794239147125e-02 2.452193025309307509e-02
5.497235948040928716e-02 4.203451724678924917e-02 3.650592218128914657e-02 2.102238871399551151e-02 1.692805039702771283e-02 2.236526303186639128e-02 2.394961817959240583e-02 2.436524085758900310e-02 1.812116242868577060e-02 1.062758794239147125e-02 2.008711652678351819e-02 5.247658517524377009e-02
1.477152918178887275e-01 1.123180831822030018e-01 9.586150167768761610e-02 5.241987587047910319e-02 3.711342530708319071e-02 4.299700170027753732e-02 4.354469081111737860e-02 4.469746528373422928e-02 3.564428708723861583e-02 2.452193025309307509e-02 5.247658517524377009e-02 1.405155889337925124e-01
2.742087756002489426e-02 2.838529250465180592e-02 4.040763098219020411e-02 5.145818270761192553e-02 4.233389954615478235e-02 3.570027360823697232e-02 3.100357599804969694e-02 4.403019701962915255e-02 4.633879422945121063e-02 4.832744703926864643e-02 4.751692162871818531e-02 4.379599654398479147e-02
2.838529250465180592e-02 3.456600404839126062e-02 5.384150250810734728e-02 7.074551499122068432e-02 5.719792811942921162e-02 4.485170468328550375e-02 3.371137374986333396e-02 4.179657687770849117e-02 4.099543428026361513e-02 4.168326760516934820e-02 4.169401120597891752e-02 4.045214554132413320e-02
4.040763098219020411e-02 5.384150250810734728e-02 8.824190422256388000e-02 1.179509217144346367e-01 9.485197841569745214e-02 7.208568733244066773e-02 5.021726250107114153e-02 5.688213715525786141e-02 5.264512444753193660e-02 5.217930693448513679e-02 5.278636567597730367e-02 5.325419499644172550e-02
5.145818270761192553e-02 7.074551499122068432e-02 1.179509217144346367e-01 1.598308582632481656e-01 1.288867269337280741e-01 9.733870303171050786e-02 6.626126926460532141e-02 7.260913195786737606e-02 6.537789907594129812e-02 6.370237502291098419e-02 6.441498994135375078e-02 6.585583928873536830e-02
4.233389954615478235e-02 5.719792811942921162e-02 9.485197841569745214e-02 1.288867269337280741e-01 1.057519527485702437e-01 8.133859563287199057e-02 5.665701673176479214e-02 6.350243136548790190e-02 5.745701402138547742e-02 5.547172348171690304e-02 5.511381895605399484e-02 5.530524657663470067e-02
3.570027360823697232e-02 4.485170468328550375e-02 7.208568733244066773e-02 9.733870303171050786e-02 8.133859563287199057e-02 6.603770366755276622e-02 4.967168838460520042e-02 6.018122009315082094e-02 5.636080728381696880e-02 5.439495633111512268e-02 5.239928337106880551e-02 5.011498753768632575e-02
3.100357599804969694e-02 3.371137374986333396e-02 5.021726250107114153e-02 6.626126926460532141e-02 5.665701673176479214e-02 4.967168838460520042e-02 4.356995690451154202e-02 6.006769402349863840e-02 5.951933237030006263e-02 5.808148467567096629e-02 5.427237194955350508e-02 4.880769577888774413e-02
4.403019701962915255e-02 4.179657687770849117e-02 5.688213715525786141e-02 7.260913195786737606e-02 6.350243136548790190e-02 6.018122009315082094e-02 6.006769402349863840e-02 9.237069148956880693e-02 9.555798027553064067e-02 9.441674541927626285e-02 8.699381576109502245e-02 7.539406066847091636e-02
4.633879422945121063e-02 4.099543428026361513e-02 5.264512444753193660e-02 6.537789907594129812e-02 5.745701402138547742e-02 5.636080728381696880e-02 5.951933237030006263e-02 9.555798027553064067e-02 1.029106855338223492e-01 1.036803877889570791e-01 9.585417495550067890e-02 8.222510503727649411e-02
4.832744703926864643e-02 4.168326760516934820e-02 5.217930693448513679e-02 6.370237502291098419e-02 5.547172348171690304e-02 5.439495633111512268e-02 5.808148467567096629e-02 9.441674541927626285e-02 1.036803877889570791e-01 1.074384908051353449e-01 1.006841056054814387e-01 8.662662241323015877e-02
4.751692162871818531e-02 4.169401120597891752e-02 5.278636567597730367e-02 6.441498994135375078e-02 5.511381895605399484e-02 5.239928337106880551e-02 5.427237194955350508e-02 8.699381576109502245e-02 9.585417495550067890e-02 1.006841056054814387e-01 9.653675529572386393e-02 8.421715672341922865e-02
4.379599654398479147e-02 4.045214554132413320e-02 5.325419499644172550e-02 6.585583928873536830e-02 5.530524657663470067e-02 5.011498753768632575e-02 4.880769577888774413e-02 7.539406066847091636e-02 8.222510503727649411e-02 8.662662241323015877e-02 8.421715672341922865e-02 7.532411946088693466e-02
1.580550367524398148e-01 1.424474265154837549e-01 1.158648951261071758e-01 9.599643557896173074e-02 6.730867227708041411e-02 5.925818608971104851e-02 8.819294322602372338e-02 6.305153156469450737e-02 4.192450575054451622e-02 7.317250757961019092e-02 8.412402271885593974e-02 9.233757448489549047e-02
1.424474265154837549e-01 1.370232398970383514e-01 1.158580346278725859e-01 9.670368538280177395e-02 6.640445681892009899e-02 5.650347778286483880e-02 8.228321422952539210e-02 5.813134993713025417e-02 3.788544062009806257e-02 6.493077520910009448e-02 7.419870694182520432e-02 8.197094129851999200e-02
1.158648951261071758e-01 1.158580346278725859e-01 1.089777469718730962e-01 9.684710793611064905e-02 6.816006419473326361e-02 5.850404165931086947e-02 8.500037516373776247e-02 5.893223342619954147e-02 3.653856946071223910e-02 5.935693331429706121e-02 6.488989868844213804e-02 6.831946719400330825e-02
9.599643557896173074e-02 9.670368538280177395e-02 9.684710793611064905e-02 9.475431960859219405e-02 7.040588107571124632e-02 6.298659754342278427e-02 9.304459239517698377e-02 6.382567007291262140e-02 3.804111180813339599e-02 5.887979880036148944e-02 6.111829145807262664e-02 5.969942693864061650e-02
6.730867227708041411e-02 6.640445681892009899e-02 6.816006419473326361e-02 7.040588107571124632e-02 5.640278555176717057e-02 5.353103248597104735e-02 8.116878383571471400e-02 5.557515636514884921e-02 3.249214809923887948e-02 4.895915914354080634e-02 4.893692049961820278e-02 4.456637323098425196e-02
5.925818608971104851e-02 5.650347778286483880e-02 5.850404165931086947e-02 6.298659754342278427e-02 5.353103248597104735e-02 5.417304245039968047e-02 8.440311145626128164e-02 5.788277284497775343e-02 3.354251968720014382e-02 4.983472467859512145e-02 4.854535901240364382e-02 4.172732482429047929e-02
8.819294322602372338e-02 8.228321422952539210e-02 8.500037516373776247e-02 9.304459239517698377e-02 8.116878383571471400e-02 8.440311145626128164e-02 1.335717976513177141e-01 9.179903956914714502e-02 5.314590545419245471e-02 7.875561388082726044e-02 7.607267376483831112e-02 6.389013331803353180e-02
6.305153156469450737e-02 5.813134993713025417e-02 5.893223342619954147e-02 6.382567007291262140e-02 5.557515636514884921e-02 5.788277284497775343e-02 9.179903956914714502e-02 6.340890192318682228e-02 3.701321661854553580e-02 5.538248772654921076e-02 5.386011171900325495e-02 4.553104309631268026e-02
4.192450575054451622e-02 3.788544062009806257e-02 3.653856946071223910e-02 3.804111180813339599e-02 3.249214809923887948e-02 3.354251968720014382e-02 5.314590545419245471e-02 3.701321661854553580e-02 2.216190225800871230e-02 3.415950471376374975e-02 3.401025686096306733e-02 2.960513932465861850e-02
7.317250757961019092e-02 6.493077520910009448e-02 5.935693331429706121e-02 5.887979880036148944e-02 4.895915914354080634e-02 4.983472467859512145e-02 7.875561388082726044e-02 5.538248772654921076e-02 3.415950471376374975e-02 5.462377201186498221e-02 5.592795888287841605e-02 5.036825707373540628e-02
8.412402271885593974e-02 7.419870694182520432e-02 6.488989868844213804e-02 6.111829145807262664e-02 4.893692049961820278e-02 4.854535901240364382e-02 7.607267376483831112e-02 5.386011171900325495e-02 3.401025686096306733e-02 5.592795888287841605e-02 5.934813880625231658e-02 5.590392507091009738e-02
9.233757448489549047e-02 8.197094129851999200e-02 6.831946719400330825e-02 5.969942693864061650e-02 4.456637323098425196e-02 4.172732482429047929e-02 6.389013331803353180e-02 4.553104309631268026e-02 2.960513932465861850e-02 5.036825707373540628e-02 5.590392507091009738e-02 5.749931611725962038e-02
1.421153199834001568e-01 1.479624736060810020e-01 1.186173525488374847e-01 6.000725106224658045e-02 3.651369539473459797e-02 2.914146860993729188e-02 3.067267606998218266e-02 6.487030172777615011e-02 7.536398908003850983e-02 5.755171709575208905e-02 6.800096069036742907e-02 1.036543175141308448e-01
1.479624736060810020e-01 1.626450110088791812e-01 1.317708396102524881e-01 6.605738139332223424e-02 3.925504029736881506e-02 3.013638880117487998e-02 3.044185399172126202e-02 6.314781224103713231e-02 7.273999253483393046e-02 5.566743331023331354e-02 6.679226895451173540e-02 1.042428599090432506e-01
1.186173525488374847e-01 1.317708396102524881e-01 1.097790020571132452e-01 5.576540127302287431e-02 3.385261671096553848e-02 2.681856193332361055e-02 2.795947263062894053e-02 5.882103568732634236e-02 6.772444276864553192e-02 5.021977572276237894e-02 5.678175866246823467e-02 8.483007424124017204e-02
6.000725106224658045e-02 6.605738139332223424e-02 5.576540127302287431e-02 2.914714738379126091e-02 1.856087856338458492e-02 1.571637734240742545e-02 1.743086341205456191e-02 3.765222991125885543e-02 4.352690454428453926e-02 3.111239834476901486e-02 3.236571030586980757e-02 4.478400474795773273e-02
3.651369539473459797e-02 3.925504029736881506e-02 3.385261671096553848e-02 1.856087856338458492e-02 1.292738780074403210e-02 1.218653273270455493e-02 1.471885223105066053e-02 3.285864152509120756e-02 3.819696100794398724e-02 2.616719339401578012e-02 2.433909185582076515e-02 2.966831184275681155e-02
2.914146860993729188e-02 3.013638880117487998e-02 2.681856193332361055e-02 1.571637734240742545e-02 1.218653273270455493e-02 1.286178540782948430e-02 1.673452585830396966e-02 3.833719870995759560e-02 4.477034366683758926e-02 2.972100253644568285e-02 2.510756067658660370e-02 2.664421819559036064e-02
3.067267606998218266e-02 3.044185399172126202e-02 2.795947263062894053e-02 1.743086341205456191e-02 1.471885223105066053e-02 1.673452585830396966e-02 2.278338582384668159e-02 5.296400088954000829e-02 6.202709081421835940e-02 4.051481743602541874e-02 3.237397736047638308e-02 3.115624575341824354e-02
6.487030172777615011e-02 6.314781224103713231e-02 5.882103568732634236e-02 3.765222991125885543e-02 3.285864152509120756e-02 3.833719870995759560e-02 5.296400088954000829e-02 1.237596508865142636e-01 1.451024037655811449e-01 9.432320937736021760e-02 7.404678063123830423e-02 6.882372822838316029e-02
7.536398908003850983e-02 7.273999253483393046e-02 6.772444276864553192e-02 4.352690454428453926e-02 3.819696100794398724e-02 4.477034366683758926e-02 6.202709081421835940e-02 1.451024037655811449e-01 1.705660780836185386e-01 1.110236076800510119e-01 8.715712661312943754e-02 8.070201579245944723e-02
5.755171709575208905e-02 5.566743331023331354e-02 5.021977572276237894e-02 3.111239834476901486e-02 2.616719339401578012e-02 2.972100253644568285e-02 4.051481743602541874e-02 9.432320937736021760e-02 1.110236076800510119e-01 7.365615125722523027e-02 6.012954425469171915e-02 5.880293225560789122e-02
6.800096069036742907e-02 6.679226895451173540e-02 5.678175866246823467e-02 3.236571030586980757e-02 2.433909185582076515e-02 2.510756067658660370e-02 3.237397736047638308e-02 7.404678063123830423e-02 8.715712661312943754e-02 6.012954425469171915e-02 5.519142513481543888e-02 6.224300579869854189e-02
1.036543175141308448e-01 1.042428599090432506e-01 8.483007424124017204e-02 4.478400474795773273e-02 2.966831184275681155e-02 2.664421819559036064e-02 3.115624575341824354e-02 6.882372822838316029e-02 8.070201579245944723e-02 5.880293225560789122e-02 6.224300579869854189e-02 8.456765517222256112e-02
6.694524669554216545e-02 7.129774511784736646e-02 7.547361856919793111e-02 8.112845080981891110e-02 6.152129378044819685e-02 7.065318519682486920e-02 5.586214320379181281e-02 4.548501009436684006e-02 4.227344354036708524e-02 3.609538698540594448e-02 4.057242894965830404e-02 6.000528091845602763e-02
7.129774511784736646e-02 7.642925812775536176e-02 8.153328586983607518e-02 8.822460076030383402e-02 6.667270255582975758e-02 7.549110972803435571e-02 5.908258114669689975e-02 4.796929470831588771e-02 4.461623195903941658e-02 3.818048057620078428e-02 4.301630589401117533e-02 6.373204746859510716e-02
7.547361856919793111e-02 8.153328586983607518e-02 8.883078234671487605e-02 9.845111421910809901e-02 7.594913587305790470e-02 8.658459404066892739e-02 6.567892488663394646e-02 5.193594990509797782e-02 4.759706897168574508e-02 4.046294467201856648e-02 4.545057697662469726e-02 6.731154072654658982e-02
8.112845080981891110e-02 8.822460076030383402e-02 9.845111421910809901e-02 1.160875755617227501e-01 9.655825374144963447e-02 1.168010131237790378e-01 8.366626216457290210e-02 6.176486616767062204e-02 5.393323184607949627e-02 4.457335147570562484e-02 4.921555197754992617e-02 7.239754210065217632e-02
6.152129378044819685e-02 6.667270255582975758e-02 7.594913587305790470e-02 9.655825374144963447e-02 1.019826284114411230e-01 1.470268873004711985e-01 9.805305954846157968e-02 6.357653360907308815e-02 4.933054772719482756e-02 3.743302649479586519e-02 3.889725463319543969e-02 5.560894616179776900e-02
7.065318519682486920e-02 7.549110972803435571e-02 8.658459404066892739e-02 1.168010131237790378e-01 1.470268873004711985e-01 2.538698171843229989e-01 1.651077638944610515e-01 9.898290608622076214e-02 7.001363890280851154e-02 4.887654034488143201e-02 4.734774047802448732e-02 6.519878625822653206e-02
5.586214320379181281e-02 5.908258114669689975e-02 6.567892488663394646e-02 8.366626216457290210e-02 9.805305954846157968e-02 1.651077638944610515e-01 1.152257165822634793e-01 7.211408161429386232e-02 5.271581564160637834e-02 3.766921368981511475e-02 3.714181843933348631e-02 5.154996476248788206e-02
4.548501009436684006e-02 4.796929470831588771e-02 5.193594990509797782e-02 6.176486616767062204e-02 6.357653360907308815e-02 9.898290608622076214e-02 7.211408161429386232e-02 4.905261138659274683e-02 3.832573436239471165e-02 2.877260393250533066e-02 2.947471059784988190e-02 4.168355370241624142e-02
4.227344354036708524e-02 4.461623195903941658e-02 4.759706897168574508e-02 5.393323184607949627e-02 4.933054772719482756e-02 7.001363890280851154e-02 5.271581564160637834e-02 3.832573436239471165e-02 3.209488273661971480e-02 2.525504018244530136e-02 2.676641731004452199e-02 3.847360205421825052e-02
3.609538698540594448e-02 3.818048057620078428e-02 4.046294467201856648e-02 4.457335147570562484e-02 3.743302649479586519e-02 4.887654034488143201e-02 3.766921368981511475e-02 2.877260393250533066e-02 2.525504018244530136e-02 2.064326121902509276e-02 2.245349427437919390e-02 3.266718602477506478e-02
4.057242894965830404e-02 4.301630589401117533e-02 4.545057697662469726e-02 4.921555197754992617e-02 3.889725463319543969e-02 4.734774047802448732e-02 3.714181843933348631e-02 2.947471059784988190e-02 2.676641731004452199e-02 2.245349427437919390e-02 2.490482579039285035e-02 3.655975971508545336e-02
6.000528091845602763e-02 6.373204746859510716e-02 6.731154072654658982e-02 7.239754210065217632e-02 5.560894616179776900e-02 6.519878625822653206e-02 5.154996476248788206e-02 4.168355370241624142e-02 3.847360205421825052e-02 3.266718602477506478e-02 3.655975971508545336e-02 5.393339395760704535e-02
8.273265099676027634e-02 9.243312969946865243e-02 9.177689347183255741e-02 7.879316375153286311e-02 5.434783984725005679e-02 7.080294091103062071e-02 6.354755491178208648e-02 3.496086879046846757e-02 4.387792664121979713e-02 4.832699637394811260e-02 6.913405466816001377e-02 9.671616615724953903e-02
9.243312969946865243e-02 1.151416058695296507e-01 1.212268190511917448e-01 1.038694588619776815e-01 6.752367695980354689e-02 8.266393051979038786e-02 7.203357299895143950e-02 3.862921670541761415e-02 4.701964347478222728e-02 5.088319023869940921e-02 7.222869015136559878e-02 1.018365280068047607e-01
9.177689347183255741e-02 1.212268190511917448e-01 1.405096888942836963e-01 1.249205961895566430e-01 8.050525808335158573e-02 9.643265380036948609e-02 8.203787249166047402e-02 4.244523222970866816e-02 4.913616509669919974e-02 5.115053346085747521e-02 7.059370429625860810e-02 9.843616105151753448e-02
7.879316375153286311e-02 1.038694588619776815e-01 1.249205961895566430e-01 1.207835410898093070e-01 8.176954511693459993e-02 1.011674639648980911e-01 8.569793231701712533e-02 4.320754686232967934e-02 4.794330946403144167e-02 4.789355856247180798e-02 6.365480858861438662e-02 8.623497408769625894e-02
5.434783984725005679e-02 6.752367695980354689e-02 8.050525808335158573e-02 8.176954511693459993e-02 6.179406781036181351e-02 8.249265493311436215e-02 7.082595743807873490e-02 3.537596670388956643e-02 3.847468731120101681e-02 3.742518390790783300e-02 4.823048231920749190e-02 6.312512140403533922e-02
7.080294091103062071e-02 8.266393051979038786e-02 9.643265380036948609e-02 1.011674639648980911e-01 8.249265493311436215e-02 1.177843567705132710e-01 1.025268663992524032e-01 5.115786727279970220e-02 5.534506950897323529e-02 5.324576752757857051e-02 6.755334214317625097e-02 8.649155558505700059e-02
6.354755491178208648e-02 7.203357299895143950e-02 8.203787249166047402e-02 8.569793231701712533e-02 7.082595743807873490e-02 1.025268663992524032e-01 9.045339854794584578e-02 4.550467728188128946e-02 4.978886617073312315e-02 4.829336029994336921e-02 6.161129950220597951e-02 7.889405048572153967e-02
3.496086879046846757e-02 3.862921670541761415e-02 4.244523222970866816e-02 4.320754686232967934e-02 3.537596670388956643e-02 5.115786727279970220e-02 4.550467728188128946e-02 2.332444208988254664e-02 2.621236537740041089e-02 2.599335211758390524e-02 3.377910154473028059e-02 4.371200640617273897e-02
4.387792664121979713e-02 4.701964347478222728e-02 4.913616509669919974e-02 4.794330946403144167e-02 3.847468731120101681e-02 5.534506950897323529e-02 4.978886617073312315e-02 2.621236537740041089e-02 3.071527685413561609e-02 3.147988006803321970e-02 4.201195221539569952e-02 5.520986409672698492e-02
4.832699637394811260e-02 5.088319023869940921e-02 5.115053346085747521e-02 4.789355856247180798e-02 3.742518390790783300e-02 5.324576752757857051e-02 4.829336029994336921e-02 2.599335211758390524e-02 3.147988006803321970e-02 3.330800257158560151e-02 4.557577064344733864e-02 6.080696914858603475e-02
6.913405466816001377e-02 7.222869015136559878e-02 7.059370429625860810e-02 6.365480858861438662e-02 4.823048231920749190e-02 6.755334214317625097e-02 6.161129950220597951e-02 3.377910154473028059e-02 4.201195221539569952e-02 4.557577064344733864e-02 6.391186793183452342e-02 8.658964271121548373e-02
9.671616615724953903e-02 1.018365280068047607e-01 9.843616105151753448e-02 8.623497408769625894e-02 6.312512140403533922e-02 8.649155558505700059e-02 7.889405048572153967e-02 4.371200640617273897e-02 5.520986409672698492e-02 6.080696914858603475e-02 8.658964271121548373e-02 1.195411005733579834e-01
6.345747490081532494e-02 7.723511285861103803e-02 9.613204451875222156e-02 4.558276139078723532e-02 4.313331008307765002e-02 3.835025402571907993e-02 4.651231351092875721e-02 6.037405781222447698e-02 5.503952058906706746e-02 5.338526971504216345e-02 7.190920381359840186e-02 7.265239914137437693e-02
7.723511285861103803e-02 1.020305507049903138e-01 1.303007351084946031e-01 6.100794835351995571e-02 5.582675356833008418e-02 4.729390941557061467e-02 5.444601915009321391e-02 6.795635331234729792e-02 6.006243010577413943e-02 5.708788140025468361e-02 7.717084342296198773e-02 8.145191872574578107e-02
9.613204451875222156e-02 1.303007351084946031e-01 1.697251861302644105e-01 7.957477512809754683e-02 7.274829667050838888e-02 6.123143148541181774e-02 6.977755409878304282e-02 8.611110376161362767e-02 7.482968909298080840e-02 6.957271436134145060e-02 9.288428687848127030e-02 9.886143888147388981e-02
4.558276139078723532e-02 6.100794835351995571e-02 7.957477512809754683e-02 3.809899557274303017e-02 3.616507097467962228e-02 3.162341265915278449e-02 3.728265461034550865e-02 4.682101095802047169e-02 4.045087013146629606e-02 3.641354124894545519e-02 4.675070464579553914e-02 4.811894237178324096e-02
4.313331008307765002e-02 5.582675356833008418e-02 7.274829667050838888e-02 3.616507097467962228e-02 3.709117083316436358e-02 3.483957640171584519e-02 4.355237678220075931e-02 5.632240602777929817e-02 4.839774861889006852e-02 4.160190343855843520e-02 5.009877505784965379e-02 4.832635656781601730e-02
3.835025402571907993e-02 4.729390941557061467e-02 6.123143148541181774e-02 3.162341265915278449e-02 3.483957640171584519e-02 3.531470842808170224e-02 4.668568958876778002e-02 6.204895103378089971e-02 5.335759010173110606e-02 4.451685538468727610e-02 5.098672886021535233e-02 4.616111128883426673e-02
4.651231351092875721e-02 5.444601915009321391e-02 6.977755409878304282e-02 3.728265461034550865e-02 4.355237678220075931e-02 4.668568958876778002e-02 6.469272270006212744e-02 8.793555694816962420e-02 7.593763476941373103e-02 6.242028782741224080e-02 6.930867586937901337e-02 5.979229608943822938e-02
6.037405781222447698e-02 6.795635331234729792e-02 8.611110376161362767e-02 4.682101095802047169e-02 5.632240602777929817e-02 6.204895103378089971e-02 8.793555694816962420e-02 1.218162989166635679e-01 1.060652095993617622e-01 8.721903652966411791e-02 9.600707925780020691e-02 8.089430638292653686e-02
5.503952058906706746e-02 6.006243010577413943e-02 7.482968909298080840e-02 4.045087013146629606e-02 4.839774861889006852e-02 5.335759010173110606e-02 7.593763476941373103e-02 1.060652095993617622e-01 9.466277113348579852e-02 7.985644303706562752e-02 8.960800429572048087e-02 7.544261939288812724e-02
5.338526971504216345e-02 5.708788140025468361e-02 6.957271436134145060e-02 3.641354124894545519e-02 4.160190343855843520e-02 4.451685538468727610e-02 6.242028782741224080e-02 8.721903652966411791e-02 7.985644303706562752e-02 7.189365293891723796e-02 8.519455125753785940e-02 7.341460066136082374e-02
7.190920381359840186e-02 7.717084342296198773e-02 9.288428687848127030e-02 4.675070464579553914e-02 5.009877505784965379e-02 5.098672886021535233e-02 6.930867586937901337e-02 9.600707925780020691e-02 8.960800429572048087e-02 8.519455125753785940e-02 1.085085161811645826e-01 9.707136473308652924e-02
7.265239914137437693e-02 8.145191872574578107e-02 9.886143888147388981e-02 4.811894237178324096e-02 4.832635656781601730e-02 4.616111128883426673e-02 5.979229608943822938e-02 8.089430638292653686e-02 7.544261939288812724e-02 7.341460066136082374e-02 9.707136473308652924e-02 9.270795155964761669e-02
9.410327651332373033e-02 1.060480225735432325e-01 7.472351507555047290e-02 7.959394840022386564e-02 5.207225781854038504e-02 5.293128364447185347e-02 5.837033823266638000e-02 5.986428399576350368e-02 3.559647391346133088e-02 4.530495070604013269e-02 5.916917737643867525e-02 9.419779437850391013e-02
