4.835199976367265395e-01 3.154399917221226701e-01 1.729588865637876616e-02 -1.211429191557676366e-01 -1.905335874572040150e-02 9.642814504183208624e-02 8.962724168428203714e-03 -1.216620122374323654e-01 -4.298672853998569687e-03 3.211780256025332791e-01
3.154399917221226701e-01 4.487802019098887651e-01 3.183368467734384311e-01 -8.012453315157923306e-03 -1.201958511738358271e-01 -9.261044877171031083e-04 9.711933856843607549e-02 -1.649202144396754235e-02 -1.193082652139453304e-01 2.771544283998068556e-02
1.729588865637876616e-02 3.183368467734384311e-01 5.488645230124885588e-01 3.178355311173576281e-01 -1.280003494151109398e-03 -1.197849034390940370e-01 1.052182126919726929e-02 9.516479116346757139e-02 -1.188819862682642843e-02 -1.182305508863318172e-01
-1.211429191557676366e-01 -8.012453315157923306e-03 3.178355311173576281e-01 4.803467891999965156e-01 3.185684239171038268e-01 1.845357788225785237e-02 -1.218099440324238308e-01 1.697264411975990192e-03 9.822934014902021116e-02 -4.042916450707240324e-03
-1.905335874572040150e-02 -1.201958511738358271e-01 -1.280003494151109398e-03 3.185684239171038268e-01 4.812872805611505544e-01 3.197352960712417369e-01 -1.773570271060879305e-02 -1.185165967425734629e-01 1.652526610723922124e-02 9.491091789961234038e-02
9.642814504183208624e-02 -9.261044877171031083e-04 -1.197849034390940370e-01 1.845357788225785237e-02 3.197352960712417369e-01 5.169014648481391472e-01 3.178351583126888258e-01 -2.095715967596864862e-02 -1.196500858021069535e-01 1.477896016244473892e-02
8.962724168428203714e-03 9.711933856843607549e-02 1.052182126919726929e-02 -1.218099440324238308e-01 -1.773570271060879305e-02 3.178351583126888258e-01 5.325405516524021055e-01 3.182473182333230288e-01 -1.146877599452859886e-02 -1.194459839718419736e-01
-1.216620122374323654e-01 -1.649202144396754235e-02 9.516479116346757139e-02 1.697264411975990192e-03 -1.185165967425734629e-01 -2.095715967596864862e-02 3.182473182333230288e-01 4.997231814575884834e-01 3.202784244365284305e-01 -7.129232374919469706e-06
-4.298672853998569687e-03 -1.193082652139453304e-01 -1.188819862682642843e-02 9.822934014902021116e-02 1.652526610723922124e-02 -1.196500858021069535e-01 -1.146877599452859886e-02 3.202784244365284305e-01 5.051906907918093381e-01 3.179473922800891139e-01
3.211780256025332791e-01 2.771544283998068556e-02 -1.182305508863318172e-01 -4.042916450707240324e-03 9.491091789961234038e-02 1.477896016244473892e-02 -1.194459839718419736e-01 -7.129232374919469706e-06 3.179473922800891139e-01 5.028453189298167647e-01
4.920417756081160165e-01 3.131960770466049593e-01 6.212531281079542757e-03 -1.105884695436624710e-01 -4.089738950751445334e-02 9.686279663058533496e-02 4.107970289324838764e-02 -1.164207345548847611e-01 -4.359010922978631686e-02 3.226285134932073140e-01
3.131960770466049593e-01 4.900407035749699269e-01 3.278503259053631158e-01 4.610421615305300425e-02 -1.132053526419808803e-01 -1.238095993390705279e-02 9.076542583614809201e-02 1.990876687695546099e-02 -1.152237995253884428e-01 -4.225888184888907696e-03
6.212531281079542757e-03 3.278503259053631158e-01 4.856031090501948255e-01 3.026985873136540106e-01 4.562871433305508428e-02 -1.191851290653192369e-01 -3.715439247398614336e-02 9.489734728644294570e-02 2.804020509761971300e-02 -1.255992752036829696e-01
-1.105884695436624710e-01 4.610421615305300425e-02 3.026985873136540106e-01 3.835359040282355636e-01 3.158292832694650221e-01 1.106707136737256894e-03 -1.194628460898411737e-01 -1.026518377971232356e-03 9.692177177908305186e-02 -2.472872732784064942e-02
-4.089738950751445334e-02 -1.132053526419808803e-01 4.562871433305508428e-02 3.158292832694650221e-01 5.693382739471937182e-01 3.153681769720753092e-01 -1.360805691181140621e-02 -1.177284329085577369e-01 1.755304331405070986e-02 9.046375560868025190e-02
9.686279663058533496e-02 -1.238095993390705279e-02 -1.191851290653192369e-01 1.106707136737256894e-03 3.153681769720753092e-01 4.798928152006081138e-01 3.211887802866970620e-01 1.671617908064522776e-02 -1.240845432137554355e-01 1.128168591327992527e-02
4.107970289324838764e-02 9.076542583614809201e-02 -3.715439247398614336e-02 -1.194628460898411737e-01 -1.360805691181140621e-02 3.211887802866970620e-01 4.901592388415395574e-01 3.169286806594616146e-01 -1.990506328762959437e-02 -1.133320622220080620e-01
-1.164207345548847611e-01 1.990876687695546099e-02 9.489734728644294570e-02 -1.026518377971232356e-03 -1.177284329085577369e-01 1.671617908064522776e-02 3.169286806594616146e-01 5.155632776976516451e-01 3.217589582678589410e-01 -3.606860480884496734e-02
-4.359010922978631686e-02 -1.152237995253884428e-01 2.804020509761971300e-02 9.692177177908305186e-02 1.755304331405070986e-02 -1.240845432137554355e-01 -1.990506328762959437e-02 3.217589582678589410e-01 5.356200182122623499e-01 3.105833621503858999e-01
3.226285134932073140e-01 -4.225888184888907696e-03 -1.255992752036829696e-01 -2.472872732784064942e-02 9.046375560868025190e-02 1.128168591327992527e-02 -1.133320622220080620e-01 -3.606860480884496734e-02 3.105833621503858999e-01 5.582048838392289491e-01
5.725975826350080400e-01 3.168609651511328229e-01 -1.534219774659570379e-02 -1.196282923676726950e-01 2.095946968349435974e-02 9.666966887753325466e-02 5.594877357826247635e-03 -1.183645580373249989e-01 -3.740557836403180653e-02 3.122549416641841047e-01
3.168609651511328229e-01 4.903990272161930508e-01 3.200710667474763738e-01 4.439441440231488983e-03 -1.214128574541522565e-01 -4.287696726395111291e-03 9.677090694689577388e-02 2.631133949356667320e-02 -1.144632015559350346e-01 -4.154748309771420095e-02
-1.534219774659570379e-02 3.200710667474763738e-01 4.989593423862357380e-01 3.186938783337201486e-01 -2.176145069290245926e-02 -1.200490535949183535e-01 -8.753682273707054026e-03 9.484817728069665221e-02 2.577269261553546270e-02 -1.170913685723649483e-01
-1.196282923676726950e-01 4.439441440231488983e-03 3.186938783337201486e-01 5.214824319944413311e-01 3.192502908346219748e-01 3.701160129678682069e-03 -1.198615216554208829e-01 -2.576627428076569415e-02 9.218283504970889441e-02 2.779770886559845833e-02
2.095946968349435974e-02 -1.214128574541522565e-01 -2.176145069290245926e-02 3.192502908346219748e-01 5.123727916044463759e-01 3.180350480179229833e-01 3.190916981289659837e-02 -1.139650044818920904e-01 -3.745987360709046587e-02 9.136452516269727431e-02
9.666966887753325466e-02 -4.287696726395111291e-03 -1.200490535949183535e-01 3.701160129678682069e-03 3.180350480179229833e-01 4.467793423357737659e-01 3.151181210128576882e-01 4.509098928962823605e-02 -1.133316457164382784e-01 -2.959020769566227463e-02
5.594877357826247635e-03 9.677090694689577388e-02 -8.753682273707054026e-03 -1.198615216554208829e-01 3.190916981289659837e-02 3.151181210128576882e-01 4.689388556079568393e-01 3.193743993979429874e-01 2.409539758120920333e-02 -1.220551544342912270e-01
-1.183645580373249989e-01 2.631133949356667320e-02 9.484817728069665221e-02 -2.576627428076569415e-02 -1.139650044818920904e-01 4.509098928962823605e-02 3.193743993979429874e-01 4.629235946980694849e-01 3.161297412438742738e-01 7.050446121872689167e-03
-3.740557836403180653e-02 -1.144632015559350346e-01 2.577269261553546270e-02 9.218283504970889441e-02 -3.745987360709046587e-02 -1.133316457164382784e-01 2.409539758120920333e-02 3.161297412438742738e-01 5.030072855974676571e-01 3.228669339786486292e-01
3.122549416641841047e-01 -4.154748309771420095e-02 -1.170913685723649483e-01 2.779770886559845833e-02 9.136452516269727431e-02 -2.959020769566227463e-02 -1.220551544342912270e-01 7.050446121872689167e-03 3.228669339786486292e-01 5.225397459243984466e-01
5.585374058034997535e-01 3.168542947726610270e-01 1.378272318498102375e-02 -1.160093533650654735e-01 -1.255984957208957156e-02 9.491923916817843199e-02 1.964915504970310769e-02 -1.207007360424831588e-01 -3.685214993576444581e-02 3.160624538832087493e-01
3.168542947726610270e-01 4.384028699695037279e-01 3.150974403512389888e-01 5.063697615975706195e-02 -1.174948904219779433e-01 -1.912945485308419069e-02 9.400286834722357265e-02 2.444392857029013821e-03 -1.174159835150269948e-01 -9.626947906884128839e-03
1.378272318498102375e-02 3.150974403512389888e-01 4.809765962081818946e-01 3.220126915429789571e-01 -7.859479126422859105e-03 -1.215632379181420530e-01 2.889754318536809363e-03 9.768852007532413673e-02 5.073262747762220456e-03 -1.206535904259883329e-01
-1.160093533650654735e-01 5.063697615975706195e-02 3.220126915429789571e-01 4.681944712500343830e-01 3.143146284507417620e-01 -3.554006150018398490e-03 -1.165332392799117434e-01 1.759330262431961500e-02 9.523479012973125324e-02 -1.591971814656492623e-02
-1.255984957208957156e-02 -1.174948904219779433e-01 -7.859479126422859105e-03 3.143146284507417620e-01 5.626737928968431612e-01 3.195835961627779831e-01 -1.888389392005896533e-02 -1.195318797833218039e-01 1.199964773879098803e-03 9.659144999537513931e-02
9.491923916817843199e-02 -1.912945485308419069e-02 -1.215632379181420530e-01 -3.554006150018398490e-03 3.195835961627779831e-01 4.546263831465498506e-01 3.168186980945673081e-01 1.161002276336612618e-03 -1.182697577440679632e-01 -1.175953627094840012e-03
1.964915504970310769e-02 9.400286834722357265e-02 2.889754318536809363e-03 -1.165332392799117434e-01 -1.888389392005896533e-02 3.168186980945673081e-01 5.598331966184995068e-01 3.181144908149524109e-01 -7.248919623165601088e-03 -1.203693666023669673e-01
-1.207007360424831588e-01 2.444392857029013821e-03 9.768852007532413673e-02 1.759330262431961500e-02 -1.195318797833218039e-01 1.161002276336612618e-03 3.181144908149524109e-01 4.588089223124264260e-01 3.173580753142679622e-01 1.836136800927002863e-02
-3.685214993576444581e-02 -1.174159835150269948e-01 5.073262747762220456e-03 9.523479012973125324e-02 1.199964773879098803e-03 -1.182697577440679632e-01 -7.248919623165601088e-03 3.173580753142679622e-01 5.100922669801294385e-01 3.217287705842121204e-01
3.160624538832087493e-01 -9.626947906884128839e-03 -1.206535904259883329e-01 -1.591971814656492623e-02 9.659144999537513931e-02 -1.175953627094840012e-03 -1.203693666023669673e-01 1.836136800927002863e-02 3.217287705842121204e-01 5.078540948143355216e-01
4.203043535857743929e-01 3.029405660396405908e-01 3.550215468692209664e-02 -1.220493812486580509e-01 8.556024987426873521e-04 9.969411921431478585e-02 6.482800236178271752e-03 -1.229848717370848193e-01 6.750075785050227428e-03 3.216635237331552100e-01
3.029405660396405908e-01 4.400823165979491636e-01 3.237221480288662856e-01 -3.899744130296652067e-02 -1.154725174791112197e-01 4.073449569193347830e-02 9.578305481869288374e-02 -2.994847951349199205e-02 -1.147882018563475826e-01 5.511128779942588846e-02
3.550215468692209664e-02 3.237221480288662856e-01 5.756862186167018836e-01 3.074046450177989054e-01 -4.746821130472253514e-02 -1.112425382027601439e-01 1.806512515845559372e-02 9.189658355816653079e-02 -2.266202148741771477e-02 -1.136478319538357651e-01
-1.220493812486580509e-01 -3.899744130296652067e-02 3.074046450177989054e-01 5.361453420847452911e-01 3.230161112331920714e-01 -1.845347010695318896e-02 -1.247256660788171878e-01 9.558082881439111233e-04 1.002820295516474725e-01 -7.871755309921575627e-03
8.556024987426873521e-04 -1.154725174791112197e-01 -4.746821130472253514e-02 3.230161112331920714e-01 5.236966959474694816e-01 3.159319429930151912e-01 1.508995893104138342e-02 -1.160879503488337905e-01 -3.684026854062035471e-03 9.310516242111518959e-02
9.969411921431478585e-02 4.073449569193347830e-02 -1.112425382027601439e-01 -1.845347010695318896e-02 3.159319429930151912e-01 4.825886806531436424e-01 3.205066539241837043e-01 1.484433956496574065e-02 -1.232489176612920762e-01 -2.053661444920762153e-03
6.482800236178271752e-03 9.578305481869288374e-02 1.806512515845559372e-02 -1.247256660788171878e-01 1.508995893104138342e-02 3.205066539241837043e-01 4.692953595222476570e-01 3.160768505980009468e-01 -4.821289036865605490e-03 -1.168098825296267906e-01
-1.229848717370848193e-01 -2.994847951349199205e-02 9.189658355816653079e-02 9.558082881439111233e-04 -1.160879503488337905e-01 1.484433956496574065e-02 3.160768505980009468e-01 5.255660344618383606e-01 3.217515900785746230e-01 -1.974640740471828027e-02
6.750075785050227428e-03 -1.147882018563475826e-01 -2.266202148741771477e-02 1.002820295516474725e-01 -3.684026854062035471e-03 -1.232489176612920762e-01 -4.821289036865605490e-03 3.217515900785746230e-01 5.013374941358366144e-01 3.161317841893303004e-01
3.216635237331552100e-01 5.511128779942588846e-02 -1.136478319538357651e-01 -7.871755309921575627e-03 9.310516242111518959e-02 -2.053661444920762153e-03 -1.168098825296267906e-01 -1.974640740471828027e-02 3.161317841893303004e-01 5.252975043942879063e-01
4.108753274764094243e-01 3.095787924891029164e-01 4.934429098967268307e-02 -1.142133748611808552e-01 -2.063755651288453480e-02 9.122945193393819374e-02 9.358643501438473900e-03 -1.150504225283746351e-01 2.818627566189119832e-02 3.182940430749633953e-01
3.095787924891029164e-01 5.071080707480742911e-01 3.276957637582729732e-01 -1.895805183786734849e-02 -1.244071804730711439e-01 1.448226557944582923e-02 9.875404401611601046e-02 -3.007328642972309854e-02 -1.123140083898542946e-01 4.610510548869118513e-03
4.934429098967268307e-02 3.276957637582729732e-01 4.692274851626955789e-01 3.109404693877524939e-01 2.177805105515212992e-03 -1.128341088026062755e-01 4.396101823202248904e-03 8.824552943911603831e-02 -2.662265459099170256e-02 -1.188724081759129636e-01
-1.142133748611808552e-01 -1.895805183786734849e-02 3.109404693877524939e-01 5.558468872303871100e-01 3.231268492782206625e-01 -2.348476620828027911e-02 -1.229723312691291121e-01 3.619330595827262298e-02 9.108557381571212586e-02 -4.997300093798538040e-03
-2.063755651288453480e-02 -1.244071804730711439e-01 2.177805105515212992e-03 3.231268492782206625e-01 4.661347561336218193e-01 3.139990032492595562e-01 9.333565514940949520e-03 -1.155765565476443574e-01 8.499545270152474019e-03 9.543965215045890904e-02
9.122945193393819374e-02 1.448226557944582923e-02 -1.128341088026062755e-01 -2.348476620828027911e-02 3.139990032492595562e-01 5.410037901617266165e-01 3.235822378937628918e-01 -5.445194060510743367e-02 -1.144948752590476265e-01 1.001064666998757388e-02
9.358643501438473900e-03 9.875404401611601046e-02 4.396101823202248904e-03 -1.229723312691291121e-01 9.333565514940949520e-03 3.235822378937628918e-01 4.929550734278160262e-01 3.144447676366862732e-01 1.834141719485228843e-03 -1.178825551474491917e-01
-1.150504225283746351e-01 -3.007328642972309854e-02 8.824552943911603831e-02 3.619330595827262298e-02 -1.155765565476443574e-01 -5.445194060510743367e-02 3.144447676366862732e-01 5.926384211632376164e-01 3.106053529672883062e-01 1.372828275035800974e-03
2.818627566189119832e-02 -1.123140083898542946e-01 -2.662265459099170256e-02 9.108557381571212586e-02 8.499545270152474019e-03 -1.144948752590476265e-01 1.834141719485228843e-03 3.106053529672883062e-01 3.830907459057614206e-01 3.131332525575300507e-01
3.182940430749633953e-01 4.610510548869118513e-03 -1.188724081759129636e-01 -4.997300093798538040e-03 9.543965215045890904e-02 1.001064666998757388e-02 -1.178825551474491917e-01 1.372828275035800974e-03 3.131332525575300507e-01 5.811194425902678207e-01
5.052333764290807272e-01 3.166032944261160109e-01 1.165030185435714759e-02 -1.193373979073902580e-01 1.915286815281661698e-02 9.503112722469497786e-02 6.999366126630239202e-03 -1.156792533207560980e-01 2.825578835350991275e-02 3.230596704119441109e-01
3.166032944261160109e-01 4.956325260870629856e-01 3.220734112210753564e-01 -3.356969930961448134e-02 -1.131580027017462520e-01 3.038259700750871317e-02 9.764364164048261463e-02 -8.897189248926008071e-03 -1.171371342648787894e-01 -2.231754504952201262e-02
1.165030185435714759e-02 3.220734112210753564e-01 5.117781976201014604e-01 3.145951222214128373e-01 -3.743967338856167559e-02 -1.176881547823199203e-01 -5.633687512525826536e-03 9.262621923577134264e-02 -2.072172130038107268e-02 -1.238371063778955089e-01
-1.193373979073902580e-01 -3.356969930961448134e-02 3.145951222214128373e-01 5.735611818642987192e-01 3.123849172395037899e-01 -2.435089665231418218e-02 -1.205037395069155359e-01 9.094651223203654598e-04 9.712983189260165906e-02 3.349860379004614142e-02
1.915286815281661698e-02 -1.131580027017462520e-01 -3.743967338856167559e-02 3.123849172395037899e-01 5.027785907833611789e-01 3.254426074131946400e-01 5.537757785047066339e-02 -1.161388355070079037e-01 -1.542225676493285715e-02 8.888261049135309788e-02
9.503112722469497786e-02 3.038259700750871317e-02 -1.176881547823199203e-01 -2.435089665231418218e-02 3.254426074131946400e-01 4.672239670304553227e-01 3.099450330449818880e-01 8.775761738039730003e-03 -1.168812553578739144e-01 -3.902769087295662048e-02
6.999366126630239202e-03 9.764364164048261463e-02 -5.633687512525826536e-03 -1.205037395069155359e-01 5.537757785047066339e-02 3.099450330449818880e-01 4.239769127470677801e-01 3.153956614194539654e-01 -2.799502531365893280e-03 -1.207505370335005268e-01
-1.156792533207560980e-01 -8.897189248926008071e-03 9.262621923577134264e-02 9.094651223203654598e-04 -1.161388355070079037e-01 8.775761738039730003e-03 3.153956614194539654e-01 6.044972261134685665e-01 3.118998667529224722e-01 1.509574941752187503e-02
2.825578835350991275e-02 -1.171371342648787894e-01 -2.072172130038107268e-02 9.712983189260165906e-02 -1.542225676493285715e-02 -1.168812553578739144e-01 -2.799502531365893280e-03 3.118998667529224722e-01 3.939721358230465764e-01 3.109168928324537173e-01
3.230596704119441109e-01 -2.231754504952201262e-02 -1.238371063778955089e-01 3.349860379004614142e-02 8.888261049135309788e-02 -3.902769087295662048e-02 -1.207505370335005268e-01 1.509574941752187503e-02 3.109168928324537173e-01 5.213458855020662863e-01
5.112809851967574648e-01 3.181604726821987694e-01 -4.781453644503325454e-03 -1.187596305687531884e-01 4.682379789019117805e-03 9.524103633583794193e-02 3.351313842678899091e-02 -1.198714498128822109e-01 -7.601218454013971247e-03 3.200684329905809644e-01
3.181604726821987694e-01 4.631219151388629163e-01 3.186587961983191053e-01 -3.744877065199257206e-03 -1.207316353192725844e-01 -4.697553302267647689e-03 9.624371465827322170e-02 -9.079107110088191490e-04 -1.194858772335692376e-01 1.819289325235815338e-02
-4.781453644503325454e-03 3.186587961983191053e-01 5.507525572409952552e-01 3.161736108016779956e-01 -2.031060198841675227e-02 -1.181530478206315460e-01 -2.437842856780930018e-02 9.631216526365551922e-02 1.294444693150237358e-04 -1.200329386157457101e-01
-1.187596305687531884e-01 -3.744877065199257206e-03 3.161736108016779956e-01 4.790396466463733294e-01 3.233277957369506961e-01 3.106285547396799018e-02 -1.152210797277754273e-01 -1.198957593121114350e-02 9.576615704475008317e-02 7.507642185578561767e-04
4.682379789019117805e-03 -1.207316353192725844e-01 -2.031060198841675227e-02 3.233277957369506961e-01 5.200840803819191116e-01 3.125723153054003056e-01 3.704618678400906084e-02 -1.191695799718491544e-01 -9.835100721007255034e-04 9.687506982300204961e-02
9.524103633583794193e-02 -4.697553302267647689e-03 -1.181530478206315460e-01 3.106285547396799018e-02 3.125723153054003056e-01 4.006222570221423807e-01 3.123244154198457911e-01 9.385378292981527704e-03 -1.183956975553360907e-01 4.047237210995863546e-03
3.351313842678899091e-02 9.624371465827322170e-02 -2.437842856780930018e-02 -1.152210797277754273e-01 3.704618678400906084e-02 3.123244154198457911e-01 5.274316940422512090e-01 3.198904837979669735e-01 -4.988273863844597950e-02 -1.183012845884836989e-01
-1.198714498128822109e-01 -9.079107110088191490e-04 9.631216526365551922e-02 -1.198957593121114350e-02 -1.191695799718491544e-01 9.385378292981527704e-03 3.198904837979669735e-01 5.400582153019021225e-01 3.169932505038019488e-01 -1.015423225718365546e-02
-7.601218454013971247e-03 -1.194858772335692376e-01 1.294444693150237358e-04 9.576615704475008317e-02 -9.835100721007255034e-04 -1.183956975553360907e-01 -4.988273863844597950e-02 3.169932505038019488e-01 5.249319923505826324e-01 3.186628099405003356e-01
3.200684329905809644e-01 1.819289325235815338e-02 -1.200329386157457101e-01 7.507642185578561767e-04 9.687506982300204961e-02 4.047237210995863546e-03 -1.183012845884836989e-01 -1.015423225718365546e-02 3.186628099405003356e-01 4.826766566782084156e-01
5.023980284068443325e-01 3.191903174203095661e-01 5.995784212591151810e-03 -1.214396988098966484e-01 -1.167670801676698455e-02 9.819550655770269143e-02 1.572575686675056414e-02 -1.192034279884404135e-01 1.048106777867687661e-02 3.184930791948626938e-01
3.191903174203095661e-01 4.663453889969153554e-01 3.178619041954420243e-01 -6.532058782537572376e-03 -1.198571536624037370e-01 9.180450086634598522e-03 9.672607529792762171e-02 3.412406375081500354e-04 -1.201486533700714399e-01 1.433726191957210815e-02
5.995784212591151810e-03 3.178619041954420243e-01 5.388935031020826161e-01 3.190494508522947470e-01 -1.261162320411750651e-03 -1.205178142863440882e-01 -7.438333702941653768e-03 9.600238263257272753e-02 -1.576178607351772301e-02 -1.190128466780270011e-01
-1.214396988098966484e-01 -6.532058782537572376e-03 3.190494508522947470e-01 4.787519458828646823e-01 3.184617519514296724e-01 2.820339033327669449e-03 -1.191243410726828961e-01 -9.310315861814320859e-03 9.858084527406835162e-02 3.334538550490893927e-03
-1.167670801676698455e-02 -1.198571536624037370e-01 -1.261162320411750651e-03 3.184617519514296724e-01 5.052978056163625054e-01 3.200116328815323374e-01 9.949405503321653160e-03 -1.199540734911079126e-01 2.006615095182295166e-02 9.610276440458415115e-02
9.819550655770269143e-02 9.180450086634598522e-03 -1.205178142863440882e-01 2.820339033327669449e-03 3.200116328815323374e-01 4.999990579839875271e-01 3.176997416050835188e-01 5.698665870936680741e-03 -1.215672211000232705e-01 -4.335490464550565554e-03
1.572575686675056414e-02 9.672607529792762171e-02 -7.438333702941653768e-03 -1.191243410726828961e-01 9.949405503321653160e-03 3.176997416050835188e-01 4.616359864235766719e-01 3.181831388701728547e-01 -2.804793400940948714e-02 -1.193076025985219946e-01
-1.192034279884404135e-01 3.412406375081500354e-04 9.600238263257272753e-02 -9.310315861814320859e-03 -1.199540734911079126e-01 5.698665870936680741e-03 3.181831388701728547e-01 5.641510715448246893e-01 3.151090904028067130e-01 -1.333314586611196451e-02
1.048106777867687661e-02 -1.201486533700714399e-01 -1.576178607351772301e-02 9.858084527406835162e-02 2.006615095182295166e-02 -1.215672211000232705e-01 -2.804793400940948714e-02 3.151090904028067130e-01 5.005923014621667111e-01 3.204567114490415314e-01
3.184930791948626938e-01 1.433726191957210815e-02 -1.190128466780270011e-01 3.334538550490893927e-03 9.610276440458415115e-02 -4.335490464550565554e-03 -1.193076025985219946e-01 -1.333314586611196451e-02 3.204567114490415314e-01 4.819349105803761857e-01
4.772062541945418235e-01 3.165548140885786621e-01 3.647236810335591217e-02 -1.199251175895926919e-01 -1.434094423910713470e-02 9.759641911162794670e-02 -1.674494151484411499e-03 -1.201947713636582205e-01 5.011550689692815044e-03 3.192837925162054780e-01
3.165548140885786621e-01 4.638307946226901679e-01 3.199779355261762603e-01 -3.720389128669589034e-03 -1.206604832784425596e-01 1.107601937330209702e-02 9.509740927353001194e-02 -3.231501103921631535e-02 -1.180212560656861004e-01 7.692556688890690719e-04
3.647236810335591217e-02 3.199779355261762603e-01 4.982170384899344273e-01 3.177381338331055627e-01 -1.259714257773281859e-02 -1.187318022303036485e-01 2.318161808585993133e-02 9.102188190474694296e-02 -1.894300405533229023e-02 -1.202409908499552371e-01
-1.199251175895926919e-01 -3.720389128669589034e-03 3.177381338331055627e-01 5.306276089301156240e-01 3.190315672851271600e-01 -1.912013692794385655e-02 -1.176841388549896006e-01 3.280440801028572384e-02 9.615933444766892879e-02 1.022713960866077857e-03
-1.434094423910713470e-02 -1.206604832784425596e-01 -1.259714257773281859e-02 3.190315672851271600e-01 4.981975436944088842e-01 3.195535177070675248e-01 -1.962023478712909136e-02 -1.183527163672426913e-01 3.491043673379140740e-03 9.637093543424110620e-02
9.759641911162794670e-02 1.107601937330209702e-02 -1.187318022303036485e-01 -1.912013692794385655e-02 3.195535177070675248e-01 5.328625204605986765e-01 3.154930676586767402e-01 -3.835339957329697569e-02 -1.196548032753463886e-01 -4.268140468362593629e-03
-1.674494151484411499e-03 9.509740927353001194e-02 2.318161808585993133e-02 -1.176841388549896006e-01 -1.962023478712909136e-02 3.154930676586767402e-01 5.314631125862062655e-01 3.223598466590039680e-01 1.889686688507653117e-02 -1.182916975916207952e-01
-1.201947713636582205e-01 -3.231501103921631535e-02 9.102188190474694296e-02 3.280440801028572384e-02 -1.183527163672426913e-01 -3.835339957329697569e-02 3.223598466590039680e-01 5.073374277732574100e-01 3.119868997676996658e-01 3.161710613329790642e-02
5.011550689692815044e-03 -1.180212560656861004e-01 -1.894300405533229023e-02 9.615933444766892879e-02 3.491043673379140740e-03 -1.196548032753463886e-01 1.889686688507653117e-02 3.119868997676996658e-01 4.113688948352938191e-01 3.156953487200040431e-01
3.192837925162054780e-01 7.692556688890690719e-04 -1.202409908499552371e-01 1.022713960866077857e-03 9.637093543424110620e-02 -4.268140468362593629e-03 -1.182916975916207952e-01 3.161710613329790642e-02 3.156953487200040431e-01 5.488888044129565102e-01
5.127961546703344586e-01 3.183797116825416995e-01 -4.627584628046041426e-02 -1.097170933460527575e-01 4.060423883009534052e-02 9.445408074911235130e-02 -2.611158761805794370e-03 -1.184023770919343244e-01 -1.782780653019662084e-02 3.195802994201308311e-01
3.183797116825416995e-01 5.369106690891924938e-01 3.163574366834101537e-01 -3.974831581366432276e-02 -1.191134119979744693e-01 4.692337927115429116e-03 9.826163180267763475e-02 1.197859029929659522e-02 -1.193287693223736151e-01 -4.277596268972127386e-03
-4.627584628046041426e-02 3.163574366834101537e-01 5.585018419745537699e-01 3.132390011523439322e-01 -2.379356427483878683e-02 -1.185830175715077844e-01 -2.120118599151048569e-02 9.201316042815901874e-02 3.660199449524632886e-02 -1.195293229993983075e-01
-1.097170933460527575e-01 -3.974831581366432276e-02 3.132390011523439322e-01 5.105644773312978391e-01 3.260381098197642213e-01 3.814957802158572275e-02 -1.148712297739024196e-01 -4.094756642936131508e-02 8.661047368887686559e-02 2.832265297706408613e-02
4.060423883009534052e-02 -1.191134119979744693e-01 -2.379356427483878683e-02 3.260381098197642213e-01 4.819918644302780830e-01 3.082098260833530667e-01 4.752360077508750030e-02 -1.083109111269586339e-01 -4.366712204367520500e-02 9.393982226731212304e-02
9.445408074911235130e-02 4.692337927115429116e-03 -1.185830175715077844e-01 3.814957802158572275e-02 3.082098260833530667e-01 4.103986183206356775e-01 3.162478717123572425e-01 4.499861344343600994e-02 -1.165025542519934204e-01 -1.251044598015555245e-02
-2.611158761805794370e-03 9.826163180267763475e-02 -2.120118599151048569e-02 -1.148712297739024196e-01 4.752360077508750030e-02 3.162478717123572425e-01 4.992593811586208963e-01 3.197300593163941995e-01 6.005839013035254095e-03 -1.216904612957395854e-01
-1.184023770919343244e-01 1.197859029929659522e-02 9.201316042815901874e-02 -4.094756642936131508e-02 -1.083109111269586339e-01 4.499861344343600994e-02 3.197300593163941995e-01 4.503553169989023552e-01 3.164292980290610569e-01 -5.550384913650046464e-03
-1.782780653019662084e-02 -1.193287693223736151e-01 3.660199449524632886e-02 8.661047368887686559e-02 -4.366712204367520500e-02 -1.165025542519934204e-01 6.005839013035254095e-03 3.164292980290610569e-01 5.491222979970064033e-01 3.184572885280407273e-01
3.195802994201308311e-01 -4.277596268972127386e-03 -1.195293229993983075e-01 2.832265297706408613e-02 9.393982226731212304e-02 -1.251044598015555245e-02 -1.216904612957395854e-01 -5.550384913650046464e-03 3.184572885280407273e-01 4.900993780291750257e-01
4.980346905323008722e-01 3.272122973652688005e-01 -2.229703674704616376e-02 -1.226907453110758495e-01 4.393314901567606234e-02 9.268387183497606152e-02 -2.751853342707517858e-02 -1.122972358509175955e-01 9.121098516571956444e-03 3.099321748169908686e-01
3.272122973652688005e-01 4.917314859515785619e-01 3.120791386561190262e-01 -1.851609174642537131e-02 -1.107962596676928257e-01 1.865510317859201544e-02 9.133052759185548986e-02 -2.611039688537810516e-02 -1.211910034258660701e-01 3.827920255213158873e-02
-2.229703674704616376e-02 3.120791386561190262e-01 5.516714631219418186e-01 3.203742267823273537e-01 -5.789585867337920105e-02 -1.171956384133468199e-01 2.645463032095196274e-02 9.229061517338305043e-02 -5.827750660334727467e-04 -1.160337873671010989e-01
-1.226907453110758495e-01 -1.851609174642537131e-02 3.203742267823273537e-01 5.227005546638630040e-01 3.167589796696445581e-01 9.850113485619150545e-05 -1.190011520036470538e-01 3.001736208467502016e-03 9.724845068234863610e-02 -6.819689227674714457e-03
4.393314901567606234e-02 -1.107962596676928257e-01 -5.789585867337920105e-02 3.167589796696445581e-01 5.549497283885092003e-01 3.151102289107632348e-01 -6.443868809869755625e-03 -1.159677877570584326e-01 -2.120277655587001972e-02 9.435416711956143287e-02
9.268387183497606152e-02 1.865510317859201544e-02 -1.171956384133468199e-01 9.850113485619150545e-05 3.151102289107632348e-01 4.272101389573941255e-01 3.186107542287489602e-01 2.509641291777201660e-02 -1.165767089971401216e-01 -9.696281561663876170e-03
-2.751853342707517858e-02 9.133052759185548986e-02 2.645463032095196274e-02 -1.190011520036470538e-01 -6.443868809869755625e-03 3.186107542287489602e-01 5.646583417399914095e-01 3.153007504556462059e-01 3.850555782552435476e-03 -1.179771880767899322e-01
-1.122972358509175955e-01 -2.611039688537810516e-02 9.229061517338305043e-02 3.001736208467502016e-03 -1.159677877570584326e-01 2.509641291777201660e-02 3.153007504556462059e-01 4.052639930346774166e-01 3.135602447171836893e-01 2.867551665484569315e-02
9.121098516571956444e-03 -1.211910034258660701e-01 -5.827750660334727467e-04 9.724845068234863610e-02 -2.120277655587001972e-02 -1.165767089971401216e-01 3.850555782552435476e-03 3.135602447171836893e-01 5.547074153121303031e-01 3.213860484767753767e-01
3.099321748169908686e-01 3.827920255213158873e-02 -1.160337873671010989e-01 -6.819689227674714457e-03 9.435416711956143287e-02 -9.696281561663876170e-03 -1.179771880767899322e-01 2.867551665484569315e-02 3.213860484767753767e-01 4.290721882976105683e-01
5.050934072560648858e-01 3.223706543544988534e-01 -3.798022557603113192e-02 -1.159502187449454880e-01 9.172441190339202660e-03 9.148445099554866622e-02 -1.347654799750791325e-02 -1.185367269154697228e-01 2.544034706666355866e-02 3.169312232029028453e-01
3.223706543544988534e-01 5.173691924513653673e-01 3.126035325507211526e-01 -2.355970312094753799e-02 -1.206800579062673601e-01 3.991788942205977408e-02 9.637420165890778212e-02 -8.047320524557980553e-03 -1.203026482237955080e-01 8.845211455416241569e-03
-3.798022557603113192e-02 3.126035325507211526e-01 5.726993441541835539e-01 3.173435988018586951e-01 2.078562087379744010e-03 -1.206726177212790185e-01 -6.826979515167829783e-03 9.540770147096307163e-02 3.198765968145443270e-03 -1.185651249056105250e-01
-1.159502187449454880e-01 -2.355970312094753799e-02 3.173435988018586951e-01 4.361550255889415362e-01 3.170097546934684818e-01 -1.578305711190888805e-02 -1.169126109286731663e-01 -1.554623336586496637e-02 9.594208625805834834e-02 1.717475497241932603e-02
9.172441190339202660e-03 -1.206800579062673601e-01 2.078562087379744010e-03 3.170097546934684818e-01 5.542754754268925943e-01 3.164214403674802112e-01 -5.609892580922947770e-03 -1.209015834240707854e-01 1.259363661156396620e-02 9.845006660539526444e-02
9.148445099554866622e-02 3.991788942205977408e-02 -1.206726177212790185e-01 -1.578305711190888805e-02 3.164214403674802112e-01 5.133399549145865048e-01 3.158852956130949741e-01 3.830194570676737076e-02 -1.219985727591214875e-01 -3.773500484283115464e-02
-1.347654799750791325e-02 9.637420165890778212e-02 -6.826979515167829783e-03 -1.169126109286731663e-01 -5.609892580922947770e-03 3.158852956130949741e-01 4.223775799097071459e-01 3.159551484906489849e-01 1.789914793765253701e-03 -1.186720127340572251e-01
-1.185367269154697228e-01 -8.047320524557980553e-03 9.540770147096307163e-02 -1.554623336586496637e-02 -1.209015834240707854e-01 3.830194570676737076e-02 3.159551484906489849e-01 5.312755874369535780e-01 3.197735219544163288e-01 7.723789057089156321e-03
2.544034706666355866e-02 -1.203026482237955080e-01 3.198765968145443270e-03 9.594208625805834834e-02 1.259363661156396620e-02 -1.219985727591214875e-01 1.789914793765253701e-03 3.197735219544163288e-01 4.894518855575398231e-01 3.174392582379613748e-01
3.169312232029028453e-01 8.845211455416241569e-03 -1.185651249056105250e-01 1.717475497241932603e-02 9.845006660539526444e-02 -3.773500484283115464e-02 -1.186720127340572251e-01 7.723789057089156321e-03 3.174392582379613748e-01 4.579625473037705063e-01
5.900468094261586138e-01 3.083130293410339950e-01 -3.207793080148879650e-02 -1.208372089517828485e-01 1.201453277595911431e-02 1.010589225147823511e-01 1.197985646903541174e-02 -1.186186883141469861e-01 -1.807594152730285925e-04 3.158121842974795923e-01
3.083130293410339950e-01 5.345529926787067065e-01 3.202887451186769985e-01 1.877220717881822321e-02 -1.178072059855694298e-01 -3.646765131099005686e-02 8.566693600293026623e-02 6.570364479817852876e-02 -1.224512707192364630e-01 -4.200063101245024577e-02
-3.207793080148879650e-02 3.202887451186769985e-01 4.513370063410331312e-01 3.181688920598021442e-01 2.319697166803277172e-02 -1.182281834489375683e-01 -3.244604935017086911e-02 8.655314942473575635e-02 8.006742195844213095e-03 -1.119487940018049493e-01
-1.208372089517828485e-01 1.877220717881822321e-02 3.181688920598021442e-01 5.086058283569742100e-01 3.168656176939760316e-01 2.527280269956606873e-02 -1.118592002366660260e-01 -4.770509312678872238e-02 1.013554567320934796e-01 1.738473792780750177e-02
1.201453277595911431e-02 -1.178072059855694298e-01 2.319697166803277172e-02 3.168656176939760316e-01 4.477333714814203391e-01 3.196437300193112896e-01 4.652635451934253319e-02 -1.131701441453645679e-01 8.599724968499848458e-04 8.981912850681361693e-02
1.010589225147823511e-01 -3.646765131099005686e-02 -1.182281834489375683e-01 2.527280269956606873e-02 3.196437300193112896e-01 4.857274952513556121e-01 3.121608675836650137e-01 3.608293473641523835e-02 -1.239036242776482694e-01 -1.228999015905351405e-03
1.197985646903541174e-02 8.566693600293026623e-02 -3.244604935017086911e-02 -1.118592002366660260e-01 4.652635451934253319e-02 3.121608675836650137e-01 4.179523408072809421e-01 3.194745331691488666e-01 -3.218563290567534596e-02 -1.129128386750564428e-01
-1.186186883141469861e-01 6.570364479817852876e-02 8.655314942473575635e-02 -4.770509312678872238e-02 -1.131701441453645679e-01 3.608293473641523835e-02 3.194745331691488666e-01 5.589271150802850308e-01 3.062931037465965733e-01 -3.777334396539115680e-02
-1.807594152730285925e-04 -1.224512707192364630e-01 8.006742195844213095e-03 1.013554567320934796e-01 8.599724968499848458e-04 -1.239036242776482694e-01 -3.218563290567534596e-02 3.062931037465965733e-01 5.714839678249137300e-01 3.197119842404169132e-01
3.158121842974795923e-01 -4.200063101245024577e-02 -1.119487940018049493e-01 1.738473792780750177e-02 8.981912850681361693e-02 -1.228999015905351405e-03 -1.129128386750564428e-01 -3.777334396539115680e-02 3.197119842404169132e-01 4.336330727518644679e-01
5.199788177711009984e-01 3.255418070286495436e-01 -2.590219792878984198e-02 -1.201461245660004618e-01 2.535504610558714580e-02 9.926758967374481324e-02 -6.489880167068404204e-02 -1.139835127715431995e-01 5.506698495036979613e-02 3.008647917184482101e-01
3.255418070286495436e-01 5.202904043159224390e-01 3.151853342568433636e-01 -2.051674357023512696e-02 -1.154952736481179021e-01 -1.439494333943206351e-03 9.378835402726311277e-02 -7.332511400627538846e-03 -1.168317048729823060e-01 2.576760252366319670e-02
-2.590219792878984198e-02 3.151853342568433636e-01 5.084355397784048325e-01 3.199813951993653038e-01 -6.667862491627661418e-03 -1.218173710662435738e-01 5.148777620460660842e-02 9.404999546544734468e-02 -3.221401021217219773e-02 -1.132995120259071009e-01
-1.201461245660004618e-01 -2.051674357023512696e-02 3.199813951993653038e-01 5.413567600859404694e-01 3.156458824099306337e-01 2.368371870375059543e-03 -1.209177264861928947e-01 -4.975528613692517706e-03 9.702158405466881907e-02 2.080392084619091166e-04
2.535504610558714580e-02 -1.154952736481179021e-01 -6.667862491627661418e-03 3.156458824099306337e-01 4.369463589741201526e-01 3.177663738418557982e-01 -4.816512780410901751e-02 -1.161115066178439181e-01 2.363656637473327687e-02 9.021489706408378217e-02
9.926758967374481324e-02 -1.439494333943206351e-03 -1.218173710662435738e-01 2.368371870375059543e-03 3.177663738418557982e-01 5.972417959246019148e-01 3.072326123314295110e-01 -1.491734870812616229e-02 -1.155074453656693284e-01 8.759452456583714450e-03
-6.489880167068404204e-02 9.378835402726311277e-02 5.148777620460660842e-02 -1.209177264861928947e-01 -4.816512780410901751e-02 3.072326123314295110e-01 5.204437547908543626e-01 3.188334802093745757e-01 9.846235542380276165e-03 -1.167027478369942195e-01
-1.139835127715431995e-01 -7.332511400627538846e-03 9.404999546544734468e-02 -4.975528613692517706e-03 -1.161115066178439181e-01 -1.491734870812616229e-02 3.188334802093745757e-01 4.354872631657533133e-01 3.178100285616689558e-01 2.329712796696381538e-02
5.506698495036979613e-02 -1.168317048729823060e-01 -3.221401021217219773e-02 9.702158405466881907e-02 2.363656637473327687e-02 -1.155074453656693284e-01 9.846235542380276165e-03 3.178100285616689558e-01 5.636771915437774894e-01 3.113406256480128476e-01
3.008647917184482101e-01 2.576760252366319670e-02 -1.132995120259071009e-01 2.080392084619091166e-04 9.021489706408378217e-02 8.759452456583714450e-03 -1.167027478369942195e-01 2.329712796696381538e-02 3.113406256480128476e-01 3.561421136495195872e-01
4.995706238096203622e-01 3.172263638876386960e-01 -1.303755999155684249e-02 -1.197259029704671462e-01 -1.943170221227460970e-02 1.000779961482362868e-01 -3.081293810090861285e-02 -1.196154728087183150e-01 1.569072929066888181e-02 3.186195232904055485e-01
3.172263638876386960e-01 5.265636417464810703e-01 3.223001198325845529e-01 3.511913457350071543e-02 -1.151440158988533552e-01 -3.400879655869506156e-03 9.406181369405194892e-02 -6.661526788056028499e-03 -1.182999115608548146e-01 7.442138933578490607e-03
-1.303755999155684249e-02 3.223001198325845529e-01 4.641760292417324019e-01 3.094528326892060921e-01 4.227945887131831504e-02 -1.223685714683164505e-01 2.076444875448770280e-02 9.753103729600004490e-02 -2.652094662955193152e-03 -1.218873232074156598e-01
-1.197259029704671462e-01 3.511913457350071543e-02 3.094528326892060921e-01 4.279323283092194563e-01 3.212189454469267513e-01 -2.542381856728574696e-02 -1.117994350844680879e-01 2.497709355669412365e-02 9.355599735601005662e-02 -2.768978869371081786e-02
-1.943170221227460970e-02 -1.151440158988533552e-01 4.227945887131831504e-02 3.212189454469267513e-01 5.404753154892150135e-01 3.083233281349735400e-01 -7.514416942316726189e-02 -1.120007308242017552e-01 3.528146794488193350e-02 9.064889713974461083e-02
1.000779961482362868e-01 -3.400879655869506156e-03 -1.223685714683164505e-01 -2.542381856728574696e-02 3.083233281349735400e-01 5.917337097094279574e-01 3.141698018154781002e-01 -1.746827581991008266e-02 -1.216774378304875809e-01 8.814529841633901228e-03
-3.081293810090861285e-02 9.406181369405194892e-02 2.076444875448770280e-02 -1.117994350844680879e-01 -7.514416942316726189e-02 3.141698018154781002e-01 5.217981159161013682e-01 3.176573488292309122e-01 1.807709038887611239e-02 -1.184907935835249615e-01
