4.493694810662155481e-01 3.270506232179239414e-01 8.238709270097974158e-02 -6.839305703233158895e-02 -1.041324876549922229e-01 -9.492926424659995158e-03 9.987554804219085647e-02 6.018779436793207649e-02 -9.425416913199954894e-02 -2.983038905084295922e-01
3.270506232179239414e-01 4.508242443700364865e-01 2.988780669377725241e-01 1.200213890989824672e-01 -2.850356567683422215e-02 -9.133941580776097635e-02 -1.542799666139542912e-02 8.598207274928638955e-02 9.972811822308327856e-02 -6.007344008518397671e-02
8.238709270097974158e-02 2.988780669377725241e-01 3.344643104034863978e-01 2.669341344082042378e-01 1.406896154109975039e-01 -3.504338222113967394e-02 -1.064578568018711147e-01 -1.324041418744745929e-02 9.755626521539260965e-02 8.792251231374463571e-02
-6.839305703233158895e-02 1.200213890989824672e-01 2.669341344082042378e-01 3.304205988230939361e-01 2.956283619620387881e-01 1.075117903232652300e-01 -8.940324578519046050e-02 -9.624208826094834968e-02 2.409801765591694685e-03 9.694551213536871381e-02
-1.041324876549922229e-01 -2.850356567683422215e-02 1.406896154109975039e-01 2.956283619620387881e-01 3.995547838851439826e-01 3.058068263742642068e-01 6.205752876921238198e-02 -9.012836437135623990e-02 -9.527600606231591274e-02 1.550838581554352114e-02
-9.492926424659995158e-03 -9.133941580776097635e-02 -3.504338222113967394e-02 1.075117903232652300e-01 3.058068263742642068e-01 4.355909948235592299e-01 3.230744575153050580e-01 7.874328369072440548e-02 -7.983721892680269161e-02 -8.840124198712140391e-02
9.987554804219085647e-02 -1.542799666139542912e-02 -1.064578568018711147e-01 -8.940324578519046050e-02 6.205752876921238198e-02 3.230744575153050580e-01 4.573719621359352838e-01 2.985754955057341453e-01 1.036764048511335662e-01 -6.182015643627690460e-02
6.018779436793207649e-02 8.598207274928638955e-02 -1.324041418744745929e-02 -9.624208826094834968e-02 -9.012836437135623990e-02 7.874328369072440548e-02 2.985754955057341453e-01 3.455122435320612251e-01 2.908543248464337538e-01 1.108297886893277739e-01
-9.425416913199954894e-02 9.972811822308327856e-02 9.755626521539260965e-02 2.409801765591694685e-03 -9.527600606231591274e-02 -7.983721892680269161e-02 1.036764048511335662e-01 2.908543248464337538e-01 4.124025143574063246e-01 3.112426760258140135e-01
-2.983038905084295922e-01 -6.007344008518397671e-02 8.792251231374463571e-02 9.694551213536871381e-02 1.550838581554352114e-02 -8.840124198712140391e-02 -6.182015643627690460e-02 1.108297886893277739e-01 3.112426760258140135e-01 3.844888666030691349e-01
4.510524568699276760e-01 3.405840181143225953e-01 7.433949690142666045e-02 -1.097247658181317032e-01 -8.563897291999890415e-02 2.269536527720563551e-02 9.825018837135335303e-02 6.639222567559383004e-02 -8.876215344256169204e-02 -2.783383568277241205e-01
3.405840181143225953e-01 4.301214764850357364e-01 2.824361847130422154e-01 7.566499856308891991e-02 -6.767425180538534646e-02 -9.141482363609403083e-02 -2.357865737721658722e-03 9.001462150111787242e-02 8.650834472816798515e-02 -9.266676107107757465e-02
7.433949690142666045e-02 2.824361847130422154e-01 3.858623266762823412e-01 3.280357460698993810e-01 9.853161301348717371e-02 -7.558501597505377922e-02 -1.006105401997043347e-01 -1.509259389506332517e-02 8.909488577509548646e-02 6.638387632990352949e-02
-1.097247658181317032e-01 7.566499856308891991e-02 3.280357460698993810e-01 4.677324693955695056e-01 2.949097598715942348e-01 9.020384042986154260e-02 -6.484014283743780305e-02 -9.693939740792269222e-02 -1.930140886112290816e-02 8.859512563582674916e-02
-8.563897291999890415e-02 -6.767425180538534646e-02 9.853161301348717371e-02 2.949097598715942348e-01 3.319498606886917003e-01 2.868112263732117695e-01 1.221868907661285697e-01 -3.186859848982095261e-02 -9.843708254073882391e-02 -1.667543523573873643e-02
2.269536527720563551e-02 -9.141482363609403083e-02 -7.558501597505377922e-02 9.020384042986154260e-02 2.868112263732117695e-01 4.276954430875959945e-01 3.226740251192112829e-01 1.184579225847123829e-01 -7.091248433755639735e-02 -1.012600516739410456e-01
9.825018837135335303e-02 -2.357865737721658722e-03 -1.006105401997043347e-01 -6.484014283743780305e-02 1.221868907661285697e-01 3.226740251192112829e-01 3.580500471470037249e-01 2.612566378411715351e-01 1.005987042392416514e-01 -5.229260891226263780e-02
6.639222567559383004e-02 9.001462150111787242e-02 -1.509259389506332517e-02 -9.693939740792269222e-02 -3.186859848982095261e-02 1.184579225847123829e-01 2.612566378411715351e-01 3.471330592711941443e-01 3.228757040577307502e-01 1.072862071286947300e-01
-8.876215344256169204e-02 8.650834472816798515e-02 8.909488577509548646e-02 -1.930140886112290816e-02 -9.843708254073882391e-02 -7.091248433755639735e-02 1.005987042392416514e-01 3.228757040577307502e-01 4.786482848941006618e-01 3.004792690033117886e-01
-2.783383568277241205e-01 -9.266676107107757465e-02 6.638387632990352949e-02 8.859512563582674916e-02 -1.667543523573873643e-02 -1.012600516739410456e-01 -5.229260891226263780e-02 1.072862071286947300e-01 3.004792690033117886e-01 3.217545754846152239e-01
4.598504331415780300e-01 3.396281052764789643e-01 1.066629832718963694e-01 -5.316143203481161345e-02 -8.376486594171772548e-02 1.788563311746253423e-02 9.056492052523187897e-02 5.260217085676145710e-02 -9.312776020236124275e-02 -2.920724661986406345e-01
3.396281052764789643e-01 4.058770697921361137e-01 2.542167051368021680e-01 1.254252590921292598e-01 -5.451132346426587616e-02 -9.850472979781460525e-02 4.157147706853800244e-03 1.045113318411784176e-01 8.970995386226753021e-02 -8.410623564204690317e-02
1.066629832718963694e-01 2.542167051368021680e-01 2.682245092199195824e-01 2.792636942314734583e-01 9.356053917366077832e-02 -8.927103892574303479e-02 -8.674367225455618946e-02 2.048589269078568073e-02 1.008260951216752022e-01 5.748273734790611267e-02
-5.316143203481161345e-02 1.254252590921292598e-01 2.792636942314734583e-01 4.668044539777053137e-01 3.343302015468810340e-01 3.213056467705432268e-02 -1.183427374142861921e-01 -8.139343740029245100e-02 3.358708435554595695e-02 1.037811536084725511e-01
-8.376486594171772548e-02 -5.451132346426587616e-02 9.356053917366077832e-02 3.343302015468810340e-01 4.524464622632090594e-01 3.037933256758033607e-01 7.186043922601503819e-02 -7.132470262365385449e-02 -8.993413411351239284e-02 -8.703977870603039207e-03
1.788563311746253423e-02 -9.850472979781460525e-02 -8.927103892574303479e-02 3.213056467705432268e-02 3.037933256758033607e-01 4.499076189249611168e-01 3.208824103644655201e-01 1.025260336253998039e-01 -6.875279481043436447e-02 -1.061613018206767900e-01
9.056492052523187897e-02 4.157147706853800244e-03 -8.674367225455618946e-02 -1.183427374142861921e-01 7.186043922601503819e-02 3.208824103644655201e-01 3.853826612724787770e-01 2.810823382699470518e-01 1.112227853625899349e-01 -3.869659973918379570e-02
5.260217085676145710e-02 1.045113318411784176e-01 2.048589269078568073e-02 -8.139343740029245100e-02 -7.132470262365385449e-02 1.025260336253998039e-01 2.810823382699470518e-01 3.616948025607721329e-01 3.046523844029616068e-01 1.306632275642624352e-01
-9.312776020236124275e-02 8.970995386226753021e-02 1.008260951216752022e-01 3.358708435554595695e-02 -8.993413411351239284e-02 -6.875279481043436447e-02 1.112227853625899349e-01 3.046523844029616068e-01 3.951431512542215030e-01 2.948291531364898299e-01
-2.920724661986406345e-01 -8.410623564204690317e-02 5.748273734790611267e-02 1.037811536084725511e-01 -8.703977870603039207e-03 -1.061613018206767900e-01 -3.869659973918379570e-02 1.306632275642624352e-01 2.948291531364898299e-01 3.546688375930248105e-01
3.571081944143305043e-01 3.231559860003905826e-01 8.843842490590420047e-02 -9.012627185694879750e-02 -7.932013074843444200e-02 4.983545394218141800e-02 9.827321852049691886e-02 5.792293708964165594e-02 -9.876682242190856775e-02 -2.683400820249698393e-01
3.231559860003905826e-01 4.723721053453283081e-01 3.007555249524867524e-01 7.626472377843379613e-02 -8.590497499938196113e-02 -7.251790568760650701e-02 2.985345277029015712e-02 1.045465490562125233e-01 7.222785051614166729e-02 -1.107845120875862732e-01
8.843842490590420047e-02 3.007555249524867524e-01 3.641883482723569099e-01 3.039898908059536220e-01 7.954612728046692172e-02 -1.004938432007161098e-01 -8.951697464498542534e-02 -7.323118836390910512e-03 8.536567847162884748e-02 5.946829867917217960e-02
-9.012627185694879750e-02 7.626472377843379613e-02 3.039898908059536220e-01 4.614589867600280559e-01 3.183132316053046695e-01 3.890116193888127488e-02 -9.956740026418682554e-02 -1.067546017418693760e-01 -2.218066365348363850e-03 1.055227307602286391e-01
-7.932013074843444200e-02 -8.590497499938196113e-02 7.954612728046692172e-02 3.183132316053046695e-01 4.384758007452190798e-01 3.165861078610783808e-01 9.496764790414108370e-02 -4.272795595450406408e-02 -8.611958933080310352e-02 -8.950623502711519547e-03
4.983545394218141800e-02 -7.251790568760650701e-02 -1.004938432007161098e-01 3.890116193888127488e-02 3.165861078610783808e-01 4.551758280008108004e-01 2.989920061748955193e-01 1.378779483333366640e-01 -3.639783665780599309e-02 -1.092468693609756625e-01
9.827321852049691886e-02 2.985345277029015712e-02 -8.951697464498542534e-02 -9.956740026418682554e-02 9.496764790414108370e-02 2.989920061748955193e-01 2.969268104945110842e-01 2.479675512253522174e-01 1.159141371052233999e-01 -4.632744022485758839e-02
5.792293708964165594e-02 1.045465490562125233e-01 -7.323118836390910512e-03 -1.067546017418693760e-01 -4.272795595450406408e-02 1.378779483333366640e-01 2.479675512253522174e-01 3.380700363792540908e-01 3.128369610916402754e-01 1.104229408848497740e-01
-9.876682242190856775e-02 7.222785051614166729e-02 8.536567847162884748e-02 -2.218066365348363850e-03 -8.611958933080310352e-02 -3.639783665780599309e-02 1.159141371052233999e-01 3.128369610916402754e-01 4.558279591090155236e-01 3.152892459902214561e-01
-2.683400820249698393e-01 -1.107845120875862732e-01 5.946829867917217960e-02 1.055227307602286391e-01 -8.950623502711519547e-03 -1.092468693609756625e-01 -4.632744022485758839e-02 1.104229408848497740e-01 3.152892459902214561e-01 3.603959304791347074e-01
4.083583258307773578e-01 3.085120288317016457e-01 1.085427087308324934e-01 -4.965522523223192541e-02 -1.028770132267345788e-01 -2.179472779671252913e-02 9.404102251704053728e-02 8.320839445383636235e-02 -9.092373076990707681e-02 -3.015384394100641963e-01
3.085120288317016457e-01 3.937917631353836656e-01 2.954153536093019894e-01 1.258531572388851827e-01 -3.198382201958624438e-02 -9.746321833025445303e-02 -1.480827555906960927e-02 9.071899772012584351e-02 7.608796712308991961e-02 -9.852907068412807001e-02
1.085427087308324934e-01 2.954153536093019894e-01 3.581004103762756019e-01 2.838817032551479991e-01 1.301690627754546470e-01 -5.185663543416918486e-02 -1.035178581212926052e-01 -8.678564349071011402e-03 1.000371317851277142e-01 6.449895622671145134e-02
-4.965522523223192541e-02 1.258531572388851827e-01 2.838817032551479991e-01 3.464242020660360799e-01 2.908102567218129320e-01 1.007237430788288368e-01 -8.117574737663663109e-02 -9.688599515202894752e-02 1.942451386420917733e-02 1.048273616431841526e-01
-1.028770132267345788e-01 -3.198382201958624438e-02 1.301690627754546470e-01 2.908102567218129320e-01 3.943239471227966697e-01 3.127206524006788113e-01 7.539357419134563865e-02 -8.964707765894068536e-02 -8.339371401515247029e-02 3.438776976559796555e-02
-2.179472779671252913e-02 -9.746321833025445303e-02 -5.185663543416918486e-02 1.007237430788288368e-01 3.127206524006788113e-01 4.462156059436348521e-01 3.140966994706223536e-01 7.822670161236999764e-02 -9.036205751135398256e-02 -8.449895688304173702e-02
9.404102251704053728e-02 -1.480827555906960927e-02 -1.035178581212926052e-01 -8.117574737663663109e-02 7.539357419134563865e-02 3.140966994706223536e-01 4.133662925138653632e-01 3.027880210813457262e-01 8.228998068488782569e-02 -8.403336166910709004e-02
8.320839445383636235e-02 9.071899772012584351e-02 -8.678564349071011402e-03 -9.688599515202894752e-02 -8.964707765894068536e-02 7.822670161236999764e-02 3.027880210813457262e-01 4.119716672717214090e-01 3.142901805708374074e-01 8.249800078714200624e-02
-9.092373076990707681e-02 7.608796712308991961e-02 1.000371317851277142e-01 1.942451386420917733e-02 -8.339371401515247029e-02 -9.036205751135398256e-02 8.228998068488782569e-02 3.142901805708374074e-01 4.356286024184797268e-01 3.071868726026475427e-01
-3.015384394100641963e-01 -9.852907068412807001e-02 6.449895622671145134e-02 1.048273616431841526e-01 3.438776976559796555e-02 -8.449895688304173702e-02 -8.403336166910709004e-02 8.249800078714200624e-02 3.071868726026475427e-01 3.918191833210278308e-01
3.244380071550323485e-01 3.204316451476784122e-01 1.260496440236447691e-01 -2.531287793454489385e-02 -8.783769759884545170e-02 -1.279577234971239486e-02 7.890304258547484184e-02 6.433894905918677298e-02 -8.807001518224669145e-02 -2.625508772977179772e-01
3.204316451476784122e-01 4.660472197300553066e-01 2.774372347833526375e-01 1.229295082484415658e-01 -7.201218351765276138e-02 -1.076160571682825834e-01 -2.005887098301385035e-02 1.000288490996093377e-01 8.595297460270531764e-02 -1.126265562481126303e-01
1.260496440236447691e-01 2.774372347833526375e-01 2.492156941483834043e-01 2.493390680682049387e-01 9.126966166853869855e-02 -5.644906615999474575e-02 -8.787130493458518432e-02 7.141215239300674131e-03 9.114086735521761962e-02 2.864292217869108398e-02
-2.531287793454489385e-02 1.229295082484415658e-01 2.493390680682049387e-01 4.502576675133572737e-01 3.544297273753267419e-01 8.017143156630585077e-02 -1.011415512384813142e-01 -9.155189230067369011e-02 3.616559341252392756e-02 1.018100920405063531e-01
-8.783769759884545170e-02 -7.201218351765276138e-02 9.126966166853869855e-02 3.544297273753267419e-01 4.527225056616230314e-01 2.768234838998060443e-01 8.542628199166230063e-02 -6.197441556452424477e-02 -7.781811433585109072e-02 1.806376963388386936e-02
-1.279577234971239486e-02 -1.076160571682825834e-01 -5.644906615999474575e-02 8.017143156630585077e-02 2.768234838998060443e-01 3.408712860311908788e-01 3.055598471760843649e-01 1.098005684458565473e-01 -7.993408604003013340e-02 -9.759589785985187116e-02
7.890304258547484184e-02 -2.005887098301385035e-02 -8.787130493458518432e-02 -1.011415512384813142e-01 8.542628199166230063e-02 3.055598471760843649e-01 4.511793477963818577e-01 3.176114456824639665e-01 5.649719960547949088e-02 -1.081978670618732874e-01
6.433894905918677298e-02 1.000288490996093377e-01 7.141215239300674131e-03 -9.155189230067369011e-02 -6.197441556452424477e-02 1.098005684458565473e-01 3.176114456824639665e-01 3.958884764804164180e-01 2.955186470865344139e-01 8.056537078489536818e-02
-8.807001518224669145e-02 8.595297460270531764e-02 9.114086735521761962e-02 3.616559341252392756e-02 -7.781811433585109072e-02 -7.993408604003013340e-02 5.649719960547949088e-02 2.955186470865344139e-01 4.609877800632041223e-01 3.378065206192368830e-01
-2.625508772977179772e-01 -1.126265562481126303e-01 2.864292217869108398e-02 1.018100920405063531e-01 1.806376963388386936e-02 -9.759589785985187116e-02 -1.081978670618732874e-01 8.056537078489536818e-02 3.378065206192368830e-01 4.083920154203603547e-01
4.313932116109658876e-01 3.119781170840406626e-01 9.142882616679805230e-02 -8.737731110472408969e-02 -9.918908857292038639e-02 2.172975079035652235e-02 1.022670238188480574e-01 6.988454036164251648e-02 -9.236087462992548236e-02 -3.023103793428543185e-01
3.119781170840406626e-01 3.727493039289306864e-01 2.885913564972038547e-01 9.275934356602080766e-02 -5.986706496953884959e-02 -8.119898442046719067e-02 3.099028365881689034e-02 1.060496937198965317e-01 6.605265087153082415e-02 -1.102601783914122502e-01
9.142882616679805230e-02 2.885913564972038547e-01 4.214641685800201154e-01 3.265752486001933241e-01 1.024482271105996434e-01 -9.635043952409894086e-02 -8.372551263956004575e-02 9.731397627536893247e-03 9.248841641882943332e-02 6.165153163742793235e-02
-8.737731110472408969e-02 9.275934356602080766e-02 3.265752486001933241e-01 4.107140073959479887e-01 2.857159601672486504e-01 6.122583243760235105e-02 -8.959877590995711516e-02 -9.899077531253643036e-02 -5.000820523806389327e-03 9.769873952709927367e-02
-9.918908857292038639e-02 -5.986706496953884959e-02 1.024482271105996434e-01 2.857159601672486504e-01 3.792639628202579272e-01 3.222521126666173519e-01 7.143956407758639271e-02 -7.821158770235529800e-02 -9.472255841372351215e-02 6.486293558886239985e-03
2.172975079035652235e-02 -8.119898442046719067e-02 -9.635043952409894086e-02 6.122583243760235105e-02 3.222521126666173519e-01 5.273748494473691206e-01 3.116432165219189532e-01 9.777152656799123487e-02 -5.843968884620681647e-02 -9.372427184512659160e-02
1.022670238188480574e-01 3.099028365881689034e-02 -8.372551263956004575e-02 -8.959877590995711516e-02 7.143956407758639271e-02 3.116432165219189532e-01 3.233327894847610740e-01 2.595849079764797618e-01 1.293622601451772380e-01 -3.019866112477818249e-02
6.988454036164251648e-02 1.060496937198965317e-01 9.731397627536893247e-03 -9.899077531253643036e-02 -7.821158770235529800e-02 9.777152656799123487e-02 2.595849079764797618e-01 3.577700057671848177e-01 3.180032561266995517e-01 1.174101904895381854e-01
-9.236087462992548236e-02 6.605265087153082415e-02 9.248841641882943332e-02 -5.000820523806389327e-03 -9.472255841372351215e-02 -5.843968884620681647e-02 1.293622601451772380e-01 3.180032561266995517e-01 4.148366633017043226e-01 2.912370424421837356e-01
-3.023103793428543185e-01 -1.102601783914122502e-01 6.165153163742793235e-02 9.769873952709927367e-02 6.486293558886239985e-03 -9.372427184512659160e-02 -3.019866112477818249e-02 1.174101904895381854e-01 2.912370424421837356e-01 3.611010376628511209e-01
3.686009371832202897e-01 3.150485571594228151e-01 7.382172511903983825e-02 -8.528930213597679666e-02 -9.391848282797463088e-02 1.195846304845704124e-02 9.923174163764478251e-02 6.126651766440367047e-02 -1.070657249904397035e-01 -2.846564553441939260e-01
3.150485571594228151e-01 4.849331138242784500e-01 3.151186427757906028e-01 8.991809693466876197e-02 -6.753952206718789875e-02 -9.418868141487139745e-02 2.357311329826620831e-03 9.550248249127857303e-02 7.321859582073333983e-02 -9.314398542096860578e-02
7.382172511903983825e-02 3.151186427757906028e-01 3.774495279019211003e-01 2.883546470568814080e-01 1.172036535616743647e-01 -5.317235191863910193e-02 -9.906400774964151112e-02 -2.020440126923532531e-02 8.777078191499415594e-02 8.259165789600100838e-02
-8.528930213597679666e-02 8.991809693466876197e-02 2.883546470568814080e-01 3.759120900727334624e-01 3.012784507116786914e-01 1.053856234941803055e-01 -7.449097632297640992e-02 -1.076401505460054947e-01 -2.546204779206301307e-03 1.055717841461097095e-01
-9.391848282797463088e-02 -6.753952206718789875e-02 1.172036535616743647e-01 3.012784507116786914e-01 3.892025318844037352e-01 3.044032592774662538e-01 9.064160715620631081e-02 -7.021764543943527503e-02 -9.001501262512637269e-02 7.465403446850123539e-03
1.195846304845704124e-02 -9.418868141487139745e-02 -5.317235191863910193e-02 1.053856234941803055e-01 3.044032592774662538e-01 4.208265026325743730e-01 3.089938917117842077e-01 1.050200736427974874e-01 -7.034913916542531731e-02 -1.021282451778307288e-01
9.923174163764478251e-02 2.357311329826620831e-03 -9.906400774964151112e-02 -7.449097632297640992e-02 9.064160715620631081e-02 3.089938917117842077e-01 3.888628097459490007e-01 2.971706217251094406e-01 9.544045604723194742e-02 -7.327269655669123305e-02
6.126651766440367047e-02 9.550248249127857303e-02 -2.020440126923532531e-02 -1.076401505460054947e-01 -7.021764543943527503e-02 1.050200736427974874e-01 2.971706217251094406e-01 3.913211246108768693e-01 3.051091080903083341e-01 9.990186206317591688e-02
-1.070657249904397035e-01 7.321859582073333983e-02 8.777078191499415594e-02 -2.546204779206301307e-03 -9.001501262512637269e-02 -7.034913916542531731e-02 9.544045604723194742e-02 3.051091080903083341e-01 4.177001693852343545e-01 3.119306719342153089e-01
-2.846564553441939260e-01 -9.314398542096860578e-02 8.259165789600100838e-02 1.055717841461097095e-01 7.465403446850123539e-03 -1.021282451778307288e-01 -7.327269655669123305e-02 9.990186206317591688e-02 3.119306719342153089e-01 3.851911927588111961e-01
4.653525775466666459e-01 3.132194055284053813e-01 1.065698896164276738e-01 -6.615008883089845693e-02 -8.030462261279038005e-02 2.330879000337228793e-02 9.373056547061892063e-02 5.770021944863701346e-02 -1.057584524101991830e-01 -3.135263634281961753e-01
3.132194055284053813e-01 3.427764907065536937e-01 2.628575632432753606e-01 1.096290110152749464e-01 -7.675682021383423148e-02 -9.520964321397532015e-02 1.161381974707280385e-02 1.050765735813140311e-01 5.594166707460163090e-02 -1.066230705810592011e-01
1.065698896164276738e-01 2.628575632432753606e-01 3.536048754680168882e-01 3.227203839029973986e-01 5.667470115082300086e-02 -1.146945001598697056e-01 -8.384642971639541531e-02 3.639909527077490881e-02 1.019427202681948003e-01 5.530600113897646275e-02
-6.615008883089845693e-02 1.096290110152749464e-01 3.227203839029973986e-01 4.969077772526709902e-01 3.104295400122188409e-01 4.031838724723517398e-02 -9.095069447364736992e-02 -7.742669489133073568e-02 2.605261946476388965e-02 9.939883232866891793e-02
-8.030462261279038005e-02 -7.675682021383423148e-02 5.667470115082300086e-02 3.104295400122188409e-01 4.393634464092112668e-01 3.200759957736618033e-01 9.984202038416491176e-02 -7.196742634737599009e-02 -9.908084083132276398e-02 -2.463405627523357344e-02
2.330879000337228793e-02 -9.520964321397532015e-02 -1.146945001598697056e-01 4.031838724723517398e-02 3.200759957736618033e-01 4.241464132580715085e-01 2.935801742103028023e-01 9.532618647854113059e-02 -6.668722640948254732e-02 -1.053249428086870665e-01
9.373056547061892063e-02 1.161381974707280385e-02 -8.384642971639541531e-02 -9.095069447364736992e-02 9.984202038416491176e-02 2.935801742103028023e-01 3.543019068807440330e-01 2.981001993404944761e-01 1.127556980821884380e-01 -3.810498882551055511e-02
5.770021944863701346e-02 1.050765735813140311e-01 3.639909527077490881e-02 -7.742669489133073568e-02 -7.196742634737599009e-02 9.532618647854113059e-02 2.981001993404944761e-01 4.340682740512037951e-01 3.144049480461221791e-01 1.250134719986635834e-01
-1.057584524101991830e-01 5.594166707460163090e-02 1.019427202681948003e-01 2.605261946476388965e-02 -9.908084083132276398e-02 -6.668722640948254732e-02 1.127556980821884380e-01 3.144049480461221791e-01 3.444563082409556887e-01 2.628982082467165027e-01
-3.135263634281961753e-01 -1.066230705810592011e-01 5.530600113897646275e-02 9.939883232866891793e-02 -2.463405627523357344e-02 -1.053249428086870665e-01 -3.810498882551055511e-02 1.250134719986635834e-01 2.628982082467165027e-01 3.450219301859044907e-01
4.308368632630157347e-01 2.744580267884266234e-01 7.862858634755101606e-02 -6.162234784202100246e-02 -1.068029271618699261e-01 -1.579318517377033271e-02 9.717917428728881091e-02 1.069468107657730593e-01 -8.202752176648928084e-02 -3.374262407370261507e-01
2.744580267884266234e-01 3.540802803528285692e-01 3.295966342627190127e-01 1.003834286300474971e-01 -5.666438777403770555e-02 -8.917810185210667262e-02 -1.492167235889372938e-02 7.893590745582114432e-02 6.567750408074929380e-02 -8.556744170382152292e-02
7.862858634755101606e-02 3.295966342627190127e-01 5.092582326614778498e-01 2.874054652888740069e-01 1.102983496069931679e-01 -5.337680487685095287e-02 -1.054233509549210024e-01 -3.624038289274143093e-02 8.866205445791709716e-02 1.023447209014449466e-01
-6.162234784202100246e-02 1.003834286300474971e-01 2.874054652888740069e-01 2.675236756585960274e-01 2.556684533790329894e-01 1.191317372343522335e-01 -2.687083253964907617e-02 -9.009233191778232008e-02 -1.757712649773299912e-02 8.289111661609721571e-02
-1.068029271618699261e-01 -5.666438777403770555e-02 1.102983496069931679e-01 2.556684533790329894e-01 4.208832384812476457e-01 3.357128941654137222e-01 1.231514391094926941e-01 -7.173418339701129187e-02 -1.084367711533033574e-01 3.604152181646665815e-03
-1.579318517377033271e-02 -8.917810185210667262e-02 -5.337680487685095287e-02 1.191317372343522335e-01 3.357128941654137222e-01 3.849396007638157258e-01 2.711308338114840621e-01 9.279773041977880388e-02 -6.303723870244050398e-02 -8.185930670050853286e-02
9.717917428728881091e-02 -1.492167235889372938e-02 -1.054233509549210024e-01 -2.687083253964907617e-02 1.231514391094926941e-01 2.711308338114840621e-01 3.457731988893487651e-01 3.057702844440677303e-01 1.063005120917042828e-01 -7.613425756444736070e-02
1.069468107657730593e-01 7.893590745582114432e-02 -3.624038289274143093e-02 -9.009233191778232008e-02 -7.173418339701129187e-02 9.279773041977880388e-02 3.057702844440677303e-01 4.517398505708685175e-01 3.204337629772350260e-01 6.428013896676285088e-02
-8.202752176648928084e-02 6.567750408074929380e-02 8.866205445791709716e-02 -1.757712649773299912e-02 -1.084367711533033574e-01 -6.303723870244050398e-02 1.063005120917042828e-01 3.204337629772350260e-01 3.970597768780392833e-01 2.905424286826530089e-01
-3.374262407370261507e-01 -8.556744170382152292e-02 1.023447209014449466e-01 8.289111661609721571e-02 3.604152181646665815e-03 -8.185930670050853286e-02 -7.613425756444736070e-02 6.428013896676285088e-02 2.905424286826530089e-01 4.379052824807668221e-01
3.250524626164948971e-01 2.646307712488428221e-01 1.175535751583108995e-01 -5.697933618870079653e-02 -1.007908785074714542e-01 -2.885762298904658366e-02 8.027157037092316760e-02 9.461214838965723017e-02 -1.002765404047439163e-01 -3.011679755681548887e-01
2.646307712488428221e-01 3.515158239284587594e-01 3.096181706422603264e-01 9.545010670469497582e-02 -7.872525648063495585e-02 -1.107330326771168716e-01 -1.683847177731470288e-02 9.915252737313201559e-02 4.834159516272809598e-02 -1.277572635864418771e-01
1.175535751583108995e-01 3.096181706422603264e-01 4.421239886756299642e-01 3.149614014754920643e-01 8.376838453493853920e-02 -7.046139727029290811e-02 -9.392450422278435240e-02 6.892581532342014709e-04 9.334744321597195083e-02 4.329828726458779392e-02
-5.697933618870079653e-02 9.545010670469497582e-02 3.149614014754920643e-01 4.066443744382347569e-01 2.941977166886525774e-01 1.236354162250295347e-01 -3.648561840645217491e-02 -9.950748708741734283e-02 5.251731599644625555e-03 1.021718797614063617e-01
-1.007908785074714542e-01 -7.872525648063495585e-02 8.376838453493853920e-02 2.941977166886525774e-01 3.666769549477237877e-01 2.977516547907962940e-01 1.215948488771919911e-01 -6.735674747920139538e-02 -9.004805096181739410e-02 2.253487871124579267e-02
-2.885762298904658366e-02 -1.107330326771168716e-01 -7.046139727029290811e-02 1.236354162250295347e-01 2.977516547907962940e-01 3.697917088094661020e-01 2.864719962545792531e-01 8.866397010110631249e-02 -9.013107840401536619e-02 -8.458004899059307080e-02
8.027157037092316760e-02 -1.683847177731470288e-02 -9.392450422278435240e-02 -3.648561840645217491e-02 1.215948488771919911e-01 2.864719962545792531e-01 3.804550567570328390e-01 3.180387539649572881e-01 5.588884137469093960e-02 -1.085106830897662189e-01
9.461214838965723017e-02 9.915252737313201559e-02 6.892581532342014709e-04 -9.950748708741734283e-02 -6.735674747920139538e-02 8.866397010110631249e-02 3.180387539649572881e-01 4.942237603008709512e-01 3.145579451066514709e-01 4.504750041573292452e-02
-1.002765404047439163e-01 4.834159516272809598e-02 9.334744321597195083e-02 5.251731599644625555e-03 -9.004805096181739410e-02 -9.013107840401536619e-02 5.588884137469093960e-02 3.145579451066514709e-01 4.257596626766973480e-01 3.142327045437015021e-01
-3.011679755681548887e-01 -1.277572635864418771e-01 4.329828726458779392e-02 1.021718797614063617e-01 2.253487871124579267e-02 -8.458004899059307080e-02 -1.085106830897662189e-01 4.504750041573292452e-02 3.142327045437015021e-01 4.377562068493987546e-01
4.430229352032021284e-01 2.982336510766192550e-01 4.951580139457546076e-02 -1.015393088363009816e-01 -8.851240356252930430e-02 2.256567138735934841e-02 1.075054442509516539e-01 5.255755656083890143e-02 -1.142278701327657520e-01 -3.205236420554714027e-01
2.982336510766192550e-01 3.911790225204476723e-01 3.204005880157161368e-01 4.926490013715732058e-02 -1.003969113560391202e-01 -8.147091776451637068e-02 2.301865810145526520e-02 9.501049604875871912e-02 5.755919227620021061e-02 -9.273356717886141465e-02
4.951580139457546076e-02 3.204005880157161368e-01 5.383418948370022328e-01 3.122199089644438486e-01 7.457842501333239449e-02 -7.384289940306396072e-02 -9.577778266639605520e-02 -1.176301100170082988e-03 9.438261702867135894e-02 1.013169125753811406e-01
-1.015393088363009816e-01 4.926490013715732058e-02 3.122199089644438486e-01 3.607975737702790453e-01 2.900378181755223217e-01 1.181842926137303823e-01 -4.325282355249877170e-02 -9.601907971535597608e-02 -3.688057150291366992e-02 6.595341606970321624e-02
-8.851240356252930430e-02 -1.003969113560391202e-01 7.457842501333239449e-02 2.900378181755223217e-01 4.047407588284634428e-01 3.062084666428298574e-01 1.144917426580898678e-01 -6.759126981716943872e-02 -1.179119817406050208e-01 -4.037373186261501712e-02
2.256567138735934841e-02 -8.147091776451637068e-02 -7.384289940306396072e-02 1.181842926137303823e-01 3.062084666428298574e-01 3.609631908849728621e-01 2.896024799448966291e-01 1.009249466846454529e-01 -4.813288873171920473e-02 -9.201998816609982534e-02
1.075054442509516539e-01 2.301865810145526520e-02 -9.577778266639605520e-02 -4.325282355249877170e-02 1.144917426580898678e-01 2.896024799448966291e-01 4.067515997148935525e-01 3.108837155831647436e-01 1.301907488543227187e-01 -3.686708934998714909e-02
5.255755656083890143e-02 9.501049604875871912e-02 -1.176301100170082988e-03 -9.601907971535597608e-02 -6.759126981716943872e-02 1.009249466846454529e-01 3.108837155831647436e-01 3.761485580541136797e-01 2.870257670307347908e-01 1.186305358831629408e-01
-1.142278701327657520e-01 5.755919227620021061e-02 9.438261702867135894e-02 -3.688057150291366992e-02 -1.179119817406050208e-01 -4.813288873171920473e-02 1.301907488543227187e-01 2.870257670307347908e-01 3.419715017787311462e-01 2.780795665886240386e-01
-3.205236420554714027e-01 -9.273356717886141465e-02 1.013169125753811406e-01 6.595341606970321624e-02 -4.037373186261501712e-02 -9.201998816609982534e-02 -3.686708934998714909e-02 1.186305358831629408e-01 2.780795665886240386e-01 3.760829644078940159e-01
4.992414234280440621e-01 3.223031358092095511e-01 8.226113984189453721e-02 -6.685358494379445293e-02 -1.027868759503996476e-01 -1.658250694114254964e-02 8.786747331417836537e-02 1.038978589926088381e-01 -4.174012172454501929e-02 -3.114280395991765316e-01
3.223031358092095511e-01 4.037820310168501736e-01 2.916090343636936200e-01 1.242460764409471508e-01 -2.679317614327991759e-02 -9.336492033269652713e-02 -5.488223134066566589e-02 5.290009491645973616e-02 1.122425822059474193e-01 -4.818486283848647661e-02
8.226113984189453721e-02 2.916090343636936200e-01 3.548163929290918395e-01 2.807796668139074248e-01 1.378788979342804866e-01 -3.625659009991318016e-02 -1.166437414618484436e-01 -5.484970704808165426e-02 8.098202080940053449e-02 9.488672788782534506e-02
-6.685358494379445293e-02 1.242460764409471508e-01 2.807796668139074248e-01 3.383889668211752522e-01 2.943054532518765698e-01 1.148233871252232474e-01 -4.563675129288240206e-02 -9.648162339795732234e-02 -2.224195399114127850e-02 9.039463911757916748e-02
-1.027868759503996476e-01 -2.679317614327991759e-02 1.378788979342804866e-01 2.943054532518765698e-01 3.967961499758506094e-01 2.970872997250730840e-01 1.261596539335465006e-01 -3.832595790118632773e-02 -1.028952659331557884e-01 9.475240149321622132e-04
-1.658250694114254964e-02 -9.336492033269652713e-02 -3.625659009991318016e-02 1.148233871252232474e-01 2.970872997250730840e-01 3.580986150599937967e-01 2.937453463477999183e-01 1.201084217011034183e-01 -6.123150388366180308e-02 -9.031266360765725920e-02
8.786747331417836537e-02 -5.488223134066566589e-02 -1.166437414618484436e-01 -4.563675129288240206e-02 1.261596539335465006e-01 2.937453463477999183e-01 3.757489808909777462e-01 2.887414142453318400e-01 9.480391084237851929e-02 -8.708023265135722557e-02
1.038978589926088381e-01 5.290009491645973616e-02 -5.484970704808165426e-02 -9.648162339795732234e-02 -3.832595790118632773e-02 1.201084217011034183e-01 2.887414142453318400e-01 3.716288370929477503e-01 3.136830534232535328e-01 6.468740546344428632e-02
-4.174012172454501929e-02 1.122425822059474193e-01 8.098202080940053449e-02 -2.224195399114127850e-02 -1.028952659331557884e-01 -6.123150388366180308e-02 9.480391084237851929e-02 3.136830534232535328e-01 4.871786674783012416e-01 3.161442778994866254e-01
-3.114280395991765316e-01 -4.818486283848647661e-02 9.488672788782534506e-02 9.039463911757916748e-02 9.475240149321622132e-04 -9.031266360765725920e-02 -8.708023265135722557e-02 6.468740546344428632e-02 3.161442778994866254e-01 4.143199353067660295e-01
3.539888631554464760e-01 3.010532575516897680e-01 1.251454279454826402e-01 -6.951574870967092146e-02 -9.399603984137343271e-02 1.422271625429380459e-02 1.006251243894484421e-01 5.690755601928523810e-02 -9.760000375028556052e-02 -2.830505710810066189e-01
3.010532575516897680e-01 3.890826875596347656e-01 2.931612195133260768e-01 7.851322672398511338e-02 -9.624419147480751946e-02 -8.589653229353412522e-02 3.770480515603276406e-02 1.093701470469041759e-01 6.834089249726459092e-02 -1.191467761476988213e-01
1.251454279454826402e-01 2.931612195133260768e-01 3.769735918578451805e-01 3.116340355776117121e-01 6.084883680569636022e-02 -9.537201758437507948e-02 -7.449425589504864165e-02 2.882188994252313230e-02 9.962048222035016498e-02 3.570609518932327253e-02
-6.951574870967092146e-02 7.851322672398511338e-02 3.116340355776117121e-01 5.026758031260672999e-01 3.221814882795791535e-01 5.754749548778988200e-02 -1.028222442053334240e-01 -9.256049294044126075e-02 2.099537920301874482e-03 9.454419818768369788e-02
-9.399603984137343271e-02 -9.624419147480751946e-02 6.084883680569636022e-02 3.221814882795791535e-01 4.017705649534680235e-01 2.959309440884182463e-01 8.912926850111813071e-02 -5.903720408426475774e-02 -9.776042651674210493e-02 -6.090765406390672571e-03
1.422271625429380459e-02 -8.589653229353412522e-02 -9.537201758437507948e-02 5.754749548778988200e-02 2.959309440884182463e-01 4.317285753138813686e-01 3.254329552756150545e-01 1.113960990094540332e-01 -5.771859151762202822e-02 -9.847735769986698529e-02
1.006251243894484421e-01 3.770480515603276406e-02 -7.449425589504864165e-02 -1.028222442053334240e-01 8.912926850111813071e-02 3.254329552756150545e-01 3.975466804317013270e-01 2.754597459281965532e-01 1.146531611421652830e-01 -5.248606031734022459e-02
5.690755601928523810e-02 1.093701470469041759e-01 2.882188994252313230e-02 -9.256049294044126075e-02 -5.903720408426475774e-02 1.113960990094540332e-01 2.754597459281965532e-01 3.221294200878423442e-01 2.905247688995206135e-01 1.120577210933773327e-01
-9.760000375028556052e-02 6.834089249726459092e-02 9.962048222035016498e-02 2.099537920301874482e-03 -9.776042651674210493e-02 -5.771859151762202822e-02 1.146531611421652830e-01 2.905247688995206135e-01 4.270648071410315105e-01 3.221214406170186950e-01
-2.830505710810066189e-01 -1.191467761476988213e-01 3.570609518932327253e-02 9.454419818768369788e-02 -6.090765406390672571e-03 -9.847735769986698529e-02 -5.248606031734022459e-02 1.120577210933773327e-01 3.221214406170186950e-01 3.970390063730782071e-01
3.894768251605231213e-01 3.119769533092352498e-01 8.933049423628408592e-02 -8.860098431756138759e-02 -1.088018048312744124e-01 -1.038104378036211126e-02 1.038591129645187183e-01 7.260659878917827270e-02 -8.520434345459401704e-02 -2.885055672877217536e-01
3.119769533092352498e-01 4.173433186729872402e-01 3.058517765222024121e-01 8.158238297044657916e-02 -6.648704423857679235e-02 -9.092309229684727989e-02 1.256910123484922953e-02 9.593295465087284257e-02 8.176354429553797654e-02 -1.035041775883454168e-01
8.933049423628408592e-02 3.058517765222024121e-01 4.242336359900156229e-01 3.119671790187056315e-01 1.199227518646242413e-01 -4.993028417829215027e-02 -9.928884950960176203e-02 -1.298699132696888581e-02 8.840306045259807566e-02 6.665422899020129188e-02
-8.860098431756138759e-02 8.158238297044657916e-02 3.119671790187056315e-01 3.837582740204213971e-01 2.855919196731004917e-01 1.093682354952890817e-01 -7.464457262257034875e-02 -1.010056753783119127e-01 -2.033470173655479996e-02 9.475308252682153320e-02
-1.088018048312744124e-01 -6.648704423857679235e-02 1.199227518646242413e-01 2.855919196731004917e-01 3.427889442913115703e-01 2.908601528639588318e-01 9.082399192457846215e-02 -6.585094017427692292e-02 -1.015746583848309431e-01 1.345119814552248050e-02
-1.038104378036211126e-02 -9.092309229684727989e-02 -4.993028417829215027e-02 1.093682354952890817e-01 2.908601528639588318e-01 4.365406034671568403e-01 3.321104420787039935e-01 9.383685108041282807e-02 -7.650011602166008340e-02 -8.490511738328648805e-02
1.038591129645187183e-01 1.256910123484922953e-02 -9.928884950960176203e-02 -7.464457262257034875e-02 9.082399192457846215e-02 3.321104420787039935e-01 4.274065283298158491e-01 2.789304407916347595e-01 1.048253421396653645e-01 -6.708375957576094561e-02
7.260659878917827270e-02 9.593295465087284257e-02 -1.298699132696888581e-02 -1.010056753783119127e-01 -6.585094017427692292e-02 9.383685108041282807e-02 2.789304407916347595e-01 3.246857042216411138e-01 2.991152357810243911e-01 9.486954818723936089e-02
-8.520434345459401704e-02 8.176354429553797654e-02 8.840306045259807566e-02 -2.033470173655479996e-02 -1.015746583848309431e-01 -7.650011602166008340e-02 1.048253421396653645e-01 2.991152357810243911e-01 4.652483055267573331e-01 3.216308256173482372e-01
-2.885055672877217536e-01 -1.035041775883454168e-01 6.665422899020129188e-02 9.475308252682153320e-02 1.345119814552248050e-02 -8.490511738328648805e-02 -6.708375957576094561e-02 9.486954818723936089e-02 3.216308256173482372e-01 3.885178603193782942e-01
3.978386114722018974e-01 2.629852853083367581e-01 1.187831571390962487e-01 -3.439118606973608216e-02 -9.709319033212601702e-02 -2.944205590677862264e-02 8.278502643314122889e-02 8.108708924340980728e-02 -1.017268956838484201e-01 -3.387609787413227158e-01
2.629852853083367581e-01 3.061428092757437769e-01 2.923544376438340087e-01 1.260975836898832747e-01 -4.999338675709588675e-02 -1.048401267526835323e-01 -1.348550113089644689e-02 9.889861486041380545e-02 4.906237187462508809e-02 -1.060387303817994786e-01
1.187831571390962487e-01 2.923544376438340087e-01 4.266135990177695736e-01 3.135964453629517257e-01 9.600912269944260335e-02 -8.186092549137555241e-02 -9.568422955866463797e-02 2.809298806237947588e-02 1.019508717213367666e-01 6.394351544272952603e-02
-3.439118606973608216e-02 1.260975836898832747e-01 3.135964453629517257e-01 3.675006219013648989e-01 2.844112256940770633e-01 9.935111474342581128e-02 -5.988421931932055159e-02 -8.269793809036643517e-02 2.027295957060408146e-02 9.908622572891288838e-02
-9.709319033212601702e-02 -4.999338675709588675e-02 9.600912269944260335e-02 2.844112256940770633e-01 4.088305984944901050e-01 3.240549330972039010e-01 9.432124418783471853e-02 -1.060711095103658574e-01 -8.903121717741968588e-02 1.707009338464414439e-02
-2.944205590677862264e-02 -1.048401267526835323e-01 -8.186092549137555241e-02 9.935111474342581128e-02 3.240549330972039010e-01 4.150897227778608256e-01 2.920243317956330298e-01 5.365081555374107830e-02 -8.529261373420210512e-02 -8.703996498424097783e-02
8.278502643314122889e-02 -1.348550113089644689e-02 -9.568422955866463797e-02 -5.988421931932055159e-02 9.432124418783471853e-02 2.920243317956330298e-01 4.128251620963123703e-01 3.300375314763969725e-01 8.202219817925578138e-02 -8.137881667900205562e-02
