4.917638969325198728e-01 1.560793682806342619e-01 1.246569604503999264e-03 -1.400161191791526177e-02 -1.594188960072879884e-04 4.878510165442682955e-03 -1.256631706455116977e-05 -1.451969747047371709e-02 -2.763249833283260709e-03 1.619353647791040296e-01
1.560793682806342619e-01 4.983051075831470555e-01 1.591895282986728333e-01 -1.160743820120089132e-03 -1.437475674337827455e-02 1.440762982408475804e-04 5.096923387628163674e-03 -5.604616082383694466e-04 -1.428121209897603716e-02 3.753915861130660732e-03
1.246569604503999264e-03 1.591895282986728333e-01 5.028395859543155488e-01 1.562535678773979697e-01 1.167998811679196681e-04 -1.381046277247958629e-02 -2.511582201073147766e-04 4.752967185488451290e-03 -6.628884271989057397e-05 -1.443942007948754297e-02
-1.400161191791526177e-02 -1.160743820120089132e-03 1.562535678773979697e-01 4.987786467278259028e-01 1.583574506415602601e-01 -3.940808812211504071e-04 -1.480412314286592979e-02 1.071099721278639082e-03 4.819646815404866370e-03 -7.220934331238140899e-04
-1.594188960072879884e-04 -1.437475674337827455e-02 1.167998811679196681e-04 1.583574506415602601e-01 5.024806517328723743e-01 1.564032074243507653e-01 2.491712095090670674e-03 -1.470914912279248053e-02 -3.882445826677743722e-04 4.758391305143373079e-03
4.878510165442682955e-03 1.440762982408475804e-04 -1.381046277247958629e-02 -3.940808812211504071e-04 1.564032074243507653e-01 4.917180825517392107e-01 1.620170638355314385e-01 -6.840390938984156066e-03 -1.498546955662896640e-02 9.816796392172052674e-04
-1.256631706455116977e-05 5.096923387628163674e-03 -2.511582201073147766e-04 -1.480412314286592979e-02 2.491712095090670674e-03 1.620170638355314385e-01 5.162815822830972845e-01 1.629459094676825315e-01 3.609801164062147270e-03 -1.459426544350320501e-02
-1.451969747047371709e-02 -5.604616082383694466e-04 4.752967185488451290e-03 1.071099721278639082e-03 -1.470914912279248053e-02 -6.840390938984156066e-03 1.629459094676825315e-01 4.898551880308969486e-01 1.576005431217015751e-01 -3.381240650002607928e-04
-2.763249833283260709e-03 -1.428121209897603716e-02 -6.628884271989057397e-05 4.819646815404866370e-03 -3.882445826677743722e-04 -1.498546955662896640e-02 3.609801164062147270e-03 1.576005431217015751e-01 5.013341270181344012e-01 1.563599821965908632e-01
1.619353647791040296e-01 3.753915861130660732e-03 -1.443942007948754297e-02 -7.220934331238140899e-04 4.758391305143373079e-03 9.816796392172052674e-04 -1.459426544350320501e-02 -3.381240650002607928e-04 1.563599821965908632e-01 5.066431311854622255e-01
4.820457303019037854e-01 1.512576405071426322e-01 4.193890781816240901e-04 -1.443141922615481278e-02 2.131966187273250947e-04 6.129630013054415683e-03 -1.221308016965860950e-03 -2.018964118076440467e-02 -6.503478028974691606e-03 1.805274133493697253e-01
1.512576405071426322e-01 5.037224646582585397e-01 1.621286923013641190e-01 4.362133654764030997e-03 -1.648531321601172731e-02 -3.121283919211874835e-05 6.220030254184847306e-03 6.638273346291303665e-04 -1.503409267427234519e-02 6.551051688481304529e-03
4.193890781816240901e-04 1.621286923013641190e-01 4.901663341736334778e-01 1.601038672694805043e-01 -3.022158609549921871e-03 -1.458463510585004085e-02 1.495713362973402280e-03 6.084209220212678966e-03 6.960343587442997804e-04 -1.736014946303624656e-02
-1.443141922615481278e-02 4.362133654764030997e-03 1.601038672694805043e-01 5.064421431043359956e-01 1.607864227867032147e-01 -2.608281994985587032e-03 -1.521623313026485014e-02 1.440505868074507152e-03 6.311053158704406016e-03 -2.350818955012385324e-03
2.131966187273250947e-04 -1.648531321601172731e-02 -3.022158609549921871e-03 1.607864227867032147e-01 5.039889896093159294e-01 1.545198343660074136e-01 -2.275258992747177487e-03 -1.680255512283702901e-02 -2.678712986308494273e-03 6.280185082987018927e-03
6.129630013054415683e-03 -3.121283919211874835e-05 -1.458463510585004085e-02 -2.608281994985587032e-03 1.545198343660074136e-01 5.012095953204618315e-01 1.624501507406957146e-01 -3.212305029472349843e-03 -2.032787394802843678e-02 8.937923575180453575e-04
-1.221308016965860950e-03 6.220030254184847306e-03 1.495713362973402280e-03 -1.521623313026485014e-02 -2.275258992747177487e-03 1.624501507406957146e-01 5.134110933543564181e-01 1.660390264290594331e-01 1.872643817086189211e-02 -1.767012610127669317e-02
-2.018964118076440467e-02 6.638273346291303665e-04 6.084209220212678966e-03 1.440505868074507152e-03 -1.680255512283702901e-02 -3.212305029472349843e-03 1.660390264290594331e-01 4.555970640687188045e-01 1.990463611215102513e-01 -7.483656565262986581e-03
-6.503478028974691606e-03 -1.503409267427234519e-02 6.960343587442997804e-04 6.311053158704406016e-03 -2.678712986308494273e-03 -2.032787394802843678e-02 1.872643817086189211e-02 1.990463611215102513e-01 5.283114450756538627e-01 1.468666047690612708e-01
1.805274133493697253e-01 6.551051688481304529e-03 -1.736014946303624656e-02 -2.350818955012385324e-03 6.280185082987018927e-03 8.937923575180453575e-04 -1.767012610127669317e-02 -7.483656565262986581e-03 1.468666047690612708e-01 5.151051403333677392e-01
4.996692565009923093e-01 1.564966241426222759e-01 5.510408909222297771e-03 -1.457303433997739206e-02 -5.681066744091026448e-04 5.391139382857354848e-03 -1.398840410352144561e-04 -1.682905641034199845e-02 -7.368863622923551085e-03 1.594372687004093625e-01
1.564966241426222759e-01 4.871071871557574040e-01 1.662270230240292523e-01 -4.218060761743690733e-03 -1.549831521069093901e-02 1.388294988906612834e-03 5.339329120814030952e-03 7.877100425435982611e-05 -1.479998114231315977e-02 -7.092802614104619201e-05
5.510408909222297771e-03 1.662270230240292523e-01 5.114935762670743680e-01 1.551160573113105345e-01 4.836825013542422284e-04 -1.387149668943608513e-02 9.408079697639001437e-04 6.217756310950396138e-03 5.155290325160575855e-04 -1.523229468180265292e-02
-1.457303433997739206e-02 -4.218060761743690733e-03 1.551160573113105345e-01 4.962855504866482970e-01 1.602060794115393871e-01 -2.879583730240563126e-03 -1.611463824834574038e-02 1.480432811134002363e-04 5.454404850668474400e-03 4.659987267477386686e-04
-5.681066744091026448e-04 -1.549831521069093901e-02 4.836825013542422284e-04 1.602060794115393871e-01 5.049375988469193555e-01 1.553386983437911040e-01 -3.223889158333375238e-03 -1.670102231046978816e-02 -1.141310883152085948e-03 5.447708238626017274e-03
5.391139382857354848e-03 1.388294988906612834e-03 -1.387149668943608513e-02 -2.879583730240563126e-03 1.553386983437911040e-01 5.076281059220519865e-01 1.680973755551704030e-01 3.234589079245805618e-03 -1.566509661712382068e-02 -1.867635387355291157e-03
-1.398840410352144561e-04 5.339329120814030952e-03 9.408079697639001437e-04 -1.611463824834574038e-02 -3.223889158333375238e-03 1.680973755551704030e-01 4.931550732963042583e-01 1.564269170415809318e-01 6.475020784571921054e-03 -1.585124294018243341e-02
-1.682905641034199845e-02 7.877100425435982611e-05 6.217756310950396138e-03 1.480432811134002363e-04 -1.670102231046978816e-02 3.234589079245805618e-03 1.564269170415809318e-01 4.891450103178583420e-01 1.616842375802756970e-01 1.843066172250489021e-03
-7.368863622923551085e-03 -1.479998114231315977e-02 5.155290325160575855e-04 5.454404850668474400e-03 -1.141310883152085948e-03 -1.566509661712382068e-02 6.475020784571921054e-03 1.616842375802756970e-01 4.955167119420507138e-01 1.653497623371554259e-01
1.594372687004093625e-01 -7.092802614104619201e-05 -1.523229468180265292e-02 4.659987267477386686e-04 5.447708238626017274e-03 -1.867635387355291157e-03 -1.585124294018243341e-02 1.843066172250489021e-03 1.653497623371554259e-01 5.150619292643463520e-01
4.967660178989675157e-01 1.588491994444011790e-01 -1.947608841683162815e-03 -1.431238480265831226e-02 6.112129097768609180e-05 4.989750110566654184e-03 6.016735413038357908e-04 -1.396065015135894080e-02 1.052061449205063306e-03 1.557974866923832469e-01
1.588491994444011790e-01 5.042317844776709190e-01 1.565208415949802256e-01 -2.652947812430161457e-04 -1.399361008169519929e-02 1.019944833629472423e-04 5.238662283947060141e-03 7.927722640830149690e-04 -1.452679532247752939e-02 1.549104722541954152e-03
-1.947608841683162815e-03 1.565208415949802256e-01 5.002659897407587541e-01 1.586538807140838447e-01 1.351322093807727715e-03 -1.424642771466791413e-02 7.864507992712445198e-05 4.855389401926300287e-03 8.744052904526261171e-05 -1.381087374231298667e-02
-1.431238480265831226e-02 -2.652947812430161457e-04 1.586538807140838447e-01 4.975413321343067907e-01 1.564048214833054229e-01 -2.918620782772850903e-04 -1.455127104395469162e-02 -1.417941052452864354e-03 5.055274263259615722e-03 2.704438490214503520e-05
6.112129097768609180e-05 -1.399361008169519929e-02 1.351322093807727715e-03 1.564048214833054229e-01 4.992784969316018673e-01 1.581925338609685427e-01 -2.882295380699378701e-03 -1.578081782840384112e-02 6.620882761987649436e-05 4.996093704203671999e-03
4.989750110566654184e-03 1.019944833629472423e-04 -1.424642771466791413e-02 -2.918620782772850903e-04 1.581925338609685427e-01 5.093995501735314457e-01 1.615143427555097433e-01 9.568577383695417438e-03 -1.572873894691215191e-02 -4.917254551010477072e-04
6.016735413038357908e-04 5.238662283947060141e-03 7.864507992712445198e-05 -1.455127104395469162e-02 -2.882295380699378701e-03 1.615143427555097433e-01 4.784355075048369876e-01 1.700969696296402156e-01 -2.172668738317280138e-03 -1.637609523878150869e-02
-1.396065015135894080e-02 7.927722640830149690e-04 4.855389401926300287e-03 -1.417941052452864354e-03 -1.578081782840384112e-02 9.568577383695417438e-03 1.700969696296402156e-01 5.080527932432838956e-01 1.565409552557932571e-01 -5.212977712775815516e-03
1.052061449205063306e-03 -1.452679532247752939e-02 8.744052904526261171e-05 5.055274263259615722e-03 6.620882761987649436e-05 -1.572873894691215191e-02 -2.172668738317280138e-03 1.565409552557932571e-01 5.091502520142126009e-01 1.608244468566029095e-01
1.557974866923832469e-01 1.549104722541954152e-03 -1.381087374231298667e-02 2.704438490214503520e-05 4.996093704203671999e-03 -4.917254551010477072e-04 -1.637609523878150869e-02 -5.212977712775815516e-03 1.608244468566029095e-01 4.968782758808429345e-01
5.030458623428166742e-01 1.633492804763350403e-01 -9.921769213549951148e-04 -1.518075629059528232e-02 6.109558291133001997e-04 5.251159129031202424e-03 -9.414839753011127778e-04 -1.567207039379469452e-02 9.776402956311599363e-03 1.529830932173444069e-01
1.633492804763350403e-01 5.005344974556483750e-01 1.533399982666127093e-01 -3.471549270543297823e-03 -1.386684101642432845e-02 -3.629878587695923296e-04 5.122292346916452674e-03 8.550747348089189452e-04 -1.762891018556084557e-02 2.315059852421211370e-04
-9.921769213549951148e-04 1.533399982666127093e-01 5.068873339053097116e-01 1.630113256398807997e-01 -1.296455146584873865e-04 -1.552347208701695090e-02 1.040623745551697785e-04 5.305836623026805900e-03 -1.460779699466505490e-03 -1.411863129777173390e-02
-1.518075629059528232e-02 -3.471549270543297823e-03 1.630113256398807997e-01 5.001909755935363133e-01 1.550866847360333478e-01 5.167456313575125894e-03 -1.366918588031172666e-02 -1.192366742175078164e-03 5.378209676034570452e-03 5.717070378456576719e-04
6.109558291133001997e-04 -1.386684101642432845e-02 -1.296455146584873865e-04 1.550866847360333478e-01 4.886447996750125089e-01 1.648469673898066701e-01 -2.419147552773992342e-03 -1.567893457263874746e-02 3.614174840853705837e-04 5.290254903124760183e-03
5.251159129031202424e-03 -3.629878587695923296e-04 -1.552347208701695090e-02 5.167456313575125894e-03 1.648469673898066701e-01 5.076247473269928090e-01 1.527569181473243942e-01 1.498657078258801593e-03 -1.363559433815021878e-02 1.327757676807975705e-03
-9.414839753011127778e-04 5.122292346916452674e-03 1.040623745551697785e-04 -1.366918588031172666e-02 -2.419147552773992342e-03 1.527569181473243942e-01 4.964071486216382612e-01 1.633824902661795975e-01 2.396392267191064206e-04 -1.769203266009032258e-02
-1.567207039379469452e-02 8.550747348089189452e-04 5.305836623026805900e-03 -1.192366742175078164e-03 -1.567893457263874746e-02 1.498657078258801593e-03 1.633824902661795975e-01 4.966420615813699202e-01 1.529616881974395215e-01 -9.790979156214197829e-03
9.776402956311599363e-03 -1.762891018556084557e-02 -1.460779699466505490e-03 5.378209676034570452e-03 3.614174840853705837e-04 -1.363559433815021878e-02 2.396392267191064206e-04 1.529616881974395215e-01 5.269920083309032055e-01 1.879226933352493023e-01
1.529830932173444069e-01 2.315059852421211370e-04 -1.411863129777173390e-02 5.717070378456576719e-04 5.290254903124760183e-03 1.327757676807975705e-03 -1.769203266009032258e-02 -9.790979156214197829e-03 1.879226933352493023e-01 4.730305651667784383e-01
4.918993983499311828e-01 1.623363456553101880e-01 -2.903814380825956061e-03 -1.668802808879421909e-02 6.585667240017442680e-04 5.362031680982417767e-03 -8.819511973127700313e-04 -1.373568262527081682e-02 -1.556071333090670297e-03 1.555298058702538899e-01
1.623363456553101880e-01 5.102170208621242820e-01 1.558066637112818509e-01 6.891199024587338004e-03 -1.475595694164821316e-02 -4.911570544503729083e-04 5.030201300493021728e-03 -1.761363845982331661e-04 -1.484735951813244761e-02 2.897022264607290037e-03
-2.903814380825956061e-03 1.558066637112818509e-01 4.817473885976243375e-01 1.725837473868091498e-01 -4.103232101513237112e-03 -1.649169620866901970e-02 1.536003762550454182e-03 5.107238596934202644e-03 3.340450014693208038e-04 -1.393648090594179836e-02
-1.668802808879421909e-02 6.891199024587338004e-03 1.725837473868091498e-01 5.131298768659467990e-01 1.531158394238308906e-01 -1.128408254485228912e-03 -1.354746532658285263e-02 8.587096988597153584e-04 5.238523996722923085e-03 -1.472289819651858211e-03
6.585667240017442680e-04 -1.475595694164821316e-02 -4.103232101513237112e-03 1.531158394238308906e-01 4.988057124020135458e-01 1.609738407457162457e-01 -3.371387724320998140e-03 -1.619059316748368282e-02 -4.551429529693306860e-04 5.241777707098610982e-03
5.362031680982417767e-03 -4.911570544503729083e-04 -1.649169620866901970e-02 -1.128408254485228912e-03 1.609738407457162457e-01 5.058491897367303203e-01 1.558474878596626534e-01 -9.135747228050703590e-04 -1.473270585642919017e-02 -2.336430416478995514e-05
-8.819511973127700313e-04 5.030201300493021728e-03 1.536003762550454182e-03 -1.354746532658285263e-02 -3.371387724320998140e-03 1.558474878596626534e-01 5.040676996382926767e-01 1.657799681730990904e-01 5.923180490254460404e-03 -1.519274087199804987e-02
-1.373568262527081682e-02 -1.761363845982331661e-04 5.107238596934202644e-03 8.587096988597153584e-04 -1.619059316748368282e-02 -9.135747228050703590e-04 1.657799681730990904e-01 4.870502295359458445e-01 1.560438167153606059e-01 -1.173165310038663464e-03
-1.556071333090670297e-03 -1.484735951813244761e-02 3.340450014693208038e-04 5.238523996722923085e-03 -4.551429529693306860e-04 -1.473270585642919017e-02 5.923180490254460404e-03 1.560438167153606059e-01 5.034905043709126948e-01 1.597281381605228645e-01
1.555298058702538899e-01 2.897022264607290037e-03 -1.393648090594179836e-02 -1.472289819651858211e-03 5.241777707098610982e-03 -2.336430416478995514e-05 -1.519274087199804987e-02 -1.173165310038663464e-03 1.597281381605228645e-01 5.037429796404819804e-01
4.959188619908615481e-01 1.612094998325616091e-01 -4.446064647505089049e-03 -1.401677678612385340e-02 2.110210554721870385e-03 5.651579471299261227e-03 -2.388847193569307921e-04 -1.502007912472637721e-02 5.348248172263855849e-03 1.595596834572982070e-01
1.612094998325616091e-01 5.088110627004664988e-01 1.598468088254068609e-01 -2.998193275052435380e-03 -1.727736210194635857e-02 -4.814071031755470386e-05 5.422220473559068860e-03 -4.254307890762635018e-04 -1.472133035200224281e-02 2.287597416763178810e-03
-4.446064647505089049e-03 1.598468088254068609e-01 5.020654299997948655e-01 1.536080716169561378e-01 -3.985487678656980670e-03 -1.641343411515990350e-02 -1.055947822554668264e-03 5.583050567933936850e-03 -3.279064534460250733e-04 -1.610495718989789909e-02
-1.401677678612385340e-02 -2.998193275052435380e-03 1.536080716169561378e-01 5.120686968078586032e-01 1.755237090805567002e-01 5.183885004902566256e-03 -1.654573805654860341e-02 -1.238968228741356165e-03 5.201708824730729222e-03 6.243400695483249194e-04
2.110210554721870385e-03 -1.727736210194635857e-02 -3.985487678656980670e-03 1.755237090805567002e-01 4.872234246599519425e-01 1.519344516616544793e-01 5.860728925605044812e-03 -1.466003158917947996e-02 -4.527654468310642749e-04 5.480156225254228380e-03
5.651579471299261227e-03 -4.814071031755470386e-05 -1.641343411515990350e-02 5.183885004902566256e-03 1.519344516616544793e-01 4.883660677462595689e-01 1.687847709545375330e-01 -2.317760312303725721e-03 -1.601838256649376277e-02 1.042811152529129343e-03
-2.388847193569307921e-04 5.422220473559068860e-03 -1.055947822554668264e-03 -1.654573805654860341e-02 5.860728925605044812e-03 1.687847709545375330e-01 5.072295922240349642e-01 1.543531788384849279e-01 -2.910679521559591740e-03 -1.403514487485563178e-02
-1.502007912472637721e-02 -4.254307890762635018e-04 5.583050567933936850e-03 -1.238968228741356165e-03 -1.466003158917947996e-02 -2.317760312303725721e-03 1.543531788384849279e-01 5.034236099765838635e-01 1.594901321898071489e-01 -2.285060188481435536e-03
5.348248172263855849e-03 -1.472133035200224281e-02 -3.279064534460250733e-04 5.201708824730729222e-03 -4.527654468310642749e-04 -1.601838256649376277e-02 -2.910679521559591740e-03 1.594901321898071489e-01 5.055107131396330278e-01 1.593443049321721650e-01
1.595596834572982070e-01 2.287597416763178810e-03 -1.610495718989789909e-02 6.243400695483249194e-04 5.480156225254228380e-03 1.042811152529129343e-03 -1.403514487485563178e-02 -2.285060188481435536e-03 1.593443049321721650e-01 4.893825407545641104e-01
4.894141172182971955e-01 1.625397733438835868e-01 1.514807122280967212e-03 -1.743681774661451356e-02 1.615395855034361394e-03 6.295442826122356339e-03 2.115212786329102087e-03 -1.464224771290776987e-02 -2.320556044499786329e-03 1.563340758907282302e-01
1.625397733438835868e-01 5.002997939596629529e-01 1.562284399404006430e-01 -1.376126703478706146e-03 -1.472860263125676077e-02 1.312885491281646187e-03 6.493849074013028667e-03 -5.704161114027570499e-04 -1.572781152183409109e-02 4.578471890832352086e-03
1.514807122280967212e-03 1.562284399404006430e-01 4.981484583836467972e-01 1.634969999782468486e-01 -9.569211043745338291e-03 -1.830525549114177253e-02 7.096038794420730413e-04 6.254440168610481479e-03 -6.775430731359809557e-04 -1.421651305361464404e-02
-1.743681774661451356e-02 -1.376126703478706146e-03 1.634969999782468486e-01 5.197576805651613618e-01 1.650919778002588045e-01 1.136307048528394873e-03 -1.843591681500506702e-02 -3.040915606519501661e-03 6.881856240371869542e-03 -2.527315628056717124e-04
1.615395855034361394e-03 -1.472860263125676077e-02 -9.569211043745338291e-03 1.650919778002588045e-01 4.957491360206876529e-01 1.678650922875907781e-01 5.505925738539398963e-03 -1.851513172005325378e-02 -2.145942781642030690e-04 5.672995306875829556e-03
6.295442826122356339e-03 1.312885491281646187e-03 -1.830525549114177253e-02 1.136307048528394873e-03 1.678650922875907781e-01 4.937015079148384666e-01 1.498825726604260389e-01 9.140208161967679212e-03 -1.685100855050255392e-02 -1.092673110184131952e-03
2.115212786329102087e-03 6.493849074013028667e-03 7.096038794420730413e-04 -1.843591681500506702e-02 5.505925738539398963e-03 1.498825726604260389e-01 4.710703664502325361e-01 1.966861884144146533e-01 -1.178679436597110039e-02 -1.954100492170410611e-02
-1.464224771290776987e-02 -5.704161114027570499e-04 6.254440168610481479e-03 -3.040915606519501661e-03 -1.851513172005325378e-02 9.140208161967679212e-03 1.966861884144146533e-01 5.336131038116653791e-01 1.541806634192958159e-01 1.469195851759829731e-03
-2.320556044499786329e-03 -1.572781152183409109e-02 -6.775430731359809557e-04 6.881856240371869542e-03 -2.145942781642030690e-04 -1.685100855050255392e-02 -1.178679436597110039e-02 1.541806634192958159e-01 4.901152094790952041e-01 1.633628750555496112e-01
1.563340758907282302e-01 4.578471890832352086e-03 -1.421651305361464404e-02 -2.527315628056717124e-04 5.672995306875829556e-03 -1.092673110184131952e-03 -1.954100492170410611e-02 1.469195851759829731e-03 1.633628750555496112e-01 5.081306261967107885e-01
5.028544005819822749e-01 1.577390776531268912e-01 8.402764708390861878e-04 -1.420350766254170269e-02 -5.607352035911692366e-04 4.761272696101773866e-03 3.398217215881863635e-04 -1.436307117221434504e-02 -1.708003767211128433e-03 1.568319449526910658e-01
1.577390776531268912e-01 4.968776147945834221e-01 1.572175808771199002e-01 -2.227051195072217785e-03 -1.424088409180659931e-02 6.243527957705880980e-04 4.803346831486208883e-03 -2.642110830730982950e-04 -1.443285795535220392e-02 -1.624777246529490390e-03
8.402764708390861878e-04 1.572175808771199002e-01 5.063015230472694972e-01 1.589598843824136798e-01 3.598957340636415626e-03 -1.418350938251548843e-02 -6.181072483084544284e-05 4.769948921402200614e-03 2.916963773802206403e-04 -1.391481712836382077e-02
-1.420350766254170269e-02 -2.227051195072217785e-03 1.589598843824136798e-01 4.911603033492471515e-01 1.590555096985354355e-01 -2.459612761846255262e-03 -1.442743174294569379e-02 -1.517518882456024142e-04 4.754074249769548420e-03 6.969979014507770698e-04
-5.607352035911692366e-04 -1.424088409180659931e-02 3.598957340636415626e-03 1.590555096985354355e-01 5.053547152541673082e-01 1.565727661910477631e-01 -2.210060268840377713e-03 -1.440363241797759652e-02 4.140227174636349448e-04 4.769055507252396679e-03
4.761272696101773866e-03 6.243527957705880980e-04 -1.418350938251548843e-02 -2.459612761846255262e-03 1.565727661910477631e-01 5.055263575805206688e-01 1.612820101906951298e-01 4.533869437455061158e-03 -1.471934176250637438e-02 -1.391097766215887172e-03
3.398217215881863635e-04 4.803346831486208883e-03 -6.181072483084544284e-05 -1.442743174294569379e-02 -2.210060268840377713e-03 1.612820101906951298e-01 4.887905186364766563e-01 1.586701351349300015e-01 -2.656750095053028206e-03 -1.466443228718044764e-02
-1.436307117221434504e-02 -2.642110830730982950e-04 4.769948921402200614e-03 -1.517518882456024142e-04 -1.440363241797759652e-02 4.533869437455061158e-03 1.586701351349300015e-01 5.088146404347393403e-01 1.586100676570035839e-01 4.211406191797589099e-03
-1.708003767211128433e-03 -1.443285795535220392e-02 2.916963773802206403e-04 4.754074249769548420e-03 4.140227174636349448e-04 -1.471934176250637438e-02 -2.656750095053028206e-03 1.586100676570035839e-01 4.895111331555398460e-01 1.606654261847449694e-01
1.568319449526910658e-01 -1.624777246529490390e-03 -1.391481712836382077e-02 6.969979014507770698e-04 4.769055507252396679e-03 -1.391097766215887172e-03 -1.466443228718044764e-02 4.211406191797589099e-03 1.606654261847449694e-01 5.048087931654913207e-01
4.923793846129009277e-01 1.562518231870745899e-01 -9.385774566823218510e-04 -1.412548148664882763e-02 1.425082021514029423e-05 5.057483215474408919e-03 9.373400449894416907e-04 -1.461084536392198013e-02 -3.507407205524832108e-03 1.620861830568934292e-01
1.562518231870745899e-01 5.030082734196756888e-01 1.583503413213334654e-01 -1.317612135961248460e-03 -1.528897597070181733e-02 -7.811461993724278874e-04 5.274483348069580052e-03 7.686462152843840691e-04 -1.433796428259247885e-02 2.878696743365708431e-03
-9.385774566823218510e-04 1.583503413213334654e-01 5.013074761202671592e-01 1.576594300299305473e-01 -9.299947363939839451e-05 -1.467938432386528894e-02 4.190723208312571117e-06 4.896205374815592454e-03 6.206780042930246447e-04 -1.486803770771320116e-02
-1.412548148664882763e-02 -1.317612135961248460e-03 1.576594300299305473e-01 5.027016450740584563e-01 1.601060332624736904e-01 5.909353229856337958e-03 -1.504066266956978482e-02 -1.709886772468377763e-03 5.224629688999467454e-03 8.149983039574846080e-05
1.425082021514029423e-05 -1.528897597070181733e-02 -9.299947363939839451e-05 1.601060332624736904e-01 4.857638751847782599e-01 1.626428931562645119e-01 -4.462378897845684436e-03 -1.554938756348253799e-02 1.024708487461911942e-04 5.838151530815578749e-03
5.057483215474408919e-03 -7.811461993724278874e-04 -1.467938432386528894e-02 5.909353229856337958e-03 1.626428931562645119e-01 5.133023098952913532e-01 1.594559605707516203e-01 5.021783924845853696e-03 -1.534241460215366240e-02 -4.190763728793075061e-05
9.373400449894416907e-04 5.274483348069580052e-03 4.190723208312571117e-06 -1.504066266956978482e-02 -4.462378897845684436e-03 1.594559605707516203e-01 4.877077633080367791e-01 1.607468005945574541e-01 3.450958291542371471e-04 -1.585590427444386052e-02
-1.461084536392198013e-02 7.686462152843840691e-04 4.896205374815592454e-03 -1.709886772468377763e-03 -1.554938756348253799e-02 5.021783924845853696e-03 1.607468005945574541e-01 5.006148773372453009e-01 1.612635949512651601e-01 -3.640932800974695360e-03
-3.507407205524832108e-03 -1.433796428259247885e-02 6.206780042930246447e-04 5.224629688999467454e-03 1.024708487461911942e-04 -1.534241460215366240e-02 3.450958291542371471e-04 1.612635949512651601e-01 5.057287162233035094e-01 1.560258078986842545e-01
1.620861830568934292e-01 2.878696743365708431e-03 -1.486803770771320116e-02 8.149983039574846080e-05 5.838151530815578749e-03 -4.190763728793075061e-05 -1.585590427444386052e-02 -3.640932800974695360e-03 1.560258078986842545e-01 5.074856788244370698e-01
5.131578217280122756e-01 1.590762842852242454e-01 6.752942297938197176e-04 -1.458221713689175636e-02 -2.494810260011845688e-04 4.863189647594993656e-03 -9.635742363375435302e-04 -1.500464291700490810e-02 8.172266855872471064e-03 1.630769092222575933e-01
1.590762842852242454e-01 4.955701924798034952e-01 1.562157911332040516e-01 -1.481243456879330952e-03 -1.383422119598861667e-02 -5.228922510415006915e-04 4.912009294102837736e-03 7.454303180451927720e-04 -1.571911614767165788e-02 -4.571580674609661971e-03
6.752942297938197176e-04 1.562157911332040516e-01 5.044407310682916812e-01 1.597277416287730956e-01 1.971647528841843564e-03 -1.450246560994689071e-02 -5.207898259975172551e-05 4.842241025171023852e-03 -1.034853233038555108e-03 -1.457692091607153476e-02
-1.458221713689175636e-02 -1.481243456879330952e-03 1.597277416287730956e-01 4.961250156735787509e-01 1.554761455267664183e-01 2.542549925574994971e-03 -1.412361842945832752e-02 -2.439810307291762504e-04 4.992043690559250235e-03 8.449997563704013479e-04
-2.494810260011845688e-04 -1.383422119598861667e-02 1.971647528841843564e-03 1.554761455267664183e-01 4.945885566678678291e-01 1.615781344934153485e-01 -2.348798701773832653e-03 -1.460714821215560767e-02 6.858883757633759846e-04 4.887585298476690258e-03
4.863189647594993656e-03 -5.228922510415006915e-04 -1.450246560994689071e-02 2.542549925574994971e-03 1.615781344934153485e-01 5.054695013294128181e-01 1.554380617894176031e-01 -7.368170513773284608e-04 -1.365356123758633064e-02 7.160528245058510799e-04
-9.635742363375435302e-04 4.912009294102837736e-03 -5.207898259975172551e-05 -1.412361842945832752e-02 -2.348798701773832653e-03 1.554380617894176031e-01 5.010208387071614089e-01 1.591121199625276095e-01 -5.391625548006829735e-05 -1.534150532967786841e-02
-1.500464291700490810e-02 7.454303180451927720e-04 4.842241025171023852e-03 -2.439810307291762504e-04 -1.460714821215560767e-02 -7.368170513773284608e-04 1.591121199625276095e-01 4.978797518009652201e-01 1.554701289272282794e-01 -3.766994510041137001e-03
8.172266855872471064e-03 -1.571911614767165788e-02 -1.034853233038555108e-03 4.992043690559250235e-03 6.858883757633759846e-04 -1.365356123758633064e-02 -5.391625548006829735e-05 1.554701289272282794e-01 5.117698159428376581e-01 1.665431117064068989e-01
1.630769092222575933e-01 -4.571580674609661971e-03 -1.457692091607153476e-02 8.449997563704013479e-04 4.887585298476690258e-03 7.160528245058510799e-04 -1.534150532967786841e-02 -3.766994510041137001e-03 1.665431117064068989e-01 4.799777746020698066e-01
4.770396069045669263e-01 1.480172228174125859e-01 3.445881245604334210e-03 -1.477492274146519763e-02 1.817193651167412567e-04 5.491561173244493242e-03 1.323557542669229377e-03 -1.816817048488966746e-02 -5.387607744438225460e-03 1.873072383339242086e-01
1.480172228174125859e-01 4.912035246432454594e-01 1.759241469854326279e-01 -4.798269988184134319e-03 -1.657602680238791371e-02 1.301029016003728712e-03 5.386997348845623534e-03 -5.982043525328119369e-04 -1.508181411099066872e-02 8.970656616746962991e-03
3.445881245604334210e-03 1.759241469854326279e-01 5.124738782270922277e-01 1.498008501687774774e-01 -2.271319982087367101e-03 -1.328126782428725589e-02 -2.902450397154255658e-05 5.189649328296605350e-03 -5.855244645175462000e-04 -1.831402455112445676e-02
-1.477492274146519763e-02 -4.798269988184134319e-03 1.498008501687774774e-01 5.025908810200034882e-01 1.639650790501206989e-01 -8.205493519159030554e-04 -1.558091806667595905e-02 -2.893807639934864191e-04 5.437596602101715110e-03 -1.244821859297483551e-03
1.817193651167412567e-04 -1.657602680238791371e-02 -2.271319982087367101e-03 1.639650790501206989e-01 5.014012009168145045e-01 1.533743565955459076e-01 3.067023720041303376e-03 -1.307607282891573748e-02 -6.201190364768366641e-04 5.223977260087005192e-03
5.491561173244493242e-03 1.301029016003728712e-03 -1.328126782428725589e-02 -8.205493519159030554e-04 1.533743565955459076e-01 4.941811753873591728e-01 1.627354835711695979e-01 1.171659220656255012e-03 -1.578016296411070829e-02 4.724391076575784978e-04
1.323557542669229377e-03 5.386997348845623534e-03 -2.902450397154255658e-05 -1.558091806667595905e-02 3.067023720041303376e-03 1.627354835711695979e-01 4.992434161437372953e-01 1.519436383301613069e-01 -2.668432619038815096e-04 -1.296344658259030933e-02
-1.816817048488966746e-02 -5.982043525328119369e-04 5.189649328296605350e-03 -2.893807639934864191e-04 -1.307607282891573748e-02 1.171659220656255012e-03 1.519436383301613069e-01 4.993571800079052436e-01 1.653823324822658869e-01 -3.229148222009290553e-03
-5.387607744438225460e-03 -1.508181411099066872e-02 -5.855244645175462000e-04 5.437596602101715110e-03 -6.201190364768366641e-04 -1.578016296411070829e-02 -2.668432619038815096e-04 1.653823324822658869e-01 5.037507289334631766e-01 1.481086091858993536e-01
1.873072383339242086e-01 8.970656616746962991e-03 -1.831402455112445676e-02 -1.244821859297483551e-03 5.223977260087005192e-03 4.724391076575784978e-04 -1.296344658259030933e-02 -3.229148222009290553e-03 1.481086091858993536e-01 5.187584078158119505e-01
5.241932130586850480e-01 1.817775771196949997e-01 1.316919399344294514e-02 -1.747450944911351639e-02 -2.031706312545544443e-03 5.482696746132156504e-03 3.220132807792802599e-04 -1.376878360302216317e-02 1.332019566551902222e-03 1.551768975391766836e-01
1.817775771196949997e-01 4.682174043406936992e-01 1.642586647726726190e-01 -1.540562008415132618e-03 -1.721393970509762714e-02 1.488931965425819995e-03 5.706614398547200061e-03 9.469867562693719178e-04 -1.749170689252741578e-02 -7.859925272532083951e-03
1.316919399344294514e-02 1.642586647726726190e-01 5.091438194196820088e-01 1.604812446271644266e-01 -1.398421057183789991e-03 -1.510166867156085245e-02 7.109915855533935434e-04 5.314267893374428377e-03 -1.929052069562867512e-03 -1.662264186266385751e-02
-1.747450944911351639e-02 -1.540562008415132618e-03 1.604812446271644266e-01 4.986886364686956008e-01 1.568803667950093572e-01 -5.603485861651286842e-03 -1.437915039618625421e-02 2.844173419369814670e-04 5.289658113933521505e-03 4.895008025587192693e-04
-2.031706312545544443e-03 -1.721393970509762714e-02 -1.398421057183789991e-03 1.568803667950093572e-01 5.123769105771964760e-01 1.643934757614110564e-01 1.807276041731028810e-03 -1.532043297428887195e-02 6.982832696720417593e-05 5.725396872870353038e-03
5.482696746132156504e-03 1.488931965425819995e-03 -1.510166867156085245e-02 -5.603485861651286842e-03 1.643934757614110564e-01 4.943534141455978581e-01 1.548731675345600689e-01 2.624364948246657534e-03 -1.371638806064060315e-02 -6.393537470866338243e-04
3.220132807792802599e-04 5.706614398547200061e-03 7.109915855533935434e-04 -1.437915039618625421e-02 1.807276041731028810e-03 1.548731675345600689e-01 4.953849297245506156e-01 1.605470523435744146e-01 -1.518682544263738826e-03 -1.480753019652058904e-02
-1.376878360302216317e-02 9.469867562693719178e-04 5.314267893374428377e-03 2.844173419369814670e-04 -1.532043297428887195e-02 2.624364948246657534e-03 1.605470523435744146e-01 5.034059147183502780e-01 1.546391344886172137e-01 -6.980762381449817644e-05
1.332019566551902222e-03 -1.749170689252741578e-02 -1.929052069562867512e-03 5.289658113933521505e-03 6.982832696720417593e-05 -1.371638806064060315e-02 -1.518682544263738826e-03 1.546391344886172137e-01 5.011338007814034601e-01 1.610356171702974071e-01
1.551768975391766836e-01 -7.859925272532083951e-03 -1.662264186266385751e-02 4.895008025587192693e-04 5.725396872870353038e-03 -6.393537470866338243e-04 -1.480753019652058904e-02 -6.980762381449817644e-05 1.610356171702974071e-01 4.931019567651441227e-01
4.425726269834273641e-01 1.651667356575960144e-01 -6.083686245747609370e-03 -1.478757763546760876e-02 -1.767507468497955629e-04 6.442789841239644766e-03 1.244491818108043896e-03 -2.151376915569195095e-02 -1.316380458954038123e-02 2.172944330637426869e-01
1.651667356575960144e-01 5.220957615192867163e-01 1.663951650464667309e-01 -8.169170504758618920e-04 -1.637868094724175688e-02 4.118840232360480706e-04 6.139471578790783174e-03 -2.600420612250397071e-03 -1.971385519123653937e-02 2.124598071581192127e-02
-6.083686245747609370e-03 1.663951650464667309e-01 4.981870035304364341e-01 1.525520723427608305e-01 5.135498496138041734e-03 -1.392660646769139712e-02 -6.534750579449361083e-04 6.131871130199417763e-03 2.532055958328233679e-03 -2.378864147693519199e-02
-1.478757763546760876e-02 -8.169170504758618920e-04 1.525520723427608305e-01 4.891470177034371036e-01 1.673860235478983605e-01 -1.656145626967396546e-03 -1.620510830346124156e-02 1.036854764021107045e-03 6.225957738144830694e-03 -2.546649381271570093e-03
-1.767507468497955629e-04 -1.637868094724175688e-02 5.135498496138041734e-03 1.673860235478983605e-01 5.058263115774833674e-01 1.520934167652691626e-01 -1.912110746894410103e-03 -1.330422505054508313e-02 -2.196485382823323308e-04 6.185266022844379194e-03
6.442789841239644766e-03 4.118840232360480706e-04 -1.392660646769139712e-02 -1.656145626967396546e-03 1.520934167652691626e-01 5.019807177713545565e-01 1.628827563361950337e-01 -1.864292217731665195e-03 -1.597968886788678905e-02 7.276356527587793431e-04
1.244491818108043896e-03 6.139471578790783174e-03 -6.534750579449361083e-04 -1.620510830346124156e-02 -1.912110746894410103e-03 1.628827563361950337e-01 5.035299929738955571e-01 1.527134325455004327e-01 3.220412532584565179e-03 -1.360692514773324813e-02
-2.151376915569195095e-02 -2.600420612250397071e-03 6.131871130199417763e-03 1.036854764021107045e-03 -1.330422505054508313e-02 -1.864292217731665195e-03 1.527134325455004327e-01 4.947778396278013080e-01 1.659092388071669311e-01 -4.555425008119706395e-04
-1.316380458954038123e-02 -1.971385519123653937e-02 2.532055958328233679e-03 6.225957738144830694e-03 -2.196485382823323308e-04 -1.597968886788678905e-02 3.220412532584565179e-03 1.659092388071669311e-01 4.950776714800821932e-01 1.503150706793924818e-01
2.172944330637426869e-01 2.124598071581192127e-02 -2.378864147693519199e-02 -2.546649381271570093e-03 6.185266022844379194e-03 7.276356527587793431e-04 -1.360692514773324813e-02 -4.555425008119706395e-04 1.503150706793924818e-01 5.468050568327905703e-01
4.954684401537993166e-01 1.604094861942764461e-01 8.484417529268966501e-03 -1.556109470385333773e-02 -1.058955381729306030e-03 5.702442689008213605e-03 3.562064312860440665e-04 -1.502137803401485533e-02 -7.211543013376709409e-03 1.673313520996854709e-01
1.604094861942764461e-01 4.831770148640056051e-01 1.641410710946125673e-01 -2.598641635555862337e-03 -1.504905689025747700e-02 -9.107835703961421813e-04 6.735587222896577408e-03 2.861908414574339731e-04 -1.737556017401395425e-02 2.232307668202811006e-03
8.484417529268966501e-03 1.641410710946125673e-01 5.065456536044365965e-01 1.589141829641615988e-01 -3.131896803839655328e-03 -1.682309834963927053e-02 1.142148492962455526e-03 5.491896475008273618e-03 -6.304717658601776461e-04 -1.624685384028200577e-02
-1.556109470385333773e-02 -2.598641635555862337e-03 1.589141829641615988e-01 5.085495382017684030e-01 1.573431766045965130e-01 8.504526803304440427e-03 -1.584676640252418237e-02 1.666410762753056034e-04 5.874264333879030894e-03 -8.106563577231751770e-04
-1.058955381729306030e-03 -1.504905689025747700e-02 -3.131896803839655328e-03 1.573431766045965130e-01 4.790299791179624678e-01 1.759387511188245101e-01 -4.937904043970636064e-03 -1.685479259949934638e-02 2.087796976948023508e-04 5.582476927814590192e-03
5.702442689008213605e-03 -9.107835703961421813e-04 -1.682309834963927053e-02 8.504526803304440427e-03 1.759387511188245101e-01 5.135372885270337306e-01 1.524085125713142419e-01 -5.972271026309589406e-03 -1.505308412192342057e-02 1.133495252962752513e-03
3.562064312860440665e-04 6.735587222896577408e-03 1.142148492962455526e-03 -1.584676640252418237e-02 -4.937904043970636064e-03 1.524085125713142419e-01 5.136957589625633647e-01 1.711594614601448239e-01 7.429982908573365755e-03 -1.586893611118091185e-02
-1.502137803401485533e-02 2.861908414574339731e-04 5.491896475008273618e-03 1.666410762753056034e-04 -1.685479259949934638e-02 -5.972271026309589406e-03 1.711594614601448239e-01 4.824841879226519081e-01 1.576692073124795757e-01 -1.408625769309545042e-03
-7.211543013376709409e-03 -1.737556017401395425e-02 -6.304717658601776461e-04 5.874264333879030894e-03 2.087796976948023508e-04 -1.505308412192342057e-02 7.429982908573365755e-03 1.576692073124795757e-01 5.032800310648692932e-01 1.582617267687629337e-01
1.673313520996854709e-01 2.232307668202811006e-03 -1.624685384028200577e-02 -8.106563577231751770e-04 5.582476927814590192e-03 1.133495252962752513e-03 -1.586893611118091185e-02 -1.408625769309545042e-03 1.582617267687629337e-01 5.142321075809130893e-01
4.968944073486930568e-01 1.572018336237377967e-01 -4.948587605960385986e-03 -1.432982362169866672e-02 9.967315615586563957e-04 4.827933937437744148e-03 -1.901311205668175834e-04 -1.423416485206513080e-02 1.110932005781369762e-03 1.587167052616475504e-01
1.572018336237377967e-01 5.122267313234261099e-01 1.636405502145832080e-01 4.447187677353995824e-03 -1.499702496723899145e-02 -4.536283999345368505e-04 4.787676891138074181e-03 -3.422467404907032491e-04 -1.395843681809497139e-02 7.183723659516773807e-04
-4.948587605960385986e-03 1.636405502145832080e-01 4.881190959850972844e-01 1.569519454890392907e-01 -2.548919579714927289e-03 -1.391762790419068946e-02 -5.405111965978147718e-04 4.783594055289728045e-03 5.784132049936472264e-04 -1.473573948963676633e-02
-1.432982362169866672e-02 4.447187677353995824e-03 1.569519454890392907e-01 5.065403348665902250e-01 1.593507480314044211e-01 -5.605617683926657950e-04 -1.494697152023292258e-02 4.098668546833880775e-04 4.764385819396388735e-03 -4.434877263312581096e-04
9.967315615586563957e-04 -1.499702496723899145e-02 -2.548919579714927289e-03 1.593507480314044211e-01 5.019282163415200726e-01 1.567508057026236190e-01 5.663682145530582988e-03 -1.434123300635231461e-02 -5.882234507717254163e-04 4.783087707629476819e-03
4.827933937437744148e-03 -4.536283999345368505e-04 -1.391762790419068946e-02 -5.605617683926657950e-04 1.567508057026236190e-01 4.866862226095148847e-01 1.654317343685776653e-01 -4.302719057693491465e-03 -1.487469515546840926e-02 6.010327214992892833e-04
-1.901311205668175834e-04 4.787676891138074181e-03 -5.405111965978147718e-04 -1.494697152023292258e-02 5.663682145530582988e-03 1.654317343685776653e-01 5.110777638427959069e-01 1.554289818233689224e-01 -4.698905443221565101e-04 -1.374170747265018172e-02
