1.900783759164149656e-01 1.498832774140771151e-01 1.684897766693120302e-01 1.092583658841635164e-01 2.831959964037621819e-02 -4.162924949686445247e-02 -9.775908026157967279e-02 -1.349770985784043142e-01 -1.710817463732003940e-01 -1.600805520720836317e-01
1.498832774140771151e-01 1.419579672944979165e-01 1.930849506588643294e-01 1.556304824274557519e-01 8.522863051884625729e-02 2.321109745000487362e-02 -2.705898199406857677e-02 -6.532450295756127290e-02 -1.008719138108986058e-01 -1.096827018425017841e-01
1.684897766693120302e-01 1.930849506588643294e-01 3.066295210777080227e-01 2.775644195387856894e-01 1.879655533953097923e-01 1.082680207263192335e-01 4.326296369700344951e-02 -1.288998994581562127e-02 -6.362591820590689229e-02 -9.929139974815293090e-02
1.092583658841635164e-01 1.556304824274557519e-01 2.775644195387856894e-01 2.803708668518698488e-01 2.132882960958414897e-01 1.515158996167895733e-01 1.010383752636078297e-01 5.188023929556143110e-02 8.310928274987281622e-03 -4.066933816640073279e-02
2.831959964037621819e-02 8.522863051884625729e-02 1.879655533953097923e-01 2.132882960958414897e-01 1.875010443188069309e-01 1.583570668239239754e-01 1.332527482754732873e-01 1.016109061201626584e-01 7.461692420648215196e-02 2.420722954955271608e-02
-4.162924949686445247e-02 2.321109745000487362e-02 1.082680207263192335e-01 1.515158996167895733e-01 1.583570668239239754e-01 1.599382671665277311e-01 1.581325929597587332e-01 1.421344272462550240e-01 1.295677231781995065e-01 7.905305709386699353e-02
-9.775908026157967279e-02 -2.705898199406857677e-02 4.326296369700344951e-02 1.010383752636078297e-01 1.332527482754732873e-01 1.581325929597587332e-01 1.772224492613838076e-01 1.748752626015444012e-01 1.740033000146649078e-01 1.230395802626435831e-01
-1.349770985784043142e-01 -6.532450295756127290e-02 -1.288998994581562127e-02 5.188023929556143110e-02 1.016109061201626584e-01 1.421344272462550240e-01 1.748752626015444012e-01 1.866122966249922355e-01 1.966740780379940545e-01 1.489179865945390591e-01
-1.710817463732003940e-01 -1.008719138108986058e-01 -6.362591820590689229e-02 8.310928274987281622e-03 7.461692420648215196e-02 1.295677231781995065e-01 1.740033000146649078e-01 1.966740780379940545e-01 2.196732927595548557e-01 1.748677277995419332e-01
-1.600805520720836317e-01 -1.096827018425017841e-01 -9.929139974815293090e-02 -4.066933816640073279e-02 2.420722954955271608e-02 7.905305709386699353e-02 1.230395802626435831e-01 1.489179865945390591e-01 1.748677277995419332e-01 1.500159187282440743e-01
2.138635192545743080e-01 1.808868387564329661e-01 1.480667753628038263e-01 1.051171289279854842e-01 5.186196858909385143e-02 -9.585490519992404717e-04 -5.449926507907432160e-02 -9.625624989586978320e-02 -1.866247441483472047e-01 -2.187999375233244392e-01
1.808868387564329661e-01 1.729424771236617309e-01 1.624328694902972270e-01 1.390337074260570849e-01 1.007296085391605478e-01 6.293091488246059517e-02 9.784164979491810285e-03 -4.658656674823276334e-02 -1.267217773050959839e-01 -1.673884523239808630e-01
1.480667753628038263e-01 1.624328694902972270e-01 1.762325441801810277e-01 1.733029585717079102e-01 1.497271648944165368e-01 1.265305383369484393e-01 7.378702580924326182e-02 2.797273871842486520e-03 -6.772695514361265490e-02 -1.173601887426530266e-01
1.051171289279854842e-01 1.390337074260570849e-01 1.733029585717079102e-01 1.930458385310598324e-01 1.867431998992544750e-01 1.795545585623956886e-01 1.308008962187776347e-01 5.092667305049639048e-02 -4.764780291308111024e-03 -5.980132078683038366e-02
5.186196858909385143e-02 1.007296085391605478e-01 1.497271648944165368e-01 1.867431998992544750e-01 2.012317798367425359e-01 2.120997610086853002e-01 1.721499490873198146e-01 9.194528120480791045e-02 5.676300730559126484e-02 2.726356663289895756e-03
-9.585490519992404717e-04 6.293091488246059517e-02 1.265305383369484393e-01 1.795545585623956886e-01 2.120997610086853002e-01 2.446420987617992648e-01 2.141546340806833593e-01 1.328227068523084309e-01 1.175801036426527280e-01 6.465812221459518727e-02
-5.449926507907432160e-02 9.784164979491810285e-03 7.378702580924326182e-02 1.308008962187776347e-01 1.721499490873198146e-01 2.141546340806833593e-01 2.045932654839973663e-01 1.428222941852007599e-01 1.520201928631208510e-01 1.125359883981002923e-01
-9.625624989586978320e-02 -4.658656674823276334e-02 2.797273871842486520e-03 5.092667305049639048e-02 9.194528120480791045e-02 1.328227068523084309e-01 1.428222941852007599e-01 1.184797582250067260e-01 1.521761232265525510e-01 1.355167147454532373e-01
-1.866247441483472047e-01 -1.267217773050959839e-01 -6.772695514361265490e-02 -4.764780291308111024e-03 5.676300730559126484e-02 1.175801036426527280e-01 1.520201928631208510e-01 1.521761232265525510e-01 2.288966682192770108e-01 2.271438556247851182e-01
-2.187999375233244392e-01 -1.673884523239808630e-01 -1.173601887426530266e-01 -5.980132078683038366e-02 2.726356663289895756e-03 6.465812221459518727e-02 1.125359883981002923e-01 1.355167147454532373e-01 2.271438556247851182e-01 2.460720503837017514e-01
1.888843245632721435e-01 1.670425538449707425e-01 1.218808228226051088e-01 9.394884525649573048e-02 5.565687121858520214e-02 -4.309557938656422005e-03 -6.302569416148953718e-02 -1.105009763333312384e-01 -1.610693746584151709e-01 -2.291864664981460020e-01
1.670425538449707425e-01 1.626467007725787561e-01 1.341935797069518099e-01 1.262135992201080525e-01 1.071951514965849284e-01 4.990245132941573125e-02 -1.245325053724459161e-02 -6.850352203331711021e-02 -1.232323275830002896e-01 -1.892208237894744682e-01
1.218808228226051088e-01 1.341935797069518099e-01 1.295066324306355376e-01 1.457861402343431645e-01 1.508315113496096205e-01 1.034991224001371168e-01 4.516631464484159586e-02 -1.336335183701924979e-02 -6.667695054117309117e-02 -1.235214436277762423e-01
9.394884525649573048e-02 1.262135992201080525e-01 1.457861402343431645e-01 1.933728397670633203e-01 2.268995387167004052e-01 1.814084547960326255e-01 1.168503145597972886e-01 4.534140912442555238e-02 -1.593894421169398876e-02 -7.330461021198537985e-02
5.565687121858520214e-02 1.071951514965849284e-01 1.508315113496096205e-01 2.268995387167004052e-01 2.934511737205956483e-01 2.538092556887409090e-01 1.867005583414615422e-01 1.064059470080636616e-01 4.143304709332937263e-02 -1.183569332264559210e-02
-4.309557938656422005e-03 4.990245132941573125e-02 1.034991224001371168e-01 1.814084547960326255e-01 2.538092556887409090e-01 2.413162895171482580e-01 1.965163433595087661e-01 1.344455246746960042e-01 8.789922705850095053e-02 5.755576544160669050e-02
-6.302569416148953718e-02 -1.245325053724459161e-02 4.516631464484159586e-02 1.168503145597972886e-01 1.867005583414615422e-01 1.965163433595087661e-01 1.821302356126431876e-01 1.464539225025502933e-01 1.236890631169544896e-01 1.194052759853725526e-01
-1.105009763333312384e-01 -6.850352203331711021e-02 -1.336335183701924979e-02 4.534140912442555238e-02 1.064059470080636616e-01 1.344455246746960042e-01 1.464539225025502933e-01 1.409429292765265740e-01 1.437119112582299629e-01 1.643352785658383219e-01
-1.610693746584151709e-01 -1.232323275830002896e-01 -6.667695054117309117e-02 -1.593894421169398876e-02 4.143304709332937263e-02 8.789922705850095053e-02 1.236890631169544896e-01 1.437119112582299629e-01 1.715637367926466650e-01 2.174537196137185657e-01
-2.291864664981460020e-01 -1.892208237894744682e-01 -1.235214436277762423e-01 -7.330461021198537985e-02 -1.183569332264559210e-02 5.755576544160669050e-02 1.194052759853725526e-01 1.643352785658383219e-01 2.174537196137185657e-01 2.961851375468901315e-01
2.548616247119049882e-01 2.657470897018825440e-01 1.837125398654546882e-01 1.009614683004454450e-01 5.249394979327119681e-02 -5.586752377642711757e-03 -5.834167599678342919e-02 -1.108806731018640440e-01 -1.299708420829131517e-01 -1.860097169347040835e-01
2.657470897018825440e-01 2.999734536923767125e-01 2.223589682204408224e-01 1.432546444025297183e-01 1.115880136102283815e-01 5.197402041773943604e-02 -7.247920424829474260e-03 -6.624446100062231224e-02 -1.069499094660944227e-01 -1.791919578483217868e-01
1.837125398654546882e-01 2.223589682204408224e-01 1.821910716716559908e-01 1.365839261238268043e-01 1.340118498806489589e-01 9.344069153216635892e-02 4.808452316063031862e-02 2.972453811419199527e-03 -4.605681819740794353e-02 -1.101553144091217545e-01
1.009614683004454450e-01 1.432546444025297183e-01 1.365839261238268043e-01 1.266701876764762258e-01 1.539679071350857631e-01 1.326684100819044976e-01 1.013113919929755496e-01 7.064368157430585271e-02 1.461225792881690709e-02 -4.049808555043594299e-02
5.249394979327119681e-02 1.115880136102283815e-01 1.340118498806489589e-01 1.539679071350857631e-01 2.194035310109530568e-01 2.101881695541993889e-01 1.821551575603118089e-01 1.556797770077721355e-01 7.656093637208359615e-02 1.379803293630028904e-02
-5.586752377642711757e-03 5.197402041773943604e-02 9.344069153216635892e-02 1.326684100819044976e-01 2.101881695541993889e-01 2.186906519018168571e-01 2.033651097680711783e-01 1.881972365992946039e-01 1.102394454689419184e-01 5.826614724384409499e-02
-5.834167599678342919e-02 -7.247920424829474260e-03 4.808452316063031862e-02 1.013113919929755496e-01 1.821551575603118089e-01 2.033651097680711783e-01 2.051527962377028558e-01 2.033943112171176792e-01 1.323236484550859571e-01 9.414368018696675500e-02
-1.108806731018640440e-01 -6.624446100062231224e-02 2.972453811419199527e-03 7.064368157430585271e-02 1.556797770077721355e-01 1.881972365992946039e-01 2.033943112171176792e-01 2.176623690872238059e-01 1.542287560373852284e-01 1.299415993366262734e-01
-1.299708420829131517e-01 -1.069499094660944227e-01 -4.605681819740794353e-02 1.461225792881690709e-02 7.656093637208359615e-02 1.102394454689419184e-01 1.323236484550859571e-01 1.542287560373852284e-01 1.237154063660122205e-01 1.241562736657793875e-01
-1.860097169347040835e-01 -1.791919578483217868e-01 -1.101553144091217545e-01 -4.049808555043594299e-02 1.379803293630028904e-02 5.826614724384409499e-02 9.414368018696675500e-02 1.299415993366262734e-01 1.241562736657793875e-01 1.516789076438780359e-01
1.967220293062930947e-01 1.629770943383381798e-01 1.435260363954249385e-01 1.078166692537380900e-01 8.256230117265883628e-02 5.894707244849693717e-02 -2.967417363804781411e-03 -8.727366470541544907e-02 -1.724686455438381727e-01 -2.172937246812738921e-01
1.629770943383381798e-01 1.457135704364901918e-01 1.370034352563781477e-01 1.112382651643273879e-01 9.782813953491419079e-02 9.249589914310402117e-02 4.624943955377722182e-02 -3.409314103857954276e-02 -1.167724380167283749e-01 -1.670660354113676360e-01
1.435260363954249385e-01 1.370034352563781477e-01 1.375392930742757036e-01 1.190787503558794480e-01 1.146783076331490681e-01 1.235815574496689773e-01 8.742020498641421555e-02 6.500769912676538503e-03 -7.837712571045825360e-02 -1.357343175601374574e-01
1.078166692537380900e-01 1.112382651643273879e-01 1.190787503558794480e-01 1.111080140609023575e-01 1.167839982044959618e-01 1.387797510602962747e-01 1.163733183798348614e-01 4.456618516821711506e-02 -3.221313565315745558e-02 -8.987977102298537468e-02
8.256230117265883628e-02 9.782813953491419079e-02 1.146783076331490681e-01 1.167839982044959618e-01 1.359087824620310303e-01 1.771913277944706933e-01 1.672877930241996047e-01 9.512219817886083395e-02 1.659145055025014123e-02 -4.999011201941962884e-02
5.894707244849693717e-02 9.249589914310402117e-02 1.235815574496689773e-01 1.387797510602962747e-01 1.771913277944706933e-01 2.517793321568084219e-01 2.582744472912480438e-01 1.757381232699677942e-01 8.484414279151795968e-02 -2.058533622096879196e-03
-2.967417363804781411e-03 4.624943955377722182e-02 8.742020498641421555e-02 1.163733183798348614e-01 1.672877930241996047e-01 2.582744472912480438e-01 2.945106761911562843e-01 2.308437502444174172e-01 1.578140144587731886e-01 7.500210640017959673e-02
-8.727366470541544907e-02 -3.409314103857954276e-02 6.500769912676538503e-03 4.456618516821711506e-02 9.512219817886083395e-02 1.757381232699677942e-01 2.308437502444174172e-01 2.223395141470354275e-01 2.020844492582919982e-01 1.544145418959571303e-01
-1.724686455438381727e-01 -1.167724380167283749e-01 -7.837712571045825360e-02 -3.221313565315745558e-02 1.659145055025014123e-02 8.484414279151795968e-02 1.578140144587731886e-01 2.020844492582919982e-01 2.414059807411115255e-01 2.329576492329590298e-01
-2.172937246812738921e-01 -1.670660354113676360e-01 -1.357343175601374574e-01 -8.987977102298537468e-02 -4.999011201941962884e-02 -2.058533622096879196e-03 7.500210640017959673e-02 1.544145418959571303e-01 2.329576492329590298e-01 2.629728074238953384e-01
3.084233508455562212e-01 2.108926719958906237e-01 1.428215954963829026e-01 9.639250229562401628e-02 6.962899596842395122e-02 3.300160598113967975e-02 -2.782638816033618928e-02 -1.065860734555833661e-01 -1.866545350679627291e-01 -2.829468006056686247e-01
2.108926719958906237e-01 1.574987272001034666e-01 1.203703976268120091e-01 9.820467657315279375e-02 9.429687693234954649e-02 7.885864968862829616e-02 2.313282948920313692e-02 -3.771145326218854760e-02 -1.044856098938254790e-01 -1.808965465032781883e-01
1.428215954963829026e-01 1.203703976268120091e-01 1.080094017954276175e-01 1.055277017508903237e-01 1.208636870490644721e-01 1.221421524360999239e-01 6.725567972574762743e-02 1.790129459726969713e-02 -4.187798820524662319e-02 -1.070910998589793273e-01
9.639250229562401628e-02 9.820467657315279375e-02 1.055277017508903237e-01 1.209100634534800434e-01 1.552058959795609150e-01 1.712969476376779432e-01 1.117463118451933329e-01 6.803012038698223740e-02 9.345658402608713472e-03 -5.195637171111479324e-02
6.962899596842395122e-02 9.429687693234954649e-02 1.208636870490644721e-01 1.552058959795609150e-01 2.152782038784660512e-01 2.491722495097755397e-01 1.735246671915745553e-01 1.268795808512813705e-01 5.909343728256395700e-02 -9.054509886032877791e-03
3.300160598113967975e-02 7.885864968862829616e-02 1.221421524360999239e-01 1.712969476376779432e-01 2.491722495097755397e-01 3.033349162393879084e-01 2.192521223935005592e-01 1.744242321165592746e-01 1.047430616358052680e-01 3.750201267646353920e-02
-2.782638816033618928e-02 2.313282948920313692e-02 6.725567972574762743e-02 1.117463118451933329e-01 1.735246671915745553e-01 2.192521223935005592e-01 1.709053405201835796e-01 1.518752939968907589e-01 1.126912693663222054e-01 7.779612656922081648e-02
-1.065860734555833661e-01 -3.771145326218854760e-02 1.790129459726969713e-02 6.803012038698223740e-02 1.268795808512813705e-01 1.744242321165592746e-01 1.518752939968907589e-01 1.598413385499490580e-01 1.484907703231677367e-01 1.440188271367521533e-01
-1.866545350679627291e-01 -1.044856098938254790e-01 -4.187798820524662319e-02 9.345658402608713472e-03 5.909343728256395700e-02 1.047430616358052680e-01 1.126912693663222054e-01 1.484907703231677367e-01 1.728416833026222288e-01 2.056181889057966117e-01
-2.829468006056686247e-01 -1.808965465032781883e-01 -1.070910998589793273e-01 -5.195637171111479324e-02 -9.054509886032877791e-03 3.750201267646353920e-02 7.779612656922081648e-02 1.440188271367521533e-01 2.056181889057966117e-01 2.829569742148235201e-01
2.377447668401344860e-01 1.726741583946785341e-01 1.434396395109309719e-01 1.204097316413201835e-01 9.075759747903508479e-02 2.919648544007106411e-02 -3.793742518819747528e-02 -1.151363272350193062e-01 -1.883617162999854378e-01 -2.256282364276736285e-01
1.726741583946785341e-01 1.420466738486045044e-01 1.358039066019300911e-01 1.320412604897137632e-01 1.200901404537746964e-01 6.941226874557313020e-02 2.216454647746650061e-02 -3.791943304949051130e-02 -1.016819243724439992e-01 -1.460726346735825021e-01
1.434396395109309719e-01 1.358039066019300911e-01 1.494439371217384793e-01 1.622878415752854186e-01 1.635339929964114425e-01 1.138723770041483035e-01 7.616014101173335105e-02 2.174582934911788862e-02 -4.359210843208517067e-02 -1.010024267590098473e-01
1.204097316413201835e-01 1.320412604897137632e-01 1.622878415752854186e-01 1.922816442628840217e-01 2.063625524776076525e-01 1.559177115398527880e-01 1.253898608661100644e-01 7.499407673823649256e-02 7.280348725353221785e-03 -6.299278196683456843e-02
9.075759747903508479e-02 1.200901404537746964e-01 1.635339929964114425e-01 2.063625524776076525e-01 2.355289557599631323e-01 1.881057880465508148e-01 1.664072068178402142e-01 1.227323157978267576e-01 5.682743137613899265e-02 -2.185269825478780223e-02
2.919648544007106411e-02 6.941226874557313020e-02 1.138723770041483035e-01 1.559177115398527880e-01 1.881057880465508148e-01 1.632793989088872910e-01 1.603818801499411750e-01 1.382311940661719862e-01 9.464753252725661981e-02 3.113968042633375247e-02
-3.793742518819747528e-02 2.216454647746650061e-02 7.616014101173335105e-02 1.253898608661100644e-01 1.664072068178402142e-01 1.603818801499411750e-01 1.803539171346100756e-01 1.804820054988085509e-01 1.554392175614904004e-01 9.851599405277748633e-02
-1.151363272350193062e-01 -3.791943304949051130e-02 2.174582934911788862e-02 7.499407673823649256e-02 1.227323157978267576e-01 1.382311940661719862e-01 1.804820054988085509e-01 2.102862974631248272e-01 2.119091300776286824e-01 1.691758512341313414e-01
-1.883617162999854378e-01 -1.016819243724439992e-01 -4.359210843208517067e-02 7.280348725353221785e-03 5.682743137613899265e-02 9.464753252725661981e-02 1.554392175614904004e-01 2.119091300776286824e-01 2.478374836609285314e-01 2.281336139068472768e-01
-2.256282364276736285e-01 -1.460726346735825021e-01 -1.010024267590098473e-01 -6.299278196683456843e-02 -2.185269825478780223e-02 3.113968042633375247e-02 9.851599405277748633e-02 1.691758512341313414e-01 2.281336139068472768e-01 2.411969249991250397e-01
1.999880794531640749e-01 1.407106393238481412e-01 1.572106759396767472e-01 1.321522799230901990e-01 8.025739509344581579e-02 1.617562668948964444e-02 -5.148569749495708614e-02 -1.314462196452265141e-01 -1.756074514561179745e-01 -1.852847531953183136e-01
1.407106393238481412e-01 1.179082400011011306e-01 1.552544179982645045e-01 1.474948294181091246e-01 1.088318374609547196e-01 5.668616104042269871e-02 1.153441983749114302e-02 -3.929803687786817545e-02 -8.279642641027507022e-02 -1.106329701667024684e-01
1.572106759396767472e-01 1.552544179982645045e-01 2.317236837663375626e-01 2.358698861431901272e-01 1.889983885158991184e-01 1.212029496423299713e-01 7.384108351879151155e-02 2.414833750536413831e-02 -4.046001940690162335e-02 -9.860185379666436267e-02
1.321522799230901990e-01 1.474948294181091246e-01 2.358698861431901272e-01 2.547483567567622176e-01 2.134104362542144084e-01 1.481446195525490395e-01 1.103061090118408749e-01 7.410761982116703672e-02 7.230692773903851095e-03 -6.324492384640890974e-02
8.025739509344581579e-02 1.088318374609547196e-01 1.889983885158991184e-01 2.134104362542144084e-01 1.905103748608921177e-01 1.429933590996601556e-01 1.228092234119212423e-01 1.073695072184137622e-01 5.227503158954684148e-02 -1.552231019039029998e-02
1.617562668948964444e-02 5.668616104042269871e-02 1.212029496423299713e-01 1.481446195525490395e-01 1.429933590996601556e-01 1.213817031390417578e-01 1.234345657632283932e-01 1.324048006258684573e-01 9.535947447533277277e-02 3.741347119988574360e-02
-5.148569749495708614e-02 1.153441983749114302e-02 7.384108351879151155e-02 1.103061090118408749e-01 1.228092234119212423e-01 1.234345657632283932e-01 1.516388298541463397e-01 1.906442223349331111e-01 1.648867220129474065e-01 1.045637997144501091e-01
-1.314462196452265141e-01 -3.929803687786817545e-02 2.414833750536413831e-02 7.410761982116703672e-02 1.073695072184137622e-01 1.324048006258684573e-01 1.906442223349331111e-01 2.688821100434354849e-01 2.546974577980362087e-01 1.872630655556066226e-01
-1.756074514561179745e-01 -8.279642641027507022e-02 -4.046001940690162335e-02 7.230692773903851095e-03 5.227503158954684148e-02 9.535947447533277277e-02 1.648867220129474065e-01 2.546974577980362087e-01 2.653487382017619134e-01 2.150886490347749536e-01
-1.852847531953183136e-01 -1.106329701667024684e-01 -9.860185379666436267e-02 -6.324492384640890974e-02 -1.552231019039029998e-02 3.741347119988574360e-02 1.045637997144501091e-01 1.872630655556066226e-01 2.150886490347749536e-01 1.978698839233586082e-01
1.604780314494873295e-01 1.766234693790514898e-01 1.464138948276816898e-01 1.128392960756622737e-01 6.550961699442023334e-02 -6.872736185054574044e-03 -7.849373959514158172e-02 -1.146245213509349548e-01 -1.368486091035032715e-01 -1.518636996448229637e-01
1.766234693790514898e-01 2.153587926386322515e-01 1.964111596157825934e-01 1.743073669121969482e-01 1.336656432000288830e-01 4.260322772180274303e-02 -2.714218003604544627e-02 -7.897368294463592842e-02 -1.179348963152694052e-01 -1.497443296766804155e-01
1.464138948276816898e-01 1.964111596157825934e-01 1.990168099073849339e-01 1.975398270164018533e-01 1.751336707879456167e-01 8.675684108262586569e-02 3.755284222117415138e-02 -1.830577915016054838e-02 -6.604994161180850754e-02 -1.079694353528836831e-01
1.128392960756622737e-01 1.743073669121969482e-01 1.975398270164018533e-01 2.222382995446994247e-01 2.214831676462867827e-01 1.355445084038819359e-01 1.089044529358943747e-01 4.898794999551674134e-02 -8.312841181750553476e-03 -6.159063280807546698e-02
6.550961699442023334e-02 1.336656432000288830e-01 1.751336707879456167e-01 2.214831676462867827e-01 2.480186422850479966e-01 1.742786531776482351e-01 1.748928979985830690e-01 1.166930461667903818e-01 5.506927628804623998e-02 -5.116963622420365662e-03
-6.872736185054574044e-03 4.260322772180274303e-02 8.675684108262586569e-02 1.355445084038819359e-01 1.742786531776482351e-01 1.457609462527144628e-01 1.762089014520658581e-01 1.413458067040298527e-01 9.804455256440659794e-02 5.360767488919870177e-02
-7.849373959514158172e-02 -2.714218003604544627e-02 3.755284222117415138e-02 1.089044529358943747e-01 1.748928979985830690e-01 1.762089014520658581e-01 2.494538700897251382e-01 2.226373935931318104e-01 1.785926214201374318e-01 1.309047880992536550e-01
-1.146245213509349548e-01 -7.897368294463592842e-02 -1.830577915016054838e-02 4.898794999551674134e-02 1.166930461667903818e-01 1.413458067040298527e-01 2.226373935931318104e-01 2.171750791632223732e-01 1.891386663399177714e-01 1.546517046092077963e-01
-1.368486091035032715e-01 -1.179348963152694052e-01 -6.604994161180850754e-02 -8.312841181750553476e-03 5.506927628804623998e-02 9.804455256440659794e-02 1.785926214201374318e-01 1.891386663399177714e-01 1.809211184596228317e-01 1.623777879465056473e-01
-1.518636996448229637e-01 -1.497443296766804155e-01 -1.079694353528836831e-01 -6.159063280807546698e-02 -5.116963622420365662e-03 5.360767488919870177e-02 1.309047880992536550e-01 1.546517046092077963e-01 1.623777879465056473e-01 1.615784102094634245e-01
2.026052308822929027e-01 2.396761330090800834e-01 1.459343821109937434e-01 9.446635018156257502e-02 6.884574613755187200e-02 2.812008488986628141e-02 -1.839235338361027566e-02 -7.510829680187330881e-02 -1.527765004138305349e-01 -1.870023706474426561e-01
2.396761330090800834e-01 3.227614926245042648e-01 2.128685254178117603e-01 1.592540003582036401e-01 1.462651290413618799e-01 1.026410088824034894e-01 5.513245976049591796e-02 -1.676944596899948570e-02 -1.106296965481642774e-01 -1.828235663083570828e-01
1.459343821109937434e-01 2.128685254178117603e-01 1.520796964774845383e-01 1.254004801975094063e-01 1.279506001863705555e-01 1.031036185134047017e-01 7.742097798959214627e-02 3.000753487790409554e-02 -2.935374356968751056e-02 -9.161347154548588056e-02
9.446635018156257502e-02 1.592540003582036401e-01 1.254004801975094063e-01 1.169127416022366361e-01 1.326984777516129199e-01 1.188928625889927038e-01 1.061943737690274059e-01 7.074103438418852252e-02 2.973166415562993742e-02 -3.375209113777297848e-02
6.884574613755187200e-02 1.462651290413618799e-01 1.279506001863705555e-01 1.326984777516129199e-01 1.644558376781442566e-01 1.580686436300123010e-01 1.542747535433892925e-01 1.217173509719311209e-01 8.833254987275937498e-02 1.067712977873978841e-02
2.812008488986628141e-02 1.026410088824034894e-01 1.031036185134047017e-01 1.188928625889927038e-01 1.580686436300123010e-01 1.628811935844292902e-01 1.703997866273488926e-01 1.479194534559334639e-01 1.292003604787123339e-01 5.376037405990263113e-02
-1.839235338361027566e-02 5.513245976049591796e-02 7.742097798959214627e-02 1.061943737690274059e-01 1.542747535433892925e-01 1.703997866273488926e-01 1.933504958139756202e-01 1.830515331275923696e-01 1.810430462424824360e-01 1.055161745247609473e-01
-7.510829680187330881e-02 -1.676944596899948570e-02 3.000753487790409554e-02 7.074103438418852252e-02 1.217173509719311209e-01 1.479194534559334639e-01 1.830515331275923696e-01 1.935353778416996351e-01 2.154429348442213066e-01 1.531491674928060764e-01
-1.527765004138305349e-01 -1.106296965481642774e-01 -2.935374356968751056e-02 2.973166415562993742e-02 8.833254987275937498e-02 1.292003604787123339e-01 1.810430462424824360e-01 2.154429348442213066e-01 2.727297264409179745e-01 2.241743592239931471e-01
-1.870023706474426561e-01 -1.828235663083570828e-01 -9.161347154548588056e-02 -3.375209113777297848e-02 1.067712977873978841e-02 5.376037405990263113e-02 1.055161745247609473e-01 1.531491674928060764e-01 2.241743592239931471e-01 2.186882070543155199e-01
1.898161600909382685e-01 1.785760701812142692e-01 1.189555709901141817e-01 9.644623523015097288e-02 8.729299665876669168e-02 3.581111309860475489e-02 -3.570149281613042846e-02 -1.108883014808241252e-01 -1.721763287443110746e-01 -2.047488701548268453e-01
1.785760701812142692e-01 1.803705068378634591e-01 1.292896846779240105e-01 1.187209909128362634e-01 1.274854724049524490e-01 8.257855431452884587e-02 1.030487277196235479e-02 -6.938418843934879288e-02 -1.380008643415310821e-01 -1.799454006819286023e-01
1.189555709901141817e-01 1.292896846779240105e-01 1.021134545121802351e-01 1.065640103709137032e-01 1.299861514048915034e-01 1.028654353688694539e-01 4.931075569152189308e-02 -1.286140583261235516e-02 -7.002976159185674010e-02 -1.093464536726331260e-01
9.644623523015097288e-02 1.187209909128362634e-01 1.065640103709137032e-01 1.288469954845661292e-01 1.759999159725028628e-01 1.580621175831599945e-01 1.059485399473179684e-01 4.169224469073595091e-02 -2.225887307945344923e-02 -7.210202563513377905e-02
8.729299665876669168e-02 1.274854724049524490e-01 1.299861514048915034e-01 1.759999159725028628e-01 2.611676796828328317e-01 2.510090015163484733e-01 1.907513131594474887e-01 1.127140971449218099e-01 2.993270384766013106e-02 -4.104751496518530690e-02
3.581111309860475489e-02 8.257855431452884587e-02 1.028654353688694539e-01 1.580621175831599945e-01 2.510090015163484733e-01 2.627738002167643305e-01 2.204544077750046904e-01 1.585818472794083833e-01 8.747614164905524736e-02 1.981595593407270775e-02
-3.570149281613042846e-02 1.030487277196235479e-02 4.931075569152189308e-02 1.059485399473179684e-01 1.907513131594474887e-01 2.204544077750046904e-01 2.133833171820210262e-01 1.854056236687476877e-01 1.426803335195943878e-01 9.219409204094371202e-02
-1.108883014808241252e-01 -6.938418843934879288e-02 -1.286140583261235516e-02 4.169224469073595091e-02 1.127140971449218099e-01 1.585818472794083833e-01 1.854056236687476877e-01 1.995535010214157523e-01 1.922855192837999716e-01 1.641784009617308637e-01
-1.721763287443110746e-01 -1.380008643415310821e-01 -7.002976159185674010e-02 -2.225887307945344923e-02 2.993270384766013106e-02 8.747614164905524736e-02 1.426803335195943878e-01 1.922855192837999716e-01 2.223078901455413370e-01 2.186195291144920894e-01
-2.047488701548268453e-01 -1.799454006819286023e-01 -1.093464536726331260e-01 -7.210202563513377905e-02 -4.104751496518530690e-02 1.981595593407270775e-02 9.219409204094371202e-02 1.641784009617308637e-01 2.186195291144920894e-01 2.396666948258767416e-01
1.792053276378403615e-01 1.381986365508174608e-01 1.367631479150321905e-01 9.699070929540551389e-02 4.740403740726366333e-02 -2.791953628669346932e-02 -9.532871938146725288e-02 -1.428974200727275434e-01 -1.584357044271325898e-01 -1.928670626422283596e-01
1.381986365508174608e-01 1.193537732696666465e-01 1.369408577020944096e-01 1.206524015904644337e-01 9.800223430449273021e-02 2.264818006820364452e-02 -3.961810282735398620e-02 -8.546504085690403985e-02 -1.070118526379222473e-01 -1.393288813457508046e-01
1.367631479150321905e-01 1.369408577020944096e-01 1.850558948157971784e-01 1.927693567578609435e-01 1.955945206629710609e-01 9.361155515796545923e-02 1.601039749813383539e-02 -4.403269130793723007e-02 -8.143686878618647262e-02 -1.234346528025247192e-01
9.699070929540551389e-02 1.206524015904644337e-01 1.927693567578609435e-01 2.338696659573132330e-01 2.721096630272647476e-01 1.621359012226363250e-01 8.593549978029681180e-02 2.412838134968021617e-02 -2.441787543610397099e-02 -6.840026770027271552e-02
4.740403740726366333e-02 9.800223430449273021e-02 1.955945206629710609e-01 2.721096630272647476e-01 3.582363960836904004e-01 2.399632153675184676e-01 1.666170973393508725e-01 1.044120810483717549e-01 4.404414885328983287e-02 -1.262625064239567951e-03
-2.791953628669346932e-02 2.264818006820364452e-02 9.361155515796545923e-02 1.621359012226363250e-01 2.399632153675184676e-01 1.859787309809900480e-01 1.577916423796763001e-01 1.290661608049273323e-01 8.912363266157076469e-02 6.680500643726082488e-02
-9.532871938146725288e-02 -3.961810282735398620e-02 1.601039749813383539e-02 8.593549978029681180e-02 1.666170973393508725e-01 1.577916423796763001e-01 1.670841363879884689e-01 1.647329331930220686e-01 1.376805463126108686e-01 1.322341765849520956e-01
-1.428974200727275434e-01 -8.546504085690403985e-02 -4.403269130793723007e-02 2.412838134968021617e-02 1.044120810483717549e-01 1.290661608049273323e-01 1.647329331930220686e-01 1.846866261940023901e-01 1.694270870971242848e-01 1.771991795627797239e-01
-1.584357044271325898e-01 -1.070118526379222473e-01 -8.143686878618647262e-02 -2.441787543610397099e-02 4.404414885328983287e-02 8.912363266157076469e-02 1.376805463126108686e-01 1.694270870971242848e-01 1.681152998417674294e-01 1.863267714424090282e-01
-1.928670626422283596e-01 -1.393288813457508046e-01 -1.234346528025247192e-01 -6.840026770027271552e-02 -1.262625064239567951e-03 6.680500643726082488e-02 1.322341765849520956e-01 1.771991795627797239e-01 1.863267714424090282e-01 2.184141488309435386e-01
1.784483472244167146e-01 1.877163468555793635e-01 1.607604719841495833e-01 1.119393323088330172e-01 4.974037055844929972e-02 -1.460479166612014233e-02 -6.731150241983589744e-02 -1.125222821321666122e-01 -1.284035166461848509e-01 -1.804256663657398951e-01
1.877163468555793635e-01 2.141232649840398017e-01 1.980742877886915165e-01 1.571888466039415011e-01 1.015833017827243723e-01 4.394608289887157876e-02 -2.395630345449364929e-02 -8.203285105633090213e-02 -1.142851487695208668e-01 -1.767992909766030740e-01
1.607604719841495833e-01 1.980742877886915165e-01 2.017069519685633361e-01 1.800622862115482392e-01 1.435682638788846610e-01 1.053588381902853532e-01 3.290472987548986872e-02 -2.923099387808732880e-02 -7.526932993176162212e-02 -1.385461437406542429e-01
1.119393323088330172e-01 1.571888466039415011e-01 1.800622862115482392e-01 1.868155169619855893e-01 1.788176553116992973e-01 1.683734168763928452e-01 9.806451671579359541e-02 3.780031916413303245e-02 -2.022962269679838554e-02 -7.839146981963961147e-02
4.974037055844929972e-02 1.015833017827243723e-01 1.435682638788846610e-01 1.788176553116992973e-01 2.064529774749155611e-01 2.295821916453514577e-01 1.654300969273909960e-01 1.109211412412909603e-01 4.339936795078053189e-02 -5.041985164124561727e-03
-1.460479166612014233e-02 4.394608289887157876e-02 1.053588381902853532e-01 1.683734168763928452e-01 2.295821916453514577e-01 2.914062844064004287e-01 2.339247212141290500e-01 1.850623003296416325e-01 1.082379399498657746e-01 7.037028598704246629e-02
-6.731150241983589744e-02 -2.395630345449364929e-02 3.290472987548986872e-02 9.806451671579359541e-02 1.654300969273909960e-01 2.339247212141290500e-01 2.098012136342786438e-01 1.857062425331896527e-01 1.278923175436425808e-01 1.129182601251996071e-01
-1.125222821321666122e-01 -8.203285105633090213e-02 -2.923099387808732880e-02 3.780031916413303245e-02 1.109211412412909603e-01 1.850623003296416325e-01 1.857062425331896527e-01 1.853722695249694075e-01 1.447893657324467176e-01 1.497279517330250276e-01
-1.284035166461848509e-01 -1.142851487695208668e-01 -7.526932993176162212e-02 -2.022962269679838554e-02 4.339936795078053189e-02 1.082379399498657746e-01 1.278923175436425808e-01 1.447893657324467176e-01 1.292090838399322372e-01 1.512837128124729091e-01
-1.804256663657398951e-01 -1.767992909766030740e-01 -1.385461437406542429e-01 -7.839146981963961147e-02 -5.041985164124561727e-03 7.037028598704246629e-02 1.129182601251996071e-01 1.497279517330250276e-01 1.512837128124729091e-01 1.966640899804976694e-01
1.400139272471088714e-01 1.412031865760198790e-01 1.346700976284709306e-01 1.139012298551595331e-01 4.796377455615503937e-02 -1.170590887995602916e-02 -6.966015600166003408e-02 -1.285422854850740149e-01 -1.445966764988869113e-01 -1.449431491527095328e-01
1.412031865760198790e-01 1.723884642516982368e-01 1.939169012191604979e-01 1.933245634271628377e-01 1.137964734888276125e-01 4.298893083155531925e-02 -1.337108188514472482e-02 -6.723923890833724548e-02 -9.809268666884148058e-02 -1.200997414893596044e-01
1.346700976284709306e-01 1.939169012191604979e-01 2.470386917381513503e-01 2.690523012615390064e-01 1.777216569963863957e-01 9.817315942546378515e-02 4.626844225546282441e-02 3.236190616638315721e-04 -4.485929033559932916e-02 -8.836247680133547944e-02
1.139012298551595331e-01 1.933245634271628377e-01 2.690523012615390064e-01 3.180083785314552491e-01 2.236554423547812975e-01 1.427383430879281268e-01 1.003341500072259806e-01 6.708801591391583274e-02 1.245331992398554695e-02 -4.783760526259586698e-02
4.796377455615503937e-02 1.137964734888276125e-01 1.777216569963863957e-01 2.236554423547812975e-01 1.716595872787919919e-01 1.249077903247316768e-01 1.094103439448959741e-01 1.017428805441996653e-01 6.071747271974986537e-02 9.570010252115832006e-03
-1.170590887995602916e-02 4.298893083155531925e-02 9.817315942546378515e-02 1.427383430879281268e-01 1.249077903247316768e-01 1.099970254576119744e-01 1.197555937462660564e-01 1.357288652405339580e-01 1.060438054472413738e-01 6.227817594102228599e-02
-6.966015600166003408e-02 -1.337108188514472482e-02 4.626844225546282441e-02 1.003341500072259806e-01 1.094103439448959741e-01 1.197555937462660564e-01 1.562169899415842833e-01 1.985622976068989742e-01 1.721027703303592005e-01 1.249290634185881849e-01
-1.285422854850740149e-01 -6.723923890833724548e-02 3.236190616638315721e-04 6.708801591391583274e-02 1.017428805441996653e-01 1.357288652405339580e-01 1.985622976068989742e-01 2.715347650352497588e-01 2.464799720578984277e-01 1.921686577889767933e-01
-1.445966764988869113e-01 -9.809268666884148058e-02 -4.485929033559932916e-02 1.245331992398554695e-02 6.071747271974986537e-02 1.060438054472413738e-01 1.721027703303592005e-01 2.464799720578984277e-01 2.376192776105985338e-01 1.958482201232503717e-01
-1.449431491527095328e-01 -1.200997414893596044e-01 -8.836247680133547944e-02 -4.783760526259586698e-02 9.570010252115832006e-03 6.227817594102228599e-02 1.249290634185881849e-01 1.921686577889767933e-01 1.958482201232503717e-01 1.755228929077496947e-01
1.347927346911598212e-01 1.849446212661655098e-01 1.559506466554482773e-01 9.940555540506641752e-02 4.906339032324889826e-02 2.738733903167962867e-03 -4.300379477589259120e-02 -9.293110983698324445e-02 -1.263331086527096081e-01 -1.293226937178856562e-01
1.849446212661655098e-01 2.916084817073051338e-01 2.672776130595010957e-01 1.931209112348236390e-01 1.297573131494401955e-01 7.462045200903144604e-02 1.332313978422271922e-02 -4.894920272381394349e-02 -1.064001961392322948e-01 -1.426872799120967594e-01
1.559506466554482773e-01 2.672776130595010957e-01 2.645412167978391516e-01 2.044951279217908091e-01 1.535637134236242929e-01 1.115731031168328835e-01 5.995524654092842382e-02 1.071264619419372635e-02 -4.654234849826298370e-02 -9.861326301370658409e-02
9.940555540506641752e-02 1.931209112348236390e-01 2.044951279217908091e-01 1.730741209796368141e-01 1.449276208962220480e-01 1.233597556991172656e-01 9.040534794182303324e-02 6.246354130375417896e-02 1.671265221666334497e-02 -3.944037699063366459e-02
4.906339032324889826e-02 1.297573131494401955e-01 1.535637134236242929e-01 1.449276208962220480e-01 1.390582788738839726e-01 1.370850799306916612e-01 1.210620919486789238e-01 1.122860466995629358e-01 7.627245101696054908e-02 1.515713396414580284e-02
2.738733903167962867e-03 7.462045200903144604e-02 1.115731031168328835e-01 1.233597556991172656e-01 1.370850799306916612e-01 1.551290943264402589e-01 1.554813492537103492e-01 1.648696750851796622e-01 1.364183536704202671e-01 6.812107991227879522e-02
-4.300379477589259120e-02 1.332313978422271922e-02 5.995524654092842382e-02 9.040534794182303324e-02 1.210620919486789238e-01 1.554813492537103492e-01 1.740256277512753080e-01 2.017907170811491513e-01 1.831509774070540220e-01 1.136823828175594353e-01
-9.293110983698324445e-02 -4.894920272381394349e-02 1.071264619419372635e-02 6.246354130375417896e-02 1.122860466995629358e-01 1.648696750851796622e-01 2.017907170811491513e-01 2.536618749918714832e-01 2.447981660018880568e-01 1.685465780131868152e-01
-1.263331086527096081e-01 -1.064001961392322948e-01 -4.654234849826298370e-02 1.671265221666334497e-02 7.627245101696054908e-02 1.364183536704202671e-01 1.831509774070540220e-01 2.447981660018880568e-01 2.544073634365157655e-01 1.896993442137827612e-01
-1.293226937178856562e-01 -1.426872799120967594e-01 -9.861326301370658409e-02 -3.944037699063366459e-02 1.515713396414580284e-02 6.812107991227879522e-02 1.136823828175594353e-01 1.685465780131868152e-01 1.896993442137827612e-01 1.597012064440728185e-01
1.977769304246037030e-01 1.885302155192428164e-01 1.709616542011609397e-01 1.381374814323214628e-01 9.061095320324424884e-02 3.680120768874380055e-02 -4.148517779266590322e-02 -1.136123003205203041e-01 -1.455185996757046019e-01 -1.544278061068539432e-01
1.885302155192428164e-01 1.900558116717425694e-01 1.804944670408397123e-01 1.548656985512087969e-01 1.161115120746395446e-01 7.639420661042112259e-02 3.400035831499720242e-03 -7.183627668166302216e-02 -1.166006342048012956e-01 -1.383233025491906742e-01
1.709616542011609397e-01 1.804944670408397123e-01 1.817570136175100104e-01 1.653060999621123739e-01 1.366675492499360711e-01 1.119608554420623708e-01 4.689853876374963648e-02 -2.843599692690285813e-02 -8.408524685959489764e-02 -1.170967124278021743e-01
1.381374814323214628e-01 1.548656985512087969e-01 1.653060999621123739e-01 1.629902488704662589e-01 1.499147476204386598e-01 1.454076953555714924e-01 9.468994715268663764e-02 2.525102415846252127e-02 -3.912503368310128737e-02 -8.350881543569653453e-02
9.061095320324424884e-02 1.161115120746395446e-01 1.366675492499360711e-01 1.499147476204386598e-01 1.595684702840430014e-01 1.829910377301056656e-01 1.531191386433691792e-01 9.425259781259957836e-02 2.139499299864827328e-02 -3.636518100867045661e-02
3.680120768874380055e-02 7.639420661042112259e-02 1.119608554420623708e-01 1.454076953555714924e-01 1.829910377301056656e-01 2.467493938973864820e-01 2.419698739401582865e-01 1.913083123550424758e-01 1.014473484468610548e-01 2.170224083525123387e-02
-4.148517779266590322e-02 3.400035831499720242e-03 4.689853876374963648e-02 9.468994715268663764e-02 1.531191386433691792e-01 2.419698739401582865e-01 2.756225469730080313e-01 2.523005930102413252e-01 1.687499542971274136e-01 8.672644584373997989e-02
-1.136123003205203041e-01 -7.183627668166302216e-02 -2.843599692690285813e-02 2.525102415846252127e-02 9.425259781259957836e-02 1.913083123550424758e-01 2.523005930102413252e-01 2.674691484120150786e-01 2.066076148690149106e-01 1.370367949435763455e-01
