1.164176012195988624e-01 1.022274921353481525e-01 1.137086023037852944e-01 1.121854119194319044e-01 1.014508368655593767e-01 7.705546619439243572e-02 8.965231311255225655e-02 8.596972873277733407e-02 8.776037142019829651e-02 1.135721760963562948e-01
8.382916787891139809e-02 6.550758870352133001e-02 8.019029651071324372e-02 9.089202613850286272e-02 1.168649189310534270e-01 1.179275560878842444e-01 1.156481361557157861e-01 1.114431116840286368e-01 1.197820856090648922e-01 9.791511230060440107e-02
1.024013577699511568e-01 1.372118324547396406e-01 1.081122251824902653e-01 9.266422608149708917e-02 9.837790060592775665e-02 9.397723548778361136e-02 9.707985502525129373e-02 8.305104548199226944e-02 9.936668603308879133e-02 8.775763587727845871e-02
9.992318169887326462e-02 1.093736196054673759e-01 1.028064840514804623e-01 9.443235349961079383e-02 1.069923756275911741e-01 1.057641603119092721e-01 1.155624745145810706e-01 9.296963317424078443e-02 8.168909297003841552e-02 9.048662454620746975e-02
1.055061555692623915e-01 1.047267137353243976e-01 1.174729900735526494e-01 1.065637786057275216e-01 1.037309804134498858e-01 8.889975000920630199e-02 9.173377941000754321e-02 8.369189313923039442e-02 9.283116799924526208e-02 1.048427910449936107e-01
9.850868638602507110e-02 8.574672046909963263e-02 9.077748897316781362e-02 9.639916298481923662e-02 1.008831705633880943e-01 1.078674913344409847e-01 8.987960254218996248e-02 9.832563828092660829e-02 1.149867333569389166e-01 1.166253051090038045e-01
1.025976018000701595e-01 9.955773546758459047e-02 1.119264312982092835e-01 9.876412417796827381e-02 1.052267703013149841e-01 9.084788136568716643e-02 9.483645057512044008e-02 9.669853067889178089e-02 9.670279867848399769e-02 1.028416756566695456e-01
1.133041663260626331e-01 1.083838511949752198e-01 1.092196236380324620e-01 1.193641683953480803e-01 1.271289081202296445e-01 1.088218655802806190e-01 7.552513389795492693e-02 7.302086896494534851e-02 8.328743098063200179e-02 8.194398290153910580e-02
7.869816000170451464e-02 7.546109970481063023e-02 1.013212602036572124e-01 1.159708278503036455e-01 1.072566449173619069e-01 1.192334148266052385e-01 1.128875806291451123e-01 1.088146383034709064e-01 9.338568899118743216e-02 8.697068457175347045e-02
1.163268982204216373e-01 1.010606727059337739e-01 9.189079154554884166e-02 1.024001016509255291e-01 9.171853834232837621e-02 9.741834140610390602e-02 9.287986364550268603e-02 9.164146445423909659e-02 1.079201884467625300e-01 1.067431395822336093e-01
1.078282030799739555e-01 1.058040064085827570e-01 1.034314022729301424e-01 1.029315717972003053e-01 9.678129492633513742e-02 9.498047429824420240e-02 1.079634739525937026e-01 8.622398798437323764e-02 1.002930034684874072e-01 9.376258181127930524e-02
9.118510191664022657e-02 8.051353734599070444e-02 9.013603166243859544e-02 9.398462187202399898e-02 9.969446813220950165e-02 9.957112508534265993e-02 9.740243799242526146e-02 1.106102971900441850e-01 1.273701012436295743e-01 1.095322775592552644e-01
1.014242475495291396e-01 9.509490489866867513e-02 9.926709712041373312e-02 1.120930540047954116e-01 1.035464653484662323e-01 8.664551534831044233e-02 8.026485881281079926e-02 9.821399197670716008e-02 1.140540242939244719e-01 1.093958406463741428e-01
8.864796891797287193e-02 8.343099372125836743e-02 8.709033694205994824e-02 1.086710946227855690e-01 1.020753881415893266e-01 9.999983513961140102e-02 1.131818649026598289e-01 9.578955427863528049e-02 1.005666900936272451e-01 1.205462732398005499e-01
7.986859304885932098e-02 1.018948532868255846e-01 1.086262849257238761e-01 1.066494099604640977e-01 1.062440587747767590e-01 9.626151698471394069e-02 9.329904704108422930e-02 9.991081294530307355e-02 1.147160269892135986e-01 9.252939604303557497e-02
1.060720244282865460e-01 1.043836124187477454e-01 9.081248624087577548e-02 8.472219702829827948e-02 9.133079639870295141e-02 1.065856809271562428e-01 1.185645734163820603e-01 1.024388871456519967e-01 9.045210950028767516e-02 1.046376324956107551e-01
1.366430804292865231e-01 1.190150414680496288e-01 9.777304117104318459e-02 1.019939035042616293e-01 9.769082966221340203e-02 8.705778559039270559e-02 8.520980800636657193e-02 8.922191026387757407e-02 8.222780216902252082e-02 1.031667977354861765e-01
1.079213367522743328e-01 1.050885976091688601e-01 1.107787574168828115e-01 1.107026874208321826e-01 1.155607665850140742e-01 9.852366166633923228e-02 8.205697734258994569e-02 8.317938828542084662e-02 8.800139716264648859e-02 9.818642975883151713e-02
8.331410710633925520e-02 9.016706127907568591e-02 1.058086114806396083e-01 9.479266678208288222e-02 1.059423409139815669e-01 1.073002099221834343e-01 1.113600725174535566e-01 1.228654327281819003e-01 9.783524311168828591e-02 8.061425415837407404e-02
9.607593801413460977e-02 8.678212360338107001e-02 9.923271922409956924e-02 1.183331492697084486e-01 1.136201974513699198e-01 9.816151740811944471e-02 1.173671521153921982e-01 1.001909287219314992e-01 8.055799828582514699e-02 8.967827590603831556e-02
1.232325589275310163e-01 1.014190160501023674e-01 1.012965083914307285e-01 9.800264832694659256e-02 8.868010896487694972e-02 8.868596556648100648e-02 8.105848553911579324e-02 9.624395404634325524e-02 1.130493621451065245e-01 1.083313920420659882e-01
8.991129222853704028e-02 9.787316212796973169e-02 1.136721614464015762e-01 1.086773638638820483e-01 1.176158768572070079e-01 1.047871794033055082e-01 9.540219113226437730e-02 9.068832227544693092e-02 8.870905717706061011e-02 9.266339348792546060e-02
8.684963076220644784e-02 8.680902769406109720e-02 1.061467812625013635e-01 1.011691060859402358e-01 1.008998017373034795e-01 9.024177958790859100e-02 9.335263414693223405e-02 1.023755704857051418e-01 1.156575023205574509e-01 1.164981659168841110e-01
8.973402065849242493e-02 8.620019209311312325e-02 9.230277537859604697e-02 9.681632390210437311e-02 8.694211444911489894e-02 9.243997660573660680e-02 1.216526668551818069e-01 1.149621650179487864e-01 1.152528511935832084e-01 1.036969138461289186e-01
9.133976521146193461e-02 9.954585354663114671e-02 1.000390563117892623e-01 1.055095307289914131e-01 9.407364630035135178e-02 1.072554935525709130e-01 1.084927511164355263e-01 1.059449623925445561e-01 1.013612428863374659e-01 8.643769795288633317e-02
1.027191336348747541e-01 1.009998165928549796e-01 1.093941867653392686e-01 9.801010622594677479e-02 1.040382815508116843e-01 1.034522505978336393e-01 1.031467796652367902e-01 8.187322307841764235e-02 8.717642390447062628e-02 1.091897979842141181e-01
1.078307227633323873e-01 1.004999496058383290e-01 8.167051649532117152e-02 8.483172701597002652e-02 8.502498177708874005e-02 1.006102051729182711e-01 1.129253333012151805e-01 1.110000460155925184e-01 1.113402488107815558e-01 1.042662690419420002e-01
9.599416800753063361e-02 9.444027638749069586e-02 1.099953780817244653e-01 1.106310926103921677e-01 8.044708577447322317e-02 7.670411110069824678e-02 1.115172640759007211e-01 1.184678482243027159e-01 1.127834423244272327e-01 8.901933341305971747e-02
9.136920155204172889e-02 7.987353213236673966e-02 7.824122429716567906e-02 1.010812026895453464e-01 1.227612995646544941e-01 1.002784725442130709e-01 9.829650633626924039e-02 1.110838418066217304e-01 1.083326487058755005e-01 1.086820703712463032e-01
1.089307833358075100e-01 9.973258670726584119e-02 8.774196554838289974e-02 9.082124297126423218e-02 1.059290421058865228e-01 1.057201530154061042e-01 1.018620682951908857e-01 9.693851941496071933e-02 9.295758977977737481e-02 1.093660488260580765e-01
9.609083710997821937e-02 1.023375890813459227e-01 1.300608038100346808e-01 1.118745424915151276e-01 8.976919853191114851e-02 9.770614007852497507e-02 1.038153138340940917e-01 1.002348715195931494e-01 8.712190694691072934e-02 8.098879659609201087e-02
9.550103023566122729e-02 1.162552039139635313e-01 9.534319177736878814e-02 9.418729901702020679e-02 9.551861310066010746e-02 9.127183789332440900e-02 1.073452403052206350e-01 1.040615144376648288e-01 1.002807653708731594e-01 1.002353039482433150e-01
1.129396060610308034e-01 1.062366367834161329e-01 8.822469065509874753e-02 9.749132027942904177e-02 1.055019896547954583e-01 9.788162288389254395e-02 8.103937686558262965e-02 8.970116622788823491e-02 1.026336544304365661e-01 1.183499361584301607e-01
8.402570028692044057e-02 9.726812524216130185e-02 1.136545010623874613e-01 9.407798137984606235e-02 9.618742069576327602e-02 1.002276605195986658e-01 1.055097471046753665e-01 1.099828285303550979e-01 1.134643377174792966e-01 8.560169746081316977e-02
9.568470825982253181e-02 1.031477209238328974e-01 9.829281393137487277e-02 1.076457127612823195e-01 9.389450790608869224e-02 1.113594039537932068e-01 1.289893192106635333e-01 9.989410261180559081e-02 7.638628112925627267e-02 8.470542931208006887e-02
1.080967874077701507e-01 9.644009695342066479e-02 1.019604524534878653e-01 9.518478979531844186e-02 1.055502675079807579e-01 1.048588979330621340e-01 7.975155268490305427e-02 8.694320677124560415e-02 1.116999410334984233e-01 1.095140074593131951e-01
9.398495926344466178e-02 1.045752060891790708e-01 9.890227069141696581e-02 1.039636210483263629e-01 1.048666300112523625e-01 1.069238762728472458e-01 1.014030288410319863e-01 9.606707035046112286e-02 9.208126466854225922e-02 9.723207276349804529e-02
1.062403695966088607e-01 1.005186278778902875e-01 1.074237049406340794e-01 1.089578381894065473e-01 8.874074187821040516e-02 7.729522097051208518e-02 8.584227145124245784e-02 1.042064431839166139e-01 1.045042984449288809e-01 1.162704834666499487e-01
9.729226539884337777e-02 1.020364396850066691e-01 1.160002114398145795e-01 1.030680257403394362e-01 9.925020621048805114e-02 9.579800646791963858e-02 8.310887973539711482e-02 9.725835038411430322e-02 8.962619699230335579e-02 1.165614179457734462e-01
7.976049222767717106e-02 8.338013639595949489e-02 1.080503580285195608e-01 1.074451092963611271e-01 1.036918038718510071e-01 9.186495319161755435e-02 9.712709398058744226e-02 1.123275753682552724e-01 1.075408374990756699e-01 1.088116401400958388e-01
1.100698320143648767e-01 1.059373243162068101e-01 9.071445503522668208e-02 9.708694995831777808e-02 1.251168165885315764e-01 1.258430686477649274e-01 9.463025130620444925e-02 6.948613736081973857e-02 7.269819888632228500e-02 1.084169658862411678e-01
9.765309310446704250e-02 1.056060158087787221e-01 1.358529705603741256e-01 1.177355719785705690e-01 8.997886556742906716e-02 8.396700332263193345e-02 9.587401396511890939e-02 9.485593716387524799e-02 9.186895024250263386e-02 8.660757828625190169e-02
9.804047477707275582e-02 1.018479423282033364e-01 1.130564506260794411e-01 9.849458711017887447e-02 9.927525844809434452e-02 9.452350565779467362e-02 1.071511414458001660e-01 1.044427850303513844e-01 9.802346082814226980e-02 8.514439374828293439e-02
1.002347323451727029e-01 8.727979394427853865e-02 8.705621010771748269e-02 1.005625867910266008e-01 1.068648782184671298e-01 1.091955797921072419e-01 9.416784739143763128e-02 8.312121177097134272e-02 1.100108375514355363e-01 1.215063220873860567e-01
1.040881242086459241e-01 1.073171278206491580e-01 9.568843099333283753e-02 9.524673218811015307e-02 8.940036935850151356e-02 1.079738431846930941e-01 1.006569113960583406e-01 1.083389950205878721e-01 9.963528999442206047e-02 9.165417583499899101e-02
1.082230565055888744e-01 9.282361089214771765e-02 1.008680664688259287e-01 1.038472676833626374e-01 9.385067838527264006e-02 9.940947590033935577e-02 1.036319936806847503e-01 1.027100467330909483e-01 1.032058488879349090e-01 9.142995486275246053e-02
1.034942944284157895e-01 1.002420123450820100e-01 9.414228301251272024e-02 8.760606988626651326e-02 7.918384684540720475e-02 9.906111349913308828e-02 1.156537263949304895e-01 1.157561264862971978e-01 1.052357954502968068e-01 9.962473165165815214e-02
1.035911801147129108e-01 1.072705093819681516e-01 8.890367899222954839e-02 8.509321287771887121e-02 1.153992409741686903e-01 1.116951455722167419e-01 9.363172220779944488e-02 9.288291879845737842e-02 9.599270804761517173e-02 1.055396830331132296e-01
8.109415489125579302e-02 9.299625013015284936e-02 9.652525387024335490e-02 9.588420997527481726e-02 1.130246765599562803e-01 1.059053060945681080e-01 9.688831049971231846e-02 1.089939266448101129e-01 1.118881770795623620e-01 9.679973425446419810e-02
1.137370386921510435e-01 9.551782207782488765e-02 9.695357877220558973e-02 9.106395248857096503e-02 1.190834142146703772e-01 1.012769718751591191e-01 9.809661831174666669e-02 9.106380217392437415e-02 8.733224420004848110e-02 1.058745571936985375e-01
1.120758160776310075e-01 1.153423020951006434e-01 9.602040814232988553e-02 8.908365434605503008e-02 9.109204483028041088e-02 1.008688082273566933e-01 1.042469215284947681e-01 1.016943481314947217e-01 8.740237984748705502e-02 1.021733167737699094e-01
1.095793978542661251e-01 1.158189964342987432e-01 9.245156384574039488e-02 9.855734921952370720e-02 1.002461983176673732e-01 1.055926393124996254e-01 1.032104839599176371e-01 1.003690608049388200e-01 7.951128498197015948e-02 9.466302526917716453e-02
1.189417709506819520e-01 1.193029198273500013e-01 9.845959996271519410e-02 9.995566668169425517e-02 9.710914153205582600e-02 1.045186570084695593e-01 1.073470853792907465e-01 8.599848096615297921e-02 7.831475788262537430e-02 9.005191980896400106e-02
1.134535556606514339e-01 8.553203152059164760e-02 7.291537483941261388e-02 7.544878739720721483e-02 1.088681165880719948e-01 1.181845775482069094e-01 1.031899362650567642e-01 9.265096663394387089e-02 1.066029882920730143e-01 1.231536652547845778e-01
1.010665697227590282e-01 9.648488278953551434e-02 8.956129729838201159e-02 9.134445151872716551e-02 9.750893579996128269e-02 1.088693180369363633e-01 9.911400178304585751e-02 9.191866648193564027e-02 1.020535339171895900e-01 1.220783426515274911e-01
8.950780760755087939e-02 1.128697953578656904e-01 1.129511126636824764e-01 1.291058104740872570e-01 1.077645010488324784e-01 8.373880215867417209e-02 8.977393948161660475e-02 9.545694936384239992e-02 8.813053788907163066e-02 9.070074395477645268e-02
9.131887089050985673e-02 9.749912573587532494e-02 9.543139388909521736e-02 9.682754534486136266e-02 9.945382753624212868e-02 1.210941253075776408e-01 1.327569398523381350e-01 9.949620538978545814e-02 8.271103899352211242e-02 8.341092706019265224e-02
1.033274465232681960e-01 1.002339679330666311e-01 1.057804444471241445e-01 1.069055949516004994e-01 1.052893755462929459e-01 1.101404189447068582e-01 8.202375471925375805e-02 9.471737966207094406e-02 9.554563465221163621e-02 9.603598262040438649e-02
1.032510818662841778e-01 8.257129291615446232e-02 9.337164605022774122e-02 1.151012323017935046e-01 1.016278256945451208e-01 1.093098428975914777e-01 9.469158602108694589e-02 9.791830244224283830e-02 9.731572572388781650e-02 1.048414640861860675e-01
1.103379360449764646e-01 9.065473398406327654e-02 7.986809292312466169e-02 9.024349872139741935e-02 9.908748121703805922e-02 1.069070832447965302e-01 1.028006806348652491e-01 8.722510866005965535e-02 1.169367263164159260e-01 1.159386582532626331e-01
1.030330570670709850e-01 1.011279915256566714e-01 9.375591604526804790e-02 9.166774759078430423e-02 1.040893927614249398e-01 1.003412318757450905e-01 9.780906170671982425e-02 9.964597700108882017e-02 1.118786163303998604e-01 9.665100809584142860e-02
1.142226823545695602e-01 9.856348445014891102e-02 8.030511484346058992e-02 8.939577334972588496e-02 9.299902640151969102e-02 1.051134047867466892e-01 1.026455120356133122e-01 9.186401523299053684e-02 1.009509780041980692e-01 1.239400085410269636e-01
9.505404635936424984e-02 8.904320811465320229e-02 1.072018425095047217e-01 1.017137242675701381e-01 9.898813954366608714e-02 9.081250772417004402e-02 8.903086527127759831e-02 1.040767133595814631e-01 1.102101102175878783e-01 1.138688426326244646e-01
9.539667724002676152e-02 1.032595508548137669e-01 1.016884225104571493e-01 9.488651125937226649e-02 8.458117379805102365e-02 9.019285453148574716e-02 9.695511239985299401e-02 1.126745287276738061e-01 1.141917876195522319e-01 1.061733810587145305e-01
9.930325644530400842e-02 1.004005327782019480e-01 9.177640419052232601e-02 9.189216127121926925e-02 8.790450284550894999e-02 1.114336807550326686e-01 1.200606134368954608e-01 1.067682722095629755e-01 8.839016670068505777e-02 1.020704093670676965e-01
8.906305666106925645e-02 9.026198430677426221e-02 9.841466619336605715e-02 1.080381075093239940e-01 1.065084453412229459e-01 9.608367715315140056e-02 9.845850661823260519e-02 1.011800081966317821e-01 1.213257559701231142e-01 9.066579205010488751e-02
9.548155893318505116e-02 8.756358609258413361e-02 9.326887096403524424e-02 1.039329325647453811e-01 1.224739562786330005e-01 1.251848491009811271e-01 1.242467801505151015e-01 8.812116019817371748e-02 8.516713139694742640e-02 7.455917432019978919e-02
1.294891464571439887e-01 1.177813208107046095e-01 1.187601098998219140e-01 9.804021648745261941e-02 8.004134748631074048e-02 8.079454562764532000e-02 9.095669115239995994e-02 9.717514398668412878e-02 9.478798657181104759e-02 9.217349152002554669e-02
9.725617192002020128e-02 1.078903039871374758e-01 1.247473288236595201e-01 9.860877085456820623e-02 8.201944633369132043e-02 8.713578110717204450e-02 1.028223273249881109e-01 1.056459895824308215e-01 9.653699168038429312e-02 9.733688838594808934e-02
1.100036297000170915e-01 1.222355458411179541e-01 1.165874723674391461e-01 1.015377116525733037e-01 1.062686468929883721e-01 1.224923114902912585e-01 1.010906416881019454e-01 7.729260414583738470e-02 6.394417736422890186e-02 7.854725885740466984e-02
1.342327013446331374e-01 1.099381834943616437e-01 1.005972382152566791e-01 9.876051943412796075e-02 9.540554042107152188e-02 9.399087101454979554e-02 8.283280377116276905e-02 8.090778629911793418e-02 9.390931612657857364e-02 1.094250398791398599e-01
8.767158336094324489e-02 8.086946969111341588e-02 9.378237779558834530e-02 1.015451419934196436e-01 1.039253043903866358e-01 1.140470969258474687e-01 1.221238570561806597e-01 1.079215897582805339e-01 1.037113414768877917e-01 8.440223755135231598e-02
9.888220786606216617e-02 1.114077216956999711e-01 1.210481170893454306e-01 1.061015387407523713e-01 9.209750901966626269e-02 8.748695085747260070e-02 9.194726504521841259e-02 9.071648163485653005e-02 9.519705805963193934e-02 1.051151499912942738e-01
9.991204562890136642e-02 1.085928489463362789e-01 1.087558442097864980e-01 1.143121331748075398e-01 8.590935938330220012e-02 8.469845125737864022e-02 9.758605027384531505e-02 1.000432394004369119e-01 1.078195682005236855e-01 9.237045952468167509e-02
9.831239375451765461e-02 1.307509957786426591e-01 9.720517035554716856e-02 8.308124691788955352e-02 9.016234439642509257e-02 1.149931247399891276e-01 1.131500318128777910e-01 1.074519856899333881e-01 8.817091748143043861e-02 7.672178907274723736e-02
7.499081888454832423e-02 8.237152130217066659e-02 1.078847779824921582e-01 1.189468675339619419e-01 9.447389588908608471e-02 9.209944027710517678e-02 9.953359477635809194e-02 1.080845650112309264e-01 1.208834628701672687e-01 1.007310554728797075e-01
1.000155814272006283e-01 9.858112444152009046e-02 9.793663259535098642e-02 8.689872832228399957e-02 8.762252449141762212e-02 1.079708451137583181e-01 1.114094388850249556e-01 1.198703809252579244e-01 1.017262044518122410e-01 8.796853934637316463e-02
1.019816857819172973e-01 1.192789022447634795e-01 1.090959332754250499e-01 1.003458207998266100e-01 1.035443301726361176e-01 9.269688192129556248e-02 7.817408835464861872e-02 1.013194845266923994e-01 1.036510125122329651e-01 8.991186041056224709e-02
1.101309897472965288e-01 9.419439947257306212e-02 7.950274077189298239e-02 8.181429539569087805e-02 9.526966578802012475e-02 1.077388014127686200e-01 1.074251530983969527e-01 1.073861980028014695e-01 1.006341323345379957e-01 1.159036239760214970e-01
9.699609707965201055e-02 9.091895470020106007e-02 1.002801524510086861e-01 9.966879179499481267e-02 9.976042162843823391e-02 1.103354603343855850e-01 9.562793856463139286e-02 1.008445919281998199e-01 9.635729536320812583e-02 1.092102961552806201e-01
1.097159633148182961e-01 8.823455546354191936e-02 8.436660159146056048e-02 9.591483610180155661e-02 1.012908795711857518e-01 1.061605992619981953e-01 1.014587179196990568e-01 1.026287851390941253e-01 9.977920541469585680e-02 1.104498562217046814e-01
9.818663758184641155e-02 9.477168383287139231e-02 1.043709206692272351e-01 1.034842710093700491e-01 1.134060675161893961e-01 1.134302350734562315e-01 9.499142337087881915e-02 9.844420572110804124e-02 9.339768662086883610e-02 8.551686860418393488e-02
8.799403697510516098e-02 9.679095688520855667e-02 8.949811873607166346e-02 9.963396245532224471e-02 1.185740110495007021e-01 1.043198177714048103e-01 9.302122129664125438e-02 9.297632414401844902e-02 1.086075689668393462e-01 1.085839817198880342e-01
1.156121737676205907e-01 1.088595711896073459e-01 9.647411527651703067e-02 8.743535432138518915e-02 1.035087838136014848e-01 7.918470289761680991e-02 8.435280221446972426e-02 9.076482939542636352e-02 1.093581985499445380e-01 1.244494685738109646e-01
9.477366415406474065e-02 1.066155692719118475e-01 1.120543735210164649e-01 1.063086022706382638e-01 8.594588802775303404e-02 1.012255163704515459e-01 9.982901136571695200e-02 9.684433494649560825e-02 1.007285467024010561e-01 9.567449336955045902e-02
1.023238406354774199e-01 9.190029296063551012e-02 1.020916659832095674e-01 1.036662277074263672e-01 1.158255617550723038e-01 1.106555710589629954e-01 8.893986945220692941e-02 9.245692555862720929e-02 9.500421173995865498e-02 9.713583314842312577e-02
8.702085855348000443e-02 8.283877386675168875e-02 8.481754600138910472e-02 1.050325433108610235e-01 1.142016094113713354e-01 1.176811077336331890e-01 1.092437456564094300e-01 1.076978701993833165e-01 1.019882994926083336e-01 8.947764577411279618e-02
1.008815489883369415e-01 1.221326706484713032e-01 1.287514446610416585e-01 9.281714792062109587e-02 8.893130674160037996e-02 9.841548516672432578e-02 7.765182267025784457e-02 8.499213975352129524e-02 9.610071746184108143e-02 1.093257159875840601e-01
1.098928220289675795e-01 1.087320081469491523e-01 1.049111196123711093e-01 1.121496467745477232e-01 1.110381419364715183e-01 8.741010287448579275e-02 7.393646352054994431e-02 8.051149922982545060e-02 9.932461834051875549e-02 1.120935775353129743e-01
9.785408929122355048e-02 8.318591208429217121e-02 9.453763565969575122e-02 1.044597523695110358e-01 1.226717126148554049e-01 1.176594276601281019e-01 9.488300365530034919e-02 9.053699401384229795e-02 9.397421936240972495e-02 1.002372532887416123e-01
8.274382870187829697e-02 8.781867166665133229e-02 9.412273033283061197e-02 1.137911930546284256e-01 1.192151727490914082e-01 1.136008904126977609e-01 1.075235090265915794e-01 1.002037107896545653e-01 9.418269987222398221e-02 8.679759339375209271e-02
1.038284695466468732e-01 1.081828137135472934e-01 1.115554769316744466e-01 1.205394831038485437e-01 9.618365200253288505e-02 8.571640616643053101e-02 1.017487276894321196e-01 9.494652790323501734e-02 9.021370057585927082e-02 8.708474236679303315e-02
1.039309145699960912e-01 9.958122661455229285e-02 8.365609952279733086e-02 8.725196090195677656e-02 9.132238676387935405e-02 1.110387752872845635e-01 1.226406007772264106e-01 1.083000546167938172e-01 9.975871041246286985e-02 9.251927053305056270e-02
9.997081590858938882e-02 1.094537615639967765e-01 1.119089483668354729e-01 1.076283009440131971e-01 8.188065342926478807e-02 9.033152708098265982e-02 1.104907780821921259e-01 1.025944230258478140e-01 9.243213125076901737e-02 9.330866034750864846e-02
1.098421891239488024e-01 1.122224493638291909e-01 1.074231759765226640e-01 9.942567938705408614e-02 1.117614492786373620e-01 9.706374971507693294e-02 9.296819734995936946e-02 9.747528750488508587e-02 8.325874339508719524e-02 8.855907890499928325e-02
1.014249465885825319e-01 8.059040643597006892e-02 9.529426857831647946e-02 1.119456330815021550e-01 1.190098209436521171e-01 9.501389186817225940e-02 8.193865060990497551e-02 9.619741301918599552e-02 1.106163620609625087e-01 1.079686068137508254e-01
9.420682054828932728e-02 8.299000145507122450e-02 9.920556362490125235e-02 1.018089210647381559e-01 1.042747590674923119e-01 1.214407821103104246e-01 9.487305108090876571e-02 9.672170000433651105e-02 1.040295904120033532e-01 1.004488106319485069e-01
1.224736144292662421e-01 1.117035749162079566e-01 9.431972977120567370e-02 8.296866706660327440e-02 9.801967655096990861e-02 1.014292747548579399e-01 8.225410765365745447e-02 9.348934049885637698e-02 1.030781550244091044e-01 1.102638593339663325e-01
9.990323666483261200e-02 1.081015570240695667e-01 9.735801565918819622e-02 1.041999184109241583e-01 1.028121665819823616e-01 1.100937717323696580e-01 9.544615653499008423e-02 8.835278700399068486e-02 9.042557222975157460e-02 1.033068181579009925e-01
9.053123721285247227e-02 1.030652569800362128e-01 1.113258383994746026e-01 1.075343022529503256e-01 9.604818501872423864e-02 7.646866375665467563e-02 8.265004176234184985e-02 1.091755334154911883e-01 1.169090014194779092e-01 1.062919397819966499e-01
