3.923226996637300124e-01 2.648270411395172164e-01 1.147833881420804586e-01 -4.188289053652402387e-04 -5.931737990466245947e-02 -5.647438838338319361e-02 -5.734959770404108106e-03 5.163683820669154323e-02 6.894963869459172501e-02 1.565378843590599367e-02 -1.057557516725686902e-01 -2.614140582532988311e-01
2.648270411395172164e-01 3.449893587136849682e-01 2.294912210541432962e-01 1.260440164636941751e-01 1.971141566859324276e-02 -5.808280886397568232e-02 -6.694541179520296925e-02 -9.423984773397169057e-03 6.068959028200852229e-02 7.932581487851539381e-02 2.410447231711641131e-02 -1.148190084159780855e-01
1.147833881420804586e-01 2.294912210541432962e-01 2.664493635888581791e-01 2.365442315782209648e-01 1.339956952008863889e-01 1.577481983413630412e-02 -6.419023711966709289e-02 -6.133281419182635974e-02 -5.171718353376234152e-03 5.503756117963554129e-02 7.231743723635958299e-02 1.330216707502571843e-02
-4.188289053652402387e-04 1.260440164636941751e-01 2.365442315782209648e-01 3.495569615152397946e-01 2.558243172246657537e-01 1.264687748067929995e-01 -4.927153191483423823e-03 -7.139897904089465008e-02 -6.540032751875307637e-02 -4.072065115015800416e-03 5.952571378911867411e-02 7.491350811025729306e-02
-5.931737990466245947e-02 1.971141566859324276e-02 1.339956952008863889e-01 2.558243172246657537e-01 3.195754295262565048e-01 2.374515976382555738e-01 1.161279837967686274e-01 -4.565545030424628808e-03 -7.038985350958787413e-02 -5.912353147934221870e-02 -2.592469752931118952e-03 5.896574805170030908e-02
-5.647438838338319361e-02 -5.808280886397568232e-02 1.577481983413630412e-02 1.264687748067929995e-01 2.374515976382555738e-01 3.180504028293398289e-01 2.562514336383665547e-01 1.243427457521589785e-01 -2.695201944517012496e-04 -6.582775424840200951e-02 -6.395608505323877035e-02 -6.622549797166296659e-03
-5.734959770404108106e-03 -6.694541179520296925e-02 -6.419023711966709289e-02 -4.927153191483423823e-03 1.161279837967686274e-01 2.562514336383665547e-01 3.805549090984191585e-01 2.546382454255214367e-01 1.221694052198270819e-01 -7.426180497042708748e-04 -6.796624506091757112e-02 -6.332149652804158757e-02
5.163683820669154323e-02 -9.423984773397169057e-03 -6.133281419182635974e-02 -7.139897904089465008e-02 -4.565545030424628808e-03 1.243427457521589785e-01 2.546382454255214367e-01 3.090030128294038447e-01 2.383462621451885033e-01 1.218918604213208301e-01 1.364160322461965141e-02 -5.792648054221182646e-02
6.894963869459172501e-02 6.068959028200852229e-02 -5.171718353376234152e-03 -6.540032751875307637e-02 -7.038985350958787413e-02 -2.695201944517012496e-04 1.221694052198270819e-01 2.383462621451885033e-01 3.265211597037029900e-01 2.475084340765653368e-01 1.366157084132894051e-01 1.217358539400494044e-02
1.565378843590599367e-02 7.932581487851539381e-02 5.503756117963554129e-02 -4.072065115015800416e-03 -5.912353147934221870e-02 -6.582775424840200951e-02 -7.426180497042708748e-04 1.218918604213208301e-01 2.475084340765653368e-01 3.202900274120457080e-01 2.457430163373788834e-01 1.223888073027045026e-01
-1.057557516725686902e-01 2.410447231711641131e-02 7.231743723635958299e-02 5.952571378911867411e-02 -2.592469752931118952e-03 -6.395608505323877035e-02 -6.796624506091757112e-02 1.364160322461965141e-02 1.366157084132894051e-01 2.457430163373788834e-01 3.192106435732124936e-01 2.454339061491374596e-01
-2.614140582532988311e-01 -1.148190084159780855e-01 1.330216707502571843e-02 7.491350811025729306e-02 5.896574805170030908e-02 -6.622549797166296659e-03 -6.332149652804158757e-02 -5.792648054221182646e-02 1.217358539400494044e-02 1.223888073027045026e-01 2.454339061491374596e-01 3.534760315461147329e-01
3.099071962929372259e-01 2.484985629994266865e-01 1.278214519439447305e-01 8.369665949247146255e-03 -6.378568574409203273e-02 -5.617299867630977384e-02 1.202195574794549804e-02 6.615165200723757688e-02 6.380071195121334027e-02 -1.352528468408544481e-02 -1.292957081354817461e-01 -2.380471229161733593e-01
2.484985629994266865e-01 3.542073236649916912e-01 2.576371318469393712e-01 1.288388201818857492e-01 9.448929282402762642e-03 -6.335715603958017028e-02 -5.506903724203139616e-02 6.750505548586655663e-03 6.078887798694793121e-02 6.143006740763113510e-02 -9.366963013408780014e-03 -1.235553851428706357e-01
1.278214519439447305e-01 2.576371318469393712e-01 3.303170752702760393e-01 2.351945950892285198e-01 1.231236962771244114e-01 -2.282031484074230256e-04 -7.245071302521685630e-02 -5.899204316646032564e-02 2.401904418533145485e-03 6.302827179896815235e-02 6.592269230738014019e-02 -3.009180987559053819e-03
8.369665949247146255e-03 1.288388201818857492e-01 2.351945950892285198e-01 2.852501998969849684e-01 2.379908525673113395e-01 1.184376812429861203e-01 -1.488267889222421800e-02 -7.580836339832279502e-02 -5.860222814106755274e-02 1.112011458287127941e-02 6.872731306645991911e-02 6.638092510943964519e-02
-6.378568574409203273e-02 9.448929282402762642e-03 1.231236962771244114e-01 2.379908525673113395e-01 3.488420700429174515e-01 2.635074713249437872e-01 1.122865511083043499e-01 -2.314702500823919568e-02 -7.793157375491545358e-02 -5.133604577350949633e-02 1.944855228856118279e-02 6.902232459006349408e-02
-5.617299867630977384e-02 -6.335715603958017028e-02 -2.282031484074230256e-04 1.184376812429861203e-01 2.635074713249437872e-01 3.855739420067447742e-01 2.594985330056700512e-01 1.095985691440328758e-01 -1.142251737781449505e-02 -6.651435225066244794e-02 -5.083428819814216071e-02 4.558708140679326552e-03
1.202195574794549804e-02 -5.506903724203139616e-02 -7.245071302521685630e-02 -1.488267889222421800e-02 1.122865511083043499e-01 2.594985330056700512e-01 3.505243067687658365e-01 2.455461472084289332e-01 1.235527949784855917e-01 2.127820335614229435e-03 -6.868970597086797303e-02 -6.676583822174500527e-02
6.615165200723757688e-02 6.750505548586655663e-03 -5.899204316646032564e-02 -7.580836339832279502e-02 -2.314702500823919568e-02 1.095985691440328758e-01 2.455461472084289332e-01 3.152955250930550291e-01 2.476381967040187093e-01 1.244536299640187083e-01 -1.696329560937773770e-03 -7.048898296633022975e-02
6.380071195121334027e-02 6.078887798694793121e-02 2.401904418533145485e-03 -5.860222814106755274e-02 -7.793157375491545358e-02 -1.142251737781449505e-02 1.235527949784855917e-01 2.476381967040187093e-01 3.419820177274546236e-01 2.523429006357525983e-01 1.214110428074204051e-01 1.380543035944492092e-03
-1.352528468408544481e-02 6.143006740763113510e-02 6.302827179896815235e-02 1.112011458287127941e-02 -5.133604577350949633e-02 -6.651435225066244794e-02 2.127820335614229435e-03 1.244536299640187083e-01 2.523429006357525983e-01 3.392003114235208061e-01 2.489478408312577606e-01 1.287040373358187551e-01
-1.292957081354817461e-01 -9.366963013408780014e-03 6.592269230738014019e-02 6.872731306645991911e-02 1.944855228856118279e-02 -5.083428819814216071e-02 -6.868970597086797303e-02 -1.696329560937773770e-03 1.214110428074204051e-01 2.489478408312577606e-01 3.255001348351128643e-01 2.451768739738997283e-01
-2.380471229161733593e-01 -1.235553851428706357e-01 -3.009180987559053819e-03 6.638092510943964519e-02 6.902232459006349408e-02 4.558708140679326552e-03 -6.676583822174500527e-02 -7.048898296633022975e-02 1.380543035944492092e-03 1.287040373358187551e-01 2.451768739738997283e-01 3.133998969772187060e-01
3.157171205567260164e-01 2.541991658468827353e-01 1.184557740880510524e-01 5.663230820402078303e-04 -6.173823428886388021e-02 -5.771559319472219229e-02 -6.862055154274578073e-03 5.261459254124598028e-02 6.853334685284623307e-02 4.982442041303364495e-03 -1.181751598901043671e-01 -2.473022176577197029e-01
2.541991658468827353e-01 3.804524907071255568e-01 2.493969103795946052e-01 1.278806458700797455e-01 1.242076421268023013e-02 -6.064744998299357454e-02 -6.853177343265340338e-02 -7.147961685344437870e-03 6.208472798681857752e-02 7.406602171517169542e-02 8.199933299618558658e-03 -1.200071575701422005e-01
1.184557740880510524e-01 2.493969103795946052e-01 2.924815146587528281e-01 2.364247404815524867e-01 1.290657825034079442e-01 1.650459773547924280e-02 -6.092445032411876460e-02 -5.807222973975582903e-02 -5.153581967413223275e-03 5.383047222909465024e-02 6.659481766545811976e-02 6.861220930458883892e-03
5.663230820402078303e-04 1.278806458700797455e-01 2.364247404815524867e-01 3.251366423498656677e-01 2.474655058970247345e-01 1.291631439539125681e-01 7.769236091554960338e-03 -6.511819073945049330e-02 -6.802619455066447052e-02 -6.369940137713916810e-03 6.204562277510711210e-02 7.587340206438211720e-02
-6.173823428886388021e-02 1.242076421268023013e-02 1.290657825034079442e-01 2.474655058970247345e-01 3.173329260222480519e-01 2.381215063449711455e-01 1.250764653914948343e-01 -1.859358812998624343e-03 -7.514506067737711237e-02 -6.046865332253323344e-02 7.337986364888218933e-03 6.733281286442538427e-02
-5.771559319472219229e-02 -6.064744998299357454e-02 1.650459773547924280e-02 1.291631439539125681e-01 2.381215063449711455e-01 3.086976756852626291e-01 2.542890322317029606e-01 1.192917134663766254e-01 -6.457922540264949586e-03 -6.670575230392847277e-02 -5.465851453730879994e-02 4.121142719535049112e-03
-6.862055154274578073e-03 -6.853177343265340338e-02 -6.092445032411876460e-02 7.769236091554960338e-03 1.250764653914948343e-01 2.542890322317029606e-01 3.803332075763187770e-01 2.520016209569914123e-01 1.199288201212256322e-01 -5.923962635056378642e-03 -7.239003270154374670e-02 -6.229706095416898126e-02
5.261459254124598028e-02 -7.147961685344437870e-03 -5.807222973975582903e-02 -6.511819073945049330e-02 -1.859358812998624343e-03 1.192917134663766254e-01 2.520016209569914123e-01 3.089907372812918940e-01 2.450461838329849318e-01 1.200486627218476376e-01 -1.882968112696649593e-03 -6.775996344310257491e-02
6.853334685284623307e-02 6.208472798681857752e-02 -5.153581967413223275e-03 -6.802619455066447052e-02 -7.514506067737711237e-02 -6.457922540264949586e-03 1.199288201212256322e-01 2.450461838329849318e-01 3.548441909149668838e-01 2.550773195280308103e-01 1.236105750007509552e-01 -1.981894521173358480e-03
4.982442041303364495e-03 7.406602171517169542e-02 5.383047222909465024e-02 -6.369940137713916810e-03 -6.046865332253323344e-02 -6.670575230392847277e-02 -5.923962635056378642e-03 1.200486627218476376e-01 2.550773195280308103e-01 3.296146164076574347e-01 2.443320026579434701e-01 1.222879011830772800e-01
-1.181751598901043671e-01 8.199933299618558658e-03 6.659481766545811976e-02 6.204562277510711210e-02 7.337986364888218933e-03 -5.465851453730879994e-02 -7.239003270154374670e-02 -1.882968112696649593e-03 1.236105750007509552e-01 2.443320026579434701e-01 3.275658235659428819e-01 2.546811612816657355e-01
-2.473022176577197029e-01 -1.200071575701422005e-01 6.861220930458883892e-03 7.587340206438211720e-02 6.733281286442538427e-02 4.121142719535049112e-03 -6.229706095416898126e-02 -6.775996344310257491e-02 -1.981894521173358480e-03 1.222879011830772800e-01 2.546811612816657355e-01 3.588330542738442097e-01
3.514100190674100399e-01 2.512719501565218172e-01 1.206285456789658594e-01 1.687660715617007867e-02 -4.654269415365750590e-02 -5.671139273122759172e-02 -1.718404823015217200e-02 4.061656633123549714e-02 7.255291831350574316e-02 2.026606608788282873e-02 -1.192367217288605313e-01 -2.614753807134366226e-01
2.512719501565218172e-01 3.745449609435643756e-01 2.586603739146436931e-01 1.429083690553056285e-01 3.997967919606695147e-02 -4.563243933447000411e-02 -7.258043690348051080e-02 -4.111406839792754175e-02 2.427752985642170694e-02 6.844892949575909213e-02 2.830256666351319700e-02 -9.376593875083376328e-02
1.206285456789658594e-01 2.586603739146436931e-01 2.954599938640246615e-01 2.154394623101459350e-01 1.260715384746472212e-01 2.632600109547863360e-02 -5.188285222773948713e-02 -7.146882845375898685e-02 -3.514351932392635602e-02 4.378096824075208837e-02 8.162400959172531889e-02 2.780147358363854043e-02
1.687660715617007867e-02 1.429083690553056285e-01 2.154394623101459350e-01 2.411345847319731339e-01 2.095532105064896178e-01 1.288554217196745122e-01 2.689390291412376705e-02 -4.832456143932656323e-02 -6.655150971404413807e-02 -8.797151833302091842e-03 6.735498345368558237e-02 7.418533299551703653e-02
-4.654269415365750590e-02 3.997967919606695147e-02 1.260715384746472212e-01 2.095532105064896178e-01 2.924391400838306510e-01 2.562459963334438040e-01 1.458847768232759412e-01 2.474274799090064869e-02 -6.030400484839407160e-02 -5.744438636014060490e-02 1.443781186847402018e-02 6.547244543793057092e-02
-5.671139273122759172e-02 -4.563243933447000411e-02 2.632600109547863360e-02 1.288554217196745122e-01 2.562459963334438040e-01 3.696397949923451165e-01 2.573923300094280719e-01 1.251600144309732987e-01 2.841829651612268193e-03 -6.458877579990277007e-02 -4.956943485963387352e-02 8.663637525411922377e-03
-1.718404823015217200e-02 -7.258043690348051080e-02 -5.188285222773948713e-02 2.689390291412376705e-02 1.458847768232759412e-01 2.573923300094280719e-01 3.003215768456802826e-01 2.141482692792833487e-01 1.124930204337132034e-01 -3.104539643662806991e-03 -7.106582898638222345e-02 -5.601926846167118446e-02
4.061656633123549714e-02 -4.111406839792754175e-02 -7.146882845375898685e-02 -4.832456143932656323e-02 2.474274799090064869e-02 1.251600144309732987e-01 2.141482692792833487e-01 2.599128429314084832e-01 2.419414273742384880e-01 1.204551163241997513e-01 -2.359803507660139521e-02 -8.116055128098509375e-02
7.255291831350574316e-02 2.427752985642170694e-02 -3.514351932392635602e-02 -6.655150971404413807e-02 -6.030400484839407160e-02 2.841829651612268193e-03 1.124930204337132034e-01 2.419414273742384880e-01 4.136049488302083188e-01 2.808952970408736816e-01 9.695427824052769983e-02 -3.977982972645328907e-02
2.026606608788282873e-02 6.844892949575909213e-02 4.378096824075208837e-02 -8.797151833302091842e-03 -5.744438636014060490e-02 -6.458877579990277007e-02 -3.104539643662806991e-03 1.204551163241997513e-01 2.808952970408736816e-01 3.821668203465666269e-01 2.377028307144552488e-01 9.952851294684386674e-02
-1.192367217288605313e-01 2.830256666351319700e-02 8.162400959172531889e-02 6.735498345368558237e-02 1.443781186847402018e-02 -4.956943485963387352e-02 -7.106582898638222345e-02 -2.359803507660139521e-02 9.695427824052769983e-02 2.377028307144552488e-01 3.220463644640545464e-01 2.613600306382826144e-01
-2.614753807134366226e-01 -9.376593875083376328e-02 2.780147358363854043e-02 7.418533299551703653e-02 6.547244543793057092e-02 8.663637525411922377e-03 -5.601926846167118446e-02 -8.116055128098509375e-02 -3.977982972645328907e-02 9.952851294684386674e-02 2.613600306382826144e-01 3.973189528989150010e-01
3.171144727010084541e-01 2.517551116686013168e-01 1.368154122104953963e-01 3.080969814447779426e-02 -5.109299982266874568e-02 -5.546963157862892790e-02 -1.872687714581261183e-03 5.237318832417574982e-02 5.862117227061896391e-02 -1.694499870117020454e-02 -1.296048699193101394e-01 -2.394613910075031049e-01
2.517551116686013168e-01 3.627325133154895020e-01 2.534466398757872496e-01 1.371661498263710421e-01 6.817742960749637732e-03 -7.103764489565811413e-02 -6.644996324927592013e-02 -5.152451858205099600e-03 5.616378786385471666e-02 6.219437092345200119e-02 1.290679509378803852e-02 -1.057327029930076601e-01
1.368154122104953963e-01 2.534466398757872496e-01 2.899014986395580529e-01 2.190764714538670499e-01 1.070487141106083034e-01 -1.124469648630323226e-02 -7.086802516648327277e-02 -5.309520741931206267e-02 7.500165834420643302e-03 6.565588329362087583e-02 7.787895623033522230e-02 3.828977646558076511e-03
3.080969814447779426e-02 1.371661498263710421e-01 2.190764714538670499e-01 2.739232601369022690e-01 2.419258792161647076e-01 1.181028129147822514e-01 -8.328228828197746514e-03 -6.682184318402503709e-02 -5.125587682098150383e-02 2.086013341032140478e-02 7.450061803406325678e-02 5.965927857739050655e-02
-5.109299982266874568e-02 6.817742960749637732e-03 1.070487141106083034e-01 2.419258792161647076e-01 4.133091102230220248e-01 2.804101162130153702e-01 1.188054359762350243e-01 -1.819318339153348091e-02 -7.552751942835007892e-02 -4.555266218297752967e-02 1.010853161961824780e-02 5.170637538077834522e-02
-5.546963157862892790e-02 -7.103764489565811413e-02 -1.124469648630323226e-02 1.181028129147822514e-01 2.804101162130153702e-01 3.645867411782575118e-01 2.333190266060031215e-01 9.927744142807481964e-02 -7.644808999648161456e-03 -5.821432948787067657e-02 -5.922165686677467733e-02 -9.860082929158532281e-03
-1.872687714581261183e-03 -6.644996324927592013e-02 -7.086802516648327277e-02 -8.328228828197746514e-03 1.188054359762350243e-01 2.333190266060031215e-01 2.840273536866501636e-01 2.332249439263330004e-01 1.342248582016276615e-01 7.091931009068556772e-03 -7.219466377724045869e-02 -6.571718555706400344e-02
5.237318832417574982e-02 -5.152451858205099600e-03 -5.309520741931206267e-02 -6.682184318402503709e-02 -1.819318339153348091e-02 9.927744142807481964e-02 2.332249439263330004e-01 3.432107219582390401e-01 2.776662442535038910e-01 1.197574669646166295e-01 -8.072145802840905923e-03 -6.419875790977783159e-02
5.862117227061896391e-02 5.616378786385471666e-02 7.500165834420643302e-03 -5.125587682098150383e-02 -7.552751942835007892e-02 -7.644808999648161456e-03 1.342248582016276615e-01 2.776662442535038910e-01 4.047036522956402593e-01 2.298358332566639572e-01 1.077507119097727006e-01 4.366281144344777085e-03
-1.694499870117020454e-02 6.219437092345200119e-02 6.565588329362087583e-02 2.086013341032140478e-02 -4.555266218297752967e-02 -5.821432948787067657e-02 7.091931009068556772e-03 1.197574669646166295e-01 2.298358332566639572e-01 2.449276647100887272e-01 2.260968517583419879e-01 1.307237890231618960e-01
-1.296048699193101394e-01 1.290679509378803852e-02 7.787895623033522230e-02 7.450061803406325678e-02 1.010853161961824780e-02 -5.922165686677467733e-02 -7.219466377724045869e-02 -8.072145802840905923e-03 1.077507119097727006e-01 2.260968517583419879e-01 3.607675563956190268e-01 2.671702113988780880e-01
-2.394613910075031049e-01 -1.057327029930076601e-01 3.828977646558076511e-03 5.965927857739050655e-02 5.170637538077834522e-02 -9.860082929158532281e-03 -6.571718555706400344e-02 -6.419875790977783159e-02 4.366281144344777085e-03 1.307237890231618960e-01 2.671702113988780880e-01 3.407954547595405947e-01
2.815628703008268285e-01 2.449742841965198425e-01 1.293982086107506035e-01 3.588616096607693835e-03 -6.748201056914482354e-02 -6.108804104905658089e-02 -8.020184775642171665e-03 5.363440644099889965e-02 6.249461664858789456e-02 -1.838052908851552439e-02 -1.305851754420252198e-01 -2.250319929966908827e-01
2.449742841965198425e-01 3.547248049886094767e-01 2.474455361264035758e-01 1.176536747864997123e-01 -9.363745003500335146e-03 -7.166369374353681598e-02 -6.624829037652632535e-02 9.549448195858118230e-03 7.540362603749528603e-02 5.552994651064993570e-02 -2.283765246860222642e-02 -1.346755772710642729e-01
1.293982086107506035e-01 2.474455361264035758e-01 3.048806145326414807e-01 2.449469040817293386e-01 1.211002874070295221e-01 1.240349255306461267e-04 -6.815441923496215471e-02 -4.623212157309541936e-02 2.068827007700123691e-02 5.983524295444156427e-02 5.198865193831504056e-02 -2.325934408861418320e-02
3.588616096607693835e-03 1.176536747864997123e-01 2.449469040817293386e-01 3.672667900753058823e-01 2.647150718855268980e-01 1.242151428876394348e-01 -1.838857126012741639e-04 -6.489795384873317530e-02 -5.473521302049366710e-02 1.219861221787924520e-02 6.730781353028512937e-02 6.223464106488209996e-02
-6.748201056914482354e-02 -9.363745003500335146e-03 1.211002874070295221e-01 2.647150718855268980e-01 3.464093449795742630e-01 2.337888206350324516e-01 1.187064026685528129e-01 -9.327807172228978067e-03 -7.799604421907661844e-02 -4.844261506096415870e-02 1.599531008377104435e-02 6.576331725230807890e-02
-6.108804104905658089e-02 -7.166369374353681598e-02 1.240349255306461267e-04 1.242151428876394348e-01 2.337888206350324516e-01 2.794516531242061674e-01 2.453147667984110492e-01 1.130894937036684283e-01 -1.845303209724419302e-02 -6.723140011559164408e-02 -5.330161122260966555e-02 8.007460069412995415e-03
-8.020184775642171665e-03 -6.624829037652632535e-02 -6.815441923496215471e-02 -1.838857126012741639e-04 1.187064026685528129e-01 2.453147667984110492e-01 3.920573513721244963e-01 2.616968612815141482e-01 1.096658786697202459e-01 -2.498215329994238343e-02 -8.514518262115124136e-02 -5.807706335261231950e-02
5.363440644099889965e-02 9.549448195858118230e-03 -4.623212157309541936e-02 -6.489795384873317530e-02 -9.327807172228978067e-03 1.130894937036684283e-01 2.616968612815141482e-01 3.474878241618753472e-01 2.572166820538107634e-01 1.057911489111496295e-01 -1.382541039112647994e-02 -6.231278801609942131e-02
6.249461664858789456e-02 7.540362603749528603e-02 2.068827007700123691e-02 -5.473521302049366710e-02 -7.799604421907661844e-02 -1.845303209724419302e-02 1.096658786697202459e-01 2.572166820538107634e-01 3.880794227058536050e-01 2.480247854111788663e-01 1.263204327705427510e-01 9.180339743167547500e-03
-1.838052908851552439e-02 5.552994651064993570e-02 5.983524295444156427e-02 1.219861221787924520e-02 -4.844261506096415870e-02 -6.723140011559164408e-02 -2.498215329994238343e-02 1.057911489111496295e-01 2.480247854111788663e-01 2.928295402651328039e-01 2.444070231137251969e-01 1.276652167163179752e-01
-1.305851754420252198e-01 -2.283765246860222642e-02 5.198865193831504056e-02 6.730781353028512937e-02 1.599531008377104435e-02 -5.330161122260966555e-02 -8.514518262115124136e-02 -1.382541039112647994e-02 1.263204327705427510e-01 2.444070231137251969e-01 3.542544822702879403e-01 2.465788850649309749e-01
-2.250319929966908827e-01 -1.346755772710642729e-01 -2.325934408861418320e-02 6.223464106488209996e-02 6.576331725230807890e-02 8.007460069412995415e-03 -5.807706335261231950e-02 -6.231278801609942131e-02 9.180339743167547500e-03 1.276652167163179752e-01 2.465788850649309749e-01 2.909953012235504954e-01
3.682650941266105149e-01 2.722343216114171405e-01 1.112316633974274466e-01 -1.113959142183710248e-02 -6.394652924696331286e-02 -4.775794017537342284e-02 1.459504586670808124e-02 6.053698386265807252e-02 5.906634584704293506e-02 -1.034853376918798418e-02 -1.207555859948463012e-01 -2.448306965367290089e-01
2.722343216114171405e-01 3.886421906810523241e-01 2.402960567595553432e-01 1.222457406698921611e-01 1.436125217542879792e-02 -5.896147676572959656e-02 -5.561822459888548370e-02 1.430017750663097661e-03 5.899314557433500694e-02 6.351855909353747165e-02 -1.721929169232898175e-03 -1.233037552748461330e-01
1.112316633974274466e-01 2.402960567595553432e-01 2.783541635020601590e-01 2.356083999375520877e-01 1.307944886236857562e-01 7.908899226521718534e-03 -6.897303454948068568e-02 -6.219485453652643520e-02 -5.333958044445071510e-03 5.619350255446189241e-02 6.895266830793797541e-02 1.403776656929297054e-02
-1.113959142183710248e-02 1.222457406698921611e-01 2.356083999375520877e-01 3.328588536799789166e-01 2.483775683616529784e-01 1.181111927254831773e-01 -1.879998116027286476e-02 -7.891685360029426777e-02 -6.314623612116908313e-02 9.060113788112833522e-03 7.279199678245237837e-02 8.219514645691029797e-02
-6.394652924696331286e-02 1.436125217542879792e-02 1.307944886236857562e-01 2.483775683616529784e-01 3.190301184058813577e-01 2.478374879406733400e-01 1.103619478028351891e-01 -1.488581102322589049e-02 -7.172433030074422400e-02 -4.862058154902215712e-02 1.619427627489700497e-02 6.630590314871082080e-02
-4.775794017537342284e-02 -5.896147676572959656e-02 7.908899226521718534e-03 1.181111927254831773e-01 2.478374879406733400e-01 3.778225701706898754e-01 2.691499187349061240e-01 1.207280555386928966e-01 -5.094467560446497463e-03 -6.718302491320475578e-02 -5.927387966192568247e-02 -9.926550192540524453e-03
1.459504586670808124e-02 -5.561822459888548370e-02 -6.897303454948068568e-02 -1.879998116027286476e-02 1.103619478028351891e-01 2.691499187349061240e-01 3.688658354035468934e-01 2.412806077151552486e-01 1.161043976095246094e-01 -3.530712234860133164e-03 -6.938201523289698469e-02 -6.973849968033192515e-02
6.053698386265807252e-02 1.430017750663097661e-03 -6.219485453652643520e-02 -7.891685360029426777e-02 -1.488581102322589049e-02 1.207280555386928966e-01 2.412806077151552486e-01 2.865588965201401606e-01 2.370365475552199674e-01 1.233599188579739686e-01 8.281440947802190186e-03 -5.978153645354373352e-02
5.906634584704293506e-02 5.899314557433500694e-02 -5.333958044445071510e-03 -6.314623612116908313e-02 -7.172433030074422400e-02 -5.094467560446497463e-03 1.161043976095246094e-01 2.370365475552199674e-01 3.502323960296777616e-01 2.624467609837279891e-01 1.347281089653225572e-01 1.663885853271467041e-02
-1.034853376918798418e-02 6.351855909353747165e-02 5.619350255446189241e-02 9.060113788112833522e-03 -4.862058154902215712e-02 -6.718302491320475578e-02 -3.530712234860133164e-03 1.233599188579739686e-01 2.624467609837279891e-01 3.473830332400895671e-01 2.429438113527372378e-01 1.261599601532577553e-01
-1.207555859948463012e-01 -1.721929169232898175e-03 6.895266830793797541e-02 7.279199678245237837e-02 1.619427627489700497e-02 -5.927387966192568247e-02 -6.938201523289698469e-02 8.281440947802190186e-03 1.347281089653225572e-01 2.429438113527372378e-01 2.887243692919283511e-01 2.255798730803961205e-01
-2.448306965367290089e-01 -1.233037552748461330e-01 1.403776656929297054e-02 8.219514645691029797e-02 6.630590314871082080e-02 -9.926550192540524453e-03 -6.973849968033192515e-02 -5.978153645354373352e-02 1.663885853271467041e-02 1.261599601532577553e-01 2.255798730803961205e-01 2.932624789483245786e-01
3.625299712618226811e-01 2.450297168116761515e-01 1.139798423663142268e-01 -2.247479259288651804e-02 -8.468591891863475052e-02 -6.612209507340403858e-02 -1.261117018645870839e-03 6.393097505942618719e-02 7.091605468525848111e-02 1.770162590766798799e-02 -1.099989260871069852e-01 -2.591092653418256009e-01
2.450297168116761515e-01 2.977954807287314098e-01 2.454122987222037144e-01 1.067949284835314483e-01 -1.906483647225650988e-02 -6.887490944867044607e-02 -5.405895883501046773e-02 9.158171496846081311e-03 6.369861435374368774e-02 7.583571443644078480e-02 1.384023672757886923e-02 -1.203899395525280247e-01
1.139798423663142268e-01 2.454122987222037144e-01 3.960583004871538471e-01 2.706559374139902996e-01 1.219751321668375021e-01 1.543133977221631007e-03 -6.349955439704274562e-02 -5.645607303975543750e-02 1.592736789984935302e-03 5.667350957024231556e-02 7.085270091583494023e-02 6.925510422249597439e-03
-2.247479259288651804e-02 1.067949284835314483e-01 2.706559374139902996e-01 3.638800780786489164e-01 2.465681576198297531e-01 1.210407582403314475e-01 1.027965449301910215e-02 -5.932893369380259907e-02 -6.086667593940236348e-02 -2.334008209148991445e-02 3.727499828993015296e-02 6.782300563654194980e-02
-8.468591891863475052e-02 -1.906483647225650988e-02 1.219751321668375021e-01 2.465681576198297531e-01 3.010368510210674198e-01 2.247901009579338638e-01 1.250077932650375812e-01 1.278723031450360210e-02 -6.252783950627992249e-02 -7.796970908676326140e-02 -3.035523796788732950e-02 5.391356211393284054e-02
-6.612209507340403858e-02 -6.887490944867044607e-02 1.543133977221631007e-03 1.210407582403314475e-01 2.247901009579338638e-01 2.788540412812746672e-01 2.411373186020878689e-01 1.318262651088646931e-01 7.239207237798380920e-03 -6.684226638467193060e-02 -6.863920400252045140e-02 -7.536517556902816569e-04
-1.261117018645870839e-03 -5.405895883501046773e-02 -6.349955439704274562e-02 1.027965449301910215e-02 1.250077932650375812e-01 2.411373186020878689e-01 3.596085347604165428e-01 2.676484713329113641e-01 1.256887432729111576e-01 1.021112088587945374e-02 -5.761034455536196558e-02 -5.430026209336891868e-02
6.393097505942618719e-02 9.158171496846081311e-03 -5.645607303975543750e-02 -5.932893369380259907e-02 1.278723031450360210e-02 1.318262651088646931e-01 2.676484713329113641e-01 3.551057377651663516e-01 2.321876761879384521e-01 1.254278771654378788e-01 2.107552486810992595e-02 -5.793762011290356367e-02
7.091605468525848111e-02 6.369861435374368774e-02 1.592736789984935302e-03 -6.086667593940236348e-02 -6.252783950627992249e-02 7.239207237798380920e-03 1.256887432729111576e-01 2.321876761879384521e-01 2.608298455862748666e-01 2.240354731510372510e-01 1.320426411566132940e-01 9.090148391131607289e-03
1.770162590766798799e-02 7.583571443644078480e-02 5.667350957024231556e-02 -2.334008209148991445e-02 -7.796970908676326140e-02 -6.684226638467193060e-02 1.021112088587945374e-02 1.254278771654378788e-01 2.240354731510372510e-01 3.136070375194351390e-01 2.550194041628945918e-01 1.209647904336617896e-01
-1.099989260871069852e-01 1.384023672757886923e-02 7.085270091583494023e-02 3.727499828993015296e-02 -3.035523796788732950e-02 -6.863920400252045140e-02 -5.761034455536196558e-02 2.107552486810992595e-02 1.320426411566132940e-01 2.550194041628945918e-01 3.574433128480773436e-01 2.535519691178015345e-01
-2.591092653418256009e-01 -1.203899395525280247e-01 6.925510422249597439e-03 6.782300563654194980e-02 5.391356211393284054e-02 -7.536517556902816569e-04 -5.430026209336891868e-02 -5.793762011290356367e-02 9.090148391131607289e-03 1.209647904336617896e-01 2.535519691178015345e-01 3.532508086619696175e-01
3.177540549009644222e-01 2.421796845767050232e-01 1.176006209433118066e-01 5.694191001321243818e-03 -5.857142782787851110e-02 -5.680116451134006178e-02 5.356014984360076177e-03 6.476685682865834792e-02 6.492208124318363249e-02 -1.512280310141311639e-02 -1.360169784044943375e-01 -2.507256690680300659e-01
2.421796845767050232e-01 3.432681297643755958e-01 2.544210512562747883e-01 1.374318109828000511e-01 2.165943613599778661e-03 -7.676800063888647441e-02 -5.805111161302164285e-02 3.084160423886874239e-03 5.794966497989415682e-02 5.938990150370072885e-02 -4.021350283640408828e-03 -1.166748529317041400e-01
1.176006209433118066e-01 2.544210512562747883e-01 3.332606125591721091e-01 2.533441656802983277e-01 1.109991227643098849e-01 -1.416299652763690353e-02 -6.507751844865786173e-02 -5.738984016656788201e-02 -7.662206946167882072e-04 5.901317007384134644e-02 7.138217962720334875e-02 1.027926196017398680e-02
5.694191001321243818e-03 1.374318109828000511e-01 2.533441656802983277e-01 3.367605366933218436e-01 2.332855721453667708e-01 1.168421154370867382e-01 -3.186761223932387584e-03 -7.119532182226742667e-02 -5.930140825100056051e-02 9.642884390674962003e-03 7.187495653363527859e-02 7.369248019020932516e-02
-5.857142782787851110e-02 2.165943613599778661e-03 1.109991227643098849e-01 2.332855721453667708e-01 3.055223168787364330e-01 2.644534938223156995e-01 1.229685994729827481e-01 -1.378682194120796909e-03 -6.503246318536488879e-02 -5.344937236137801972e-02 2.373176449420491118e-03 5.313687431033019964e-02
-5.680116451134006178e-02 -7.676800063888647441e-02 -1.416299652763690353e-02 1.168421154370867382e-01 2.644534938223156995e-01 4.258852864118432002e-01 2.493657543134892574e-01 1.139443076135977645e-01 -6.146400438623315400e-03 -6.869111505085188918e-02 -6.417717885051107962e-02 -8.933317179706481981e-03
5.356014984360076177e-03 -5.805111161302164285e-02 -6.507751844865786173e-02 -3.186761223932387584e-03 1.229685994729827481e-01 2.493657543134892574e-01 2.657212728535958690e-01 2.206226942414963310e-01 1.199078659351529991e-01 8.162998241483651954e-03 -6.177756033500103605e-02 -6.049272973414769605e-02
6.476685682865834792e-02 3.084160423886874239e-03 -5.738984016656788201e-02 -7.119532182226742667e-02 -1.378682194120796909e-03 1.139443076135977645e-01 2.206226942414963310e-01 3.280628474195788624e-01 2.670237587941592938e-01 1.340964418033623040e-01 2.497857889196994710e-03 -6.892945195772505473e-02
6.492208124318363249e-02 5.794966497989415682e-02 -7.662206946167882072e-04 -5.930140825100056051e-02 -6.503246318536488879e-02 -6.146400438623315400e-03 1.199078659351529991e-01 2.670237587941592938e-01 3.834854641529981123e-01 2.503933186202699779e-01 1.148125431670898866e-01 -2.585809177136342597e-03
-1.512280310141311639e-02 5.938990150370072885e-02 5.901317007384134644e-02 9.642884390674962003e-03 -5.344937236137801972e-02 -6.869111505085188918e-02 8.162998241483651954e-03 1.340964418033623040e-01 2.503933186202699779e-01 2.942892084220558591e-01 2.294731004969285115e-01 1.243280568566852290e-01
-1.360169784044943375e-01 -4.021350283640408828e-03 7.138217962720334875e-02 7.187495653363527859e-02 2.373176449420491118e-03 -6.417717885051107962e-02 -6.177756033500103605e-02 2.497857889196994710e-03 1.148125431670898866e-01 2.294731004969285115e-01 3.171321446837176428e-01 2.546108451810531470e-01
-2.507256690680300659e-01 -1.166748529317041400e-01 1.027926196017398680e-02 7.369248019020932516e-02 5.313687431033019964e-02 -8.933317179706481981e-03 -6.049272973414769605e-02 -6.892945195772505473e-02 -2.585809177136342597e-03 1.243280568566852290e-01 2.546108451810531470e-01 3.488581252596459348e-01
3.414690791239060053e-01 2.434245569890770289e-01 1.093770079756290897e-01 -8.861908617918887870e-03 -6.681930388631489304e-02 -5.741194825985090899e-02 5.680035301667094028e-03 6.576396036629483799e-02 6.667256090193462992e-02 1.874514863897887610e-04 -1.260636756684684057e-01 -2.623472432071288774e-01
2.434245569890770289e-01 3.438254831320157745e-01 2.633875006805748709e-01 1.287429577075744347e-01 6.606722787346711034e-03 -6.480551474097710762e-02 -5.891981323950896965e-02 -9.500173532392386030e-03 4.896363831174440490e-02 6.819875409739502292e-02 5.644792817082341062e-03 -1.134955866904943239e-01
1.093770079756290897e-01 2.633875006805748709e-01 3.760486217876372050e-01 2.487833741359927742e-01 1.206514922503161280e-01 3.827431900557647180e-03 -6.303577435306058352e-02 -7.042551239882917369e-02 -1.389632863391857681e-02 5.540632489467700594e-02 7.361699357804411814e-02 2.289650303728603398e-02
-8.861908617918887870e-03 1.287429577075744347e-01 2.487833741359927742e-01 2.886035265973073694e-01 2.247427467310696425e-01 1.253756944829472475e-01 1.230221471466459889e-02 -6.275879481845710040e-02 -6.025648587153457914e-02 -7.740643861818078883e-03 5.701055381200190175e-02 7.658711196172263147e-02
-6.681930388631489304e-02 6.606722787346711034e-03 1.206514922503161280e-01 2.247427467310696425e-01 3.019698864114282455e-01 2.571179059016485136e-01 1.314086648906389321e-01 1.141560216987043755e-02 -6.052280017308096782e-02 -6.597241021085920032e-02 -4.023314492689516846e-03 5.974769155391419090e-02
-5.741194825985090899e-02 -6.480551474097710762e-02 3.827431900557647180e-03 1.253756944829472475e-01 2.571179059016485136e-01 3.803687727443966216e-01 2.490138513541819143e-01 1.263074014893012798e-01 1.148527790822034909e-03 -7.180032858191061351e-02 -5.951325467710980033e-02 -1.573444657821524697e-03
5.680035301667094028e-03 -5.891981323950896965e-02 -6.303577435306058352e-02 1.230221471466459889e-02 1.314086648906389321e-01 2.490138513541819143e-01 2.835703270542722088e-01 2.323051264856715870e-01 1.158143833056893557e-01 6.612570240112810617e-03 -5.827278065393239753e-02 -6.067913907900407411e-02
6.576396036629483799e-02 -9.500173532392386030e-03 -7.042551239882917369e-02 -6.275879481845710040e-02 1.141560216987043755e-02 1.263074014893012798e-01 2.323051264856715870e-01 3.339951757307497715e-01 2.478748739768996956e-01 1.355906428491738536e-01 2.575517236696177239e-03 -7.639674180320524255e-02
6.667256090193462992e-02 4.896363831174440490e-02 -1.389632863391857681e-02 -6.025648587153457914e-02 -6.052280017308096782e-02 1.148527790822034909e-03 1.158143833056893557e-01 2.478748739768996956e-01 3.230360666456508767e-01 2.584822847431136883e-01 1.169532644870108495e-01 -8.203333678660705910e-03
1.874514863897887610e-04 6.819875409739502292e-02 5.540632489467700594e-02 -7.740643861818078883e-03 -6.597241021085920032e-02 -7.180032858191061351e-02 6.612570240112810617e-03 1.355906428491738536e-01 2.584822847431136883e-01 3.691004973020238222e-01 2.413543567189689876e-01 1.179009754076269373e-01
-1.260636756684684057e-01 5.644792817082341062e-03 7.361699357804411814e-02 5.701055381200190175e-02 -4.023314492689516846e-03 -5.951325467710980033e-02 -5.827278065393239753e-02 2.575517236696177239e-03 1.169532644870108495e-01 2.413543567189689876e-01 2.906796807936894433e-01 2.440763692972310883e-01
-2.623472432071288774e-01 -1.134955866904943239e-01 2.289650303728603398e-02 7.658711196172263147e-02 5.974769155391419090e-02 -1.573444657821524697e-03 -6.067913907900407411e-02 -7.639674180320524255e-02 -8.203333678660705910e-03 1.179009754076269373e-01 2.440763692972310883e-01 3.673328826769130528e-01
2.437869482070514626e-01 2.162963636667898093e-01 1.411222350541541104e-01 3.639006083300316829e-02 -5.016131824059705951e-02 -6.464324273904289986e-02 -2.165441089360119198e-02 4.467720582778982041e-02 6.491187251899983857e-02 -2.754525301584923556e-03 -1.250285553551213624e-01 -2.266686323508991796e-01
2.162963636667898093e-01 3.174013848511811897e-01 2.694582580276739248e-01 1.397127626413557366e-01 1.009769947423919470e-02 -6.469787313345987112e-02 -7.081075716021380251e-02 -1.867384163653056442e-02 4.717547267967431290e-02 6.555801182893980505e-02 1.335651549696130177e-03 -1.056130007938524962e-01
1.411222350541541104e-01 2.694582580276739248e-01 3.733359433291743024e-01 2.319178774949550714e-01 1.074136099117837251e-01 -2.213956065829326796e-03 -6.286868153949620730e-02 -5.976834377666585124e-02 -7.559604492162085758e-04 6.589571969798052598e-02 6.591482872815745964e-02 -1.061686413889212886e-02
3.639006083300316829e-02 1.397127626413557366e-01 2.319178774949550714e-01 2.479327328321982160e-01 2.216658682316939855e-01 1.264421947831946835e-01 2.453454020844141048e-02 -5.009529742504412880e-02 -5.250632369692198598e-02 6.498455148606894355e-03 5.874516887748610500e-02 4.749106116694172541e-02
-5.016131824059705951e-02 1.009769947423919470e-02 1.074136099117837251e-01 2.216658682316939855e-01 3.584172271916323260e-01 2.726258079423152791e-01 1.457603473013421025e-01 6.833745694228844994e-03 -7.246450142333638045e-02 -5.977367264712100253e-02 1.269518356171750982e-02 6.155679578752202424e-02
-6.464324273904289986e-02 -6.469787313345987112e-02 -2.213956065829326796e-03 1.264421947831946835e-01 2.726258079423152791e-01 3.511591528338793289e-01 2.370486767854924626e-01 1.034494093892919242e-01 -1.603568053411613681e-02 -6.925443054052698999e-02 -4.158088177842162586e-02 1.978474229932158587e-02
-2.165441089360119198e-02 -7.081075716021380251e-02 -6.286868153949620730e-02 2.453454020844141048e-02 1.457603473013421025e-01 2.370486767854924626e-01 2.704022650955473783e-01 2.226956953534185157e-01 1.155206459688790932e-01 -5.797053106524308400e-03 -6.686380607752857863e-02 -4.635899363921527905e-02
4.467720582778982041e-02 -1.867384163653056442e-02 -5.976834377666585124e-02 -5.009529742504412880e-02 6.833745694228844994e-03 1.034494093892919242e-01 2.226956953534185157e-01 3.504377990413484190e-01 2.799384920145602251e-01 1.218261193739916398e-01 -3.221228298887336694e-02 -8.371894617374547876e-02
6.491187251899983857e-02 4.717547267967431290e-02 -7.559604492162085758e-04 -5.250632369692198598e-02 -7.246450142333638045e-02 -1.603568053411613681e-02 1.155206459688790932e-01 2.799384920145602251e-01 4.201717616609513817e-01 2.515170977086283455e-01 8.337091758788965634e-02 -3.231596493939432879e-02
-2.754525301584923556e-03 6.555801182893980505e-02 6.589571969798052598e-02 6.498455148606894355e-03 -5.977367264712100253e-02 -6.925443054052698999e-02 -5.797053106524308400e-03 1.218261193739916398e-01 2.515170977086283455e-01 3.090562952695303789e-01 2.376626872273972235e-01 1.239141296385845858e-01
-1.250285553551213624e-01 1.335651549696130177e-03 6.591482872815745964e-02 5.874516887748610500e-02 1.269518356171750982e-02 -4.158088177842162586e-02 -6.686380607752857863e-02 -3.221228298887336694e-02 8.337091758788965634e-02 2.376626872273972235e-01 3.693024269344526433e-01 2.818858629629945600e-01
