4.375622270809521597e-01 2.940815240169873945e-01 1.052870818645494644e-01 -4.015504887549650043e-02 -6.470378462706830036e-02 4.071944048988541606e-03 6.328733714544082511e-02 6.181621835819763044e-02 -4.119951992183162881e-02 -2.352496669113098016e-01
2.940815240169873945e-01 4.463746845431790233e-01 2.335440877451771258e-01 7.650958875076382948e-02 -4.773654153587809923e-02 -7.355045156288958497e-02 -2.157154490285290854e-02 6.024084025629328210e-02 8.773397923133516296e-02 -4.485470341976188074e-02
1.052870818645494644e-01 2.335440877451771258e-01 2.500076009082187189e-01 2.321829613065549969e-01 9.538352700919873473e-02 -5.579388511424403230e-02 -8.655020461376247698e-02 -2.634255210565534036e-02 7.014363609421561674e-02 5.651758882688661528e-02
-4.015504887549650043e-02 7.650958875076382948e-02 2.321829613065549969e-01 4.668092043541671177e-01 2.982196560671999119e-01 5.982390688163795323e-02 -6.958963382026626954e-02 -8.314028275984167160e-02 -5.728428875646169108e-03 6.596970204808619287e-02
-6.470378462706830036e-02 -4.773654153587809923e-02 9.538352700919873473e-02 2.982196560671999119e-01 4.326512434062591561e-01 2.328087537108357030e-01 8.658845909559895193e-02 -2.037157366809278988e-02 -6.139910470292556099e-02 -1.198518980473221862e-02
4.071944048988541606e-03 -7.355045156288958497e-02 -5.579388511424403230e-02 5.982390688163795323e-02 2.328087537108357030e-01 3.499411422291314189e-01 2.728556315110466368e-01 1.395582036767252510e-01 -3.125096999786779878e-02 -8.390836716568880749e-02
6.328733714544082511e-02 -2.157154490285290854e-02 -8.655020461376247698e-02 -6.958963382026626954e-02 8.658845909559895193e-02 2.728556315110466368e-01 3.827374840761783581e-01 2.598867999940508433e-01 7.813505300857831459e-02 -6.310030561103698032e-02
6.181621835819763044e-02 6.024084025629328210e-02 -2.634255210565534036e-02 -8.314028275984167160e-02 -2.037157366809278988e-02 1.395582036767252510e-01 2.598867999940508433e-01 3.247695179350001404e-01 2.412668520552113671e-01 7.533655441782045881e-02
-4.119951992183162881e-02 8.773397923133516296e-02 7.014363609421561674e-02 -5.728428875646169108e-03 -6.139910470292556099e-02 -3.125096999786779878e-02 7.813505300857831459e-02 2.412668520552113671e-01 4.622806358626120882e-01 2.887846535956812843e-01
-2.352496669113098016e-01 -4.485470341976188074e-02 5.651758882688661528e-02 6.596970204808619287e-02 -1.198518980473221862e-02 -8.390836716568880749e-02 -6.310030561103698032e-02 7.533655441782045881e-02 2.887846535956812843e-01 4.468662596043044832e-01
4.054567464792737663e-01 2.710206931435420463e-01 7.500807470497500296e-02 -6.455542086032624305e-02 -8.549635196183189012e-02 -3.120618711621371989e-03 8.081762324233839057e-02 4.804264059523809943e-02 -9.617461598342080809e-02 -2.518904919822826938e-01
2.710206931435420463e-01 4.488091218396256243e-01 2.709150810614520677e-01 7.831412430840006822e-02 -5.193881467986249251e-02 -7.094862147628516746e-02 -5.934488522334614713e-03 6.800549955971299521e-02 5.912692910329489515e-02 -7.232378705606640201e-02
7.500807470497500296e-02 2.709150810614520677e-01 3.967564980493949456e-01 2.487238979657722948e-01 1.041463121792192831e-01 -3.822347153494100314e-02 -8.339830544009207980e-02 -7.365617163116591065e-03 8.322140385350312863e-02 6.781062163519240016e-02
-6.455542086032624305e-02 7.831412430840006822e-02 2.487238979657722948e-01 3.439699644544053636e-01 2.708737540504896346e-01 1.048022026819332986e-01 -5.368543122140875812e-02 -7.578828110772072024e-02 -4.076398574845499501e-04 7.361476853191442626e-02
-8.549635196183189012e-02 -5.193881467986249251e-02 1.041463121792192831e-01 2.708737540504896346e-01 4.142414520866519179e-01 2.581682557255133847e-01 7.462352087476770146e-02 -6.265914155271375130e-02 -7.963289600204252749e-02 3.518616763939759993e-03
-3.120618711621371989e-03 -7.094862147628516746e-02 -3.822347153494100314e-02 1.048022026819332986e-01 2.581682557255133847e-01 3.610006717512946328e-01 2.652491937920914422e-01 8.081539828694810079e-02 -6.539301929890517506e-02 -7.455263667801312333e-02
8.081762324233839057e-02 -5.934488522334614713e-03 -8.339830544009207980e-02 -5.368543122140875812e-02 7.462352087476770146e-02 2.652491937920914422e-01 4.688427485512677295e-01 2.699428556559880787e-01 6.829305904793579740e-02 -6.293663941346586133e-02
4.804264059523809943e-02 6.800549955971299521e-02 -7.365617163116591065e-03 -7.578828110772072024e-02 -6.265914155271375130e-02 8.081539828694810079e-02 2.699428556559880787e-01 3.770623792933790464e-01 2.582228404733056260e-01 9.486449337764379930e-02
-9.617461598342080809e-02 5.912692910329489515e-02 8.322140385350312863e-02 -4.076398574845499501e-04 -7.963289600204252749e-02 -6.539301929890517506e-02 6.829305904793579740e-02 2.582228404733056260e-01 4.218390605744523070e-01 2.729828922171920191e-01
-2.518904919822826938e-01 -7.232378705606640201e-02 6.781062163519240016e-02 7.361476853191442626e-02 3.518616763939759993e-03 -7.455263667801312333e-02 -6.293663941346586133e-02 9.486449337764379930e-02 2.729828922171920191e-01 3.620213569202587744e-01
4.888405489758952949e-01 2.487764382592309309e-01 8.943825032137570075e-02 -3.488714661592196009e-02 -8.259954997455608294e-02 -3.227794741642506238e-02 5.423124995146996752e-02 7.041991554046633794e-02 -5.128541230982899823e-02 -2.852196156901172230e-01
2.487764382592309309e-01 3.126205206630974232e-01 2.564861295824407694e-01 1.091609415557144858e-01 -3.985459370527465184e-02 -8.068495870236963574e-02 -3.425328200480366736e-02 6.680113694948297542e-02 8.199842424548982323e-02 -5.463080252118529545e-02
8.943825032137570075e-02 2.564861295824407694e-01 4.135022579817804189e-01 2.661016434526898289e-01 9.578965110658030357e-02 -4.030611617814825604e-02 -8.512473554708360757e-02 -4.368421093983504942e-03 8.984290298727375113e-02 7.294228275207745305e-02
-3.488714661592196009e-02 1.091609415557144858e-01 2.661016434526898289e-01 3.570036814685526028e-01 2.603463612173851915e-01 1.063985955054347343e-01 -3.285775447203887617e-02 -6.764327238900090522e-02 -7.619348975851907707e-03 6.259878935087251350e-02
-8.259954997455608294e-02 -3.985459370527465184e-02 9.578965110658030357e-02 2.603463612173851915e-01 4.045734266921754418e-01 2.584154995102016517e-01 9.882274694345963284e-02 -6.090020818391608803e-02 -9.627835440618283391e-02 -1.042100745141685478e-02
-3.227794741642506238e-02 -8.068495870236963574e-02 -4.030611617814825604e-02 1.063985955054347343e-01 2.584154995102016517e-01 3.212216195791324225e-01 2.516275537516182714e-01 7.346777395406713096e-02 -7.153360748359138821e-02 -7.018129416755822247e-02
5.423124995146996752e-02 -3.425328200480366736e-02 -8.512473554708360757e-02 -3.285775447203887617e-02 9.882274694345963284e-02 2.516275537516182714e-01 4.501841374925695249e-01 2.819751364360327806e-01 7.523263886686934465e-02 -5.890679736340558026e-02
7.041991554046633794e-02 6.680113694948297542e-02 -4.368421093983504942e-03 -6.764327238900090522e-02 -6.090020818391608803e-02 7.346777395406713096e-02 2.819751364360327806e-01 4.300742660268958018e-01 2.560643734128920102e-01 7.209127457287373142e-02
-5.128541230982899823e-02 8.199842424548982323e-02 8.984290298727375113e-02 -7.619348975851907707e-03 -9.627835440618283391e-02 -7.153360748359138821e-02 7.523263886686934465e-02 2.560643734128920102e-01 3.689544261776157574e-01 2.525723690950328892e-01
-2.852196156901172230e-01 -5.463080252118529545e-02 7.294228275207745305e-02 6.259878935087251350e-02 -1.042100745141685478e-02 -7.018129416755822247e-02 -5.890679736340558026e-02 7.209127457287373142e-02 2.525723690950328892e-01 4.530251149422892532e-01
4.432645965741514038e-01 2.484351652931918730e-01 4.986368843752402025e-02 -7.579514057037931019e-02 -8.212301035791938486e-02 -8.822849221627846947e-03 7.730782398602950578e-02 6.550126335810270428e-02 -7.925547429945543898e-02 -2.823633081331373140e-01
2.484351652931918730e-01 3.651190576069442417e-01 2.757484786831421175e-01 6.479630459418551924e-02 -7.206523308793297278e-02 -7.810998589461620734e-02 -6.541216206832962954e-03 7.412974089549166645e-02 6.046606703472772598e-02 -8.254306097127594999e-02
4.986368843752402025e-02 2.757484786831421175e-01 5.314239798916320368e-01 2.728503591291975838e-01 7.417005212638574929e-02 -4.136831972677851299e-02 -7.449647835673431362e-02 -1.124234132451881057e-02 6.829058148814284857e-02 6.965125448029302335e-02
-7.579514057037931019e-02 6.479630459418551924e-02 2.728503591291975838e-01 3.428967975809192881e-01 2.428676869633539792e-01 1.179633700714525224e-01 -1.621611805316218458e-02 -7.529790922615879623e-02 -3.579311851822097879e-02 6.050026901360091441e-02
-8.212301035791938486e-02 -7.206523308793297278e-02 7.417005212638574929e-02 2.428676869633539792e-01 3.573833000821807770e-01 2.641697574284708749e-01 1.152409332383959872e-01 -4.952838986524475684e-02 -9.918249818338477353e-02 -1.799973231291755738e-02
-8.822849221627846947e-03 -7.810998589461620734e-02 -4.136831972677851299e-02 1.179633700714525224e-01 2.641697574284708749e-01 3.472244786844466691e-01 2.554109103075415943e-01 7.967147380111047617e-02 -5.903999048865989779e-02 -7.075163900705364051e-02
7.730782398602950578e-02 -6.541216206832962954e-03 -7.449647835673431362e-02 -1.621611805316218458e-02 1.152409332383959872e-01 2.554109103075415943e-01 4.108618813601007114e-01 2.702252971474894405e-01 9.285847777671152325e-02 -5.464190565420765089e-02
6.550126335810270428e-02 7.412974089549166645e-02 -1.124234132451881057e-02 -7.529790922615879623e-02 -4.952838986524475684e-02 7.967147380111047617e-02 2.702252971474894405e-01 4.119925108450583906e-01 2.668439858618747440e-01 7.926405457234991792e-02
-7.925547429945543898e-02 6.046606703472772598e-02 6.829058148814284857e-02 -3.579311851822097879e-02 -9.918249818338477353e-02 -5.903999048865989779e-02 9.285847777671152325e-02 2.668439858618747440e-01 3.829849360677215486e-01 2.529181716112406386e-01
-2.823633081331373140e-01 -8.254306097127594999e-02 6.965125448029302335e-02 6.050026901360091441e-02 -1.799973231291755738e-02 -7.075163900705364051e-02 -5.464190565420765089e-02 7.926405457234991792e-02 2.529181716112406386e-01 4.068484613068428235e-01
3.781149783760273109e-01 2.617381708368594628e-01 9.170710410758542430e-02 -5.310115432197194674e-02 -6.955821266235012734e-02 -4.991303560240962882e-03 6.861280401084662861e-02 7.866971661039406927e-02 -5.706863218131517229e-02 -2.653151802678179738e-01
2.617381708368594628e-01 4.263759006404449492e-01 2.678908793923578946e-01 9.409873614450228740e-02 -5.437659222251615965e-02 -8.974776889537278146e-02 -1.707380460036091521e-02 7.278508428932928265e-02 7.162121625251165191e-02 -6.814456522817646800e-02
9.170710410758542430e-02 2.678908793923578946e-01 3.574759796671621026e-01 2.597950045941687103e-01 8.576685854674118148e-02 -5.382138937753811608e-02 -7.384727716305417022e-02 -2.288039579474292207e-02 6.186145870816071174e-02 6.076569516210575395e-02
-5.310115432197194674e-02 9.409873614450228740e-02 2.597950045941687103e-01 4.169261905199341256e-01 2.630507925076602249e-01 9.126809701989113677e-02 -4.426699775917557200e-02 -8.994736527039223772e-02 -1.613403398167461561e-02 8.133340842134989535e-02
-6.955821266235012734e-02 -5.437659222251615965e-02 8.576685854674118148e-02 2.630507925076602249e-01 3.825326659765400095e-01 2.694192608026921842e-01 1.013026990476449812e-01 -3.725638380750301293e-02 -6.795986632647905978e-02 -2.700674198834132449e-03
-4.991303560240962882e-03 -8.974776889537278146e-02 -5.382138937753811608e-02 9.126809701989113677e-02 2.694192608026921842e-01 4.094160150593874059e-01 2.498856890804467268e-01 1.052491911749107167e-01 -3.956080124109605245e-02 -8.129371362545501079e-02
6.861280401084662861e-02 -1.707380460036091521e-02 -7.384727716305417022e-02 -4.426699775917557200e-02 1.013026990476449812e-01 2.498856890804467268e-01 3.004640942600328990e-01 2.535147097754563150e-01 9.441068310700589938e-02 -6.424239015671084907e-02
7.866971661039406927e-02 7.278508428932928265e-02 -2.288039579474292207e-02 -8.994736527039223772e-02 -3.725638380750301293e-02 1.052491911749107167e-01 2.535147097754563150e-01 4.306759683889978541e-01 2.690620394472484356e-01 5.190327100541949901e-02
-5.706863218131517229e-02 7.162121625251165191e-02 6.186145870816071174e-02 -1.613403398167461561e-02 -6.795986632647905978e-02 -3.956080124109605245e-02 9.441068310700589938e-02 2.690620394472484356e-01 4.139756475030265115e-01 2.652109075876358801e-01
-2.653151802678179738e-01 -6.814456522817646800e-02 6.076569516210575395e-02 8.133340842134989535e-02 -2.700674198834132449e-03 -8.129371362545501079e-02 -6.424239015671084907e-02 5.190327100541949901e-02 2.652109075876358801e-01 4.840425596084471649e-01
3.512189818315025192e-01 2.612661546881687724e-01 9.773624176887962811e-02 -4.633531019878674162e-02 -7.306121054554561012e-02 -1.965332799896218896e-03 7.122116797214722572e-02 3.507106099803274091e-02 -1.142914749532138730e-01 -2.584635843471695948e-01
2.612661546881687724e-01 4.588794929301156511e-01 2.775715041704153174e-01 8.701829429084415035e-02 -5.901947452595397714e-02 -8.541301448810936781e-02 -6.996475225238833057e-03 7.395292378991824567e-02 5.080762626378297619e-02 -7.191656338343103971e-02
9.773624176887962811e-02 2.775715041704153174e-01 3.499383398773185938e-01 2.386131529938636253e-01 8.342024982548529310e-02 -5.285611588109241643e-02 -7.160386331592816234e-02 1.396311950714390973e-02 8.632819387503765096e-02 5.949066275796842385e-02
-4.633531019878674162e-02 8.701829429084415035e-02 2.386131529938636253e-01 3.852597758441259623e-01 2.850569187893934320e-01 1.017180868045937936e-01 -5.710424599098724852e-02 -7.127628784077626178e-02 1.921847164633885136e-02 8.088857031914396811e-02
-7.306121054554561012e-02 -5.901947452595397714e-02 8.342024982548529310e-02 2.850569187893934320e-01 4.437254853471491733e-01 2.581322982156872836e-01 6.253365283503591054e-02 -6.896550041205024018e-02 -6.822569798546057607e-02 3.373500990829310722e-03
-1.965332799896218896e-03 -8.541301448810936781e-02 -5.285611588109241643e-02 1.017180868045937936e-01 2.581322982156872836e-01 3.455003731541926859e-01 2.518905280194492224e-01 7.337829610807468372e-02 -7.040478906963540395e-02 -8.531764214456533102e-02
7.122116797214722572e-02 -6.996475225238833057e-03 -7.160386331592816234e-02 -5.710424599098724852e-02 6.253365283503591054e-02 2.518905280194492224e-01 4.727779255609760312e-01 2.883646282061569366e-01 6.089082406268753883e-02 -7.004551076682126454e-02
3.507106099803274091e-02 7.395292378991824567e-02 1.396311950714390973e-02 -7.127628784077626178e-02 -6.896550041205024018e-02 7.337829610807468372e-02 2.883646282061569366e-01 4.296393531880753347e-01 2.411753264027063914e-01 9.023690747884646757e-02
-1.142914749532138730e-01 5.080762626378297619e-02 8.632819387503765096e-02 1.921847164633885136e-02 -6.822569798546057607e-02 -7.040478906963540395e-02 6.089082406268753883e-02 2.411753264027063914e-01 3.475176722884483760e-01 2.738866637889831868e-01
-2.584635843471695948e-01 -7.191656338343103971e-02 5.949066275796842385e-02 8.088857031914396811e-02 3.373500990829310722e-03 -8.531764214456533102e-02 -7.004551076682126454e-02 9.023690747884646757e-02 2.738866637889831868e-01 4.155425999780978930e-01
4.733169907070066684e-01 2.678170652414907371e-01 9.123198543553215356e-02 -4.322478645856938501e-02 -7.455140847774599511e-02 -3.117940481649336334e-03 7.049846579586950546e-02 4.340556837138488666e-02 -7.750918995675770695e-02 -2.707602748941023707e-01
2.678170652414907371e-01 3.487729340681856027e-01 2.445362782707192484e-01 1.012852634035912303e-01 -4.852366849795994308e-02 -7.513996841733509846e-02 1.506286379695295254e-02 8.657358285013021237e-02 6.506966819045811867e-02 -7.485771685253227170e-02
9.123198543553215356e-02 2.445362782707192484e-01 3.488866696813657242e-01 2.702933627853966181e-01 9.238890270677121985e-02 -6.464306371200372048e-02 -6.570520463991902371e-02 2.901315076763055778e-02 8.814602217497513603e-02 5.843395402233030056e-02
-4.322478645856938501e-02 1.012852634035912303e-01 2.702933627853966181e-01 4.310728905045830284e-01 2.657225236409111457e-01 5.383795420896014816e-02 -7.729745470317062050e-02 -6.312085481760565386e-02 1.216531029210113357e-02 7.284159491479660908e-02
-7.455140847774599511e-02 -4.852366849795994308e-02 9.238890270677121985e-02 2.657225236409111457e-01 4.086062275252198006e-01 2.581646399514435641e-01 4.850129515981176087e-02 -7.586066002196853453e-02 -8.136696671730021813e-02 -6.696300375863845772e-03
-3.117940481649336334e-03 -7.513996841733509846e-02 -6.464306371200372048e-02 5.383795420896014816e-02 2.581646399514435641e-01 4.723419317539130913e-01 2.746566478969383329e-01 6.153100083751531640e-02 -6.081836219973181523e-02 -7.317312068848905171e-02
7.049846579586950546e-02 1.506286379695295254e-02 -6.570520463991902371e-02 -7.729745470317062050e-02 4.850129515981176087e-02 2.746566478969383329e-01 4.415339993826813969e-01 2.538629646536391116e-01 1.056399029917175769e-01 -2.337591853988174595e-02
4.340556837138488666e-02 8.657358285013021237e-02 2.901315076763055778e-02 -6.312085481760565386e-02 -7.586066002196853453e-02 6.153100083751531640e-02 2.538629646536391116e-01 3.429078795068312147e-01 2.572783356225712970e-01 1.173675989109343593e-01
-7.750918995675770695e-02 6.506966819045811867e-02 8.814602217497513603e-02 1.216531029210113357e-02 -8.136696671730021813e-02 -6.081836219973181523e-02 1.056399029917175769e-01 2.572783356225712970e-01 3.416929059142758129e-01 2.523108427584624947e-01
-2.707602748941023707e-01 -7.485771685253227170e-02 5.843395402233030056e-02 7.284159491479660908e-02 -6.696300375863845772e-03 -7.317312068848905171e-02 -2.337591853988174595e-02 1.173675989109343593e-01 2.523108427584624947e-01 3.908675709559349398e-01
4.400411952381283465e-01 2.838605714301359328e-01 2.448033762214501391e-02 -9.045970482262996604e-02 -5.803749415261488798e-02 2.660462107544648083e-02 7.898494345635204139e-02 3.433181208710044813e-02 -9.188849665619000517e-02 -2.307817740312356203e-01
2.838605714301359328e-01 4.769492983127916474e-01 2.479815589207619575e-01 2.862732212967308495e-02 -6.892485256010497108e-02 -5.861115994452953393e-02 1.555593004447200934e-03 6.303231535058048673e-02 4.640780482785415023e-02 -8.238516429827494325e-02
2.448033762214501391e-02 2.479815589207619575e-01 4.788676828032960575e-01 2.740964910631288332e-01 7.668632017043003346e-02 -5.012322861103975929e-02 -8.184723796170079169e-02 -1.205185900337013907e-02 6.785771691102840397e-02 6.949342854785528489e-02
-9.045970482262996604e-02 2.862732212967308495e-02 2.740964910631288332e-01 4.212293248612940522e-01 2.513383733210924342e-01 9.568277812621854561e-02 -2.871526794044702499e-02 -6.426830384385120998e-02 -1.955112830093091308e-02 5.835359797781175528e-02
-5.803749415261488798e-02 -6.892485256010497108e-02 7.668632017043003346e-02 2.513383733210924342e-01 3.492729685126738648e-01 2.527637027772697831e-01 1.273427050907693370e-01 -3.015368717800065435e-02 -9.163224193280954111e-02 -3.690382870854510416e-02
2.660462107544648083e-02 -5.861115994452953393e-02 -5.012322861103975929e-02 9.568277812621854561e-02 2.527637027772697831e-01 3.293354644402026188e-01 2.645471493287201992e-01 8.961272025682179287e-02 -5.732562152050638127e-02 -8.113700881380117580e-02
7.898494345635204139e-02 1.555593004447200934e-03 -8.184723796170079169e-02 -2.871526794044702499e-02 1.273427050907693370e-01 2.645471493287201992e-01 4.074152640680911430e-01 2.504283952677447411e-01 7.415627454867525226e-02 -4.675573891862515319e-02
3.433181208710044813e-02 6.303231535058048673e-02 -1.205185900337013907e-02 -6.426830384385120998e-02 -3.015368717800065435e-02 8.961272025682179287e-02 2.504283952677447411e-01 3.952274579766060780e-01 2.807138770319853038e-01 1.102816720429378589e-01
-9.188849665619000517e-02 4.640780482785415023e-02 6.785771691102840397e-02 -1.955112830093091308e-02 -9.163224193280954111e-02 -5.732562152050638127e-02 7.415627454867525226e-02 2.807138770319853038e-01 4.359010644197275353e-01 2.475629271550281174e-01
-2.307817740312356203e-01 -8.238516429827494325e-02 6.949342854785528489e-02 5.835359797781175528e-02 -3.690382870854510416e-02 -8.113700881380117580e-02 -4.675573891862515319e-02 1.102816720429378589e-01 2.475629271550281174e-01 2.657602793671792751e-01
3.787389313606054353e-01 2.478029543103023036e-01 8.929155556159930340e-02 -5.366319042749560092e-02 -7.934247669359500987e-02 -1.323547241921957732e-02 7.308511178441298717e-02 6.470892243711375003e-02 -8.282858799074455103e-02 -2.793738436822807980e-01
2.478029543103023036e-01 3.360071540886513386e-01 2.552879235484076803e-01 8.614527296103835496e-02 -6.518812065410463374e-02 -8.686422073869903837e-02 1.030504151774161957e-02 9.315158086102066914e-02 5.517869463754755677e-02 -1.012808197424761164e-01
8.929155556159930340e-02 2.552879235484076803e-01 4.341513285895791663e-01 2.838088456578399810e-01 7.394422201635585112e-02 -6.381150090183404511e-02 -6.413239275109658410e-02 1.701970474220532853e-02 7.393290843787389544e-02 4.274156543549528786e-02
-5.366319042749560092e-02 8.614527296103835496e-02 2.838088456578399810e-01 4.344311278869477655e-01 2.479445465271315763e-01 8.253596999316835381e-02 -5.274976227840411092e-02 -7.847772885612779026e-02 -4.500547490063001171e-03 7.572968797232168536e-02
-7.934247669359500987e-02 -6.518812065410463374e-02 7.394422201635585112e-02 2.479445465271315763e-01 3.445352920330972957e-01 2.664077893134956243e-01 8.829656812690024614e-02 -7.033771969923206802e-02 -8.370921907595971212e-02 3.096116150411711617e-03
-1.323547241921957732e-02 -8.686422073869903837e-02 -6.381150090183404511e-02 8.253596999316835381e-02 2.664077893134956243e-01 4.474148372284245667e-01 2.698847111056946746e-01 6.492033397234256431e-02 -6.404865393958983355e-02 -7.096984866579357509e-02
7.308511178441298717e-02 1.030504151774161957e-02 -6.413239275109658410e-02 -5.274976227840411092e-02 8.829656812690024614e-02 2.698847111056946746e-01 4.006130782455983308e-01 2.644781011153944372e-01 9.439766615507966252e-02 -4.969599273799506223e-02
6.470892243711375003e-02 9.315158086102066914e-02 1.701970474220532853e-02 -7.847772885612779026e-02 -7.033771969923206802e-02 6.492033397234256431e-02 2.644781011153944372e-01 4.164037856699421281e-01 2.633359343315337942e-01 8.057857458754534574e-02
-8.282858799074455103e-02 5.517869463754755677e-02 7.393290843787389544e-02 -4.500547490063001171e-03 -8.370921907595971212e-02 -6.404865393958983355e-02 9.439766615507966252e-02 2.633359343315337942e-01 3.623544471709384540e-01 2.580703998698770096e-01
-2.793738436822807980e-01 -1.012808197424761164e-01 4.274156543549528786e-02 7.572968797232168536e-02 3.096116150411711617e-03 -7.096984866579357509e-02 -4.969599273799506223e-02 8.057857458754534574e-02 2.580703998698770096e-01 4.453500177262196269e-01
4.152153273218713858e-01 2.688503987938821727e-01 1.205137186287776885e-01 -3.141866003117486233e-02 -7.392444193341314584e-02 6.174869017577197874e-03 7.581402838686646106e-02 3.845166891841969581e-02 -8.685862639939948004e-02 -2.576081841762311031e-01
2.688503987938821727e-01 3.421944294845474799e-01 2.483199968371904154e-01 8.704556787679156027e-02 -7.075334581645055521e-02 -6.930459844414166293e-02 2.124273151762551964e-02 8.260279449074521552e-02 5.567925140652437571e-02 -8.980962104877862617e-02
1.205137186287776885e-01 2.483199968371904154e-01 3.385484223295700534e-01 2.532692876710406216e-01 5.070702878163812349e-02 -7.869006959470595253e-02 -6.198266832398667547e-02 3.995243840598489832e-02 9.507165954360624616e-02 3.893146121966311463e-02
-3.141866003117486233e-02 8.704556787679156027e-02 2.532692876710406216e-01 4.844389272180195660e-01 2.812693238873764656e-01 3.361932515856301540e-02 -8.248397218956145249e-02 -5.318297074123327917e-02 2.256662535243213891e-02 6.647185869190727625e-02
-7.392444193341314584e-02 -7.075334581645055521e-02 5.070702878163812349e-02 2.812693238873764656e-01 4.714494997318235958e-01 2.451573412464107260e-01 5.836936353667418476e-02 -5.689147687677527376e-02 -7.930662933345344889e-02 -1.142908450295820021e-02
6.174869017577197874e-03 -6.930459844414166293e-02 -7.869006959470595253e-02 3.361932515856301540e-02 2.451573412464107260e-01 3.952009233759520290e-01 2.795624380591928970e-01 9.209421255054894839e-02 -5.446946436638450129e-02 -7.550203628664170497e-02
7.581402838686646106e-02 2.124273151762551964e-02 -6.198266832398667547e-02 -8.248397218956145249e-02 5.836936353667418476e-02 2.795624380591928970e-01 4.608586034685075439e-01 2.557327387629025894e-01 9.045023520640234349e-02 -3.727176074289152707e-02
3.845166891841969581e-02 8.260279449074521552e-02 3.995243840598489832e-02 -5.318297074123327917e-02 -5.689147687677527376e-02 9.209421255054894839e-02 2.557327387629025894e-01 3.117407156271777557e-01 2.497686899161035146e-01 1.120428660766129014e-01
-8.685862639939948004e-02 5.567925140652437571e-02 9.507165954360624616e-02 2.256662535243213891e-02 -7.930662933345344889e-02 -5.446946436638450129e-02 9.045023520640234349e-02 2.497686899161035146e-01 3.925415981330621640e-01 2.705830350939916751e-01
-2.576081841762311031e-01 -8.980962104877862617e-02 3.893146121966311463e-02 6.647185869190727625e-02 -1.142908450295820021e-02 -7.550203628664170497e-02 -3.727176074289152707e-02 1.120428660766129014e-01 2.705830350939916751e-01 3.878115533094624312e-01
4.561078077699529110e-01 2.514986116728706311e-01 3.547879476827143358e-02 -7.466477412374041001e-02 -6.028468444244786117e-02 9.576665190834894592e-03 6.285546735038920196e-02 4.384854909897467623e-02 -7.830338563217507930e-02 -2.812484791048990296e-01
2.514986116728706311e-01 4.453400596198434647e-01 2.649377542725398493e-01 5.595854428991514640e-02 -6.643846380206326618e-02 -7.463689500196724058e-02 2.133727602929974543e-02 8.976193855884512240e-02 6.575213679450395143e-02 -4.356352670340299382e-02
3.547879476827143358e-02 2.649377542725398493e-01 4.671331928399514721e-01 2.719576786104516142e-01 8.413162067950054335e-02 -4.646221221812621427e-02 -5.961670061814983851e-02 -5.540257698414679209e-03 5.329023357301404529e-02 7.862314439959272594e-02
-7.466477412374041001e-02 5.595854428991514640e-02 2.719576786104516142e-01 3.952708244045162744e-01 2.414297827520854312e-01 9.724815179546773825e-02 -5.405085786990673768e-02 -9.729032435906631582e-02 -4.112290319881906769e-02 5.139685785312993194e-02
-6.028468444244786117e-02 -6.643846380206326618e-02 8.413162067950054335e-02 2.414297827520854312e-01 3.061954899094554983e-01 2.638340468883756396e-01 8.557014848095371995e-02 -5.779421287113953309e-02 -7.663462487611674701e-02 -3.452788989803022568e-02
9.576665190834894592e-03 -7.463689500196724058e-02 -4.646221221812621427e-02 9.724815179546773825e-02 2.638340468883756396e-01 4.750103852848973629e-01 2.707269368032437229e-01 8.263963147685199351e-02 -2.958433082602095893e-02 -7.569148745872536499e-02
6.285546735038920196e-02 2.133727602929974543e-02 -5.961670061814983851e-02 -5.405085786990673768e-02 8.557014848095371995e-02 2.707269368032437229e-01 3.724212889993615549e-01 2.566273916438242542e-01 1.159549378102129324e-01 -6.822609007828017193e-03
4.384854909897467623e-02 8.976193855884512240e-02 -5.540257698414679209e-03 -9.729032435906631582e-02 -5.779421287113953309e-02 8.263963147685199351e-02 2.566273916438242542e-01 3.772781385472259164e-01 2.389560505296146053e-01 1.145717244367520649e-01
-7.830338563217507930e-02 6.575213679450395143e-02 5.329023357301404529e-02 -4.112290319881906769e-02 -7.663462487611674701e-02 -2.958433082602095893e-02 1.159549378102129324e-01 2.389560505296146053e-01 2.516329817710505345e-01 2.338407308360457570e-01
-2.812484791048990296e-01 -4.356352670340299382e-02 7.862314439959272594e-02 5.139685785312993194e-02 -3.452788989803022568e-02 -7.569148745872536499e-02 -6.822609007828017193e-03 1.145717244367520649e-01 2.338407308360457570e-01 4.536098308537387380e-01
4.156197399916677360e-01 2.623946673922997186e-01 6.654209143481401578e-02 -7.696818943674813007e-02 -5.914922136702996380e-02 2.102950472663579068e-02 7.102451876798859809e-02 7.347646513179043049e-02 -5.719713042656988933e-02 -2.755531898657625489e-01
2.623946673922997186e-01 3.711432761119234924e-01 2.492047512205071147e-01 5.169904576916266314e-02 -7.794388651687665648e-02 -7.575752897303744682e-02 1.698718324797507395e-02 9.816553867038288472e-02 7.089096322150302554e-02 -9.367941686450990957e-02
6.654209143481401578e-02 2.492047512205071147e-01 4.637746950091541365e-01 2.882244843617800534e-01 4.336440068327556546e-02 -8.113915718485376072e-02 -6.267967254136723454e-02 -4.660307426764456057e-03 5.734816997501144403e-02 5.449280375234660800e-02
-7.696818943674813007e-02 5.169904576916266314e-02 2.882244843617800534e-01 4.812965510379403899e-01 2.396812378267921262e-01 7.109086043567164337e-02 -3.595951062003875653e-02 -8.242527693092502328e-02 -3.602430351264890307e-02 6.296087202962658003e-02
-5.914922136702996380e-02 -7.794388651687665648e-02 4.336440068327556546e-02 2.396812378267921262e-01 3.536671215067807017e-01 2.803790850419131675e-01 1.157367511705597041e-01 -1.852299461493653321e-02 -6.926221498281801003e-02 -3.243274029532405844e-02
2.102950472663579068e-02 -7.575752897303744682e-02 -8.113915718485376072e-02 7.109086043567164337e-02 2.803790850419131675e-01 4.562915822920213804e-01 2.433298147548114410e-01 1.077962037625921632e-01 -1.741828421583807573e-02 -8.169361252339939206e-02
7.102451876798859809e-02 1.698718324797507395e-02 -6.267967254136723454e-02 -3.595951062003875653e-02 1.157367511705597041e-01 2.433298147548114410e-01 2.411282781402610820e-01 2.239036070196147588e-01 1.120523189561542787e-01 -2.710006861026683159e-02
7.347646513179043049e-02 9.816553867038288472e-02 -4.660307426764456057e-03 -8.242527693092502328e-02 -1.852299461493653321e-02 1.077962037625921632e-01 2.239036070196147588e-01 3.857669352025931975e-01 2.767828972584762126e-01 9.211000598330598699e-02
-5.719713042656988933e-02 7.089096322150302554e-02 5.734816997501144403e-02 -3.602430351264890307e-02 -6.926221498281801003e-02 -1.741828421583807573e-02 1.120523189561542787e-01 2.767828972584762126e-01 3.953916320206923296e-01 2.560668284776161374e-01
-2.755531898657625489e-01 -9.367941686450990957e-02 5.449280375234660800e-02 6.296087202962658003e-02 -3.243274029532405844e-02 -8.169361252339939206e-02 -2.710006861026683159e-02 9.211000598330598699e-02 2.560668284776161374e-01 4.359157467869461122e-01
4.733915385389145247e-01 2.588624835150694636e-01 9.274572525089623543e-02 -2.410659603555721092e-02 -7.056221464364607898e-02 -2.351498461667034245e-02 5.756195710428601425e-02 5.577871276280102486e-02 -7.842056481594479600e-02 -2.829407410609632856e-01
2.588624835150694636e-01 3.506864298495871446e-01 2.516030355221167691e-01 1.238933464014689012e-01 -2.414702842263617699e-02 -8.563052500979934090e-02 -3.265845919612368753e-02 7.106402954008578243e-02 7.170704816491213496e-02 -6.427846285663119108e-02
9.274572525089623543e-02 2.516030355221167691e-01 3.378651691660758960e-01 2.547324519693420219e-01 1.017920474100537515e-01 -5.015900344341572142e-02 -8.354212913578287769e-02 1.007719350604716589e-02 9.419364567292562440e-02 6.736714862816320371e-02
-2.410659603555721092e-02 1.238933464014689012e-01 2.547324519693420219e-01 3.543409333021050878e-01 2.623311338532784975e-01 9.034744717653425683e-02 -5.428981979897007371e-02 -6.153523399049330711e-02 2.656743711438776245e-02 8.150366452031486408e-02
-7.056221464364607898e-02 -2.414702842263617699e-02 1.017920474100537515e-01 2.623311338532784975e-01 4.288196258536364214e-01 2.710798569967723948e-01 7.510736463765926851e-02 -7.551693375783123663e-02 -7.629909469971987712e-02 9.144940588843740101e-03
-2.351498461667034245e-02 -8.563052500979934090e-02 -5.015900344341572142e-02 9.034744717653425683e-02 2.710798569967723948e-01 3.904701571393470738e-01 2.519145014711178243e-01 4.883540671181381410e-02 -8.043973339207473316e-02 -7.550048196819056368e-02
5.756195710428601425e-02 -3.265845919612368753e-02 -8.354212913578287769e-02 -5.428981979897007371e-02 7.510736463765926851e-02 2.519145014711178243e-01 4.404492425420002411e-01 2.815864622103985693e-01 6.936412935225225174e-02 -6.467785653856998607e-02
5.577871276280102486e-02 7.106402954008578243e-02 1.007719350604716589e-02 -6.153523399049330711e-02 -7.551693375783123663e-02 4.883540671181381410e-02 2.815864622103985693e-01 4.757072670951196791e-01 2.596910279615664008e-01 7.902694270552644562e-02
-7.842056481594479600e-02 7.170704816491213496e-02 9.419364567292562440e-02 2.656743711438776245e-02 -7.629909469971987712e-02 -8.043973339207473316e-02 6.936412935225225174e-02 2.596910279615664008e-01 3.327551312962452879e-01 2.450291093409088794e-01
-2.829407410609632856e-01 -6.427846285663119108e-02 6.736714862816320371e-02 8.150366452031486408e-02 9.144940588843740101e-03 -7.550048196819056368e-02 -6.467785653856998607e-02 7.902694270552644562e-02 2.450291093409088794e-01 4.155145052169608721e-01
4.553062803198256736e-01 2.599210245245250350e-01 7.531626412046038554e-02 -6.104590329083436212e-02 -7.985870289411972633e-02 3.530370851550615734e-03 7.819332050250893396e-02 4.900493693022989899e-02 -7.673741484128154822e-02 -2.727937236006329202e-01
2.599210245245250350e-01 3.734393843217186371e-01 2.636766298133480513e-01 8.541059272668663493e-02 -6.522835244850350156e-02 -7.400722919980223802e-02 1.482547598659243390e-02 8.094700955709049905e-02 7.045265418523592726e-02 -6.534797390760735403e-02
7.531626412046038554e-02 2.636766298133480513e-01 4.300289641669354790e-01 2.717394908904886552e-01 8.156839973353777196e-02 -6.028793048993230652e-02 -7.128641397384669065e-02 9.522175124149873451e-03 8.209031166194855067e-02 6.848530931263419053e-02
-6.104590329083436212e-02 8.541059272668663493e-02 2.717394908904886552e-01 3.941140833186891346e-01 2.618065420436254120e-01 8.057339298434476604e-02 -6.378534734543077345e-02 -7.637918502015568489e-02 -1.649871571022511890e-02 6.319358881299808051e-02
-7.985870289411972633e-02 -6.522835244850350156e-02 8.156839973353777196e-02 2.618065420436254120e-01 4.035301011509502267e-01 2.613115025252559787e-01 6.967938678926008378e-02 -6.465778773979131977e-02 -9.210820636420391505e-02 -1.992586395655305403e-02
3.530370851550615734e-03 -7.400722919980223802e-02 -6.028793048993230652e-02 8.057339298434476604e-02 2.613115025252559787e-01 4.171796688064392522e-01 2.730144549698375611e-01 8.580303326907554040e-02 -4.497459255560436880e-02 -7.117360714287659929e-02
7.819332050250893396e-02 1.482547598659243390e-02 -7.128641397384669065e-02 -6.378534734543077345e-02 6.967938678926008378e-02 2.730144549698375611e-01 4.388310581367033114e-01 2.566365973598026540e-01 1.111523795841197759e-01 -2.523346235798182291e-02
4.900493693022989899e-02 8.094700955709049905e-02 9.522175124149873451e-03 -7.637918502015568489e-02 -6.465778773979131977e-02 8.580303326907554040e-02 2.566365973598026540e-01 3.125572608436745781e-01 2.468777371367100182e-01 1.072295956761242230e-01
-7.673741484128154822e-02 7.045265418523592726e-02 8.209031166194855067e-02 -1.649871571022511890e-02 -9.210820636420391505e-02 -4.497459255560436880e-02 1.111523795841197759e-01 2.468777371367100182e-01 3.554367004536092001e-01 2.608573817302517472e-01
-2.727937236006329202e-01 -6.534797390760735403e-02 6.848530931263419053e-02 6.319358881299808051e-02 -1.992586395655305403e-02 -7.117360714287659929e-02 -2.523346235798182291e-02 1.072295956761242230e-01 2.608573817302517472e-01 4.195764984814516207e-01
4.504657267565889689e-01 2.598838821892718309e-01 2.615184201745186787e-02 -8.013419236295876713e-02 -5.311933072747108964e-02 1.973902739108081977e-02 6.720947873038243814e-02 3.325158459612675976e-02 -1.010212051827722168e-01 -2.724614305915561419e-01
2.598838821892718309e-01 4.794846912442712883e-01 2.665884097016619214e-01 6.289076664418262463e-02 -6.031905904122916717e-02 -8.103101769682058420e-02 -4.704829915879079824e-03 7.291802390761267794e-02 5.339128438060690429e-02 -5.811706796745477049e-02
2.615184201745186787e-02 2.665884097016619214e-01 4.359150443381673568e-01 2.641525858624303447e-01 8.523087417626162843e-02 -4.595166509483875061e-02 -6.717346488435838037e-02 -8.927565854821895713e-03 6.359419928905542252e-02 8.536416964831133880e-02
-8.013419236295876713e-02 6.289076664418262463e-02 2.641525858624303447e-01 3.923806595936876196e-01 2.518454751773751554e-01 1.123705577629613428e-01 -3.445333728192639944e-02 -8.522404140203088119e-02 -1.944739648054134851e-02 7.197487490268481003e-02
-5.311933072747108964e-02 -6.031905904122916717e-02 8.523087417626162843e-02 2.518454751773751554e-01 3.317137541634016529e-01 2.677149018154000304e-01 1.002343922839607215e-01 -5.183601743082652535e-02 -7.584202418880427177e-02 -2.921130211493045553e-02
1.973902739108081977e-02 -8.103101769682058420e-02 -4.595166509483875061e-02 1.123705577629613428e-01 2.677149018154000304e-01 4.109231790597180911e-01 2.512277651519378985e-01 7.342386374044113095e-02 -5.197225551304320013e-02 -9.121020749828215313e-02
6.720947873038243814e-02 -4.704829915879079824e-03 -6.717346488435838037e-02 -3.445333728192639944e-02 1.002343922839607215e-01 2.512277651519378985e-01 3.652091073070375948e-01 2.749068413221611995e-01 9.651455445609372075e-02 -4.267059008493842565e-02
3.325158459612675976e-02 7.291802390761267794e-02 -8.927565854821895713e-03 -8.522404140203088119e-02 -5.183601743082652535e-02 7.342386374044113095e-02 2.749068413221611995e-01 4.773629583545304644e-01 2.572106050175142489e-01 1.005715851295508056e-01
-1.010212051827722168e-01 5.339128438060690429e-02 6.359419928905542252e-02 -1.944739648054134851e-02 -7.584202418880427177e-02 -5.197225551304320013e-02 9.651455445609372075e-02 2.572106050175142489e-01 2.802976349928376631e-01 2.340740213698078720e-01
-2.724614305915561419e-01 -5.811706796745477049e-02 8.536416964831133880e-02 7.197487490268481003e-02 -2.921130211493045553e-02 -9.121020749828215313e-02 -4.267059008493842565e-02 1.005715851295508056e-01 2.340740213698078720e-01 3.762472441897660169e-01
4.183726305700511960e-01 2.597916652857361619e-01 8.346315021957813329e-02 -6.463551233293927945e-02 -7.096502784906724703e-02 1.185235237869419062e-02 8.205627895277781136e-02 6.623772050287903002e-02 -7.634396533310910948e-02 -2.738785569431211320e-01
2.597916652857361619e-01 3.509748125881034797e-01 2.558199598668559060e-01 6.100439313202282027e-02 -8.151533979305233824e-02 -7.813521799692899061e-02 2.766601403899636761e-04 7.805142903234688068e-02 6.327172387941497333e-02 -9.240600768953163846e-02
8.346315021957813329e-02 2.558199598668559060e-01 4.542420434916051297e-01 2.727113273788146497e-01 4.293276019129380755e-02 -7.536402558943608443e-02 -7.856218635920021731e-02 -6.311391958900309379e-04 7.837116947305462766e-02 5.351520922396822699e-02
-6.463551233293927945e-02 6.100439313202282027e-02 2.727113273788146497e-01 4.663976616835342481e-01 2.655325332822751072e-01 8.331984126263501655e-02 -3.864261987606489035e-02 -7.045787616645537987e-02 -1.826646291181090176e-02 6.163941623367773237e-02
-7.096502784906724703e-02 -8.151533979305233824e-02 4.293276019129380755e-02 2.655325332822751072e-01 4.046868992797725828e-01 2.535022340250181472e-01 1.137045742163591833e-01 -2.853125806177853399e-02 -8.476095356571075601e-02 -2.545861006674938337e-02
1.185235237869419062e-02 -7.813521799692899061e-02 -7.536402558943608443e-02 8.331984126263501655e-02 2.535022340250181472e-01 3.243984631089127935e-01 2.539299340295396723e-01 1.085331971394555839e-01 -4.050379457914733694e-02 -7.910353371658432331e-02
8.205627895277781136e-02 2.766601403899636761e-04 -7.856218635920021731e-02 -3.864261987606489035e-02 1.137045742163591833e-01 2.539299340295396723e-01 3.680605864106162306e-01 2.634243908300043513e-01 9.535396262768566777e-02 -5.439675878121830177e-02
