1.418273386877017678e-02 9.174154574433848741e-02 2.548440874001476897e-01 1.480553230800968623e-01 9.472465956668565945e-02 3.409651001746558663e-01 4.172180765630822269e-02 3.524569302653039748e-03 3.083509821871535357e-04 7.136534376003859058e-04 3.229611606539550209e-03 5.988557180017098705e-03
9.190249772596248423e-02 4.807946784788848238e-02 8.191887550884824343e-02 1.530817473117275229e-01 1.991982705487632399e-01 6.690193303034103200e-02 7.149174159294209227e-03 5.596246001362573282e-03 1.172257956351814741e-02 2.644737217958305700e-02 1.540844737996288072e-01 1.539173623230825350e-01
9.698139996555310560e-02 3.592859133974512370e-02 1.077003782299164672e-02 2.304682383539650992e-02 1.998348248511118072e-02 4.686373524532883028e-02 3.688535714178532432e-01 2.099189448217875786e-01 9.278140626044861783e-02 3.262553406066908551e-02 2.633508751994763364e-02 3.591138522516758996e-02
7.378147094453207933e-02 2.976656844572534433e-01 2.279252613549045958e-01 2.793721960482203337e-01 1.043659469155961833e-01 6.084090506186956397e-03 5.010444444528606598e-04 2.787407645246815023e-05 1.947896673822970307e-05 5.755555004097087342e-05 7.705944032348489283e-04 9.428802332386881924e-03
6.282261422672286155e-02 1.318300347154403862e-01 5.977685725740437134e-02 1.238547476192386476e-02 1.534669969724377497e-02 1.177836449908525041e-01 3.583384369288895588e-01 2.742149651355446985e-02 7.303299957527140118e-03 3.415362101526366739e-02 9.253268487094210015e-02 8.030513506423531123e-02
2.661585500693223593e-03 9.264869255150694205e-03 7.919263670267413791e-02 1.395943770009126506e-01 1.442733528683946553e-01 1.474658247881436290e-01 2.033873066314930977e-01 2.317351348050127324e-01 2.686027821357139800e-02 7.195121977948029483e-03 4.814208021823550288e-03 3.555304234182087367e-03
9.108054623210390388e-03 2.124810896504745333e-02 5.968596860913929353e-02 3.925066455815895416e-02 2.062210124892741719e-02 1.143761538377936586e-02 1.314151652637831832e-02 5.057312976745991645e-02 1.827270657436545209e-01 3.231718885417231846e-01 2.284619407323310869e-01 4.057194530019012091e-02
2.744609397566566064e-02 4.950802052271338627e-02 1.609664526189933109e-01 2.278018996888730163e-01 2.476740908128823859e-01 1.170520689335430436e-01 3.662038796367318022e-02 3.034052758902924633e-03 1.023006681179952637e-02 5.602394951944637824e-02 3.329060172272985813e-02 3.035231467077733475e-02
1.518167044869682125e-01 7.293142328290930232e-02 1.588441478705063248e-01 1.149881930294742449e-01 3.596200732551366186e-02 4.556321024700332387e-03 5.314801173425449422e-03 1.530244773570738070e-02 5.706641815412067525e-02 9.346231434656593340e-02 1.456922641479254654e-01 1.440629574221833631e-01
1.036727450109760224e-01 3.865180808671509483e-01 1.455349898010324661e-01 2.041442450763696903e-01 1.554292342005001576e-02 2.864369277713845700e-03 4.801927515563119211e-03 1.424798906571519150e-03 8.075181969160382875e-04 1.636901608319007648e-03 3.184802070613606401e-02 1.012034796132008641e-01
1.312688284757935475e-01 6.573553197020104433e-02 2.700961205853787406e-01 1.484181339297672708e-01 1.886688067840252420e-02 5.708374183901408425e-03 2.707998592606488276e-03 4.447920391582458471e-03 1.250866363834211674e-02 9.037071957915455978e-02 1.060556426905770594e-01 1.438151852842929346e-01
1.036141755484277019e-02 1.339304414170497740e-03 1.538693948348279729e-03 3.745685500589194562e-03 2.345750951952708940e-02 7.831353000396683306e-02 8.639752813279610866e-02 1.572178223254229734e-01 2.113548214262868374e-01 1.156484353097042422e-01 2.532448965446486011e-01 5.738035531969647163e-02
6.360304738062487473e-02 3.005553047678538592e-01 7.044659646629197747e-02 5.201737034450499425e-02 1.306044933426264154e-01 1.576247712701471515e-01 1.681235310368783265e-01 1.700491022914079470e-02 1.580999923297020729e-02 1.181706314234506200e-02 5.251022876294668927e-03 7.141889910321960397e-03
5.845134266539049606e-02 1.645742411655479742e-01 1.742256052968400581e-01 1.083648298312590852e-01 5.969653811028283880e-02 5.605693922226538672e-02 6.926537624974445084e-02 4.059945918393650932e-02 8.705949210899591173e-02 1.436013176196856700e-01 2.634260505651555770e-02 1.176225348953659905e-02
1.425333527796842636e-01 2.001038084058162081e-01 1.001010788147516234e-01 1.643415644909013984e-01 8.020395569604503450e-02 9.092732603897338284e-02 4.052620602207424733e-02 1.968898206850117766e-02 2.185385783037105054e-02 6.771093109922773912e-02 2.261494715581230386e-02 4.939398959784179616e-02
8.125609162284901446e-03 3.147697213763619301e-02 4.577057784810394797e-02 4.498521952803425511e-02 3.086624473516377254e-01 2.376433474417715408e-01 2.060101181248631119e-01 4.438874588614540734e-02 4.714407897096768024e-02 1.988320998537555784e-02 1.776247858368000272e-03 4.133425704811882068e-03
1.012003869908635056e-01 4.170440138142487985e-02 5.939955231572975614e-02 1.777973676142451456e-02 2.172317934391786165e-02 1.014436442783160641e-01 8.165839809735046806e-02 2.039575605666873181e-01 5.960244258703434328e-02 1.195593589750109376e-01 7.084292627903668316e-02 1.211284124232037684e-01
9.507427829909449474e-04 1.141552254729792703e-03 3.920687115450379248e-03 1.443546205240534008e-02 2.641501097253870847e-02 6.789393831812307045e-02 2.771931717100253323e-01 6.068931737726097203e-02 1.812318564724104686e-01 3.370983632120149731e-01 2.586417263925953197e-02 3.165725092790998719e-03
3.789626438435970968e-02 2.339802805478412573e-01 1.966396512736949820e-01 4.659840938777714409e-02 3.035993491688548582e-02 5.500205987966666488e-02 6.441897724576756135e-02 2.357777153125862890e-01 6.557310697744914152e-02 2.253055142919556733e-02 5.870312680982179426e-03 5.352735963794054072e-03
9.113340468514747120e-03 1.472710700025607264e-02 8.201183676573489678e-02 2.591143292354379790e-01 1.024355387447038468e-01 4.077629214665625529e-02 3.012028820753362424e-02 4.802449214209450479e-02 1.003048002420927620e-01 1.497462615990214074e-01 1.245062216715999565e-01 3.911949177635393182e-02
2.109009761800354626e-02 7.249510156686882201e-02 1.664457274568968137e-01 1.980651332214568572e-01 3.447149113673707299e-02 6.501221358092554303e-02 3.250238686789930220e-01 9.002116339842300419e-02 1.153706720816976249e-02 1.348726576288431867e-03 1.308980183597973582e-03 1.318042937363917214e-02
1.114399270197867151e-02 3.754574928934954758e-02 3.293234145595044238e-01 9.173282711813228463e-02 2.551683509485445228e-02 2.543426761246689923e-03 8.412915296314046193e-03 7.199968554698422951e-02 1.661154538026888561e-01 2.100965294603420741e-01 3.559180478311348844e-02 9.977365585491521777e-03
2.162898265682949295e-01 1.585308443377114462e-01 1.605478844833028718e-01 2.450425256350825809e-01 1.152032257795276710e-01 1.467376175548931565e-02 1.653205895942686833e-03 1.068022244018671007e-03 8.455967088603002103e-04 3.449365043505339765e-03 1.377512761376749675e-02 6.892061393449649964e-02
1.608318837686552316e-02 1.123684147960016672e-01 1.354977299434064197e-01 1.440960826192972111e-01 5.958257516104403795e-02 1.489598587611383647e-02 5.115730509968856830e-03 1.912453596406333070e-02 6.687938819154112813e-02 3.547022513638749541e-01 6.439628548868134295e-02 7.257831709142039539e-03
1.763804027964026022e-01 2.618718895734247765e-01 4.893606803770350622e-02 2.468596111478289085e-02 9.348982176820150314e-02 9.966488261850192654e-02 4.323358008420319365e-02 4.224986801416607402e-02 4.773365254064269175e-02 7.527422699378756576e-02 5.182336466969866828e-02 3.465628178848466356e-02
2.924954434759079874e-02 7.651757334817337400e-03 3.806222853351889316e-03 3.979288293486005559e-03 4.978890389576903774e-02 1.185348532895306728e-01 2.368606394048517749e-01 3.089255700349058942e-01 1.404109395727547449e-01 6.204645716319960591e-02 2.687463465299509691e-02 1.187118915674763298e-02
2.445453878168568976e-02 6.101758956484666652e-02 8.075030559480801673e-02 7.521131247767984251e-02 4.218962609963416294e-02 2.657062356824958504e-01 1.914296544895227326e-01 3.198098083087802523e-02 1.553889650310968373e-01 6.093763805185239968e-02 5.580155436538711267e-03 5.352997958961507388e-03
5.965325058749368359e-02 1.315633978346684441e-01 2.519639803171394021e-01 3.516034418372621789e-02 8.635455149796571195e-03 4.254543217056035859e-03 8.395732926993068612e-03 3.702159090354277537e-02 1.523621098226421722e-01 2.688972515537217944e-01 3.459804140722996801e-02 7.494302095990073090e-03
7.407494475493523606e-03 1.608555247534189771e-03 1.075519401643504737e-03 8.734974075723792638e-04 9.785036994833965635e-03 2.956168318998659422e-02 1.178488810620958033e-01 1.780394643543121158e-01 3.092931836739505336e-01 7.651400616216036399e-02 2.003299820089284589e-01 6.766269602148891615e-02
4.664653028757726611e-02 1.279090771341612545e-02 5.851180379051159480e-03 5.420626863148285055e-03 4.227634318935264562e-03 9.481220988682599604e-03 1.588663951931526888e-02 6.263943462583100585e-02 2.229559183521550025e-01 1.839474585831191444e-01 1.774814687322170403e-01 2.526709796365519400e-01
1.419606811617977749e-01 4.437735733890370293e-02 5.835709744026471024e-02 6.076693645024470666e-03 1.861091235613665778e-03 8.260294942625869344e-03 1.076307909936050859e-03 8.278841161378004167e-04 1.015165218574658884e-02 4.400288996645800033e-02 2.596512200085858701e-01 4.233968300489054926e-01
7.792654835415624426e-02 6.318615917575558238e-02 1.199468723488662097e-01 1.086739229349920066e-01 1.537357221796548656e-01 9.901110309855022662e-02 1.145764607301438982e-02 4.128498775026502587e-03 6.070048469501347285e-03 1.576381693944938628e-02 1.006302010566235416e-01 2.394694605944101551e-01
8.563347793798399554e-02 4.687854756538216427e-02 1.554103265406732437e-01 2.810944258576364430e-01 1.812028259034119751e-02 1.748840319246082031e-03 1.756608134946296539e-03 7.799678298146087456e-04 5.471878453493766309e-03 2.389246388805883053e-02 1.903981061810197661e-01 1.888150747014034070e-01
1.406707105776464073e-01 2.857994476174648968e-01 5.712758052305867695e-02 2.629545605031902156e-02 8.812379085519369756e-03 5.535168458686513717e-04 1.184502689733279643e-04 5.980163497736011840e-04 1.205356740338444331e-02 8.053558631209298269e-02 2.763920019087938718e-01 1.110432870571046865e-01
8.227036592147149441e-02 1.786195085717258088e-02 5.432526087148768258e-03 1.071893668901592947e-02 4.322093399268457647e-02 3.954416528458586100e-02 9.271549502114173613e-02 5.504208719356218360e-02 5.682435690836788039e-02 8.641957480242026812e-02 2.625946630408642068e-01 2.473549442015646749e-01
2.580693122603489043e-02 1.107628503659413288e-01 2.350492916435396595e-01 1.770349824168049313e-01 2.492173934197454144e-01 1.116836371749608953e-01 3.901270429416211355e-02 7.329456039617102819e-03 2.289173577162960035e-03 2.514378547178602614e-03 6.145919991097495427e-03 3.315328130375453514e-02
8.910397288117585801e-02 1.068743935037739512e-01 1.406481281438293485e-01 4.599669282364923090e-02 1.340144441106377524e-02 3.427747034108555996e-02 1.630221220283427086e-01 2.333743772219520063e-01 2.268712389987373804e-02 2.516490188717926055e-02 4.480908670061686111e-02 8.064028615745773287e-02
9.134898324389245303e-03 2.875388340924227640e-03 2.829150012175527841e-03 2.701359786801289450e-03 1.717773861489839231e-03 9.793449830174383308e-03 5.686291326709479177e-02 2.019155093325476769e-01 1.560364896100284726e-01 7.071550283204365572e-02 4.342825091545904348e-01 5.113505564774059597e-02
2.663324315796269937e-01 1.940867070312097820e-01 1.338107780414906148e-02 2.479336157044457686e-03 2.205761201802595994e-02 1.111073682133717211e-01 1.236394348692966411e-01 1.968052832013161557e-01 2.475620589723335346e-02 1.638310080083248479e-02 1.079714691286621023e-02 1.817429551502754148e-02
8.247832744725916432e-02 2.022704906371303457e-01 1.030147679507093239e-01 2.992501265908000668e-02 3.965128934347987924e-03 2.413021990245533578e-03 2.321494127114051564e-02 1.488954507539850258e-01 1.699071722638858251e-01 1.381652020724721819e-01 3.943497247326895744e-02 5.631551154647514157e-02
7.365285145080038842e-02 2.702294734025471878e-02 1.134184134179746020e-02 2.755271233439561887e-02 3.024995090421122024e-01 1.676531656434462891e-01 1.661877706180238043e-02 1.675272861747397618e-02 3.475418968106960133e-02 4.472730435974338337e-02 1.039326506937106043e-01 1.734913224333934356e-01
5.011232715902325802e-02 4.118152815217719920e-01 2.136077344891740282e-02 8.074408862895749578e-03 5.352864882029453181e-02 3.106836378103809415e-01 6.945027539170318953e-02 1.088189755651210004e-02 4.160854583476608463e-03 1.948117413696849425e-03 4.792863880519962136e-03 5.319091355080737826e-02
1.332990274907334127e-01 1.205949721968590654e-01 1.218879457075870559e-01 1.105030175684622723e-01 2.804135741405189286e-01 6.700572500837245760e-02 8.702449769906913518e-03 5.802215881445965152e-03 2.183210005838683715e-02 1.796515666806381903e-02 5.466829776273129243e-02 5.732551774693193936e-02
4.375176574617390401e-01 2.458083216627952039e-01 2.882317758512484979e-02 4.833342357823619713e-03 3.849300270946261465e-04 2.458253742241679014e-04 1.091515326168192865e-04 5.700508056833541309e-04 2.176471777167460295e-03 6.334162793196388731e-03 2.827714811508393392e-02 2.449197605074504569e-01
1.239915797819021379e-02 3.422433787335457667e-02 3.263629412480330005e-01 1.064300456046967519e-01 2.179578670387212827e-02 7.479826112507949321e-03 3.480990663625404408e-03 5.935908512263440157e-03 3.148205952649937162e-02 3.740319463551579071e-01 6.737263014532259009e-02 9.004369276476985318e-03
3.220093046087415829e-03 9.178599563830337413e-03 5.821041492276400955e-03 2.295220174675534006e-02 4.801326753002078118e-01 2.813846480632603564e-01 1.349258297141066043e-01 5.376079756859187403e-02 6.293969088592042509e-03 6.067636247757277534e-04 7.820942769758749578e-04 9.412865145404494729e-04
2.414447971095495457e-02 6.602710978713072221e-02 7.517307053598112909e-02 1.636192585882985107e-01 9.351456999964477546e-02 1.589668710368623006e-01 8.849881881103831283e-02 6.950509690345377245e-02 1.353033875490166349e-01 7.276733816804453747e-02 2.619395808893476910e-02 2.628604082063943151e-02
6.905564801955990650e-02 1.548859852912077423e-02 2.055301663163352707e-02 5.221439068383680604e-02 1.327071997323722718e-02 4.654642641376771639e-02 3.781201893423157268e-01 4.887799427436868849e-02 2.301269554986243304e-02 2.461270207816320527e-02 4.369136431925701308e-02 2.645562541848771598e-01
3.137384274631514758e-02 1.830554660983161885e-01 9.531262011982973015e-02 1.726305032410013207e-01 1.185825438424303185e-01 1.997636955597220099e-01 8.486104476695316423e-02 7.383819941715227819e-02 2.519800473546008474e-02 4.409523976859400923e-03 2.377969238460508027e-03 8.596586257499998565e-03
1.868624341503925118e-03 5.879886338990639996e-04 2.689480363634161580e-04 3.918917953632721028e-04 3.190352312912596473e-03 2.766608371135362635e-02 3.846855482797556514e-01 7.035498333967463158e-02 1.117375423355044216e-02 1.957209687150700608e-02 4.505718845926796612e-01 2.966784385143681271e-02
7.381857469197857999e-03 3.976107462977327908e-03 3.006284138465176170e-02 4.155639559805445749e-01 3.785702559141533585e-02 1.420609922673089082e-02 2.135695845605438056e-03 1.870934846533500945e-03 9.324986371615207742e-03 7.564511284828016879e-02 3.079534655066427096e-01 9.402191746580537690e-02
9.621517272580247526e-02 1.856117027714395962e-01 1.445412810245149185e-02 4.210027625866101866e-03 4.474507944852517370e-03 8.923415186406047361e-03 1.316281365675463222e-02 5.698603484842929001e-02 3.772756662307062414e-01 4.804027794191422646e-02 6.344290901944088512e-02 1.272033439459365201e-01
8.146224592671948150e-02 7.170139701069741522e-02 2.229140108812162693e-02 2.021942121066208284e-02 6.029865729448605910e-02 1.979340808612949365e-01 2.006074533516840064e-01 3.711884220921920358e-02 2.320426735160528373e-02 5.608057739215485671e-02 1.641759225321637317e-01 6.490573377119140952e-02
2.612761639083310480e-02 3.459935619113969907e-02 4.276472991104831450e-02 3.288358258944293899e-01 9.928118830433962927e-02 2.240334301617338125e-02 1.610851952551883501e-02 3.408455937588970169e-02 8.905023187771596294e-02 1.301983993117415972e-01 1.542350632973255309e-01 2.231116690384496448e-02
7.255148605517731941e-02 4.559937207662369263e-02 1.110005226413992574e-01 5.825643095288487311e-02 1.304709169032856886e-02 3.403964389813761340e-03 1.151917482328193576e-02 5.333754913302340972e-02 3.574332842470873128e-01 1.490507785957452813e-01 5.851869427214703018e-02 6.628165112248801671e-02
8.936563995558101034e-03 4.437671929905851603e-02 1.875617811939992996e-01 2.243505396362220350e-01 7.133017210385583784e-02 3.318643378047956838e-01 7.279994430915449899e-02 1.373895629034012182e-02 2.071548537966477754e-02 1.969467688013639903e-02 2.101399044951625644e-03 2.529424062263069001e-03
3.181252246507886711e-02 2.303851439421070180e-02 6.836047300673100610e-03 1.148955176929284490e-03 6.781580680692244050e-04 1.491989062133178799e-03 1.003092726441179652e-02 2.854648949495057486e-02 3.278199947129336600e-01 1.888481609645085713e-01 3.293522231786900623e-01 5.039601791741114833e-02
2.009166645294094972e-02 9.086036254056814240e-03 1.153058055854219461e-04 4.625349403197634088e-03 2.006724782293338102e-02 1.247006270900108960e-01 2.395497312077466967e-01 3.956678910142115702e-01 1.512591363563294544e-01 2.615172937001609271e-02 8.293576957880147149e-03 3.917022650909733812e-04
2.484531348147795138e-01 2.541923063463470411e-01 2.901348770372950137e-01 7.548115548093690952e-02 2.710274438061879496e-02 4.460545291247243124e-03 2.108333385047907182e-03 7.286749511778822797e-03 6.674809850904019418e-03 8.887118301792621550e-03 2.835334125072283204e-02 4.686488434852970758e-02
3.912336272769237344e-02 3.845600299370157543e-02 1.345380793668702127e-02 2.201350217996093928e-02 1.964959314435828219e-02 4.263176897096845885e-02 4.951316344254804575e-02 1.483954513618067628e-01 1.734416220716099022e-01 2.825737167339932299e-01 8.992468968608999247e-02 8.082331875058373916e-02
2.284978689521590658e-04 7.744435414380853233e-04 9.167985896194493639e-03 3.066633140065742197e-02 3.010952085908973341e-01 1.389094093410578323e-01 1.802802208121172950e-02 1.277856208684939945e-02 1.327284498133760593e-01 3.319522991147128010e-01 2.147503576302617345e-02 2.195754501626383942e-03
8.104104395702969518e-03 2.376019687457322886e-03 5.052686418362863259e-03 2.312352656921949981e-02 1.723639538018475748e-01 3.736260813355455901e-01 2.180884077022805789e-01 8.249088364575021814e-02 5.694474650056734200e-02 3.575315209691298790e-02 9.007353935156859129e-03 1.306908391119614155e-02
7.076486366720494137e-03 4.308079715412396760e-02 2.081218428537454090e-01 2.843536671377806524e-01 1.651822057227757823e-01 1.361831461727442960e-01 9.577826669652510228e-02 2.800290630610521164e-02 9.627050191682836114e-03 7.028710790445375466e-03 4.489173485641804497e-03 1.107574712170921599e-02
9.866027151845820076e-03 6.950234977025289418e-02 1.409286780288547258e-01 1.315052855835203149e-01 2.929573065711713609e-01 2.525411570695249575e-01 7.935796249192741958e-02 1.750322398523158213e-02 1.800270080692895373e-03 6.545399400814392232e-04 1.420311482971526977e-03 1.962887843925098606e-03
8.528754882580530383e-02 5.551726542056620306e-02 7.989794874716332762e-02 2.012713695721601165e-02 2.070592878647241342e-02 1.819209518461940844e-02 8.897226753903909185e-03 6.883116529875216161e-02 1.566254933735475030e-01 1.365649630332210485e-01 2.150115829061667871e-01 1.343416447125661828e-01
4.404046837010557047e-02 3.414520370033415075e-02 1.474834994230995455e-01 4.681688012142561084e-02 8.897350545512853690e-03 2.430776304986633982e-02 3.333227799495105392e-01 1.202477771981763643e-01 1.792497533951232722e-02 8.448410147755040789e-03 2.078008731350034985e-02 1.935848048412016076e-01
1.248232304073968249e-02 1.050296754586292625e-02 8.163841049133035987e-03 4.154729796907809247e-02 3.608242599272569184e-01 6.937505682935551921e-02 8.987292944093597247e-02 1.511928088547224158e-01 1.064809655530808280e-01 2.389234035855267169e-02 9.239660437720360886e-02 3.326860505407849833e-02
1.375898013108344531e-01 1.679221854941133074e-01 2.462550969847172588e-01 2.231365279792300871e-02 3.721985113695118561e-03 3.795223649145786082e-03 1.788040901501318329e-03 9.916484796693405407e-03 6.541042608246058765e-02 8.829304595562434410e-02 7.525311727882139090e-02 1.777409396344700465e-01
2.295343022456731163e-01 1.204109807493364825e-01 2.555938354993938719e-02 1.018580797372279148e-02 1.010284329157252851e-03 3.832845565904851931e-04 1.807451663129577574e-03 1.493798840474009140e-02 1.600244866320126025e-01 2.544513714325713494e-01 9.672835414170118107e-02 8.496630432142601719e-02
1.059554493587806512e-01 3.405368474889616803e-02 4.226602394342958424e-02 8.202969815841106016e-02 2.133749108947352591e-01 7.401243697855658388e-02 4.724603251861375641e-02 1.275672519704332437e-02 4.607659273641718720e-03 3.575972050989446177e-02 1.106171730762226524e-01 2.373204853417748561e-01
2.780259235588803390e-01 7.330895990653341077e-02 2.476912534051541742e-02 3.483453466148455843e-03 2.675019010805702088e-03 1.895323082458780445e-03 1.406576088431740063e-02 3.536564063418468767e-02 5.945390078397087136e-02 4.543793966520459637e-02 1.112959882517259858e-01 3.502229654152545502e-01
8.636136239815725424e-02 5.846785118419710325e-02 6.409542969003184654e-02 1.346252661442678134e-01 1.979146500289814120e-02 3.006366739738260824e-02 7.390960007167629575e-02 6.426063845502562322e-02 1.609626089294997620e-01 1.772624979480291463e-01 7.954101117440215418e-02 5.065860160443250160e-02
4.393301620004811010e-03 3.946461010817502862e-02 1.054096840530208690e-01 3.527441237168210120e-01 1.390718095157884859e-01 1.595351197542517752e-01 1.187237327243906848e-01 4.416857960256984073e-02 2.178823191071653162e-02 7.813700178435549135e-03 3.315923332514731162e-03 3.571183483310564222e-03
9.670844532408698346e-02 2.653921941605765777e-01 6.306460708254248149e-02 7.652454058068845766e-02 5.246105188083102083e-03 3.896552484817694846e-03 1.857895037644920200e-02 6.493604179936388054e-02 5.688199970539103978e-02 6.551101589000281333e-02 8.288526175788311912e-02 2.003742856501145031e-01
9.332823344973231044e-03 2.380597339132029672e-02 3.804213505209587676e-01 2.808424821359648688e-02 4.479922401558197181e-03 1.244896371697357248e-03 9.757381031803164786e-04 1.721256991875057263e-02 1.082617291595509706e-01 2.735364489776036523e-01 1.074672525498755887e-01 4.517704704693469020e-02
3.148535161448356989e-02 5.077486853753874867e-03 7.446251717135709408e-04 1.566381989815079229e-03 5.499451471649589862e-03 5.554783393655239598e-02 2.139830474313335618e-01 1.705526744341475665e-01 5.980238032251659896e-02 2.711217438336334384e-02 1.417797171621212327e-01 2.868488752285498489e-01
2.158517399500706757e-01 1.750900874049447220e-01 1.066962160074672872e-01 2.658399306737989076e-01 8.223872834087912753e-02 4.215406607884576717e-02 4.158873799249893088e-02 2.186064197115100693e-02 2.521765762914847386e-02 1.785323010823790550e-03 1.857157544151988781e-03 1.981971339621938638e-02
2.124757917051628821e-04 2.921901193051464432e-04 1.759023080425528400e-03 1.115527752293316369e-02 9.992343170311662748e-02 2.308293251590989859e-01 4.777490592862593255e-01 1.546204166640983702e-01 2.042436144746138590e-02 2.306853174590965151e-03 6.296284658635359225e-04 9.795758514186012024e-05
4.935127873486227015e-03 2.637693939272664836e-02 2.904589034419276239e-02 6.202335544273974988e-02 1.978218114783666659e-01 1.797743437206711925e-01 1.797503564516181318e-01 2.054550042298101953e-01 9.917842552190211936e-02 1.083038523720321160e-02 3.620004688226086814e-03 1.188355619056931465e-03
1.929592192169914035e-03 3.560587579008849153e-03 2.311204308500452304e-02 4.413325684686861955e-03 4.106080346666383940e-02 4.059225759833631764e-01 5.071889445388258477e-02 2.090287326877506707e-02 9.949353373088501429e-02 2.534692463796084372e-01 8.372796337545942991e-02 1.168856080049255480e-02
1.465277165645356705e-01 1.701751574162670144e-01 3.599408017229755591e-02 1.158333633951850149e-02 1.190531764148776601e-02 4.745087815247726361e-03 5.180027907649753342e-03 1.844927032981464807e-02 4.184098943024008865e-02 1.812671314439239234e-01 2.968502431212085013e-01 7.548164181780875337e-02
7.282609390667275223e-03 2.841454236533175193e-02 2.160203985229680601e-01 1.552712725741195454e-01 4.536461921304224543e-02 1.661342581537504637e-02 1.351224010356912898e-02 1.617781398486396044e-02 1.687464134862630138e-01 2.429191507415331963e-01 7.491729191284843270e-02 1.476022188941865897e-02
1.653661441822316946e-02 1.104397111998056541e-01 2.369032278221569199e-01 1.222035445660312469e-01 1.030860273698432361e-01 1.026979149201816960e-01 1.584928564751794111e-01 1.225370579377729474e-01 1.583515039865691920e-02 4.316017470208800832e-03 1.461966122353053343e-03 5.489911299587226651e-03
4.272204616057658812e-03 2.880914911895614185e-03 5.210152819670047127e-03 2.347529261851233080e-03 2.864363667713661684e-03 3.902456034762147915e-03 2.431388390189463330e-02 1.114990174681119162e-01 2.398162425120655417e-01 3.764320602610146116e-01 1.897622362979394239e-01 3.669893824702355478e-02
2.801145205938814723e-03 3.427841462829255004e-02 4.352889355678509764e-01 2.253217476305934344e-02 9.487341888404002971e-03 1.455825741736919976e-02 5.887053085587851120e-02 3.421728731841424120e-01 3.370867297006206742e-02 2.146776994016875301e-02 1.095740574820584269e-02 1.387647783062749898e-02
3.178089407413207945e-02 7.816813856332177624e-03 3.013912083295610961e-03 1.423603666202797853e-03 1.397185293235603774e-02 8.043314959526932928e-02 7.318324297338567319e-02 4.115926564811596688e-01 8.046210955654792274e-02 1.535902675022206565e-01 4.983080083885479961e-02 9.290069644024358253e-02
4.504522243536727699e-01 5.141870243474706142e-02 6.610098061478935673e-03 1.288906317588509997e-03 3.539621002854881761e-04 3.579031609960689258e-04 1.575779567253421344e-03 5.086046755591437825e-03 5.445654439264371698e-03 1.231934005173996455e-02 6.171414744946853576e-02 4.033772353079136952e-01
2.066991438853706953e-01 7.728309112417323934e-02 1.348836669734564814e-02 1.466722436188666297e-03 1.186569857219879663e-03 9.872879150456467801e-04 9.861312967971126112e-04 8.162932688672413714e-03 1.601241628764634925e-02 5.338499913555076748e-02 2.935088793482957259e-01 3.268334593276937539e-01
1.259102977683089764e-01 1.076344379637132753e-01 4.619164096936276276e-02 1.265357179342198879e-01 1.779525457798437904e-01 2.111650825202945544e-02 8.004461923188318367e-03 2.757081594430643798e-03 3.501776712992090562e-03 6.611220123111549718e-03 3.728165151925981469e-02 3.365026594595394438e-01
2.858747029137468938e-03 4.367818351698163348e-02 1.973238466658921997e-01 2.693684565875368864e-01 1.474030460977205359e-01 2.836526702329497662e-01 3.712432419413766449e-02 1.196233491360807616e-02 2.552210999100570140e-03 9.307984643805216002e-04 2.077894899140045673e-03 1.067486399414648143e-03
1.248261325641425584e-01 1.813242482780342835e-01 1.869383685800828920e-01 1.311216402862241392e-01 1.459510866877417878e-01 6.717590267796988424e-02 9.325855387845811972e-03 1.829120347177945732e-03 2.731328256464406017e-03 6.549127081613814738e-03 2.380657011743763513e-02 1.184206197352648815e-01
4.788012206271334559e-02 2.227729341694561702e-02 1.752877937834900202e-01 9.228915867844114662e-02 1.443269075544745435e-02 2.219520842915117045e-02 1.822217549992843910e-01 1.872330045710844937e-01 9.783014324626353175e-02 2.420672651275027065e-02 4.889529141301886955e-02 8.525081213140950354e-02
4.018945223603132000e-03 9.928239596682928922e-03 4.301791485491203784e-03 1.108236251672710740e-02 1.069734390211838082e-01 3.576428288681458567e-01 5.406683292576087985e-02 2.153205290426565555e-01 1.181377973861242325e-01 4.839107237423860564e-02 5.610982360731030238e-02 1.402633795207565946e-02
3.631196754144996874e-02 1.478429255782242289e-02 5.723122620623260007e-03 5.506736509440945948e-03 1.870321402129863572e-03 5.776210046106057712e-03 1.028171107780265769e-01 3.078213187052020738e-01 5.693276426467160090e-02 2.947373646508108860e-02 1.638437377949259477e-01 2.691386813145204560e-01
1.213364794123636126e-01 2.592741051494594495e-02 3.371880620887239468e-03 3.525982301007421667e-03 1.590072065183910366e-02 8.861122477983456036e-02 2.788696886554985488e-01 1.380446742255323489e-01 6.435978584954929471e-02 8.565429320651987699e-02 7.044531814501604761e-02 1.039525416370065680e-01
1.819590725444012250e-02 6.125710726159115660e-02 3.738015606473992225e-01 3.756939532030931228e-02 8.848499267514780414e-03 4.558894339802595230e-02 3.713401981333305235e-01 6.766395311452419459e-02 6.978973541002731623e-03 2.607693320923362007e-03 6.303252599274388867e-04 5.517443481011616302e-03
1.051407830311921893e-01 3.887249884557295587e-01 2.190777983099067017e-01 1.824467786850361151e-01 7.524136189978207490e-02 1.014317275954278869e-02 8.087818973157513865e-04 5.992084908908595908e-04 2.838690042105041726e-03 2.541800363067187735e-03 1.261660051524545866e-03 1.117497601390737144e-02
4.770160900012636318e-02 1.518561610552844263e-02 1.975331566193986796e-02 1.865353620938788037e-02 5.158872131238572203e-03 1.007114519149004267e-02 3.749405246413711063e-02 1.551000387721323537e-01 1.254773226271478914e-01 1.541832986740932498e-01 1.615236121062783581e-01 2.496975810565001952e-01
3.648603425343066586e-01 1.117049836242238470e-01 2.485573219194951722e-02 1.579673639073624070e-03 1.448104841369431996e-04 1.785201667407133506e-04 5.552224861450586347e-04 2.085304141474974594e-03 1.811727709532081135e-02 6.020981834464762816e-02 2.450752925886568456e-01 1.706330227033234781e-01
1.257153171846463191e-01 5.071447189465531913e-02 3.909531816419947042e-02 3.543699738640527369e-02 6.983166940408631895e-02 9.878288409230134848e-02 6.595418168943152637e-02 3.750835947953495841e-02 2.107495051735051583e-01 4.668236683821564564e-02 6.223499646278567859e-02 1.572939322302332188e-01
