4.006472503961789888e-01 2.636527981305532009e-01 1.118359763439490673e-01 1.382165273326030168e-02 -4.780724355235164980e-02 -7.174182052292799039e-02 -6.768977302541737129e-02 -1.283349810414872311e-02 9.818733274143867651e-02 2.703094706819738624e-01
2.636527981305532009e-01 3.319752836010496644e-01 2.024190397853745105e-01 1.314388012535749883e-01 3.077303002781110047e-02 -5.322799629332507221e-02 -1.016933398720908099e-01 -9.202400553805137329e-02 -3.812777031109197690e-02 1.102213877519175600e-01
1.118359763439490673e-01 2.024190397853745105e-01 2.013717192041549753e-01 2.244381370993256408e-01 1.291991976803855413e-01 3.542950761389664777e-02 -3.610111880282017988e-02 -6.690889844369549144e-02 -7.008616182222081326e-02 -8.202226223483558010e-03
1.382165273326030168e-02 1.314388012535749883e-01 2.244381370993256408e-01 4.126106731326125154e-01 2.654547028017302246e-01 1.490303929544794515e-01 5.679495518061939557e-02 -1.543400144013051464e-02 -6.604030477684055822e-02 -7.367005744347400464e-02
-4.780724355235164980e-02 3.077303002781110047e-02 1.291991976803855413e-01 2.654547028017302246e-01 2.776143986670981390e-01 2.033237894655572919e-01 1.338392098182339396e-01 6.481003966693485441e-02 3.304103697564788125e-03 -5.763693349412691430e-02
-7.174182052292799039e-02 -5.322799629332507221e-02 3.542950761389664777e-02 1.490303929544794515e-01 2.033237894655572919e-01 2.154542491011796068e-01 1.934509480057448605e-01 1.357206832803642682e-01 8.118722037395820212e-02 -5.992845843347529081e-03
-6.768977302541737129e-02 -1.016933398720908099e-01 -3.610111880282017988e-02 5.679495518061939557e-02 1.338392098182339396e-01 1.934509480057448605e-01 2.448308704987984252e-01 2.049535462337289116e-01 1.567701167025715159e-01 6.020102054005996295e-02
-1.283349810414872311e-02 -9.202400553805137329e-02 -6.690889844369549144e-02 -1.543400144013051464e-02 6.481003966693485441e-02 1.357206832803642682e-01 2.049535462337289116e-01 2.281093174705200177e-01 2.141664838714697483e-01 1.322551287191423564e-01
9.818733274143867651e-02 -3.812777031109197690e-02 -7.008616182222081326e-02 -6.604030477684055822e-02 3.304103697564788125e-03 8.118722037395820212e-02 1.567701167025715159e-01 2.141664838714697483e-01 2.878660875393976304e-01 2.496107019000842753e-01
2.703094706819738624e-01 1.102213877519175600e-01 -8.202226223483558010e-03 -7.367005744347400464e-02 -5.763693349412691430e-02 -5.992845843347529081e-03 6.020102054005996295e-02 1.322551287191423564e-01 2.496107019000842753e-01 3.995201503890091210e-01
1.157815739258259979e-01 1.744829462714944934e-01 1.292859575381760107e-01 4.818478937124826694e-02 -1.057925776124520739e-02 -4.633930199363953117e-02 -3.058274299462987803e-02 9.988298758458857840e-03 9.044507283475958226e-02 1.613369782801008234e-01
1.744829462714944934e-01 4.157943721825630434e-01 3.047246357067295852e-01 1.476455848902360479e-01 5.526269413680591491e-02 -3.051347426367968796e-02 -6.621113078843465782e-02 -8.174349007510309240e-02 -1.265546368110094001e-02 8.415205399680861231e-02
1.292859575381760107e-01 3.047246357067295852e-01 3.586829666229084945e-01 1.815762148028158274e-01 9.995974612862672248e-02 1.813509727607388183e-02 -4.335716507813322518e-02 -8.379048621412971132e-02 -4.673167323132342010e-02 3.158656156850420116e-02
4.818478937124826694e-02 1.476455848902360479e-01 1.815762148028158274e-01 1.303511204489798958e-01 1.401450690622685347e-01 1.117632693482558531e-01 4.012045433614069845e-02 -1.307171530014498116e-02 -3.995972029836452472e-02 -2.102282431391638839e-02
-1.057925776124520739e-02 5.526269413680591491e-02 9.995974612862672248e-02 1.401450690622685347e-01 2.669777622872235856e-01 2.878842303027887572e-01 1.613048500204419533e-01 7.273462412876841032e-02 -3.520222115467901147e-02 -7.147499380300016691e-02
-4.633930199363953117e-02 -3.051347426367968796e-02 1.813509727607388183e-02 1.117632693482558531e-01 2.878842303027887572e-01 4.683251943784626503e-01 2.440083061379413054e-01 1.404251968280958440e-01 2.135315995145025021e-03 -7.056632490136330316e-02
-3.058274299462987803e-02 -6.621113078843465782e-02 -4.335716507813322518e-02 4.012045433614069845e-02 1.613048500204419533e-01 2.440083061379413054e-01 1.830697765556625334e-01 1.571894110753239704e-01 7.929948901066230516e-02 1.284174703200051046e-02
9.988298758458857840e-03 -8.174349007510309240e-02 -8.379048621412971132e-02 -1.307171530014498116e-02 7.273462412876841032e-02 1.404251968280958440e-01 1.571894110753239704e-01 2.307214839238090343e-01 2.250619898850682588e-01 1.529760371197491642e-01
9.044507283475958226e-02 -1.265546368110094001e-02 -4.673167323132342010e-02 -3.995972029836452472e-02 -3.520222115467901147e-02 2.135315995145025021e-03 7.929948901066230516e-02 2.250619898850682588e-01 3.700780165364357943e-01 3.072133000483713294e-01
1.613369782801008234e-01 8.415205399680861231e-02 3.158656156850420116e-02 -2.102282431391638839e-02 -7.147499380300016691e-02 -7.056632490136330316e-02 1.284174703200051046e-02 1.529760371197491642e-01 3.072133000483713294e-01 4.602177331381275827e-01
4.194724083562518802e-01 2.267424928236730364e-01 1.021517492498709434e-01 3.104376372481990401e-02 -1.828805562249448402e-02 -4.799922990123171862e-02 -7.672731470561308664e-02 -2.237948064241720991e-02 1.153135971515211605e-01 2.984241497395002107e-01
2.267424928236730364e-01 2.018886968454792208e-01 1.594596611410519504e-01 1.304738298033987776e-01 8.986644433208604288e-02 3.888258257688312867e-03 -7.326562150475952884e-02 -6.958676792411321033e-02 7.625195496875469998e-03 1.384978907942852333e-01
1.021517492498709434e-01 1.594596611410519504e-01 1.989188586377345636e-01 2.137082766959650659e-01 1.790075601058583876e-01 6.317387695309188700e-02 -2.854398540767149120e-02 -6.510771773158530173e-02 -5.044194858401490622e-02 1.822271623934868662e-02
3.104376372481990401e-02 1.304738298033987776e-01 2.137082766959650659e-01 2.928385659431085308e-01 2.696656235899616005e-01 1.221058859863697332e-01 3.022705435677164321e-02 -3.875269035933703171e-02 -7.133546349865126091e-02 -5.165849262120268681e-02
-1.828805562249448402e-02 8.986644433208604288e-02 1.790075601058583876e-01 2.696656235899616005e-01 3.676142998956622998e-01 1.808680514463530398e-01 1.044603183795536072e-01 1.923555456692051246e-02 -5.131362221466047313e-02 -7.549036900063865740e-02
-4.799922990123171862e-02 3.888258257688312867e-03 6.317387695309188700e-02 1.221058859863697332e-01 1.808680514463530398e-01 1.466918916882501700e-01 1.868593832216699502e-01 1.187675465776034112e-01 3.569838801325742050e-02 -3.951126024195238118e-02
-7.672731470561308664e-02 -7.326562150475952884e-02 -2.854398540767149120e-02 3.022705435677164321e-02 1.044603183795536072e-01 1.868593832216699502e-01 4.082448643465540483e-01 2.893650347552914059e-01 1.586150159396081394e-01 7.441858392491338021e-03
-2.237948064241720991e-02 -6.958676792411321033e-02 -6.510771773158530173e-02 -3.875269035933703171e-02 1.923555456692051246e-02 1.187675465776034112e-01 2.893650347552914059e-01 3.418035036272396576e-01 2.240293450713923273e-01 8.841818740287286926e-02
1.153135971515211605e-01 7.625195496875469998e-03 -5.044194858401490622e-02 -7.133546349865126091e-02 -5.131362221466047313e-02 3.569838801325742050e-02 1.586150159396081394e-01 2.240293450713923273e-01 2.367377810149445261e-01 2.113257177146746768e-01
2.984241497395002107e-01 1.384978907942852333e-01 1.822271623934868662e-02 -5.165849262120268681e-02 -7.549036900063865740e-02 -3.951126024195238118e-02 7.441858392491338021e-03 8.841818740287286926e-02 2.113257177146746768e-01 3.857891296447739649e-01
2.873329063422477847e-01 1.530944569975798697e-01 1.664471345529255908e-01 8.857481076986960244e-02 5.739074189257853398e-02 -3.343487176760527591e-02 -6.955558664957788018e-02 1.550196737183032365e-02 1.440146978696896507e-01 2.154943413456759660e-01
1.530944569975798697e-01 1.168520959203169785e-01 1.782105547352438868e-01 9.696298516838763870e-02 7.780545682984571498e-02 1.313636793206168687e-03 -5.817052070983387557e-02 -3.296056977065263405e-02 2.584448579046915925e-02 8.925994096902842290e-02
1.664471345529255908e-01 1.782105547352438868e-01 3.571303130200655929e-01 1.859801114432623748e-01 1.533352629618132679e-01 4.115154670120411973e-02 -7.658750147481217796e-02 -8.168592867925239531e-02 -3.677184547384481500e-02 6.507968662462534915e-02
8.857481076986960244e-02 9.696298516838763870e-02 1.859801114432623748e-01 1.314731628387250106e-01 1.559105288403346834e-01 9.267317635535854414e-02 -1.122355699595730880e-02 -6.013054606689267889e-02 -5.811413442055576861e-02 1.101438393596157472e-02
5.739074189257853398e-02 7.780545682984571498e-02 1.533352629618132679e-01 1.559105288403346834e-01 2.701962483996413478e-01 2.481011025370294110e-01 9.868124972609018664e-02 -4.566350441620813105e-02 -9.836158039768547190e-02 -3.361548096114348738e-02
-3.343487176760527591e-02 1.313636793206168687e-03 4.115154670120411973e-02 9.267317635535854414e-02 2.481011025370294110e-01 4.659533765902981184e-01 2.994152495593678798e-01 7.850135606336371141e-02 -4.273933178786980258e-02 -5.439572437816239669e-02
-6.955558664957788018e-02 -5.817052070983387557e-02 -7.658750147481217796e-02 -1.122355699595730880e-02 9.868124972609018664e-02 2.994152495593678798e-01 4.290981737061498325e-01 2.039324963822808368e-01 9.774747231504511691e-02 -8.700584200802309598e-04
1.550196737183032365e-02 -3.296056977065263405e-02 -8.168592867925239531e-02 -6.013054606689267889e-02 -4.566350441620813105e-02 7.850135606336371141e-02 2.039324963822808368e-01 2.076389730925836674e-01 2.343336793976465993e-01 1.155149990680823247e-01
1.440146978696896507e-01 2.584448579046915925e-02 -3.677184547384481500e-02 -5.811413442055576861e-02 -9.836158039768547190e-02 -4.273933178786980258e-02 9.774747231504511691e-02 2.343336793976465993e-01 4.802148188465355516e-01 2.642729648906078088e-01
2.154943413456759660e-01 8.925994096902842290e-02 6.507968662462534915e-02 1.101438393596157472e-02 -3.361548096114348738e-02 -5.439572437816239669e-02 -8.700584200802309598e-04 1.155149990680823247e-01 2.642729648906078088e-01 2.541099312434316193e-01
1.127260926817075931e-01 1.691563570116331183e-01 9.474400298420353195e-02 -2.313289409219011490e-04 -4.959161986740322214e-02 -5.211360490668016238e-02 3.425955195821531792e-03 6.626777683095110005e-02 1.225642155392196453e-01 1.455388043094673067e-01
1.691563570116331183e-01 3.537299828637865406e-01 2.544558161511345507e-01 1.141291856579674524e-01 -3.547113034266840409e-02 -1.028691354295441784e-01 -5.819217545785890233e-02 2.914873458079243404e-02 1.056449771146052846e-01 1.533364523350620456e-01
9.474400298420353195e-02 2.544558161511345507e-01 3.633235529409234443e-01 2.807773347070732783e-01 9.209002581421113498e-02 -3.857035195409276584e-02 -6.459278727545363086e-02 -4.009068283823460921e-02 -2.645906663815467390e-03 4.679901544232865918e-02
-2.313289409219011490e-04 1.141291856579674524e-01 2.807773347070732783e-01 4.570427302222165311e-01 2.336687644865669267e-01 1.033071005128742836e-01 -1.615967937055678766e-03 -6.351891107369268819e-02 -8.976833474898182619e-02 -6.878361783342265556e-02
-4.959161986740322214e-02 -3.547113034266840409e-02 9.209002581421113498e-02 2.336687644865669267e-01 2.450328435501984981e-01 2.371395207808735250e-01 1.289756487150819919e-01 2.158933359769325128e-02 -5.070409908059699683e-02 -7.377802475900427370e-02
-5.211360490668016238e-02 -1.028691354295441784e-01 -3.857035195409276584e-02 1.033071005128742836e-01 2.371395207808735250e-01 4.183315361900791784e-01 2.694237941476932408e-01 1.336151631204992585e-01 3.784890852279318429e-02 -2.554288176602915322e-02
3.425955195821531792e-03 -5.819217545785890233e-02 -6.459278727545363086e-02 -1.615967937055678766e-03 1.289756487150819919e-01 2.694237941476932408e-01 2.952885285292895512e-01 2.020735629369244113e-01 1.340077792802505385e-01 7.134650338800942182e-02
6.626777683095110005e-02 2.914873458079243404e-02 -4.009068283823460921e-02 -6.351891107369268819e-02 2.158933359769325128e-02 1.336151631204992585e-01 2.020735629369244113e-01 2.123385417496343464e-01 2.045813273102100316e-01 1.523356716801636812e-01
1.225642155392196453e-01 1.056449771146052846e-01 -2.645906663815467390e-03 -8.976833474898182619e-02 -5.070409908059699683e-02 3.784890852279318429e-02 1.340077792802505385e-01 2.045813273102100316e-01 2.860695534615845803e-01 2.382932866792358273e-01
1.455388043094673067e-01 1.533364523350620456e-01 4.679901544232865918e-02 -6.878361783342265556e-02 -7.377802475900427370e-02 -2.554288176602915322e-02 7.134650338800942182e-02 1.523356716801636812e-01 2.382932866792358273e-01 2.561166378105785846e-01
2.253630663236319553e-01 1.597315756495926165e-01 1.537888052695005059e-01 6.904914181767748960e-02 2.631920269368193815e-02 -4.072201751609642872e-02 -6.838530427603897732e-02 -4.628483173820542584e-02 1.041184167823038242e-01 2.425279321378353281e-01
1.597315756495926165e-01 1.607686973458155033e-01 2.016938717535841641e-01 1.025905638940990128e-01 7.411839516907789416e-02 9.436685811989514033e-03 -5.329145923134444296e-02 -8.373844771134242304e-02 7.747096402539156929e-04 1.203096803661153763e-01
1.537888052695005059e-01 2.016938717535841641e-01 3.288531028333644968e-01 1.721723726624718731e-01 1.458647341230297212e-01 7.284633594058731454e-02 -3.498039285828007106e-02 -1.128616547772006568e-01 -6.104455681250426508e-02 7.567780638558574413e-02
6.904914181767748960e-02 1.025905638940990128e-01 1.721723726624718731e-01 1.247074144109303617e-01 1.556401636794490784e-01 1.210823151978523693e-01 3.348864021374801936e-02 -4.827816466541865609e-02 -5.145678929755899411e-02 9.639193848307118020e-03
2.631920269368193815e-02 7.411839516907789416e-02 1.458647341230297212e-01 1.556401636794490784e-01 2.766535130007273247e-01 2.682896974192264805e-01 1.424461939636064156e-01 1.328087824748983535e-02 -5.759488616332535810e-02 -4.521554556628098326e-02
-4.072201751609642872e-02 9.436685811989514033e-03 7.284633594058731454e-02 1.210823151978523693e-01 2.682896974192264805e-01 4.116490445859889991e-01 2.492783325038234743e-01 1.210742124507280665e-01 -1.206195131265890008e-02 -7.844785247878342804e-02
-6.838530427603897732e-02 -5.329145923134444296e-02 -3.498039285828007106e-02 3.348864021374801936e-02 1.424461939636064156e-01 2.492783325038234743e-01 2.571570461863013080e-01 2.250915299414489312e-01 9.690277687568057963e-02 -3.451239794613027156e-02
-4.628483173820542584e-02 -8.373844771134242304e-02 -1.128616547772006568e-01 -4.827816466541865609e-02 1.328087824748983535e-02 1.210742124507280665e-01 2.250915299414489312e-01 3.661995388098785442e-01 2.564397251183513360e-01 8.342957780380363952e-02
1.041184167823038242e-01 7.747096402539156929e-04 -6.104455681250426508e-02 -5.145678929755899411e-02 -5.759488616332535810e-02 -1.206195131265890008e-02 9.690277687568057963e-02 2.564397251183513360e-01 4.053926521193215726e-01 2.798181540666389022e-01
2.425279321378353281e-01 1.203096803661153763e-01 7.567780638558574413e-02 9.639193848307118020e-03 -4.521554556628098326e-02 -7.844785247878342804e-02 -3.451239794613027156e-02 8.342957780380363952e-02 2.798181540666389022e-01 4.432559243840378249e-01
1.814612130872818030e-01 1.738805168554927172e-01 9.505064815464062122e-02 3.966504514176674018e-02 -2.168090283219932524e-02 -8.040632346564341448e-02 -5.230064168180964534e-02 8.870830915818424256e-03 1.267148210373183481e-01 2.317396315315133348e-01
1.738805168554927172e-01 2.788508161312469591e-01 2.200066334167143922e-01 1.746524480784680255e-01 3.887056823512856363e-02 -4.384927228240736302e-02 -6.205160318170430123e-02 -5.235302119388820369e-02 3.930427908448300145e-02 1.371104322893050842e-01
9.505064815464062122e-02 2.200066334167143922e-01 2.498781982965385395e-01 2.608821327494634801e-01 9.481799034313620478e-02 3.650154878734615527e-02 -2.208522608296793754e-02 -5.867747664184789352e-02 -3.664032107235811603e-02 2.362691580122988633e-02
3.966504514176674018e-02 1.746524480784680255e-01 2.608821327494634801e-01 4.511370938640378858e-01 1.674114044560827963e-01 1.195610850640135836e-01 3.245927412665572387e-02 -3.505399488306670114e-02 -7.091866290045373278e-02 -5.156569124111576308e-02
-2.168090283219932524e-02 3.887056823512856363e-02 9.481799034313620478e-02 1.674114044560827963e-01 1.031144252567696429e-01 1.525097211636902428e-01 8.688469903339803013e-02 4.188843358814890727e-02 -2.965075910241680296e-02 -6.081890272122604524e-02
-8.040632346564341448e-02 -4.384927228240736302e-02 3.650154878734615527e-02 1.195610850640135836e-01 1.525097211636902428e-01 3.615506408329972610e-01 2.364629650452674814e-01 1.725607619412765636e-01 1.191400704599307470e-02 -9.435898132128676952e-02
-5.230064168180964534e-02 -6.205160318170430123e-02 -2.208522608296793754e-02 3.245927412665572387e-02 8.688469903339803013e-02 2.364629650452674814e-01 2.393726292085888996e-01 2.449447080803341947e-01 9.628577432830920380e-02 -1.875588485600404240e-02
8.870830915818424256e-03 -5.235302119388820369e-02 -5.867747664184789352e-02 -3.505399488306670114e-02 4.188843358814890727e-02 1.725607619412765636e-01 2.449447080803341947e-01 4.007129982982272076e-01 2.277726354659821428e-01 1.099484869016763844e-01
1.267148210373183481e-01 3.930427908448300145e-02 -3.664032107235811603e-02 -7.091866290045373278e-02 -2.965075910241680296e-02 1.191400704599307470e-02 9.628577432830920380e-02 2.277726354659821428e-01 2.784037453094697634e-01 2.633926943911956697e-01
2.317396315315133348e-01 1.371104322893050842e-01 2.362691580122988633e-02 -5.156569124111576308e-02 -6.081890272122604524e-02 -9.435898132128676952e-02 -1.875588485600404240e-02 1.099484869016763844e-01 2.633926943911956697e-01 4.555182397148468953e-01
1.234704814346369028e-01 1.010740826355267935e-01 1.042337751279213687e-01 2.097035206738253471e-02 -7.408067465512532812e-02 -7.310032832901978972e-02 -3.782450180932370176e-02 5.652592502917946904e-02 1.282141722695774311e-01 1.822069508081017863e-01
1.010740826355267935e-01 1.219687439348747654e-01 1.907699336258147083e-01 1.048726933051291332e-01 -3.212075276187844469e-02 -6.952129089267017337e-02 -6.431003699502184368e-02 1.564513814829809543e-03 7.037715152066176261e-02 1.175330043852547690e-01
1.042337751279213687e-01 1.907699336258147083e-01 4.278623776203124840e-01 2.967350166526450117e-01 7.106323666913143267e-02 -4.483251990195782216e-02 -8.332826328635367652e-02 -4.796443347688027214e-02 2.472726245907635317e-02 8.180326277262969792e-02
2.097035206738253471e-02 1.048726933051291332e-01 2.967350166526450117e-01 4.646636277384269542e-01 2.413602226971350018e-01 9.111035557066438084e-02 7.855078163394705465e-03 -3.764894724811188725e-02 -4.319489368657704331e-02 -2.588789763396422139e-02
-7.408067465512532812e-02 -3.212075276187844469e-02 7.106323666913143267e-02 2.413602226971350018e-01 3.281508155790991976e-01 2.225885780081364451e-01 1.475032230363896302e-01 4.112170246061574996e-02 -6.070582092602757468e-02 -1.059500120852743255e-01
-7.310032832901978972e-02 -6.952129089267017337e-02 -4.483251990195782216e-02 9.111035557066438084e-02 2.225885780081364451e-01 2.364600193354252922e-01 2.264635953960621451e-01 1.300925840972586012e-01 7.969906862600682415e-03 -7.200226108861043639e-02
-3.782450180932370176e-02 -6.431003699502184368e-02 -8.332826328635367652e-02 7.855078163394705465e-03 1.475032230363896302e-01 2.264635953960621451e-01 3.371071100847649604e-01 2.544745407785905522e-01 1.169597757983980441e-01 8.453181221638423476e-03
5.652592502917946904e-02 1.564513814829809543e-03 -4.796443347688027214e-02 -3.764894724811188725e-02 4.112170246061574996e-02 1.300925840972586012e-01 2.544745407785905522e-01 3.529620119542203893e-01 2.432445745585745112e-01 1.511033659111821748e-01
1.282141722695774311e-01 7.037715152066176261e-02 2.472726245907635317e-02 -4.319489368657704331e-02 -6.070582092602757468e-02 7.969906862600682415e-03 1.169597757983980441e-01 2.432445745585745112e-01 2.806881986608547042e-01 2.443161919995368581e-01
1.822069508081017863e-01 1.175330043852547690e-01 8.180326277262969792e-02 -2.588789763396422139e-02 -1.059500120852743255e-01 -7.200226108861043639e-02 8.453181221638423476e-03 1.511033659111821748e-01 2.443161919995368581e-01 3.266666136573835866e-01
2.399791571113612798e-01 1.982150353754839334e-01 1.401631189950309220e-01 5.587153723828410662e-02 -4.416032682648186880e-02 -6.963400745543817105e-02 -2.808322916030246350e-02 5.764059532412263431e-02 1.628778766609813300e-01 1.513619414771872340e-01
1.982150353754839334e-01 2.142213479673744647e-01 1.998833634187106578e-01 1.326350269259823356e-01 2.270538568936590618e-02 -6.972274539424862250e-02 -7.507219903959487517e-02 5.965426301147895918e-03 9.447346451929054811e-02 1.091806721251341594e-01
1.401631189950309220e-01 1.998833634187106578e-01 2.777947250129904067e-01 2.481478846626283263e-01 1.322664747264187535e-01 -3.316341692213215647e-02 -9.786141211334456469e-02 -4.101969283312353887e-02 1.943439045068821869e-02 5.900369246020428782e-02
5.587153723828410662e-02 1.326350269259823356e-01 2.481478846626283263e-01 3.647988972881174297e-01 2.743176833261049552e-01 8.620439140721823656e-02 -4.317924901983495600e-02 -5.510993666491649512e-02 -5.659509171366899211e-02 -4.100122008481104155e-03
-4.416032682648186880e-02 2.270538568936590618e-02 1.322664747264187535e-01 2.743176833261049552e-01 4.019578549749328600e-01 2.405036832261384094e-01 1.046373585567982600e-01 -8.407514619995004601e-03 -8.002396263752759031e-02 -5.402912374782460614e-02
-6.963400745543817105e-02 -6.972274539424862250e-02 -3.316341692213215647e-02 8.620439140721823656e-02 2.405036832261384094e-01 3.360521861524660148e-01 2.769596406324150717e-01 1.032361521538510962e-01 6.312725974200440737e-03 -3.144560232650740750e-02
-2.808322916030246350e-02 -7.507219903959487517e-02 -9.786141211334456469e-02 -4.317924901983495600e-02 1.046373585567982600e-01 2.769596406324150717e-01 4.483077835740164607e-01 1.999447927635983335e-01 1.226789814745665730e-01 2.793647867100816293e-02
5.764059532412263431e-02 5.965426301147895918e-03 -4.101969283312353887e-02 -5.510993666491649512e-02 -8.407514619995004601e-03 1.032361521538510962e-01 1.999447927635983335e-01 1.512504649947503665e-01 1.931997630915620046e-01 8.390881797924311380e-02
1.628778766609813300e-01 9.447346451929054811e-02 1.943439045068821869e-02 -5.659509171366899211e-02 -8.002396263752759031e-02 6.312725974200440737e-03 1.226789814745665730e-01 1.931997630915620046e-01 4.407001228284288530e-01 1.912637183616995862e-01
1.513619414771872340e-01 1.091806721251341594e-01 5.900369246020428782e-02 -4.100122008481104155e-03 -5.402912374782460614e-02 -3.144560232650740750e-02 2.793647867100816293e-02 8.390881797924311380e-02 1.912637183616995862e-01 1.249374600955625164e-01
2.044459087161016875e-01 2.161017245410550291e-01 1.429591495020258174e-01 6.345442428831192527e-02 6.692122103943082267e-02 -2.141058957759514863e-03 -6.070612883497976398e-02 -7.563148478544053782e-03 9.914185300701253145e-02 2.075191613751899977e-01
2.161017245410550291e-01 3.529134812463848858e-01 2.351711814741492823e-01 1.086390096761154778e-01 1.319172236398343245e-01 3.716491049284938175e-02 -9.349347589656145652e-02 -8.343005260016123081e-02 -2.528473983682394399e-02 1.025477894924593236e-01
1.429591495020258174e-01 2.351711814741492823e-01 2.001241669046613381e-01 1.013302620603097060e-01 1.386043813527312873e-01 6.046004608144241871e-02 -7.187260758771066294e-02 -8.388053495529913806e-02 -5.700244608810791508e-02 3.933072134799843467e-02
6.345442428831192527e-02 1.086390096761154778e-01 1.013302620603097060e-01 6.240505139601145584e-02 1.068795951658133847e-01 7.923134334309922533e-02 -8.302250708906335278e-03 -4.239719732315218315e-02 -4.463147122338732148e-02 -2.395086271695695719e-04
6.692122103943082267e-02 1.319172236398343245e-01 1.386043813527312873e-01 1.068795951658133847e-01 2.324939622049679300e-01 2.504390433211694522e-01 9.051113733142934770e-02 -3.495864040805802403e-02 -8.043172091989181371e-02 -3.574314874836357486e-02
-2.141058957759514863e-03 3.716491049284938175e-02 6.046004608144241871e-02 7.923134334309922533e-02 2.504390433211694522e-01 5.162818139352125524e-01 3.001986550220950845e-01 7.136355720099742117e-02 -3.653716461237362101e-02 -5.206770966072005874e-02
-6.070612883497976398e-02 -9.349347589656145652e-02 -7.187260758771066294e-02 -8.302250708906335278e-03 9.051113733142934770e-02 3.001986550220950845e-01 4.161174272286011222e-01 1.834506486499157818e-01 9.161488121366818949e-02 7.993373630059707330e-03
-7.563148478544053782e-03 -8.343005260016123081e-02 -8.388053495529913806e-02 -4.239719732315218315e-02 -3.495864040805802403e-02 7.136355720099742117e-02 1.834506486499157818e-01 1.640698527958150965e-01 1.975464235924013490e-01 1.236994640622034042e-01
9.914185300701253145e-02 -2.528473983682394399e-02 -5.700244608810791508e-02 -4.463147122338732148e-02 -8.043172091989181371e-02 -3.653716461237362101e-02 9.161488121366818949e-02 1.975464235924013490e-01 4.007489318558495328e-01 3.067545140282206262e-01
2.075191613751899977e-01 1.025477894924593236e-01 3.933072134799843467e-02 -2.395086271695695719e-04 -3.574314874836357486e-02 -5.206770966072005874e-02 7.993373630059707330e-03 1.236994640622034042e-01 3.067545140282206262e-01 4.503994037163943642e-01
1.663213566703856672e-01 1.998290953039943418e-01 1.093914336006303334e-01 6.951700245915179432e-02 -2.915152223086169610e-03 -6.261330006738693998e-02 -4.866649098936864926e-02 4.830969255985993749e-02 1.288602118630860494e-01 1.770920296047573117e-01
1.998290953039943418e-01 4.000621872441644244e-01 2.297183779405904680e-01 1.880938083788027126e-01 6.396086748871097905e-02 -1.933997036002830378e-02 -6.182649927676472923e-02 -3.621853974569861495e-02 3.207684066674758305e-02 1.154536790995080719e-01
1.093914336006303334e-01 2.297183779405904680e-01 1.970073875293541499e-01 2.117741314940044806e-01 9.223396713210817166e-02 3.421232283031632598e-02 -2.526956781684598988e-02 -5.372653913939096082e-02 -2.903283323537756561e-02 3.477636795761640531e-02
6.951700245915179432e-02 1.880938083788027126e-01 2.117741314940044806e-01 3.003926715457905239e-01 1.538359216108901584e-01 1.135997180789209138e-01 2.897799975810541953e-02 -6.408477224388728355e-02 -7.954311788393021720e-02 -2.510987575492702045e-02
-2.915152223086169610e-03 6.396086748871097905e-02 9.223396713210817166e-02 1.538359216108901584e-01 1.249311834352080375e-01 1.828079485199150811e-01 1.135339567974229247e-01 8.220453378851876915e-04 -6.301380007214041346e-02 -5.632586039561596203e-02
-6.261330006738693998e-02 -1.933997036002830378e-02 3.421232283031632598e-02 1.135997180789209138e-01 1.828079485199150811e-01 4.317738680082157110e-01 2.996841410425465368e-01 1.086903313472370181e-01 -4.558227870803783360e-02 -9.102782376658080654e-02
-4.866649098936864926e-02 -6.182649927676472923e-02 -2.526956781684598988e-02 2.897799975810541953e-02 1.135339567974229247e-01 2.996841410425465368e-01 3.950482283075756329e-01 2.266794723351882035e-01 7.939726946784846084e-02 -1.507981354020012689e-02
4.830969255985993749e-02 -3.621853974569861495e-02 -5.372653913939096082e-02 -6.408477224388728355e-02 8.220453378851876915e-04 1.086903313472370181e-01 2.266794723351882035e-01 3.085674792300535096e-01 2.609273403053581908e-01 1.589218700760766101e-01
1.288602118630860494e-01 3.207684066674758305e-02 -2.903283323537756561e-02 -7.954311788393021720e-02 -6.301380007214041346e-02 -4.558227870803783360e-02 7.939726946784846084e-02 2.609273403053581908e-01 3.836012342430011324e-01 2.681617985045017249e-01
1.770920296047573117e-01 1.154536790995080719e-01 3.477636795761640531e-02 -2.510987575492702045e-02 -5.632586039561596203e-02 -9.102782376658080654e-02 -1.507981354020012689e-02 1.589218700760766101e-01 2.681617985045017249e-01 2.922944037862539313e-01
1.748022678680114239e-01 1.789907193065991275e-01 1.219461603585665216e-01 1.635714261407562875e-02 -6.549402315929267471e-02 -7.846411745621961753e-02 -3.900259668374475575e-02 5.894929017968002227e-02 1.488607186528533299e-01 1.804316427248951471e-01
1.789907193065991275e-01 2.645894743961894058e-01 2.532840006421233081e-01 1.331013856433506115e-01 -1.141517141826784744e-02 -8.113929048895909824e-02 -8.535889070840266268e-02 -7.155372129077367839e-03 8.267296123767824134e-02 1.366921034317910566e-01
1.219461603585665216e-01 2.532840006421233081e-01 4.070518364499456365e-01 2.784890748620698631e-01 1.104283306698366912e-01 -9.340881224131300856e-03 -6.929897862118344909e-02 -5.645908601620293343e-02 -1.115674466402979785e-02 5.032514257717822515e-02
1.635714261407562875e-02 1.331013856433506115e-01 2.784890748620698631e-01 3.656985853444562062e-01 2.313808501464832967e-01 1.182051596939137778e-01 3.008103021005641142e-02 -4.423522257980774808e-02 -7.855115382783625644e-02 -5.251813264256471186e-02
-6.549402315929267471e-02 -1.141517141826784744e-02 1.104283306698366912e-01 2.313808501464832967e-01 2.746358239572761484e-01 2.248894958120009335e-01 1.529696229143831521e-01 3.419849830643979099e-02 -6.350284542585384051e-02 -8.869513781708462941e-02
-7.846411745621961753e-02 -8.113929048895909824e-02 -9.340881224131300856e-03 1.182051596939137778e-01 2.248894958120009335e-01 2.837004160573646794e-01 2.531581888228699451e-01 1.265749477346686247e-01 1.108282750923058994e-02 -5.710982548929099956e-02
-3.900259668374475575e-02 -8.535889070840266268e-02 -6.929897862118344909e-02 3.008103021005641142e-02 1.529696229143831521e-01 2.531581888228699451e-01 3.624665440892590462e-01 2.330101786609050651e-01 1.270976943336949161e-01 2.747771845280971154e-02
5.894929017968002227e-02 -7.155372129077367839e-03 -5.645908601620293343e-02 -4.423522257980774808e-02 3.419849830643979099e-02 1.265749477346686247e-01 2.330101786609050651e-01 2.618097535832372147e-01 2.374396435167553387e-01 1.427904105394312007e-01
1.488607186528533299e-01 8.267296123767824134e-02 -1.115674466402979785e-02 -7.855115382783625644e-02 -6.350284542585384051e-02 1.108282750923058994e-02 1.270976943336949161e-01 2.374396435167553387e-01 3.548885701551712790e-01 2.474082463256603026e-01
1.804316427248951471e-01 1.366921034317910566e-01 5.032514257717822515e-02 -5.251813264256471186e-02 -8.869513781708462941e-02 -5.710982548929099956e-02 2.747771845280971154e-02 1.427904105394312007e-01 2.474082463256603026e-01 2.503567280990909860e-01
3.222915513482806360e-01 2.093348211954247362e-01 1.598252818619694815e-01 7.680643452589228093e-02 1.299605245677086171e-02 -5.358844016663960597e-02 -5.826265554361702292e-02 6.320956373321068474e-03 1.232715858147648141e-01 2.568133869652602930e-01
2.093348211954247362e-01 2.202778491871254796e-01 2.360158621485725639e-01 1.367209837133016859e-01 7.223022920131297320e-02 -1.445241305025456169e-02 -6.437462477313596332e-02 -5.683946113363156499e-02 -2.323616549798645028e-02 8.800997142224281644e-02
1.598252818619694815e-01 2.360158621485725639e-01 3.686731173886644841e-01 2.104030714701730087e-01 1.311823479817239846e-01 3.271961832096877826e-02 -5.179292250217094884e-02 -8.382603050187931171e-02 -9.814152443697765626e-02 -4.934029988531147930e-04
7.680643452589228093e-02 1.367209837133016859e-01 2.104030714701730087e-01 1.635493319319631378e-01 1.482016398097379395e-01 1.050656414464753718e-01 2.977672084601025795e-02 -3.946458064834301033e-02 -8.501251285144856285e-02 -3.713354712306879413e-02
1.299605245677086171e-02 7.223022920131297320e-02 1.311823479817239846e-01 1.482016398097379395e-01 2.156819616818948515e-01 2.459519984403478743e-01 1.558853653561300956e-01 2.675243614002522849e-02 -5.780280754291020062e-02 -5.791574616131095476e-02
-5.358844016663960597e-02 -1.445241305025456169e-02 3.271961832096877826e-02 1.050656414464753718e-01 2.459519984403478743e-01 4.456345977921998269e-01 2.984891365880343317e-01 1.221696170662286418e-01 2.040586723209731473e-02 -4.423544367059761839e-02
-5.826265554361702292e-02 -6.437462477313596332e-02 -5.179292250217094884e-02 2.977672084601025795e-02 1.558853653561300956e-01 2.984891365880343317e-01 3.271381600003823165e-01 1.715052363733549634e-01 1.043174723117649139e-01 2.001955604831212945e-02
6.320956373321068474e-03 -5.683946113363156499e-02 -8.382603050187931171e-02 -3.946458064834301033e-02 2.675243614002522849e-02 1.221696170662286418e-01 1.715052363733549634e-01 1.498000354576800863e-01 1.804933213483194410e-01 1.175926824139880561e-01
1.232715858147648141e-01 -2.323616549798645028e-02 -9.814152443697765626e-02 -8.501251285144856285e-02 -5.780280754291020062e-02 2.040586723209731473e-02 1.043174723117649139e-01 1.804933213483194410e-01 3.453825601831488901e-01 2.885154898558422998e-01
2.568133869652602930e-01 8.800997142224281644e-02 -4.934029988531147930e-04 -3.713354712306879413e-02 -5.791574616131095476e-02 -4.423544367059761839e-02 2.001955604831212945e-02 1.175926824139880561e-01 2.885154898558422998e-01 4.415708350286593475e-01
3.690764334947168601e-01 2.551465493810122775e-01 1.277887300031838036e-01 2.703086195596358585e-02 -3.013807105172341613e-02 -7.593348984476672170e-02 -5.572598926653117568e-02 2.161150011358079284e-02 1.331421329752261462e-01 2.584106548121383184e-01
2.551465493810122775e-01 3.830815257191644285e-01 2.724315860724088045e-01 1.414231160897622686e-01 6.111388907173447016e-02 6.635288107303891937e-03 -4.285895883742035783e-02 -6.918846533584138703e-02 -3.365848525628148402e-02 8.224370219558493900e-02
1.277887300031838036e-01 2.724315860724088045e-01 3.220617704627760647e-01 1.918149511940191176e-01 1.137139883638405985e-01 7.989871726439388977e-02 6.736281968960839729e-03 -7.627106491336227423e-02 -1.010331176554187665e-01 -3.886503132777167219e-02
2.703086195596358585e-02 1.414231160897622686e-01 1.918149511940191176e-01 1.460286575141505616e-01 1.145966178011140479e-01 1.218580085056761714e-01 6.284769035142645510e-02 -2.371185990571625379e-02 -8.032832653255385369e-02 -6.963252496691162141e-02
-3.013807105172341613e-02 6.111388907173447016e-02 1.137139883638405985e-01 1.145966178011140479e-01 1.316184566448369009e-01 1.957198681751700087e-01 1.345002624607990471e-01 4.480714433017850273e-02 -4.117763498442857800e-02 -7.156550063941077844e-02
-7.593348984476672170e-02 6.635288107303891937e-03 7.989871726439388977e-02 1.218580085056761714e-01 1.957198681751700087e-01 3.864613812379389390e-01 2.756254698747740428e-01 1.539348601768545932e-01 1.504476339284480102e-02 -7.003950648006138091e-02
-5.572598926653117568e-02 -4.285895883742035783e-02 6.736281968960839729e-03 6.284769035142645510e-02 1.345002624607990471e-01 2.756254698747740428e-01 3.168116067980787376e-01 2.294950747738257468e-01 1.073929307315222847e-01 8.332046761510092034e-03
2.161150011358079284e-02 -6.918846533584138703e-02 -7.627106491336227423e-02 -2.371185990571625379e-02 4.480714433017850273e-02 1.539348601768545932e-01 2.294950747738257468e-01 2.774185117049090543e-01 2.215970319292606683e-01 1.356064603637761046e-01
1.331421329752261462e-01 -3.365848525628148402e-02 -1.010331176554187665e-01 -8.032832653255385369e-02 -4.117763498442857800e-02 1.504476339284480102e-02 1.073929307315222847e-01 2.215970319292606683e-01 3.046876232083261526e-01 2.588870235446615320e-01
2.584106548121383184e-01 8.224370219558493900e-02 -3.886503132777167219e-02 -6.963252496691162141e-02 -7.156550063941077844e-02 -7.003950648006138091e-02 8.332046761510092034e-03 1.356064603637761046e-01 2.588870235446615320e-01 3.627540332150990254e-01
1.112349056336311565e-01 1.614389854260792623e-01 1.027936352631432237e-01 1.052388170737935530e-02 -5.510755556919226528e-02 -3.403804943965649948e-02 -1.838044759479345869e-02 3.544728201077076979e-02 9.074420534778747383e-02 1.645781907425491186e-01
1.614389854260792623e-01 3.723128835784166868e-01 2.938172974564099427e-01 1.280179992550672663e-01 -8.038243522464356972e-03 -3.383188249683886928e-02 -5.399808015169846320e-02 -6.518592941454254101e-03 5.550767336616092840e-02 1.249108590761528609e-01
1.027936352631432237e-01 2.938172974564099427e-01 4.332610910977640617e-01 2.373942957464157677e-01 1.159909877213218254e-01 2.001224513075440525e-02 -3.672646901644125578e-02 -3.759082158661753575e-02 -1.174940942964719862e-02 2.903694238352277565e-02
1.052388170737935530e-02 1.280179992550672663e-01 2.373942957464157677e-01 2.346303690621137639e-01 2.201012832530119812e-01 8.331730843657056407e-02 2.806368786129956328e-02 -2.928426165701107295e-02 -5.789463998257586563e-02 -6.720980068739369762e-02
-5.510755556919226528e-02 -8.038243522464356972e-03 1.159909877213218254e-01 2.201012832530119812e-01 3.421143941837028746e-01 1.565732420866164099e-01 1.146634984598655649e-01 1.251675925924232782e-02 -6.705968323567834677e-02 -1.142139764885505560e-01
-3.403804943965649948e-02 -3.383188249683886928e-02 2.001224513075440525e-02 8.331730843657056407e-02 1.565732420866164099e-01 1.199740055631114410e-01 1.919600206085026184e-01 1.043054862831190588e-01 1.597793480036965863e-02 -4.629861656237034551e-02
-1.838044759479345869e-02 -5.399808015169846320e-02 -3.672646901644125578e-02 2.806368786129956328e-02 1.146634984598655649e-01 1.919600206085026184e-01 5.197784556149852575e-01 2.982029302268673354e-01 1.336493067336534390e-01 1.832755239827008054e-02
3.544728201077076979e-02 -6.518592941454254101e-03 -3.759082158661753575e-02 -2.928426165701107295e-02 1.251675925924232782e-02 1.043054862831190588e-01 2.982029302268673354e-01 3.000672077678405714e-01 1.871758201225239837e-01 1.142823321065798980e-01
9.074420534778747383e-02 5.550767336616092840e-02 -1.174940942964719862e-02 -5.789463998257586563e-02 -6.705968323567834677e-02 1.597793480036965863e-02 1.336493067336534390e-01 1.871758201225239837e-01 1.920132477761630208e-01 2.134409069842881645e-01
1.645781907425491186e-01 1.249108590761528609e-01 2.903694238352277565e-02 -6.720980068739369762e-02 -1.142139764885505560e-01 -4.629861656237034551e-02 1.832755239827008054e-02 1.142823321065798980e-01 2.134409069842881645e-01 3.746134397222707912e-01
3.353215573029263430e-01 2.792797282317084906e-01 1.877509423267081923e-01 3.785368637924901858e-02 -7.620264667817970572e-02 -9.763615085699747786e-02 -4.979084692792329347e-02 -2.316996128199013023e-03 7.161233670504638105e-02 1.596152347748574507e-01
2.792797282317084906e-01 3.425705373966810852e-01 2.477203002103031404e-01 9.789450686956160941e-02 -2.050790238164952595e-02 -6.773145700068985975e-02 -5.328583425340344126e-02 -4.820304270629535703e-02 1.077443640009767556e-02 1.202458140635830341e-01
1.877509423267081923e-01 2.477203002103031404e-01 2.645900205679166395e-01 1.877885079738003948e-01 1.087127088204900421e-01 3.320184208466289699e-02 -1.520222822344089418e-02 -5.401622508444346715e-02 -2.769910533043994441e-02 6.633214348127641768e-02
3.785368637924901858e-02 9.789450686956160941e-02 1.877885079738003948e-01 2.764463559315536445e-01 2.786060545251791698e-01 1.768602051771464012e-01 5.485949022746235137e-02 -2.220588738454080252e-02 -4.544643774790452229e-02 -1.087033324297244710e-02
-7.620264667817970572e-02 -2.050790238164952595e-02 1.087127088204900421e-01 2.786060545251791698e-01 4.486993331741683799e-01 2.737096197436664213e-01 1.072391360976389929e-01 2.554965844758734506e-02 -3.177912399450810721e-02 -5.741776444664682677e-02
-9.763615085699747786e-02 -6.773145700068985975e-02 3.320184208466289699e-02 1.768602051771464012e-01 2.737096197436664213e-01 2.302765392097044783e-01 1.111523333867305285e-01 7.885937858278904700e-02 2.419190258391807138e-02 -4.441622804755663428e-02
-4.979084692792329347e-02 -5.328583425340344126e-02 -1.520222822344089418e-02 5.485949022746235137e-02 1.072391360976389929e-01 1.111523333867305285e-01 9.168051214387262782e-02 1.531572516633701864e-01 1.142291707760963726e-01 1.365661728173780780e-02
