1.193059213560475756e-01 1.034509438647473467e-01 1.278750456415095882e-01 9.206666544643696271e-02 6.601991515948965605e-02 2.316094110358590114e-02 -2.358944110955894444e-02 -6.954481994035563441e-02 -8.681228491059306274e-02 -1.014742499409637538e-01 -9.413943670579524858e-02 -1.015545487706920463e-01
1.034509438647473467e-01 1.068282179145181032e-01 1.535339034292683702e-01 1.155151772571680890e-01 9.187845126187949019e-02 5.545643417913868889e-02 6.615294737634991144e-03 -3.238632617147298859e-02 -5.256579531807008265e-02 -6.766989929899056011e-02 -6.769141474894500854e-02 -7.973099264971389433e-02
1.278750456415095882e-01 1.535339034292683702e-01 2.575230174044272902e-01 1.992701246622923805e-01 1.641812604025151279e-01 1.173035778626058123e-01 4.568246010495746745e-02 -8.693642640211600436e-04 -3.435374737396010292e-02 -5.817165828997600263e-02 -6.679413769847748761e-02 -8.858482192446984205e-02
9.206666544643696271e-02 1.155151772571680890e-01 1.992701246622923805e-01 1.883375394373304479e-01 1.792617849301006983e-01 1.399311462855028221e-01 7.030497958821332882e-02 3.666256194049397066e-02 4.186672856061422927e-03 -2.038037145600292074e-02 -3.634811278784817745e-02 -5.858598799092819276e-02
6.601991515948965605e-02 9.187845126187949019e-02 1.641812604025151279e-01 1.792617849301006983e-01 2.198726163155780566e-01 1.918584193449694997e-01 1.103838719732995605e-01 8.410941880007272164e-02 4.921869425948083299e-02 2.213965462254829930e-02 -4.844986135285238651e-03 -3.209547457494942718e-02
2.316094110358590114e-02 5.545643417913868889e-02 1.173035778626058123e-01 1.399311462855028221e-01 1.918584193449694997e-01 2.032000787186179769e-01 1.356369068940948552e-01 1.272868471164280146e-01 9.427443355666048630e-02 6.892070202979447280e-02 3.505172449218521558e-02 7.343699873706649103e-03
-2.358944110955894444e-02 6.615294737634991144e-03 4.568246010495746745e-02 7.030497958821332882e-02 1.103838719732995605e-01 1.356369068940948552e-01 1.184914214077086025e-01 1.415599011929107309e-01 1.176996333730299105e-01 9.537862966272203646e-02 6.216363381728672033e-02 4.174109540874015173e-02
-6.954481994035563441e-02 -3.238632617147298859e-02 -8.693642640211600436e-04 3.666256194049397066e-02 8.410941880007272164e-02 1.272868471164280146e-01 1.415599011929107309e-01 2.097771338355340354e-01 1.871758495941208411e-01 1.551632002912094743e-01 1.066868936139978574e-01 8.360964977883007798e-02
-8.681228491059306274e-02 -5.256579531807008265e-02 -3.435374737396010292e-02 4.186672856061422927e-03 4.921869425948083299e-02 9.427443355666048630e-02 1.176996333730299105e-01 1.871758495941208411e-01 1.958211380072656382e-01 1.737199923772089205e-01 1.208152668500652727e-01 9.714700933310349562e-02
-1.014742499409637538e-01 -6.766989929899056011e-02 -5.817165828997600263e-02 -2.038037145600292074e-02 2.213965462254829930e-02 6.892070202979447280e-02 9.537862966272203646e-02 1.551632002912094743e-01 1.737199923772089205e-01 1.796159509918289765e-01 1.312323758780115646e-01 1.091836078505586533e-01
-9.413943670579524858e-02 -6.769141474894500854e-02 -6.679413769847748761e-02 -3.634811278784817745e-02 -4.844986135285238651e-03 3.505172449218521558e-02 6.216363381728672033e-02 1.066868936139978574e-01 1.208152668500652727e-01 1.312323758780115646e-01 1.062263042358763815e-01 9.539548305621314839e-02
-1.015545487706920463e-01 -7.973099264971389433e-02 -8.858482192446984205e-02 -5.858598799092819276e-02 -3.209547457494942718e-02 7.343699873706649103e-03 4.174109540874015173e-02 8.360964977883007798e-02 9.714700933310349562e-02 1.091836078505586533e-01 9.539548305621314839e-02 9.500066037526810891e-02
9.536631076453463973e-02 1.175273728458827577e-01 9.718996575776242541e-02 1.090580751301350182e-01 7.651391418440156578e-02 6.969709219296500724e-02 2.488558227106247439e-02 -8.607115957332441003e-03 -4.625254711242078598e-02 -6.584299508776188248e-02 -9.013799586296308841e-02 -8.574125269210750022e-02
1.175273728458827577e-01 1.594047580065973690e-01 1.378846140292840083e-01 1.585082702615282224e-01 1.121790836766483335e-01 1.075961108749710488e-01 5.061838954798554557e-02 2.334130417493085127e-02 -1.697292956014652410e-02 -4.688676641808701973e-02 -8.113929782917632394e-02 -9.204852743302074924e-02
9.718996575776242541e-02 1.378846140292840083e-01 1.349406372300501200e-01 1.704311710945016212e-01 1.172632333015454220e-01 1.098965128417323661e-01 5.548618310742426535e-02 3.773697328591657518e-02 6.006124014947057319e-03 -2.399321188738590127e-02 -5.596070598958023667e-02 -7.137107344139501097e-02
1.090580751301350182e-01 1.585082702615282224e-01 1.704311710945016212e-01 2.496958579289340618e-01 1.697911095553643890e-01 1.554371019637392215e-01 8.046741353627849536e-02 6.335279907587679227e-02 2.823891161408096165e-02 -1.226459224453768822e-02 -5.347953161430261948e-02 -7.676692966451946487e-02
7.651391418440156578e-02 1.121790836766483335e-01 1.172632333015454220e-01 1.697911095553643890e-01 1.319775989991823217e-01 1.322427843232109601e-01 7.298922483559314167e-02 6.704859611747464310e-02 4.436955780205115857e-02 1.033225458159100704e-02 -2.404658442224608464e-02 -4.901722603755100799e-02
6.969709219296500724e-02 1.075961108749710488e-01 1.098965128417323661e-01 1.554371019637392215e-01 1.322427843232109601e-01 1.497148188724435613e-01 9.097472889555621722e-02 9.929253403822674295e-02 8.378289286288270743e-02 4.314812930743398833e-02 3.726568681460274476e-03 -3.445377447685694927e-02
2.488558227106247439e-02 5.061838954798554557e-02 5.548618310742426535e-02 8.046741353627849536e-02 7.298922483559314167e-02 9.097472889555621722e-02 6.811865219719534514e-02 9.771821793063148465e-02 1.032915533092026023e-01 6.857275030805620730e-02 4.135070214929952026e-02 4.363394212385469928e-03
-8.607115957332441003e-03 2.334130417493085127e-02 3.773697328591657518e-02 6.335279907587679227e-02 6.704859611747464310e-02 9.929253403822674295e-02 9.771821793063148465e-02 1.826510758312766547e-01 2.224751864039823945e-01 1.561166499717603906e-01 1.179230975816137894e-01 5.348254269576556419e-02
-4.625254711242078598e-02 -1.697292956014652410e-02 6.006124014947057319e-03 2.823891161408096165e-02 4.436955780205115857e-02 8.378289286288270743e-02 1.032915533092026023e-01 2.224751864039823945e-01 3.308872651278788046e-01 2.279090773736540398e-01 1.762876669535385077e-01 9.606689693563005839e-02
-6.584299508776188248e-02 -4.688676641808701973e-02 -2.399321188738590127e-02 -1.226459224453768822e-02 1.033225458159100704e-02 4.314812930743398833e-02 6.857275030805620730e-02 1.561166499717603906e-01 2.279090773736540398e-01 2.096410954808808902e-01 1.833674091632434000e-01 1.082775747870085292e-01
-9.013799586296308841e-02 -8.113929782917632394e-02 -5.596070598958023667e-02 -5.347953161430261948e-02 -2.404658442224608464e-02 3.726568681460274476e-03 4.135070214929952026e-02 1.179230975816137894e-01 1.762876669535385077e-01 1.833674091632434000e-01 1.910005523502333602e-01 1.247653431580140471e-01
-8.574125269210750022e-02 -9.204852743302074924e-02 -7.137107344139501097e-02 -7.676692966451946487e-02 -4.901722603755100799e-02 -3.445377447685694927e-02 4.363394212385469928e-03 5.348254269576556419e-02 9.606689693563005839e-02 1.082775747870085292e-01 1.247653431580140471e-01 9.660137721079166406e-02
1.687027604949889736e-01 1.779646571024025015e-01 1.376173134188527492e-01 7.585570501697003198e-02 6.277142179156275370e-02 4.321627296553995357e-02 1.637860713562090675e-02 -1.475774819444440611e-02 -4.726956706219172244e-02 -9.776407492158492585e-02 -1.311432206626839403e-01 -1.406886550556967208e-01
1.779646571024025015e-01 2.254811864025899615e-01 1.845443046306268764e-01 1.054023108868609171e-01 9.548507025762667522e-02 7.933945640191401860e-02 5.639131239107727372e-02 1.961428145663331180e-02 -1.943328905997053491e-02 -6.978832593038422627e-02 -1.092540971490108259e-01 -1.309860688697609687e-01
1.376173134188527492e-01 1.845443046306268764e-01 1.738525516303127405e-01 1.076352283985075597e-01 1.076615002792518372e-01 9.820772451224051014e-02 8.146600777988596831e-02 4.669565611194126387e-02 9.950665695686039189e-03 -3.128776302214660715e-02 -7.153256900353051340e-02 -9.630357941930493826e-02
7.585570501697003198e-02 1.054023108868609171e-01 1.076352283985075597e-01 7.806219188762039685e-02 9.145597419603689049e-02 9.267805404485060516e-02 8.383970485965142050e-02 5.616529655531812826e-02 2.962041598635472076e-02 6.405208066963366184e-03 -2.479285139011301944e-02 -4.797193709793486777e-02
6.277142179156275370e-02 9.548507025762667522e-02 1.076615002792518372e-01 9.145597419603689049e-02 1.267645556762827808e-01 1.417899339936707637e-01 1.358892282977705590e-01 9.641404738966896648e-02 6.316206311358510406e-02 4.401127549681205231e-02 5.751620026993281565e-03 -2.923593773558870110e-02
4.321627296553995357e-02 7.933945640191401860e-02 9.820772451224051014e-02 9.267805404485060516e-02 1.417899339936707637e-01 1.796496226989174883e-01 1.844928631371738348e-01 1.326197793345164633e-01 9.171096804801073810e-02 7.708860553496059420e-02 3.749659485199129116e-02 -5.261473543480115964e-03
1.637860713562090675e-02 5.639131239107727372e-02 8.146600777988596831e-02 8.383970485965142050e-02 1.358892282977705590e-01 1.844928631371738348e-01 2.204220236462497429e-01 1.657364641519131210e-01 1.193360618542807505e-01 1.097271741122408384e-01 7.120450890196600158e-02 2.397957109179426824e-02
-1.475774819444440611e-02 1.961428145663331180e-02 4.669565611194126387e-02 5.616529655531812826e-02 9.641404738966896648e-02 1.326197793345164633e-01 1.657364641519131210e-01 1.449365692342006740e-01 1.176724400477759946e-01 1.216123877558175637e-01 9.069490268423942292e-02 4.782279525035906809e-02
-4.726956706219172244e-02 -1.943328905997053491e-02 9.950665695686039189e-03 2.962041598635472076e-02 6.316206311358510406e-02 9.171096804801073810e-02 1.193360618542807505e-01 1.176724400477759946e-01 1.170450486151282943e-01 1.431182733050261335e-01 1.192745633010001138e-01 7.516944423683771803e-02
-9.776407492158492585e-02 -6.978832593038422627e-02 -3.128776302214660715e-02 6.405208066963366184e-03 4.401127549681205231e-02 7.708860553496059420e-02 1.097271741122408384e-01 1.216123877558175637e-01 1.431182733050261335e-01 2.103544276464588969e-01 1.920470274082638484e-01 1.303219117857409848e-01
-1.311432206626839403e-01 -1.092540971490108259e-01 -7.153256900353051340e-02 -2.479285139011301944e-02 5.751620026993281565e-03 3.749659485199129116e-02 7.120450890196600158e-02 9.069490268423942292e-02 1.192745633010001138e-01 1.920470274082638484e-01 2.101929561070086661e-01 1.575833183759010048e-01
-1.406886550556967208e-01 -1.309860688697609687e-01 -9.630357941930493826e-02 -4.797193709793486777e-02 -2.923593773558870110e-02 -5.261473543480115964e-03 2.397957109179426824e-02 4.782279525035906809e-02 7.516944423683771803e-02 1.303219117857409848e-01 1.575833183759010048e-01 1.445361059602411347e-01
7.331384281653255397e-02 7.785745781088537765e-02 8.074597021152533916e-02 8.232597152866980017e-02 6.181998119897236937e-02 4.059599331953329948e-02 1.854018211543727226e-03 -3.752652238670389773e-02 -7.226591878397053970e-02 -8.162455668554483013e-02 -8.464748855804493655e-02 -9.772326779256665374e-02
7.785745781088537765e-02 9.489188877052404103e-02 1.093778916535259049e-01 1.197419589287270214e-01 9.456421102660288180e-02 7.417929037508490253e-02 3.249357123319485813e-02 -1.368890984350478249e-02 -5.382173061423296823e-02 -6.866355662861912956e-02 -7.625929884003401771e-02 -9.370280598793995219e-02
8.074597021152533916e-02 1.093778916535259049e-01 1.414087386702195248e-01 1.659892670735529374e-01 1.334484198448741554e-01 1.104719927630054693e-01 6.515767573265027202e-02 1.295878726406731601e-02 -3.252343054563379410e-02 -5.468304942694877241e-02 -6.736089443889146933e-02 -8.860542367303259059e-02
8.232597152866980017e-02 1.197419589287270214e-01 1.659892670735529374e-01 2.180124717958250302e-01 1.825273531297375573e-01 1.557376890037231176e-01 1.034606863241364499e-01 4.473704164387094784e-02 -5.370982013360814031e-03 -3.772713186764998367e-02 -5.783858513391837430e-02 -8.349041494801980046e-02
6.181998119897236937e-02 9.456421102660288180e-02 1.334484198448741554e-01 1.825273531297375573e-01 1.849338217527130290e-01 1.788965836059317471e-01 1.296605539112478389e-01 7.459112206911407139e-02 3.286214010835780686e-02 -4.014916337912958350e-03 -3.055349128612267623e-02 -5.654313861412789410e-02
4.059599331953329948e-02 7.417929037508490253e-02 1.104719927630054693e-01 1.557376890037231176e-01 1.788965836059317471e-01 2.162679254117562122e-01 1.761350512042574867e-01 1.210828814936499298e-01 8.532139085306354731e-02 4.121062555174769687e-02 5.254340339744182145e-03 -2.349753543454084423e-02
1.854018211543727226e-03 3.249357123319485813e-02 6.515767573265027202e-02 1.034606863241364499e-01 1.296605539112478389e-01 1.761350512042574867e-01 1.790341179293404306e-01 1.518230876404277063e-01 1.356545157135532753e-01 9.023160089951562379e-02 5.178426803442915533e-02 2.819755952885378419e-02
-3.752652238670389773e-02 -1.368890984350478249e-02 1.295878726406731601e-02 4.473704164387094784e-02 7.459112206911407139e-02 1.210828814936499298e-01 1.518230876404277063e-01 1.737820289401124096e-01 1.911825711176533826e-01 1.389856660797373356e-01 9.473115885041091810e-02 7.678119943705200012e-02
-7.226591878397053970e-02 -5.382173061423296823e-02 -3.252343054563379410e-02 -5.370982013360814031e-03 3.286214010835780686e-02 8.532139085306354731e-02 1.356545157135532753e-01 1.911825711176533826e-01 2.642386943569504654e-01 2.002803793619536143e-01 1.399759921042695310e-01 1.216270523624699562e-01
-8.162455668554483013e-02 -6.866355662861912956e-02 -5.468304942694877241e-02 -3.772713186764998367e-02 -4.014916337912958350e-03 4.121062555174769687e-02 9.023160089951562379e-02 1.389856660797373356e-01 2.002803793619536143e-01 1.840342913605650943e-01 1.414665767739086144e-01 1.302245139040300315e-01
-8.464748855804493655e-02 -7.625929884003401771e-02 -6.736089443889146933e-02 -5.783858513391837430e-02 -3.055349128612267623e-02 5.254340339744182145e-03 5.178426803442915533e-02 9.473115885041091810e-02 1.399759921042695310e-01 1.414665767739086144e-01 1.282600608866052982e-01 1.290089847200921458e-01
-9.772326779256665374e-02 -9.370280598793995219e-02 -8.860542367303259059e-02 -8.349041494801980046e-02 -5.654313861412789410e-02 -2.349753543454084423e-02 2.819755952885378419e-02 7.678119943705200012e-02 1.216270523624699562e-01 1.302245139040300315e-01 1.290089847200921458e-01 1.418221173088571319e-01
3.422247386272375680e-01 1.633656270467573890e-01 1.112810317610335165e-01 6.281325551517603911e-02 5.001943814151313394e-02 7.361015511125798549e-02 5.028714225121846959e-02 2.000606492710716236e-02 -3.289754676974295661e-02 -1.097754395107947839e-01 -1.723435571153352774e-01 -2.380186615247627258e-01
1.633656270467573890e-01 8.673244831121047771e-02 6.488080747798422032e-02 3.999180410905996130e-02 3.642382905740888799e-02 5.961226851153548362e-02 4.563404826891288152e-02 2.880437566287381498e-02 -1.539318811632453760e-03 -4.827047117969989615e-02 -8.831572059997615243e-02 -1.206249998538840990e-01
1.112810317610335165e-01 6.488080747798422032e-02 5.481347360599851670e-02 3.777340403530933532e-02 3.986839411378061138e-02 7.194912038254935860e-02 5.875595158773496557e-02 4.446201700700419535e-02 1.956681950137550974e-02 -2.123807900265119175e-02 -5.978812001793400166e-02 -8.569820260659512245e-02
6.281325551517603911e-02 3.999180410905996130e-02 3.777340403530933532e-02 2.980575078027861147e-02 3.693262321645553875e-02 7.322974565528068969e-02 6.110458020379935101e-02 4.890673051172870350e-02 3.201527320864525072e-02 3.785076885007496172e-03 -2.655729850091297431e-02 -4.673418204776808027e-02
5.001943814151313394e-02 3.642382905740888799e-02 3.986839411378061138e-02 3.693262321645553875e-02 5.413581970144745736e-02 1.169223458353547684e-01 9.674591787296635270e-02 7.681269122401059024e-02 5.845112684364171807e-02 2.960769895591592107e-02 -6.593388464168969260e-03 -3.210092446702692698e-02
7.361015511125798549e-02 5.961226851153548362e-02 7.194912038254935860e-02 7.322974565528068969e-02 1.169223458353547684e-01 2.663321546260047357e-01 2.168598882226365210e-01 1.665661703780000613e-01 1.306234696891536706e-01 8.037352982732237638e-02 1.169275844317811675e-02 -3.902118768119292036e-02
5.028714225121846959e-02 4.563404826891288152e-02 5.875595158773496557e-02 6.110458020379935101e-02 9.674591787296635270e-02 2.168598882226365210e-01 2.080015012812706510e-01 1.745581050021443315e-01 1.419770345122063349e-01 9.554835243418274837e-02 3.228426596478237848e-02 -1.567796224543582806e-02
2.000606492710716236e-02 2.880437566287381498e-02 4.446201700700419535e-02 4.890673051172870350e-02 7.681269122401059024e-02 1.665661703780000613e-01 1.745581050021443315e-01 1.833023636289610736e-01 1.648552857266498695e-01 1.230907840904248290e-01 6.170382520930403625e-02 1.475473183941787905e-02
-3.289754676974295661e-02 -1.539318811632453760e-03 1.956681950137550974e-02 3.201527320864525072e-02 5.845112684364171807e-02 1.306234696891536706e-01 1.419770345122063349e-01 1.648552857266498695e-01 1.762734283478818442e-01 1.563078873950533021e-01 1.051331148977814878e-01 6.273824987037089629e-02
-1.097754395107947839e-01 -4.827047117969989615e-02 -2.123807900265119175e-02 3.785076885007496172e-03 2.960769895591592107e-02 8.037352982732237638e-02 9.554835243418274837e-02 1.230907840904248290e-01 1.563078873950533021e-01 1.843096330052907961e-01 1.625756247832898238e-01 1.315358043288031298e-01
-1.723435571153352774e-01 -8.831572059997615243e-02 -5.978812001793400166e-02 -2.655729850091297431e-02 -6.593388464168969260e-03 1.169275844317811675e-02 3.228426596478237848e-02 6.170382520930403625e-02 1.051331148977814878e-01 1.625756247832898238e-01 1.906174781023098341e-01 1.842842608808253901e-01
-2.380186615247627258e-01 -1.206249998538840990e-01 -8.569820260659512245e-02 -4.673418204776808027e-02 -3.210092446702692698e-02 -3.902118768119292036e-02 -1.567796224543582806e-02 1.475473183941787905e-02 6.273824987037089629e-02 1.315358043288031298e-01 1.842842608808253901e-01 2.234512099821079623e-01
1.873760895440090835e-01 1.142263544038682188e-01 1.158519702613254598e-01 1.064377278102608404e-01 6.252947240360394454e-02 1.130172621532733387e-02 -4.101066248459052377e-02 -7.093133262693468444e-02 -9.598041682333785518e-02 -1.031167334214979775e-01 -1.314951287096445542e-01 -1.536038880833383302e-01
1.142263544038682188e-01 7.979910370878294523e-02 9.696345587428575885e-02 1.026430365782729226e-01 7.087706787988579116e-02 3.567698904147377503e-02 -1.909242206800772050e-03 -3.070354732792988234e-02 -5.198598507810187064e-02 -5.920416663355014542e-02 -7.653911205846955501e-02 -9.047406298684036730e-02
1.158519702613254598e-01 9.696345587428575885e-02 1.482603669783460476e-01 1.801180031368148082e-01 1.359249794025284563e-01 9.089838869940840282e-02 4.397362344164795767e-02 -3.688014777828320292e-03 -3.661657388584603490e-02 -5.136028576573797855e-02 -7.090706282793735049e-02 -8.672329341958874560e-02
1.064377278102608404e-01 1.026430365782729226e-01 1.801180031368148082e-01 2.570402991623031430e-01 2.073741362678674927e-01 1.523910156453471831e-01 9.996012036619619789e-02 3.751126436191613844e-02 -4.378124287452106120e-03 -2.996992079678926710e-02 -5.390583766291317386e-02 -7.364108693228045566e-02
6.252947240360394454e-02 7.087706787988579116e-02 1.359249794025284563e-01 2.073741362678674927e-01 2.173581077033186204e-01 1.881209128965952160e-01 1.441365429646697671e-01 8.159783147850872831e-02 4.413776813864121740e-02 1.289361796263242474e-02 -1.082814892588343861e-02 -3.333900969666518666e-02
1.130172621532733387e-02 3.567698904147377503e-02 9.089838869940840282e-02 1.523910156453471831e-01 1.881209128965952160e-01 2.146329385604330287e-01 1.919591813231580901e-01 1.261401650618664272e-01 9.093786821632307560e-02 5.554402256414206485e-02 3.495335187584730496e-02 1.236158056856659707e-02
-4.101066248459052377e-02 -1.909242206800772050e-03 4.397362344164795767e-02 9.996012036619619789e-02 1.441365429646697671e-01 1.919591813231580901e-01 2.179896064264937872e-01 1.630509798414563616e-01 1.325006426888976907e-01 9.294004677806336212e-02 7.560217686046458163e-02 5.556112380751295626e-02
-7.093133262693468444e-02 -3.070354732792988234e-02 -3.688014777828320292e-03 3.751126436191613844e-02 8.159783147850872831e-02 1.261401650618664272e-01 1.630509798414563616e-01 1.516362781087490230e-01 1.414180421304133406e-01 1.069061521192853359e-01 9.342622020351257217e-02 7.669007121893078871e-02
-9.598041682333785518e-02 -5.198598507810187064e-02 -3.661657388584603490e-02 -4.378124287452106120e-03 4.413776813864121740e-02 9.093786821632307560e-02 1.325006426888976907e-01 1.414180421304133406e-01 1.524498629500866398e-01 1.236313568039948407e-01 1.136645934358414406e-01 9.741407741366026052e-02
-1.031167334214979775e-01 -5.920416663355014542e-02 -5.136028576573797855e-02 -2.996992079678926710e-02 1.289361796263242474e-02 5.554402256414206485e-02 9.294004677806336212e-02 1.069061521192853359e-01 1.236313568039948407e-01 1.113501909892575525e-01 1.113999124715378541e-01 1.009517423894171761e-01
-1.314951287096445542e-01 -7.653911205846955501e-02 -7.090706282793735049e-02 -5.390583766291317386e-02 -1.082814892588343861e-02 3.495335187584730496e-02 7.560217686046458163e-02 9.342622020351257217e-02 1.136645934358414406e-01 1.113999124715378541e-01 1.260950935067429723e-01 1.236464961487894337e-01
-1.536038880833383302e-01 -9.047406298684036730e-02 -8.672329341958874560e-02 -7.364108693228045566e-02 -3.333900969666518666e-02 1.236158056856659707e-02 5.556112380751295626e-02 7.669007121893078871e-02 9.741407741366026052e-02 1.009517423894171761e-01 1.236464961487894337e-01 1.360120623614776703e-01
2.701810259510556422e-01 1.852630196193697787e-01 1.069585169354705795e-01 7.747248246333460209e-02 7.669475998185862342e-02 3.547813920751557298e-02 -2.402431340640638971e-03 -4.850765943467363894e-02 -8.658692529190313569e-02 -1.143903299473221225e-01 -1.505934359995592386e-01 -1.880760071215430984e-01
1.852630196193697787e-01 1.402861844012280312e-01 8.675884226480706785e-02 7.020565796407794712e-02 7.950169115295244171e-02 4.637778711120665170e-02 1.909647568375252152e-02 -2.082599919845758499e-02 -5.627317996423202018e-02 -8.152004773209131638e-02 -1.085834195691429971e-01 -1.313118102448914692e-01
1.069585169354705795e-01 8.675884226480706785e-02 6.269277856220790979e-02 6.299728456700283419e-02 8.659537131176966995e-02 6.045231729078827387e-02 4.299583442912608550e-02 1.085786916352251066e-02 -2.120375781043446622e-02 -4.492237460564318940e-02 -6.554758909395742850e-02 -7.825203300304256482e-02
7.747248246333460209e-02 7.020565796407794712e-02 6.299728456700283419e-02 8.303477434096605270e-02 1.358888931721189408e-01 1.046838358898146970e-01 8.858217837753487589e-02 5.251585647970545556e-02 1.231581609799801622e-02 -1.933173009386397051e-02 -4.302034998421550016e-02 -5.592166393665228691e-02
7.669475998185862342e-02 7.950169115295244171e-02 8.659537131176966995e-02 1.358888931721189408e-01 2.487297908592256690e-01 1.993118129403154137e-01 1.756805419616094821e-01 1.212957976188009934e-01 5.857971389048813315e-02 7.196911866490912288e-03 -2.897395507193781250e-02 -5.037615339809867893e-02
3.547813920751557298e-02 4.637778711120665170e-02 6.045231729078827387e-02 1.046838358898146970e-01 1.993118129403154137e-01 1.948292286266783135e-01 1.994386009475592192e-01 1.445946033169266953e-01 8.396472897882582831e-02 3.750954073445274262e-02 7.520666250249096255e-03 -1.409026678775151045e-02
-2.402431340640638971e-03 1.909647568375252152e-02 4.299583442912608550e-02 8.858217837753487589e-02 1.756805419616094821e-01 1.994386009475592192e-01 2.662753532549566038e-01 2.031919007016456946e-01 1.276726124828826414e-01 7.507301745921211855e-02 4.586904865751001426e-02 2.130833244857647385e-02
-4.850765943467363894e-02 -2.082599919845758499e-02 1.085786916352251066e-02 5.251585647970545556e-02 1.212957976188009934e-01 1.445946033169266953e-01 2.031919007016456946e-01 1.893221761372204104e-01 1.380162211941187711e-01 9.854802079737719211e-02 7.922923019462749239e-02 5.795185026809166612e-02
-8.658692529190313569e-02 -5.627317996423202018e-02 -2.120375781043446622e-02 1.231581609799801622e-02 5.857971389048813315e-02 8.396472897882582831e-02 1.276726124828826414e-01 1.380162211941187711e-01 1.275094477395439241e-01 1.110586658349377309e-01 1.051926557477344815e-01 8.805988301563574816e-02
-1.143903299473221225e-01 -8.152004773209131638e-02 -4.492237460564318940e-02 -1.933173009386397051e-02 7.196911866490912288e-03 3.750954073445274262e-02 7.507301745921211855e-02 9.854802079737719211e-02 1.110586658349377309e-01 1.160083489734723694e-01 1.231248081059621857e-01 1.104550930870800002e-01
-1.505934359995592386e-01 -1.085834195691429971e-01 -6.554758909395742850e-02 -4.302034998421550016e-02 -2.897395507193781250e-02 7.520666250249096255e-03 4.586904865751001426e-02 7.922923019462749239e-02 1.051926557477344815e-01 1.231248081059621857e-01 1.447537241387516493e-01 1.392623910095542039e-01
-1.880760071215430984e-01 -1.313118102448914692e-01 -7.825203300304256482e-02 -5.592166393665228691e-02 -5.037615339809867893e-02 -1.409026678775151045e-02 2.130833244857647385e-02 5.795185026809166612e-02 8.805988301563574816e-02 1.104550930870800002e-01 1.392623910095542039e-01 1.563771670146930637e-01
1.796347580868935534e-01 1.859284497459227081e-01 9.305544148200940724e-02 1.060809733795336496e-01 6.628227952877567553e-02 4.003211841591085285e-02 9.605934118476069233e-03 -2.381500649446255391e-02 -6.116694873790525649e-02 -8.555047931686682317e-02 -1.143970879972328880e-01 -1.846290921756143233e-01
1.859284497459227081e-01 2.253585180017967926e-01 1.151280202669029140e-01 1.360927139109627260e-01 9.038974971496543942e-02 6.587555305487918789e-02 3.658747325463744537e-02 -9.472763960737934884e-04 -4.364120277365764189e-02 -7.517462990440745840e-02 -1.064296936551261952e-01 -1.733771544945592602e-01
9.305544148200940724e-02 1.151280202669029140e-01 6.763929745438532204e-02 9.375019718470814500e-02 6.920876268535366971e-02 5.967768024001578187e-02 4.526155342567114714e-02 2.339607731016466602e-02 -1.417981189338898308e-03 -2.656263005066239469e-02 -4.983710177343740610e-02 -8.696199995180071973e-02
1.060809733795336496e-01 1.360927139109627260e-01 9.375019718470814500e-02 1.540635517412588529e-01 1.250577279290414345e-01 1.213013277991619732e-01 1.058214334145920477e-01 7.505007946410059694e-02 4.158152919256558749e-02 -4.708615300044804303e-03 -4.664274465279633075e-02 -9.691992250456155089e-02
6.628227952877567553e-02 9.038974971496543942e-02 6.920876268535366971e-02 1.250577279290414345e-01 1.153050407761537777e-01 1.278239627620813001e-01 1.227534312218255402e-01 9.515315344511462992e-02 6.865041101374382004e-02 2.496313086854516985e-02 -1.484276797378266191e-02 -5.397782932495578945e-02
4.003211841591085285e-02 6.587555305487918789e-02 5.967768024001578187e-02 1.213013277991619732e-01 1.278239627620813001e-01 1.691612527500030438e-01 1.797191814000774213e-01 1.452251081627911333e-01 1.157357163406296519e-01 6.373692940051484124e-02 1.726526798661564416e-02 -1.871625395121074772e-02
9.605934118476069233e-03 3.658747325463744537e-02 4.526155342567114714e-02 1.058214334145920477e-01 1.227534312218255402e-01 1.797191814000774213e-01 2.235793846785603112e-01 1.916506721934068680e-01 1.581498864139370131e-01 9.813193083225295321e-02 4.833808488584276364e-02 1.961608367695643826e-02
-2.381500649446255391e-02 -9.472763960737934884e-04 2.339607731016466602e-02 7.505007946410059694e-02 9.515315344511462992e-02 1.452251081627911333e-01 1.916506721934068680e-01 2.024568685843772253e-01 1.847602970292376856e-01 1.217455317325433495e-01 7.249289683460810596e-02 5.461968782640540254e-02
-6.116694873790525649e-02 -4.364120277365764189e-02 -1.417981189338898308e-03 4.158152919256558749e-02 6.865041101374382004e-02 1.157357163406296519e-01 1.581498864139370131e-01 1.847602970292376856e-01 2.033680317744857025e-01 1.463898561563397038e-01 9.992964675491314286e-02 9.415295419201642757e-02
-8.555047931686682317e-02 -7.517462990440745840e-02 -2.656263005066239469e-02 -4.708615300044804303e-03 2.496313086854516985e-02 6.373692940051484124e-02 9.813193083225295321e-02 1.217455317325433495e-01 1.463898561563397038e-01 1.245283003895105295e-01 1.023775104460959151e-01 1.156987291934823414e-01
-1.143970879972328880e-01 -1.064296936551261952e-01 -4.983710177343740610e-02 -4.664274465279633075e-02 -1.484276797378266191e-02 1.726526798661564416e-02 4.833808488584276364e-02 7.249289683460810596e-02 9.992964675491314286e-02 1.023775104460959151e-01 1.080007280339553427e-01 1.456314267848384525e-01
-1.846290921756143233e-01 -1.733771544945592602e-01 -8.696199995180071973e-02 -9.691992250456155089e-02 -5.397782932495578945e-02 -1.871625395121074772e-02 1.961608367695643826e-02 5.461968782640540254e-02 9.415295419201642757e-02 1.156987291934823414e-01 1.456314267848384525e-01 2.269042677286191578e-01
1.060737040581723467e-01 1.007644526479236913e-01 1.139059740996881120e-01 8.922652527499257136e-02 7.390906857871856750e-02 4.768228212077237071e-02 1.225259005631312501e-02 -2.742972814470007181e-02 -7.009202752277265969e-02 -8.591938314199298876e-02 -1.160914190728033618e-01 -1.089857740786026596e-01
1.007644526479236913e-01 1.149604943791083522e-01 1.461022156296900021e-01 1.188870855646865926e-01 1.025834607071038906e-01 7.732282999364092912e-02 4.401593146997256900e-02 6.220212465312278428e-03 -3.152256837542694035e-02 -5.293160204359882715e-02 -8.145327700618887334e-02 -8.775847399712979890e-02
1.139059740996881120e-01 1.461022156296900021e-01 2.076332964751019805e-01 1.747381533604447923e-01 1.523993339298426175e-01 1.199140304514515615e-01 8.101582358727432709e-02 3.830049619296128915e-02 -1.308730278704405177e-03 -3.400172429226260007e-02 -6.889226392347919115e-02 -8.685277117776574185e-02
8.922652527499257136e-02 1.188870855646865926e-01 1.747381533604447923e-01 1.700438875933444616e-01 1.628116117474628644e-01 1.323550917245765735e-01 9.438498768442367404e-02 5.642739695693664570e-02 2.623287247660516935e-02 -7.771146399260062121e-03 -4.055990730602630073e-02 -6.247879939098727187e-02
7.390906857871856750e-02 1.025834607071038906e-01 1.523993339298426175e-01 1.628116117474628644e-01 1.866882929903392885e-01 1.625010653541190397e-01 1.213769569174960594e-01 8.206822941444605335e-02 5.705536637744412776e-02 1.907468531365870412e-02 -1.448199598998314505e-02 -4.394562696448425787e-02
4.768228212077237071e-02 7.732282999364092912e-02 1.199140304514515615e-01 1.323550917245765735e-01 1.625010653541190397e-01 1.609748032525690209e-01 1.319572761864225563e-01 1.014879492151382068e-01 8.727141494254826715e-02 4.934498778326133761e-02 2.087428875043245008e-02 -1.432419529432240463e-02
1.225259005631312501e-02 4.401593146997256900e-02 8.101582358727432709e-02 9.438498768442367404e-02 1.213769569174960594e-01 1.319572761864225563e-01 1.281196477355911190e-01 1.186288163783233984e-01 1.229780839035918977e-01 8.385422956131566297e-02 6.167810002804156866e-02 2.304956968905948547e-02
-2.742972814470007181e-02 6.220212465312278428e-03 3.830049619296128915e-02 5.642739695693664570e-02 8.206822941444605335e-02 1.014879492151382068e-01 1.186288163783233984e-01 1.407929953974851045e-01 1.736848951056806367e-01 1.269919818794077171e-01 1.063520724032859521e-01 6.370694444954572155e-02
-7.009202752277265969e-02 -3.152256837542694035e-02 -1.308730278704405177e-03 2.623287247660516935e-02 5.705536637744412776e-02 8.727141494254826715e-02 1.229780839035918977e-01 1.736848951056806367e-01 2.537615207724944200e-01 1.929758015574259966e-01 1.668106955534857938e-01 1.119201096755711999e-01
-8.591938314199298876e-02 -5.293160204359882715e-02 -3.400172429226260007e-02 -7.771146399260062121e-03 1.907468531365870412e-02 4.934498778326133761e-02 8.385422956131566297e-02 1.269919818794077171e-01 1.929758015574259966e-01 1.815236154773839372e-01 1.790819704230103282e-01 1.252177299041067338e-01
-1.160914190728033618e-01 -8.145327700618887334e-02 -6.889226392347919115e-02 -4.055990730602630073e-02 -1.448199598998314505e-02 2.087428875043245008e-02 6.167810002804156866e-02 1.063520724032859521e-01 1.668106955534857938e-01 1.790819704230103282e-01 2.159301716224665824e-01 1.595296367383963743e-01
-1.089857740786026596e-01 -8.775847399712979890e-02 -8.685277117776574185e-02 -6.247879939098727187e-02 -4.394562696448425787e-02 -1.432419529432240463e-02 2.304956968905948547e-02 6.370694444954572155e-02 1.119201096755711999e-01 1.252177299041067338e-01 1.595296367383963743e-01 1.334975702459426095e-01
1.484660880274283612e-01 1.440951812485500305e-01 1.297711152142176638e-01 1.097481091398097575e-01 5.829967525930609962e-02 2.439926044443417597e-02 -1.007738984555044820e-02 -3.729876383940493312e-02 -5.894585058577639369e-02 -7.517150373453634904e-02 -1.258616644061174572e-01 -1.439864658182574697e-01
1.440951812485500305e-01 1.620921689524220666e-01 1.584693731225091939e-01 1.393115842906983426e-01 8.021703042666163130e-02 4.889699389719613654e-02 1.845294283562493379e-02 -1.396343622644704262e-02 -4.048194575913147131e-02 -6.118255445381112073e-02 -1.082847911008209957e-01 -1.287903881315368704e-01
1.297711152142176638e-01 1.584693731225091939e-01 1.811304976422484503e-01 1.725394680506237011e-01 1.058684887386861506e-01 7.746903788583413275e-02 5.268478346229429898e-02 1.655381219584107708e-02 -1.585196380528226465e-02 -4.432298964278890557e-02 -9.008378833680455444e-02 -1.113884670947409006e-01
1.097481091398097575e-01 1.393115842906983426e-01 1.725394680506237011e-01 1.899838553563673038e-01 1.292241731184397280e-01 1.117550364590716855e-01 9.679413783529147719e-02 5.783675248276462511e-02 1.981964522458629432e-02 -1.940592049631932950e-02 -6.515074915036786485e-02 -9.014665566792051665e-02
5.829967525930609962e-02 8.021703042666163130e-02 1.058684887386861506e-01 1.292241731184397280e-01 1.086441157180857292e-01 1.189935281766999753e-01 1.240775057698147443e-01 8.850236524292541540e-02 5.472567084750546568e-02 1.606755347595967276e-02 -1.511307009629943993e-02 -3.942110918190228075e-02
2.439926044443417597e-02 4.889699389719613654e-02 7.746903788583413275e-02 1.117550364590716855e-01 1.189935281766999753e-01 1.681459932505265376e-01 2.026045187822388127e-01 1.500678602276435125e-01 1.057844936529112601e-01 5.621194238200891147e-02 3.157259781185739467e-02 1.182064542451355133e-03
-1.007738984555044820e-02 1.845294283562493379e-02 5.268478346229429898e-02 9.679413783529147719e-02 1.240775057698147443e-01 2.026045187822388127e-01 2.953603402045700266e-01 2.194336056777149435e-01 1.560405753128228379e-01 9.348077303122162562e-02 7.522447863462139450e-02 4.112142190438961009e-02
-3.729876383940493312e-02 -1.396343622644704262e-02 1.655381219584107708e-02 5.783675248276462511e-02 8.850236524292541540e-02 1.500678602276435125e-01 2.194336056777149435e-01 2.058304597368544875e-01 1.591402921318535724e-01 1.018400423701280866e-01 9.257186704088564422e-02 6.379045479809854202e-02
-5.894585058577639369e-02 -4.048194575913147131e-02 -1.585196380528226465e-02 1.981964522458629432e-02 5.472567084750546568e-02 1.057844936529112601e-01 1.560405753128228379e-01 1.591402921318535724e-01 1.420986119263243364e-01 1.011197283575732686e-01 1.044060361100560275e-01 8.182516995659303016e-02
-7.517150373453634904e-02 -6.118255445381112073e-02 -4.432298964278890557e-02 -1.940592049631932950e-02 1.606755347595967276e-02 5.621194238200891147e-02 9.348077303122162562e-02 1.018400423701280866e-01 1.011197283575732686e-01 8.607058810409820571e-02 1.058371991799007539e-01 9.349979480483257277e-02
-1.258616644061174572e-01 -1.082847911008209957e-01 -9.008378833680455444e-02 -6.515074915036786485e-02 -1.511307009629943993e-02 3.157259781185739467e-02 7.522447863462139450e-02 9.257186704088564422e-02 1.044060361100560275e-01 1.058371991799007539e-01 1.536231459227095919e-01 1.481018910926695520e-01
-1.439864658182574697e-01 -1.287903881315368704e-01 -1.113884670947409006e-01 -9.014665566792051665e-02 -3.942110918190228075e-02 1.182064542451355133e-03 4.112142190438961009e-02 6.379045479809854202e-02 8.182516995659303016e-02 9.349979480483257277e-02 1.481018910926695520e-01 1.585541351583641401e-01
1.234213428400402490e-01 1.510946122296957239e-01 1.102629133853370580e-01 6.463814258390196410e-02 2.781974242171747144e-02 -2.714121569951276607e-03 -2.426198401756370776e-02 -3.599105248943556407e-02 -4.794976316088205015e-02 -7.017852136969082721e-02 -1.301483978259451724e-01 -1.533849952013542350e-01
1.510946122296957239e-01 2.362724283645147860e-01 1.959458795300729472e-01 1.373561957333709893e-01 9.057778031053179135e-02 5.400010138819543587e-02 1.727383432719637596e-02 -9.429581612579561109e-03 -3.137556147329077089e-02 -5.853733467165769117e-02 -1.158520273895271013e-01 -1.479480769571241416e-01
1.102629133853370580e-01 1.959458795300729472e-01 2.089754982340390477e-01 1.755766758242321979e-01 1.359846915833751724e-01 1.053136514362558451e-01 6.645478936722432062e-02 3.323188673123941839e-02 7.209264546321928618e-03 -1.840627650452981295e-02 -5.762991519626407128e-02 -9.068788179491091284e-02
6.463814258390196410e-02 1.373561957333709893e-01 1.755766758242321979e-01 1.911926767672006422e-01 1.706689180415480178e-01 1.459034966788886611e-01 1.040549132337942745e-01 6.681574826577907356e-02 3.991818910507170803e-02 1.887219788139378462e-02 4.676572803970365476e-05 -3.286203581564327292e-02
2.781974242171747144e-02 9.057778031053179135e-02 1.359846915833751724e-01 1.706689180415480178e-01 1.874409311283262713e-01 1.799230011089630321e-01 1.335360971832997290e-01 9.016761485593434433e-02 6.167122494405704453e-02 4.445923659625607149e-02 4.209106840130313887e-02 1.307227495295524948e-02
-2.714121569951276607e-03 5.400010138819543587e-02 1.053136514362558451e-01 1.459034966788886611e-01 1.799230011089630321e-01 2.097601351560839378e-01 1.646845170738389652e-01 1.137739024368079332e-01 8.131007299551547274e-02 6.517665998547951534e-02 7.448232041918964597e-02 5.018555509101223222e-02
-2.426198401756370776e-02 1.727383432719637596e-02 6.645478936722432062e-02 1.040549132337942745e-01 1.335360971832997290e-01 1.646845170738389652e-01 1.448090168569033387e-01 1.057923340693149167e-01 7.962023443616593477e-02 6.840344045389259997e-02 8.468137178453090386e-02 6.721327383138167577e-02
-3.599105248943556407e-02 -9.429581612579561109e-03 3.323188673123941839e-02 6.681574826577907356e-02 9.016761485593434433e-02 1.137739024368079332e-01 1.057923340693149167e-01 8.372719191109743997e-02 6.768871571877482785e-02 6.315218724913848614e-02 8.437481904412670597e-02 7.242960149055516217e-02
-4.794976316088205015e-02 -3.137556147329077089e-02 7.209264546321928618e-03 3.991818910507170803e-02 6.167122494405704453e-02 8.131007299551547274e-02 7.962023443616593477e-02 6.768871571877482785e-02 6.047657499793749475e-02 6.316341219683921371e-02 9.282463328159643035e-02 8.397370786464281034e-02
-7.017852136969082721e-02 -5.853733467165769117e-02 -1.840627650452981295e-02 1.887219788139378462e-02 4.445923659625607149e-02 6.517665998547951534e-02 6.840344045389259997e-02 6.315218724913848614e-02 6.316341219683921371e-02 7.663130210496742201e-02 1.260321221047341900e-01 1.178211249741829975e-01
-1.301483978259451724e-01 -1.158520273895271013e-01 -5.762991519626407128e-02 4.676572803970365476e-05 4.209106840130313887e-02 7.448232041918964597e-02 8.468137178453090386e-02 8.437481904412670597e-02 9.282463328159643035e-02 1.260321221047341900e-01 2.305246061235377564e-01 2.204990057045327356e-01
